0.0 193.19 130.48 244.45
416.64 205.75 461.13 212.2
409.83 197.23 431.31 202.03
244.27 190.17 310.23 222.2
229.11 169.15 321.3 209.2
440.51 209.16 514.98 214.09
462.13 206.2 511.37 210.46
442.29 203.38 458.42 207.08
703.51 175.97 724.7 184.07
701.45 152.97 721.39 193.4
697.67 177.95 705.52 196.22
713.83 187.11 734.24 197.01
708.34 187.82 713.28 193.49
0.0 135.08 81.37 238.83
766.39 152.6 788.19 170.7
338.71 152.35 376.36 198.6
183.93 188.11 254.1 214.08
299.02 155.45 360.99 204.51
1121.73 108.91 1242.0 277.58
250.15 149.17 335.83 208.28
733.56 150.62 773.43 199.81
109.94 161.27 168.42 219.16
843.0 145.74 975.53 186.13
778.94 150.08 861.83 183.07
