917.78 139.36 1012.48 311.94
963.03 207.29 1048.35 278.91
1240.03 181.58 1242.0 256.66
1225.09 214.83 1242.0 247.82
1203.58 118.3 1242.0 248.79
1205.49 131.31 1242.0 195.49
1234.84 154.66 1242.0 195.44
1234.24 177.95 1242.0 195.44
1161.66 130.62 1206.55 232.64
1138.81 118.5 1242.0 255.5
1125.58 213.78 1242.0 375.0
1125.41 234.77 1242.0 361.69
211.92 130.96 538.09 255.06
867.25 225.18 896.45 254.2
862.95 207.16 933.79 278.26
917.94 220.37 945.58 266.23
1200.39 210.79 1242.0 332.94
909.37 230.85 945.64 258.31
0.0 174.52 2.19 235.54
0.0 185.23 18.72 233.32
853.01 184.22 877.45 207.96
83.93 214.05 136.6 246.48
979.05 241.35 1059.34 370.81
1101.09 133.32 1154.56 265.66
838.76 215.75 872.79 239.64
851.18 211.99 869.95 217.42
0.0 172.02 95.25 246.58
