822.88 157.7 855.18 241.66
836.0 162.67 868.77 236.87
461.96 172.14 525.04 219.61
0.0 192.86 239.19 375.0
301.1 185.76 329.59 238.1
621.8 167.07 674.51 188.59
649.18 174.99 665.84 201.96
682.06 153.19 689.27 183.57
459.76 176.41 467.96 203.82
456.41 150.97 461.69 199.57
460.61 166.31 467.86 175.32
777.28 194.65 860.97 260.89
517.09 172.7 535.04 203.54
485.91 155.98 490.45 173.85
490.37 154.6 494.11 172.46
522.3 151.74 549.86 192.76
511.19 150.22 524.16 176.19
542.83 152.39 554.63 160.77
657.94 152.77 664.47 161.41
805.57 204.42 821.31 290.19
1059.26 139.26 1204.0 195.35
789.26 140.01 967.45 220.43
