701.14 176.7 862.34 285.47
853.14 173.18 865.26 200.63
851.1 151.08 919.57 238.35
651.52 162.81 684.9 175.8
589.76 144.95 670.55 187.59
1189.1 130.58 1242.0 222.05
547.01 148.31 559.01 166.41
1200.47 124.36 1242.0 241.16
862.73 129.5 977.55 251.56
666.19 149.52 892.02 205.22
1027.31 140.75 1051.81 170.96
1019.43 147.94 1041.99 157.7
1188.43 96.36 1242.0 330.22
460.2 142.51 520.3 185.32
914.55 161.29 1134.5 182.03
511.23 145.61 533.13 186.51
1225.18 211.1 1242.0 234.57
526.22 146.74 566.27 187.74
523.92 147.32 570.02 183.49
