819.17 189.58 875.2 233.65
808.75 148.61 893.24 211.1
763.06 146.1 837.84 218.33
828.75 150.24 921.79 170.27
933.76 94.69 1242.0 326.22
880.77 189.06 1242.0 375.0
802.11 159.79 814.48 165.89
790.84 155.86 802.33 165.42
1176.66 129.85 1242.0 252.6
1202.24 183.12 1242.0 252.09
1175.54 223.09 1201.39 235.01
934.46 149.3 981.78 175.11
913.5 143.17 953.42 226.56
915.94 178.14 952.46 202.99
940.98 170.17 989.91 184.46
934.73 150.61 955.29 169.75
1197.45 123.21 1242.0 256.77
1125.7 121.61 1242.0 234.05
1067.27 198.33 1125.37 204.94
1011.65 143.78 1155.31 220.59
787.46 154.08 991.74 208.28
1072.55 160.47 1086.46 201.26
974.8 187.76 989.45 206.87
974.34 183.29 998.98 188.73
983.78 177.73 1037.81 208.99
713.98 149.81 747.88 182.3
718.61 150.41 742.18 191.39
918.49 209.62 1242.0 375.0
1206.2 178.5 1242.0 221.15
1208.3 171.8 1242.0 213.73
1166.4 167.94 1242.0 249.27
1225.8 172.99 1242.0 263.78
1165.5 150.36 1242.0 232.66
1215.0 174.94 1242.0 225.62
1169.2 133.12 1242.0 220.58
1226.9 156.9 1242.0 245.63
1209.3 162.92 1242.0 206.39
1204.6 104.39 1242.0 276.06
1185.0 180.83 1242.0 219.98
1180.9 140.09 1242.0 242.6
1182.5 158.6 1242.0 259.2
1230.9 180.15 1242.0 203.6
1173.1 115.49 1242.0 205.41
1227.3 140.03 1242.0 229.99
1224.7 169.72 1240.5 234.96
1219.8 171.45 1237.2 234.01
1211.6 177.48 1230.1 235.66
1215.4 172.41 1233.8 233.18
1218.3 159.44 1242.0 211.85
1207.8 178.37 1225.6 233.69
1231.5 176.22 1242.0 199.75
1156.0 183.52 1242.0 219.81
1121.8 157.19 1188.0 300.24
1185.3 104.35 1242.0 216.32
1228.3 174.15 1242.0 242.27
1204.4 176.38 1221.2 229.01
1210.6 183.44 1238.5 282.17
1219.7 149.78 1242.0 203.26
1157.8 163.37 1220.3 305.89
1227.9 123.24 1242.0 217.06
1187.8 173.73 1242.0 213.66
1216.2 179.81 1242.0 281.1
1131.5 182.81 1231.7 220.56
1134.3 174.93 1242.0 245.5
1203.7 184.1 1222.1 235.55
1210.4 169.58 1238.4 260.88
1130.7 155.74 1242.0 230.18
1217.9 164.87 1242.0 262.33
920.27 122.83 1242.0 375.0
1174.8 98.698 1242.0 190.1
1074.2 81.621 1242.0 249.85
798.66 158.27 952.87 225.55
801.41 147.47 967.62 210.21
795.47 169.56 939.52 241.54
768.44 132.44 953.4 192.96
822.13 144.75 1002.1 209.27
801.25 133.78 981.61 193.71
997.17 178.32 1191.6 247.89
966.83 191.08 1163.9 265.77
1039.4 172.76 1149.1 211.88
1010.1 172.43 1108.6 212.29
1044.9 166.15 1147.0 204.11
981.66 158.06 1161.7 230.2
1007.2 160.47 1202.8 233.17
961.83 174.81 1154.4 247.07
1040.3 180.02 1149.4 218.56
1053.5 196.77 1160.3 235.84
1058.2 181.19 1165.5 221.28
1047.2 158.72 1148.6 197.15
1015.1 180.18 1117.5 217.97
1019.1 198.78 1125.3 237.24
1029.1 166.8 1123.4 204.47
1051.6 187.88 1156.7 228.43
1014.8 165.9 1108.7 205.92
1017.9 187.58 1127.3 226.04
1060.2 174.25 1171.5 213.87
1039.6 178.66 1195.4 257.24
1050.5 180.22 1100.9 204.57
1061.9 183.3 1113.1 208.31
1066.3 179.35 1116.7 204.15
1062.8 166.17 1170.9 204.65
1208.6 139.68 1242.0 308.34
1237.0 171.04 1242.0 222.3
1233.8 178.09 1242.0 207.16
1237.2 158.11 1242.0 211.49
1174.7 166.24 1233.8 309.99
1232.5 176.08 1242.0 236.85
823.82 184.5 869.61 224.51
820.8 182.32 878.45 222.8
823.11 183.69 873.2 211.8
831.05 181.11 873.63 218.85
827.18 188.03 878.84 219.82
826.41 183.08 871.41 205.54
832.32 183.8 876.67 209.4
822.16 178.8 885.0 214.57
844.49 184.55 874.98 221.26
849.08 175.59 871.54 224.37
839.1 181.52 874.11 212.08
847.56 175.44 866.85 216.72
836.27 183.18 876.0 203.89
857.25 159.26 963.86 193.2
840.75 187.65 881.03 216.14
829.76 175.8 890.47 211.6
810.54 169.03 877.87 204.85
834.89 192.13 880.21 224.29
835.38 179.86 895.16 219.72
854.65 165.16 957.09 202.9
860.99 153.92 960.12 186.17
838.74 180.07 872.5 199.45
775.27 145.42 888.23 221.47
858.49 174.27 874.12 222.73
855.88 174.06 872.45 217.54
843.96 183.5 879.45 207.42
850.95 182.11 875.88 215.5
849.47 152.3 941.71 185.89
876.15 160.51 975.83 195.18
838.07 173.76 902.78 210.82
808.88 159.72 880.85 192.12
851.18 170.98 869.28 214.35
844.02 178.52 873.66 203.16
840.47 158.42 934.36 193.0
826.46 167.36 901.55 203.16
831.21 165.84 868.96 185.6
836.89 169.69 872.61 190.86
836.15 172.99 872.24 195.57
861.45 175.57 876.81 223.97
834.32 165.02 925.07 202.89
879.7 163.4 928.34 180.27
868.11 155.98 937.67 199.55
838.73 166.37 877.14 185.47
798.26 139.85 918.33 221.2
820.74 158.47 902.82 191.99
837.78 163.18 878.65 180.89
872.19 165.88 923.6 184.2
797.57 152.87 875.6 187.05
845.56 180.95 881.01 203.41
832.08 151.28 924.73 184.33
866.62 162.3 917.6 180.5
840.92 164.75 869.57 187.98
842.04 170.97 918.49 209.73
811.05 151.58 895.14 184.47
875.86 168.18 929.41 188.33
855.2 146.92 952.55 178.72
830.35 162.26 870.41 180.78
853.5 168.63 942.55 210.03
814.65 183.86 875.69 232.32
814.45 175.76 870.76 226.36
825.01 170.39 868.72 237.26
831.1 174.68 857.13 227.45
828.21 180.27 864.2 241.92
826.66 180.86 864.07 215.09
809.56 194.45 879.51 232.72
822.7 181.82 859.7 219.94
818.81 190.37 873.2 226.73
814.47 188.33 866.09 220.02
816.54 172.61 856.65 237.53
824.18 174.31 850.01 227.61
842.45 176.55 869.05 230.05
839.55 173.95 863.9 225.48
837.34 173.59 858.84 223.16
804.17 180.88 861.99 223.77
852.84 177.71 874.98 226.59
828.72 187.99 875.17 230.43
831.03 180.43 865.86 208.59
821.19 170.84 844.43 228.15
835.06 179.28 858.96 230.6
815.67 184.26 864.15 209.9
831.02 171.72 850.68 220.57
834.56 182.42 872.09 252.66
826.58 170.23 846.91 219.84
794.0 171.16 892.29 247.49
835.52 172.44 854.07 218.62
824.53 180.51 859.02 210.14
768.48 166.18 895.39 233.72
821.44 179.46 860.24 249.22
842.96 176.13 871.28 240.17
819.33 181.28 853.23 214.71
818.44 171.6 838.61 228.07
850.6 181.89 875.88 234.18
843.97 173.66 861.82 216.02
822.64 168.77 841.36 220.58
817.62 151.69 878.5 264.38
836.78 180.47 864.23 234.48
826.94 178.82 853.05 231.48
817.98 182.65 863.36 203.95
784.43 162.92 921.65 228.38
819.78 170.43 836.33 218.55
810.07 185.5 857.63 212.7
816.6 175.24 833.67 224.63
828.07 179.66 866.48 199.01
842.22 185.39 873.19 235.59
821.69 192.17 877.67 236.2
816.59 185.25 850.43 220.56
819.04 179.99 848.66 231.63
824.56 178.04 856.09 202.42
796.92 174.46 860.16 213.07
813.16 173.83 850.6 193.06
829.69 186.01 888.74 228.5
815.49 196.37 869.84 231.46
810.16 170.39 864.96 210.98
816.28 181.46 845.38 213.18
814.91 170.74 851.31 190.08
812.52 170.56 841.94 236.93
811.82 183.26 854.8 208.07
807.56 139.56 867.47 258.54
817.48 178.7 858.66 198.73
802.63 173.32 852.64 218.39
826.17 192.24 878.17 236.75
817.01 170.77 831.99 216.32
767.43 181.0 911.75 251.64
857.43 180.16 875.66 230.36
837.32 179.49 866.74 202.12
813.61 176.53 830.43 225.85
797.77 157.86 908.03 236.6
811.24 180.77 851.94 203.26
836.81 192.11 876.04 234.18
816.06 177.93 853.64 252.86
809.13 192.39 863.27 223.86
810.78 178.02 849.85 197.42
818.85 177.07 847.32 201.62
815.02 189.84 857.47 228.38
771.1 149.21 920.38 212.91
816.45 180.92 841.19 231.49
821.87 156.58 857.56 229.9
794.63 183.29 857.95 228.42
807.75 185.8 863.65 233.78
828.37 157.34 865.21 228.25
773.47 162.62 875.35 246.36
814.18 183.95 840.37 216.86
820.71 172.38 850.87 196.7
827.74 165.1 844.44 210.04
812.64 179.54 838.14 205.88
814.29 181.94 833.77 234.52
844.32 180.63 875.1 258.11
832.56 183.53 861.9 239.7
831.84 142.97 884.11 265.47
817.64 173.6 859.98 194.22
840.18 171.16 857.43 211.7
846.34 165.14 875.33 231.76
805.98 173.36 844.67 193.58
822.13 186.57 851.94 236.09
813.32 197.6 856.36 233.93
812.92 166.79 850.74 186.98
825.19 165.48 839.1 207.61
815.62 176.66 841.93 200.9
826.37 172.99 865.37 194.66
814.74 172.12 840.84 195.45
822.12 164.19 835.69 205.82
815.36 154.42 850.55 232.16
809.26 188.76 850.69 217.68
804.46 169.7 845.77 190.51
788.67 167.13 859.48 203.4
826.41 169.16 864.6 190.54
821.26 168.97 852.24 192.72
817.03 192.92 841.51 234.27
839.54 189.06 887.38 234.66
779.67 154.9 832.72 178.85
791.15 159.06 866.54 193.38
813.32 204.25 850.6 232.46
817.91 163.44 832.37 205.96
847.92 190.47 876.82 227.92
803.42 177.1 842.91 197.84
776.04 152.75 860.67 186.69
829.76 185.3 863.57 264.59
794.65 177.4 845.66 223.88
764.99 163.71 847.33 202.02
794.89 160.21 843.69 182.58
802.04 165.71 845.73 186.83
813.96 166.77 829.75 211.95
812.22 187.98 842.82 223.31
810.39 180.97 835.97 211.2
792.64 155.95 843.43 179.1
784.4 159.22 833.87 182.09
854.88 169.13 881.09 239.92
812.99 195.74 846.66 230.92
838.33 156.92 873.51 226.57
795.7 165.5 851.98 208.34
814.6 196.8 873.85 240.43
847.55 165.44 864.35 213.33
807.12 179.88 843.33 202.58
820.16 167.06 858.66 187.52
844.05 166.02 859.44 211.07
808.78 159.84 865.39 198.17
815.25 194.42 835.2 235.09
802.08 144.27 821.34 191.26
811.91 206.81 843.35 230.8
807.91 175.52 834.98 200.64
830.52 161.06 849.73 203.45
810.65 175.8 827.29 226.02
804.84 166.22 831.47 237.3
824.6 146.55 855.81 216.64
803.81 203.6 881.48 240.77
808.3 151.91 840.54 227.07
789.33 171.64 843.56 218.34
792.48 183.53 894.46 270.74
791.85 140.98 851.14 284.47
860.83 183.45 877.31 236.17
791.17 163.89 838.32 185.59
809.24 167.85 838.63 191.95
807.73 182.42 844.01 207.86
855.97 185.9 876.77 239.17
829.98 144.44 865.08 214.91
814.93 163.02 855.49 183.17
791.73 152.55 828.59 182.38
809.88 169.78 826.34 217.52
827.93 159.44 845.23 199.24
810.67 186.97 836.74 218.2
816.97 165.69 846.22 188.69
780.06 163.01 831.81 185.67
814.17 191.18 829.73 235.13
812.76 164.7 840.77 188.48
805.07 161.48 847.16 182.94
795.47 172.3 838.8 193.5
806.3 143.63 825.22 192.29
855.22 178.81 880.06 255.4
815.9 144.51 849.21 217.9
821.91 185.32 856.24 262.83
793.04 167.81 839.49 189.82
838.28 200.8 878.39 236.42
848.06 159.5 864.13 203.32
831.52 197.7 896.43 237.63
805.48 170.94 835.29 195.82
820.99 157.2 835.77 199.14
774.44 158.68 827.35 182.52
816.75 155.79 832.58 198.12
770.41 154.76 839.04 199.2
771.06 143.83 867.27 179.15
784.04 151.88 822.55 182.85
831.28 152.42 849.83 195.03
775.44 179.09 844.39 218.86
768.29 191.61 921.73 268.77
908.14 165.96 957.68 182.95
900.51 164.86 949.16 182.65
900.3 167.12 950.65 187.35
917.1 166.54 969.14 185.43
895.94 165.67 941.39 185.36
917.91 165.77 962.78 182.32
895.49 163.02 940.73 181.47
898.76 169.06 945.3 190.56
924.96 164.85 970.81 182.37
884.29 165.01 933.61 182.72
905.4 162.24 951.21 178.3
920.39 169.28 976.31 189.04
890.1 167.71 939.1 189.54
896.18 159.27 938.27 177.1
913.23 169.34 966.35 187.99
915.78 163.12 960.48 178.65
909.66 163.97 947.28 184.46
888.11 166.24 990.4 200.93
929.0 167.08 978.78 186.08
905.73 162.18 935.81 185.62
912.97 157.63 927.95 204.87
896.66 170.6 942.52 195.38
905.5 159.21 933.63 180.71
897.25 162.85 991.64 194.43
905.96 167.39 936.92 194.34
912.08 162.17 929.47 211.76
906.13 165.02 943.14 190.09
923.96 161.67 968.77 178.84
758.68 150.8 849.66 187.67
762.3 157.19 848.84 193.63
794.39 122.44 849.31 255.36
817.15 123.9 881.08 251.07
814.63 152.74 936.43 234.93
834.73 111.0 892.67 254.11
761.92 170.57 840.78 210.05
850.0 122.61 908.26 262.93
1030.4 232.48 1089.8 255.94
992.65 165.42 1091.1 205.61
1036.2 175.12 1089.0 202.17
983.77 178.82 1081.2 217.12
1168.4 193.45 1242.0 283.27
1209.5 193.64 1242.0 235.65
1224.0 188.58 1242.0 292.01
1238.0 194.09 1242.0 245.15
1236.5 215.27 1242.0 272.7
1236.8 183.15 1242.0 233.52
1217.4 189.81 1242.0 241.23
1211.7 201.11 1242.0 244.87
1237.3 202.1 1242.0 255.7
1211.3 208.85 1242.0 254.09
1184.6 185.36 1242.0 294.68
1230.2 194.84 1242.0 219.81
1233.9 192.73 1242.0 222.69
1220.2 195.47 1242.0 251.12
1235.5 205.21 1242.0 233.18
1231.6 203.29 1242.0 226.69
1229.8 187.15 1242.0 211.64
1234.5 201.2 1242.0 229.29
1232.6 207.45 1242.0 230.18
1207.7 214.26 1242.0 261.96
1233.4 184.73 1242.0 215.08
1232.5 211.03 1242.0 234.74
1219.6 208.07 1242.0 270.72
1232.2 215.35 1242.0 240.12
1234.8 213.08 1242.0 243.5
1234.5 226.89 1242.0 260.9
1231.2 218.65 1242.0 244.76
1209.8 154.6 1242.0 197.24
1234.5 219.88 1242.0 252.17
1230.0 229.43 1242.0 257.06
1236.3 223.52 1242.0 286.98
1172.1 188.96 1242.0 224.65
1213.4 228.54 1242.0 277.78
1225.0 188.76 1240.6 245.29
1222.8 221.96 1242.0 284.82
1190.0 194.12 1242.0 233.71
1234.5 169.76 1242.0 198.91
1234.7 233.72 1242.0 268.27
1202.2 194.43 1232.8 293.91
1220.0 190.59 1236.5 241.9
1231.2 236.05 1242.0 264.13
1149.9 195.03 1189.3 288.51
1212.5 190.47 1228.9 241.12
1215.5 186.0 1234.0 240.02
1208.8 190.01 1225.1 241.46
1224.6 231.31 1242.0 294.79
1229.3 186.68 1242.0 255.99
1215.4 236.63 1242.0 288.09
1156.9 201.76 1198.6 301.46
1171.6 196.65 1242.0 233.06
1236.9 231.87 1242.0 295.29
1182.6 203.13 1219.8 294.31
1171.2 186.12 1189.1 229.04
1216.8 192.62 1231.4 245.41
911.88 147.37 926.29 188.49
909.54 146.08 922.63 188.75
910.09 155.27 923.58 203.29
906.51 146.34 919.85 191.26
888.14 139.75 920.46 211.84
747.89 145.39 764.6 193.13
747.83 156.6 764.42 205.11
744.83 145.4 761.3 193.64
759.03 142.12 776.91 192.73
751.52 143.3 768.81 194.25
762.7 142.32 780.94 193.41
744.58 156.51 761.0 205.55
673.98 123.41 782.46 163.4
732.26 155.4 886.05 227.62
710.9 129.56 880.04 191.34
733.66 166.21 880.5 242.7
743.59 149.24 837.38 188.65
745.3 155.89 835.18 195.83
746.0 147.3 857.96 234.31
739.43 137.45 861.32 218.3
775.76 116.76 833.08 263.56
748.68 162.74 834.77 203.7
756.52 111.83 819.52 273.12
797.63 143.64 818.57 192.67
752.12 143.1 851.93 179.48
794.53 150.36 813.75 200.42
730.86 140.82 835.21 180.1
727.01 143.5 841.12 238.26
798.48 151.08 816.79 199.08
790.45 153.37 809.83 207.45
794.42 159.11 813.1 209.2
714.34 139.11 818.15 181.46
784.82 152.65 835.81 175.79
718.94 146.64 817.59 188.64
741.21 171.02 826.45 211.27
721.62 132.43 826.11 173.9
730.48 122.7 863.46 200.26
791.67 164.0 809.68 212.91
1018.3 207.42 1127.4 246.74
1040.9 179.08 1093.7 203.82
1067.4 208.5 1085.0 253.67
1063.4 207.79 1081.3 254.4
1048.1 213.15 1106.9 235.18
1033.0 182.22 1093.2 206.82
1073.5 183.11 1124.8 208.77
1038.6 232.81 1105.2 256.3
1045.1 235.7 1115.3 259.04
1047.3 229.33 1112.5 251.58
1035.0 229.51 1099.4 252.58
1032.7 209.81 1155.2 258.38
1046.8 225.16 1112.1 247.39
1045.9 219.88 1110.9 243.5
1051.1 202.42 1164.8 246.67
1035.0 225.23 1098.9 247.95
1041.6 231.01 1082.5 258.55
1048.7 230.99 1091.9 258.51
1055.5 230.42 1101.0 257.94
1034.6 219.95 1098.5 243.53
1044.4 227.71 1086.0 255.16
1052.5 227.97 1096.2 254.16
1060.0 213.61 1076.6 257.89
1021.5 235.87 1080.0 258.71
1055.3 217.8 1098.5 245.91
1055.7 213.74 1072.7 259.12
1055.4 223.41 1098.8 249.86
1049.0 231.22 1125.9 257.0
1039.5 217.05 1103.4 240.62
1017.5 233.2 1073.8 255.19
1138.9 200.59 1242.0 281.3
1139.0 189.71 1242.0 262.16
1127.7 193.52 1164.3 284.71
1135.1 194.18 1171.5 284.9
1131.5 221.31 1237.5 272.52
1143.6 190.49 1240.9 225.12
1143.3 193.12 1179.5 286.02
1137.6 216.21 1242.0 263.31
