568.8 218.84 600.38 237.06
593.99 196.08 613.37 218.21
605.13 200.4 619.64 214.01
593.45 178.78 600.34 193.33
584.79 151.93 631.93 214.54
569.48 151.05 596.63 212.3
896.46 198.91 908.09 232.12
895.08 155.96 904.52 193.89
912.43 150.85 935.3 179.26
865.32 198.17 888.9 216.8
702.61 184.38 731.15 237.33
686.58 209.56 708.68 218.73
706.99 190.68 720.8 225.9
714.3 193.96 723.21 231.38
701.12 187.73 716.17 200.92
708.28 200.21 710.95 218.25
862.6 170.74 907.3 228.03
895.47 151.13 928.33 170.53
726.47 205.17 736.6 231.8
858.2 210.06 911.13 238.34
856.92 144.08 1007.13 275.89
490.14 242.4 500.8 250.37
845.96 175.21 886.94 207.42
856.26 208.03 860.41 217.31
1070.91 174.49 1148.48 240.72
888.07 68.0 1242.0 375.0
810.42 150.09 843.54 209.98
859.79 36.041 1203.7 375.0
562.81 208.76 599.58 238.89
569.35 207.38 602.81 236.25
568.03 208.38 595.64 232.11
570.52 207.11 600.23 229.82
563.06 211.16 593.8 232.59
578.32 210.04 605.62 231.94
568.52 213.12 601.53 241.65
559.2 207.28 604.88 241.32
574.09 212.61 604.31 236.81
570.01 204.72 589.73 243.0
573.24 208.01 597.45 226.09
562.56 214.91 597.47 242.59
577.3 203.36 596.5 239.35
580.31 208.09 606.54 228.3
565.32 208.72 592.47 227.42
566.01 206.39 587.98 246.54
586.29 209.82 607.11 233.13
574.32 207.41 600.12 222.69
566.0 209.5 589.0 231.52
571.2 207.33 593.63 247.15
575.42 208.28 597.25 246.24
575.57 202.63 593.52 234.86
572.65 203.55 590.4 234.54
581.26 204.89 598.84 238.22
569.76 204.88 587.06 235.09
545.09 206.78 607.17 243.34
580.54 209.71 599.15 243.77
554.82 211.16 609.84 244.65
560.21 210.87 583.48 232.74
587.21 204.6 601.04 237.63
573.71 218.5 600.64 240.2
561.01 210.47 587.55 236.46
565.93 206.06 583.45 241.56
569.13 207.44 595.5 222.72
567.1 212.83 591.96 249.74
561.1 206.34 619.22 240.47
592.87 204.5 605.41 237.75
559.32 208.18 585.11 226.77
568.61 201.74 597.13 247.81
580.06 201.3 596.33 232.84
583.45 214.0 606.88 236.12
585.33 208.94 601.48 242.47
591.29 207.27 611.01 230.05
566.42 202.95 581.23 234.07
562.69 222.07 595.74 244.3
541.37 202.09 603.38 236.0
590.65 207.32 604.15 238.61
525.93 204.69 598.75 241.35
562.33 205.81 590.32 222.07
580.58 205.83 606.24 222.94
561.72 212.18 622.53 245.21
579.31 219.53 603.34 239.58
553.32 210.36 581.86 230.92
569.73 223.27 600.07 243.65
596.18 202.13 608.75 237.22
554.86 212.59 584.45 234.06
590.37 210.3 616.76 231.61
564.09 206.46 585.68 225.66
563.92 203.73 594.11 257.6
565.79 201.43 598.25 268.71
597.1 206.66 616.29 228.15
544.67 196.17 560.13 239.61
587.95 214.91 611.82 234.96
549.58 197.63 563.48 238.59
559.14 226.4 595.67 245.64
554.73 210.02 575.31 232.0
563.13 203.37 575.11 236.13
552.75 216.53 613.1 250.87
554.09 198.71 566.59 238.46
571.62 215.86 593.73 253.54
577.49 199.55 593.62 230.02
574.89 205.0 600.87 220.33
622.25 216.93 652.07 230.97
572.4 204.83 600.55 263.09
622.96 212.27 652.44 229.36
601.03 200.89 613.13 234.16
558.64 200.1 570.08 238.23
589.17 206.08 608.06 226.5
576.11 216.75 596.75 253.77
621.56 198.71 634.48 234.13
546.56 210.03 576.57 231.78
545.04 204.47 566.36 228.35
540.78 203.95 563.67 229.33
615.46 220.85 648.06 234.36
622.72 206.93 652.36 225.28
621.74 206.02 642.69 226.52
553.71 207.45 573.3 228.88
548.27 209.29 570.06 232.28
540.71 192.42 556.38 236.96
620.17 220.58 653.92 234.76
547.68 213.18 577.95 235.09
543.9 188.95 560.7 231.62
551.56 207.35 578.94 226.94
569.6 206.22 640.45 240.58
605.82 197.62 618.01 233.39
575.32 195.25 603.92 249.53
539.72 199.92 564.02 225.61
601.54 205.73 620.98 227.7
607.15 220.66 640.37 235.54
556.05 204.71 582.9 222.31
548.7 191.25 564.1 231.45
554.12 197.7 610.15 239.16
565.58 185.54 602.99 253.84
564.85 204.08 593.02 219.71
595.92 209.74 623.51 231.7
592.8 204.0 612.12 225.85
621.64 189.58 635.38 228.15
564.24 216.15 586.76 254.48
618.48 205.14 639.17 227.24
553.28 190.75 567.47 231.96
622.25 198.78 642.78 221.3
620.66 211.35 642.42 229.15
586.34 215.15 602.22 247.2
617.86 193.51 631.05 231.14
614.48 216.26 643.14 230.8
557.32 205.08 577.56 224.25
602.71 224.84 636.86 239.2
585.45 220.51 611.41 240.21
565.44 200.22 642.3 234.74
558.62 214.08 588.38 241.5
541.13 205.83 572.72 226.27
540.92 209.48 572.89 230.53
562.64 218.84 629.07 253.58
559.44 180.82 595.95 252.34
586.7 205.55 610.35 222.61
584.44 198.06 598.33 232.42
609.58 223.85 646.22 237.68
609.08 193.21 621.94 232.33
539.49 183.5 556.96 228.61
543.04 197.37 566.95 220.94
598.41 202.38 616.74 225.33
621.8 203.52 651.67 222.02
623.61 215.67 646.22 230.5
561.89 197.29 573.68 233.69
551.34 197.39 619.1 231.78
557.77 191.79 570.69 231.04
594.35 216.35 617.64 233.66
615.61 206.15 644.81 225.22
548.09 202.51 569.18 225.15
618.36 199.44 647.92 218.34
609.38 216.03 638.5 231.36
617.76 183.78 630.8 225.04
617.12 210.39 638.07 229.53
571.38 213.71 642.13 247.18
569.41 197.38 584.97 231.11
581.26 216.44 598.89 253.86
534.19 202.21 569.63 222.42
601.79 193.43 615.05 232.5
621.59 194.58 643.66 217.99
563.29 207.62 577.5 242.87
613.85 188.56 626.5 230.99
536.65 217.11 606.61 251.0
618.78 219.45 642.75 234.02
535.6 180.02 552.38 226.34
518.59 184.01 628.61 264.47
543.41 179.58 560.89 223.44
614.65 205.71 635.06 227.98
536.49 196.06 560.82 221.43
547.53 181.57 564.2 223.78
593.77 210.33 607.71 243.99
580.17 223.53 605.71 242.35
612.1 214.99 633.75 230.81
538.26 191.93 564.64 217.66
589.97 204.05 614.97 223.28
605.33 187.45 619.34 230.8
559.02 201.91 588.61 219.46
563.32 228.76 593.85 248.67
617.69 202.76 630.61 236.21
536.69 192.72 552.18 238.11
611.4 219.3 635.82 234.48
533.81 198.38 569.52 218.38
552.16 181.83 567.62 223.57
609.5 183.2 622.72 228.58
601.0 220.35 633.11 236.02
547.66 198.33 569.79 220.91
613.59 197.83 626.1 234.26
621.76 190.39 643.97 213.57
533.61 192.1 604.9 229.15
574.14 185.38 608.07 252.08
558.73 231.83 596.47 249.56
606.23 205.5 625.96 227.58
537.73 208.12 560.23 232.57
617.38 195.61 649.35 214.29
530.31 198.57 585.34 239.43
597.59 219.53 627.33 235.55
580.85 202.38 607.89 219.78
618.38 190.93 639.86 213.37
541.9 188.91 567.4 213.2
552.6 203.81 572.62 224.45
589.71 212.45 603.73 245.32
556.61 181.89 571.54 223.03
597.32 195.97 611.16 234.41
558.85 197.38 583.76 252.13
541.62 212.62 574.11 233.98
606.76 219.24 631.81 234.21
532.82 205.8 566.39 226.49
621.43 205.88 634.19 238.1
532.76 194.01 569.87 214.59
543.64 211.28 566.86 234.73
610.83 206.09 630.15 227.9
544.04 203.2 574.78 222.67
607.9 214.52 630.75 230.99
559.51 194.7 636.35 230.8
515.28 197.35 593.41 235.92
534.63 187.59 560.39 214.05
593.62 196.28 606.71 235.23
598.08 227.67 634.71 242.1
604.85 209.93 626.49 230.46
582.7 198.36 608.39 253.56
532.76 190.01 570.04 210.47
601.76 215.28 631.62 232.38
546.72 193.81 570.43 216.4
615.93 197.74 635.93 222.0
609.58 210.85 639.11 229.5
597.49 224.45 627.69 239.79
621.25 180.72 634.81 220.18
565.06 193.69 579.36 229.6
533.91 210.07 566.39 230.53
535.76 213.1 569.22 234.22
572.1 200.83 595.32 217.43
609.68 210.3 630.18 230.3
519.37 190.54 595.67 228.22
541.27 190.46 575.62 209.87
536.32 196.08 640.33 277.49
569.63 229.04 599.84 248.75
574.52 227.09 603.52 243.55
620.29 192.07 654.14 209.85
616.36 202.26 645.07 222.09
514.3 211.29 589.17 247.88
589.23 195.22 601.81 234.45
603.91 227.36 642.98 242.05
560.19 204.61 571.02 241.44
544.05 199.22 575.91 218.37
567.36 200.04 592.52 217.18
604.55 204.57 618.54 236.34
554.7 213.96 578.63 238.05
615.01 194.16 635.84 217.94
552.22 199.54 572.96 220.24
615.2 223.48 653.88 238.19
542.24 195.03 575.85 214.03
532.14 191.54 557.41 217.78
532.22 200.05 556.65 226.04
599.34 207.06 613.68 239.15
539.93 192.07 595.35 235.5
550.54 188.94 574.48 211.56
602.39 197.71 621.56 222.79
603.07 206.11 630.07 226.3
614.73 190.62 635.17 213.11
587.09 224.91 613.5 241.86
595.13 202.92 620.16 222.91
593.53 200.36 613.29 222.24
569.57 221.65 643.8 255.5
535.75 170.24 571.07 253.15
552.81 176.93 584.71 250.98
576.77 192.67 592.05 227.54
594.23 222.96 620.65 239.26
555.95 200.99 577.28 220.23
565.67 207.66 599.34 291.5
550.93 194.43 573.9 215.68
608.74 206.13 635.57 225.9
544.0 174.78 574.88 250.69
528.47 166.71 646.81 257.24
566.28 194.33 623.98 237.18
528.88 190.14 585.6 233.78
521.06 218.29 596.54 254.01
583.64 182.51 613.71 251.55
523.21 201.54 579.41 245.09
555.66 203.19 584.51 271.32
553.35 217.82 608.28 264.39
574.94 199.31 632.54 237.47
546.69 223.69 619.52 263.42
560.44 207.02 592.47 290.5
546.99 193.06 572.9 256.7
528.46 166.77 563.72 254.85
554.73 225.11 633.82 265.57
515.83 182.15 598.23 220.62
583.43 203.39 611.42 277.58
537.93 189.51 567.53 261.32
514.42 185.11 575.6 234.14
878.65 197.75 964.78 236.71
834.44 195.6 994.39 259.93
882.23 190.79 966.16 228.98
898.86 196.86 990.39 235.45
896.06 194.88 956.06 240.46
898.99 189.31 988.96 228.33
862.62 193.12 1026.2 258.68
899.48 188.35 955.94 231.41
845.4 188.02 972.65 266.54
859.18 189.73 952.3 230.93
835.47 177.26 992.85 245.55
898.77 180.03 961.82 310.1
863.95 173.77 1027.1 243.05
879.93 184.35 965.0 222.35
907.99 191.63 978.93 241.24
802.63 174.63 971.87 247.61
880.67 185.66 1001.5 267.13
845.4 170.22 974.76 254.3
625.07 198.77 637.46 233.83
625.41 206.22 647.36 226.13
625.4 189.4 638.58 227.82
629.29 199.0 641.88 233.52
625.57 198.74 647.14 221.12
629.18 183.65 643.27 224.94
628.31 202.95 651.56 224.41
625.19 194.41 648.2 217.58
632.12 203.31 656.51 224.64
628.65 204.63 660.16 222.28
625.11 206.1 637.95 237.08
624.39 200.17 655.96 218.17
638.2 204.88 669.92 221.57
636.16 203.96 660.81 223.92
627.55 196.48 661.08 214.55
624.82 179.49 639.61 221.41
632.74 183.97 647.54 224.25
636.35 200.4 669.13 218.4
631.82 198.36 656.38 220.61
633.18 199.02 646.88 233.12
637.4 197.69 651.5 233.16
627.13 192.67 660.87 210.08
639.74 198.89 664.85 219.9
627.09 190.41 651.89 212.9
577.88 199.2 655.87 232.03
635.65 196.51 669.15 214.21
540.91 186.93 660.24 268.68
597.26 199.39 680.47 232.71
592.14 190.3 674.58 226.96
580.02 191.79 657.17 227.07
616.26 202.02 677.78 242.98
633.29 188.74 663.82 262.76
558.68 165.24 685.13 257.23
1051.4 179.29 1142.9 221.78
1086.5 180.38 1175.7 220.44
1068.7 179.3 1159.2 219.86
1061.5 172.9 1151.6 213.24
1086.4 186.76 1178.2 228.49
1102.0 179.65 1192.8 220.24
1041.1 186.49 1137.3 228.3
1084.1 173.61 1176.7 212.76
1097.9 171.84 1191.4 213.25
1057.8 186.45 1152.7 227.34
833.82 205.22 929.04 244.86
826.32 213.87 919.54 249.38
838.52 211.94 935.95 250.36
817.47 207.17 909.84 243.27
832.6 207.69 848.4 254.49
821.71 221.02 918.0 258.68
825.27 198.62 917.76 237.33
893.2 179.85 931.37 259.24
834.59 219.33 935.94 257.97
868.36 200.68 937.13 250.69
844.34 200.93 914.48 249.52
838.04 209.28 902.32 255.29
840.69 188.68 939.32 229.72
801.06 214.04 895.62 250.0
860.99 192.67 931.15 244.59
825.59 189.32 917.87 229.34
869.99 185.75 934.92 234.78
830.24 203.17 895.57 247.82
917.38 192.94 935.61 236.2
915.76 193.08 942.44 223.32
910.56 201.88 954.97 228.34
909.58 199.29 951.22 223.95
914.89 201.03 947.07 235.41
911.52 196.28 950.1 219.88
906.02 205.77 954.07 232.13
856.69 205.21 953.79 245.42
911.57 188.83 945.36 266.08
917.6 186.14 945.22 216.9
904.21 181.01 940.36 257.06
850.89 197.12 947.68 238.67
913.3 176.29 946.31 247.66
885.76 200.05 953.56 248.09
893.87 207.19 957.06 253.66
874.99 193.48 945.98 243.54
885.72 180.6 923.03 263.82
904.25 194.36 939.43 273.98
878.1 179.82 916.58 262.73
894.54 196.38 930.87 275.51
855.77 199.23 888.72 275.36
912.03 200.58 946.62 282.61
875.89 206.87 945.64 256.56
872.13 180.53 907.99 263.39
864.02 195.6 897.5 276.06
669.06 211.6 695.7 228.96
671.6 207.56 694.22 228.19
672.55 207.7 700.41 226.15
674.96 208.27 687.99 238.51
669.44 213.92 702.82 230.38
668.0 206.31 689.6 226.7
675.77 210.57 706.4 229.4
753.25 199.62 768.53 239.74
676.81 206.54 705.69 226.07
676.05 206.6 690.03 234.03
756.49 200.53 771.97 239.71
662.16 210.36 691.49 228.22
749.92 199.21 764.81 239.72
749.07 204.66 772.98 230.67
662.54 209.0 684.42 228.87
672.93 206.27 684.24 234.66
660.02 214.19 691.2 229.34
630.25 212.12 662.95 229.6
625.92 216.07 657.66 230.73
631.27 208.8 661.52 226.27
638.58 209.57 664.54 230.05
640.73 207.67 665.43 226.93
631.92 213.42 656.85 230.75
627.88 214.53 652.05 230.52
625.69 219.3 662.55 235.18
648.83 205.77 662.69 239.07
645.05 206.26 659.43 238.88
640.32 203.43 665.1 223.52
640.82 209.11 655.28 241.7
626.68 217.85 651.62 234.12
630.55 217.28 656.17 234.99
642.27 203.64 655.74 235.02
579.04 214.79 667.98 248.83
571.78 225.77 662.43 265.59
634.3 211.33 668.71 229.05
638.39 208.88 670.12 225.46
642.44 210.76 675.42 229.66
645.56 207.87 677.04 225.7
648.15 206.29 671.58 226.77
646.77 209.3 670.99 230.22
637.54 214.09 672.52 230.29
653.82 202.72 666.35 236.51
658.2 201.57 670.48 235.99
649.9 198.48 663.79 232.61
640.69 186.09 672.15 266.7
920.02 190.56 937.93 232.47
917.88 196.65 944.49 228.92
926.14 191.01 943.91 233.6
922.78 182.91 941.3 228.96
919.39 193.92 939.12 241.24
919.52 205.05 938.75 254.64
922.7 194.37 941.27 236.36
925.63 196.22 944.61 241.67
922.96 200.91 942.43 249.2
929.55 192.65 946.46 237.58
925.73 202.73 945.78 256.51
918.23 186.94 950.52 266.11
902.62 200.15 962.61 247.95
926.76 189.33 959.6 272.43
919.13 197.45 953.9 281.5
925.99 176.83 960.79 257.86
579.73 222.93 671.2 258.08
589.36 207.77 674.13 240.04
860.57 220.19 964.76 256.37
828.42 200.13 962.32 279.63
