0.0 185.57 124.87 375.0
828.62 162.22 1242.0 375.0
734.95 177.6 920.77 294.89
64.02 185.92 313.9 305.9
239.26 129.17 392.09 255.61
330.33 174.76 408.84 212.85
331.71 151.11 443.47 178.39
862.27 151.46 871.1 160.01
853.91 176.53 890.21 195.23
831.83 149.36 836.38 157.75
884.94 149.65 901.32 154.96
872.5 149.51 880.43 155.78
720.24 135.38 761.11 231.32
723.93 133.5 751.23 241.76
746.87 150.74 801.29 168.7
747.2 180.1 788.05 198.24
792.35 179.41 819.31 197.48
712.0 155.95 729.92 181.9
717.02 149.66 725.6 197.87
786.64 187.25 793.39 197.0
684.48 174.6 700.68 187.44
981.13 205.87 1242.0 375.0
337.3 152.44 391.31 166.9
259.14 182.12 319.83 202.26
289.2 150.66 322.84 193.58
296.82 156.73 311.75 179.6
307.93 194.05 316.25 208.63
299.58 195.2 311.55 205.14
200.92 149.59 289.65 198.04
297.15 175.8 303.14 179.59
670.74 152.16 695.45 183.16
666.46 182.55 684.15 187.07
200.93 190.85 245.48 206.04
900.87 127.61 1163.1 210.99
739.39 147.55 923.35 190.9
135.17 173.76 201.04 219.66
137.36 207.18 209.04 227.31
559.74 166.07 581.74 170.01
493.88 152.64 517.32 166.61
528.84 166.53 546.29 183.59
1043.13 143.86 1112.17 162.25
1004.33 146.34 1107.71 173.15
175.59 140.53 192.52 175.88
663.49 174.87 685.15 178.32
975.79 146.92 1017.57 167.45
986.74 167.34 1005.58 181.46
4.53 134.97 32.83 180.28
1098.91 137.0 1131.7 186.78
1035.91 155.77 1056.01 180.85
1064.07 151.51 1084.81 162.15
578.77 152.18 674.17 187.84
647.65 165.91 673.59 187.3
620.97 166.2 628.28 178.4
645.4 152.5 654.3 160.91
648.92 182.6 656.39 187.03
478.61 159.72 483.78 166.08
7.7 127.59 229.67 232.12
1114.68 131.26 1141.93 299.86
1100.5 142.3 1194.8 327.71
1115.2 137.87 1190.0 304.04
845.09 188.25 1194.0 367.28
779.15 175.16 1242.0 375.0
855.52 146.67 1216.2 347.37
1011.5 173.03 1242.0 357.18
970.16 203.33 1242.0 375.0
1010.0 208.89 1242.0 336.56
953.36 212.54 1215.2 348.37
990.55 238.9 1234.5 365.02
749.64 177.18 934.9 302.92
750.43 176.17 974.79 326.4
774.3 174.59 915.74 283.59
766.51 183.64 955.04 276.33
787.76 179.62 939.71 255.51
778.65 150.04 868.4 318.03
749.27 201.08 910.98 313.77
754.78 177.19 923.17 261.16
733.55 182.89 904.07 283.39
759.1 167.51 886.29 284.29
784.61 163.77 880.28 342.47
769.73 208.24 959.74 308.04
774.88 195.81 966.66 288.7
783.38 142.62 898.81 348.03
731.83 144.79 958.6 317.8
787.0 165.59 908.61 253.99
771.63 164.6 888.15 248.44
748.99 222.97 886.5 309.35
755.76 188.48 880.94 304.65
0.0 218.62 105.1 363.68
0.0 199.92 125.29 344.23
2.4579 221.39 161.51 328.1
0.0 205.17 174.69 357.05
4.4774 234.94 80.843 361.71
0.0 237.79 137.03 346.09
24.475 208.85 123.4 367.5
0.0 234.5 98.964 342.05
0.0 189.15 138.21 375.0
2.6552 223.11 70.599 355.51
15.654 225.72 91.563 348.29
32.907 216.84 90.988 338.91
0.0 168.02 89.565 375.0
10.226 233.74 105.48 333.23
0.0 239.04 169.5 375.0
42.964 222.2 99.432 341.45
0.0 204.65 77.398 338.39
20.193 181.25 110.75 345.09
22.723 200.66 72.772 323.32
40.931 182.42 127.65 339.39
35.796 235.85 123.51 327.78
50.571 211.1 92.75 322.28
7.8077 165.17 88.939 340.91
0.0 141.26 93.396 336.03
44.829 143.57 144.14 375.0
28.386 160.32 106.66 324.05
61.263 198.77 297.32 327.91
51.669 195.25 311.64 331.49
100.57 193.71 318.69 316.18
89.463 196.56 293.79 284.68
58.896 238.33 272.23 334.9
93.19 170.36 367.92 319.64
53.467 143.66 316.54 300.9
105.88 238.21 294.5 330.18
43.952 210.23 330.48 359.8
952.57 180.65 1189.5 263.46
923.07 173.8 1158.7 248.01
915.57 158.97 1133.3 227.59
920.05 162.77 1114.4 254.98
291.06 175.9 397.84 222.92
275.64 182.99 362.95 221.3
268.93 180.59 350.19 217.65
269.28 173.46 404.55 235.56
277.03 176.91 381.46 220.14
281.34 170.06 391.75 254.0
285.03 167.62 425.91 237.73
243.63 162.5 387.14 229.67
289.92 171.87 385.27 212.14
293.29 182.94 358.08 210.05
268.1 175.3 337.49 214.94
230.41 174.73 356.89 239.47
282.22 182.37 341.99 209.96
293.7 156.09 360.72 291.94
255.67 165.78 367.15 245.64
292.11 173.03 436.37 251.24
218.68 160.85 363.3 226.35
759.05 163.89 911.46 228.41
791.07 174.44 904.91 218.66
762.53 172.43 870.1 216.93
791.82 167.92 896.99 209.81
771.7 176.54 876.97 225.14
760.3 154.31 910.5 215.44
742.0 157.37 889.46 225.15
757.78 145.83 872.61 225.87
611.71 167.24 652.46 189.31
312.44 178.79 401.41 218.06
279.42 184.59 385.43 229.58
309.52 173.34 394.08 228.32
324.84 162.62 364.82 242.41
296.76 177.67 387.49 236.04
276.04 189.9 367.07 232.83
302.58 181.44 371.21 209.78
317.42 163.01 359.84 247.65
338.32 168.93 375.11 240.14
331.27 164.8 371.4 233.25
328.57 172.57 404.66 221.16
304.64 184.18 401.18 232.02
314.05 180.42 381.24 211.32
286.66 196.15 391.06 237.27
328.3 170.15 372.62 249.22
347.18 172.13 383.31 234.03
331.28 182.71 395.33 212.07
322.31 179.94 413.59 223.19
300.29 167.68 412.41 259.18
50.801 182.58 254.41 256.0
25.15 181.61 217.8 251.51
0.0 181.02 178.96 247.54
252.58 179.89 314.2 205.63
252.27 181.56 323.73 215.12
251.2 182.78 299.66 206.22
223.92 185.6 270.74 205.92
221.08 188.11 272.06 209.59
152.5 202.82 253.41 242.86
244.35 176.25 319.6 211.87
195.87 197.61 282.12 233.0
158.99 199.94 252.4 234.44
233.96 184.87 277.42 206.43
177.79 189.66 236.18 210.09
216.29 185.81 260.11 205.24
239.84 180.36 257.89 219.35
229.77 186.35 267.25 210.79
243.51 180.17 261.68 218.75
195.25 189.02 281.02 222.22
213.48 195.39 298.13 234.17
240.9 185.09 315.39 220.81
200.51 199.13 296.01 245.46
246.13 181.51 289.12 205.09
211.71 187.35 262.95 208.66
190.61 188.84 246.87 210.22
230.57 181.82 309.83 213.96
246.26 179.38 304.02 228.77
252.93 187.45 315.01 213.98
178.03 201.11 275.55 243.24
227.01 178.88 245.35 220.46
238.65 183.51 270.91 207.5
198.8 184.72 284.4 215.36
220.27 192.51 273.05 213.59
255.0 180.57 287.05 207.29
247.57 179.43 264.18 218.86
235.63 179.68 254.43 219.4
165.18 190.91 258.22 224.38
221.32 189.62 287.2 238.56
215.44 189.1 292.08 250.9
230.9 179.33 250.34 219.79
215.91 188.41 297.2 224.44
241.24 173.87 273.18 247.4
206.69 192.15 279.53 236.97
223.64 178.57 240.81 220.88
249.88 172.95 280.66 244.94
217.19 184.72 255.99 210.16
204.22 187.62 249.88 205.84
251.72 178.74 267.78 219.4
220.34 198.09 305.82 248.07
214.93 182.4 298.91 214.95
223.84 183.69 285.24 229.89
225.02 172.22 259.49 247.74
188.75 180.06 332.75 246.87
146.7 208.42 254.64 252.85
169.94 207.52 232.48 233.55
188.73 200.61 204.04 247.37
96.19 209.25 223.26 259.07
173.58 211.07 240.07 236.51
131.98 203.36 241.2 245.26
182.18 207.07 244.5 232.39
117.83 207.1 237.85 253.15
744.96 176.69 771.95 191.47
739.41 175.71 768.02 191.23
732.57 174.33 765.3 191.99
747.43 177.49 778.48 191.47
723.94 173.18 761.08 192.34
742.76 174.04 772.22 189.74
728.57 170.07 751.76 195.05
733.32 165.94 746.61 200.56
736.43 172.61 759.37 192.6
750.31 175.04 775.29 191.89
730.56 164.59 745.14 199.7
749.73 176.59 789.45 191.08
742.79 170.97 771.98 186.88
743.7 171.46 766.64 189.0
737.23 166.29 749.13 199.42
729.55 167.87 754.43 190.92
724.37 168.96 761.89 187.64
727.23 166.17 749.6 192.19
732.1 169.43 766.34 187.16
727.85 165.07 741.03 205.3
739.99 169.83 763.76 189.21
747.26 171.47 779.96 186.91
729.1 156.49 744.87 194.77
724.8 169.22 746.37 197.43
732.12 169.97 746.54 210.19
731.89 156.97 747.23 193.73
742.58 166.81 754.88 196.68
758.45 176.34 802.91 191.41
730.18 168.74 744.29 212.79
755.06 171.55 766.13 193.84
755.51 174.01 796.01 188.62
751.29 170.73 762.49 194.49
722.69 165.84 735.93 206.09
755.49 174.49 785.07 191.73
719.48 170.11 757.5 191.41
747.1 169.33 758.83 195.41
757.87 171.41 769.24 193.84
752.85 170.61 779.13 189.39
727.01 161.97 749.87 186.82
718.58 165.34 732.65 204.3
721.24 174.37 758.41 196.31
751.19 171.06 792.05 186.61
750.13 167.41 762.85 191.87
762.4 172.79 809.72 189.67
765.97 175.7 814.8 192.83
719.48 169.43 739.41 196.54
760.99 172.46 788.52 190.71
728.71 173.82 749.75 200.06
735.93 157.85 750.63 193.05
726.32 155.67 740.47 196.19
721.19 160.87 735.82 200.59
743.97 179.21 772.22 193.99
742.44 166.48 766.68 185.64
761.3 170.61 773.33 194.41
735.78 170.8 749.42 208.95
722.94 164.13 763.29 183.28
757.97 168.85 803.65 186.48
755.89 169.41 783.65 188.97
735.26 163.99 759.66 186.2
708.68 167.08 782.27 197.96
760.56 166.41 774.21 192.68
740.39 166.51 773.05 183.25
715.92 172.24 750.95 193.17
740.87 158.91 755.65 191.93
764.0 173.88 794.8 191.93
765.21 168.15 777.59 193.79
716.67 159.77 732.94 200.09
741.96 176.28 763.09 193.68
745.23 160.12 760.3 191.24
737.83 178.66 768.71 194.61
725.29 155.48 747.9 182.7
715.22 164.56 729.05 204.24
750.56 166.27 775.1 186.38
746.21 166.28 782.4 183.1
748.77 162.21 763.4 190.94
723.15 160.81 745.4 188.63
740.82 171.97 753.49 207.03
707.83 161.84 795.76 196.58
735.27 175.6 756.71 196.06
768.17 170.68 799.5 191.52
750.29 174.25 762.17 200.51
769.76 168.31 782.52 193.94
717.96 164.15 738.87 191.68
715.63 169.56 735.66 195.52
765.11 167.53 814.69 187.32
774.23 162.41 812.25 276.6
730.08 177.77 764.31 195.89
764.77 167.26 793.84 189.05
756.58 162.93 770.46 191.67
753.2 162.73 766.59 190.84
753.18 174.12 765.29 200.16
746.17 173.75 758.16 203.47
724.56 165.86 799.84 195.85
721.48 150.53 735.64 192.54
744.17 153.06 760.26 187.94
717.68 162.24 755.85 184.44
729.65 161.66 812.07 194.91
690.61 158.72 776.75 196.61
728.35 156.23 753.59 181.87
773.64 167.46 786.88 194.49
715.82 163.21 769.98 200.83
792.37 152.89 855.24 202.67
798.02 159.12 817.98 221.39
801.73 158.79 822.47 221.71
794.61 161.19 815.24 219.8
792.68 158.32 854.18 219.45
791.56 158.63 856.14 186.19
780.11 157.6 843.96 209.18
787.17 170.37 826.84 208.94
775.55 172.07 842.93 201.01
790.5 163.73 813.41 215.94
796.59 164.7 841.01 206.68
795.39 154.31 839.53 195.92
768.97 174.15 824.83 194.11
780.22 168.22 850.05 196.57
789.99 162.66 855.27 191.75
787.92 163.43 833.21 202.86
773.75 176.03 836.12 198.87
796.8 155.52 820.95 207.95
794.28 150.09 832.3 213.28
773.35 162.43 836.42 216.1
782.67 174.67 851.08 203.52
764.18 166.29 845.33 199.57
796.81 172.58 836.08 213.76
786.79 153.99 823.25 222.41
754.17 159.88 845.82 196.03
793.3 156.91 816.57 207.83
770.71 170.07 830.43 193.0
774.67 178.86 843.29 207.87
790.34 157.74 811.82 206.63
742.01 166.62 820.03 197.28
1036.5 152.51 1146.3 184.44
1034.1 158.61 1146.9 191.27
1016.0 152.48 1066.6 177.66
1036.7 146.88 1139.4 179.43
801.76 146.93 831.75 234.58
793.78 150.66 826.65 236.3
799.62 165.91 816.58 232.99
801.8 174.83 821.05 242.27
798.38 175.35 817.66 242.76
795.35 168.31 813.74 232.0
785.13 152.28 820.86 249.81
790.29 172.9 810.83 236.55
792.57 165.21 811.33 228.53
1062.0 150.54 1170.7 184.82
972.72 162.16 1021.4 182.19
258.64 182.33 321.65 210.12
257.45 177.09 305.99 208.14
265.51 176.41 286.69 219.39
259.66 186.98 333.77 221.2
268.32 175.4 291.19 220.94
268.85 182.14 326.32 206.93
258.71 179.44 297.1 212.49
271.67 175.54 296.27 221.12
270.7 172.39 290.54 213.66
263.45 179.5 282.17 224.65
264.2 176.68 282.09 214.52
256.15 180.49 317.79 226.45
298.56 176.43 318.06 223.08
264.01 180.61 318.56 201.97
269.9 181.73 290.73 231.91
267.71 182.29 285.89 230.48
277.42 172.58 298.65 215.94
258.0 172.32 289.93 244.52
259.19 179.39 312.64 214.56
260.69 176.87 277.01 218.29
265.48 173.01 297.54 243.52
271.88 185.7 293.98 236.36
272.75 170.53 296.3 211.95
260.68 181.64 301.57 218.13
294.57 176.05 314.3 221.02
313.61 163.81 353.1 238.73
302.59 175.89 319.6 219.59
274.87 183.21 333.81 213.14
231.53 177.14 267.22 256.82
256.15 178.22 272.2 219.37
259.42 192.0 336.37 231.07
235.16 190.03 299.98 256.67
256.38 171.86 336.21 208.59
0.0 174.73 7.7234 227.93
205.77 203.29 299.2 257.62
192.69 200.75 207.95 248.7
208.37 195.0 224.76 243.39
197.16 199.1 211.88 247.58
169.84 206.65 275.06 253.39
204.64 198.96 220.52 247.74
247.72 177.1 281.95 260.62
201.05 198.82 216.54 247.95
211.93 194.48 228.4 244.38
817.72 146.1 843.31 208.55
827.95 145.76 849.35 207.33
814.52 150.58 843.07 220.54
822.07 146.77 846.97 211.92
814.82 149.4 840.38 215.1
808.85 147.46 838.05 234.33
821.59 153.13 847.41 222.65
813.57 147.17 835.22 204.98
822.66 149.87 851.05 235.84
818.23 154.96 838.13 220.38
821.56 153.29 841.19 219.7
812.29 153.73 835.95 216.52
814.92 148.7 846.23 247.09
832.42 141.59 850.54 201.76
831.54 149.91 851.12 211.31
808.81 147.68 841.17 210.72
809.37 147.39 831.56 207.37
830.91 151.93 857.23 225.31
840.76 150.55 873.67 236.47
810.37 158.11 830.5 220.3
805.82 158.74 826.81 220.64
826.44 152.6 843.17 218.51
785.51 156.65 861.55 193.37
814.96 158.3 832.87 223.65
804.12 151.84 843.23 192.84
818.93 148.99 839.52 195.76
830.58 146.07 848.46 196.29
831.32 151.19 862.58 242.51
837.65 140.76 853.77 199.37
830.76 152.9 846.24 216.42
825.72 144.95 845.21 195.85
807.18 153.73 858.46 213.1
802.41 147.98 836.0 209.19
816.09 148.75 835.09 194.84
803.65 166.26 820.64 232.31
810.37 148.18 847.22 198.35
845.36 145.71 870.85 210.29
807.35 165.89 824.55 231.25
776.75 163.05 859.42 200.02
836.5 151.43 852.65 209.47
842.99 139.37 858.45 197.69
772.55 166.72 865.35 207.07
811.27 166.05 829.12 229.69
804.03 150.58 827.82 209.87
805.97 158.13 845.24 204.45
834.38 153.78 849.34 214.22
806.12 174.88 825.02 241.4
819.14 166.67 836.1 227.36
804.66 159.32 864.97 223.8
815.68 151.46 844.64 202.54
810.35 175.48 829.0 239.99
822.6 166.35 839.94 226.27
812.08 149.56 831.15 195.22
816.58 155.2 869.4 214.13
810.35 150.14 844.15 185.34
781.82 161.62 848.87 232.42
814.43 174.22 833.14 239.73
818.14 174.11 836.72 238.59
796.72 154.25 857.68 181.82
824.23 148.74 842.02 190.0
814.04 156.66 850.88 205.34
816.57 149.94 864.81 203.19
822.31 149.19 849.32 204.18
802.34 165.73 873.89 231.73
847.03 153.76 862.49 211.09
821.43 173.1 840.85 236.08
803.9 168.95 843.51 210.14
817.43 143.18 849.02 190.12
842.61 152.42 857.67 209.45
827.16 166.76 843.57 224.65
823.11 148.69 851.77 199.4
789.46 170.26 856.34 200.17
834.72 149.32 850.42 194.05
839.23 155.64 853.16 214.63
803.42 151.07 840.33 183.56
807.77 148.83 828.54 195.76
825.98 171.97 845.01 233.92
802.88 145.28 825.33 199.61
831.93 166.84 847.35 223.76
799.5 153.69 874.31 193.63
830.75 171.76 848.8 234.14
795.85 165.01 864.34 195.51
790.46 166.05 861.89 241.13
802.97 157.6 866.6 188.95
835.94 167.12 851.38 223.71
820.25 163.21 852.95 208.19
831.02 148.8 855.56 205.82
824.62 146.43 849.68 184.66
778.94 174.55 850.87 251.44
834.5 171.87 852.42 233.97
838.53 169.9 855.78 229.63
814.68 168.21 851.02 210.79
808.28 173.23 847.64 215.0
842.17 170.38 859.71 229.42
816.76 150.31 845.91 181.06
808.74 151.83 861.35 176.9
764.74 185.12 866.92 235.8
757.08 153.78 858.52 192.44
755.2 152.71 865.05 242.74
799.4 133.28 857.45 251.75
534.31 166.75 546.46 201.86
530.48 166.5 542.74 201.17
527.07 167.4 539.3 202.17
538.67 166.91 549.64 201.72
523.0 167.17 536.28 203.38
524.79 169.99 539.08 210.46
859.95 142.49 882.64 209.79
855.49 142.57 875.16 208.72
858.86 142.69 879.16 200.14
854.12 146.47 882.29 214.13
866.86 141.41 887.3 208.26
864.5 145.97 883.63 198.63
852.71 143.59 867.46 202.19
847.1 145.93 893.7 205.58
854.82 146.64 883.31 193.8
851.33 152.03 868.34 211.66
848.11 142.08 862.47 196.91
872.87 137.04 891.19 204.75
851.69 152.28 884.55 201.38
857.43 143.19 887.26 189.86
857.15 145.6 874.05 191.95
859.95 146.47 888.58 209.28
832.52 148.95 883.17 201.49
856.21 148.62 881.69 181.55
850.73 163.0 886.08 207.19
877.37 140.47 896.29 208.33
854.42 156.09 889.33 205.54
855.59 150.36 911.11 206.98
823.64 165.63 921.69 210.82
832.8 154.44 902.77 194.47
841.57 155.79 896.41 184.1
828.18 159.6 906.93 201.99
847.38 151.84 893.41 175.3
854.82 143.55 867.35 190.47
837.89 161.45 898.59 191.89
820.03 153.4 893.82 191.26
858.47 149.53 890.49 198.93
850.54 148.81 873.93 193.58
835.48 172.13 902.38 198.99
836.7 161.82 925.24 203.89
880.61 138.64 900.17 204.04
830.56 150.56 897.37 187.5
839.29 151.33 920.04 189.98
861.68 145.14 880.55 191.67
835.05 167.39 898.17 195.24
855.63 149.32 886.68 229.12
856.05 146.0 880.26 216.76
851.73 148.3 890.68 239.64
851.09 151.57 880.78 226.86
861.8 146.82 886.8 218.17
859.76 150.49 892.97 231.27
845.21 149.83 884.01 246.86
856.43 147.91 901.12 248.32
852.86 150.02 875.62 216.84
867.25 146.46 889.72 221.75
844.64 150.95 896.8 217.44
865.62 148.48 906.42 241.86
838.56 153.0 903.41 229.59
871.84 145.79 893.26 224.01
867.27 144.95 898.83 219.04
818.79 163.13 897.41 233.01
830.71 154.42 885.15 215.71
813.67 187.37 929.43 236.34
861.81 153.96 881.84 215.42
876.28 149.36 897.07 221.31
817.79 172.23 925.44 220.85
825.37 169.4 910.6 238.92
814.66 160.45 879.64 224.82
810.4 179.24 916.96 226.75
852.95 156.19 913.46 218.84
829.25 176.59 921.21 249.04
843.33 161.65 922.67 238.29
872.83 150.32 914.46 240.42
880.16 152.24 900.86 218.0
807.57 194.09 931.11 246.9
876.57 142.17 910.71 216.69
838.43 137.13 897.71 247.24
858.55 159.95 877.86 215.99
828.4 180.56 942.95 229.6
855.22 160.79 872.74 216.59
847.53 157.32 936.48 195.47
849.66 182.35 933.31 246.69
809.85 172.93 897.87 248.38
858.5 158.12 927.98 215.71
808.24 151.74 923.14 233.15
798.56 159.83 880.22 200.87
262.8 177.86 298.72 261.59
