684.13 176.12 712.4 240.21
642.89 153.32 659.65 188.44
638.87 187.3 663.51 205.18
657.38 153.12 667.82 179.69
744.34 144.36 757.94 220.86
739.86 150.9 775.91 200.67
742.81 148.75 748.96 202.38
758.96 193.41 774.41 197.31
314.18 185.07 472.89 271.51
0.0 150.42 327.24 375.0
513.39 148.32 557.62 202.76
539.54 187.5 586.89 220.87
535.49 149.22 539.19 210.42
558.63 182.36 571.47 186.81
527.17 197.34 540.39 206.65
532.65 148.47 647.55 202.67
101.11 107.6 269.53 266.22
768.79 135.25 873.29 220.79
1085.12 50.39 1242.0 375.0
421.45 141.14 531.63 218.73
823.15 140.31 988.97 226.73
90.742 97.272 225.31 290.26
130.0 98.908 254.82 288.76
154.88 131.67 221.05 296.49
49.155 150.46 275.27 215.28
87.553 159.71 265.78 231.07
88.013 154.57 298.89 216.61
4.0938 159.27 300.23 362.43
789.93 140.58 961.42 215.55
1091.7 0.0 1242.0 375.0
387.19 184.63 516.08 261.04
475.44 149.39 584.46 236.8
388.19 173.11 534.7 248.57
450.94 146.17 566.08 238.26
403.4 155.21 568.6 232.5
545.57 187.07 595.32 217.14
544.69 181.52 604.46 220.48
529.15 188.77 596.56 228.94
546.01 177.76 608.84 212.89
565.4 186.87 593.25 217.37
501.22 170.73 635.32 235.49
565.94 182.52 594.63 211.92
507.63 166.28 609.11 241.93
482.57 165.15 620.65 231.14
556.96 180.01 619.82 218.14
512.27 159.42 663.77 225.45
529.55 173.47 601.36 207.35
568.36 171.1 593.57 234.05
511.3 156.53 621.61 233.57
574.63 174.98 658.5 205.55
585.53 170.38 669.65 201.76
558.14 175.89 627.26 210.6
564.35 175.1 640.43 207.05
564.46 180.82 635.84 216.46
582.48 181.13 662.33 215.09
483.84 180.85 628.97 253.37
526.11 111.32 596.41 255.68
533.72 164.69 641.3 242.84
517.17 174.13 616.27 257.21
531.5 167.7 689.25 236.63
527.58 153.05 647.73 233.74
500.03 141.0 613.88 229.68
483.59 149.05 634.28 221.21
315.32 189.31 470.13 278.3
297.99 185.15 458.91 262.69
333.16 202.97 474.32 283.63
361.9 163.79 432.45 297.01
354.82 172.19 418.89 300.37
357.09 167.86 438.74 271.03
345.56 185.36 486.62 256.13
325.1 192.63 443.53 259.21
355.91 195.48 481.28 276.14
368.04 184.44 448.6 307.3
310.4 212.82 461.43 290.36
334.31 207.14 456.53 277.19
317.7 189.64 428.86 247.03
334.62 189.17 458.5 268.23
341.81 189.97 451.1 250.04
276.18 177.99 430.63 257.74
360.85 189.32 460.42 242.95
325.41 176.89 472.53 253.25
299.71 171.74 475.97 239.46
349.02 196.01 467.15 258.32
325.26 182.4 418.06 256.74
326.09 195.7 469.29 282.06
300.65 168.43 446.92 251.84
327.3 170.72 500.86 236.23
345.44 148.3 427.13 267.75
264.17 166.72 439.37 239.08
330.34 185.22 432.57 231.25
365.74 196.87 472.13 275.41
314.47 210.05 437.6 271.28
300.58 201.17 438.98 285.68
365.72 178.86 508.08 249.26
309.97 199.39 425.93 258.77
364.65 176.33 418.16 287.56
354.8 183.3 452.56 229.35
322.06 183.79 424.33 222.9
338.4 184.31 446.26 221.98
358.43 167.8 490.67 241.04
777.11 157.25 872.52 195.41
777.6 150.03 870.64 189.0
788.57 147.9 892.29 186.85
789.26 156.58 893.65 194.21
785.58 163.43 880.43 202.14
765.04 157.27 842.62 194.81
804.4 172.34 906.94 211.8
804.43 164.68 905.54 204.12
806.15 177.99 908.02 220.46
785.88 153.04 848.32 202.33
775.67 163.47 851.99 199.95
785.36 141.54 879.72 180.75
787.63 145.65 854.54 196.26
809.49 185.87 907.28 227.89
796.17 140.15 900.41 179.87
805.59 146.95 918.34 186.8
772.8 143.61 860.74 182.35
793.19 158.53 853.49 208.62
788.88 171.46 878.56 210.22
778.59 147.16 842.35 196.02
799.92 140.37 836.08 221.67
794.67 150.68 865.33 201.84
805.25 154.45 918.76 194.98
806.72 148.73 841.03 226.55
773.31 154.85 834.06 199.2
760.04 164.03 827.31 198.69
787.99 113.46 853.38 258.22
733.85 141.36 881.11 215.27
535.29 181.33 590.3 224.06
538.58 183.85 586.73 222.89
542.05 180.57 582.36 215.38
535.49 181.11 579.26 220.13
537.95 180.19 573.03 213.62
531.42 182.92 577.71 210.67
528.47 178.57 589.57 214.34
532.95 188.26 576.94 222.91
544.16 182.63 592.5 212.74
537.0 182.45 584.14 206.84
547.69 176.04 573.71 225.36
545.7 172.29 579.03 232.97
537.84 175.16 560.34 224.33
552.67 176.32 580.2 224.84
546.25 173.75 568.51 221.93
533.27 181.49 574.34 205.45
526.47 179.86 580.7 224.27
542.89 174.14 562.84 221.0
539.5 172.68 556.64 215.51
548.29 179.65 585.26 209.27
535.48 178.58 561.68 209.2
541.34 173.23 573.0 231.52
544.24 179.73 571.13 204.85
535.69 171.13 551.89 216.15
540.45 177.57 565.18 225.92
528.0 186.17 574.56 214.34
543.93 172.74 560.51 213.96
547.46 173.77 565.57 212.9
539.89 178.11 565.41 204.36
544.52 178.33 569.43 230.04
535.98 176.24 559.8 203.69
550.47 172.61 569.8 215.59
562.01 176.48 587.06 222.02
559.06 184.01 591.94 215.53
534.62 192.9 586.84 225.81
541.34 179.69 576.66 241.42
548.9 181.46 579.86 204.15
549.82 182.96 591.97 205.61
550.84 188.73 591.28 221.19
537.73 180.23 576.08 200.25
532.48 169.05 548.09 215.36
544.76 181.78 585.0 200.41
568.12 177.3 589.77 221.57
554.3 172.6 573.85 215.26
558.3 172.78 579.11 214.36
532.42 174.86 555.91 203.69
529.35 177.73 569.26 200.19
534.61 186.38 567.93 220.89
555.93 172.91 584.99 232.36
534.83 172.88 558.15 198.03
535.15 174.03 555.68 221.63
531.88 170.82 554.42 198.33
528.75 166.11 544.43 216.71
561.89 174.36 582.61 213.61
536.96 185.38 562.25 228.78
557.15 181.01 582.25 228.8
556.22 181.82 588.3 208.09
533.06 170.82 563.81 231.67
538.33 174.68 563.01 198.01
540.42 159.59 582.14 232.42
542.67 175.39 569.55 198.4
545.85 185.48 572.34 236.17
525.45 170.4 580.6 213.77
565.03 182.65 585.83 225.52
529.45 173.91 566.14 193.68
532.79 165.36 549.39 205.4
525.27 166.42 540.74 216.67
536.34 167.62 551.93 204.97
520.67 170.65 588.06 204.33
567.25 176.01 585.05 213.37
534.97 157.5 571.02 230.33
527.23 180.35 566.76 203.9
537.97 175.6 576.01 194.2
508.9 180.73 578.97 221.41
521.52 166.94 537.14 217.62
505.73 173.25 579.28 212.65
528.21 156.53 561.52 229.78
517.93 168.09 572.17 211.98
513.17 172.06 563.72 218.25
524.96 161.37 551.95 231.1
533.62 146.67 567.92 219.58
492.57 179.8 571.81 219.98
504.01 158.76 583.8 197.36
498.24 165.63 581.37 203.66
503.53 146.15 537.67 234.99
493.5 134.34 531.67 226.92
512.65 148.39 544.35 230.61
521.16 157.49 579.66 202.74
520.11 144.39 553.75 221.32
542.04 146.46 577.91 219.47
634.49 181.63 672.77 202.63
644.39 180.92 682.14 201.43
660.51 180.0 690.66 197.41
653.94 179.71 686.46 197.84
664.88 180.35 696.68 197.87
633.28 182.66 663.37 203.43
667.34 180.36 702.15 200.5
631.05 181.36 666.15 200.24
686.97 182.62 710.97 243.09
663.56 177.81 691.52 193.35
672.84 179.28 710.17 197.75
688.87 174.97 710.59 227.56
673.72 179.0 701.08 203.4
657.18 178.36 686.52 194.06
675.61 178.4 706.51 206.2
670.45 180.1 711.31 202.95
681.26 177.37 711.75 208.3
668.12 178.99 693.35 200.04
667.53 178.62 699.47 194.89
641.67 179.21 674.93 195.84
648.82 177.7 681.94 195.12
685.08 179.62 713.1 212.38
691.39 177.3 713.36 232.49
732.79 175.18 763.16 194.65
687.03 175.66 706.92 222.22
674.65 179.09 699.89 197.38
690.93 174.24 709.19 216.14
676.31 177.87 708.8 193.11
636.17 180.25 668.27 198.46
682.29 176.49 703.87 227.64
682.64 175.89 712.65 239.36
686.23 178.99 711.45 201.7
692.75 176.31 712.28 219.21
652.66 181.79 685.53 201.59
639.2 184.96 671.96 203.48
682.97 182.9 710.71 223.44
683.0 182.78 704.66 239.97
660.21 182.23 691.06 202.22
678.25 178.66 704.9 197.69
685.95 191.82 705.87 242.52
679.81 180.43 718.56 203.25
676.86 183.11 717.85 207.51
679.31 177.16 695.84 215.24
683.17 173.98 699.6 213.59
629.37 180.28 658.63 201.09
682.14 179.83 717.28 197.18
680.23 180.85 708.67 215.39
681.08 188.19 710.62 233.59
683.76 177.87 709.03 197.58
726.0 176.44 754.86 194.09
691.53 188.18 712.63 241.7
692.92 174.96 707.7 205.38
689.22 173.31 704.39 206.01
732.82 175.01 756.8 197.66
674.65 176.46 717.61 225.59
719.82 178.42 747.43 193.85
697.21 175.88 715.41 232.29
714.93 178.6 741.91 193.46
643.04 178.52 658.91 208.74
676.89 177.91 691.54 210.69
681.48 174.68 695.53 205.05
641.37 174.73 657.48 202.51
698.35 175.84 714.39 219.47
663.93 175.85 693.51 190.03
685.27 173.32 699.35 204.96
647.0 182.7 675.81 202.27
680.22 179.08 697.89 229.46
640.94 174.26 702.84 204.36
691.64 177.23 715.42 205.5
652.04 173.39 713.48 204.81
658.83 176.34 689.11 190.51
678.68 174.74 691.22 202.64
710.01 178.89 737.54 193.44
673.01 179.29 686.84 209.07
697.19 175.06 710.36 205.09
646.89 178.88 662.08 209.73
671.39 171.58 720.34 218.03
630.3 178.58 666.75 195.48
657.2 176.26 670.9 207.81
631.75 186.58 660.92 205.12
677.77 180.95 702.57 211.19
660.58 174.17 674.91 204.68
687.72 179.71 722.55 201.26
683.64 177.73 715.66 192.36
670.72 177.8 695.91 193.49
703.02 180.06 731.19 194.62
677.48 180.76 720.52 241.81
690.51 179.59 721.18 195.92
689.57 197.91 707.8 244.28
648.04 173.94 662.62 202.77
665.37 176.88 677.09 205.88
697.31 179.79 725.2 195.33
652.68 176.32 665.79 207.75
677.62 171.21 708.01 236.03
675.05 175.22 685.69 201.26
670.14 177.31 681.69 205.2
674.7 172.65 685.86 195.85
668.76 179.43 682.92 207.91
678.61 175.79 710.97 190.91
675.15 188.5 720.61 215.56
670.98 175.75 702.99 190.01
685.32 202.06 701.77 243.28
634.88 173.68 687.57 207.3
704.23 174.71 716.56 210.6
698.01 186.58 716.48 243.97
657.32 171.48 672.63 198.38
665.47 173.31 677.9 197.23
643.81 172.66 660.96 197.8
693.43 178.81 715.78 199.63
702.54 176.12 717.57 218.2
649.42 175.67 682.67 189.96
667.99 180.67 729.33 215.84
670.95 172.78 681.86 196.0
737.32 169.29 767.03 188.39
727.18 174.09 750.29 193.36
689.38 178.45 712.37 195.92
699.73 177.92 726.96 192.45
722.11 175.27 750.12 191.28
682.2 199.61 708.82 240.92
674.1 181.37 696.66 206.85
698.43 178.22 719.51 201.74
665.29 174.98 728.93 208.64
704.71 178.97 726.99 196.37
649.3 171.77 663.89 196.55
680.19 176.99 704.15 194.02
680.12 181.34 700.76 242.7
653.8 171.23 667.97 196.86
670.78 184.2 710.08 207.93
667.22 184.84 728.81 225.39
682.42 181.26 724.12 206.76
701.69 174.61 713.04 205.56
701.03 178.04 719.55 238.57
723.78 179.6 757.4 197.67
672.21 195.26 721.92 223.81
642.1 176.05 676.09 190.91
686.4 167.58 717.06 232.1
629.37 189.39 662.0 207.1
716.03 175.67 743.19 190.74
700.84 172.6 718.39 224.27
670.04 181.73 690.89 204.5
685.75 176.49 708.72 193.8
703.05 178.56 724.52 200.15
677.33 170.78 691.0 195.6
732.76 169.49 761.73 188.82
643.14 176.91 671.16 193.12
738.82 169.82 750.79 203.05
698.0 180.77 729.7 197.61
691.87 177.38 721.79 192.67
707.64 174.71 720.83 209.44
685.79 177.66 714.95 257.97
677.72 177.4 691.61 222.86
716.94 180.91 749.15 196.39
681.7 170.76 694.68 196.93
694.06 197.76 710.61 244.44
726.85 177.39 750.85 198.24
693.76 178.12 721.34 253.01
664.71 181.93 687.41 203.38
710.37 181.08 743.82 196.12
732.71 170.41 755.27 190.99
700.02 178.79 721.74 194.3
634.6 188.38 668.26 205.76
641.49 182.67 659.86 213.18
690.95 170.79 703.5 197.38
692.99 171.44 706.56 196.99
702.8 187.95 720.42 244.35
687.38 206.16 703.32 245.82
690.52 178.47 716.78 217.53
704.94 180.96 737.61 195.79
663.92 175.04 679.34 208.84
682.89 175.26 716.14 189.8
709.62 178.5 733.52 196.53
673.34 201.27 719.57 228.67
711.03 176.99 733.97 191.85
660.17 168.4 717.91 208.04
658.47 174.39 706.75 214.29
733.91 171.28 746.02 201.35
662.36 188.22 728.19 236.23
671.26 187.35 711.17 213.58
661.77 168.59 676.23 194.65
738.06 177.94 763.46 205.8
709.98 174.32 721.45 201.92
660.08 171.38 733.09 203.91
643.6 165.46 671.21 218.84
680.17 160.12 714.3 222.07
644.89 174.47 693.14 212.35
679.46 176.26 729.05 226.96
675.28 136.38 734.45 270.3
677.33 181.53 707.01 257.82
669.12 164.1 695.35 221.74
651.76 165.95 677.52 217.23
675.06 159.4 706.17 217.6
637.66 164.04 666.45 218.25
682.79 183.5 730.63 243.12
653.56 182.57 723.43 220.97
692.04 173.14 761.26 205.43
662.95 130.97 725.9 270.05
659.86 162.22 685.43 216.17
678.8 171.33 732.73 215.6
673.8 169.83 746.07 203.09
643.04 149.34 755.57 243.41
693.09 165.57 722.41 228.82
636.74 164.13 721.33 199.61
660.13 167.47 684.36 229.79
669.9 169.71 695.97 242.42
688.84 136.06 751.25 275.32
650.83 134.68 709.95 274.52
572.08 181.39 591.18 223.03
530.73 147.98 592.95 273.26
545.61 142.29 600.26 270.34
535.66 175.55 571.26 258.28
499.66 172.93 597.77 260.46
624.45 177.36 682.9 205.88
640.24 178.87 656.07 208.7
636.45 182.94 654.05 209.74
638.2 174.52 653.61 201.84
620.75 180.92 655.9 202.11
635.73 175.74 649.21 205.33
612.5 173.16 681.73 204.23
602.07 175.74 672.95 205.34
612.64 179.9 680.77 211.26
628.52 185.42 654.0 204.15
618.67 179.22 645.76 200.81
598.77 180.29 671.59 212.3
624.78 162.75 706.65 199.76
754.11 175.28 776.71 194.45
746.53 175.19 774.54 194.63
758.75 173.18 778.98 192.6
750.14 173.09 776.81 191.99
763.91 174.19 781.5 192.17
741.46 174.86 770.56 195.35
761.17 176.48 780.02 194.66
768.35 174.39 785.66 192.11
756.37 170.13 778.71 188.29
739.77 173.57 764.0 196.93
744.96 171.82 768.94 192.44
764.49 176.44 783.37 195.4
762.2 170.51 780.97 187.22
760.49 168.31 774.09 195.63
745.29 170.72 772.75 189.15
758.03 172.4 771.36 198.73
764.58 168.78 776.2 194.71
768.7 171.41 786.74 189.96
772.74 174.3 790.99 191.8
741.54 170.41 765.03 192.58
746.72 169.29 759.65 200.36
768.72 170.04 779.11 193.53
754.85 167.46 769.72 194.66
755.92 170.49 768.31 197.27
753.47 172.1 767.45 200.95
764.21 173.57 774.68 197.31
769.58 177.18 786.95 194.02
750.16 167.11 763.81 195.04
760.74 164.12 776.36 193.69
773.88 168.85 794.07 189.25
757.63 180.06 776.59 197.99
735.32 177.19 768.06 199.11
743.8 169.07 756.96 201.42
756.33 167.38 781.32 184.96
749.16 167.19 773.55 188.62
776.49 174.22 796.28 191.76
762.2 181.07 780.12 198.63
753.71 179.64 774.93 199.37
750.97 171.61 762.43 201.89
772.45 169.58 782.95 193.1
777.29 167.37 798.69 188.75
768.22 173.39 779.3 199.13
757.01 163.94 774.47 195.12
721.62 169.5 783.66 199.76
766.26 182.44 783.51 198.87
749.75 166.26 778.78 184.71
762.5 166.82 783.1 184.34
774.29 177.21 796.63 194.34
760.34 173.75 773.39 206.29
749.86 178.95 772.22 201.21
755.47 173.77 770.32 206.74
764.39 174.3 776.99 207.45
744.81 166.86 767.92 188.17
769.61 167.39 788.63 187.71
731.1 165.33 791.61 197.9
768.65 163.77 780.4 193.67
776.19 170.67 787.28 195.26
732.99 166.54 779.58 203.48
756.63 161.77 779.46 184.05
772.47 172.35 783.55 199.85
776.33 171.3 801.91 190.62
771.39 182.86 788.54 199.14
773.0 165.08 797.15 184.19
745.1 160.38 759.6 198.42
777.87 164.21 790.05 193.11
741.19 165.43 763.45 187.82
743.42 166.23 773.46 184.56
777.96 178.86 796.5 196.61
768.33 174.41 779.93 206.74
701.72 169.43 775.32 198.78
781.2 157.52 795.73 193.95
744.29 173.7 760.4 214.7
751.81 174.05 767.53 207.68
780.12 174.72 799.57 192.57
781.86 166.62 811.51 187.02
743.38 178.83 766.88 203.41
781.81 177.76 799.89 195.52
764.0 157.59 777.97 191.97
782.6 175.27 808.77 193.41
713.8 172.25 783.84 206.18
770.97 179.63 791.72 195.98
780.81 166.31 793.98 195.69
712.68 164.49 787.25 197.76
759.37 182.79 780.04 200.96
780.61 161.85 803.09 186.05
778.43 158.02 799.69 183.19
741.54 165.37 785.36 199.53
719.22 166.24 772.03 204.28
747.85 162.27 770.22 223.75
747.49 162.33 797.69 200.68
747.94 152.69 776.2 210.15
741.21 161.19 765.36 225.66
754.16 151.5 781.05 209.32
740.95 151.72 769.1 211.6
706.86 125.53 769.88 266.45
725.93 124.51 781.79 260.43
751.11 159.52 816.68 194.65
502.42 122.6 560.16 264.98
