457.69 178.73 533.38 229.07
417.89 149.78 488.4 202.01
489.47 153.12 509.71 188.5
508.43 152.77 514.33 187.75
466.99 153.54 482.06 184.35
484.64 151.77 489.89 186.92
480.07 178.93 497.75 193.29
469.65 183.72 487.05 188.44
536.04 186.71 540.97 199.81
525.46 153.91 532.43 188.72
432.16 150.0 460.62 195.71
442.99 151.12 460.89 186.91
455.84 153.39 467.08 176.06
248.08 149.05 263.88 193.4
182.8 143.98 226.29 154.27
231.51 144.71 240.28 173.7
279.64 148.22 306.98 157.92
243.32 146.99 268.27 195.65
205.41 154.15 210.35 174.28
209.74 146.51 228.83 162.33
232.05 152.54 241.84 186.38
256.89 152.02 273.46 156.66
219.73 152.6 226.09 176.44
243.23 149.69 248.67 174.61
0.0 202.65 16.05 264.63
313.67 147.61 395.43 191.13
646.08 186.61 648.86 195.36
1234.57 225.55 1242.0 262.45
164.06 144.59 172.64 154.17
122.54 141.31 174.95 158.32
148.88 143.39 156.74 173.75
326.72 172.13 382.34 195.07
332.75 154.84 363.56 196.37
443.88 156.92 446.38 169.81
0.0 106.4 21.59 367.17
226.36 202.18 333.56 245.94
41.9 152.16 57.83 180.44
0.0 148.07 0.32 177.44
374.49 145.74 475.34 219.75
1220.89 132.34 1242.0 258.58
348.98 149.48 416.45 195.95
343.38 167.7 429.52 227.47
20.81 143.82 55.27 167.41
291.84 162.47 320.19 167.42
1115.34 180.75 1128.1 202.26
1041.26 165.69 1047.2 180.93
1208.77 130.55 1242.0 276.28
1006.79 140.39 1062.71 222.61
1023.05 146.44 1033.7 151.92
387.34 174.23 409.42 187.13
398.6 141.34 422.23 222.93
964.54 189.29 1016.68 230.96
307.14 149.71 314.02 158.63
316.85 147.54 320.1 166.14
941.59 178.15 1007.6 209.19
698.36 150.08 746.65 199.57
706.2 156.51 731.17 196.51
696.85 151.93 725.74 196.39
706.94 150.27 718.64 203.55
178.79 241.23 224.26 288.12
1063.97 129.74 1242.0 253.45
801.36 200.6 843.19 223.33
832.61 182.11 837.44 200.72
242.49 215.67 274.53 241.82
701.53 141.01 901.3 218.65
708.07 188.14 719.1 193.29
791.9 158.65 818.64 182.5
799.28 148.04 822.27 211.75
807.43 185.21 826.71 208.7
819.84 149.16 824.61 163.23
795.36 172.64 808.06 176.2
797.96 175.03 809.74 183.39
793.11 156.88 811.99 178.64
741.31 157.77 750.33 193.62
739.28 148.0 754.55 157.17
743.21 165.83 761.31 187.48
731.74 156.6 742.96 160.31
847.21 183.97 850.85 197.67
695.16 152.05 704.89 200.27
0.0 111.79 31.505 317.57
0.0 105.73 49.111 323.08
1.7015 115.27 66.008 318.73
0.0 151.11 68.161 345.06
459.84 179.26 534.49 233.96
457.57 181.88 522.15 227.2
474.58 171.52 516.15 243.97
466.97 178.99 528.61 221.39
474.97 183.25 532.33 229.74
455.11 193.93 537.45 237.26
482.65 181.04 538.19 223.55
444.18 173.5 543.28 244.02
463.78 172.71 505.25 242.88
487.53 174.86 526.47 237.24
449.11 180.19 514.07 223.01
472.41 181.57 529.34 225.74
471.13 182.32 523.29 214.11
507.06 174.0 533.46 228.31
467.37 158.76 525.06 258.51
465.69 188.91 520.37 224.18
453.52 186.27 515.1 236.16
454.94 192.39 510.53 221.28
499.13 176.01 530.93 237.39
483.23 172.18 509.58 226.38
479.17 177.96 521.82 250.3
404.79 164.31 545.76 230.41
468.19 180.68 510.88 248.57
501.28 183.16 537.45 223.55
458.05 183.67 504.68 208.49
468.67 181.93 518.74 206.16
487.86 177.44 540.6 214.69
489.03 171.01 516.84 226.63
485.63 187.5 539.25 223.06
478.97 181.15 529.6 211.47
463.22 182.87 512.92 210.6
477.97 153.7 530.43 262.28
455.64 197.33 514.13 227.95
460.06 172.57 494.5 238.85
443.32 184.02 508.03 229.16
497.37 172.74 524.79 227.73
461.61 189.63 506.35 225.0
456.88 157.8 516.02 278.83
503.75 170.31 528.27 229.58
472.45 174.69 497.3 226.32
509.75 169.97 529.14 222.51
424.78 178.44 558.14 249.26
507.05 169.88 525.25 219.78
466.18 171.87 486.83 224.25
480.1 170.83 505.1 222.97
469.59 171.24 491.9 225.75
442.17 175.2 508.0 212.34
497.35 186.77 542.03 218.25
461.59 192.24 515.81 233.66
451.4 190.01 501.14 215.67
458.45 185.83 510.21 214.04
454.49 195.95 503.51 224.96
503.85 171.56 522.23 218.9
462.96 182.97 499.92 215.54
425.78 165.38 525.35 245.53
484.3 180.22 529.97 205.36
466.82 182.22 508.11 217.39
493.38 179.5 544.34 226.2
448.23 164.1 580.09 230.86
477.19 178.72 520.52 208.88
489.38 172.5 509.96 221.55
462.88 175.67 481.67 227.71
467.5 179.36 495.18 231.03
463.51 186.25 527.42 231.17
489.27 178.7 527.88 213.19
459.01 190.89 496.87 223.21
469.46 194.13 525.25 229.32
490.41 179.38 528.72 197.75
493.16 179.93 533.73 219.91
459.6 199.38 507.65 234.89
504.21 179.94 534.75 214.74
510.85 181.17 534.88 231.62
465.7 167.62 562.44 246.6
471.03 180.25 513.92 198.78
464.74 181.92 488.51 231.16
511.52 169.93 527.06 214.17
509.81 169.78 524.39 210.63
458.12 174.03 518.5 212.54
465.4 173.45 525.37 206.99
483.78 193.81 538.54 228.42
479.0 169.91 498.69 220.38
468.71 179.17 508.65 208.88
499.21 172.12 519.45 217.76
454.02 181.79 499.86 204.34
457.1 164.6 490.24 232.8
499.25 177.4 530.6 208.0
476.03 162.25 517.59 230.6
499.59 179.45 527.62 200.11
475.23 171.14 494.43 218.39
476.29 173.05 501.32 227.04
447.87 145.56 497.75 270.89
506.84 170.16 521.33 209.89
442.69 177.05 496.52 222.73
491.26 176.58 526.04 254.77
466.19 200.35 523.07 233.15
453.67 199.07 521.91 239.45
495.27 171.12 514.61 215.97
483.78 169.87 501.33 214.91
487.47 171.19 505.06 214.6
505.42 174.29 539.06 242.13
460.32 181.96 492.18 209.99
462.03 179.45 504.88 199.39
464.11 192.24 489.96 236.24
507.01 186.54 538.03 219.52
505.8 177.25 531.54 200.49
468.95 171.27 484.53 218.05
462.34 189.62 483.26 234.95
480.34 179.66 514.71 200.71
446.57 171.42 510.35 206.13
494.93 142.64 548.45 272.78
437.56 151.13 544.6 231.56
468.78 160.09 508.01 226.92
485.66 164.01 524.35 229.32
445.11 204.56 530.12 242.92
440.8 184.58 540.87 264.66
453.07 166.27 480.05 235.37
418.19 152.67 561.69 218.12
479.95 173.58 540.12 204.5
423.97 124.74 481.43 267.29
424.64 179.85 491.69 218.61
424.25 172.6 492.18 209.64
438.69 171.86 493.95 215.97
462.75 157.6 497.88 227.35
444.86 178.49 583.46 255.4
426.7 167.02 501.46 202.26
413.25 155.94 494.06 193.66
484.13 187.67 545.28 234.0
404.21 139.59 524.79 222.77
477.44 183.4 512.44 256.87
495.36 161.93 528.22 225.17
497.69 179.94 560.89 220.01
416.74 190.05 566.52 264.37
425.15 186.86 489.17 225.04
421.79 150.7 499.76 188.07
498.57 174.34 561.06 210.44
495.93 170.06 557.53 202.02
433.3 159.09 503.96 193.93
502.43 175.65 531.31 261.24
736.22 131.54 904.41 190.24
322.12 155.99 429.51 194.9
335.06 149.35 433.92 187.5
340.93 162.89 443.84 201.94
352.4 142.84 509.35 208.73
348.13 154.46 449.38 194.22
322.61 178.35 426.27 220.15
329.37 170.66 431.62 210.14
354.78 154.22 509.44 222.32
375.29 148.72 469.54 188.66
389.62 168.1 529.71 241.14
392.22 156.13 482.52 194.52
329.17 127.69 491.87 194.37
335.11 143.83 430.49 180.57
344.28 177.98 441.22 220.25
352.52 170.14 446.18 208.83
394.75 149.81 504.61 234.01
398.01 150.0 488.66 189.11
357.5 127.57 521.94 194.52
365.87 141.8 460.63 180.8
386.05 141.24 483.02 180.67
396.53 164.68 479.34 200.99
370.08 135.67 487.21 214.68
333.11 139.04 456.19 213.22
404.45 122.55 465.37 272.07
366.2 162.88 462.43 201.21
332.96 185.58 431.01 226.71
372.74 146.59 484.2 231.21
397.9 160.36 500.48 249.79
387.41 121.83 449.24 272.28
361.8 166.59 511.42 238.81
371.14 127.08 433.27 268.33
397.96 172.98 477.3 209.98
380.31 156.66 532.33 227.35
460.54 177.79 477.69 229.14
462.28 119.29 532.24 256.45
436.94 105.29 499.36 255.74
311.23 164.05 420.59 202.2
302.91 148.25 461.31 207.69
303.67 169.96 414.59 210.78
303.71 157.48 413.87 194.35
300.54 157.38 457.35 220.82
294.99 178.06 407.47 218.84
398.35 132.45 413.71 178.16
402.36 147.71 416.4 194.47
306.85 150.52 411.31 186.26
401.6 131.8 416.44 179.44
402.04 141.26 415.9 186.62
298.61 131.63 464.09 194.54
394.36 131.67 410.01 178.87
299.13 168.13 461.28 235.81
307.64 186.0 412.44 226.7
315.25 150.16 438.44 228.35
299.06 141.59 428.45 215.72
305.72 142.88 409.83 178.53
300.41 193.01 404.09 233.19
301.95 160.58 425.85 243.88
324.31 164.46 407.7 215.31
299.48 125.74 429.07 200.45
332.68 159.35 413.18 206.4
315.2 160.33 399.66 207.36
308.09 165.98 392.68 216.33
667.77 126.39 770.27 162.85
667.2 133.78 769.11 169.59
689.71 125.6 782.52 162.77
661.3 118.55 761.91 156.16
648.0 125.15 746.24 162.8
1035.7 144.26 1204.4 205.82
1017.5 158.71 1192.8 222.77
1080.6 101.64 1242.0 282.69
291.61 161.58 375.44 208.05
354.96 130.75 417.86 266.29
338.32 131.53 403.73 265.18
291.83 172.76 376.89 224.03
1061.7 158.89 1076.7 202.48
1000.6 157.14 1095.3 194.8
1057.5 157.85 1072.5 201.83
1015.5 164.29 1107.6 199.98
1001.0 150.04 1093.8 186.26
975.4 157.81 1073.4 195.96
1053.5 157.86 1067.9 201.76
1035.4 141.98 1052.7 188.58
1020.1 146.47 1036.0 198.17
1049.6 155.09 1064.2 197.73
1032.6 144.2 1049.2 191.72
1061.2 151.82 1077.4 194.35
1016.1 150.15 1033.5 201.67
1037.9 168.62 1083.6 188.39
1051.4 168.16 1095.2 190.36
1020.7 152.53 1037.1 206.72
1038.8 164.86 1083.4 184.42
1038.7 171.54 1084.8 192.95
1050.3 152.56 1094.9 174.09
977.63 150.13 1074.0 187.68
1007.6 142.04 1103.6 179.22
968.51 163.04 1067.3 201.2
988.58 162.75 1088.5 199.64
1017.4 171.53 1110.4 208.5
987.42 142.77 1078.2 178.55
965.2 149.07 1054.7 185.47
996.38 134.25 1092.6 170.45
973.03 141.12 1061.0 178.35
1015.8 178.23 1112.9 216.78
1036.5 152.4 1102.4 197.44
954.23 141.24 1046.0 178.78
979.7 133.75 1071.5 172.71
985.42 120.67 1113.8 203.7
951.94 156.82 1051.6 194.01
1020.0 152.36 1088.5 198.66
962.44 132.71 1052.6 171.89
1027.5 148.38 1095.2 190.91
996.02 169.15 1096.5 207.56
1027.2 160.18 1093.9 204.98
1014.0 134.68 1110.4 172.08
996.17 153.17 1065.2 198.82
1056.1 139.14 1087.5 216.25
956.32 118.54 1084.6 204.94
1024.3 92.292 1090.7 235.41
1011.0 148.06 1080.8 191.82
271.4 160.9 437.29 221.36
270.54 149.99 439.52 208.69
281.4 164.98 389.62 203.31
271.45 172.54 385.53 211.56
271.08 179.53 384.98 218.59
279.89 157.38 386.34 194.77
271.58 171.86 436.77 235.19
268.04 133.91 439.38 193.99
281.49 151.14 383.52 187.53
279.97 186.12 391.6 225.13
261.83 165.32 368.17 203.05
264.01 156.34 365.74 194.37
285.56 152.43 415.26 228.25
274.77 192.97 379.66 233.52
276.06 143.23 373.93 178.93
269.04 144.17 399.68 215.4
263.84 148.75 361.96 186.35
271.07 164.63 396.84 239.91
283.45 167.9 370.55 217.6
404.91 146.82 418.82 195.37
1205.8 129.64 1242.0 312.82
1227.0 167.51 1242.0 268.21
1175.0 180.75 1242.0 268.12
1191.9 170.37 1242.0 280.56
1178.9 164.09 1242.0 252.03
1208.2 84.962 1242.0 271.03
1226.9 140.22 1242.0 250.07
1221.7 182.0 1242.0 238.33
1227.0 112.15 1242.0 224.92
1194.9 139.2 1242.0 252.99
1182.6 149.53 1242.0 237.97
1214.1 177.97 1242.0 222.21
1189.5 133.35 1242.0 322.72
516.39 175.63 536.06 225.2
513.92 173.07 532.38 220.35
0.0 213.03 7.7301 271.49
0.0 181.08 7.6538 240.03
0.0 193.43 7.3245 251.3
0.0 168.18 7.5229 228.76
44.172 177.51 62.164 243.18
11.773 213.42 30.597 284.35
40.677 178.08 57.936 242.97
28.893 176.87 45.085 244.74
8.0956 213.47 26.312 284.49
4.6618 212.02 21.139 285.44
24.521 177.59 41.484 244.35
47.719 174.68 65.75 238.15
28.779 166.53 45.474 230.41
12.185 174.94 30.268 248.83
0.0 187.95 15.046 299.32
16.423 176.12 34.071 247.67
8.4791 174.72 26.607 250.07
20.43 177.99 37.936 245.65
43.782 166.07 62.214 228.47
37.073 177.59 53.456 244.38
0.0 213.29 12.322 282.24
7.3923 198.85 25.642 273.37
15.714 213.44 34.799 283.47
1.7959 211.76 16.576 284.82
5.2073 174.16 21.717 250.65
4.3308 198.46 21.152 272.72
33.184 181.63 48.639 247.13
0.0 223.04 7.5527 283.35
40.466 164.74 57.902 230.51
52.181 183.73 70.26 245.53
24.655 166.43 41.852 230.28
0.0 164.35 15.469 275.59
0.0 175.88 12.201 248.8
11.129 199.28 29.978 272.65
0.0 228.73 10.352 259.54
51.897 172.95 69.516 232.01
33.375 171.06 48.503 234.42
1.5263 174.22 16.826 250.77
0.0 220.29 10.595 251.68
0.0 192.5 10.052 224.06
0.0 200.15 12.593 270.62
1.312 198.72 17.121 272.62
48.253 186.79 66.266 249.09
37.007 165.18 52.81 230.38
12.067 187.9 29.536 260.11
0.0 166.23 45.679 282.45
20.185 165.23 38.21 232.79
0.0 212.63 10.622 243.4
19.4 215.17 38.608 280.83
0.0 155.9 7.9175 215.51
0.0 200.91 10.104 231.81
0.0 184.48 10.241 216.01
15.71 199.03 34.084 271.81
0.34606 178.97 35.71 314.19
5.8963 183.13 44.532 309.68
47.561 164.92 66.199 225.17
0.0 231.01 13.527 256.9
0.0 210.41 22.981 270.61
15.983 164.1 34.305 233.94
0.0 160.99 68.889 253.24
0.0 177.54 67.511 269.53
0.0 214.36 32.582 262.96
0.0 179.27 25.294 310.85
0.0 194.22 21.977 255.82
0.0 177.67 22.288 239.5
0.0 199.93 48.204 314.1
0.0 198.33 31.925 247.46
0.0 193.49 69.315 285.56
0.0 154.57 34.888 292.12
0.0 181.74 31.887 231.61
0.0 161.18 21.745 224.17
0.0 223.63 23.434 287.94
11.778 184.67 52.64 306.71
0.0 228.97 33.744 279.48
0.0 165.15 30.892 216.06
21.404 152.6 58.852 275.01
0.0 237.0 32.71 288.81
0.0 237.62 24.996 305.43
0.0 211.78 52.457 274.97
30.867 158.43 67.189 270.16
209.94 179.11 372.2 236.57
206.14 167.04 372.0 224.34
247.07 180.2 362.94 218.66
248.81 173.4 361.02 211.51
252.49 187.36 370.57 225.84
191.58 193.7 362.65 253.18
178.59 181.86 344.64 239.56
205.64 151.43 372.32 210.74
178.31 165.51 344.74 225.69
221.56 188.17 386.92 249.21
231.2 186.95 348.89 225.95
226.37 179.21 337.84 219.37
241.38 166.02 349.34 203.51
255.27 194.54 364.93 233.87
175.27 207.54 345.75 267.53
230.47 194.8 345.45 234.46
174.59 148.3 345.41 211.73
251.34 157.81 383.67 226.6
234.69 169.94 365.53 240.55
177.04 204.56 287.26 243.93
225.31 202.92 334.19 242.2
242.91 157.03 345.1 195.86
217.95 159.54 350.44 229.34
218.91 172.28 328.48 213.81
207.52 173.04 334.53 243.76
188.92 210.31 304.55 251.01
199.51 204.19 309.36 242.31
225.56 210.04 334.76 251.77
178.45 197.33 282.02 235.71
249.74 201.46 354.52 241.39
200.09 196.37 307.8 234.78
222.05 163.7 325.5 204.51
206.41 184.79 336.58 260.02
790.88 150.13 891.62 185.93
769.91 157.25 862.25 195.33
235.02 124.37 253.67 173.83
239.1 122.61 257.71 175.17
232.18 121.27 250.4 170.0
235.03 112.31 253.69 163.91
239.74 110.56 257.8 164.53
243.08 122.98 261.48 175.76
228.56 123.54 247.0 174.32
243.92 110.47 261.55 164.69
232.13 131.0 250.55 180.26
227.57 131.24 259.36 164.99
248.0 110.33 264.6 163.95
223.85 124.1 242.03 174.28
194.9 126.43 290.49 166.15
193.46 133.1 293.09 173.77
200.48 140.32 300.43 181.02
563.92 176.8 585.75 192.88
572.87 168.6 584.44 193.76
556.64 175.87 584.05 192.72
573.39 174.36 586.15 200.89
554.22 171.64 583.82 190.31
556.99 179.33 583.7 194.94
567.75 165.83 580.99 196.06
564.59 166.06 587.08 185.52
561.43 181.23 583.86 196.37
552.87 168.14 583.64 186.71
569.97 173.9 582.64 202.98
156.26 114.37 172.97 165.72
159.28 113.89 176.76 165.52
180.13 126.59 197.88 177.33
183.87 127.28 201.28 178.34
159.84 124.98 176.73 177.07
155.96 125.55 173.28 177.07
176.89 125.84 193.93 176.28
162.68 111.49 180.96 161.06
164.09 125.46 180.55 176.59
180.24 138.62 198.35 189.83
168.47 125.82 184.62 175.22
187.91 130.12 204.72 181.15
172.82 125.53 189.08 175.99
183.25 138.77 201.69 190.56
168.02 114.92 184.54 163.28
176.6 138.86 193.79 188.34
150.38 103.46 184.75 190.65
143.62 102.18 177.95 191.09
144.62 140.65 239.94 180.91
153.09 149.65 250.5 189.08
157.83 104.27 192.41 189.68
173.48 133.23 276.61 173.79
165.75 112.37 201.8 197.78
172.22 147.92 279.46 189.46
161.06 155.98 259.84 195.97
175.48 125.39 275.0 164.33
171.57 140.25 280.13 180.89
144.23 132.55 242.05 172.06
136.15 124.82 231.35 163.51
141.67 119.04 177.35 205.23
151.91 125.27 248.98 163.65
158.38 120.53 194.04 204.18
138.75 147.87 232.01 187.23
142.97 118.02 265.48 207.08
149.26 118.22 185.33 206.71
154.25 165.1 251.67 204.35
130.12 138.85 222.97 179.58
138.23 165.31 232.23 204.58
173.93 113.61 208.52 198.03
256.38 141.09 352.21 178.27
941.8 147.8 1041.5 185.76
953.58 125.13 1043.7 163.08
969.4 124.5 1062.1 163.84
1088.1 143.35 1105.5 191.44
1084.4 143.71 1101.4 192.01
1111.6 142.29 1130.6 195.33
1077.3 147.76 1092.6 196.6
1080.9 143.26 1097.5 191.93
1099.6 161.09 1117.0 208.21
1091.4 143.04 1109.2 191.99
1065.1 142.34 1161.6 179.37
1114.9 140.83 1133.8 195.61
1107.8 140.47 1126.4 190.43
1065.8 155.79 1080.3 199.44
1076.8 156.29 1092.6 203.9
1080.3 151.7 1096.3 200.2
1112.9 164.08 1130.2 213.58
1099.9 153.04 1117.8 199.74
1073.7 149.26 1088.4 195.56
1095.5 141.8 1113.5 192.71
1069.8 150.38 1084.5 195.57
1103.5 141.24 1122.3 194.87
1103.0 157.87 1121.2 205.56
1115.4 166.48 1132.7 219.33
1072.7 148.13 1169.1 187.09
1099.8 141.01 1118.1 193.47
1088.7 147.69 1137.2 170.97
1097.3 164.62 1113.5 212.52
1065.0 145.13 1080.9 191.42
1073.4 157.9 1088.5 203.03
1096.8 157.32 1113.7 203.15
1069.7 157.89 1084.2 203.08
1084.9 151.6 1133.6 174.48
1116.7 161.52 1132.6 209.86
1111.7 157.51 1130.5 206.13
1107.3 152.68 1127.0 202.0
1082.2 148.28 1128.0 170.52
1084.4 152.86 1100.2 198.97
1081.0 158.93 1128.6 183.32
1108.2 161.66 1126.2 208.29
1079.9 141.54 1175.9 177.54
1069.2 144.21 1139.0 189.95
1063.2 135.5 1160.4 172.97
1080.5 153.92 1177.2 193.5
1095.7 134.44 1130.6 219.41
1077.9 134.57 1176.9 170.81
1088.3 134.67 1122.4 216.87
1075.3 148.58 1144.7 198.9
1061.5 150.54 1131.5 196.58
1103.1 135.0 1138.0 220.09
1073.9 138.53 1146.1 183.92
1083.3 143.57 1151.7 191.45
1081.9 135.46 1113.4 215.38
1071.4 169.54 1171.5 208.9
1111.7 134.46 1145.0 221.22
0.0 109.91 7.7296 166.95
0.0 122.25 7.6132 178.81
68.739 177.12 86.195 227.52
64.824 177.7 82.17 228.39
0.0 98.858 7.7325 155.03
72.308 176.89 89.693 227.2
60.518 177.2 78.435 229.78
0.0 133.19 7.2987 191.84
56.074 175.55 74.214 230.58
11.75 109.51 29.869 187.07
75.789 176.49 93.227 227.56
15.554 103.49 33.787 177.24
0.0 114.65 15.417 230.45
0.0 144.86 7.5747 202.41
67.687 167.93 87.497 221.99
0.0 120.94 10.264 151.65
71.398 167.51 91.148 221.36
8.1554 109.96 26.457 186.39
0.0 102.94 45.275 217.91
0.0 130.69 68.825 222.05
0.0 114.49 20.528 175.92
0.0 114.7 69.035 204.74
0.0 119.01 30.535 167.56
0.0 129.93 21.334 192.6
0.0 99.597 20.952 159.75
0.0 145.44 21.422 209.08
0.0 134.56 30.474 183.49
0.0 99.893 66.101 188.03
0.0 103.74 30.285 152.17
0.0 150.23 30.79 200.17
21.734 187.79 108.73 230.69
235.67 148.23 337.03 188.06
192.82 98.431 256.26 243.31
152.59 113.83 169.99 166.23
151.39 124.34 169.92 178.21
119.24 127.98 138.15 183.13
147.24 128.52 165.88 180.95
122.26 134.79 142.09 185.68
122.97 123.13 141.91 179.8
143.51 128.08 162.39 182.87
126.07 134.21 145.65 185.52
127.97 155.52 145.1 205.3
122.93 141.27 141.45 195.82
126.91 142.58 144.93 195.16
116.01 128.41 133.85 184.25
113.3 123.64 211.98 164.38
135.48 105.42 170.01 192.6
126.63 113.68 162.12 200.41
118.1 111.09 154.91 201.34
127.6 131.0 223.27 172.05
123.0 117.19 212.48 156.85
105.13 130.73 202.51 172.58
97.868 139.75 193.19 178.93
128.67 173.27 223.2 211.5
98.316 147.97 193.18 186.86
96.115 124.44 194.74 165.51
88.772 132.06 185.85 173.58
81.988 117.2 200.26 209.28
167.28 129.35 201.89 213.18
135.12 127.5 170.06 210.22
116.96 127.21 154.96 215.37
96.471 179.57 189.72 221.43
797.75 158.39 899.13 194.4
574.43 173.48 595.3 190.59
569.73 174.26 590.34 190.95
572.56 177.95 593.58 192.94
579.93 170.38 592.35 192.65
569.56 170.89 592.34 188.05
577.61 173.78 591.12 194.38
564.06 172.8 589.49 190.29
577.58 169.97 588.4 192.55
575.82 173.41 588.21 195.07
573.54 169.71 595.91 187.43
568.55 180.15 590.92 194.61
583.88 170.73 593.98 191.65
576.18 174.3 589.9 199.44
561.53 168.97 589.05 186.86
582.1 173.9 594.49 196.51
579.03 174.56 592.87 201.0
576.49 166.49 593.73 194.01
568.34 167.26 593.3 183.31
573.08 163.68 588.35 193.22
582.82 174.61 595.59 202.87
572.34 182.22 595.16 199.64
568.45 182.88 591.82 200.63
594.99 176.5 625.61 192.41
594.32 173.29 624.63 189.13
600.01 176.67 632.29 192.93
595.98 180.27 626.71 194.91
603.63 180.17 635.39 196.61
593.51 170.02 605.58 193.25
604.99 184.04 635.28 201.02
598.76 173.01 631.25 189.32
605.32 175.87 637.83 193.53
1237.2 205.68 1242.0 260.03
1236.5 212.35 1242.0 267.52
1226.5 185.76 1242.0 285.25
1237.9 197.45 1242.0 252.54
1212.2 211.25 1242.0 253.99
1212.9 203.83 1242.0 246.66
1216.0 203.92 1232.9 266.36
1220.4 206.42 1242.0 261.55
1237.2 220.23 1242.0 275.92
1212.6 206.96 1229.4 269.95
1235.8 216.51 1242.0 248.15
1234.9 220.39 1242.0 252.25
1212.5 224.93 1242.0 268.27
1225.8 201.76 1242.0 309.89
1234.1 227.75 1242.0 259.35
1219.9 203.9 1236.4 266.44
1229.2 226.52 1242.0 252.3
1230.3 230.5 1242.0 255.82
1220.3 218.98 1242.0 277.09
1235.7 208.8 1242.0 239.71
1214.0 194.96 1242.0 238.79
1220.4 191.01 1242.0 246.53
1193.2 201.16 1242.0 310.85
1210.9 193.27 1239.2 302.34
1179.9 225.82 1242.0 315.86
1213.3 231.23 1242.0 277.18
1216.4 189.79 1242.0 299.72
1215.6 186.37 1242.0 230.06
1214.3 239.51 1242.0 285.71
1196.0 218.1 1242.0 259.8
1220.8 233.54 1242.0 294.05
1203.8 195.97 1234.4 298.86
146.39 203.86 266.84 243.53
144.69 195.11 254.6 235.49
124.09 201.61 241.16 242.89
155.05 209.19 277.34 251.32
0.0 90.579 14.968 208.29
0.0 91.054 6.8404 146.63
999.47 124.1 1096.2 162.94
1211.0 87.581 1239.7 214.75
1184.2 133.06 1242.0 219.71
1195.3 103.65 1242.0 215.63
1203.1 91.763 1234.1 209.31
