658.93 180.02 711.59 225.13
688.28 151.02 698.86 181.82
681.22 150.81 688.89 182.48
675.56 150.77 684.62 182.68
647.87 179.3 677.28 210.48
653.04 187.23 663.26 216.89
643.63 177.59 663.53 195.35
667.75 153.34 672.53 179.1
671.58 152.14 676.59 178.74
692.05 173.17 699.15 181.53
655.87 194.05 659.16 216.6
662.19 162.02 666.06 176.28
665.97 153.73 668.31 179.36
313.99 172.77 512.48 296.86
740.13 185.42 1088.64 375.0
710.63 174.42 837.87 276.46
650.91 195.31 654.21 210.36
487.16 150.74 538.42 191.79
508.48 185.56 561.57 224.91
535.73 175.28 545.47 187.93
558.44 195.31 575.84 199.73
505.09 193.14 519.2 207.49
796.92 161.01 861.1 207.52
477.98 149.51 487.81 168.29
698.47 116.98 906.1 231.9
464.93 147.77 477.94 163.96
830.56 159.45 842.84 168.75
332.71 181.18 517.07 310.75
314.95 194.88 495.04 301.26
352.63 192.03 521.12 294.64
301.15 178.15 523.09 313.2
337.97 218.65 497.92 313.31
366.6 183.53 463.4 349.68
348.4 184.18 514.76 265.56
361.94 136.1 482.28 329.8
327.65 209.84 468.61 317.19
313.65 191.23 467.03 274.92
335.75 175.9 487.94 274.01
358.1 197.61 470.24 252.2
347.09 203.69 464.24 259.49
365.39 202.79 481.45 261.92
366.08 224.64 478.02 289.66
288.53 142.06 516.52 301.83
361.32 212.2 492.04 296.81
325.54 164.81 545.79 330.63
298.62 181.86 468.16 257.89
274.35 156.92 497.57 326.69
344.34 165.07 497.86 248.08
741.92 194.67 1074.0 371.14
781.38 175.88 1060.6 331.18
737.75 164.51 912.25 232.02
713.14 155.65 883.98 226.08
747.82 151.43 919.31 218.28
750.87 132.74 917.87 206.08
719.82 179.88 846.32 277.74
729.99 178.72 836.53 227.48
713.84 183.88 853.63 248.52
721.03 182.55 880.76 259.12
721.53 190.97 828.88 289.67
724.46 178.03 834.04 243.34
729.04 192.75 825.95 280.21
703.01 194.7 852.34 283.46
741.4 187.95 847.66 244.3
730.74 179.91 827.4 260.22
737.12 171.23 815.43 297.69
752.29 195.67 863.86 250.68
721.29 191.26 873.62 305.66
746.81 182.73 852.28 230.94
736.43 182.86 826.06 322.89
741.57 200.5 852.58 258.28
744.75 174.37 805.52 284.22
727.34 181.02 815.51 223.71
719.76 177.26 818.34 264.77
747.46 163.88 820.76 274.21
730.88 174.5 799.72 291.61
713.52 172.26 867.81 237.06
756.14 167.49 805.86 269.64
758.01 175.32 825.0 311.0
761.31 203.42 875.3 253.7
747.39 162.15 797.25 265.35
722.19 204.45 817.55 289.63
704.77 178.64 802.5 272.57
735.31 191.0 803.46 296.72
738.02 169.3 790.64 275.79
687.5 167.12 831.25 234.22
752.24 188.62 810.89 294.28
689.76 177.0 819.27 252.48
737.77 202.09 844.74 282.32
719.16 182.47 807.64 231.73
765.38 189.14 868.37 230.65
763.5 182.7 816.4 286.03
765.43 158.52 824.27 263.45
716.69 187.46 810.81 244.58
717.4 202.82 844.7 298.52
705.42 166.29 812.59 246.5
744.06 209.3 852.29 271.88
723.52 186.28 815.0 268.24
753.61 165.01 791.99 241.89
755.78 201.16 863.83 269.04
723.25 176.48 799.79 242.75
665.23 168.3 791.7 245.22
724.96 135.59 789.14 271.4
723.76 179.59 791.16 226.29
723.38 187.69 790.8 281.84
677.93 175.32 797.38 262.02
751.53 193.66 823.87 226.1
707.88 195.37 804.98 293.78
743.4 190.0 817.73 222.94
760.97 167.87 799.44 230.4
718.19 169.17 783.84 313.34
754.22 209.69 857.86 289.57
746.51 122.91 822.61 256.89
759.67 228.31 862.46 287.24
726.52 202.05 783.38 292.82
734.73 120.77 810.31 262.53
713.64 216.83 808.02 292.69
729.01 215.71 827.86 329.32
731.28 215.99 863.12 319.42
670.33 151.23 844.79 226.23
752.64 181.83 845.83 220.61
765.84 196.07 870.58 239.44
757.43 177.62 847.16 212.41
778.44 170.54 818.48 260.47
750.66 182.16 825.64 212.2
776.77 197.95 887.25 246.2
751.33 186.7 825.6 218.85
798.06 200.56 908.24 243.87
787.53 196.16 895.67 236.41
767.03 189.08 857.63 245.01
773.77 166.32 808.7 236.54
788.67 171.17 825.6 255.62
758.22 180.72 828.52 204.73
769.32 175.53 857.37 208.94
781.39 168.96 814.48 234.3
797.93 178.53 832.45 257.84
767.9 181.52 835.24 209.06
783.81 187.81 890.38 228.16
744.52 177.01 829.4 210.52
769.74 181.92 868.27 220.46
763.72 186.52 839.78 218.92
767.17 179.02 824.98 198.53
755.6 173.5 840.82 206.17
786.79 166.89 895.01 202.76
793.81 173.94 902.55 209.12
766.65 171.64 851.25 203.33
784.37 179.62 892.86 220.45
786.28 159.96 885.25 197.97
794.06 173.6 829.03 248.19
805.05 179.93 839.59 258.08
790.85 171.26 820.85 232.8
786.66 198.19 895.28 259.76
811.07 192.83 892.57 234.56
785.62 138.98 843.14 252.34
765.79 118.94 834.63 251.5
764.9 145.0 898.89 223.85
503.83 182.47 559.12 226.33
507.99 183.63 556.94 226.44
511.7 184.38 561.08 216.86
503.31 180.44 556.76 214.84
522.41 183.5 556.33 214.78
540.23 183.92 566.9 204.27
525.74 184.43 559.97 205.44
512.35 178.22 566.12 211.02
507.16 183.76 553.03 212.37
517.23 184.2 559.19 208.48
514.19 173.57 550.52 232.39
516.94 181.34 574.18 217.03
529.44 183.04 561.53 202.39
514.94 177.57 541.89 228.25
501.81 185.93 551.11 220.07
522.83 177.19 576.23 207.31
519.62 179.53 548.71 228.66
536.11 182.04 559.51 204.0
523.32 177.04 552.9 225.17
530.98 184.76 558.76 211.87
490.27 181.46 561.21 231.66
505.1 183.18 549.62 205.42
534.86 181.42 563.92 199.23
510.31 179.94 548.99 241.07
531.3 178.3 554.36 221.03
539.2 185.0 562.78 208.57
508.34 171.95 541.71 231.75
527.56 188.23 563.77 214.28
541.69 176.4 567.16 194.36
518.57 174.79 538.32 220.96
518.55 181.78 552.41 206.18
527.49 182.59 554.04 200.83
492.0 180.5 550.91 222.39
523.47 173.46 552.82 228.18
509.74 172.96 532.52 223.8
514.61 182.13 545.04 201.58
511.21 181.06 546.9 207.55
505.2 193.84 560.54 227.18
504.99 184.36 541.49 222.14
535.51 178.5 552.32 213.8
519.69 180.17 550.72 238.93
538.55 177.61 556.58 217.98
521.05 181.54 553.47 198.31
529.19 176.31 549.81 216.8
525.64 176.47 545.79 218.93
539.42 187.77 563.41 213.98
541.04 179.11 554.72 211.69
537.6 177.21 551.9 207.9
484.82 177.85 548.86 212.67
496.41 173.3 554.02 212.61
528.37 179.33 585.83 214.14
531.61 176.6 590.16 207.56
540.09 174.68 552.23 201.81
523.57 189.34 561.63 218.94
511.63 173.11 571.37 204.92
432.16 172.66 567.64 243.71
540.69 189.04 568.93 211.46
532.44 175.68 549.63 210.13
506.07 180.82 542.04 201.0
520.72 173.1 537.31 206.52
527.51 168.6 556.01 220.82
517.14 174.4 533.95 214.71
536.39 177.98 556.43 197.54
453.53 165.89 587.84 232.1
535.53 176.85 562.7 193.86
517.17 183.33 545.47 235.96
523.54 174.11 540.89 212.64
500.93 184.69 543.8 212.94
534.55 173.93 548.95 203.21
500.76 173.41 562.74 206.49
477.7 167.42 576.94 243.23
528.32 174.66 545.74 211.13
475.18 179.97 545.36 221.0
516.78 172.15 532.39 207.52
510.75 160.8 547.78 228.58
506.19 182.66 537.01 210.89
524.97 173.02 540.4 204.18
513.25 177.82 541.67 196.12
508.09 175.65 527.12 222.56
537.0 171.39 561.75 226.01
530.16 172.65 545.59 203.34
528.36 183.32 556.62 229.24
490.27 170.37 553.92 204.99
508.0 177.21 544.72 193.69
513.98 174.05 529.19 213.97
536.88 180.29 558.03 224.99
506.62 181.18 535.29 228.12
527.27 177.95 551.37 196.22
501.99 173.39 530.41 232.9
521.01 178.21 548.49 195.76
482.41 154.15 585.09 235.04
517.63 161.19 553.86 223.08
471.57 174.84 541.26 211.58
504.1 157.38 541.05 227.87
533.38 175.94 559.46 239.42
539.16 167.34 564.74 220.28
462.16 181.47 531.67 219.9
478.42 157.55 556.34 194.67
508.4 188.71 570.17 229.05
502.9 141.62 538.96 215.89
449.41 180.29 519.33 220.2
483.82 168.84 541.89 206.72
510.56 147.35 546.34 218.01
466.9 167.49 542.37 203.47
492.63 159.12 553.28 199.51
522.7 184.04 583.92 220.85
497.15 191.55 567.97 234.07
450.16 173.92 523.59 210.42
445.07 159.64 552.67 236.47
651.75 176.26 711.26 224.48
647.11 176.84 700.71 219.25
637.8 175.93 681.36 212.06
659.78 177.9 707.18 218.02
645.26 177.18 691.76 216.23
642.75 174.49 690.82 215.56
653.0 179.87 701.21 220.7
633.9 174.71 674.41 208.66
631.47 175.12 666.85 205.9
647.91 171.67 672.01 220.52
658.74 176.76 721.81 220.66
631.64 176.52 659.28 202.38
664.0 169.98 696.11 228.68
655.15 171.41 680.37 222.53
644.87 169.54 668.23 218.31
642.79 176.49 687.28 207.15
667.84 167.75 703.87 228.15
671.1 170.14 696.38 221.81
651.92 173.15 675.27 222.19
660.12 171.03 683.76 221.68
664.54 169.33 687.51 222.6
659.76 172.25 689.86 227.19
636.54 173.7 672.54 200.08
669.91 174.73 709.88 213.98
647.14 181.58 720.54 227.83
642.28 170.28 663.59 215.53
636.31 174.99 663.09 199.19
641.65 174.48 676.96 202.81
665.29 175.63 697.87 207.62
636.16 180.94 688.61 214.09
662.24 180.85 713.53 224.69
659.98 172.05 701.64 240.97
654.51 172.92 679.62 223.91
635.01 176.13 657.78 197.65
679.08 165.99 702.57 221.19
639.09 170.71 657.34 212.2
653.21 171.37 672.65 214.53
671.02 176.29 728.18 214.04
654.67 177.01 698.27 206.13
674.87 167.28 693.51 216.21
667.26 167.8 684.6 217.33
671.41 167.32 688.83 216.3
663.24 177.35 706.27 206.15
684.94 167.55 705.97 220.3
672.64 174.57 704.06 206.67
633.51 174.36 683.07 212.96
637.24 181.06 697.52 221.9
653.79 165.95 689.6 221.16
662.64 168.91 678.85 216.42
679.22 167.05 697.65 214.81
657.9 170.84 675.17 214.94
668.04 179.76 717.21 211.26
653.1 173.83 708.45 209.17
646.78 169.86 666.63 208.48
676.62 179.35 739.19 220.14
653.57 170.91 694.42 242.94
646.91 174.3 684.36 199.71
647.18 164.96 680.79 217.38
646.21 168.48 672.33 217.97
650.52 171.17 670.12 210.06
656.02 184.43 704.99 226.45
683.52 166.86 701.4 216.37
644.25 170.55 661.51 204.67
669.15 166.99 683.29 208.34
671.66 176.79 712.69 202.6
672.92 167.16 687.45 208.46
671.76 176.62 701.38 230.91
679.29 171.67 709.18 223.14
646.13 183.26 682.12 217.25
618.67 164.01 739.55 233.54
676.64 167.05 692.13 207.36
635.85 174.1 668.91 193.52
627.4 171.23 685.54 206.53
672.33 169.02 711.41 248.21
664.5 168.25 677.95 207.08
663.14 174.73 691.32 200.85
645.77 166.45 762.62 236.46
656.62 174.84 685.35 200.15
633.4 174.19 661.03 191.98
659.97 145.59 721.4 267.05
670.98 175.22 699.08 200.01
649.74 152.63 707.84 266.06
663.27 190.19 708.93 228.85
659.57 169.44 674.27 206.76
684.63 170.85 712.64 230.25
627.64 179.36 678.91 210.69
690.19 167.15 708.51 217.64
657.64 176.39 687.44 228.24
642.95 174.73 678.16 193.95
657.78 174.83 694.92 196.85
676.71 163.45 710.6 222.81
662.38 174.37 721.24 209.25
666.29 173.98 694.21 229.03
681.57 175.83 707.47 204.48
667.17 175.43 703.42 195.17
635.48 168.14 732.42 249.3
637.65 181.1 673.64 215.53
686.07 174.58 735.14 217.12
648.95 186.49 689.81 224.0
680.47 177.41 711.77 208.69
689.62 181.7 751.17 220.51
644.78 151.15 682.49 222.15
641.17 166.06 667.63 217.01
662.52 173.15 698.22 257.54
713.91 162.85 745.58 254.91
662.17 148.48 698.83 226.0
688.87 165.77 703.27 208.31
639.05 151.59 674.61 220.97
649.38 173.59 683.53 192.77
677.39 174.4 705.38 198.67
669.5 170.42 705.39 263.03
650.41 181.01 671.25 225.76
638.83 174.7 659.79 218.7
632.77 180.75 662.69 209.96
648.32 168.84 664.45 200.85
670.03 147.88 706.6 223.82
701.65 178.62 748.98 225.54
644.93 168.18 659.01 198.69
670.38 170.34 737.74 205.72
700.08 165.54 725.29 230.96
633.63 162.41 689.74 209.95
676.77 182.04 705.11 233.88
650.74 193.44 703.2 225.74
616.94 175.23 754.56 249.77
679.76 140.62 730.69 267.13
673.52 174.63 711.48 194.3
610.99 156.59 713.35 234.9
651.62 184.83 708.92 232.06
707.66 163.22 737.78 247.15
622.09 171.87 670.95 208.44
686.93 176.57 750.81 213.44
704.96 165.43 733.25 231.38
638.31 142.99 690.86 264.29
701.87 142.9 754.21 280.12
650.51 160.77 706.19 210.15
689.03 157.38 717.26 221.29
632.39 147.98 666.79 217.17
696.07 182.56 762.38 228.04
655.85 171.54 690.16 260.09
627.19 163.61 701.41 199.87
678.48 146.33 714.03 217.73
665.19 177.78 720.27 232.83
697.43 155.67 726.5 225.29
622.74 161.56 677.73 206.78
686.74 163.18 718.37 255.16
628.96 182.26 688.59 218.18
643.03 192.16 719.33 233.02
676.43 167.29 750.46 204.71
614.0 169.24 709.52 253.78
632.16 183.51 735.18 273.59
637.54 141.44 758.3 232.62
553.81 180.69 580.32 203.2
550.49 179.79 574.9 200.44
549.65 182.62 577.18 204.69
554.52 179.34 578.5 199.0
545.64 180.84 570.63 202.91
552.09 177.82 577.34 195.53
558.82 181.53 581.09 201.17
546.91 176.45 567.42 197.5
542.33 179.82 567.78 199.19
547.61 176.13 572.24 194.27
559.45 176.36 576.09 203.72
556.95 175.27 572.27 203.25
557.49 178.43 581.07 195.23
554.24 175.0 567.71 201.64
543.37 186.39 571.37 208.05
556.51 178.65 572.21 209.71
550.21 174.69 562.08 202.91
543.66 176.29 562.51 197.92
561.81 180.16 577.13 206.57
553.4 178.45 568.41 209.85
546.53 172.65 557.89 203.78
552.97 185.83 579.59 204.6
558.72 181.53 575.32 208.33
552.58 176.09 576.18 191.46
543.7 174.74 555.08 202.68
562.68 178.03 583.42 197.95
549.42 178.55 562.72 210.37
543.74 179.66 558.65 215.34
544.64 174.53 570.05 191.0
560.37 170.99 576.44 199.57
547.41 188.16 576.76 209.01
556.7 171.13 572.97 198.75
542.86 173.48 562.54 193.87
547.25 181.13 562.68 218.99
550.93 178.65 567.4 216.48
499.03 151.94 562.36 272.49
534.23 171.9 596.73 203.41
557.74 174.74 583.6 190.9
556.33 172.05 578.77 191.23
517.24 175.43 552.5 260.32
543.34 166.68 555.71 200.68
513.01 140.62 565.74 264.42
545.47 168.03 574.74 222.3
469.96 171.87 560.76 260.75
489.09 138.35 547.31 262.62
551.35 165.15 581.3 226.65
547.12 171.01 613.57 203.45
502.03 161.83 603.29 242.85
527.39 132.17 583.84 270.09
461.1 178.14 610.07 253.63
636.6 173.21 653.27 208.45
634.24 173.89 648.27 203.12
638.25 173.06 652.05 202.45
640.9 171.47 655.82 203.41
734.7 177.85 750.95 232.5
731.69 176.92 748.33 228.01
732.85 175.41 746.82 219.62
728.09 178.62 744.01 221.59
727.55 179.81 745.39 232.07
736.26 173.33 749.04 218.93
638.79 169.19 651.26 196.92
641.5 168.66 654.47 198.76
626.49 178.28 647.53 196.6
631.85 176.79 653.83 196.77
630.28 173.76 641.77 198.3
631.65 173.72 643.42 201.55
631.33 174.55 652.61 192.59
627.52 173.67 638.11 200.35
623.09 177.1 641.91 194.15
622.18 171.96 631.63 193.84
625.9 172.42 635.58 194.99
620.95 175.65 639.21 192.95
621.46 178.44 637.95 194.83
626.04 175.25 644.91 192.88
578.92 178.62 599.15 195.6
573.27 179.29 596.16 196.85
566.21 179.27 589.32 198.65
569.56 181.24 592.64 198.55
563.88 174.62 578.38 199.99
587.14 175.42 600.07 198.78
565.76 183.73 586.3 201.17
584.42 175.25 597.59 199.4
567.44 175.05 578.91 201.42
566.21 178.12 578.07 204.65
580.35 175.19 599.64 192.96
566.97 177.22 591.07 195.21
569.18 171.62 580.57 199.53
581.15 175.56 593.74 201.85
576.4 182.56 597.83 199.06
584.73 171.92 594.38 195.48
586.07 166.76 599.84 195.78
577.08 175.03 588.34 202.1
573.91 172.6 583.43 199.63
572.79 175.79 582.82 202.64
578.8 171.59 588.36 198.84
563.99 173.75 584.88 194.21
573.67 167.43 586.01 200.73
612.14 174.57 630.71 191.65
617.96 175.52 635.38 192.74
604.77 175.83 624.46 191.32
608.49 175.88 627.6 192.23
614.86 171.33 627.09 194.2
613.25 176.35 633.72 193.34
618.24 171.29 628.8 194.9
612.04 171.04 624.38 194.63
607.94 179.15 626.68 195.28
611.63 178.22 629.78 194.8
615.85 178.17 632.54 194.68
614.19 172.74 633.68 191.18
614.85 174.26 626.37 201.52
607.43 172.21 627.48 189.35
617.66 167.65 630.51 193.56
618.87 175.38 629.11 200.92
599.58 137.87 717.17 231.72
584.39 177.29 603.96 192.81
581.87 179.37 604.15 195.93
589.32 177.35 607.78 192.73
589.25 173.83 601.46 195.43
595.94 176.55 615.63 191.4
591.2 179.02 609.56 193.8
584.59 175.47 606.71 190.92
591.97 175.29 610.73 190.78
583.78 181.99 604.99 197.79
580.13 174.16 603.71 190.81
597.62 174.53 617.67 189.6
591.15 176.21 602.69 201.66
592.22 173.79 602.33 194.7
588.6 166.99 602.43 195.43
593.04 171.26 604.21 193.87
587.66 182.97 607.16 198.57
596.94 179.32 615.21 194.21
602.68 179.53 621.82 195.25
587.61 172.35 607.64 190.33
587.44 175.8 600.79 206.84
740.42 172.16 753.98 217.12
