141.15 142.13 200.81 288.82
82.06 209.41 142.58 245.84
1132.7 243.76 1205.96 263.2
1205.05 131.26 1242.0 223.31
1229.43 215.67 1242.0 247.73
1236.04 154.64 1242.0 195.49
1234.45 177.95 1242.0 195.48
180.94 133.8 213.39 143.76
75.64 195.56 97.57 233.6
1118.01 107.89 1242.0 268.18
244.58 221.44 294.61 274.12
68.51 126.33 319.12 252.82
851.8 184.22 877.47 207.93
1122.92 215.15 1242.0 375.0
1125.6 234.11 1242.0 375.0
1150.13 210.71 1242.0 334.57
1111.0 256.74 1239.27 339.27
213.65 131.66 522.62 253.72
0.0 126.11 205.08 236.66
839.1 215.8 872.8 239.68
851.4 211.98 870.01 217.41
0.0 217.36 5.62 241.34
0.0 222.55 35.67 239.57
977.86 240.71 1059.18 370.64
0.0 168.49 7.76 230.3
11.95 183.32 21.95 216.8
943.03 198.96 1017.62 278.45
865.65 207.32 937.88 278.33
926.61 220.55 973.52 277.75
851.24 205.08 893.45 266.37
907.07 230.6 948.24 258.38
916.76 220.19 949.44 267.06
984.98 216.97 1045.95 275.95
1073.08 232.32 1094.94 243.55
1034.99 175.8 1242.0 375.0
699.69 179.48 787.29 215.71
713.82 209.82 790.38 216.23
0.0 197.47 10.72 208.92
2.22 167.25 86.7 235.55
1040.6 212.07 1190.1 375.0
1076.1 210.12 1225.4 375.0
176.32 117.57 548.51 283.92
212.96 138.01 575.52 298.11
94.026 158.28 269.15 237.99
105.75 171.71 291.08 247.04
111.95 142.69 291.64 218.82
18.504 88.634 275.98 291.33
1165.9 128.91 1241.0 223.63
1172.8 159.09 1211.9 252.89
1164.2 85.289 1241.0 275.41
1165.3 155.11 1241.0 251.29
1166.3 159.12 1204.9 249.09
1150.1 113.11 1225.0 273.82
1115.7 141.87 1241.0 244.72
1080.2 141.68 1241.0 216.49
1078.4 102.67 1241.0 273.31
1133.8 122.54 1241.0 236.62
1134.4 116.17 1208.1 270.89
1077.8 145.68 1219.8 241.29
1119.0 71.536 1241.0 307.36
1172.4 136.48 1212.4 236.88
1099.9 131.4 1232.2 225.81
1119.5 115.09 1192.1 267.92
1063.4 135.4 1201.9 224.58
1157.5 150.64 1195.6 235.61
1165.0 137.87 1204.0 232.61
1167.1 154.65 1231.7 217.75
1149.2 152.43 1188.0 233.43
1099.1 133.48 1241.0 302.05
1151.2 79.357 1225.7 239.65
1091.7 156.72 1233.9 249.33
1152.9 107.99 1241.0 220.51
36.934 165.58 216.57 259.99
0.0 95.72 153.79 275.93
33.61 155.37 218.86 239.47
50.642 140.73 179.5 257.58
1155.8 186.79 1241.0 375.0
1083.9 263.45 1241.0 375.0
1116.1 205.54 1241.0 375.0
125.05 150.99 187.99 317.67
133.33 157.77 186.75 304.47
124.47 147.57 180.05 306.07
107.85 152.05 204.81 306.8
132.16 156.63 201.66 309.73
139.95 154.04 192.29 283.43
149.19 155.17 198.24 293.23
103.88 155.92 175.67 325.89
132.52 154.41 177.35 269.17
96.126 176.09 197.2 320.63
125.0 156.6 169.8 280.86
124.78 159.8 191.03 251.25
113.05 155.34 162.09 300.32
126.6 194.6 176.93 311.76
121.59 165.38 192.77 279.11
160.43 154.38 203.04 287.99
119.94 174.45 171.94 311.33
150.37 155.59 211.3 324.03
111.08 179.13 214.27 326.66
137.77 152.11 183.37 249.19
130.75 157.27 197.14 236.95
152.88 152.78 195.64 262.69
135.26 165.0 206.77 255.48
110.2 145.34 219.87 271.83
142.34 194.52 186.23 311.17
91.345 168.7 244.95 257.73
102.14 186.14 216.79 241.59
94.723 143.73 202.05 279.07
118.9 152.21 159.05 273.77
94.623 126.66 173.45 312.17
113.34 175.13 189.88 302.33
122.1 163.41 228.0 299.23
126.61 191.59 191.65 336.28
170.62 158.83 209.93 272.82
113.79 193.28 180.78 340.13
86.899 156.81 161.87 326.85
152.65 132.78 222.22 296.39
120.03 157.02 178.41 236.12
151.14 170.79 194.84 319.71
136.91 162.95 159.74 238.26
147.68 162.76 171.88 236.85
129.19 152.2 168.55 245.5
130.59 172.3 206.33 284.51
112.54 196.89 164.19 310.6
144.32 167.75 214.74 240.21
122.61 124.0 196.35 297.52
155.03 171.09 218.95 338.71
112.06 149.9 150.17 287.13
137.33 171.28 159.32 264.16
143.57 171.83 168.5 262.78
105.95 171.04 175.72 278.65
90.296 192.94 214.29 251.59
139.04 186.31 207.74 342.09
117.23 189.85 228.69 245.63
151.8 160.31 175.55 237.44
146.15 170.5 173.42 254.87
139.94 172.41 163.29 258.32
133.9 124.42 212.14 288.77
134.31 168.51 155.46 267.27
169.49 140.34 238.97 304.35
181.61 162.09 218.24 263.85
154.1 168.05 181.42 261.16
107.13 168.41 155.17 304.68
92.583 189.84 251.89 284.73
124.67 192.52 198.06 306.71
127.18 194.58 231.69 322.0
150.05 169.9 177.2 265.17
158.8 171.04 184.17 254.21
156.05 158.05 179.61 238.14
110.65 162.86 170.78 241.67
133.23 160.82 156.69 246.23
152.2 174.84 221.5 246.41
100.48 185.53 179.98 299.94
163.37 148.15 203.24 243.03
160.25 178.96 201.83 322.9
119.05 149.22 156.81 240.28
95.211 136.18 214.56 247.35
131.25 167.29 150.63 267.65
167.75 168.2 207.88 292.88
86.83 186.59 193.8 239.5
189.66 164.52 224.53 257.61
172.16 147.81 212.73 238.0
164.32 170.8 186.7 258.16
173.16 169.03 237.92 336.98
160.27 158.98 182.72 235.82
180.39 146.5 220.56 236.84
170.17 105.43 242.74 268.73
145.49 192.04 252.07 235.72
117.08 135.03 251.28 236.39
182.08 174.58 202.0 238.35
172.74 169.87 194.06 256.89
176.17 173.14 199.02 249.55
169.02 169.11 189.92 257.18
111.2 148.41 148.02 238.87
188.32 179.71 210.26 239.63
139.01 94.602 213.68 266.33
186.06 180.7 205.93 244.11
125.03 93.352 196.91 267.83
150.93 192.68 176.22 282.64
138.95 190.26 165.2 279.4
972.47 290.43 1047.1 375.0
957.08 288.81 1033.2 375.0
989.36 291.85 1062.5 375.0
1006.3 293.81 1078.2 375.0
1021.5 291.61 1093.6 375.0
940.55 289.32 1018.7 375.0
952.17 207.7 1096.0 375.0
736.14 156.97 832.44 194.62
0.0 191.47 65.8 284.57
0.0 134.03 15.554 253.23
0.0 206.72 7.6342 259.07
896.62 183.89 943.15 272.29
889.35 189.18 938.05 276.79
900.2 196.14 922.89 264.8
889.18 161.51 1067.9 226.87
894.89 176.56 1067.4 242.82
1147.4 299.4 1224.2 375.0
1130.3 301.41 1207.6 375.0
1114.7 299.99 1191.1 375.0
220.33 202.06 266.19 221.0
218.77 205.23 263.51 224.7
213.04 200.96 259.34 220.72
225.8 199.62 260.51 223.86
208.41 204.74 255.57 224.71
218.73 207.99 264.55 229.24
222.8 202.71 258.22 227.57
203.73 200.72 251.88 221.27
235.32 191.97 252.48 230.95
225.81 194.6 260.9 219.37
231.6 191.3 249.38 230.99
217.71 198.47 254.75 223.96
231.59 196.95 250.57 240.63
238.96 191.52 256.21 230.2
209.64 207.92 256.88 228.63
225.11 205.5 261.25 232.13
228.9 203.13 263.41 227.13
227.97 190.36 245.79 231.77
209.12 197.48 246.76 224.65
213.11 201.72 250.81 227.71
211.84 193.8 250.89 219.84
200.02 203.53 249.66 225.15
225.29 204.87 272.92 224.7
222.96 189.97 241.69 232.27
231.6 183.19 248.98 223.57
200.91 188.69 309.05 225.87
218.56 204.06 256.16 231.82
233.35 200.12 253.62 248.98
227.69 196.18 246.72 241.19
191.69 176.67 270.74 221.78
227.59 182.24 245.35 223.01
223.04 195.74 242.04 241.45
216.95 210.75 263.95 234.36
242.69 190.62 260.21 230.25
231.65 198.91 268.7 223.3
232.11 194.25 268.72 219.34
223.19 182.47 241.62 223.41
1203.4 187.59 1241.0 373.48
799.68 163.46 892.59 201.5
809.05 164.7 862.31 185.01
808.16 168.11 863.12 188.71
819.01 164.19 869.02 184.75
863.43 163.47 921.94 185.63
930.61 177.38 1094.4 237.96
984.76 202.43 1094.2 243.94
985.88 195.51 1094.9 235.29
1030.0 198.25 1095.4 222.89
936.0 188.85 1091.3 249.99
833.31 156.1 932.27 192.0
824.8 150.31 920.29 186.33
807.37 150.97 899.93 185.78
812.68 143.42 910.38 180.76
816.2 156.11 910.52 191.98
816.21 134.57 913.77 173.68
850.4 145.75 925.68 188.21
860.66 155.41 917.31 177.88
875.91 155.63 932.29 176.97
859.4 159.4 917.11 181.61
797.39 148.63 873.86 191.54
872.49 152.5 927.5 174.11
819.41 160.3 869.79 180.87
860.78 152.24 915.29 173.84
891.07 143.24 909.55 193.07
803.48 160.02 860.05 181.1
895.91 144.27 913.6 192.39
1115.2 188.93 1221.4 229.43
1104.1 195.01 1215.2 233.47
1086.4 189.04 1202.8 228.87
1141.9 200.68 1201.1 223.23
1078.2 196.42 1192.1 234.64
1142.2 196.97 1201.0 219.11
1136.7 203.03 1199.4 226.88
1127.9 200.09 1191.1 223.12
1162.1 188.93 1182.6 236.73
1142.3 192.6 1200.8 214.96
1150.4 196.72 1191.1 227.83
1150.6 195.67 1208.3 220.34
1123.4 202.72 1188.4 226.62
1124.0 196.24 1187.5 219.21
1141.5 196.32 1185.0 227.44
1154.8 192.52 1194.4 224.32
1127.7 192.34 1190.7 214.85
1159.5 195.1 1197.0 229.09
1145.4 192.91 1188.1 223.48
1094.1 200.46 1205.4 239.89
1150.2 202.22 1208.3 227.9
1155.9 198.92 1212.8 224.98
1165.4 189.71 1200.6 226.11
1150.1 189.21 1191.8 218.82
1170.0 192.23 1204.6 231.84
1155.9 190.38 1210.9 216.27
1133.2 196.02 1176.7 227.78
1136.9 192.63 1180.7 223.79
1177.1 191.67 1211.1 233.41
1140.9 188.88 1184.2 218.71
1182.2 188.82 1235.0 217.24
127.46 159.24 188.01 221.5
132.71 172.59 187.93 194.43
129.87 176.0 186.92 198.93
60.435 165.53 181.05 297.22
126.91 154.53 193.61 209.33
102.62 166.67 143.49 286.82
136.73 162.02 156.14 221.28
97.721 173.68 191.78 222.21
130.11 170.21 176.23 191.87
136.18 166.62 167.67 199.22
127.07 177.4 181.93 204.41
130.93 203.58 158.27 280.9
134.69 209.31 161.99 285.24
135.76 175.51 195.9 196.86
129.49 179.9 186.74 209.5
104.04 157.13 140.48 257.11
127.28 169.47 145.68 264.98
136.84 162.76 167.69 191.65
30.399 212.57 189.39 297.69
1236.2 186.03 1241.0 243.16
1223.5 151.78 1241.0 252.83
1224.1 127.46 1241.0 230.3
1236.0 173.53 1241.0 231.37
1235.8 149.52 1241.0 206.79
1235.9 161.14 1241.0 218.73
1200.6 77.204 1241.0 272.25
1204.6 185.29 1241.0 229.83
1181.7 180.82 1202.5 244.19
1206.2 178.43 1241.0 221.97
1217.3 171.75 1241.0 231.67
1205.8 154.09 1241.0 197.5
1206.6 170.18 1241.0 213.72
1205.2 162.09 1241.0 205.5
1203.0 168.73 1222.2 240.6
1200.6 150.22 1234.7 263.5
1217.8 147.56 1241.0 207.42
1178.3 181.81 1198.8 242.47
1186.0 180.17 1206.1 245.05
1189.6 154.51 1228.9 259.04
1199.2 170.2 1218.5 238.36
1209.2 145.07 1240.4 267.32
1180.1 156.32 1221.7 253.86
1233.7 159.77 1241.0 193.05
1206.9 172.77 1226.4 247.12
1236.5 138.66 1241.0 194.58
1183.7 116.14 1241.0 240.97
1174.9 183.45 1194.4 241.28
1233.8 167.7 1241.0 201.05
1190.6 179.77 1210.0 244.62
1233.9 151.87 1241.0 184.98
1208.9 122.72 1241.0 243.74
1223.7 171.39 1241.0 252.93
1229.7 162.7 1241.0 188.26
1233.5 179.53 1241.0 213.72
1195.0 178.98 1214.4 244.9
1206.2 139.68 1241.0 181.78
1229.8 170.64 1241.0 195.99
1230.1 154.74 1241.0 180.27
1222.5 103.55 1241.0 204.72
1194.8 167.78 1214.7 232.01
1169.2 114.4 1241.0 206.33
1230.3 182.52 1241.0 208.34
1200.6 126.54 1235.9 239.2
1227.9 175.06 1241.0 258.32
1219.4 171.5 1238.0 252.28
1216.8 134.08 1241.0 191.24
1182.0 168.71 1202.4 231.65
1210.9 168.8 1230.4 246.39
1160.2 183.56 1241.0 232.81
1190.5 167.78 1210.7 231.91
1215.6 184.99 1241.0 244.66
1186.2 168.16 1206.6 231.77
1214.9 172.45 1234.6 252.09
1232.3 179.24 1241.0 252.41
1178.4 169.62 1198.3 231.1
1205.4 131.42 1241.0 173.01
1166.3 176.49 1231.3 238.59
1189.4 135.15 1230.5 243.5
1174.3 171.54 1193.9 229.89
1232.0 166.91 1241.0 240.51
1227.9 159.23 1241.0 242.66
1223.8 156.43 1241.0 235.87
1207.8 155.94 1225.8 233.11
1224.9 173.26 1241.0 270.3
1180.9 142.74 1241.0 262.69
1223.5 85.19 1241.0 188.3
1185.8 171.07 1239.1 234.32
1215.1 155.67 1234.4 236.52
1219.3 155.99 1237.7 235.94
1232.3 143.66 1241.0 214.97
1214.7 116.85 1241.0 174.21
1170.7 177.52 1241.0 222.39
1180.6 135.79 1222.1 239.17
1223.6 134.22 1241.0 210.36
1230.8 147.3 1241.0 173.09
1228.0 136.69 1241.0 216.69
1219.0 134.26 1238.0 209.97
1175.7 98.58 1241.0 188.44
1214.7 137.36 1234.5 215.42
1191.4 177.93 1241.0 223.07
1174.1 162.94 1237.8 228.36
1159.3 169.94 1241.0 217.2
1211.3 137.93 1229.8 213.61
1233.3 144.64 1241.0 177.45
1190.5 153.6 1241.0 198.04
1169.8 173.96 1190.1 226.68
1211.2 151.93 1230.0 231.35
1158.9 166.91 1195.4 249.01
1203.9 148.42 1241.0 208.48
1207.9 138.04 1225.4 210.59
1157.1 164.32 1224.9 225.12
1203.7 155.69 1221.7 224.99
1189.7 86.975 1241.0 206.5
1195.9 162.6 1241.0 227.1
1196.4 178.6 1241.0 239.96
1185.6 154.2 1240.4 218.28
1175.0 174.57 1241.0 263.17
1150.5 168.39 1187.6 247.31
1213.4 111.33 1241.0 223.26
1169.6 160.96 1241.0 206.54
1199.7 158.2 1218.2 222.19
1195.0 179.2 1226.7 221.08
1191.4 183.1 1223.6 224.47
1204.2 139.88 1221.7 206.96
1162.4 152.87 1241.0 198.47
1172.4 181.38 1239.5 243.89
1150.7 183.75 1207.7 208.52
1175.3 146.63 1238.0 209.12
1185.9 161.69 1241.0 277.88
1198.7 182.85 1230.2 225.56
1154.3 183.93 1195.2 215.12
1169.2 184.9 1204.2 222.25
1186.4 179.97 1220.1 219.9
1164.9 181.74 1200.3 217.82
1173.4 179.92 1207.6 219.56
1191.7 176.78 1223.2 216.53
1176.4 185.62 1232.1 212.94
1184.4 82.8 1241.0 174.15
1233.7 195.47 1241.0 229.42
1233.4 187.37 1241.0 221.68
1230.2 198.5 1241.0 224.23
1230.0 190.54 1241.0 216.25
1231.4 202.28 1241.0 228.13
1209.1 199.48 1241.0 243.39
1234.7 202.49 1241.0 235.13
1218.8 193.77 1241.0 250.75
1195.0 187.18 1226.9 228.79
1212.7 210.15 1241.0 252.17
1216.0 226.99 1241.0 267.81
1215.0 218.82 1241.0 258.89
1237.9 195.39 1241.0 252.9
1191.3 190.98 1223.7 232.69
1197.8 190.74 1229.8 233.5
1189.9 190.35 1241.0 236.02
1227.0 194.26 1241.0 230.85
1186.4 187.55 1219.9 228.47
0.0 178.23 15.554 287.67
0.0 181.1 44.688 295.34
140.04 164.18 174.57 195.75
143.87 166.44 183.27 198.33
135.24 166.69 181.0 188.28
139.85 171.11 193.58 190.78
222.64 172.46 266.51 194.74
152.67 155.28 246.14 197.68
174.43 171.59 222.17 194.44
223.07 168.6 266.69 190.7
221.79 164.12 266.28 186.96
172.02 168.58 220.15 190.69
144.87 163.12 181.6 191.82
1204.2 123.23 1241.0 164.18
1206.7 115.42 1241.0 156.88
1210.1 108.08 1241.0 150.24
1020.1 182.3 1106.2 231.79
1033.9 178.27 1129.4 232.04
1030.5 190.51 1095.6 215.65
1024.7 186.54 1117.9 240.59
1070.7 182.81 1147.0 207.27
1062.9 186.85 1139.2 210.89
1034.3 194.23 1098.6 218.99
1034.8 187.25 1097.9 211.83
