489.35 147.81 503.52 191.97
497.63 193.66 535.71 231.2
491.22 192.73 516.8 230.09
485.44 191.55 492.02 195.23
524.07 150.79 533.66 185.66
532.24 147.0 544.37 223.0
518.79 192.27 554.77 219.72
386.82 186.16 507.38 244.69
576.88 191.41 666.45 260.1
583.53 190.43 622.79 225.94
290.62 182.62 369.97 228.47
123.42 187.82 267.3 249.51
406.82 172.2 444.93 276.1
382.63 128.17 433.93 281.67
548.21 191.42 572.13 208.62
544.92 152.41 552.38 187.25
720.86 148.45 769.56 181.15
650.91 188.61 700.81 221.28
679.09 194.37 698.06 225.99
697.02 152.56 733.65 175.49
556.87 153.17 565.85 188.36
576.46 166.75 585.74 201.3
607.09 192.81 624.77 196.62
700.3 150.79 741.59 174.6
431.96 167.23 436.51 189.16
690.59 160.91 787.26 256.88
146.07 158.21 182.96 214.32
406.76 165.52 432.79 195.23
368.02 199.41 373.18 209.64
957.18 183.99 1067.81 294.88
761.92 143.61 793.97 179.49
752.23 179.29 809.25 197.68
822.27 150.47 842.38 200.75
831.76 149.48 845.65 186.01
797.69 192.79 826.19 206.58
813.31 152.42 815.91 188.39
795.92 175.46 801.29 193.53
791.94 200.36 805.63 205.52
788.02 196.27 806.7 200.95
803.82 196.49 812.99 206.14
243.9 196.91 322.87 311.2
142.04 125.18 191.66 280.16
0.0 141.21 132.92 229.14
52.74 156.42 90.77 183.5
268.4 132.76 481.22 246.48
97.42 110.15 158.77 317.31
156.06 126.5 393.1 223.67
838.65 148.22 857.56 208.29
11.74 191.29 94.201 232.83
25.424 177.07 187.84 248.08
52.327 186.57 170.52 266.12
1.239 175.28 148.63 239.38
0.0 104.16 164.5 277.25
0.0 185.59 152.06 253.23
10.776 163.22 171.5 229.96
0.0 165.33 102.16 250.88
16.213 136.72 82.327 259.47
36.833 169.69 162.3 255.2
47.383 157.78 171.98 244.46
0.0 162.35 125.4 233.27
0.0 169.52 84.738 272.32
198.9 160.34 362.45 232.09
206.76 143.94 376.94 221.86
683.5 184.58 739.31 235.67
691.21 182.45 756.48 244.88
685.33 192.08 743.13 242.77
695.76 175.65 771.26 252.94
702.22 178.18 752.21 255.3
700.05 179.08 740.52 246.81
687.12 182.42 750.13 228.27
694.59 192.79 762.03 253.0
671.12 181.3 735.83 218.35
699.88 186.4 777.44 241.06
656.78 178.67 766.12 247.36
677.39 176.5 778.78 249.24
701.5 160.43 773.52 276.94
694.49 162.5 756.32 273.42
655.85 162.63 781.43 236.04
682.36 184.57 796.89 261.34
681.09 156.82 735.58 270.43
650.78 155.06 760.42 242.1
710.96 154.8 784.98 288.31
676.55 131.93 739.5 262.44
673.72 159.84 789.87 254.01
671.87 197.28 803.4 269.52
679.08 190.48 774.61 264.93
128.5 144.92 200.25 268.95
85.984 154.53 148.07 272.65
101.45 161.61 154.92 269.59
118.2 136.55 174.15 264.61
1007.5 190.44 1062.1 282.32
1005.1 185.9 1079.3 256.73
1010.1 186.85 1059.1 264.41
998.22 186.21 1072.1 273.6
1011.9 189.68 1079.4 301.13
991.81 190.28 1090.8 295.09
1000.5 167.35 1082.8 307.34
975.17 172.5 1095.5 276.8
996.98 201.53 1119.6 277.77
979.16 190.44 1118.9 267.16
1003.7 196.71 1067.9 308.92
999.73 215.74 1112.5 289.7
992.76 208.66 1097.1 308.1
966.11 178.05 1116.8 255.84
301.74 175.09 443.45 241.18
292.2 164.69 446.11 229.66
311.89 166.57 497.73 231.98
215.34 144.42 522.52 292.67
261.97 150.08 432.24 221.57
316.59 148.33 509.15 218.91
288.42 143.36 478.24 218.34
114.47 193.33 266.81 259.51
121.13 194.61 256.68 256.39
97.042 207.22 226.45 252.75
149.74 196.58 271.54 249.57
96.525 198.19 238.08 263.66
168.39 191.75 267.57 242.9
105.35 210.62 240.26 260.25
156.39 197.83 294.77 266.78
159.3 204.03 284.01 253.89
115.66 199.31 229.92 262.07
125.44 205.98 281.75 268.61
144.39 188.56 252.62 238.16
177.68 189.12 266.27 230.51
163.72 172.08 223.81 267.84
152.95 170.26 214.43 266.4
90.667 209.46 250.45 268.48
175.51 198.04 280.97 247.41
98.808 173.96 286.43 243.11
149.12 185.21 302.07 251.72
106.18 170.5 256.5 256.56
173.52 181.35 240.78 295.16
168.88 208.14 304.2 280.83
151.74 145.73 235.67 271.36
161.99 185.72 226.02 295.1
139.17 150.64 219.2 275.54
168.92 146.54 249.07 267.34
68.921 165.3 242.08 240.23
148.67 168.82 279.16 250.36
125.42 224.9 289.95 291.62
155.64 167.28 313.44 237.14
137.86 212.08 267.99 291.29
96.808 227.26 262.26 289.6
169.5 162.98 293.34 245.04
166.38 223.92 310.86 297.37
584.8 193.33 667.28 264.66
582.41 188.02 655.38 255.01
594.9 182.87 627.92 214.65
578.19 188.17 639.78 245.58
590.59 186.17 626.75 220.73
586.23 182.86 645.75 237.33
579.54 183.23 633.3 232.0
598.82 184.03 627.04 208.92
597.64 186.18 630.19 218.93
579.06 191.16 617.76 224.41
588.4 183.47 622.48 216.35
594.91 185.21 631.32 207.08
584.94 193.84 622.18 227.14
601.83 183.3 631.66 213.78
581.29 189.06 628.55 218.69
602.58 177.26 620.97 221.27
598.01 178.79 651.99 267.67
595.24 186.85 655.42 243.27
578.13 187.93 625.32 236.22
576.04 196.53 624.66 225.07
580.09 196.68 613.39 229.43
582.45 183.69 617.33 217.57
598.77 179.63 618.53 228.51
606.06 179.47 624.15 226.63
594.05 193.33 629.53 226.29
577.82 187.9 668.69 265.64
582.36 184.85 622.21 208.35
589.31 193.28 634.56 220.5
579.0 186.34 632.49 218.22
609.75 179.4 627.57 226.32
592.53 188.49 615.44 238.68
578.82 186.38 624.16 213.93
601.22 191.3 635.45 223.59
593.03 189.24 635.2 216.45
600.81 185.8 622.82 243.43
585.3 182.71 615.69 211.59
603.09 182.92 620.29 231.24
607.36 184.16 635.94 213.0
602.19 178.1 617.69 216.18
598.1 186.92 617.04 236.56
585.71 186.53 637.03 225.26
588.67 181.85 629.04 255.95
594.91 180.55 613.83 227.21
601.96 176.64 646.56 251.8
604.66 186.48 637.72 206.6
613.68 178.18 632.38 226.16
590.95 196.99 639.23 223.16
594.03 182.61 621.04 207.74
589.97 185.96 654.63 229.57
604.75 194.17 644.41 229.46
609.84 185.09 630.8 242.81
608.32 180.86 621.39 215.94
604.92 178.18 619.91 211.04
606.1 184.71 626.36 242.65
612.47 184.43 640.99 213.0
618.64 185.51 643.73 208.85
597.64 176.36 636.43 245.12
572.2 190.56 620.14 218.38
596.78 197.91 647.98 225.82
591.97 176.56 625.05 237.95
588.94 180.78 618.2 235.61
585.59 190.29 630.63 243.31
618.41 178.15 638.06 226.83
588.46 185.76 645.32 217.88
612.25 187.45 642.98 218.87
613.98 183.27 655.15 261.62
565.37 183.53 625.37 217.85
587.03 185.45 617.29 248.59
614.19 186.21 633.96 240.39
612.17 180.61 624.47 215.49
575.09 183.99 620.32 228.71
573.71 184.94 616.51 207.84
623.54 176.99 641.72 218.45
586.6 197.85 622.15 234.51
598.67 177.7 612.89 214.76
605.87 187.65 658.7 266.99
610.48 185.32 633.76 205.65
616.29 184.76 638.0 244.25
607.6 187.1 643.95 209.67
600.65 190.85 641.43 214.96
594.76 170.09 653.12 275.19
616.39 184.36 639.24 205.35
588.86 188.0 640.91 268.5
620.6 185.08 641.99 244.13
621.12 179.52 635.37 215.23
616.76 180.59 629.25 214.37
581.78 198.09 630.36 227.54
614.0 186.59 647.18 205.7
602.84 195.79 650.33 221.13
621.55 186.66 647.48 211.17
604.86 188.29 667.18 228.63
628.18 179.76 643.95 215.23
554.68 180.71 617.88 214.18
574.76 190.29 612.12 213.88
626.67 183.95 650.94 207.09
619.83 179.23 654.35 250.97
574.33 180.33 633.43 212.04
563.62 184.54 675.5 250.19
599.41 194.55 664.67 255.75
627.52 178.59 646.15 223.52
610.83 195.01 648.89 232.89
574.49 200.4 624.24 231.44
608.95 178.75 621.85 205.81
597.82 187.02 657.18 219.3
619.12 188.5 649.54 216.18
622.85 183.84 642.09 231.65
623.28 184.98 656.61 205.41
611.45 191.38 667.26 244.46
595.09 179.87 622.31 228.54
612.75 191.65 647.18 223.54
577.45 193.62 613.98 218.14
625.72 178.22 640.34 208.98
596.07 197.55 632.92 238.05
607.32 179.48 639.26 235.04
624.79 187.13 646.49 240.11
605.72 197.72 646.4 239.24
601.11 179.56 628.15 231.23
620.38 184.63 677.59 217.09
613.85 180.1 647.62 240.62
615.24 187.62 672.84 222.67
586.14 180.06 648.78 285.02
596.15 195.03 651.19 280.68
628.15 184.33 660.56 258.19
620.07 188.99 661.63 263.71
630.15 180.55 691.33 212.08
589.44 179.47 650.52 211.26
543.72 176.99 682.08 241.79
603.71 160.8 663.67 271.57
630.19 187.15 689.06 220.97
582.66 176.34 712.72 245.7
589.66 188.07 621.38 260.46
587.29 197.97 649.91 252.24
619.64 178.74 680.48 210.11
587.22 174.43 619.59 222.3
600.41 172.7 630.08 223.89
585.51 142.2 660.0 270.87
565.07 165.47 668.08 244.95
565.9 181.34 652.82 261.03
607.56 178.52 660.44 306.04
607.16 179.64 671.0 210.5
612.35 197.71 660.4 279.84
583.5 199.4 672.43 276.86
586.58 203.38 656.91 271.49
559.63 206.33 685.64 277.33
549.05 167.1 691.62 231.99
551.96 169.56 652.63 249.52
571.28 194.81 687.47 268.74
622.32 162.19 671.51 288.92
530.39 172.44 665.67 235.34
579.83 144.76 630.18 269.77
626.29 151.76 679.54 273.86
592.73 159.26 705.5 240.53
582.26 172.92 629.04 288.56
533.65 166.2 631.8 239.15
535.17 148.25 702.6 222.27
593.39 205.58 691.22 286.6
539.44 137.65 664.08 227.89
561.69 143.58 611.76 263.09
571.8 210.59 704.06 284.21
534.55 176.07 629.64 256.28
568.4 139.53 693.88 231.37
416.41 193.29 511.38 244.42
440.12 189.56 516.24 241.95
399.88 189.64 499.46 245.31
398.95 183.14 482.46 253.56
395.48 181.8 468.87 266.45
380.57 184.12 508.0 256.78
392.8 185.79 490.54 237.28
402.11 196.58 511.47 253.96
417.26 180.89 459.52 278.33
381.43 178.15 452.64 260.55
391.32 183.71 454.95 276.01
407.23 188.67 491.61 260.18
383.76 178.41 481.27 274.96
391.34 179.88 458.98 247.19
425.05 187.43 505.98 225.29
404.51 184.22 525.62 244.21
405.22 186.03 491.51 224.85
423.49 174.76 458.92 256.21
377.46 185.45 474.19 230.75
392.56 184.97 470.45 221.52
402.5 173.83 453.45 290.69
404.95 184.14 471.29 234.7
427.75 180.87 467.8 270.12
378.93 186.43 456.66 219.63
412.47 178.99 542.44 237.59
367.11 186.43 455.69 228.29
352.31 183.16 494.47 263.36
395.55 184.24 454.57 231.11
417.76 186.27 490.42 234.49
373.32 188.93 480.49 243.56
431.1 176.29 465.72 252.11
374.45 180.85 465.63 293.19
414.93 169.99 476.49 287.61
438.01 183.71 474.04 266.59
360.62 189.33 458.58 239.46
433.77 178.81 453.45 239.0
409.6 185.34 458.43 208.22
424.69 176.05 455.13 239.07
363.2 172.75 469.25 272.58
379.03 197.21 481.57 255.9
433.57 198.44 521.68 245.8
433.45 196.05 495.0 233.34
419.33 180.87 453.07 217.53
428.77 201.69 497.82 237.82
427.76 169.8 493.12 283.03
415.8 186.67 469.98 208.42
405.75 185.96 463.08 212.54
417.28 185.66 458.62 229.88
424.59 183.51 455.07 211.95
392.97 205.76 499.56 258.83
381.78 196.03 479.41 292.66
381.14 175.83 532.6 238.59
439.08 180.7 517.06 215.34
398.41 174.32 515.21 252.84
440.65 176.11 473.88 236.89
417.45 181.87 511.11 258.59
364.91 208.17 506.22 286.37
331.86 175.64 495.18 245.6
394.31 179.9 474.03 214.03
430.7 176.87 528.37 242.4
366.05 201.8 466.11 260.14
403.71 181.48 490.78 215.51
413.49 148.36 486.12 270.4
400.71 194.57 467.85 282.45
401.8 179.13 461.73 225.3
341.83 169.36 515.16 237.73
399.38 145.99 466.1 274.94
439.09 180.03 503.87 226.35
367.36 164.74 485.39 257.43
385.32 145.41 453.05 279.78
376.82 181.58 457.48 213.42
411.71 179.64 479.78 226.52
431.96 154.45 498.84 260.67
401.62 202.42 509.53 284.88
387.82 211.56 455.42 295.8
339.18 159.38 465.22 252.84
339.96 176.62 455.5 274.86
415.99 187.37 545.29 257.27
333.96 193.48 482.1 276.4
435.5 184.25 529.69 259.11
336.48 227.03 488.65 295.98
393.93 211.31 534.46 281.27
413.4 145.08 541.66 236.47
378.23 143.02 509.32 235.6
358.7 150.02 533.55 224.07
342.82 141.24 478.18 234.45
236.73 219.14 325.03 272.03
240.94 210.7 317.32 280.32
193.25 201.47 323.4 272.26
251.2 200.32 304.64 293.27
294.64 165.35 352.81 269.65
200.35 214.63 329.08 283.22
261.31 190.72 371.63 267.78
233.36 183.45 346.53 261.84
229.3 199.22 341.5 280.39
214.18 220.29 346.87 288.64
216.18 186.66 326.6 268.74
280.12 165.94 336.99 277.67
244.91 182.09 302.43 296.5
256.68 175.48 318.63 298.87
262.28 150.27 324.47 268.99
232.44 185.92 285.83 292.95
273.29 169.17 333.17 296.6
250.61 196.59 300.83 310.07
244.77 147.04 305.82 272.2
204.86 229.73 341.19 300.37
227.26 150.88 283.67 272.42
402.19 178.62 444.93 290.15
410.66 175.03 451.79 281.3
396.9 173.31 439.15 274.81
390.23 180.12 434.24 281.33
418.4 174.76 437.8 229.16
421.04 181.16 441.43 242.86
416.8 183.02 438.79 246.62
408.75 174.73 444.56 256.77
416.7 175.0 451.29 256.48
413.15 182.67 434.95 245.99
422.16 176.05 440.54 228.34
402.37 179.2 421.62 231.22
425.93 180.31 444.98 241.21
393.9 178.78 448.48 298.76
401.47 176.48 435.32 255.15
400.05 177.65 417.41 223.05
398.96 180.9 418.26 234.76
406.43 175.41 424.06 225.52
413.98 174.17 433.86 229.39
409.39 183.65 430.86 241.35
379.05 181.09 442.58 241.36
427.0 176.19 443.66 227.2
430.52 177.46 448.93 234.89
410.37 175.12 427.96 226.03
397.4 178.47 412.91 221.59
454.57 180.0 490.33 254.31
405.53 180.5 425.43 236.19
395.47 176.14 428.02 249.93
447.47 182.19 482.13 255.74
396.06 182.71 413.78 232.64
382.83 183.45 422.98 276.67
385.67 184.91 445.18 229.94
388.19 191.64 447.87 287.67
448.43 193.81 499.69 230.63
418.95 176.43 447.03 233.99
443.65 186.16 483.81 270.52
368.72 181.89 438.73 253.49
412.84 176.74 440.05 234.83
389.3 189.9 424.88 223.81
390.37 179.37 403.47 221.9
415.09 183.65 449.7 224.51
384.65 180.15 399.02 227.12
454.74 182.19 473.01 238.15
386.96 177.6 420.51 246.84
392.9 183.51 408.94 231.79
401.64 184.03 423.17 244.36
379.71 172.24 441.71 298.94
428.61 179.81 450.88 246.33
380.2 180.72 396.66 227.74
458.2 183.21 476.87 237.45
424.34 182.59 447.52 253.01
383.95 187.39 400.28 236.61
456.43 175.69 490.23 234.28
404.43 183.59 427.81 247.04
391.33 191.64 429.65 230.26
388.73 184.37 403.84 231.69
379.13 187.26 397.9 238.56
409.8 189.3 449.23 234.29
404.39 177.09 432.54 234.72
402.72 184.4 438.28 221.78
397.8 187.93 435.54 225.74
448.84 175.94 483.29 236.75
459.35 191.22 496.54 260.28
397.46 175.95 426.04 234.79
369.71 181.6 435.0 230.28
397.96 194.12 439.72 290.72
376.14 181.18 413.38 263.45
361.33 185.06 430.07 239.29
445.93 172.04 497.84 287.8
451.99 171.06 496.96 264.86
370.13 137.95 443.29 277.61
399.34 181.49 454.85 318.13
357.78 197.34 458.76 299.75
361.27 165.84 425.68 294.17
366.99 218.7 481.32 299.76
418.03 184.8 474.83 321.23
374.18 179.26 437.55 329.46
354.07 129.2 424.65 272.36
358.26 171.24 418.9 320.68
435.02 190.24 492.73 323.99
282.1 182.96 369.35 233.87
301.12 182.92 375.07 222.33
289.57 180.75 369.95 217.26
296.87 188.6 375.79 233.29
316.11 183.98 381.07 219.03
257.87 181.4 384.95 237.78
274.86 184.6 359.04 224.06
326.78 183.82 382.18 209.75
306.13 172.03 346.02 245.13
314.09 174.87 350.67 245.14
316.04 183.24 374.69 211.26
320.88 174.72 358.05 245.2
324.05 187.3 385.47 216.65
327.26 181.91 376.27 204.2
301.01 177.71 339.27 248.36
269.09 188.85 351.26 228.57
246.72 187.26 388.66 250.53
278.6 177.67 362.96 213.79
296.97 168.37 337.26 233.64
325.21 183.25 395.49 217.78
307.33 169.87 351.05 230.58
332.99 177.99 362.09 237.23
271.89 180.0 404.42 245.21
285.4 174.83 353.8 222.11
316.79 168.63 357.39 229.08
268.09 170.21 409.05 231.83
326.91 170.85 362.23 223.85
337.45 182.82 418.6 218.64
338.78 187.74 424.97 224.95
273.8 195.76 360.63 235.02
249.55 174.66 373.26 246.45
263.22 183.17 343.41 220.64
236.64 202.71 378.13 269.38
292.58 145.54 358.0 255.0
282.56 172.74 381.12 238.38
305.99 169.2 361.77 274.62
254.66 143.94 376.92 231.69
280.4 138.61 343.08 256.96
258.73 196.06 402.86 262.59
309.4 171.07 420.11 247.01
236.33 156.23 355.09 235.57
321.86 165.67 366.7 282.71
320.19 140.8 370.62 256.62
344.61 149.59 393.13 272.7
292.12 190.49 392.55 268.52
179.24 170.12 231.52 285.51
150.84 177.2 192.22 264.62
165.83 176.85 204.58 266.85
171.77 176.21 211.18 269.82
137.91 171.28 199.69 267.31
120.0 168.98 173.23 267.81
671.14 190.71 715.73 229.82
671.68 185.28 720.89 228.29
677.79 193.55 721.55 231.15
675.74 188.38 727.22 234.04
683.09 194.68 728.13 234.47
678.31 189.63 723.75 224.13
675.44 185.8 718.5 220.0
777.77 175.18 819.62 195.13
448.82 192.56 527.87 236.11
482.92 188.48 555.78 223.1
469.11 190.42 542.32 228.68
488.22 192.32 550.41 221.14
463.8 187.93 533.48 223.33
482.26 194.78 543.52 225.52
452.26 187.62 521.54 223.97
491.47 187.15 550.9 208.3
466.85 197.78 531.1 229.59
459.41 199.52 521.72 232.05
500.28 193.52 558.0 222.23
444.82 186.5 509.11 232.49
489.19 189.25 550.06 214.16
449.09 201.87 512.61 235.96
475.2 183.79 554.25 216.45
500.0 185.74 553.4 215.75
461.51 194.13 511.76 230.63
442.05 198.86 502.2 234.69
500.27 185.72 550.77 204.86
459.9 193.51 525.34 226.93
494.46 197.54 549.46 225.01
491.82 184.27 537.62 204.81
473.62 175.51 488.85 214.37
456.54 181.75 533.68 217.54
474.5 182.76 493.94 234.09
489.45 197.04 538.21 228.59
452.12 193.17 510.78 224.93
481.25 187.39 508.38 244.44
464.64 176.43 497.12 234.74
469.54 185.63 490.68 236.27
465.54 176.74 479.26 212.53
472.31 177.53 504.02 233.21
476.47 174.4 492.54 214.59
470.04 175.07 484.16 211.91
465.72 185.36 486.11 235.64
452.03 184.91 504.53 208.51
482.78 185.79 540.04 208.26
474.53 190.36 540.45 221.23
492.11 182.57 517.88 238.18
488.0 187.05 514.16 243.27
482.38 176.44 512.64 228.79
491.83 178.98 520.85 227.61
499.31 177.25 528.11 228.48
507.97 179.47 534.81 226.93
516.19 181.93 540.23 226.62
522.82 181.49 547.15 226.49
480.38 114.01 549.91 244.54
834.51 109.49 900.78 257.42
494.18 190.09 558.7 217.92
496.57 187.04 563.35 217.33
542.3 184.94 584.56 206.47
532.34 185.53 578.72 206.64
514.89 187.75 569.8 211.68
520.21 185.85 572.58 207.6
507.25 189.59 564.2 216.34
504.76 186.15 562.28 208.71
512.61 184.45 576.15 214.1
526.7 190.44 571.48 211.52
541.41 186.94 577.81 208.71
464.82 181.8 495.23 250.49
528.71 184.57 567.44 206.47
537.78 183.1 579.69 201.65
519.15 193.04 563.19 216.05
474.39 184.74 501.52 247.15
467.5 187.19 503.62 256.78
463.15 169.42 569.45 231.66
452.89 152.98 507.81 250.27
466.16 164.86 508.64 271.16
450.12 180.48 589.92 243.94
468.7 148.14 520.18 249.58
482.84 156.28 533.26 260.27
447.61 146.2 572.4 231.94
499.45 159.53 548.6 279.38
518.37 152.17 566.76 267.39
488.07 176.23 588.69 246.47
456.88 188.31 555.04 263.83
665.57 188.8 707.16 224.39
674.28 195.27 709.47 227.41
662.03 188.4 699.17 221.98
656.08 183.88 711.14 222.71
642.21 182.94 686.31 207.95
671.17 184.54 711.69 222.54
646.16 181.15 677.17 206.86
658.19 182.39 695.37 218.5
659.29 184.24 709.11 218.75
649.58 183.81 693.51 210.28
675.79 187.76 702.12 235.31
653.17 184.24 700.11 214.95
681.6 191.27 702.67 233.65
663.13 185.79 704.96 211.29
641.49 182.51 671.21 203.02
678.13 182.71 705.56 232.27
654.1 182.91 686.86 212.54
639.24 184.64 672.67 206.97
674.16 189.65 696.01 233.61
666.75 182.78 686.9 227.29
681.45 187.08 707.64 236.7
646.19 182.14 681.84 213.29
646.99 181.9 699.35 220.54
687.67 184.75 717.17 239.92
637.73 184.57 697.22 216.91
624.95 181.36 648.57 203.1
670.67 185.16 688.94 229.68
681.19 183.46 710.49 234.2
643.66 183.1 674.27 211.83
672.34 186.37 712.02 211.68
686.8 188.39 711.38 237.59
634.17 182.27 663.51 202.81
662.62 179.56 681.84 223.47
633.81 185.11 665.8 206.46
669.47 194.6 699.07 222.87
672.29 178.3 695.17 227.03
675.3 178.89 701.12 228.49
679.14 199.58 707.01 226.65
644.76 180.95 680.28 201.27
673.08 179.25 707.27 233.68
619.34 183.65 647.95 201.57
652.51 177.04 668.59 211.74
648.8 180.1 664.54 218.69
656.91 182.63 697.02 206.48
639.12 184.97 680.28 210.52
659.56 179.35 676.8 220.71
643.77 185.4 688.96 214.36
627.32 181.74 658.95 202.67
686.26 182.41 716.07 239.02
677.39 193.77 695.19 230.93
655.69 177.8 671.71 216.84
630.7 180.64 654.14 203.53
650.52 177.53 664.53 210.48
641.03 185.11 667.14 211.96
693.94 182.22 725.73 241.89
636.39 184.47 658.78 207.01
657.55 181.81 721.21 215.89
627.97 179.66 651.39 200.77
651.33 182.89 668.53 221.19
633.38 177.48 646.92 210.73
681.51 197.43 711.69 229.69
677.79 184.86 704.97 235.34
668.73 180.41 697.22 230.8
634.65 177.6 659.99 242.63
633.08 185.55 678.5 226.41
648.13 187.42 708.2 228.8
644.19 175.68 670.11 239.07
615.69 175.48 743.17 242.86
603.75 135.69 674.17 267.46
611.02 181.34 728.68 253.7
634.49 182.59 754.4 249.73
613.73 159.52 721.56 236.86
642.53 178.05 732.21 248.04
667.16 149.61 720.94 264.38
605.49 193.12 726.02 269.78
391.53 184.7 426.07 215.59
420.75 177.06 436.54 220.22
386.91 187.01 432.21 208.08
423.94 177.17 439.06 220.17
396.11 185.54 428.1 211.34
383.23 187.87 434.47 212.68
391.82 185.44 420.87 210.87
393.8 186.48 430.2 220.87
396.53 182.4 433.31 216.24
377.98 190.98 431.9 215.94
401.8 179.06 416.3 215.12
405.15 179.26 420.11 215.68
427.27 176.92 442.21 215.26
416.81 177.0 431.62 219.59
415.73 181.75 445.23 212.35
387.49 185.31 417.96 214.72
394.48 178.35 408.58 220.35
408.79 177.6 423.15 216.6
432.64 177.74 446.5 217.57
413.1 177.95 426.78 217.44
393.76 186.26 445.05 207.47
375.6 188.19 425.54 211.68
385.33 189.71 445.69 218.03
378.24 193.96 436.76 219.95
416.79 179.34 441.03 208.0
412.26 179.8 445.68 219.03
360.98 185.54 447.98 220.1
379.01 185.96 423.34 207.84
404.1 183.22 434.83 211.23
409.92 181.6 440.19 211.61
420.94 181.31 447.24 209.12
387.91 185.79 448.04 213.23
390.41 185.32 430.87 204.22
385.7 177.46 398.77 218.03
383.39 185.6 411.4 215.21
545.76 181.8 591.35 203.74
554.49 180.16 604.56 203.0
591.82 183.38 626.79 204.03
585.67 181.21 607.08 229.53
578.41 188.26 610.46 220.43
582.28 189.17 604.91 235.81
599.61 183.78 623.96 203.33
600.98 184.97 630.79 203.8
588.93 190.17 611.02 238.89
565.11 182.8 609.54 206.65
556.19 179.14 594.69 205.42
579.78 182.73 610.59 212.19
583.6 178.76 603.69 221.78
589.48 185.11 609.22 230.15
585.04 183.31 621.35 203.68
539.45 179.36 605.37 208.78
606.18 184.93 635.28 202.91
564.68 178.43 601.02 204.81
571.54 180.64 604.42 207.8
621.8 183.2 644.71 204.6
613.04 184.54 641.72 202.28
592.62 177.23 607.85 216.46
597.94 182.78 627.23 199.41
570.87 187.01 611.23 210.28
574.18 182.64 613.83 203.42
582.23 187.65 599.66 226.23
587.01 192.26 608.05 245.19
584.82 182.88 611.13 235.33
582.65 176.25 600.18 214.9
587.75 176.58 603.77 214.87
581.64 177.41 610.46 228.08
584.68 183.09 607.69 254.16
524.15 180.53 594.21 210.25
498.2 138.44 553.6 254.48
496.13 115.48 563.14 242.8
468.62 174.16 598.32 231.74
473.94 158.69 592.55 227.92
504.84 168.67 607.73 234.14
0.0 123.9 45.528 234.71
0.0 134.17 68.074 222.21
494.59 160.47 614.59 225.27
556.64 130.82 608.77 248.92
113.63 201.3 205.64 255.37
138.38 197.32 157.85 248.7
101.03 205.0 172.86 257.8
123.31 198.98 154.3 266.27
142.63 181.3 184.76 265.27
130.82 196.12 158.94 261.82
413.06 110.23 486.24 260.88
383.47 111.82 450.45 262.81
366.49 104.85 436.36 261.59
348.3 169.36 396.58 305.61
