433.34 178.67 546.88 225.14
393.85 132.8 510.91 238.58
0.0 172.35 242.16 276.11
593.56 182.46 658.87 234.72
613.99 178.9 641.23 183.35
708.62 184.61 757.96 229.24
696.41 172.34 748.96 218.6
737.96 184.62 807.84 245.01
730.46 175.61 746.03 179.22
747.92 183.01 753.74 192.62
733.02 187.45 777.39 261.17
331.14 173.78 462.08 257.09
909.12 194.44 1242.0 375.0
752.4 176.12 807.98 194.61
499.99 146.44 511.21 177.22
515.27 178.09 550.91 200.75
0.0 159.85 75.26 241.25
789.05 172.35 950.61 293.86
535.29 149.95 542.97 175.84
545.91 165.7 598.1 196.8
548.64 188.4 562.62 206.58
555.98 152.0 562.14 174.32
544.0 202.26 556.23 211.36
559.34 148.67 581.11 203.18
176.84 141.64 226.96 194.35
201.5 174.08 331.65 238.0
202.95 191.6 246.14 202.09
579.2 191.29 590.77 195.45
661.76 187.27 668.44 196.22
669.25 190.93 678.08 199.61
783.16 148.84 790.24 193.62
223.46 136.42 370.99 187.01
452.86 175.25 478.34 184.67
682.04 181.02 694.58 203.56
783.02 139.73 884.21 191.23
368.45 146.52 424.61 179.15
386.09 176.74 424.56 181.82
815.38 149.51 884.16 165.27
848.45 162.27 859.31 184.77
860.43 173.97 864.78 178.87
865.19 149.65 877.75 158.31
325.5 173.91 394.09 184.56
866.9 150.05 930.09 170.11
132.89 167.58 458.14 294.93
831.77 166.76 944.04 191.52
817.52 140.59 1043.61 232.55
0.0 120.91 68.88 375.0
346.43 148.9 356.8 172.56
4.5771 170.05 70.655 327.32
0.0 157.63 31.087 356.48
0.56283 162.34 45.621 343.4
26.851 174.23 103.07 326.44
0.0 140.64 88.595 327.77
0.0 166.76 78.917 353.88
0.0 75.606 53.539 375.0
7.8761 65.959 87.784 347.03
180.12 165.64 481.61 290.89
104.58 144.47 448.76 282.09
164.8 160.86 403.83 311.64
154.53 187.13 427.96 322.71
6.7361 180.64 129.72 266.81
9.429 175.29 93.132 264.6
8.419 177.49 95.414 266.21
0.14459 167.93 70.928 245.95
9.0755 169.67 72.317 270.8
3.917 161.61 61.337 261.16
14.217 181.81 128.44 267.15
5.84 185.86 103.67 283.1
0.0 175.47 74.971 230.72
15.522 177.5 70.798 283.88
0.02387 168.5 56.639 234.62
0.0 177.55 55.155 272.14
24.196 173.12 85.662 280.06
0.0 161.84 43.786 269.82
0.0 173.61 69.343 268.39
3.2282 184.92 117.46 255.38
20.306 177.74 79.336 268.9
0.0 191.15 93.022 258.76
0.0 168.63 120.32 244.1
3.1854 198.66 116.56 269.48
0.0 176.17 40.154 286.53
0.0 178.74 94.982 238.83
4.4402 194.78 65.981 268.41
40.335 163.09 99.064 283.0
0.0 172.06 63.926 220.4
0.0 167.74 44.02 274.55
32.762 168.57 81.19 266.55
0.0 170.24 81.776 252.05
13.913 162.14 54.049 293.9
23.899 162.31 66.769 264.19
0.0 203.76 74.816 260.35
1.1553 157.94 29.375 283.3
3.5663 148.98 46.797 250.78
0.0 189.0 74.587 248.37
10.825 151.14 83.075 266.3
30.167 181.52 85.208 277.23
0.0 187.06 61.047 281.03
0.0 150.96 77.121 243.1
48.414 142.69 117.31 257.29
30.861 151.22 99.201 258.74
8.1585 128.91 56.036 276.75
0.0 113.71 40.173 291.01
0.0 145.31 49.02 247.7
0.0 114.93 98.002 284.77
942.7 214.91 1238.2 366.74
910.74 201.62 1193.7 355.37
957.69 218.18 1221.7 357.38
862.05 241.8 1242.0 375.0
947.18 195.09 1224.1 331.65
882.54 241.27 1242.0 375.0
963.28 239.19 1241.2 375.0
772.27 171.99 961.07 300.83
747.22 175.22 941.49 281.4
739.66 177.6 904.51 269.17
804.59 183.86 975.44 275.85
791.29 166.44 948.68 280.08
734.62 169.27 987.75 301.42
782.48 198.35 944.57 304.27
827.22 147.27 923.68 317.23
818.51 180.3 987.58 256.66
806.86 154.75 899.49 326.2
828.82 187.7 995.95 270.13
837.37 168.97 934.98 334.1
816.4 186.6 908.65 330.89
824.17 143.39 912.56 285.53
768.62 186.22 916.11 295.13
808.73 136.03 927.18 342.34
808.09 207.86 980.53 304.64
779.66 167.35 919.25 242.51
843.02 185.11 977.37 295.28
747.36 194.97 897.53 283.28
814.53 167.53 960.77 247.93
763.82 178.59 979.32 334.14
789.35 117.89 912.3 332.93
833.37 139.27 906.01 257.08
5.3468 180.67 203.25 272.25
45.859 183.88 231.92 263.72
10.348 198.02 224.66 278.31
12.588 168.3 243.99 246.53
0.0 173.06 251.98 281.76
16.786 187.94 187.3 286.94
48.527 187.78 215.8 285.79
19.926 172.74 201.2 254.77
16.181 165.96 242.68 310.3
18.383 151.58 235.51 225.67
0.0 170.88 190.62 318.34
218.58 179.56 316.61 220.14
229.59 179.68 337.23 222.73
209.19 180.63 326.9 230.39
216.81 188.28 335.7 239.19
187.4 170.13 348.95 232.58
246.3 178.82 361.88 222.43
235.01 176.26 340.95 214.36
207.16 165.91 400.68 233.56
251.58 174.56 361.11 211.9
429.81 177.06 551.15 226.27
472.93 178.79 556.9 220.09
438.67 175.29 536.2 216.92
485.84 174.83 561.35 210.93
461.36 176.23 544.43 224.88
426.65 175.75 515.7 212.66
395.03 175.71 537.61 236.57
418.09 175.42 548.75 228.72
446.92 176.53 510.15 200.29
414.46 178.26 520.36 221.34
447.0 174.26 501.63 195.31
444.45 175.99 525.33 206.12
475.68 173.83 552.42 205.95
435.11 175.89 496.48 200.07
452.16 178.61 515.82 206.59
432.61 172.68 505.24 217.14
449.47 183.25 553.92 230.93
459.79 176.94 521.93 200.35
458.5 174.03 515.0 194.21
478.07 181.31 547.61 211.13
400.55 183.01 506.74 230.7
457.33 172.72 496.2 198.18
447.03 166.14 581.87 223.1
447.28 173.01 567.22 230.73
459.94 174.36 503.15 200.97
454.81 174.07 505.9 191.14
424.87 175.89 525.04 230.79
438.32 178.33 502.8 204.31
474.86 186.13 547.55 216.15
475.09 175.3 543.53 213.36
455.38 181.36 525.65 211.26
433.07 175.31 509.43 204.3
464.64 179.02 533.49 207.61
450.7 173.68 493.04 190.6
473.78 176.97 533.29 201.72
476.49 162.13 492.06 199.65
467.12 175.15 509.59 200.41
484.8 169.36 516.95 239.74
461.64 176.25 508.65 205.59
468.59 163.33 498.46 236.9
478.6 167.34 510.93 240.2
473.55 163.96 504.86 238.98
430.22 158.96 559.43 239.07
399.82 161.22 567.25 227.61
463.24 161.93 522.21 266.44
385.75 186.29 517.29 257.69
471.98 156.14 522.19 246.38
461.58 124.95 537.02 239.21
453.23 161.55 508.21 259.87
446.32 126.9 521.66 241.54
484.79 153.48 533.2 248.96
459.69 171.13 594.22 235.52
436.21 179.22 581.29 244.26
480.81 160.92 534.89 276.22
595.48 181.88 660.65 236.29
612.61 175.86 644.36 202.08
609.53 177.86 645.14 208.09
618.46 177.75 650.58 199.21
612.12 174.9 643.79 195.1
606.04 180.69 657.52 229.41
598.72 178.62 651.94 221.57
617.17 178.13 651.58 206.8
607.53 175.32 636.8 202.27
612.92 180.21 649.54 211.86
619.41 176.05 647.57 193.96
604.54 176.79 639.14 208.5
618.01 180.92 655.08 202.68
607.9 171.48 651.4 237.81
610.83 182.23 656.23 208.54
607.23 180.14 647.18 218.93
604.57 177.12 656.44 213.19
628.02 179.07 655.09 197.38
605.56 182.58 651.24 226.24
625.63 177.64 648.96 197.06
612.34 174.63 640.82 189.75
597.15 181.76 646.84 210.02
596.55 178.92 641.15 205.37
604.96 174.75 635.63 194.32
606.85 174.75 630.91 197.57
606.73 179.67 644.02 244.16
601.79 171.56 640.05 233.67
619.91 175.25 646.62 189.71
629.21 176.61 655.61 192.98
612.08 173.25 636.93 225.91
615.05 170.68 634.01 213.37
619.16 171.13 637.23 212.11
600.98 179.93 640.03 217.82
626.37 179.43 654.42 204.47
617.95 172.71 638.69 220.4
623.27 172.03 641.29 211.9
611.46 170.82 630.3 213.64
621.41 173.78 642.36 219.89
591.22 193.84 666.78 239.81
602.8 176.75 626.13 200.9
626.66 172.59 645.14 211.69
601.17 178.17 629.63 206.43
605.03 172.67 628.13 224.94
622.58 172.21 648.05 225.66
600.39 177.2 632.11 198.63
608.02 171.3 625.35 214.8
617.55 167.47 633.32 199.79
621.19 182.9 661.2 205.98
627.89 170.39 644.52 204.34
613.97 168.45 630.01 201.11
606.24 173.77 634.62 189.7
612.72 181.68 664.2 220.95
620.88 167.61 636.37 199.44
630.65 173.78 647.74 210.61
631.13 176.73 652.31 196.1
624.96 168.82 639.99 199.35
603.26 176.09 624.26 222.01
604.95 173.83 622.11 215.22
614.87 180.54 650.69 246.06
607.95 187.52 660.92 222.55
632.56 173.93 646.96 203.25
609.46 183.96 658.15 215.12
628.7 174.52 649.23 218.08
624.71 175.24 650.9 190.36
598.92 176.15 647.3 209.98
605.69 169.92 620.8 208.28
594.06 185.83 644.91 222.51
634.42 175.98 661.49 191.9
635.53 177.93 656.74 198.92
610.63 168.22 625.06 201.04
641.2 173.28 667.43 189.53
638.31 175.33 665.53 191.23
600.03 174.37 652.69 203.15
626.16 174.13 652.12 227.56
636.01 172.59 650.4 210.97
601.7 186.62 661.44 236.6
641.81 174.29 663.36 193.34
620.55 171.44 653.42 226.9
630.24 181.24 658.85 201.39
637.04 175.3 657.86 194.68
598.1 174.65 631.41 237.74
622.52 176.29 654.72 243.27
592.74 175.3 639.04 215.77
581.27 174.68 671.06 248.92
631.05 174.38 657.1 190.12
631.41 171.25 654.86 227.72
610.23 172.05 638.79 186.76
637.68 172.92 649.33 202.42
611.28 175.64 665.2 207.34
600.81 161.21 655.44 263.32
568.96 169.85 685.31 232.9
561.4 184.04 681.61 251.16
607.47 151.84 659.06 277.81
820.77 170.4 993.67 234.67
845.22 178.5 1028.1 246.88
844.83 177.02 892.56 193.46
846.92 179.1 941.82 221.92
854.23 176.32 901.24 192.75
843.35 179.3 898.22 196.6
784.33 168.83 952.86 234.34
856.13 178.97 909.23 195.56
810.55 172.68 898.56 205.42
802.74 176.7 903.33 221.28
817.07 177.64 930.86 223.13
840.66 174.28 942.12 209.19
811.64 168.67 889.61 198.8
850.96 185.47 951.97 240.16
864.79 182.23 952.89 229.93
357.65 178.16 484.68 248.73
376.73 176.73 511.75 242.95
351.06 184.64 474.13 248.32
351.99 180.32 467.75 276.43
364.55 173.5 467.19 253.2
352.34 176.77 469.94 231.3
367.12 181.38 482.24 240.64
373.66 174.12 460.91 238.87
340.43 172.46 463.31 253.42
361.91 173.3 463.26 217.67
383.06 179.87 477.16 252.11
390.11 179.45 488.49 225.7
441.85 174.32 487.96 194.65
444.66 173.54 478.28 201.77
446.42 168.29 458.7 203.26
348.69 184.56 463.14 267.6
430.41 176.75 482.98 199.1
381.2 181.48 485.71 261.45
381.33 175.93 473.66 215.64
414.09 166.86 460.26 261.01
398.33 153.27 459.97 259.25
366.87 171.5 456.46 207.63
396.36 174.84 489.54 214.87
406.58 163.99 464.56 285.31
347.52 151.56 476.72 241.93
422.56 158.23 467.03 260.54
360.21 157.08 546.69 226.9
335.13 177.64 439.97 223.07
321.73 178.5 421.77 221.6
345.14 174.18 450.59 214.68
332.64 175.47 431.89 213.36
369.6 170.01 454.43 226.64
342.87 179.31 407.07 202.18
317.96 176.18 416.11 210.42
198.44 177.58 277.49 211.39
204.99 177.67 281.5 209.08
196.1 174.25 275.27 220.34
185.98 185.54 273.29 228.36
127.37 187.76 243.84 241.55
171.82 188.41 266.13 239.78
164.45 184.82 255.03 231.96
196.94 176.04 270.17 205.52
171.36 180.82 258.87 224.74
161.7 182.41 246.22 243.15
326.72 181.11 478.73 260.85
304.12 173.78 461.34 278.42
280.84 175.96 455.81 298.45
296.02 178.35 474.04 249.9
292.6 193.84 467.12 289.46
329.54 171.36 477.42 238.11
335.42 187.82 452.01 240.85
373.94 177.39 451.32 299.94
382.01 172.59 444.0 286.62
362.56 172.63 435.57 311.09
375.01 169.88 431.51 288.13
378.6 155.18 452.72 263.8
355.37 163.43 417.32 293.81
338.58 193.46 467.4 254.82
379.17 164.39 434.16 264.86
332.14 193.76 472.86 282.39
380.09 166.53 425.06 266.61
291.54 210.64 456.55 304.74
317.97 187.29 423.18 234.44
366.26 159.66 420.63 258.54
377.74 163.77 413.22 255.35
374.77 172.02 428.78 280.49
346.66 176.84 441.95 237.26
368.77 188.8 474.69 285.01
301.88 168.77 448.37 241.21
349.52 203.44 459.56 304.78
330.73 151.96 506.47 225.06
367.21 125.08 441.54 266.18
202.34 179.09 290.73 215.91
188.32 179.1 376.22 270.02
188.16 176.29 359.22 248.76
195.39 181.65 302.59 226.77
199.85 188.84 358.05 280.38
178.37 181.96 319.63 259.31
173.65 176.08 315.54 241.39
219.62 177.46 291.12 210.93
218.89 165.33 383.87 262.91
205.88 176.02 290.88 229.46
187.35 189.18 284.35 236.5
208.63 175.32 297.63 209.96
162.2 188.97 296.43 272.5
195.23 186.56 306.09 238.53
223.0 175.33 304.21 215.93
222.86 181.13 321.66 246.05
211.56 193.1 327.66 248.97
165.65 176.17 283.31 255.01
229.17 176.87 291.86 290.24
243.49 149.43 308.21 269.95
192.91 196.66 324.76 284.23
743.59 183.26 845.65 235.69
751.63 179.99 835.75 223.41
757.5 175.12 834.11 210.36
775.4 180.29 855.22 222.18
831.85 175.97 871.88 193.47
822.16 176.91 860.28 193.55
763.24 174.64 848.96 240.71
770.54 175.51 847.44 209.81
821.6 179.57 863.71 195.85
815.24 176.52 852.21 193.74
768.79 176.49 840.13 226.95
828.73 178.74 870.63 195.79
761.89 181.44 861.36 232.61
827.09 172.73 868.27 190.79
815.58 179.77 855.29 196.79
821.45 173.35 859.33 190.95
808.03 175.81 847.04 193.04
833.55 178.23 878.39 196.59
835.43 173.69 873.84 190.36
731.44 170.99 868.16 233.11
790.47 174.01 832.72 193.1
800.32 174.82 841.63 192.7
786.92 175.87 862.87 206.91
787.58 178.88 880.99 218.84
828.81 168.4 869.22 187.68
751.95 169.6 901.33 232.18
803.2 178.38 845.77 196.76
791.01 177.7 835.94 197.43
770.2 172.15 841.02 201.19
787.77 172.28 855.28 200.63
797.98 171.15 870.57 198.94
696.36 173.96 759.99 225.63
703.58 177.99 767.94 228.68
687.4 173.56 752.34 217.73
722.83 182.24 798.66 248.99
715.91 178.49 788.66 237.67
707.95 186.44 782.73 234.65
710.94 179.94 784.8 225.15
739.34 179.08 782.88 264.74
705.77 176.62 771.13 216.71
691.97 175.17 748.86 212.39
730.44 184.76 791.73 259.73
685.87 173.51 736.78 215.17
715.75 175.4 786.67 215.18
689.41 176.22 735.07 213.21
726.95 174.86 800.39 211.88
747.97 175.05 807.87 203.21
733.06 178.14 775.73 256.33
706.09 184.07 761.4 225.36
704.99 179.46 759.72 214.36
698.94 173.26 755.25 207.7
750.82 172.7 805.9 198.1
695.35 171.56 741.51 209.67
700.87 180.71 754.3 221.31
753.05 178.61 795.4 271.7
694.99 173.49 757.04 207.44
749.35 187.19 777.91 258.62
684.8 176.44 719.04 208.56
677.96 180.38 714.51 202.64
678.1 178.57 726.94 204.89
760.95 176.99 803.5 271.74
710.26 177.23 765.08 219.52
712.03 169.3 746.21 233.56
719.17 171.71 751.55 233.94
743.46 188.84 770.38 257.74
708.57 170.66 804.28 248.81
726.15 172.87 759.64 242.48
697.44 170.83 750.91 201.01
683.35 180.23 710.3 206.65
705.2 168.86 737.81 230.38
747.09 190.1 773.36 265.28
725.35 164.66 745.58 212.88
763.35 186.87 788.29 259.88
747.39 171.59 789.29 257.87
745.03 198.31 768.73 268.83
752.49 182.08 782.44 252.97
733.18 170.22 768.8 238.88
714.07 187.8 768.53 228.7
715.32 171.56 753.13 207.14
698.73 171.83 729.97 228.77
687.36 182.72 722.66 212.82
744.68 173.83 798.47 275.91
684.57 173.45 738.81 206.64
738.4 183.39 768.39 250.18
720.2 183.04 753.46 243.32
692.61 180.26 745.81 219.54
755.72 169.98 797.95 257.21
707.82 168.45 731.98 219.65
696.46 168.85 721.35 217.27
737.88 191.12 774.32 264.55
691.54 171.44 708.51 212.96
730.88 165.42 748.69 210.53
707.98 169.91 746.02 201.31
724.85 169.3 758.1 224.86
692.48 171.09 718.04 219.87
739.46 175.02 794.41 200.58
741.33 168.31 778.21 237.79
681.67 183.24 733.24 210.84
721.91 172.81 749.42 229.35
689.32 172.48 727.71 209.75
715.4 174.88 761.85 212.47
745.54 183.94 774.63 248.79
755.46 173.5 806.99 191.14
681.0 174.98 740.19 207.61
721.17 164.51 741.65 211.71
754.0 190.09 781.18 265.75
753.76 173.43 796.91 202.24
705.64 165.23 727.65 214.35
706.1 190.59 754.13 229.91
748.5 204.72 772.01 267.8
712.54 167.29 734.23 217.75
680.35 172.46 726.46 211.92
724.98 169.14 747.33 222.46
731.7 181.92 756.76 238.73
713.2 178.62 749.47 239.53
725.81 178.89 753.66 235.71
762.41 163.83 805.69 242.58
704.5 171.47 753.09 191.3
693.07 165.89 790.33 239.96
743.43 181.87 770.08 239.45
721.59 169.64 743.67 220.4
734.94 183.38 762.33 243.48
701.62 165.67 723.71 213.91
717.91 165.27 737.58 211.8
735.85 167.71 767.6 224.25
715.79 178.79 769.47 207.84
718.69 177.13 745.29 231.6
762.69 174.01 809.72 202.09
729.52 173.36 756.08 229.67
734.51 176.52 760.21 233.0
723.35 185.36 775.43 226.93
716.59 169.47 739.37 218.94
710.35 164.47 746.82 219.61
715.41 174.74 741.72 225.88
750.25 164.98 787.94 238.32
702.55 165.24 739.64 219.33
673.3 182.75 708.67 203.31
694.68 169.55 723.2 220.54
736.6 172.59 788.18 276.56
692.4 177.6 711.3 216.65
675.98 178.31 704.09 199.41
706.02 174.23 773.18 205.21
750.12 173.36 797.94 189.87
746.65 184.28 785.19 275.38
739.4 177.88 763.81 235.54
736.1 167.13 751.29 207.07
718.11 168.76 749.02 200.03
733.04 189.12 805.38 266.46
730.3 190.09 782.45 231.82
723.32 191.36 771.14 232.52
752.32 171.49 790.84 198.08
684.97 182.84 713.9 209.64
718.44 164.98 751.52 217.8
711.21 179.96 738.81 234.55
695.42 169.97 735.8 202.88
711.01 164.58 729.74 207.43
746.47 163.96 776.27 223.73
716.26 173.77 790.07 205.1
714.88 164.14 733.38 206.35
664.23 166.57 788.23 232.71
739.01 155.32 803.88 256.43
762.36 160.9 797.22 226.51
665.47 174.66 721.31 210.74
754.72 162.23 788.55 225.81
689.85 166.74 749.68 209.06
717.96 181.44 804.53 268.57
721.95 173.74 777.69 211.53
725.71 149.13 784.64 260.2
723.47 166.23 773.35 272.77
717.05 155.3 767.65 262.79
673.79 145.96 791.19 234.82
701.82 146.99 753.39 260.96
683.87 174.92 696.38 206.93
674.96 175.66 694.68 202.06
680.31 177.96 702.1 203.54
670.29 180.64 702.44 200.91
686.21 176.08 698.54 208.98
688.07 173.21 699.77 207.52
667.5 178.2 695.72 198.92
680.6 174.2 696.98 202.0
689.42 175.96 701.66 211.49
674.83 180.1 698.51 203.04
667.9 174.27 694.61 194.7
670.82 180.5 694.83 202.61
503.24 175.2 569.12 206.46
518.58 176.67 574.71 204.84
508.68 174.1 570.29 203.76
528.58 176.12 581.76 200.68
502.1 177.2 562.06 206.2
513.1 174.63 582.24 205.6
531.86 173.47 585.93 197.51
514.89 171.32 573.73 200.32
528.79 177.51 570.5 208.0
492.04 181.03 555.09 210.13
514.89 177.83 564.12 208.95
534.14 177.1 575.12 204.03
494.54 176.45 547.72 200.4
542.05 175.12 588.5 198.76
508.6 172.47 562.77 198.77
521.98 183.74 569.45 208.31
502.35 173.12 553.0 196.31
549.47 171.77 584.05 198.21
506.43 173.93 550.18 203.58
497.58 176.2 545.8 208.67
524.53 171.41 593.06 203.12
557.28 173.67 592.55 194.76
541.72 170.29 561.02 212.66
564.65 173.36 597.06 193.58
539.32 171.04 592.02 193.17
524.32 168.16 577.9 205.47
507.95 168.29 585.05 201.63
722.94 185.07 827.12 246.49
733.93 176.62 822.89 225.07
738.41 172.47 818.39 213.88
740.7 180.12 833.67 250.26
714.41 174.9 836.03 246.48
724.34 172.92 816.66 257.54
740.31 173.74 815.57 204.18
739.7 185.72 820.02 260.46
715.77 190.75 813.15 253.38
757.34 176.47 817.19 200.6
767.2 172.78 811.84 267.05
685.14 169.33 815.64 237.07
732.59 173.82 832.39 270.08
759.67 173.64 816.02 195.35
754.95 171.82 812.67 285.24
772.62 173.41 822.44 193.93
778.1 172.39 819.52 265.07
769.9 176.07 823.32 199.01
754.73 183.32 847.32 253.39
787.75 169.35 829.32 265.44
767.33 191.68 791.97 260.82
765.77 183.22 793.65 251.34
746.86 179.06 816.18 210.03
708.31 184.95 826.0 263.19
773.02 165.73 826.82 285.16
772.65 165.1 809.19 228.06
731.0 192.55 835.33 256.65
782.13 168.89 815.38 236.31
751.65 153.37 816.07 257.41
786.11 165.01 849.7 298.39
792.61 169.09 824.02 237.31
767.8 156.31 823.71 258.17
686.54 151.7 857.94 226.54
705.67 149.0 831.61 237.92
838.45 176.48 878.84 192.65
512.44 171.23 540.29 228.21
516.99 167.75 542.27 219.32
508.29 167.47 534.09 220.61
450.05 174.08 487.76 200.73
453.62 165.95 466.8 207.26
457.13 165.28 470.55 206.95
449.58 166.34 463.02 206.77
462.14 164.79 474.19 200.37
472.72 162.54 487.88 201.35
500.87 175.11 541.79 203.11
469.46 162.71 483.44 200.54
466.02 163.73 478.37 199.61
495.07 173.13 541.84 196.18
497.34 166.58 525.31 221.87
451.62 162.81 481.78 230.81
304.15 179.7 405.87 220.55
280.09 178.11 391.47 221.2
493.57 171.62 524.18 235.98
503.11 170.17 532.38 233.24
460.93 163.45 491.01 235.32
402.76 163.14 443.67 237.24
677.63 169.94 690.12 203.21
679.79 171.84 692.4 206.29
674.97 170.16 686.74 200.52
672.6 176.28 691.09 201.24
672.38 171.67 682.99 198.93
669.77 177.03 687.99 200.32
671.25 169.08 688.73 197.26
670.61 167.1 684.08 200.88
668.62 170.54 679.33 199.11
665.96 173.71 682.7 196.54
677.03 171.61 693.42 198.61
673.71 167.68 691.96 195.3
