755.85 117.40 1233.60 281.31 11.18
1054.79 173.62 1242.00 375.00 4.08
205.75 130.68 537.89 255.11 15.22
60.82 125.74 318.07 254.35 14.26
522.54 133.38 791.32 261.27 14.48
0.00 126.02 206.30 236.62 19.07
1028.94 207.71 1242.00 375.00 1.29
1156.14 116.33 1242.00 257.19 14.82
447.30 172.33 564.88 259.67 12.71
1054.26 308.07 1242.00 375.00 5.16
547.60 139.00 683.11 215.35 17.92
644.84 157.10 713.18 262.24 12.55
962.30 135.20 1020.88 293.10 9.88
981.22 241.41 1056.11 368.88 6.36
701.99 179.49 786.74 206.47 18.07
0.00 171.99 97.19 246.53 16.95
337.09 196.41 426.05 273.75 10.70
242.03 197.01 371.24 276.04 10.84
0.00 167.64 39.79 238.51 18.66
1116.86 234.12 1242.00 361.89 6.91
1210.61 111.09 1242.00 258.80 13.61
863.78 207.29 939.90 279.46 10.69
570.00 139.84 592.83 214.75 18.18
713.91 209.88 790.04 216.46 18.32
1168.08 130.30 1199.64 232.95 16.63
1112.19 260.98 1241.34 340.54 8.11
836.84 215.71 872.77 239.69 14.85
597.61 209.33 648.33 215.03 18.08
853.10 184.22 876.18 207.95 19.02
843.84 200.30 901.40 268.99 11.69
920.30 220.12 972.05 277.83 11.22
597.96 140.13 613.20 209.62 18.30
82.39 214.05 147.09 246.21 16.68
982.92 220.99 1042.82 269.92 11.71
1205.18 131.27 1242.00 195.58 24.02
1198.97 210.60 1242.00 334.37 8.84
535.03 136.08 541.90 219.24 15.19
640.39 139.63 646.67 214.75 18.24
906.51 230.07 949.46 262.41 13.03
565.59 205.28 591.12 214.82 18.13
1131.43 243.87 1176.91 260.56 13.77
1238.43 215.57 1242.00 247.87 9.95
73.99 195.54 99.13 233.78 25.52
1164.21 221.95 1226.44 333.67 8.50
178.74 133.75 209.91 143.81 18.40
733.58 139.44 740.09 210.36 18.65
287.73 219.43 331.40 262.67 12.34
599.38 174.68 634.80 214.46 18.17
1236.46 154.66 1242.00 195.52 24.55
1234.94 177.95 1242.00 195.51 24.56
799.74 193.16 811.44 206.72 18.59
849.85 211.91 871.41 217.58 19.31
1166.61 263.65 1232.41 317.66 9.41
1172.97 249.84 1239.68 258.73 13.12
665.01 130.71 670.02 260.26 12.48
311.81 226.85 324.50 265.95 11.09
402.54 230.56 427.23 256.58 13.35
1072.93 232.30 1095.26 243.51 16.24
920.94 221.18 942.68 266.16 12.45
610.20 228.27 628.48 258.32 13.70
