0.0 0.0 175.23 343.55
1166.08 85.03 1242.0 352.56
840.95 93.73 1242.0 304.73
0.0 131.9 329.12 212.51
927.92 144.47 1110.35 232.13
781.28 140.78 919.09 222.86
750.77 146.82 828.66 208.37
723.55 150.0 762.55 195.78
335.93 151.91 384.21 195.16
201.77 148.71 274.6 183.84
710.26 149.09 725.66 207.08
774.57 179.45 792.76 220.67
306.63 184.11 345.9 198.82
88.18 180.32 211.8 231.45
476.48 148.58 482.83 210.47
680.47 177.83 691.18 195.87
703.33 152.98 713.87 170.35
730.03 174.63 736.14 192.39
721.26 181.04 747.98 204.19
722.98 166.37 740.35 193.2
243.0 155.63 265.61 184.21
195.32 186.82 213.69 221.11
337.14 184.49 354.33 198.64
677.07 179.42 680.19 193.52
954.21 148.16 982.77 163.91
1030.83 187.52 1046.25 193.6
301.34 179.84 312.84 184.8
1031.2 372.29 1134.22 375.0
290.25 150.75 294.09 174.96
