816.52 101.55 1242.0 276.28
0.0 92.88 255.53 326.57
258.53 166.88 470.89 304.03
373.22 134.95 467.6 237.7
436.8 142.8 506.62 216.73
689.48 130.6 756.45 252.38
720.24 140.31 760.15 215.18
462.39 182.92 536.41 236.44
656.82 137.09 712.34 231.56
643.41 165.14 667.91 191.92
546.47 179.47 584.86 208.31
676.07 153.54 699.98 198.82
626.6 149.2 646.45 197.85
709.45 148.94 735.72 208.83
641.53 154.62 677.1 196.16
698.47 162.68 715.19 202.17
636.2 150.88 668.87 191.94
614.3 150.91 629.11 194.91
505.49 181.43 544.49 216.66
483.34 146.84 528.48 174.03
514.27 146.89 552.91 204.38
485.31 166.91 511.56 184.88
594.37 152.41 611.41 192.41
603.4 174.75 618.32 192.47
509.48 175.43 518.39 183.48
