822.3 146.07 1242.0 305.2
0.0 7.14 331.65 375.0
810.72 166.12 1242.0 375.0
0.0 192.48 322.67 375.0
752.17 132.0 1242.0 216.34
230.28 189.74 443.28 318.03
730.01 168.95 906.37 293.56
431.9 148.47 624.42 198.2
280.98 141.21 497.24 215.2
1029.55 148.36 1234.28 172.19
696.53 148.63 777.82 195.96
307.29 154.97 399.72 188.67
767.47 175.03 867.36 198.94
438.58 141.65 468.52 232.82
17.07 123.38 69.88 196.5
765.58 133.27 814.86 193.44
423.62 152.2 455.26 184.05
740.45 152.12 752.76 187.64
464.25 157.22 507.05 184.36
554.44 183.64 594.71 197.41
657.22 178.16 697.76 214.44
25.58 146.27 81.89 207.43
710.9 199.85 766.7 206.75
1068.52 140.91 1106.96 151.82
597.2 151.35 609.9 182.34
407.47 145.05 414.46 208.35
605.25 181.76 626.1 204.33
698.37 181.24 715.04 199.26
709.16 179.2 726.17 188.42
262.13 145.44 279.27 149.46
491.82 182.24 499.33 199.89
693.19 152.06 702.25 192.66
929.96 138.16 936.06 176.35
316.67 150.78 330.78 188.6
430.75 157.7 438.06 170.89
419.61 195.17 425.09 200.22
638.03 187.59 647.03 192.78
