714.82 74.88 1242.0 375.0
291.03 113.05 488.33 294.02
0.0 139.96 438.77 375.0
361.21 170.59 524.57 276.32
645.12 153.59 691.22 257.72
627.95 141.4 693.94 219.66
923.47 89.93 1242.0 375.0
530.98 144.11 560.16 212.44
997.73 166.63 1206.12 285.6
131.92 204.72 240.45 251.35
562.41 184.5 618.92 199.27
564.92 190.22 614.58 195.52
609.52 146.23 639.37 155.4
555.38 148.74 575.57 166.55
542.37 148.03 565.24 165.59
240.56 197.86 273.17 237.88
624.4 151.03 639.16 154.71
674.64 144.45 697.05 153.99
545.01 152.96 560.27 205.94
