656.16 108.6 1242.0 266.2
398.2 175.35 662.35 264.2
27.34 137.49 261.66 228.18
795.16 137.46 1168.53 207.86
187.17 134.9 414.84 216.89
0.0 134.43 32.14 236.84
0.0 120.66 93.77 264.35
133.01 154.68 363.44 235.92
724.36 146.13 826.41 191.66
1066.22 137.7 1242.0 174.32
674.56 144.82 737.88 194.59
586.39 147.76 666.41 199.54
211.76 199.67 385.99 225.02
329.34 191.04 425.25 210.73
327.62 142.26 383.02 231.09
579.14 151.65 623.41 192.92
663.33 147.61 680.92 198.91
356.81 177.86 418.99 187.43
0.0 139.39 68.92 157.61
590.96 154.32 608.44 189.58
425.84 151.31 435.31 205.28
624.4 193.51 650.77 197.94
400.58 199.72 408.52 226.31
447.07 199.04 475.4 204.8
605.66 153.08 616.88 167.14
412.7 152.33 415.72 178.98
478.18 196.28 487.51 200.75
577.84 179.6 586.47 193.68
1027.72 367.45 1173.88 375.0
583.31 187.55 587.09 192.75
990.44 144.35 995.6 149.63
581.78 183.71 584.56 193.28
