205.76 118.29 347.71 285.86
1133.6 75.87 1242.0 326.26
1033.07 110.29 1168.12 307.56
800.01 131.63 927.75 250.17
905.84 126.05 982.0 265.51
149.32 143.17 256.26 350.43
959.97 130.83 1077.54 249.71
239.46 120.56 382.25 272.75
666.2 140.76 752.89 221.2
743.13 160.45 814.83 256.01
386.38 172.2 427.78 262.7
616.59 148.85 680.94 210.47
764.3 139.77 837.45 226.75
333.86 131.12 389.63 240.74
424.52 176.43 457.24 250.88
720.6 131.09 792.66 245.59
357.8 142.22 406.61 193.26
380.07 138.67 420.08 199.31
590.84 159.35 615.54 204.22
315.21 204.08 367.43 276.4
811.82 137.5 834.49 189.12
727.7 161.09 765.1 214.35
1012.4 127.21 1061.55 256.59
692.87 205.54 702.39 274.08
426.82 177.35 437.45 213.86
407.61 179.61 432.54 216.25
591.16 165.75 608.96 182.68
563.52 178.91 574.62 214.28
809.85 147.96 828.8 185.8
793.31 140.07 800.22 167.0
804.68 138.41 814.36 184.22
490.27 186.51 507.55 204.77
400.11 162.52 410.46 180.73
124.79 140.45 157.88 198.18
594.18 151.44 607.87 186.19
650.91 201.69 655.4 250.2
406.94 163.02 418.59 181.73
623.62 150.5 636.4 203.31
574.55 170.34 582.1 196.6
620.64 197.85 624.35 228.68
581.15 166.44 586.49 183.18
586.02 166.21 590.94 182.94
598.16 165.57 609.19 182.38
104.79 154.87 122.02 165.64
618.81 159.1 621.39 185.81
426.03 175.63 438.36 183.89
423.71 147.43 437.96 155.81
774.07 189.58 779.95 234.52
450.05 182.07 458.47 195.48
287.52 241.18 323.44 268.89
536.97 167.06 543.93 183.87
628.26 149.29 647.86 202.55
575.8 187.82 581.08 196.6
456.61 161.14 461.72 166.76
422.44 164.75 428.07 168.69
570.65 158.04 573.44 183.66
475.34 184.47 480.21 197.87
283.07 186.12 296.27 195.98
97.68 139.69 138.06 166.52
135.73 177.08 145.87 188.35
573.96 157.7 579.38 196.62
672.29 148.42 679.46 192.15
435.36 166.75 438.07 179.22
771.25 172.13 774.74 181.85
571.38 175.68 574.06 183.66
564.34 175.86 569.73 188.29
581.82 191.8 586.57 199.86
582.43 182.38 586.57 199.88
587.0 186.44 589.58 195.26
578.88 194.71 581.64 216.61
329.96 161.68 396.79 294.96
