978.21 29.86 1242.0 365.97
0.0 128.03 60.41 261.22
179.56 114.46 450.12 279.18
822.54 149.6 1007.58 317.88
763.71 141.65 871.21 266.48
80.03 141.13 234.77 205.87
954.72 185.16 1109.73 280.96
983.64 90.09 1028.63 364.34
41.38 136.84 129.86 242.66
1142.38 160.14 1229.34 279.92
751.62 142.47 829.07 245.74
951.95 134.18 1025.04 226.01
905.38 138.71 964.59 218.16
450.65 144.77 521.95 212.96
0.0 126.95 100.21 227.37
77.82 182.42 240.36 227.83
828.65 138.74 906.88 214.44
517.86 145.77 539.7 212.63
745.28 156.58 819.61 233.05
463.05 192.07 481.2 232.64
536.68 146.41 559.71 210.17
1020.72 137.64 1051.61 209.35
686.09 167.22 715.76 230.14
553.69 146.32 567.19 207.01
0.0 140.98 66.07 169.8
735.26 156.18 769.98 223.5
487.31 151.51 527.46 202.05
827.27 145.77 849.85 207.07
983.23 132.92 1038.5 227.21
488.95 149.51 510.01 180.61
606.69 151.69 640.13 159.99
430.14 168.97 450.57 200.03
726.52 162.36 756.99 207.62
756.73 189.64 810.65 195.45
1022.09 136.5 1050.42 202.92
568.18 149.4 573.49 197.48
417.56 148.04 436.65 162.56
751.81 147.38 771.52 161.52
588.04 186.64 615.94 195.61
463.05 147.87 485.96 171.43
608.38 165.46 618.94 195.6
451.99 189.39 470.45 211.99
714.21 168.53 728.12 195.15
712.56 191.23 733.6 199.46
890.53 156.25 906.12 179.92
580.1 150.58 583.83 198.3
60.97 141.64 81.64 163.2
890.98 146.08 907.23 154.92
479.03 153.77 498.78 175.37
501.26 171.14 512.74 188.91
436.22 153.68 451.9 163.28
743.42 151.2 752.4 165.13
496.97 155.37 518.79 168.4
587.44 151.9 597.31 160.01
575.45 154.66 579.23 197.93
71.5 140.84 89.63 151.15
597.71 148.8 607.94 196.62
599.21 166.03 602.87 205.67
864.49 143.65 875.89 195.58
1033.22 189.1 1058.3 210.44
227.54 250.35 256.01 265.82
734.82 187.09 764.93 191.18
910.05 149.45 921.03 158.24
789.94 149.4 805.33 190.93
802.08 149.56 819.17 195.24
429.49 165.19 441.47 170.49
506.22 164.43 519.72 168.33
818.86 154.66 828.11 195.12
597.34 166.83 606.51 175.68
818.77 163.92 828.94 167.82
432.8 147.67 446.39 170.84
740.76 176.95 749.82 195.09
778.99 151.46 790.02 159.9
910.18 164.56 919.29 177.79
459.13 147.96 465.82 165.85
1023.9 132.6 1049.83 209.9
827.79 188.33 831.78 202.04
584.74 173.19 587.35 194.43
765.16 191.34 775.06 195.51
741.39 160.3 750.7 169.4
740.54 191.16 750.22 195.12
472.55 153.46 479.91 162.88
908.17 182.62 915.03 192.87
513.66 165.29 520.13 170.55
591.42 165.8 594.21 191.98
621.18 165.73 625.78 192.06
736.88 182.91 740.85 192.61
619.38 182.59 625.07 192.11
616.35 165.38 619.03 191.62
818.45 149.9 827.35 195.11
56.65 159.98 63.54 164.69
643.43 152.36 645.97 195.71
631.48 166.53 634.01 187.68
446.87 164.88 454.64 178.28
806.03 155.16 812.81 159.42
3.09 140.43 17.98 169.71
522.94 175.75 527.25 211.27
584.23 151.01 586.62 190.68
626.93 166.29 629.42 192.47
647.7 157.16 651.96 182.85
821.94 191.23 827.31 195.17
787.06 157.16 790.09 160.8
627.31 182.97 629.81 192.52
751.7 190.27 757.72 195.41
76.28 208.72 106.47 221.05
592.07 182.37 597.82 191.83
708.15 176.15 710.81 179.59
