1147.19 97.39 1242.0 310.28
0.0 148.65 321.6 231.6
853.65 130.8 1175.39 233.35
967.9 127.2 1242.0 262.07
65.06 142.24 249.79 203.27
812.14 147.11 898.96 206.85
1165.91 96.59 1232.05 350.38
1003.72 136.16 1162.27 241.63
413.56 196.32 678.1 206.77
786.16 150.83 840.37 201.94
229.73 147.64 314.72 194.11
1166.62 123.33 1229.19 274.27
828.8 298.07 966.14 349.09
745.17 146.8 766.89 205.31
569.54 173.94 604.9 205.28
1215.47 128.93 1242.0 183.91
767.77 150.89 839.53 198.09
727.71 151.98 777.16 198.13
768.95 140.82 799.26 227.51
287.62 197.16 437.55 204.11
456.63 193.52 574.52 198.96
585.79 166.26 605.9 183.12
527.36 176.77 553.21 190.94
475.66 191.13 569.64 195.54
380.37 206.33 453.69 209.98
399.64 202.49 469.75 207.47
307.17 182.58 357.26 194.01
102.74 238.38 316.35 270.39
624.91 151.77 640.41 191.68
988.01 148.74 1019.65 229.88
491.44 151.71 502.6 186.82
347.71 184.04 392.54 189.25
349.52 152.2 362.81 179.59
644.91 202.36 685.39 208.15
656.36 191.93 692.52 196.16
1044.34 164.01 1111.91 201.5
756.92 175.99 778.07 197.84
498.45 170.78 504.7 183.97
480.06 176.24 485.2 184.37
488.23 176.04 494.18 184.16
1172.41 136.43 1226.85 188.29
830.12 183.17 838.85 187.79
135.74 266.04 185.84 281.21
746.38 152.93 750.58 161.09
919.54 192.2 925.17 196.32
