860.16 123.71 1191.49 232.93
0.0 112.77 302.87 223.68
0.0 94.11 109.08 259.94
0.0 185.89 325.72 256.62
692.31 120.94 915.57 266.34
160.66 167.44 485.1 230.02
1132.63 276.13 1242.0 375.0
247.02 145.79 387.26 193.45
737.87 149.13 785.71 188.01
883.58 151.31 974.46 190.24
484.33 174.12 528.49 205.43
258.22 172.34 319.05 196.91
365.43 151.32 413.71 188.46
656.83 180.45 728.22 200.17
1222.04 125.66 1242.0 225.02
540.05 173.42 582.18 205.71
243.56 146.95 308.4 182.41
402.27 151.89 435.3 188.84
621.29 173.04 647.6 194.52
322.59 181.79 392.29 196.83
1033.16 139.7 1098.73 178.26
289.7 148.59 329.69 192.54
672.91 190.95 740.47 208.14
401.11 151.45 429.97 188.75
797.62 259.79 1163.45 359.16
322.02 164.93 363.36 183.26
262.39 194.44 350.46 201.06
595.09 178.15 616.06 192.31
372.27 186.85 434.82 193.62
721.42 153.48 742.25 184.3
1116.64 133.93 1226.55 180.68
343.34 151.96 380.44 176.27
1027.04 143.91 1055.39 190.49
712.05 186.66 787.53 196.06
996.6 146.69 1047.23 177.31
798.17 149.96 824.19 177.26
1195.16 128.37 1234.31 169.01
901.33 147.51 954.35 164.48
979.99 147.99 1012.16 168.18
756.14 182.0 781.38 192.13
581.32 181.07 592.74 194.36
1238.42 136.41 1242.0 169.13
727.3 175.93 741.18 184.16
723.55 201.93 749.5 207.27
837.42 149.32 857.63 173.2
339.73 148.88 358.6 195.05
736.75 175.39 754.18 183.92
197.33 195.75 265.07 209.36
806.31 165.59 823.07 169.71
229.46 147.15 253.9 153.72
989.49 147.1 1022.84 172.97
947.78 146.8 967.95 171.75
1023.0 199.72 1072.01 206.4
844.35 240.22 914.09 284.12
1160.58 142.23 1193.29 160.05
1218.82 138.16 1232.54 178.19
51.64 142.06 104.06 161.1
742.59 151.6 752.53 160.05
362.12 182.92 391.82 187.68
423.94 153.37 438.54 167.43
30.05 239.4 75.71 273.7
0.0 174.27 8.86 192.82
810.94 151.08 824.5 169.69
1035.82 372.88 1240.03 375.0
838.59 155.7 843.09 174.24
350.63 175.19 366.67 183.74
433.52 179.5 442.0 188.8
1118.61 296.14 1203.76 356.45
903.16 162.05 924.53 180.62
221.59 147.78 241.18 157.36
442.92 365.12 733.23 372.4
334.45 182.29 347.06 192.41
50.17 171.35 91.34 175.74
1003.45 177.91 1029.01 193.63
480.54 181.2 484.92 190.79
659.19 179.59 662.53 184.2
289.75 159.25 319.65 169.59
528.83 192.79 531.72 202.06
453.13 152.78 458.61 157.98
282.88 159.37 298.37 175.06
349.67 155.27 357.28 192.74
