0.0 152.28 277.47 375.0
0.0 8.57 334.57 375.0
873.82 66.05 1242.0 305.66
0.0 89.22 440.44 336.91
859.86 193.45 1242.0 375.0
205.09 152.03 477.77 277.12
758.63 172.38 906.97 277.82
65.13 175.73 280.6 252.56
0.0 163.18 125.13 231.45
258.29 140.96 355.32 182.07
451.1 175.24 552.19 221.32
592.22 182.12 659.06 234.35
849.37 186.79 991.43 226.85
888.3 132.57 1039.2 243.05
412.54 134.29 525.48 235.67
824.23 167.13 933.96 186.36
376.54 146.55 433.23 179.23
249.01 175.8 354.03 231.02
384.77 171.5 479.43 247.35
702.73 185.04 755.5 225.17
821.85 141.91 901.69 191.59
549.66 165.93 604.63 196.41
694.44 173.02 741.74 215.76
778.11 147.46 829.81 184.42
553.47 148.94 593.57 204.78
804.27 149.8 868.24 165.56
988.5 143.7 1044.15 216.76
507.61 147.12 517.72 177.86
361.42 149.86 378.45 177.95
746.61 185.52 791.02 238.49
750.53 176.45 802.36 191.02
351.81 174.89 407.18 180.56
1001.9 166.83 1012.68 207.12
553.45 188.9 584.34 206.67
677.77 181.31 692.34 199.26
545.88 199.26 566.63 213.18
850.97 156.0 898.37 166.51
539.32 150.41 546.48 172.8
839.06 162.71 850.94 185.13
1013.82 144.16 1032.65 215.91
654.27 191.13 686.97 200.03
920.61 165.08 969.44 195.11
612.86 178.87 642.35 183.33
578.56 191.23 604.48 199.93
559.3 152.24 564.74 174.54
350.0 150.09 358.19 182.29
776.1 149.17 782.37 190.15
199.21 142.15 210.27 182.05
728.15 175.76 743.13 179.34
455.15 175.39 480.79 184.58
580.34 191.48 594.03 195.91
543.52 178.79 553.26 196.37
435.97 153.3 441.86 167.19
742.64 183.17 749.92 187.68
414.34 172.68 437.91 182.31
945.3 162.13 952.96 185.69
944.41 193.49 959.14 198.31
692.91 191.17 697.18 199.27
995.26 193.65 1001.2 202.78
998.71 168.56 1001.46 188.42
1035.32 367.89 1163.17 375.0
948.34 202.08 956.74 212.07
655.92 188.13 660.53 193.3
905.95 165.44 918.49 169.54
719.71 180.49 759.66 253.35
