0.0 103.96 165.01 285.94
1038.09 106.48 1242.0 297.04
953.28 131.34 1231.27 375.0
747.47 51.13 1242.0 294.39
699.85 168.03 800.74 243.15
345.77 144.32 465.36 213.37
622.74 159.31 813.05 200.48
470.59 184.47 533.01 233.88
864.93 156.43 906.79 199.1
605.05 186.72 687.25 200.07
385.28 143.63 435.75 219.16
568.19 156.97 624.69 192.76
833.99 161.3 879.82 199.73
897.38 161.11 939.76 194.32
908.69 143.07 924.05 195.28
556.4 178.72 591.7 214.81
463.93 172.84 476.85 198.92
1180.13 100.74 1242.0 375.0
839.84 158.63 889.84 164.83
534.01 170.94 570.69 188.76
684.61 182.2 710.97 209.24
584.0 152.39 641.06 166.32
678.28 152.67 705.16 161.17
885.36 145.92 911.38 165.06
511.77 153.43 533.26 179.67
658.04 152.39 680.82 161.24
738.05 151.83 764.41 157.85
479.95 164.41 486.06 199.31
1167.98 133.81 1239.59 158.26
519.44 184.26 544.96 188.75
784.28 159.17 808.12 190.64
726.05 144.3 733.82 170.73
641.48 152.92 660.33 161.17
531.4 167.42 545.89 188.73
486.4 153.67 508.01 162.11
486.83 164.72 492.88 186.55
569.92 170.87 585.51 179.56
606.27 166.35 619.29 187.75
437.35 157.24 458.76 161.14
538.69 184.13 554.45 188.72
527.05 185.08 536.74 224.68
464.75 165.16 479.72 188.1
605.36 183.25 617.88 187.74
534.85 153.84 545.09 188.73
