866.01 115.57 1100.13 265.42
18.9 94.76 159.78 375.0
530.26 144.98 806.42 205.64
120.87 180.18 336.5 292.83
400.91 146.9 502.7 220.68
311.71 186.04 413.99 243.81
665.31 182.62 750.43 237.93
538.53 149.14 665.99 208.48
105.52 174.47 259.82 212.25
541.35 202.0 678.77 205.59
308.08 165.76 334.32 194.13
527.26 219.54 591.22 223.84
98.21 215.06 152.6 264.57
812.53 161.77 883.72 222.13
303.3 196.77 340.12 227.03
761.42 195.56 788.67 200.52
231.75 192.72 314.46 230.73
58.73 210.25 125.51 251.01
368.71 191.24 394.97 204.82
294.99 195.16 309.06 205.17
59.93 233.59 90.7 275.54
769.28 199.38 777.65 225.82
324.32 188.87 342.73 198.28
486.99 183.81 491.81 197.16
398.72 189.2 407.26 194.42
337.79 192.67 347.88 196.61
