0.0 96.39 314.15 375.0
875.23 144.52 1209.3 280.11
718.59 75.64 1242.0 330.38
539.87 135.55 737.46 222.48
179.4 174.17 408.25 293.39
819.49 146.33 1133.51 261.55
1236.58 159.92 1242.0 198.96
701.19 152.06 769.9 194.15
245.79 148.51 343.44 213.64
398.52 151.31 462.12 207.07
156.24 145.29 225.47 172.13
674.15 145.41 727.44 208.53
707.34 190.0 772.15 198.5
451.53 152.24 490.36 201.93
373.55 148.02 430.77 213.12
436.17 152.11 473.98 206.48
717.96 196.77 777.99 211.94
119.5 140.5 136.35 167.49
1188.06 169.81 1203.2 210.5
706.37 184.01 722.03 193.62
0.0 142.12 26.27 153.43
287.89 166.43 306.23 170.62
442.18 167.06 464.17 176.24
429.64 176.09 441.47 179.68
802.73 160.19 829.13 197.29
424.91 152.77 434.88 157.64
74.82 156.51 79.04 177.26
1084.37 163.06 1242.0 332.11
