127.77 149.36 172.31 227.15
718.06 147.45 770.01 302.92
0.0 114.83 445.08 218.51
942.73 136.45 1220.56 363.22
764.82 132.84 1140.21 237.74
1070.6 128.89 1242.0 375.0
882.78 141.53 1211.84 214.76
1206.02 125.08 1242.0 256.93
668.38 150.79 761.4 195.98
848.78 109.76 1233.47 295.05
603.36 146.31 702.05 210.07
813.04 147.99 885.6 208.47
354.77 141.48 434.49 218.3
565.31 161.19 599.03 235.84
1233.44 115.85 1242.0 277.91
408.65 145.73 475.13 207.86
511.54 163.61 544.58 239.07
462.26 149.69 523.78 199.54
218.74 151.19 244.51 201.93
971.48 126.25 1029.94 262.36
165.81 194.82 348.76 203.6
312.65 190.13 466.79 196.7
766.47 270.3 785.03 375.0
882.98 165.21 907.13 212.39
268.66 164.04 332.71 183.46
701.33 176.32 730.44 198.66
467.18 176.92 493.8 195.26
889.38 295.5 1242.0 375.0
717.66 180.15 746.36 203.07
614.26 184.17 638.68 206.4
365.92 139.89 377.65 227.02
300.27 149.17 348.46 187.53
692.86 159.26 730.32 177.6
846.22 172.16 869.43 194.67
491.23 174.51 505.93 206.22
826.92 189.89 861.1 217.65
757.46 150.33 768.85 177.46
37.47 229.0 63.15 294.56
401.39 175.0 431.72 183.54
350.08 160.87 369.06 179.62
513.46 157.54 535.31 179.52
185.09 213.29 210.11 267.2
334.08 149.56 364.68 155.52
782.87 188.69 823.06 211.33
508.87 178.1 521.33 192.39
436.69 169.27 443.81 187.22
567.29 177.69 573.17 204.61
648.54 175.98 654.71 188.45
1102.1 196.33 1154.95 240.13
285.97 150.11 297.47 174.35
657.0 170.03 664.19 183.32
1039.43 166.59 1056.17 172.57
314.05 149.41 323.54 154.73
520.12 153.28 534.28 158.38
460.29 161.43 470.68 175.94
626.54 168.9 629.18 177.36
505.17 187.04 511.65 192.13
508.15 175.14 519.33 183.23
810.33 146.59 837.49 202.34
471.78 179.64 473.5 197.43
1101.11 166.19 1118.61 172.45
389.16 196.37 393.03 219.64
271.04 165.43 285.72 169.88
473.98 148.88 480.72 153.82
913.97 175.66 917.63 195.08
439.54 190.88 442.26 200.14
427.9 194.28 431.05 203.67
500.68 175.68 506.2 179.18
669.41 151.39 714.92 275.86
636.11 147.02 669.18 278.85
748.88 143.47 798.41 289.78
254.15 157.83 278.26 205.7
