753.15 108.95 1068.3 274.58
211.22 78.01 359.45 362.81
662.06 187.08 1242.0 375.0
557.17 169.58 628.99 237.16
426.46 183.25 517.78 244.27
694.19 162.42 746.37 216.53
477.94 178.27 532.4 224.03
726.11 145.78 765.22 178.39
631.65 156.11 654.29 199.4
717.37 146.85 741.98 171.63
657.82 155.42 704.27 199.02
642.36 187.57 669.51 205.14
678.27 174.68 707.64 197.31
705.05 149.26 722.44 167.54
547.86 184.6 558.9 197.81
528.07 182.06 547.23 209.36
684.32 191.79 704.95 205.25
470.98 177.59 488.75 191.92
699.46 170.16 715.71 201.21
672.97 151.39 693.44 174.12
664.17 165.72 688.16 178.13
758.65 145.58 770.81 160.06
