597.88 93.66 1242.0 291.55
0.0 179.42 312.01 375.0
0.0 147.86 16.08 236.78
695.16 133.26 1242.0 206.39
1008.88 78.91 1242.0 249.4
113.56 137.77 399.23 212.63
693.9 139.46 1061.9 207.57
575.54 175.16 707.01 215.02
21.07 159.0 176.38 227.15
119.94 118.41 214.96 282.98
236.23 180.45 385.56 252.67
732.24 201.95 1242.0 219.64
1011.67 119.27 1052.7 273.85
744.08 206.38 1016.03 213.0
737.07 167.92 792.09 187.94
489.74 149.02 537.5 198.95
818.57 148.51 890.12 166.52
839.67 147.9 922.34 165.52
1045.47 202.04 1242.0 208.53
1047.57 197.07 1242.0 203.07
538.6 176.38 578.0 198.97
125.9 144.57 141.83 196.66
10.06 135.84 37.76 231.83
257.68 147.44 271.11 205.65
739.88 190.28 803.71 193.79
459.49 182.72 486.9 196.55
334.98 151.97 362.76 179.55
787.55 152.55 809.0 167.04
520.92 153.24 527.62 183.7
736.94 152.36 745.52 187.67
769.16 153.09 800.91 161.74
574.6 177.15 582.02 195.1
207.18 146.91 236.07 163.16
454.16 363.3 737.57 374.52
717.95 153.59 721.83 184.19
976.53 148.35 994.03 158.79
435.78 179.28 448.69 193.77
488.84 194.29 522.07 199.19
930.57 147.49 958.0 157.17
1205.38 141.02 1221.03 152.38
961.92 149.95 973.53 159.37
274.0 151.31 286.52 166.32
1169.79 163.58 1212.44 174.86
349.07 195.69 367.43 200.35
792.35 169.11 800.43 187.43
886.66 148.99 894.78 163.91
46.3 207.69 69.99 234.97
793.77 185.19 796.53 194.21
902.19 149.67 907.79 155.14
