1003.22 83.44 1242.0 375.0
0.0 32.43 250.48 305.85
1003.87 71.89 1242.0 315.61
0.0 63.73 269.76 304.68
801.93 112.64 1135.27 225.98
426.69 152.79 580.66 188.21
434.9 145.25 568.44 200.08
157.65 148.97 229.32 273.89
0.0 141.46 45.48 222.01
786.93 161.6 839.56 245.46
881.12 161.16 1052.82 265.34
755.58 133.74 897.14 219.96
0.0 131.97 158.28 233.15
271.45 172.85 374.36 194.7
730.23 166.05 797.18 220.69
201.72 180.55 350.5 217.77
375.24 170.01 448.83 207.03
580.95 158.83 621.43 199.72
45.93 133.86 163.85 228.72
207.97 188.14 317.66 223.38
233.62 150.42 271.3 194.36
430.19 142.03 464.97 217.55
634.98 151.96 695.63 188.96
872.59 169.91 898.06 235.74
362.63 164.87 391.36 221.37
7.85 136.94 175.22 203.21
354.89 152.52 426.21 184.48
126.61 136.67 299.0 222.73
735.8 163.88 750.2 225.85
289.97 151.47 362.67 176.37
396.94 150.35 470.99 186.99
348.02 148.45 379.95 191.29
632.85 152.66 661.12 193.02
598.72 152.95 640.96 192.98
561.63 171.5 576.02 202.31
864.78 171.43 882.97 228.7
0.0 130.21 42.47 210.76
340.55 187.36 366.58 210.53
776.74 141.31 800.8 222.9
458.55 180.19 483.0 203.21
579.24 172.37 595.26 202.88
300.54 146.59 387.76 194.73
396.97 146.92 445.52 198.31
723.34 175.93 740.63 203.09
826.64 154.42 844.38 195.59
517.83 178.07 550.12 192.59
620.03 164.89 628.82 195.64
775.04 180.99 793.96 199.11
136.43 180.17 174.22 201.19
727.91 149.39 736.47 202.76
629.49 161.03 639.19 188.15
578.7 152.2 597.36 165.88
341.47 155.3 352.58 174.55
536.77 178.74 561.64 187.84
287.49 155.25 295.41 174.57
228.86 145.78 245.96 214.53
641.14 153.13 650.37 161.25
403.68 175.1 417.54 188.03
626.36 152.2 631.73 177.86
23.28 188.36 45.4 210.95
591.47 172.87 598.63 190.45
763.67 157.6 772.41 179.15
231.84 202.08 282.53 211.68
399.54 150.56 412.15 159.18
87.11 183.2 116.9 194.04
671.27 161.82 674.85 188.63
0.0 129.52 0.68 133.17
324.39 166.01 336.13 170.06
837.23 157.38 845.82 176.45
803.95 150.94 819.35 178.12
140.56 182.1 185.99 192.37
38.44 196.55 73.1 209.59
363.61 201.05 376.67 206.0
390.77 152.1 392.86 175.26
98.27 191.47 137.28 202.73
433.99 155.59 444.95 191.75
756.78 170.28 767.28 183.61
777.06 181.24 788.23 199.34
488.13 156.34 504.88 165.52
302.41 156.32 315.01 175.45
776.2 172.43 802.04 177.3
490.66 178.2 496.29 187.34
688.56 176.0 691.2 184.03
737.19 168.2 740.97 173.42
