0.0 200.86 194.93 375.0
1076.01 119.56 1242.0 284.11
916.61 201.42 1242.0 375.0
0.0 143.29 276.71 244.82
1000.27 144.93 1156.78 207.92
714.13 144.79 1049.11 205.67
966.19 169.81 1154.36 229.98
691.73 187.95 770.91 245.64
266.54 141.53 401.19 223.81
788.24 180.07 979.82 215.9
347.27 147.78 444.89 201.79
329.16 180.7 434.46 205.78
0.0 137.44 29.02 225.39
707.23 151.97 744.67 193.2
674.16 184.41 724.11 228.98
791.83 149.59 854.33 160.11
762.87 147.17 798.53 207.53
319.31 152.24 339.7 184.93
438.68 182.33 466.87 200.09
733.12 145.78 759.94 194.85
61.38 143.26 107.81 166.77
432.05 150.58 475.49 196.85
483.95 192.53 521.02 219.43
401.55 195.52 418.05 219.88
421.21 147.53 428.57 215.3
660.67 186.97 682.26 195.89
10.2 193.23 64.75 216.13
157.28 146.93 187.77 209.5
427.72 191.72 444.63 199.97
752.63 191.55 763.65 201.19
961.59 175.05 976.24 185.24
726.62 151.3 743.02 157.39
482.06 178.74 497.46 183.46
515.47 152.68 517.5 183.11
755.12 150.85 768.24 156.09
498.1 176.35 506.94 188.95
522.88 185.19 536.7 211.53
427.06 174.53 431.3 187.34
144.56 152.71 160.26 163.59
1026.97 366.3 1174.47 375.0
1004.31 182.22 1012.41 187.39
773.06 152.09 775.49 160.33
