846.95 195.38 877.92 200.5
0.0 207.83 118.07 286.12
365.39 188.54 428.54 229.33
834.16 165.83 856.92 197.26
840.0 193.34 850.21 197.22
143.09 198.22 183.91 214.18
473.62 191.27 483.89 212.87
320.73 177.73 377.5 220.61
184.13 174.12 285.06 214.6
832.5 193.32 840.37 197.26
313.4 188.47 325.69 212.32
1055.91 145.73 1074.93 202.61
7.25 200.67 240.71 288.41
1061.22 142.57 1174.1 203.1
156.79 145.18 310.89 218.1
460.63 148.74 474.72 215.95
0.0 63.54 66.48 375.0
447.49 146.79 467.58 219.35
0.0 74.664 55.359 375.0
0.0 189.72 261.58 305.8
149.08 140.74 331.79 216.53
137.0 157.0 310.65 230.76
162.31 130.55 306.48 226.33
149.88 129.62 329.81 201.86
148.58 146.64 295.23 239.33
179.25 143.36 320.88 233.92
194.72 196.02 277.52 224.32
177.5 192.5 267.43 226.0
190.61 187.9 279.77 221.98
201.29 194.21 263.69 226.34
166.65 183.4 270.07 221.21
1.1616 216.23 114.66 291.57
11.771 221.36 129.14 301.71
0.0 216.25 105.6 273.62
8.5567 219.33 125.9 281.23
0.0 225.42 107.1 285.37
0.0 202.29 124.65 276.61
21.694 212.61 135.02 274.1
1069.7 159.87 1155.4 193.0
1059.9 163.74 1158.6 196.69
1077.4 152.71 1155.5 188.18
308.28 189.9 356.07 218.7
303.57 184.95 375.12 222.52
310.69 187.5 365.36 215.93
298.41 184.78 363.06 227.53
303.29 195.16 375.9 226.31
314.38 189.91 393.01 222.35
318.31 176.97 356.66 239.69
325.12 174.91 363.36 238.84
370.79 187.01 428.74 233.24
386.54 191.2 442.07 227.6
383.79 195.53 437.82 228.68
374.58 189.16 425.61 230.65
362.79 197.62 430.83 234.99
383.34 179.12 416.01 240.0
377.44 186.69 419.74 224.64
379.25 185.0 411.58 244.4
386.87 184.9 430.91 226.93
371.1 198.16 421.76 230.82
386.01 180.16 412.96 233.81
379.02 184.01 417.66 216.74
380.74 180.22 404.74 231.91
383.52 189.32 434.22 221.83
368.22 193.52 418.9 225.0
384.74 177.93 408.05 226.79
350.69 191.04 415.69 228.4
383.03 184.79 408.99 236.55
375.1 196.66 443.8 232.83
374.19 196.49 428.44 235.69
373.2 180.61 407.29 238.77
362.81 190.0 421.74 226.52
366.01 199.38 424.11 242.99
352.44 205.86 431.04 243.1
351.92 202.35 424.86 236.57
432.6 169.39 465.15 225.6
440.99 171.02 472.12 227.26
448.02 171.37 477.2 226.09
1044.5 166.07 1089.3 184.57
1042.3 164.57 1084.5 182.29
1033.2 166.87 1081.8 186.03
842.9 179.96 890.77 204.65
839.53 178.81 882.24 202.37
840.5 179.71 872.43 203.57
853.02 179.12 889.18 202.63
844.25 183.09 882.98 206.56
835.45 178.28 893.76 206.44
846.39 177.18 890.56 198.31
852.6 172.8 869.99 210.25
840.59 176.64 881.09 197.37
855.03 171.42 873.45 208.51
849.11 172.91 865.82 209.23
845.98 175.26 861.74 208.44
839.12 179.48 865.36 201.54
859.22 173.44 874.81 210.5
862.55 173.55 879.48 207.23
860.52 178.68 894.5 199.59
865.43 174.9 882.61 206.63
854.1 178.77 872.01 212.72
840.8 188.52 884.67 207.24
832.53 178.05 867.48 199.99
823.77 172.87 891.89 208.12
859.0 171.41 876.97 203.54
843.15 172.78 856.85 206.53
841.28 175.7 898.64 210.29
451.35 181.2 467.53 222.95
455.61 181.75 470.99 221.68
460.07 181.59 474.27 219.82
465.45 182.99 477.21 213.14
479.65 180.46 498.32 201.04
482.7 175.87 494.8 206.02
463.31 179.93 475.1 211.52
484.97 175.02 497.01 205.61
459.44 180.47 471.84 212.87
458.45 183.83 480.53 209.72
475.08 183.28 498.74 200.26
480.7 176.14 491.19 206.23
463.31 184.84 477.57 219.48
477.1 178.82 495.58 199.06
119.31 200.18 198.9 226.35
120.42 199.06 193.28 219.46
126.83 203.33 196.62 225.5
124.0 207.0 192.46 229.83
125.33 196.3 196.77 216.2
132.44 200.03 185.22 224.72
136.42 197.66 187.63 220.95
127.29 202.82 178.65 226.57
128.02 199.03 201.8 233.3
136.37 205.26 184.03 230.7
309.68 188.33 344.76 217.9
306.63 190.01 349.64 213.47
313.54 180.98 336.98 222.13
317.39 180.63 341.02 223.49
850.8 166.11 880.41 215.64
846.34 162.5 875.99 216.74
11.667 208.02 198.6 304.44
909.37 173.38 950.6 194.27
1.3316 217.93 83.071 280.97
0.0 213.98 163.71 298.39
42.286 208.83 205.29 287.88
915.7 173.51 948.52 191.58
899.51 175.5 943.53 195.44
215.04 199.42 268.54 218.62
403.83 191.47 445.45 226.4
211.3 201.94 264.33 221.36
5.3372 215.45 64.532 284.03
902.5 172.02 945.8 192.73
422.39 192.6 462.48 217.95
394.06 189.52 439.54 228.49
407.01 193.37 454.33 222.36
426.41 189.87 466.75 214.73
118.12 201.4 190.26 223.48
399.96 192.54 454.43 226.3
428.78 189.01 475.29 217.57
925.86 173.87 953.21 189.79
981.95 171.56 998.82 190.59
986.43 168.33 997.06 192.62
6.2224 212.18 51.59 296.52
206.49 205.0 259.71 223.48
978.27 172.57 995.92 189.97
435.07 185.82 470.86 218.13
408.04 190.44 466.34 224.3
11.67 204.03 187.13 276.33
223.21 204.47 266.49 220.93
67.623 207.09 213.23 264.27
921.88 172.47 950.56 187.48
4.0429 217.47 86.475 264.91
10.903 228.73 178.03 308.2
2.183 205.94 39.972 302.41
414.12 186.58 433.62 232.74
434.08 187.33 479.76 213.86
3.1337 212.63 85.699 293.64
988.23 169.48 999.0 192.71
393.12 196.79 445.77 227.23
209.79 197.35 262.44 216.43
219.41 199.08 260.2 222.56
442.53 184.06 474.85 215.78
206.06 199.57 259.8 219.5
420.13 191.12 458.0 214.05
416.59 187.74 436.99 235.62
984.8 167.85 994.94 192.81
410.71 186.19 429.51 232.71
978.17 174.2 1002.1 189.15
447.96 180.52 464.43 224.12
220.22 198.73 269.14 214.52
