621.29 173.04 647.6 194.52
540.05 173.42 582.18 205.71
484.33 174.12 528.49 205.43
595.09 178.15 616.06 192.31
581.32 181.07 592.74 194.36
480.54 181.2 484.92 190.79
659.19 179.59 662.53 184.2
528.83 192.79 531.72 202.06
837.42 149.32 857.63 173.2
838.59 155.7 843.09 174.24
1218.82 138.16 1232.54 178.19
1027.04 143.91 1055.39 190.49
996.6 146.69 1047.23 177.31
1238.42 136.41 1242.0 169.13
1222.04 125.66 1242.0 225.02
947.78 146.8 967.95 171.75
656.83 180.45 728.22 200.17
1195.16 128.37 1234.31 169.01
672.91 190.95 740.47 208.14
1132.63 276.13 1242.0 375.0
1033.16 139.7 1098.73 178.26
883.58 151.31 974.46 190.24
258.22 172.34 319.05 196.91
247.02 145.79 387.26 193.45
901.33 147.51 954.35 164.48
1118.61 296.14 1203.76 356.45
365.43 151.32 413.71 188.46
0.0 174.27 8.86 192.82
243.56 146.95 308.4 182.41
1147.1 289.58 1224.4 375.0
231.07 142.02 408.69 207.17
896.37 173.04 988.22 212.63
894.58 148.05 974.98 187.33
901.53 155.06 985.23 194.1
883.76 154.53 969.7 195.65
881.79 172.36 972.62 211.87
875.94 149.05 962.99 188.42
898.59 164.48 985.37 204.18
884.23 163.29 969.23 203.24
866.31 154.68 955.6 195.92
477.44 174.52 525.56 205.98
482.27 171.7 520.63 201.29
472.63 173.63 524.96 206.55
487.35 172.93 524.93 197.31
490.33 176.07 528.76 200.44
485.3 167.08 508.63 208.96
481.56 172.77 521.27 192.91
491.17 167.6 514.2 210.01
489.45 165.67 510.58 203.76
478.19 172.58 513.27 202.06
485.57 177.46 527.9 208.24
495.63 166.64 517.36 204.56
487.57 171.67 510.21 214.42
483.71 165.4 504.69 204.84
497.78 174.04 524.87 197.3
486.84 162.87 516.71 214.94
490.78 172.43 524.62 191.77
500.06 169.09 520.23 207.45
474.86 172.01 540.28 205.26
469.12 177.11 530.47 211.12
484.03 170.08 512.12 195.01
488.17 164.12 506.0 200.83
481.64 167.01 514.58 224.22
493.53 172.81 517.26 214.82
506.08 169.59 522.99 205.15
496.28 164.54 513.96 200.29
502.51 175.05 529.47 200.96
476.55 182.1 520.4 207.56
482.84 170.88 506.43 212.7
478.72 151.35 517.3 215.61
474.87 175.02 510.26 199.31
468.52 165.02 530.58 200.2
492.01 166.55 520.69 220.51
504.25 174.04 527.68 196.46
503.61 165.76 519.57 199.35
480.13 160.97 508.0 218.0
477.97 170.76 513.87 191.25
485.79 173.66 515.94 191.67
504.58 174.23 524.81 210.65
500.56 165.25 517.03 196.54
507.99 164.97 522.07 198.48
499.27 178.26 530.4 206.7
480.65 170.06 506.85 193.48
479.98 161.42 550.99 197.17
466.29 183.47 528.88 215.77
503.24 161.03 530.58 224.16
485.68 173.34 537.86 211.91
497.36 160.1 552.13 198.79
478.96 178.85 531.01 218.3
241.86 155.72 334.06 193.39
347.77 156.61 435.6 194.64
643.68 168.96 717.61 201.42
642.7 162.43 720.63 193.33
652.84 167.12 738.67 200.55
652.94 173.12 726.86 207.52
654.4 161.11 740.03 192.9
1211.5 136.27 1230.0 206.31
1215.0 135.63 1233.9 208.83
1215.8 147.92 1233.9 221.06
1219.6 134.81 1237.3 207.7
1225.1 127.72 1241.0 230.03
1224.0 134.41 1241.0 206.45
1224.5 105.15 1241.0 206.27
1209.5 123.44 1240.7 246.58
1201.4 136.11 1235.2 247.73
1215.9 116.21 1241.0 233.0
534.31 172.99 579.42 208.16
539.39 174.57 584.49 204.68
547.67 174.87 586.06 201.08
558.34 171.55 587.1 196.94
551.93 172.26 582.91 198.65
561.86 174.97 590.09 197.27
532.95 171.12 581.73 210.83
539.03 171.43 575.32 202.91
544.54 172.02 579.88 200.12
561.5 171.96 587.93 191.95
555.24 172.36 582.62 191.47
533.87 173.71 566.47 204.52
536.2 172.32 589.21 204.79
557.17 177.22 585.71 198.88
547.9 172.41 578.36 192.21
531.3 171.97 571.51 199.59
543.7 167.88 567.39 213.21
540.6 172.23 574.52 192.66
549.61 176.72 581.67 206.89
557.56 169.72 575.7 206.29
537.77 169.88 560.98 210.31
562.42 169.76 578.85 205.46
551.88 168.37 572.36 208.84
548.96 166.23 569.26 205.0
537.24 172.3 563.78 199.52
553.88 172.52 577.34 211.68
544.61 165.31 571.92 218.71
548.12 171.41 574.21 216.79
540.78 170.06 572.88 225.14
529.63 174.97 561.39 200.31
542.17 164.96 565.1 206.37
548.04 166.88 594.04 202.89
523.93 176.05 586.3 214.12
535.51 181.04 576.53 212.18
543.22 178.28 580.72 211.76
537.39 164.67 595.15 199.66
533.86 172.43 568.24 191.44
547.92 163.83 577.85 217.7
558.68 173.64 579.45 210.23
540.14 170.66 565.19 219.25
529.19 163.11 583.2 206.81
526.87 176.87 567.19 207.27
561.77 167.06 575.71 197.08
552.62 165.1 569.45 197.58
547.13 171.35 576.15 188.17
544.48 172.35 570.62 190.25
539.42 151.8 580.12 209.81
545.55 167.95 579.24 228.42
556.85 165.86 572.04 197.58
530.35 172.72 558.49 194.4
534.97 151.13 574.01 215.63
544.61 164.88 562.27 199.46
535.79 163.0 566.02 217.84
549.8 150.28 585.48 208.04
533.29 172.97 558.84 215.0
541.07 166.23 558.34 201.25
536.76 172.18 560.54 192.26
537.75 170.76 569.49 186.94
521.75 160.57 575.97 203.99
562.09 166.16 586.0 185.77
561.53 160.13 585.85 210.41
548.86 164.94 565.62 195.02
541.96 170.82 590.27 212.86
561.87 151.65 590.58 206.09
556.32 164.56 600.68 203.54
528.46 183.17 570.15 211.75
555.85 166.02 579.35 185.2
535.32 153.65 600.07 189.43
528.08 152.29 586.74 195.17
517.48 181.67 585.58 218.38
542.79 175.86 605.43 213.0
553.96 172.81 602.66 216.1
230.15 150.0 328.94 188.09
611.31 167.94 642.84 196.95
608.23 167.06 637.31 194.55
617.49 169.12 644.49 195.29
605.07 168.17 631.83 191.46
600.74 168.18 626.16 190.49
621.29 166.78 644.81 190.89
611.04 164.62 635.69 188.89
626.56 168.47 648.14 191.61
629.59 167.79 650.94 187.3
608.37 170.66 631.28 194.5
604.55 165.12 629.84 185.32
618.23 164.84 641.71 188.62
615.29 165.52 634.36 201.05
613.43 171.54 637.94 196.38
634.51 167.2 654.23 187.86
619.35 166.69 638.71 200.81
630.56 169.68 652.59 191.98
616.12 162.42 638.92 197.61
612.32 164.05 629.62 198.09
624.03 166.6 641.8 199.6
611.61 161.36 633.78 182.38
623.73 165.17 645.06 184.56
604.88 172.25 628.3 195.09
620.81 162.74 641.72 195.08
621.95 171.99 646.04 195.79
637.42 169.19 657.76 189.38
613.72 176.35 640.33 198.83
613.79 159.09 634.0 191.23
608.89 165.26 623.69 197.21
603.87 171.43 623.72 192.81
611.98 170.74 631.1 201.35
604.57 161.71 626.64 183.16
601.71 160.36 649.56 199.54
610.95 158.9 628.5 191.12
631.17 166.31 645.64 195.24
626.56 163.4 644.73 193.43
637.62 171.27 660.87 191.81
608.07 159.92 623.66 191.81
617.42 171.35 636.55 205.82
614.17 172.41 633.02 207.13
636.12 166.16 649.79 194.01
612.86 161.21 636.8 178.71
618.79 160.95 641.16 181.56
635.45 166.38 657.18 183.45
639.71 166.74 653.65 193.49
632.26 163.89 647.08 191.51
640.4 170.61 663.76 188.79
609.61 179.27 641.4 200.57
607.05 162.84 660.35 196.73
608.25 175.7 635.12 197.85
642.13 172.32 666.32 191.97
617.89 155.72 637.01 189.06
621.43 171.38 639.03 206.62
637.69 167.66 660.71 185.41
610.3 150.23 641.21 204.65
623.79 161.16 645.4 181.01
642.03 167.05 656.28 195.22
607.81 157.1 630.36 176.78
611.03 156.58 634.19 176.12
633.5 163.54 654.69 181.96
636.61 162.24 652.11 190.65
602.56 157.62 627.62 174.61
628.9 162.38 650.0 181.19
622.85 154.83 640.51 189.48
639.49 173.72 663.1 194.07
614.3 152.62 646.4 202.82
604.82 149.07 632.39 203.37
600.4 155.21 654.83 195.23
607.99 155.0 633.31 212.41
607.09 155.36 666.45 190.48
623.82 151.56 651.91 205.27
1011.2 156.67 1101.9 196.29
1026.4 155.5 1117.5 196.99
1028.4 149.28 1116.3 188.9
1013.4 149.25 1097.8 188.58
576.13 170.05 600.07 190.47
573.76 172.29 597.76 192.15
581.76 169.53 606.6 190.13
585.23 168.45 611.66 189.5
593.94 168.81 620.06 189.73
572.02 168.06 595.01 188.4
584.07 166.38 608.13 187.63
577.35 172.98 601.05 193.26
575.73 165.07 599.38 186.71
600.16 165.31 623.2 184.83
591.53 166.35 613.66 187.14
596.73 166.04 619.15 185.1
588.31 164.57 604.51 192.58
591.66 166.2 606.04 194.56
583.85 172.49 609.65 191.19
586.26 166.68 599.36 195.52
597.36 171.86 621.27 193.55
580.98 166.57 593.17 194.85
588.65 172.25 614.4 192.47
597.02 170.75 616.99 190.91
595.61 165.9 609.14 194.43
591.36 160.6 608.65 189.59
581.52 161.68 634.11 196.13
605.75 165.61 618.99 196.79
583.63 160.7 600.59 189.55
579.41 171.09 592.17 198.46
580.34 159.48 595.44 189.64
583.43 162.51 606.57 182.45
599.09 161.18 623.04 179.37
601.14 166.3 613.36 196.18
582.68 169.0 597.57 197.02
601.43 163.07 614.5 191.85
605.18 159.23 619.22 189.18
571.86 161.95 596.15 183.63
597.71 161.56 618.82 181.73
596.76 160.55 611.32 190.07
592.0 161.44 614.27 182.08
585.32 161.97 610.83 179.25
576.61 161.45 602.77 179.58
586.96 157.53 603.63 188.64
577.18 155.52 632.46 192.63
583.83 175.57 607.38 194.49
573.68 176.27 598.26 196.22
601.45 156.44 623.25 176.73
601.61 154.81 615.26 189.18
580.66 167.43 636.14 203.85
1016.3 147.68 1033.1 198.38
1020.2 147.67 1037.1 198.21
1024.1 147.15 1041.0 197.81
1032.3 159.01 1049.8 209.71
1028.6 159.2 1045.6 209.28
1012.3 146.65 1029.3 198.51
1008.0 147.12 1025.5 199.37
977.48 155.75 1069.6 195.91
981.73 150.19 1067.5 188.73
1211.6 146.15 1241.0 189.78
1211.4 137.74 1241.0 181.51
1213.4 122.89 1241.0 165.6
1218.5 125.36 1241.0 183.11
1213.4 114.66 1241.0 157.98
1218.2 109.47 1241.0 167.18
1213.2 106.75 1241.0 150.69
565.84 172.02 590.26 194.22
569.38 170.14 593.61 191.33
570.64 174.04 594.67 194.81
569.22 167.06 583.42 199.94
571.25 165.8 587.56 196.6
574.9 165.56 589.05 194.94
569.61 166.86 594.56 184.58
572.18 169.2 585.57 199.5
566.19 167.02 580.09 196.57
575.8 172.21 588.66 198.41
572.18 162.75 589.8 190.99
567.56 171.16 580.75 203.04
575.91 161.17 591.83 191.21
569.34 161.29 586.29 189.65
565.8 159.08 614.44 198.42
577.49 168.15 591.43 201.1
565.61 172.86 580.85 208.84
566.5 177.83 588.52 201.09
565.36 159.47 580.27 191.97
566.77 161.92 595.27 179.7
571.4 170.21 585.3 208.25
567.44 165.26 612.79 204.49
1230.8 155.42 1241.0 179.23
1233.4 153.3 1241.0 183.6
1230.5 151.41 1241.0 175.32
1231.0 159.43 1241.0 183.26
1236.4 128.97 1241.0 185.36
1233.0 145.17 1241.0 176.23
819.68 134.08 864.92 152.39
819.13 138.14 864.66 156.35
814.85 169.22 859.76 188.82
817.09 142.47 863.1 159.89
814.83 145.65 862.69 163.48
817.21 165.95 862.31 184.63
815.53 149.51 862.84 167.45
816.74 153.54 862.99 171.22
817.33 161.92 862.3 180.62
817.05 157.8 862.84 176.47
954.95 143.58 974.2 194.27
951.75 143.22 969.83 194.1
1236.4 142.36 1241.0 196.02
1233.8 161.34 1241.0 191.55
1210.8 154.28 1241.0 198.8
1219.2 140.92 1241.0 198.67
0.0 158.03 31.806 205.5
0.0 153.59 22.035 212.13
816.31 173.53 862.24 191.66
1130.2 290.25 1209.0 375.0
1114.6 291.73 1192.2 375.0
480.53 164.47 498.22 204.03
646.06 171.34 672.03 189.31
646.9 173.34 673.21 192.94
532.98 169.97 550.21 208.3
533.78 172.77 554.13 195.56
526.94 174.48 554.07 198.65
509.26 170.61 525.85 204.1
524.94 172.55 550.96 193.47
527.48 175.02 547.34 197.85
518.08 176.77 547.85 202.45
