667.59 178.06 733.98 226.78
651.66 176.19 672.28 198.45
724.76 177.83 923.52 316.78
562.54 176.24 586.23 198.42
511.99 170.97 571.74 215.81
530.11 152.81 567.1 179.43
503.69 150.95 547.49 177.59
678.47 153.22 683.99 175.67
676.16 153.5 678.54 175.89
678.96 172.34 702.93 177.14
722.15 165.43 740.41 202.24
721.54 184.26 726.94 197.18
684.65 151.78 689.19 175.01
673.97 153.32 676.11 167.48
688.68 151.11 694.74 174.68
500.35 150.66 503.86 181.66
0.0 186.77 165.62 375.0
822.25 111.48 883.59 256.68
829.14 130.18 902.12 266.12
12.081 197.07 160.34 375.0
727.04 185.24 938.02 317.34
710.18 180.91 942.11 319.83
732.68 178.62 905.86 300.13
513.87 173.02 568.35 218.38
516.13 173.81 566.31 214.51
524.29 172.17 578.17 212.69
519.75 171.35 561.68 209.17
529.57 173.57 572.82 210.24
524.91 168.46 557.32 225.91
522.82 169.57 558.82 201.3
530.0 170.19 586.56 204.89
511.03 175.02 559.07 205.96
526.61 167.67 553.15 221.68
534.88 169.48 565.99 199.02
525.5 171.21 565.37 197.87
529.9 162.94 564.66 224.38
513.6 180.7 565.69 221.74
530.96 163.96 555.28 216.02
510.13 180.37 562.83 212.23
518.85 161.57 560.3 223.36
526.01 164.42 548.6 214.91
510.72 179.9 573.66 221.57
535.55 168.36 565.46 220.72
516.75 174.11 550.83 205.81
500.48 172.86 564.89 214.14
517.29 170.16 550.61 227.88
534.44 178.16 577.26 208.3
507.15 170.27 569.09 207.6
515.24 173.52 555.61 196.75
523.19 170.44 548.78 224.66
531.17 170.71 559.63 223.11
523.18 176.96 571.06 216.97
523.13 171.59 554.37 193.62
512.54 157.16 553.61 227.53
522.44 148.41 565.24 224.12
510.31 161.2 571.37 211.06
528.72 162.4 594.49 198.41
532.53 164.36 550.5 201.85
533.04 149.23 569.89 218.23
527.21 176.18 556.7 226.69
508.0 162.38 581.17 199.04
513.4 189.49 563.63 219.46
494.29 167.16 557.81 205.73
502.1 158.35 562.37 206.26
662.77 172.19 734.47 228.44
659.58 170.23 713.11 218.56
675.88 165.75 718.38 233.7
683.23 166.31 727.26 236.33
682.71 170.84 738.6 224.78
653.82 163.74 751.02 237.19
660.71 172.54 719.62 209.96
667.71 161.93 712.01 233.24
668.02 171.11 711.88 213.06
677.65 173.7 727.18 214.78
669.71 175.84 732.79 225.06
669.26 172.05 735.86 214.44
671.25 178.35 721.35 216.6
690.88 162.0 710.4 221.3
675.57 181.55 733.18 219.49
668.35 174.84 716.89 204.93
689.46 173.16 731.95 213.59
689.31 174.47 752.54 215.64
644.68 162.28 739.56 248.45
684.98 165.54 713.76 223.53
681.43 171.56 721.91 207.89
685.88 178.27 735.0 208.61
676.83 175.37 750.62 230.69
667.12 184.27 730.42 233.19
663.37 161.77 724.17 210.85
653.97 190.06 737.89 233.16
547.29 173.51 575.35 202.18
547.88 175.59 582.74 199.5
550.08 172.58 573.4 197.45
541.08 176.75 581.27 203.27
552.71 172.7 576.49 189.63
541.22 170.85 568.86 197.86
551.26 172.92 570.86 192.52
542.97 172.66 569.94 190.07
529.8 173.12 565.45 191.08
522.57 173.44 560.96 191.76
537.28 172.35 564.42 193.52
519.35 172.5 546.91 199.43
517.47 172.77 553.36 190.7
550.79 166.09 562.28 197.99
545.46 166.08 560.12 199.82
536.2 164.59 553.96 201.47
529.51 163.8 546.22 200.66
510.83 173.67 543.91 194.44
541.43 165.49 556.95 199.2
526.23 172.35 555.67 189.7
527.15 171.66 563.37 187.91
519.06 171.24 543.56 192.24
514.65 172.05 538.39 196.79
720.76 168.63 737.21 221.15
700.38 166.48 723.91 220.53
723.41 171.08 738.72 218.14
710.73 165.37 730.64 217.17
717.29 166.0 734.91 216.6
727.54 172.02 741.16 221.22
706.31 166.45 725.68 218.97
698.88 164.19 718.47 220.2
560.21 172.71 583.82 196.98
562.79 173.64 582.34 194.02
555.93 174.86 585.99 198.41
570.92 173.95 587.75 192.42
554.76 172.84 577.75 196.5
568.3 177.31 586.82 195.14
562.71 172.02 584.19 188.46
571.38 172.86 590.75 188.88
578.33 173.83 594.11 191.85
563.78 168.64 579.8 200.01
557.72 172.68 582.62 190.11
563.38 177.8 583.38 196.73
567.54 170.11 580.39 196.75
560.88 169.18 576.63 202.77
574.6 177.52 591.91 194.05
559.05 167.82 571.45 199.93
553.08 167.71 568.62 206.04
559.84 179.62 582.12 197.57
546.1 165.35 565.58 211.6
559.55 170.17 584.61 185.67
576.21 173.14 594.77 188.87
540.34 165.01 563.2 214.99
574.18 175.02 592.57 191.21
579.38 169.73 589.82 193.96
563.79 166.73 577.78 194.22
574.42 168.98 583.88 194.71
568.83 171.57 588.01 190.38
556.26 167.51 571.31 207.67
567.6 175.09 581.49 200.56
548.6 165.4 564.36 205.27
581.0 174.5 601.91 191.13
568.83 167.26 581.72 193.92
558.16 179.31 584.23 202.7
578.39 172.1 588.47 194.9
561.15 167.81 580.66 187.78
547.15 178.11 577.98 207.14
542.33 163.89 570.27 218.77
558.32 172.71 576.51 210.0
555.71 166.55 565.87 197.48
548.06 168.63 570.63 215.55
572.79 175.18 583.91 199.14
562.09 175.09 579.82 207.67
560.57 164.86 571.73 193.46
579.87 169.1 593.73 194.6
546.11 157.44 574.98 213.7
570.61 179.63 589.69 196.71
555.01 170.47 572.96 213.98
575.23 166.03 586.16 192.87
559.77 167.45 585.38 183.23
583.05 170.97 593.97 195.06
577.16 174.02 587.39 197.1
551.12 164.0 577.3 221.42
561.7 157.68 575.93 193.89
539.25 170.39 595.36 201.46
567.08 181.42 587.02 199.26
556.6 166.9 577.59 187.21
541.58 162.87 591.22 203.87
554.43 165.83 583.15 183.92
576.85 164.97 591.71 197.12
558.34 163.01 580.63 183.07
542.08 164.43 602.4 196.11
577.71 176.49 600.05 192.04
574.34 168.93 594.42 188.71
566.26 167.98 592.27 185.15
584.33 167.65 595.35 193.06
645.47 170.76 678.06 199.13
642.63 171.25 670.69 195.81
653.3 172.32 684.22 202.62
650.59 167.52 670.22 202.38
649.21 175.01 674.02 200.19
653.44 170.85 670.98 205.63
649.51 170.66 676.94 193.03
638.64 171.99 664.12 194.71
655.01 167.62 675.08 203.98
660.56 167.35 678.88 210.08
649.89 170.87 665.81 202.7
648.04 166.0 666.31 199.66
659.79 171.76 690.29 205.26
642.09 171.44 691.35 202.6
639.4 169.92 668.08 189.08
665.2 165.96 684.59 215.26
645.02 173.93 690.87 203.71
654.95 170.81 683.54 193.54
646.36 175.74 680.95 203.27
639.33 168.77 683.54 205.59
667.3 166.22 682.95 207.45
662.39 170.81 688.21 200.06
646.33 167.49 660.86 198.29
657.22 170.72 692.21 197.3
662.31 165.01 690.08 219.56
654.01 165.97 674.59 195.76
670.95 162.12 687.64 209.74
635.95 169.56 660.97 190.49
636.59 172.77 658.65 193.88
639.24 175.37 666.22 197.72
663.16 166.86 677.11 199.83
672.13 161.85 694.25 218.62
674.61 160.81 692.37 210.32
661.23 170.08 690.17 193.54
653.91 157.51 678.87 222.17
666.86 169.21 695.83 200.15
664.65 171.81 686.79 195.14
642.79 168.09 655.17 197.3
658.57 166.55 676.04 196.65
669.26 166.43 681.44 200.64
644.29 164.2 659.99 193.38
672.28 164.89 685.99 201.85
640.44 164.54 655.35 193.31
640.71 170.75 656.47 200.74
646.71 170.3 673.81 189.1
658.48 171.21 680.68 191.42
639.34 167.62 669.44 185.38
667.99 171.16 693.7 195.02
639.82 169.58 651.93 195.15
657.57 171.95 672.71 210.88
648.38 153.35 679.51 211.18
633.45 173.57 655.42 192.91
645.3 170.34 661.78 207.1
647.85 159.92 674.34 216.07
652.51 180.08 676.62 206.77
644.54 168.63 674.85 185.81
639.54 165.57 695.97 199.68
654.51 175.18 669.36 210.88
630.26 163.79 685.29 199.86
662.89 170.6 704.37 197.25
668.66 171.55 706.97 192.46
672.59 168.56 708.65 199.95
483.25 167.55 511.22 186.21
769.03 192.16 947.19 298.13
2.693 224.54 72.321 375.0
537.11 171.95 571.99 205.32
740.61 214.93 929.12 315.32
648.76 171.08 699.34 210.93
1.5336 233.5 95.075 366.96
790.28 166.36 889.06 348.44
