597.7 186.9 622.83 195.96
254.54 191.35 306.5 216.43
469.89 193.01 481.72 197.3
634.43 167.49 660.82 184.28
523.51 200.08 572.52 207.89
538.51 196.79 578.45 204.31
280.88 164.82 295.9 188.16
187.6 150.46 311.52 210.97
287.14 150.53 322.9 202.87
168.54 161.59 326.83 227.58
184.12 150.73 299.86 234.72
209.24 140.37 328.84 227.58
176.52 134.88 302.86 225.87
617.18 170.43 637.23 190.8
619.04 168.71 639.19 188.44
621.59 169.05 642.78 191.94
625.59 169.22 648.93 192.48
618.84 172.6 641.09 193.21
622.11 172.4 646.9 192.55
618.25 166.23 640.45 185.02
627.51 166.36 654.68 191.25
622.69 165.61 641.97 187.1
625.11 162.97 638.0 193.66
614.82 176.03 639.29 195.39
626.36 165.55 649.49 188.54
247.46 193.29 308.65 220.07
244.07 191.53 310.91 219.57
263.93 192.28 310.03 217.54
259.6 188.78 307.11 215.22
240.97 194.76 293.76 219.1
243.58 190.11 305.32 215.88
273.56 193.69 309.21 215.75
252.08 188.8 299.19 217.68
277.01 189.43 306.94 213.4
238.45 188.29 303.2 222.75
265.47 190.37 307.01 208.19
267.54 194.6 306.98 221.72
255.15 191.34 307.15 210.13
255.37 189.13 321.26 219.55
248.69 199.16 305.21 221.82
275.98 189.85 308.65 207.26
276.29 184.99 295.9 224.83
241.35 191.81 293.54 213.59
270.38 183.95 288.17 224.48
273.05 181.98 293.15 220.92
267.18 183.01 284.81 224.02
244.93 189.21 286.35 217.15
245.16 189.68 297.85 209.86
264.78 180.62 293.86 231.55
239.13 195.83 285.77 222.6
273.0 188.45 292.79 231.14
260.24 182.31 288.41 232.74
245.67 197.33 296.08 224.49
270.76 182.09 298.58 235.85
240.34 193.92 283.86 215.79
242.48 201.73 290.23 221.7
277.24 182.78 293.93 215.1
253.09 181.26 283.2 231.89
276.7 194.37 296.74 229.47
276.91 196.12 308.68 219.45
277.03 187.71 308.55 203.92
269.37 183.28 285.91 217.65
247.63 184.83 322.61 216.19
271.17 201.69 306.7 222.58
261.06 191.24 283.35 230.72
277.38 177.54 304.27 240.01
252.45 187.84 296.04 205.29
254.77 188.8 290.54 208.67
255.11 203.48 305.27 224.86
258.35 173.16 301.33 228.32
268.63 190.67 289.7 230.59
238.65 189.93 283.42 212.45
262.1 189.16 303.6 205.25
257.76 181.53 327.7 212.99
248.02 171.92 286.32 231.88
239.96 199.1 315.46 229.78
249.03 193.12 305.38 228.24
269.43 172.5 304.85 229.11
255.91 200.5 326.78 232.74
265.95 195.91 319.57 232.74
537.76 176.19 567.13 190.87
532.31 176.33 559.55 190.81
536.11 178.84 565.66 194.09
284.41 188.19 315.38 206.0
282.65 186.3 311.95 203.05
534.8 173.82 563.62 188.98
549.26 174.98 578.01 190.92
555.95 174.48 583.52 190.52
280.22 167.73 310.27 226.6
593.82 172.89 619.97 197.29
599.85 173.54 621.99 196.9
592.02 173.7 614.39 196.19
597.93 172.51 619.75 192.74
594.6 178.15 618.53 199.97
606.42 173.6 625.2 194.94
602.89 171.93 622.49 191.36
597.99 169.76 615.34 199.59
595.25 174.35 613.4 201.13
590.51 172.98 609.91 193.14
600.39 172.55 617.27 201.37
594.76 170.58 609.58 199.77
607.32 171.07 625.94 190.68
604.96 170.38 619.44 199.7
593.9 172.81 617.47 190.1
587.29 174.88 604.49 193.96
604.61 176.05 626.6 197.04
611.33 173.17 630.83 193.28
613.42 171.45 632.21 190.68
598.97 178.06 623.24 199.49
598.66 174.02 619.13 205.54
592.81 170.37 604.64 197.68
592.3 174.48 610.01 208.19
585.49 172.31 606.41 191.22
605.25 170.63 624.14 187.88
591.59 174.03 605.04 203.61
610.82 169.92 622.83 198.48
602.33 166.21 620.01 198.58
585.9 169.84 609.29 188.01
609.3 169.51 628.34 187.58
581.1 174.59 603.54 193.54
614.24 169.2 633.97 187.16
593.13 183.69 619.43 203.51
587.29 177.71 605.79 197.58
589.79 178.81 610.64 198.62
603.69 173.3 621.53 206.41
610.13 175.23 634.44 196.8
583.17 167.78 629.18 205.46
577.57 171.94 602.16 190.32
581.44 169.37 605.74 187.59
582.56 176.55 604.8 196.53
589.54 169.31 600.4 199.11
608.84 172.27 623.63 202.28
589.45 167.03 605.0 200.26
616.67 166.81 629.31 195.25
590.67 175.64 604.38 210.92
591.47 168.7 616.37 188.44
597.46 177.69 615.71 213.4
621.65 163.47 634.43 193.36
608.24 166.16 622.28 197.46
589.77 187.17 619.11 205.01
614.52 169.95 628.26 201.64
612.79 165.33 625.97 197.35
599.32 168.64 620.56 187.51
587.67 172.51 599.92 205.84
575.05 168.47 602.77 186.91
587.35 167.13 612.71 186.98
620.36 167.97 633.65 197.37
598.87 163.11 617.08 197.61
595.24 163.5 613.77 199.45
593.85 167.96 619.25 185.69
587.97 181.88 612.4 201.2
585.61 164.61 600.63 199.75
613.89 178.32 636.08 197.18
615.09 166.38 636.47 184.1
579.82 178.23 598.9 197.79
585.55 163.44 642.4 199.85
600.65 176.08 619.04 212.73
579.19 165.95 610.14 183.6
593.17 178.5 607.72 215.51
584.92 181.78 603.84 200.61
584.25 172.74 628.28 214.21
576.07 175.14 635.33 211.38
593.23 166.04 644.68 206.47
456.89 179.17 488.88 194.3
461.69 178.37 491.95 193.13
447.36 178.95 477.07 195.74
469.27 179.01 496.42 192.32
453.15 180.81 484.64 195.51
447.53 177.65 471.82 193.45
457.45 176.29 489.05 191.41
474.41 178.27 499.94 191.89
473.23 180.09 500.59 194.56
462.58 173.6 477.12 197.49
477.06 179.34 504.47 192.8
452.27 175.26 482.05 190.72
466.08 173.65 479.67 197.37
474.9 173.68 486.35 196.08
450.91 184.11 484.37 199.86
471.03 172.59 482.89 196.32
477.7 175.14 490.08 196.48
459.99 175.59 475.84 202.1
463.75 177.0 478.88 202.75
472.51 176.22 486.22 200.4
459.51 172.64 473.25 196.4
467.98 177.0 482.15 202.92
475.01 169.73 487.27 192.52
470.37 169.14 484.39 194.5
458.94 181.46 489.19 198.09
447.47 172.52 458.08 196.47
479.83 176.58 492.6 196.8
470.14 181.25 496.79 196.96
478.36 171.81 491.16 193.08
464.8 180.58 492.66 196.91
457.23 175.1 472.34 202.56
458.75 172.9 486.9 190.54
454.6 172.07 464.47 195.91
461.75 173.51 492.62 189.09
447.29 175.91 460.49 203.07
471.59 175.8 495.57 190.0
466.37 183.09 496.97 198.98
431.67 178.27 459.69 195.22
437.02 178.62 465.09 195.8
426.64 180.05 457.42 198.27
