757.31 170.19 863.15 215.66
362.15 182.24 497.36 277.48
445.61 179.45 535.8 244.44
720.82 176.71 818.81 224.53
701.53 177.1 779.99 245.16
911.52 152.82 1158.88 272.28
524.06 181.17 549.58 217.49
430.77 175.03 482.35 187.86
448.16 149.61 480.69 195.59
742.6 166.28 793.52 179.81
434.07 186.72 473.83 195.72
553.35 191.51 567.44 205.13
938.58 165.59 957.71 169.9
421.52 181.57 442.43 194.98
931.16 149.31 946.64 174.11
475.64 148.45 493.76 183.97
900.61 173.6 919.9 177.55
967.59 150.0 977.66 165.25
490.42 182.44 499.24 186.89
376.76 173.91 399.77 189.0
359.03 165.84 427.43 217.55
0.0 22.23 154.36 375.0
0.0 171.24 79.95 239.44
0.0 0.0 142.54 375.0
901.95 159.04 1149.7 254.53
928.98 148.01 1145.4 287.24
704.63 175.59 781.84 244.3
711.3 169.0 790.53 236.35
724.73 168.91 798.67 229.83
700.44 171.5 795.18 246.59
705.73 169.72 774.19 227.9
715.14 167.31 770.58 250.85
712.52 178.05 763.0 257.02
715.32 160.68 772.23 256.34
714.57 161.09 763.53 237.83
722.67 177.67 770.23 258.42
698.59 184.84 786.78 252.29
700.86 178.12 766.28 226.51
678.99 162.41 799.8 232.78
708.5 189.85 797.7 241.84
687.43 159.86 780.46 240.67
708.68 154.31 757.74 257.05
721.8 159.31 758.46 221.27
360.91 190.77 499.32 288.92
378.31 188.31 513.12 274.02
372.06 180.52 508.4 255.25
357.94 181.31 485.87 274.66
370.85 202.38 494.81 275.93
378.98 194.69 484.48 259.31
358.04 200.01 479.37 286.12
738.4 173.02 832.47 218.53
737.21 165.35 830.7 208.22
728.77 166.97 806.76 205.87
731.78 173.76 809.78 220.95
702.83 166.01 829.3 223.9
727.16 180.91 815.99 225.09
713.34 182.51 805.87 236.14
729.59 173.01 802.43 201.48
739.23 175.86 804.8 206.71
699.59 155.98 805.42 227.76
440.41 183.41 535.93 252.58
453.25 175.73 540.25 245.49
421.84 179.97 535.8 247.34
430.5 181.58 533.84 237.1
436.02 172.41 545.05 241.88
428.84 183.19 518.1 248.02
460.05 166.72 517.14 260.68
439.33 172.95 513.7 229.34
426.54 201.16 523.65 262.63
459.08 171.41 533.28 229.77
447.11 156.15 521.49 262.96
449.63 180.56 541.89 259.22
449.56 194.13 528.43 257.68
752.76 168.48 845.0 214.51
764.19 175.06 853.35 216.93
769.14 169.17 853.72 209.06
762.8 162.39 849.24 202.75
740.87 159.01 874.62 221.64
759.51 155.65 849.48 192.5
359.65 168.99 440.11 200.86
0.0 163.96 68.735 251.43
428.65 172.74 499.34 206.17
438.36 174.63 499.38 201.65
432.12 171.46 493.96 198.65
425.12 171.38 483.44 196.4
423.52 175.96 476.95 198.64
419.0 171.5 491.91 200.92
432.34 177.79 487.71 202.15
426.67 171.56 474.88 192.02
447.2 173.09 490.71 202.93
439.8 171.32 497.23 193.01
438.5 172.77 482.58 203.02
420.37 167.23 494.76 196.03
425.35 174.05 469.66 195.24
452.0 174.74 494.27 207.06
419.67 178.17 460.23 198.3
427.77 169.23 480.9 187.74
423.42 175.72 458.96 194.91
444.37 176.93 502.98 205.34
433.66 167.86 478.37 194.85
431.12 175.81 472.17 202.52
443.05 168.28 484.07 195.22
442.75 169.27 463.12 211.36
436.2 180.5 493.59 207.25
417.8 178.01 470.2 200.73
451.46 170.54 489.95 194.82
422.48 172.9 458.4 190.83
448.22 177.89 489.09 208.86
435.73 168.84 491.5 189.34
439.17 166.91 459.0 207.95
426.35 169.84 468.75 189.14
427.48 171.05 460.98 192.56
451.55 161.99 468.61 201.05
428.15 166.39 479.42 183.49
413.09 168.66 473.42 200.34
447.36 161.61 466.08 200.73
444.0 161.97 462.94 199.0
438.15 178.63 478.37 206.87
441.31 162.26 458.88 197.83
414.5 179.25 492.77 217.5
413.5 179.68 452.06 199.5
417.22 176.78 451.72 195.27
455.7 167.82 473.1 213.71
452.15 167.01 469.03 212.57
447.53 167.23 466.04 212.64
446.26 164.2 473.44 218.63
416.44 173.6 452.83 190.76
455.25 165.56 484.54 217.54
451.22 165.53 478.65 215.99
456.29 163.71 472.01 199.93
435.9 171.85 453.39 209.93
437.9 170.18 500.61 215.96
463.41 166.22 480.89 215.33
459.63 167.67 477.8 215.36
464.65 164.02 485.23 205.59
460.39 163.55 476.49 205.79
465.93 167.02 483.37 219.24
469.82 164.92 485.5 202.88
724.82 162.62 805.64 197.39
727.47 162.58 798.95 194.86
719.77 168.06 789.8 201.52
727.07 168.66 794.56 198.21
734.78 161.94 786.57 193.41
727.86 161.82 791.63 187.38
723.61 165.91 787.67 190.06
737.56 170.1 784.5 201.68
726.71 173.34 785.98 199.9
720.36 170.72 777.98 195.58
751.54 154.58 769.96 202.62
737.37 160.3 782.74 188.06
729.75 158.84 794.6 181.52
737.77 169.23 812.58 198.64
742.0 166.9 795.77 200.06
732.37 167.26 777.06 197.76
736.19 165.03 808.62 192.11
758.65 154.43 775.47 195.49
730.56 163.45 777.43 191.86
752.94 151.5 769.54 190.36
755.93 151.9 773.17 190.98
740.77 158.02 785.45 182.97
743.59 149.05 775.13 203.48
508.51 176.25 567.57 216.69
520.85 183.63 571.54 212.32
511.91 178.55 561.04 215.91
532.18 179.26 570.1 213.18
502.03 183.17 559.45 219.34
500.42 177.17 554.91 213.89
523.7 176.9 568.81 210.84
515.76 184.89 565.34 218.14
539.4 174.53 564.19 219.82
524.88 188.52 566.37 217.1
512.9 171.03 543.98 231.16
507.1 175.92 561.73 209.08
505.38 168.74 538.03 233.14
524.8 172.0 552.7 222.35
515.89 177.23 564.92 205.66
518.45 172.76 548.14 228.95
530.54 184.78 566.65 211.59
542.82 180.88 565.57 217.81
520.16 171.32 544.73 222.38
522.01 174.52 548.67 226.85
535.77 173.94 558.25 220.78
525.02 170.2 557.47 224.48
534.26 178.35 567.83 205.31
511.76 189.16 556.44 225.22
502.34 189.76 545.51 226.6
510.29 180.19 536.59 228.43
533.93 189.37 569.82 214.31
515.57 172.75 540.91 223.27
505.34 181.75 535.6 234.78
510.99 166.28 549.72 223.04
514.45 168.91 536.22 218.22
538.02 181.53 570.91 207.92
507.49 173.66 533.09 224.3
504.45 175.8 528.7 225.75
526.45 182.62 550.87 227.33
532.49 169.82 565.03 222.54
510.39 169.66 531.08 218.42
500.22 174.24 554.24 199.49
531.74 179.74 552.99 225.89
528.61 170.24 549.94 214.06
506.91 170.09 526.9 218.3
545.98 176.99 568.17 217.18
500.28 175.77 525.76 230.16
506.05 163.42 540.56 219.77
522.21 163.73 560.54 218.19
523.07 168.97 542.45 214.42
519.87 167.93 538.77 214.3
535.77 179.22 570.97 200.06
519.65 175.29 565.08 197.22
543.78 173.3 565.59 211.88
538.17 181.03 556.17 223.39
533.88 172.21 553.21 213.38
502.41 176.02 538.63 205.8
407.45 183.41 445.46 199.9
412.68 181.47 439.74 199.71
400.66 185.84 449.07 202.81
402.82 180.66 437.31 197.3
408.69 182.48 437.12 201.92
414.65 177.41 440.14 197.69
408.66 176.45 441.14 194.41
418.61 177.13 432.25 209.63
420.94 174.87 434.01 204.36
419.04 176.8 444.56 196.73
400.09 176.03 434.54 194.15
418.83 172.65 432.6 201.19
409.62 177.16 435.01 196.86
403.51 182.28 432.58 201.43
415.3 177.78 428.73 212.74
416.17 175.36 431.78 217.23
413.05 176.54 428.43 218.53
402.18 175.94 427.98 196.32
402.97 182.98 454.72 204.12
402.22 184.6 435.39 205.92
909.36 163.09 970.06 183.44
913.66 160.49 966.32 187.21
911.94 160.38 968.55 179.88
936.12 148.84 953.62 191.95
939.16 150.27 956.08 193.03
945.79 149.23 964.26 192.49
942.54 149.32 959.88 192.86
908.55 165.24 961.8 186.03
939.93 147.58 956.72 183.92
932.9 149.76 950.34 190.15
948.83 149.51 968.15 192.56
923.49 155.05 969.66 177.19
907.18 162.78 956.08 181.82
916.66 158.08 962.21 182.38
376.05 173.9 418.41 192.94
394.65 174.23 419.22 195.78
367.35 174.18 412.07 193.42
400.65 171.41 414.11 204.49
377.63 170.89 418.33 189.77
385.37 171.62 423.24 189.45
398.2 170.23 411.32 204.51
917.71 162.03 974.91 193.18
924.77 155.91 977.39 171.25
956.53 149.95 977.65 193.72
935.97 155.55 976.58 173.42
944.51 153.27 988.12 170.52
945.32 154.5 997.17 174.63
881.54 156.71 921.9 175.53
888.38 150.54 903.64 181.62
887.19 149.68 900.76 178.45
404.64 188.11 528.63 262.15
2.1824 193.56 360.77 367.97
912.38 159.92 983.52 188.87
496.55 176.61 562.25 220.03
911.75 157.84 989.09 188.25
470.36 176.1 543.77 237.58
997.97 130.17 1242.0 325.39
483.52 177.07 548.94 228.94
0.0 179.89 435.0 375.0
931.24 142.66 1224.1 292.49
100.87 188.83 377.45 368.67
873.87 155.61 918.95 172.85
693.58 168.74 817.26 233.8
937.77 159.45 1169.2 240.56
917.83 157.4 982.67 183.35
0.0 178.49 273.69 358.34
915.12 165.6 1088.3 250.63
1030.1 158.56 1242.0 349.21
0.0 126.66 501.9 375.0
749.21 160.64 837.71 199.87
425.21 178.39 508.38 219.81
1001.5 97.496 1242.0 338.18
419.07 191.57 529.04 250.86
924.34 151.0 1104.4 266.13
713.23 169.91 785.37 217.95
926.44 158.26 993.08 186.7
32.776 165.62 375.5 338.13
974.16 160.51 1211.9 251.22
180.09 174.76 410.03 351.85
724.44 165.54 855.04 221.86
932.36 64.945 1242.0 375.0
911.31 165.53 972.6 189.36
419.31 189.69 507.28 238.01
1048.3 158.15 1242.0 321.2
925.65 160.2 1001.7 192.85
921.95 156.38 982.68 175.78
175.17 202.6 380.59 318.91
908.07 175.4 1069.0 259.26
188.78 194.51 373.31 297.18
488.16 172.7 529.25 250.45
472.67 168.9 525.85 257.07
987.29 148.58 1226.4 235.73
107.04 175.57 425.95 339.83
392.11 171.39 472.72 298.07
1034.2 153.52 1242.0 279.35
1058.8 115.31 1223.8 375.0
406.8 169.93 538.23 230.86
16.033 152.48 299.86 326.16
455.99 176.45 507.03 272.09
1044.5 113.04 1242.0 305.03
727.71 158.57 775.04 245.1
387.03 177.08 458.09 307.86
432.07 174.52 500.05 224.69
