774.57 179.45 792.76 220.67
88.18 180.32 211.8 231.45
680.47 177.83 691.18 195.87
677.07 179.42 680.19 193.52
730.03 174.63 736.14 192.39
722.98 166.37 740.35 193.2
710.26 149.09 725.66 207.08
721.26 181.04 747.98 204.19
201.77 148.71 274.6 183.84
243.0 155.63 265.61 184.21
703.33 152.98 713.87 170.35
723.55 150.0 762.55 195.78
1166.08 85.03 1242.0 352.56
750.77 146.82 828.66 208.37
195.32 186.82 213.69 221.11
1162.7 74.875 1242.0 375.0
752.26 168.09 819.81 206.1
774.12 144.43 811.36 222.85
752.97 155.52 814.44 209.98
765.39 165.49 821.81 215.45
745.56 158.02 828.97 198.72
746.2 171.37 757.85 202.33
742.14 172.3 754.92 201.65
709.79 140.83 744.41 219.46
222.39 169.58 267.12 190.62
222.82 165.92 267.62 186.9
214.48 169.28 258.14 190.35
223.0 161.68 267.63 182.94
210.43 165.38 254.3 186.78
210.12 161.61 255.14 182.98
188.41 165.36 275.54 202.58
222.14 157.37 266.85 178.39
193.01 156.73 283.59 196.6
207.69 157.99 250.92 178.48
205.69 164.6 289.77 201.51
182.95 149.43 277.44 189.29
206.52 171.33 292.32 207.5
203.19 154.01 273.03 199.12
197.54 147.25 291.37 188.72
707.79 170.76 720.03 206.74
712.07 169.63 725.68 207.3
710.02 165.75 723.44 206.54
704.0 170.67 715.78 206.2
715.37 168.5 728.65 209.45
698.55 170.96 710.38 204.46
708.84 171.99 727.74 201.34
707.36 169.16 726.05 196.91
712.03 159.63 726.81 204.7
706.79 161.27 719.42 204.37
720.43 167.78 732.66 207.93
702.63 161.4 715.49 204.44
699.03 171.46 718.1 195.74
715.94 158.26 730.24 205.35
708.42 154.56 723.38 202.07
701.92 171.85 730.81 190.85
694.77 167.0 705.46 199.67
698.42 161.45 711.52 201.85
696.24 172.05 714.74 194.87
723.99 169.08 737.44 206.44
702.76 167.19 722.91 193.9
711.38 168.07 730.98 196.35
707.46 165.43 728.92 193.58
701.53 154.78 727.52 217.7
719.78 157.44 734.22 204.36
705.86 153.06 732.91 220.34
694.66 156.76 719.95 221.5
689.0 165.12 737.64 209.36
712.43 154.08 741.23 226.69
774.01 173.55 793.97 224.96
773.88 174.89 789.87 218.31
779.93 171.86 800.12 226.24
770.11 176.3 784.2 219.96
766.37 180.7 779.92 218.03
771.15 173.04 795.59 215.86
784.28 172.92 802.57 221.04
776.76 178.61 798.35 228.35
774.89 169.6 800.11 225.19
771.52 177.74 800.1 223.04
782.41 172.39 798.58 217.16
766.94 176.03 788.59 211.71
770.92 174.56 791.53 208.6
762.6 179.22 776.63 214.3
769.52 171.5 805.91 225.26
776.25 173.92 801.18 219.29
773.78 172.78 787.66 211.3
763.22 178.12 782.74 208.52
778.33 171.72 795.69 214.39
791.62 176.29 806.02 218.08
787.37 173.41 801.11 213.27
770.62 169.64 793.39 227.78
769.91 170.12 783.47 211.0
766.09 171.18 780.55 208.05
767.9 182.0 789.58 219.59
760.2 179.55 779.95 207.26
761.63 179.39 799.45 204.79
781.75 174.68 802.9 211.63
763.53 181.8 783.25 215.69
779.42 178.46 803.37 221.52
761.72 177.11 796.33 199.87
764.56 173.49 785.21 200.13
771.44 185.6 796.81 229.82
796.22 178.0 810.13 216.51
764.08 181.53 809.49 208.47
773.85 173.3 798.44 203.25
758.64 179.78 771.28 210.39
761.62 174.29 782.37 197.9
762.55 171.77 776.69 205.89
759.93 185.11 811.69 213.96
760.5 184.2 801.73 210.63
770.65 167.98 796.84 242.15
792.92 172.58 805.2 209.3
768.16 158.21 801.86 230.35
762.52 170.47 801.16 221.48
759.02 176.54 810.27 217.72
760.22 180.36 793.12 202.2
768.99 176.85 807.92 200.8
787.52 177.4 806.59 207.12
782.67 181.49 804.12 229.34
760.52 184.0 780.04 214.82
778.44 172.93 801.16 201.86
763.9 158.06 794.16 226.77
775.35 168.2 791.71 204.38
769.34 180.02 785.58 231.76
755.6 181.12 775.33 205.38
797.0 172.95 809.53 207.63
773.7 183.59 802.88 228.79
766.63 189.07 810.29 217.54
773.21 168.64 787.2 202.69
792.02 179.01 811.25 204.83
779.39 177.7 813.37 198.11
786.12 182.57 806.97 217.95
779.25 167.54 795.13 203.91
755.49 178.78 788.83 197.22
774.41 182.14 813.26 206.24
782.75 174.01 804.52 199.59
768.8 168.82 783.05 202.34
759.84 181.98 772.64 215.68
758.1 184.23 789.76 206.29
771.78 185.0 813.21 211.07
792.51 181.79 811.96 211.03
790.19 183.67 806.97 225.09
758.62 172.63 771.06 204.44
760.72 167.23 785.02 233.53
780.17 168.38 807.28 232.67
750.73 181.65 770.47 203.97
785.84 174.98 809.03 198.34
752.9 182.4 812.15 224.12
784.03 167.73 798.14 203.28
758.66 191.29 813.32 220.68
789.6 175.57 813.15 197.71
795.58 179.3 816.28 202.59
763.6 180.45 806.4 232.14
754.93 166.16 802.11 216.51
782.18 180.63 814.22 200.91
751.47 185.2 771.59 208.07
762.52 182.54 776.19 225.37
751.59 180.0 783.63 196.8
752.85 182.49 784.44 201.99
788.38 166.19 801.77 201.3
770.81 192.89 800.48 227.19
764.18 165.84 780.5 200.01
796.04 183.29 816.61 208.78
753.91 185.61 784.49 206.06
757.26 187.98 793.89 212.26
765.6 183.79 779.67 232.68
756.12 185.94 776.67 212.14
777.03 188.65 813.47 215.73
789.35 188.11 812.98 219.11
792.39 166.74 806.03 201.04
783.69 188.63 809.68 221.63
795.53 184.85 811.35 225.46
761.57 164.2 777.65 198.94
755.94 182.39 802.77 236.55
796.66 165.62 810.47 200.3
759.14 168.24 772.21 198.95
795.73 187.15 816.66 214.98
760.91 197.85 809.51 224.38
753.79 188.29 787.48 209.33
783.65 187.11 816.49 211.48
779.51 188.52 800.33 231.38
758.77 191.26 808.79 239.93
66.609 183.95 203.06 239.68
90.755 188.38 213.94 239.06
71.412 181.9 189.75 229.61
98.045 180.91 204.38 227.22
112.03 183.89 214.98 231.98
86.634 170.93 232.3 233.04
86.604 197.93 199.5 243.01
93.573 178.57 219.94 250.29
88.067 179.29 198.96 217.0
109.41 177.55 204.73 213.2
675.18 173.87 686.66 199.3
672.08 175.45 689.68 198.46
672.74 172.91 683.48 199.22
676.31 173.04 689.04 201.61
679.64 175.39 690.28 199.88
666.92 177.35 695.83 195.92
671.01 173.56 687.18 196.4
674.18 176.87 693.61 198.81
669.42 172.86 680.77 201.11
670.64 178.93 691.01 202.07
672.95 174.25 692.43 195.36
684.29 173.77 695.46 200.33
679.42 174.79 697.19 197.37
689.67 173.42 700.95 201.0
667.19 176.62 685.05 198.75
667.68 175.88 680.39 205.32
668.93 172.17 684.6 195.01
680.95 170.1 693.67 200.34
672.96 177.94 701.8 196.05
694.64 174.48 706.16 202.13
676.58 167.05 690.92 200.86
669.23 167.95 679.66 197.98
672.53 174.87 698.87 190.87
696.18 175.57 714.76 200.07
674.28 166.57 686.75 200.1
672.87 176.15 686.69 206.28
685.86 175.18 702.99 196.77
668.33 174.33 695.02 190.13
670.89 166.34 682.38 200.08
690.94 175.15 709.56 197.9
666.77 167.47 676.89 198.93
663.61 183.2 698.38 199.67
663.99 180.77 684.86 202.87
678.8 180.43 700.65 202.03
685.44 168.98 696.97 199.72
666.62 172.03 682.75 192.8
686.33 177.99 715.13 195.93
669.61 177.81 683.73 207.62
681.07 177.94 708.98 195.3
674.66 170.68 695.79 192.4
679.68 176.43 692.99 207.25
665.83 174.2 676.53 205.56
667.62 183.39 692.13 206.61
672.16 179.79 686.9 212.21
684.96 181.31 705.67 202.2
675.25 179.44 689.97 212.17
664.43 172.71 691.37 189.64
664.11 161.42 675.46 196.36
679.58 180.8 710.71 196.93
660.06 166.63 671.11 199.62
676.32 172.96 703.87 191.61
663.14 175.73 680.05 195.85
683.99 177.52 698.1 207.98
672.2 171.5 700.49 188.58
659.72 160.33 671.45 195.54
669.23 184.19 704.31 201.45
673.48 184.14 697.47 205.57
679.92 180.37 693.88 212.42
659.0 166.14 712.52 211.99
671.27 156.72 700.05 214.37
694.61 175.56 721.24 194.21
709.16 174.58 722.39 208.1
707.02 175.91 725.16 205.0
706.38 175.75 716.81 207.47
746.75 180.63 758.97 207.99
741.95 180.66 756.24 208.59
709.26 177.88 730.73 203.98
730.8 183.62 757.36 204.89
732.42 180.2 756.82 199.89
737.96 175.98 752.57 206.26
732.93 174.33 748.21 207.29
707.21 180.09 723.26 215.04
709.75 178.78 724.18 210.56
715.87 176.41 735.08 201.56
729.14 174.29 743.8 207.57
701.62 180.18 731.62 200.79
703.23 175.24 730.57 194.95
701.92 183.42 734.34 204.6
703.97 180.72 726.34 206.88
740.67 183.42 761.95 203.63
740.68 180.08 761.33 199.45
727.69 187.53 765.43 205.11
729.03 185.08 765.26 201.66
741.02 177.6 771.53 192.82
737.32 180.7 769.7 196.26
744.2 177.0 765.05 195.89
739.97 186.29 762.66 207.21
730.29 181.4 765.38 197.08
740.46 176.64 761.54 195.43
736.01 187.4 769.46 205.27
733.16 177.48 765.51 192.54
705.17 177.8 736.82 197.99
704.97 173.74 722.47 201.25
701.08 176.22 719.71 202.01
222.38 173.11 266.15 194.14
232.03 167.04 264.45 192.52
191.79 165.31 208.95 207.19
182.29 191.09 200.6 235.27
194.85 164.24 212.65 207.13
174.9 169.84 203.67 243.41
179.36 185.24 236.7 229.37
184.69 170.2 212.5 244.7
654.28 166.82 666.09 199.24
62.105 182.97 207.96 242.07
