699.75 93.62 1242.00 375.00 1.42
0.00 130.51 335.10 285.61 5.28
0.00 113.22 297.75 375.00 2.37
109.76 124.83 431.74 260.00 15.18
360.80 172.63 514.45 280.14 11.84
377.41 123.67 535.18 222.69 21.91
709.04 128.41 831.99 214.40 19.26
653.17 142.72 705.62 215.54 23.32
595.05 148.92 674.30 199.13 38.11
685.28 146.35 732.03 195.63 30.85
514.69 151.38 549.23 195.48 47.27
0.00 137.79 73.70 190.89 18.19
540.42 152.58 556.27 183.35 56.60
236.17 144.64 274.24 171.15 35.89
639.16 156.58 654.65 187.24 51.95
550.13 185.27 577.12 194.11 40.62
244.29 153.83 269.69 161.02 34.42
682.86 158.99 691.18 186.22 45.83
527.48 181.29 540.60 199.05 41.99
637.00 175.41 657.34 183.57 59.83
683.03 159.87 686.69 182.21 49.41
538.59 182.35 546.09 192.31 49.19
551.28 153.54 561.53 175.95 62.54
554.39 157.94 558.29 179.04 60.35
666.68 152.97 673.94 179.19 62.19
545.47 182.81 551.30 192.31 52.50
666.81 175.62 675.06 179.17 61.92
