921.55 127.59 1179.17 232.55 8.25
0.00 88.42 128.79 336.82 18.72
98.27 136.77 274.68 209.74 35.02
0.00 134.86 111.32 186.18 32.14
136.63 185.70 308.68 254.39 18.09
0.00 128.70 187.94 231.88 20.44
790.77 146.93 885.67 194.87 40.96
91.76 182.30 209.03 211.69 28.73
0.00 169.20 90.31 182.89 27.99
0.00 213.69 60.90 254.22 18.82
268.30 144.13 321.73 211.38 30.64
953.47 157.98 998.33 209.41 23.16
282.72 181.19 326.98 196.44 42.52
297.14 148.66 335.13 196.42 46.55
106.59 137.46 219.84 149.68 33.90
359.40 163.03 390.96 199.63 40.32
791.01 198.44 839.76 208.18 30.04
792.26 167.05 808.77 194.77 41.15
636.59 151.89 646.44 195.39 48.41
326.40 197.52 365.35 207.69 35.62
667.36 183.54 694.29 196.93 60.75
828.51 199.44 870.43 205.97 28.50
383.36 149.89 400.76 186.53 45.51
280.62 148.77 297.36 177.17 47.64
940.20 243.23 1006.60 264.96 12.87
259.13 148.73 277.86 164.10 49.69
356.17 148.59 375.86 194.78 40.64
369.87 183.54 380.17 193.56 58.97
663.86 157.47 683.41 188.21 61.75
909.26 150.87 939.33 156.52 67.36
333.72 150.93 347.66 160.04 57.58
785.04 165.61 799.46 187.60 56.53
673.42 175.54 695.97 188.10 61.32
454.27 152.39 466.80 196.92 58.19
1117.65 258.25 1167.36 277.65 12.30
427.12 192.87 450.41 196.80 56.57
861.95 149.08 873.59 154.33 44.69
