5.8486e+02 1.7649e+02 6.1164e+02 2.0118e+02 9.9995e-01
4.4820e+02 1.7718e+02 5.3903e+02 2.4831e+02 9.9984e-01
0.0000e+00 1.9240e+02 1.9073e+02 2.9874e+02 9.9983e-01
2.9123e+02 1.8589e+02 3.6586e+02 2.2383e+02 9.9942e-01
2.0267e+01 2.0226e+02 1.9542e+02 2.8419e+02 9.9584e-01
4.4487e+02 1.7520e+02 5.2370e+02 2.3977e+02 9.9529e-01
5.8916e+02 1.7663e+02 6.1128e+02 1.9665e+02 9.9363e-01
6.5619e+02 1.6861e+02 6.7231e+02 2.1317e+02 9.9035e-01
4.4377e+02 1.7280e+02 5.4452e+02 2.5465e+02 9.8843e-01
6.5827e+02 1.6768e+02 6.7604e+02 2.1331e+02 9.8694e-01
4.4043e+02 1.7933e+02 5.1181e+02 2.2372e+02 9.8529e-01
6.5336e+02 1.6970e+02 6.6772e+02 2.1159e+02 9.8050e-01
0.0000e+00 1.9428e+02 1.6351e+02 2.7965e+02 9.7865e-01
4.3523e+02 1.7633e+02 4.6279e+02 2.0760e+02 9.7132e-01
5.8489e+02 1.7681e+02 6.0552e+02 1.9897e+02 9.6902e-01
6.4971e+02 1.7113e+02 6.6304e+02 2.0756e+02 9.6660e-01
4.3536e+02 1.7925e+02 4.9875e+02 2.1947e+02 9.6566e-01
6.7497e+02 1.6697e+02 6.9257e+02 2.1322e+02 9.6110e-01
4.4061e+02 1.7223e+02 4.5519e+02 2.1230e+02 9.6011e-01
2.9956e+02 1.8760e+02 3.6251e+02 2.1843e+02 9.5118e-01
4.3136e+02 1.7914e+02 4.5274e+02 2.0597e+02 9.5037e-01
4.3867e+02 1.7511e+02 4.5108e+02 2.1049e+02 9.5022e-01
4.4429e+02 1.7173e+02 4.5855e+02 2.1309e+02 9.4954e-01
6.6018e+02 1.7097e+02 6.7428e+02 2.0866e+02 9.4904e-01
4.6981e+02 1.6946e+02 5.2620e+02 2.5376e+02 9.4132e-01
6.4978e+02 1.7269e+02 6.7212e+02 2.0481e+02 9.3444e-01
4.4463e+02 1.7272e+02 4.5725e+02 2.0501e+02 9.2933e-01
4.3665e+02 1.7756e+02 4.5780e+02 2.0372e+02 9.2828e-01
4.3474e+02 1.7590e+02 4.4592e+02 2.1001e+02 9.2502e-01
4.4074e+02 1.7659e+02 4.6825e+02 2.0773e+02 9.1871e-01
4.4803e+02 1.7223e+02 4.6159e+02 2.1239e+02 9.1838e-01
6.7851e+02 1.6720e+02 6.9556e+02 2.1305e+02 9.1591e-01
5.9162e+02 1.7483e+02 6.1118e+02 1.9238e+02 9.1497e-01
3.0606e+02 1.8414e+02 3.6417e+02 2.0972e+02 9.1338e-01
4.3261e+02 1.7767e+02 4.4329e+02 2.0837e+02 9.0589e-01
5.8686e+02 1.7477e+02 6.0748e+02 1.9670e+02 9.0223e-01
6.4645e+02 1.7291e+02 6.6753e+02 2.0341e+02 9.0197e-01
6.4771e+02 1.7140e+02 6.5971e+02 2.0427e+02 8.9498e-01
4.3432e+02 1.8005e+02 4.5743e+02 2.0936e+02 8.7687e-01
5.8527e+02 1.8178e+02 6.1003e+02 2.0290e+02 8.7653e-01
4.7196e+02 1.7487e+02 5.3359e+02 2.3486e+02 8.7418e-01
4.4176e+02 1.7700e+02 4.9855e+02 2.3005e+02 8.7100e-01
2.9759e+02 1.8436e+02 3.6261e+02 2.1584e+02 8.6796e-01
4.3108e+02 1.7885e+02 4.7415e+02 2.0413e+02 8.6630e-01
4.3937e+02 1.7606e+02 4.6081e+02 2.0080e+02 8.6569e-01
6.6248e+02 1.6767e+02 6.7889e+02 2.1298e+02 8.6327e-01
6.7202e+02 1.6463e+02 6.8987e+02 2.1336e+02 8.5930e-01
4.6006e+02 1.7082e+02 5.2784e+02 2.3175e+02 8.5476e-01
5.8794e+02 1.7185e+02 6.0627e+02 2.0245e+02 8.5410e-01
4.5714e+02 1.7066e+02 5.1300e+02 2.5663e+02 8.4413e-01
7.0104e+01 1.9960e+02 2.0585e+02 2.6962e+02 8.4238e-01
4.3950e+02 1.7306e+02 4.5696e+02 2.2015e+02 8.2209e-01
4.5044e+02 1.7345e+02 5.1403e+02 2.2829e+02 8.1967e-01
4.3200e+02 1.7624e+02 4.9220e+02 2.0964e+02 8.0411e-01
4.4219e+02 1.7042e+02 4.6100e+02 2.2119e+02 8.0000e-01
5.8707e+02 1.7750e+02 6.0525e+02 2.0614e+02 7.9737e-01
6.5295e+02 1.7168e+02 6.7650e+02 2.0916e+02 7.8781e-01
3.1042e+02 1.8633e+02 3.6767e+02 2.1399e+02 7.8443e-01
4.5192e+02 1.7099e+02 4.6574e+02 2.1371e+02 7.7439e-01
6.7049e+02 1.6904e+02 6.8405e+02 2.1108e+02 7.6967e-01
4.4145e+02 1.7622e+02 5.0527e+02 2.1277e+02 7.6446e-01
4.3115e+02 1.7770e+02 4.6668e+02 1.9981e+02 7.5484e-01
4.2814e+02 1.8082e+02 4.6019e+02 2.0263e+02 7.5106e-01
6.5395e+02 1.7157e+02 6.7418e+02 2.0215e+02 7.3149e-01
6.6504e+02 1.6882e+02 6.7760e+02 2.0798e+02 7.1960e-01
5.8693e+02 1.7383e+02 6.0263e+02 2.0347e+02 7.0299e-01
4.4859e+02 1.7358e+02 4.5976e+02 2.0506e+02 7.0273e-01
4.5293e+02 1.7378e+02 5.2365e+02 2.1868e+02 7.0056e-01
4.4614e+02 1.7770e+02 4.6863e+02 2.0360e+02 6.9424e-01
6.4513e+02 1.7281e+02 6.6384e+02 2.0005e+02 6.8324e-01
5.9268e+02 1.7206e+02 6.0964e+02 2.0029e+02 6.8256e-01
4.3346e+02 1.7492e+02 4.7876e+02 2.2059e+02 6.7870e-01
4.4580e+02 1.6930e+02 4.6513e+02 2.2225e+02 6.7517e-01
4.6179e+02 1.5682e+02 5.2396e+02 2.6224e+02 6.7121e-01
4.5678e+02 1.7220e+02 4.9683e+02 2.4404e+02 6.5518e-01
6.8221e+02 1.6738e+02 6.9839e+02 2.1265e+02 6.5192e-01
4.5300e+02 1.7209e+02 4.6426e+02 2.0651e+02 6.3868e-01
4.3785e+02 1.7987e+02 4.5181e+02 2.1939e+02 6.3503e-01
4.5736e+02 1.7264e+02 4.7855e+02 2.2561e+02 6.2492e-01
4.3024e+02 1.8068e+02 4.4740e+02 2.0278e+02 6.2375e-01
6.4443e+02 1.6971e+02 6.5612e+02 2.0101e+02 6.2074e-01
5.9154e+02 1.7513e+02 6.0857e+02 2.0444e+02 6.2061e-01
5.1418e+02 1.7974e+02 5.3727e+02 1.9746e+02 6.1281e-01
5.1368e+02 1.8019e+02 5.3225e+02 1.9986e+02 6.0743e-01
6.6030e+02 1.6785e+02 6.8179e+02 2.1839e+02 6.0139e-01
4.4096e+02 1.7856e+02 4.7683e+02 2.0064e+02 5.7270e-01
6.5597e+02 1.7109e+02 6.7901e+02 2.1841e+02 5.5249e-01
2.9726e+02 1.8507e+02 3.5567e+02 2.0830e+02 5.4794e-01
5.9476e+02 1.7410e+02 6.1353e+02 1.9422e+02 5.4599e-01
4.4838e+02 1.7655e+02 4.7839e+02 2.0944e+02 5.4550e-01
4.8753e+02 1.6727e+02 5.2948e+02 2.4715e+02 5.4102e-01
6.4724e+02 1.7044e+02 6.6140e+02 2.1180e+02 5.3890e-01
4.5541e+02 1.7104e+02 4.7083e+02 2.1752e+02 5.3636e-01
4.4005e+02 1.7951e+02 4.8769e+02 2.0548e+02 5.3078e-01
4.2935e+02 1.8220e+02 4.6676e+02 2.0567e+02 5.2408e-01
5.8174e+02 1.7682e+02 6.0137e+02 1.9969e+02 5.2125e-01
1.7715e+02 1.8133e+02 1.9386e+02 2.2208e+02 5.2111e-01
3.1317e+02 1.8385e+02 3.6503e+02 2.0408e+02 5.1657e-01
6.5769e+02 1.7028e+02 6.7101e+02 2.0266e+02 4.9293e-01
4.4942e+02 1.6736e+02 4.6972e+02 2.2364e+02 4.9053e-01
4.2046e+02 1.6967e+02 5.4236e+02 2.3799e+02 4.8621e-01
6.8122e+02 1.6318e+02 7.0077e+02 2.1688e+02 4.8014e-01
5.1244e+02 1.7725e+02 5.3616e+02 1.9336e+02 4.6980e-01
4.3497e+02 1.7972e+02 4.4692e+02 2.1792e+02 4.6762e-01
6.7287e+02 1.5976e+02 6.9551e+02 2.2053e+02 4.6738e-01
4.3066e+02 1.6724e+02 5.2722e+02 2.5141e+02 4.5388e-01
5.1222e+02 1.7952e+02 5.3323e+02 2.0469e+02 4.5205e-01
5.9352e+02 1.7732e+02 6.1428e+02 1.9853e+02 4.3283e-01
4.7197e+02 1.6177e+02 5.2048e+02 2.4199e+02 4.1884e-01
5.1255e+02 1.7240e+02 5.2786e+02 2.1754e+02 4.1472e-01
5.9566e+02 1.7158e+02 6.1096e+02 1.9799e+02 4.1211e-01
4.5162e+02 1.7757e+02 4.8845e+02 2.1521e+02 3.9974e-01
6.4525e+02 1.7669e+02 6.7976e+02 1.9902e+02 3.9406e-01
4.5356e+02 1.6774e+02 4.7447e+02 2.2676e+02 3.8884e-01
6.4165e+02 1.7284e+02 6.5944e+02 1.9869e+02 3.8169e-01
4.3117e+02 1.7740e+02 4.4106e+02 2.0860e+02 3.7380e-01
5.0907e+02 1.7873e+02 5.2951e+02 1.9592e+02 3.7227e-01
4.5965e+02 1.6969e+02 4.9025e+02 2.3644e+02 3.6961e-01
1.8014e+02 1.8456e+02 1.9621e+02 2.2430e+02 3.6703e-01
4.5942e+02 1.7788e+02 4.9946e+02 2.1437e+02 3.6496e-01
4.6606e+02 1.7854e+02 5.0831e+02 2.1499e+02 3.6026e-01
4.5086e+02 1.7775e+02 4.7411e+02 2.0311e+02 3.5631e-01
4.4323e+02 1.8089e+02 4.6093e+02 2.2677e+02 3.4483e-01
5.2479e+01 1.7211e+02 1.3729e+02 3.3333e+02 3.3803e-01
3.0578e+02 1.8290e+02 3.5549e+02 2.1523e+02 3.3538e-01
4.7452e+02 1.6876e+02 4.9340e+02 2.2370e+02 3.1869e-01
4.3796e+02 1.7603e+02 4.6975e+02 1.9642e+02 3.1821e-01
4.4837e+02 1.7888e+02 4.9820e+02 2.0701e+02 3.1580e-01
3.0557e+02 1.8194e+02 3.6942e+02 2.2159e+02 3.1018e-01
4.3378e+02 1.7875e+02 4.5190e+02 2.0105e+02 3.0951e-01
4.6175e+02 1.7218e+02 4.8079e+02 2.2395e+02 3.0722e-01
7.2695e+00 1.7615e+02 2.5083e+01 2.3205e+02 3.0702e-01
6.5031e+02 1.7123e+02 6.6524e+02 2.1413e+02 3.0572e-01
5.1514e+02 1.7257e+02 5.3177e+02 2.2130e+02 2.9482e-01
4.5694e+02 1.7110e+02 4.6914e+02 2.0713e+02 2.9389e-01
4.6623e+02 1.7068e+02 4.8489e+02 2.2273e+02 2.9071e-01
5.1696e+02 1.7423e+02 5.2974e+02 2.1482e+02 2.9034e-01
1.0158e+01 1.9148e+02 2.9788e+01 2.4887e+02 2.8682e-01
4.4090e+02 1.8171e+02 4.5663e+02 2.2574e+02 2.8417e-01
6.8560e+01 1.7589e+02 1.4242e+02 3.2034e+02 2.7315e-01
4.4432e+02 1.7038e+02 4.7023e+02 2.3007e+02 2.7174e-01
5.0359e+00 1.7740e+02 2.0632e+01 2.3035e+02 2.6453e-01
5.1946e+02 1.7976e+02 5.4334e+02 1.9727e+02 2.6353e-01
4.7055e+02 1.7004e+02 4.8979e+02 2.2488e+02 2.5796e-01
4.5421e+02 1.7768e+02 4.7969e+02 2.0350e+02 2.5716e-01
5.1622e+02 1.8022e+02 5.3685e+02 2.0420e+02 2.5300e-01
5.7820e+02 1.7740e+02 5.9608e+02 1.9806e+02 2.4865e-01
1.7356e+02 1.8289e+02 1.9041e+02 2.2723e+02 2.4002e-01
3.5118e+00 1.9858e+02 1.0509e+02 2.5275e+02 2.3837e-01
5.1713e+02 1.7733e+02 5.3893e+02 1.9555e+02 2.3736e-01
3.1214e+02 1.7622e+02 3.4306e+02 2.3452e+02 2.3477e-01
1.0555e+01 1.7602e+02 2.8993e+01 2.3190e+02 2.3341e-01
6.7293e+02 1.6809e+02 6.9550e+02 2.0187e+02 2.3267e-01
4.6780e+02 1.7532e+02 5.0367e+02 2.0955e+02 2.3238e-01
6.6590e+02 1.6462e+02 6.8696e+02 2.1743e+02 2.2969e-01
4.3684e+02 1.7851e+02 4.6659e+02 2.1518e+02 2.2849e-01
1.1556e+01 1.9002e+02 1.8962e+02 2.6112e+02 2.2577e-01
7.1083e+01 2.0261e+02 1.8955e+02 2.6518e+02 2.2565e-01
4.5007e+02 1.7889e+02 4.8836e+02 1.9985e+02 2.2536e-01
4.5105e+02 1.7262e+02 4.7999e+02 2.3938e+02 2.2459e-01
4.7634e+02 1.7619e+02 5.1335e+02 2.0901e+02 2.2398e-01
4.6607e+02 1.7833e+02 5.2137e+02 2.6625e+02 2.2339e-01
5.0676e+02 1.7919e+02 5.2829e+02 1.9950e+02 2.2311e-01
4.6889e+02 1.8371e+02 5.4414e+02 2.4157e+02 2.2247e-01
5.9800e+02 1.7738e+02 6.1765e+02 1.9768e+02 2.2214e-01
5.1169e+02 1.8038e+02 5.4034e+02 2.0224e+02 2.1722e-01
4.6620e+02 1.7319e+02 5.3867e+02 2.1852e+02 2.1524e-01
6.6017e+02 1.7087e+02 6.8043e+02 2.0626e+02 2.1267e-01
4.6018e+02 1.7080e+02 4.7407e+02 2.0952e+02 2.1195e-01
4.6998e+02 1.7815e+02 5.1695e+02 2.0629e+02 2.1111e-01
4.4006e+02 1.7137e+02 4.5162e+02 2.0417e+02 2.0678e-01
4.3300e+02 1.8236e+02 4.4358e+02 2.1729e+02 2.0670e-01
4.9453e+02 1.7032e+02 5.3430e+02 2.5516e+02 2.0257e-01
0.0000e+00 1.8600e+02 2.1555e+02 3.0695e+02 2.0255e-01
5.1037e+02 1.7181e+02 5.2510e+02 2.1627e+02 1.9893e-01
4.2974e+02 1.7292e+02 4.7283e+02 2.1545e+02 1.9787e-01
4.6220e+02 1.6440e+02 5.0397e+02 2.3606e+02 1.9711e-01
0.0000e+00 1.7627e+02 9.2998e+00 2.2734e+02 1.9654e-01
4.3868e+02 1.7495e+02 4.5779e+02 1.9730e+02 1.9601e-01
5.9088e+02 1.8026e+02 6.1267e+02 2.0102e+02 1.9556e-01
6.5016e+02 1.7264e+02 6.6989e+02 1.9749e+02 1.9256e-01
5.2106e+02 1.7711e+02 5.4215e+02 1.9495e+02 1.9204e-01
4.8044e+02 1.7875e+02 5.0681e+02 2.0169e+02 1.9196e-01
7.9280e+00 1.9119e+02 2.6372e+01 2.4193e+02 1.8856e-01
3.0210e+02 1.8448e+02 3.5777e+02 2.0313e+02 1.8771e-01
4.8616e+02 1.7568e+02 5.3892e+02 2.3135e+02 1.8661e-01
1.3440e+00 1.7744e+02 1.6026e+01 2.3116e+02 1.8501e-01
6.4396e+02 1.7495e+02 6.7458e+02 1.9567e+02 1.8463e-01
4.7972e+02 1.6843e+02 4.9665e+02 2.2091e+02 1.8439e-01
8.4293e+01 1.8253e+02 1.5413e+02 3.1471e+02 1.7178e-01
5.4898e+00 2.0018e+02 3.5930e+01 2.3453e+02 1.7165e-01
4.6589e+02 1.8063e+02 5.1968e+02 2.1180e+02 1.6993e-01
2.9663e+02 1.9075e+02 3.5474e+02 2.2153e+02 1.6930e-01
5.8385e+02 1.7463e+02 6.0243e+02 1.9477e+02 1.6856e-01
0.0000e+00 1.8221e+02 1.2003e+01 2.3266e+02 1.6835e-01
6.1822e+00 1.9125e+02 2.1930e+01 2.4437e+02 1.6445e-01
0.0000e+00 1.8785e+02 8.5458e+00 2.3815e+02 1.6312e-01
4.7641e+02 1.7810e+02 5.0119e+02 2.0127e+02 1.6304e-01
8.9985e+01 1.9729e+02 1.8929e+02 2.5850e+02 1.6183e-01
1.8420e+02 1.8644e+02 1.9891e+02 2.2362e+02 1.6067e-01
4.3157e+02 1.8236e+02 4.5099e+02 2.1054e+02 1.5963e-01
4.5316e+02 1.7719e+02 5.0287e+02 2.5413e+02 1.5832e-01
3.1760e+02 1.7651e+02 3.5109e+02 2.3400e+02 1.5495e-01
1.3502e+01 1.9711e+02 1.1365e+02 2.3899e+02 1.5443e-01
4.5596e+02 1.7420e+02 4.8087e+02 2.3661e+02 1.5378e-01
4.3496e+02 1.7616e+02 4.6396e+02 1.9476e+02 1.4899e-01
1.7218e+02 1.8549e+02 1.9957e+02 2.1585e+02 1.4342e-01
1.7241e+00 1.8873e+02 1.6005e+01 2.3904e+02 1.4278e-01
5.1430e+02 1.7384e+02 5.2643e+02 2.0706e+02 1.3851e-01
4.3509e+01 1.7065e+02 1.2785e+02 3.0428e+02 1.3641e-01
4.7190e+02 1.7747e+02 4.9677e+02 2.0187e+02 1.3585e-01
4.7677e+02 1.7427e+02 5.3287e+02 2.6007e+02 1.3435e-01
5.1982e+02 1.8022e+02 5.4067e+02 2.0326e+02 1.3386e-01
4.6465e+02 1.7019e+02 4.8776e+02 2.3104e+02 1.3370e-01
3.0096e+01 1.8292e+02 1.1697e+02 3.2706e+02 1.3271e-01
3.3189e+02 1.7484e+02 3.5401e+02 2.1926e+02 1.3253e-01
5.0585e+02 1.7141e+02 5.2151e+02 2.1490e+02 1.3152e-01
4.5784e+02 1.7789e+02 4.8516e+02 2.0302e+02 1.3028e-01
4.7148e+02 1.7850e+02 5.0330e+02 1.9842e+02 1.2967e-01
5.1074e+02 1.6948e+02 5.3096e+02 2.3043e+02 1.2911e-01
5.2102e+02 1.7394e+02 5.3318e+02 2.1161e+02 1.2835e-01
5.0499e+02 1.7746e+02 5.3004e+02 2.0574e+02 1.2413e-01
5.9658e+02 1.7060e+02 6.1550e+02 1.9056e+02 1.2134e-01
4.8486e+02 1.6769e+02 4.9973e+02 2.1170e+02 1.1771e-01
4.4300e+02 1.7696e+02 4.7443e+02 1.9620e+02 1.1739e-01
5.0100e+02 1.6624e+02 5.3489e+02 2.4411e+02 1.1700e-01
3.3808e+00 2.0171e+02 1.2702e+02 2.6333e+02 1.1626e-01
4.5654e+02 1.7831e+02 4.9523e+02 1.9928e+02 1.1446e-01
3.9387e+01 2.1072e+02 1.9818e+02 2.9631e+02 1.1359e-01
5.8430e+02 1.7222e+02 5.9660e+02 2.0186e+02 1.1283e-01
1.7571e+02 1.8850e+02 1.9321e+02 2.3647e+02 1.1235e-01
2.2210e+00 1.8826e+02 3.5823e+01 3.0103e+02 1.1233e-01
5.9700e+02 1.7436e+02 6.0981e+02 2.0233e+02 1.1209e-01
1.8563e+02 1.9162e+02 1.9970e+02 2.3017e+02 1.1069e-01
1.8085e+02 1.9035e+02 1.9683e+02 2.3264e+02 1.1058e-01
4.5226e+02 1.7268e+02 4.7602e+02 2.3652e+02 1.0846e-01
2.9094e+02 1.8885e+02 3.4976e+02 2.1767e+02 1.0641e-01
4.2824e+02 1.8074e+02 4.5470e+02 1.9834e+02 1.0555e-01
4.5374e+02 1.8070e+02 5.0813e+02 2.1281e+02 1.0525e-01
4.5955e+02 1.7774e+02 5.0745e+02 2.0561e+02 1.0478e-01
4.3911e+02 1.6873e+02 4.6496e+02 2.2243e+02 1.0083e-01
4.7700e+02 1.6997e+02 4.9100e+02 2.0783e+02 1.0047e-01
5.9411e+02 1.7292e+02 6.1338e+02 1.8845e+02 1.0037e-01
5.1370e+02 1.7243e+02 5.3391e+02 2.3432e+02 1.0027e-01
6.6834e+02 1.6839e+02 6.8795e+02 2.0214e+02 9.9084e-02
5.0772e+02 1.6958e+02 5.2708e+02 2.2570e+02 9.8321e-02
5.0763e+02 1.7746e+02 5.3224e+02 1.9267e+02 9.7743e-02
0.0000e+00 2.0554e+02 8.5664e+01 2.5983e+02 9.7064e-02
4.6437e+02 1.7029e+02 4.7835e+02 2.0848e+02 9.5295e-02
1.7168e+02 1.8610e+02 1.9032e+02 2.3724e+02 9.4588e-02
3.1953e+00 2.0250e+02 5.4462e+01 2.6009e+02 9.3557e-02
1.8106e+00 2.0173e+02 4.3744e+01 2.2603e+02 9.2012e-02
4.6688e+02 1.7687e+02 4.9352e+02 2.0251e+02 9.0751e-02
5.0209e+02 1.7988e+02 5.3125e+02 1.9775e+02 9.0010e-02
4.8129e+02 1.6897e+02 4.9481e+02 2.0648e+02 8.7519e-02
5.1201e+02 1.7259e+02 5.2417e+02 2.0608e+02 8.7296e-02
1.4285e+01 1.7730e+02 3.2056e+01 2.2952e+02 8.7030e-02
5.1778e+02 1.7457e+02 5.2855e+02 2.0637e+02 8.6593e-02
5.1109e+02 1.7477e+02 5.3763e+02 1.9069e+02 8.6391e-02
3.0587e+02 1.9158e+02 3.6716e+02 2.2160e+02 8.5405e-02
4.8544e+02 1.7672e+02 5.2162e+02 2.0835e+02 8.3488e-02
8.8372e+01 1.9371e+02 1.9928e+02 2.8715e+02 8.3343e-02
6.8639e+02 1.6853e+02 7.0125e+02 2.0984e+02 8.2429e-02
3.9655e+00 1.9803e+02 3.1489e+01 2.2960e+02 8.2051e-02
5.1013e+02 1.8002e+02 5.3461e+02 2.1073e+02 8.0251e-02
4.8232e+02 1.7926e+02 5.1730e+02 2.0011e+02 8.0099e-02
4.8837e+02 1.6818e+02 5.0420e+02 2.1253e+02 7.8699e-02
0.0000e+00 1.9678e+02 9.1366e+01 2.3794e+02 7.8351e-02
4.8075e+02 1.7313e+02 5.4401e+02 2.1334e+02 7.7122e-02
4.7258e+02 1.6898e+02 4.8759e+02 2.1041e+02 7.6223e-02
7.9782e+00 1.9766e+02 9.5827e+01 2.6696e+02 7.4866e-02
6.4112e+02 1.6963e+02 6.5230e+02 2.0088e+02 7.4157e-02
4.5063e+02 1.6866e+02 4.7709e+02 2.2630e+02 7.3725e-02
1.7091e+02 1.9074e+02 2.0011e+02 2.2264e+02 7.3136e-02
1.1605e+01 1.8684e+02 2.9503e+01 2.3753e+02 7.2950e-02
1.4292e+01 1.9415e+02 3.2477e+01 2.4522e+02 7.1854e-02
6.5275e+02 1.7278e+02 6.7026e+02 2.1722e+02 7.1741e-02
5.0337e+02 1.7116e+02 5.2329e+02 2.2396e+02 7.0149e-02
6.4324e+02 1.7100e+02 6.5733e+02 2.1247e+02 6.9850e-02
4.2724e+02 1.8492e+02 5.5209e+02 2.5792e+02 6.9565e-02
5.8127e+01 1.9529e+02 1.5221e+02 3.3651e+02 6.9502e-02
4.4060e+02 1.6705e+02 4.5486e+02 2.0381e+02 6.9355e-02
4.7899e+02 1.7898e+02 5.2332e+02 2.1290e+02 6.9074e-02
4.6839e+02 1.6898e+02 4.8298e+02 2.0914e+02 6.8588e-02
4.9511e+02 1.7937e+02 5.2755e+02 1.9812e+02 6.7882e-02
5.3186e+00 1.9406e+02 4.2937e+01 2.8487e+02 6.7831e-02
9.1424e+00 1.9766e+02 3.1754e+01 2.6198e+02 6.7068e-02
4.5123e+02 1.5679e+02 5.1793e+02 2.8105e+02 6.6852e-02
6.4109e+02 1.7645e+02 6.6948e+02 1.9654e+02 6.6657e-02
5.0803e+02 1.7939e+02 5.3212e+02 2.4331e+02 6.6502e-02
2.9901e+02 1.8409e+02 3.4428e+02 2.0393e+02 6.5647e-02
4.7177e+02 1.4429e+02 5.3717e+02 2.6214e+02 6.4483e-02
4.9406e+02 1.7035e+02 5.1398e+02 2.2160e+02 6.4222e-02
4.4922e+02 1.8025e+02 4.7044e+02 2.3432e+02 6.3574e-02
3.0358e+02 1.8155e+02 3.3994e+02 2.3770e+02 6.3149e-02
0.0000e+00 1.9058e+02 1.1856e+01 2.4267e+02 6.2698e-02
4.2914e+02 1.7348e+02 4.3904e+02 2.0715e+02 6.2673e-02
5.9986e+02 1.6908e+02 6.1234e+02 1.9751e+02 6.2451e-02
4.4602e+02 1.8129e+02 4.6482e+02 2.3185e+02 6.1288e-02
2.5841e+02 1.7996e+02 3.8855e+02 2.3512e+02 6.1044e-02
0.0000e+00 2.0014e+02 8.0046e+01 2.4953e+02 6.0790e-02
6.5225e+02 1.6127e+02 6.8116e+02 2.1638e+02 5.9971e-02
6.3733e+02 1.7289e+02 6.5614e+02 1.9593e+02 5.9940e-02
5.9970e+02 1.7217e+02 6.1834e+02 1.9226e+02 5.9719e-02
2.9425e+02 1.8688e+02 3.4669e+02 2.1271e+02 5.9698e-02
5.1517e+02 1.7514e+02 5.4162e+02 1.8998e+02 5.9383e-02
4.9469e+02 1.6487e+02 5.2932e+02 2.3602e+02 5.9217e-02
1.0660e+02 1.9716e+02 1.8659e+02 2.3991e+02 5.8429e-02
3.2940e+01 1.7481e+02 1.1383e+02 2.9510e+02 5.8098e-02
3.2262e+02 1.8185e+02 3.6403e+02 2.1114e+02 5.7862e-02
6.6544e+02 1.6032e+02 6.9640e+02 2.1823e+02 5.6966e-02
4.8722e+02 1.7841e+02 5.3076e+02 2.0562e+02 5.5325e-02
5.8254e+02 1.8546e+02 6.1076e+02 2.0619e+02 5.4589e-02
1.0244e+02 1.8402e+02 1.7209e+02 3.0579e+02 5.4437e-02
1.6948e+02 1.8202e+02 1.8606e+02 2.2597e+02 5.4426e-02
5.7665e+00 1.8527e+02 3.3967e+01 2.1793e+02 5.4307e-02
6.4962e+02 1.7409e+02 6.8114e+02 1.9492e+02 5.4204e-02
0.0000e+00 1.8452e+02 1.2935e+01 2.1644e+02 5.3923e-02
4.6412e+02 1.7545e+02 4.9361e+02 1.9339e+02 5.3719e-02
6.2531e+00 1.9316e+02 1.2921e+02 2.8750e+02 5.3650e-02
4.5518e+02 1.7670e+02 4.7782e+02 1.9760e+02 5.3583e-02
1.2929e+01 2.2844e+02 1.8320e+02 3.0346e+02 5.3165e-02
4.8601e+01 2.0907e+02 1.7428e+02 2.6954e+02 5.2978e-02
4.7225e+02 1.7589e+02 4.9403e+02 1.9630e+02 5.2239e-02
8.9808e+01 1.7979e+02 1.5953e+02 2.8907e+02 5.1913e-02
5.0049e+02 1.7032e+02 5.1782e+02 2.1560e+02 5.0803e-02
1.2253e+00 2.0369e+02 4.7447e+01 2.3126e+02 4.9692e-02
4.5922e+02 1.7687e+02 4.8282e+02 1.9696e+02 4.9289e-02
3.0902e+00 2.0102e+02 2.7534e+01 2.3258e+02 4.9177e-02
4.7986e+02 1.7660e+02 5.0333e+02 1.9645e+02 4.9002e-02
5.8414e+02 1.7781e+02 6.0268e+02 2.1021e+02 4.8936e-02
4.3603e+02 1.8336e+02 4.5693e+02 2.1495e+02 4.8808e-02
4.4791e+02 1.7691e+02 4.8004e+02 1.9534e+02 4.7611e-02
4.9802e+02 1.6989e+02 5.1883e+02 2.2444e+02 4.7385e-02
4.6658e+02 1.7621e+02 4.9024e+02 1.9715e+02 4.7205e-02
4.4345e+02 1.7693e+02 4.7758e+02 2.1663e+02 4.5727e-02
4.2656e+02 1.8338e+02 4.7509e+02 2.0860e+02 4.5588e-02
0.0000e+00 1.9317e+02 1.2228e+01 2.2377e+02 4.5075e-02
4.7187e+02 1.7587e+02 5.0004e+02 1.9305e+02 4.4941e-02
5.2240e+01 1.9067e+02 2.0333e+02 2.5578e+02 4.4820e-02
4.7595e+02 1.7565e+02 5.0566e+02 1.9361e+02 4.4267e-02
3.1503e+01 2.0498e+02 1.5895e+02 2.6577e+02 4.4207e-02
5.0045e+02 1.7892e+02 5.3667e+02 2.0383e+02 4.4197e-02
3.1016e+02 1.7304e+02 3.5140e+02 2.2465e+02 4.4138e-02
3.2439e+00 1.9085e+02 2.9872e+01 2.2260e+02 4.4090e-02
5.2395e+02 1.7406e+02 5.3737e+02 2.1128e+02 4.3925e-02
4.9107e+02 1.6973e+02 5.0900e+02 2.1873e+02 4.3899e-02
4.5581e+02 1.7620e+02 4.8864e+02 1.9351e+02 4.3387e-02
4.4840e+02 1.5210e+02 5.0039e+02 2.6077e+02 4.3367e-02
0.0000e+00 1.6630e+02 1.7944e+01 2.5940e+02 4.2975e-02
6.4500e+02 1.7628e+02 6.6557e+02 2.0891e+02 4.2859e-02
6.5756e+02 1.6146e+02 6.8838e+02 2.1690e+02 4.2852e-02
5.0871e+02 1.7210e+02 5.2044e+02 2.0622e+02 4.2595e-02
4.7596e+02 1.7638e+02 4.9802e+02 1.9600e+02 4.1813e-02
5.2073e+02 1.7469e+02 5.4330e+02 1.9203e+02 4.1268e-02
4.2525e+02 1.7157e+02 4.3538e+02 2.0702e+02 4.0920e-02
5.7574e+02 1.6953e+02 6.1962e+02 2.0626e+02 4.0657e-02
4.4342e+02 1.7594e+02 4.6241e+02 1.9642e+02 4.0107e-02
5.8949e+02 1.7377e+02 6.0956e+02 1.8917e+02 3.9824e-02
4.3626e+02 1.7004e+02 4.4680e+02 2.0505e+02 3.9821e-02
3.3352e+02 1.7800e+02 3.5930e+02 2.2357e+02 3.9125e-02
6.4649e+02 1.6492e+02 6.5973e+02 2.0074e+02 3.9087e-02
1.8821e+02 1.8914e+02 2.0125e+02 2.2739e+02 3.8900e-02
6.5331e+02 1.6753e+02 6.6697e+02 2.0208e+02 3.8894e-02
6.4249e+00 1.9657e+02 3.5472e+01 2.2637e+02 3.7873e-02
4.5950e+02 1.8051e+02 5.0755e+02 2.2551e+02 3.6698e-02
6.4894e+02 1.7851e+02 6.7390e+02 2.1482e+02 3.6021e-02
6.5699e+02 1.7200e+02 6.7571e+02 1.9788e+02 3.5493e-02
1.6138e+02 1.8856e+02 2.0991e+02 2.1174e+02 3.4148e-02
2.4915e+02 1.7547e+02 2.8177e+02 1.9264e+02 3.3460e-02
4.4034e+02 1.7973e+02 4.7169e+02 2.2061e+02 3.3397e-02
3.3968e+02 1.7707e+02 3.6107e+02 2.2047e+02 3.3295e-02
5.0368e+02 1.7815e+02 5.2462e+02 1.9509e+02 3.3286e-02
1.6450e+02 1.9374e+02 2.1088e+02 2.1887e+02 3.3044e-02
6.7121e+02 1.5896e+02 7.0211e+02 2.1892e+02 3.2709e-02
2.8778e+02 1.8343e+02 3.5156e+02 2.2175e+02 3.0764e-02
8.5493e-01 1.7928e+02 2.5394e+01 2.8122e+02 3.0343e-02
2.9424e+02 1.9696e+02 3.5619e+02 2.2545e+02 3.0319e-02
3.2483e+02 1.8286e+02 3.6161e+02 2.0511e+02 3.0279e-02
3.2092e+02 1.8793e+02 3.7063e+02 2.1676e+02 3.0244e-02
3.2442e+02 1.7407e+02 3.4459e+02 2.2034e+02 2.9847e-02
0.0000e+00 1.9705e+02 4.3012e+01 2.5381e+02 2.9800e-02
5.1760e+02 1.7124e+02 5.3569e+02 2.2306e+02 2.9715e-02
1.3895e+00 1.8406e+02 2.6118e+01 2.1887e+02 2.9698e-02
6.7065e+02 1.6593e+02 6.9632e+02 2.1236e+02 2.9653e-02
0.0000e+00 1.1409e+02 3.0858e+02 3.7500e+02 2.9632e-02
0.0000e+00 1.8515e+02 1.4618e+02 2.6078e+02 2.9597e-02
6.5722e+02 1.6345e+02 7.0240e+02 2.1760e+02 2.8794e-02
5.9613e+02 1.6969e+02 6.1726e+02 1.8628e+02 2.8203e-02
4.5999e+02 1.1877e+02 5.3545e+02 2.6812e+02 2.8012e-02
1.0694e+02 1.7596e+02 1.7563e+02 2.8340e+02 2.7881e-02
4.8481e+02 1.6875e+02 4.9825e+02 2.0167e+02 2.7543e-02
4.4177e+02 1.9441e+02 5.4078e+02 2.5269e+02 2.7139e-02
2.9008e+02 1.8013e+02 3.5498e+02 2.1465e+02 2.7057e-02
3.2170e+02 1.7422e+02 3.4085e+02 2.1914e+02 2.6985e-02
6.0003e+02 1.6852e+02 6.1935e+02 1.8894e+02 2.5523e-02
6.7835e+02 1.6856e+02 6.9828e+02 2.0223e+02 2.5109e-02
0.0000e+00 1.7737e+02 1.7005e+01 2.7939e+02 2.5106e-02
1.6861e+02 1.8532e+02 1.8654e+02 2.3685e+02 2.4774e-02
4.4516e+02 1.7043e+02 4.7425e+02 2.4615e+02 2.4754e-02
2.5655e+00 1.7653e+02 3.3780e+01 2.7133e+02 2.4583e-02
3.2902e+02 1.7362e+02 3.4881e+02 2.1981e+02 2.4456e-02
5.0528e+02 1.7637e+02 5.2697e+02 1.9272e+02 2.4336e-02
6.4860e+02 1.6403e+02 6.9400e+02 2.1727e+02 2.4294e-02
4.1842e+02 1.6954e+02 4.2938e+02 2.0814e+02 2.4165e-02
4.3957e+02 1.6203e+02 4.7132e+02 2.2475e+02 2.3600e-02
6.7071e+02 1.6748e+02 6.9291e+02 1.9731e+02 2.3131e-02
7.1361e+00 1.7990e+02 4.1492e+01 2.6684e+02 2.2874e-02
6.5137e+02 1.7654e+02 6.8164e+02 2.1899e+02 2.2689e-02
1.1953e+02 1.9533e+02 1.9668e+02 2.3481e+02 2.2276e-02
6.5622e+02 1.7577e+02 6.9101e+02 1.9927e+02 2.2227e-02
6.6864e+01 2.0551e+02 2.0839e+02 2.8974e+02 2.2143e-02
6.5456e+00 1.9039e+02 1.1607e+02 2.3019e+02 2.1566e-02
6.5833e+02 1.7346e+02 6.9013e+02 1.9512e+02 2.1485e-02
3.0212e+02 1.7357e+02 3.3466e+02 2.3192e+02 2.1433e-02
0.0000e+00 1.8779e+02 1.8876e+01 2.1256e+02 2.1338e-02
1.5448e+01 1.8762e+02 3.2185e+01 2.3560e+02 2.1129e-02
3.2606e+02 1.8586e+02 3.6554e+02 2.2003e+02 2.0607e-02
1.8387e+01 1.8339e+02 9.5981e+01 3.0681e+02 2.0574e-02
4.6835e+02 1.7171e+02 4.9386e+02 2.3403e+02 2.0491e-02
3.1516e+02 1.7397e+02 3.3466e+02 2.1584e+02 2.0431e-02
0.0000e+00 1.9766e+02 2.1402e+01 2.2871e+02 2.0341e-02
4.2966e+02 1.8223e+02 4.4014e+02 2.1819e+02 2.0324e-02
4.1391e+02 1.7155e+02 4.2577e+02 2.0955e+02 2.0320e-02
0.0000e+00 2.0051e+02 1.1756e+01 2.3088e+02 2.0288e-02
2.3165e+00 2.0405e+02 4.6275e+01 2.7226e+02 2.0119e-02
5.0476e+02 1.7508e+02 5.3091e+02 1.9027e+02 1.9587e-02
1.7835e+02 1.9039e+02 2.0209e+02 2.1908e+02 1.9527e-02
5.8512e+02 1.6930e+02 6.0061e+02 2.0137e+02 1.9510e-02
3.0388e+02 1.8216e+02 3.4350e+02 2.0876e+02 1.9261e-02
4.8166e+02 1.6592e+02 5.0265e+02 2.2410e+02 1.9205e-02
0.0000e+00 1.9212e+02 1.8494e+01 2.1654e+02 1.8980e-02
3.6584e+01 1.3698e+02 1.6133e+02 3.3981e+02 1.8789e-02
5.2248e+02 1.7707e+02 5.4727e+02 1.9210e+02 1.8749e-02
2.5060e+02 1.7845e+02 2.8279e+02 1.9505e+02 1.8690e-02
6.4105e+02 1.8019e+02 6.8221e+02 2.0472e+02 1.8653e-02
4.7621e+02 1.7402e+02 5.0309e+02 1.8948e+02 1.8648e-02
0.0000e+00 1.8942e+02 2.1300e+01 2.2216e+02 1.8577e-02
4.7970e+02 1.7414e+02 5.0100e+02 1.9199e+02 1.8485e-02
6.3755e+02 1.7488e+02 6.6480e+02 1.9345e+02 1.8467e-02
0.0000e+00 1.8098e+02 2.4279e+01 2.3799e+02 1.8452e-02
4.2599e+02 1.8569e+02 4.6321e+02 2.0704e+02 1.8327e-02
4.2669e+02 1.7493e+02 4.3632e+02 2.0907e+02 1.8299e-02
4.2001e+02 1.7493e+02 4.8290e+02 2.0837e+02 1.8297e-02
5.0087e+02 1.7737e+02 5.3157e+02 2.1260e+02 1.8270e-02
4.7054e+02 1.6440e+02 5.0729e+02 2.2790e+02 1.8252e-02
6.4733e+02 1.6127e+02 6.7300e+02 2.1968e+02 1.8192e-02
6.0812e-02 2.0412e+02 3.6103e+01 2.2907e+02 1.7907e-02
4.4834e+02 1.1859e+02 5.2064e+02 2.6611e+02 1.7835e-02
0.0000e+00 1.8811e+02 4.2469e+01 2.1311e+02 1.7718e-02
1.8062e+01 1.7872e+02 3.6150e+01 2.2701e+02 1.7464e-02
4.6063e+01 2.0177e+02 1.7863e+02 2.8523e+02 1.7238e-02
4.6973e+02 1.7378e+02 4.9858e+02 1.9006e+02 1.7201e-02
3.0373e+02 1.7050e+02 3.4536e+02 2.3058e+02 1.7182e-02
0.0000e+00 1.8542e+02 3.9477e+01 2.3008e+02 1.7086e-02
5.2531e+02 1.7195e+02 5.3858e+02 2.0044e+02 1.7050e-02
4.9292e+02 1.6894e+02 5.0728e+02 2.0694e+02 1.6829e-02
5.6187e+00 2.0507e+02 3.9086e+01 2.4621e+02 1.6793e-02
4.9701e+02 1.7668e+02 5.2425e+02 1.9264e+02 1.6672e-02
4.7840e+02 1.6065e+02 5.1592e+02 2.2999e+02 1.6572e-02
0.0000e+00 1.9795e+02 3.8809e+01 2.2188e+02 1.6525e-02
4.9468e+02 1.8063e+02 5.2607e+02 2.3868e+02 1.6368e-02
5.2584e+02 1.7847e+02 5.4627e+02 1.9650e+02 1.6328e-02
4.4006e+02 1.8514e+02 4.5200e+02 2.2902e+02 1.6312e-02
0.0000e+00 2.0679e+02 4.2536e+01 2.3480e+02 1.6291e-02
0.0000e+00 2.1115e+02 6.9034e+01 2.6236e+02 1.6139e-02
7.6479e+01 1.9473e+02 1.6427e+02 3.2559e+02 1.6101e-02
3.5243e+00 1.9924e+02 4.8906e+01 2.2250e+02 1.6062e-02
3.1045e+02 1.7533e+02 3.3219e+02 2.2265e+02 1.5901e-02
0.0000e+00 1.7717e+02 3.9276e+01 2.2183e+02 1.5832e-02
5.2146e+02 1.7198e+02 5.3381e+02 2.0147e+02 1.5649e-02
4.8785e+02 1.7467e+02 5.1838e+02 2.3654e+02 1.5619e-02
2.8793e+02 1.9583e+02 3.6275e+02 2.2977e+02 1.5575e-02
0.0000e+00 1.5621e+02 2.4924e+01 2.5719e+02 1.5570e-02
0.0000e+00 1.9617e+02 6.4074e+01 2.3688e+02 1.5355e-02
1.3947e+02 1.8117e+02 2.1902e+02 2.2043e+02 1.4767e-02
3.0046e+02 1.9007e+02 3.6953e+02 2.2856e+02 1.2974e-02
4.4072e+02 1.8726e+02 5.2574e+02 2.4675e+02 1.2853e-02
1.1189e+02 1.9687e+02 2.0232e+02 2.4868e+02 1.2703e-02
2.5441e+01 1.9895e+02 1.4092e+02 2.5887e+02 1.2636e-02
3.3962e+01 1.9643e+02 1.3223e+02 2.4170e+02 1.2512e-02
4.5512e+02 1.7207e+02 5.1856e+02 2.0617e+02 1.2321e-02
5.5467e+01 1.9998e+02 1.6775e+02 2.5597e+02 1.2216e-02
1.1816e+02 1.8338e+02 1.8651e+02 3.0572e+02 1.2157e-02
0.0000e+00 1.9287e+02 3.6272e+01 2.3740e+02 1.2086e-02
7.9075e+00 2.0811e+02 1.6013e+02 3.0155e+02 1.2010e-02
0.0000e+00 2.8005e+02 2.9332e+01 3.7500e+02 1.1955e-02
1.1555e+02 1.8834e+02 1.9058e+02 2.5437e+02 1.1492e-02
4.3795e+02 1.4720e+02 5.4674e+02 2.4157e+02 1.1348e-02
5.8416e+02 1.6177e+02 6.1351e+02 2.2221e+02 1.0975e-02
5.8750e+01 1.6394e+02 1.3664e+02 2.8833e+02 1.0885e-02
4.4358e+02 1.8023e+02 5.0854e+02 2.4784e+02 1.0809e-02
1.2577e+02 1.7960e+02 1.7662e+02 2.7709e+02 1.0575e-02
4.7299e+02 1.5792e+02 5.3369e+02 2.9208e+02 1.0531e-02
0.0000e+00 9.5154e-02 1.4463e+02 3.7500e+02 1.0394e-02
5.0616e+02 1.6328e+02 5.3461e+02 2.3296e+02 1.0387e-02
1.0798e+01 1.8849e+02 5.5717e+01 2.7909e+02 1.0221e-02
4.5581e+02 1.6031e+02 4.8845e+02 2.2883e+02 1.0203e-02
0.0000e+00 1.9286e+02 1.0162e+02 2.8061e+02 9.7969e-03
4.5739e+02 1.6678e+02 5.6005e+02 2.5152e+02 9.6595e-03
9.1632e+01 1.7998e+02 1.4272e+02 2.9282e+02 9.5509e-03
1.3428e+02 1.8373e+02 1.8423e+02 2.8497e+02 9.5449e-03
0.0000e+00 0.0000e+00 2.1464e+02 3.7500e+02 9.5074e-03
0.0000e+00 1.0757e+02 3.5466e+01 2.8797e+02 9.4712e-03
1.4806e+02 1.8469e+02 1.8982e+02 2.8751e+02 9.2004e-03
5.0828e+02 1.6515e+02 5.3704e+02 2.5025e+02 9.0888e-03
0.0000e+00 1.9576e+02 2.1154e+01 2.5282e+02 8.8891e-03
1.9947e+01 1.9210e+02 1.1637e+02 2.5891e+02 8.6928e-03
3.2317e+02 1.7986e+02 3.5809e+02 2.4391e+02 8.5728e-03
2.7389e+02 1.7717e+02 3.6937e+02 2.4827e+02 8.4558e-03
1.7960e+00 1.8504e+02 2.5075e+01 3.1395e+02 8.4558e-03
8.9342e+01 1.7423e+02 1.3288e+02 2.8424e+02 8.4534e-03
1.7604e+01 1.9098e+02 6.7492e+01 2.8491e+02 8.0366e-03
0.0000e+00 1.6365e+02 2.4135e+01 2.2282e+02 8.0006e-03
1.3222e+02 1.9431e+02 2.0843e+02 2.3350e+02 7.8917e-03
4.8660e+02 1.6207e+02 5.2276e+02 2.2795e+02 7.8844e-03
4.0901e+02 1.7657e+02 5.4298e+02 2.5317e+02 7.8234e-03
0.0000e+00 1.3839e+02 1.6928e+01 2.3723e+02 7.5838e-03
4.4099e+02 1.6193e+02 5.7891e+02 2.3291e+02 7.5728e-03
1.1438e+02 1.8309e+02 1.7228e+02 2.8548e+02 7.3636e-03
3.1749e+02 1.8424e+02 3.7949e+02 2.2300e+02 7.2379e-03
1.3376e+02 1.8732e+02 2.0701e+02 2.2514e+02 6.9740e-03
2.9313e+02 1.5898e+02 3.4930e+02 2.8041e+02 6.9037e-03
3.9389e+02 1.6117e+02 5.4359e+02 2.3155e+02 6.8499e-03
2.7289e+02 1.6566e+02 4.0661e+02 2.2947e+02 6.7472e-03
0.0000e+00 1.9106e+02 1.5366e+01 3.0687e+02 6.7278e-03
2.5361e+02 1.8228e+02 4.0392e+02 2.4644e+02 6.6378e-03
3.2139e+02 1.7367e+02 3.6009e+02 2.2686e+02 6.4317e-03
4.4760e+02 1.7252e+02 4.8724e+02 2.5215e+02 6.4248e-03
7.3424e+01 1.6787e+02 1.5266e+02 2.8658e+02 6.3988e-03
3.1112e+02 1.7846e+02 3.7687e+02 2.1517e+02 6.1780e-03
0.0000e+00 2.0051e+02 3.2383e+01 2.4593e+02 6.1500e-03
6.4254e+02 1.6963e+02 7.0226e+02 2.1042e+02 6.1063e-03
4.3450e+02 1.6321e+02 4.5767e+02 2.2256e+02 5.9818e-03
3.6439e+01 2.1098e+02 1.6226e+02 2.8100e+02 5.9678e-03
0.0000e+00 1.9095e+02 8.2151e+01 2.3055e+02 5.7335e-03
1.0469e+02 1.8094e+02 1.5151e+02 2.7909e+02 5.7245e-03
4.3609e+02 1.7813e+02 4.8539e+02 2.3768e+02 5.5807e-03
0.0000e+00 1.5050e+02 7.9416e+01 2.3646e+02 5.5746e-03
5.6982e+02 1.6842e+02 6.2830e+02 2.0396e+02 5.5698e-03
7.8869e+01 2.0197e+02 1.9373e+02 2.8510e+02 5.4658e-03
0.0000e+00 1.6443e+02 8.0872e+01 2.5261e+02 5.4192e-03
1.5354e+02 1.7755e+02 1.8557e+02 2.5723e+02 5.3289e-03
1.1540e+03 1.7546e+02 1.2420e+03 3.7500e+02 5.3178e-03
3.0425e+02 1.5430e+02 3.6196e+02 2.8280e+02 5.2555e-03
1.0766e+02 1.9743e+02 1.9389e+02 2.7377e+02 5.2150e-03
4.7860e+02 1.1331e+02 5.4499e+02 2.6625e+02 5.2122e-03
4.0733e+02 1.5945e+02 5.0840e+02 2.4972e+02 5.2018e-03
0.0000e+00 1.4538e+02 1.5724e+02 2.9914e+02 5.1880e-03
6.2916e+01 2.1358e+02 1.8709e+02 2.7959e+02 5.1288e-03
1.3776e+02 1.9000e+02 1.9596e+02 2.3889e+02 5.0927e-03
1.3142e+02 1.8283e+02 1.7250e+02 2.6067e+02 5.0857e-03
1.2294e+02 1.7489e+02 2.1826e+02 2.1592e+02 4.9756e-03
1.6058e+02 1.8278e+02 1.9275e+02 2.7578e+02 4.8246e-03
1.2019e+03 2.8476e+02 1.2420e+03 3.7500e+02 4.7644e-03
1.6142e+02 1.7297e+02 1.9353e+02 2.4928e+02 4.6320e-03
1.1602e+02 1.8149e+02 1.6127e+02 2.7332e+02 4.6009e-03
0.0000e+00 1.4738e+02 3.1120e+01 3.1693e+02 4.5893e-03
1.2252e+03 1.8385e+02 1.2420e+03 2.9918e+02 4.3941e-03
4.0220e+02 1.5027e+02 5.5527e+02 2.2437e+02 4.3129e-03
1.0289e+02 2.0606e+02 2.0503e+02 2.6538e+02 4.2351e-03
0.0000e+00 3.1610e+02 4.1380e+01 3.7500e+02 4.2081e-03
8.6620e+01 2.0975e+02 2.0025e+02 2.7318e+02 4.1980e-03
0.0000e+00 1.8724e+02 5.2367e+01 2.3654e+02 4.1877e-03
0.0000e+00 1.4053e+02 5.0152e+01 2.4735e+02 4.1407e-03
4.9923e+02 1.7688e+02 5.4348e+02 2.2363e+02 4.0734e-03
0.0000e+00 1.8022e+02 7.6665e+01 2.6655e+02 4.0283e-03
1.4164e+02 1.7955e+02 1.7747e+02 2.5837e+02 4.0213e-03
1.0800e+03 0.0000e+00 1.2420e+03 3.7500e+02 4.0100e-03
1.4893e+02 1.8383e+02 2.0435e+02 2.3164e+02 3.9306e-03
0.0000e+00 1.4574e+02 3.2657e+01 2.5015e+02 3.8955e-03
4.7099e+02 1.7090e+02 5.3643e+02 2.0551e+02 3.8840e-03
5.6165e+01 1.3244e+02 1.8612e+02 3.4516e+02 3.7971e-03
0.0000e+00 1.6162e+02 2.4161e+02 2.8237e+02 3.7777e-03
6.7599e+02 1.5592e+02 7.0741e+02 2.2678e+02 3.7685e-03
0.0000e+00 1.3828e+02 7.2376e+01 2.1889e+02 3.6538e-03
6.4005e+02 1.6587e+02 6.8306e+02 2.1572e+02 3.6098e-03
1.2235e+03 3.3194e+02 1.2420e+03 3.7500e+02 3.5982e-03
5.5324e+00 1.6152e+02 3.9516e+01 2.5061e+02 3.4732e-03
0.0000e+00 3.2866e+02 1.5229e+01 3.7500e+02 3.4730e-03
0.0000e+00 2.0715e+02 3.3514e+01 2.5498e+02 3.4122e-03
4.7705e+01 2.3112e+02 1.7259e+02 2.9041e+02 3.2995e-03
2.9873e+02 1.8148e+02 3.3306e+02 2.3968e+02 3.2538e-03
0.0000e+00 1.9321e+02 5.6284e+01 3.7500e+02 3.2347e-03
1.1882e+03 3.1908e+02 1.2420e+03 3.7500e+02 3.2267e-03
4.3261e+02 1.3558e+02 4.8482e+02 2.7168e+02 3.1734e-03
0.0000e+00 2.3278e+02 1.5738e+02 3.0972e+02 3.1633e-03
1.6809e+02 1.7313e+02 1.9894e+02 2.4860e+02 3.1530e-03
0.0000e+00 2.0760e+02 2.2041e+01 2.6987e+02 3.0791e-03
1.2255e+03 1.6405e+02 1.2420e+03 2.7122e+02 3.0303e-03
8.4113e+00 2.0726e+02 1.3721e+02 2.7774e+02 2.9915e-03
2.8603e+02 1.7119e+02 3.8578e+02 2.3546e+02 2.9837e-03
4.2953e+02 1.8473e+02 5.0050e+02 2.3209e+02 2.9661e-03
3.3199e+02 1.7765e+02 3.5980e+02 2.3898e+02 2.9642e-03
1.1586e+02 1.6768e+02 2.2634e+02 2.0586e+02 2.9260e-03
0.0000e+00 1.2777e+02 4.7087e+01 2.2865e+02 2.8865e-03
1.1882e+02 1.8309e+02 2.0288e+02 2.2103e+02 2.8828e-03
1.2773e+02 1.9433e+02 1.9545e+02 2.6461e+02 2.7728e-03
4.4420e+02 1.5712e+02 5.0179e+02 2.9380e+02 2.7705e-03
4.2692e+02 1.7918e+02 5.2676e+02 2.6753e+02 2.7156e-03
8.3322e+01 1.7216e+02 1.2349e+02 2.8340e+02 2.6968e-03
1.2083e+03 9.9829e+01 1.2420e+03 2.8675e+02 2.6657e-03
9.6558e+01 1.9358e+02 2.2612e+02 2.7459e+02 2.6422e-03
1.1222e+03 2.4589e+02 1.2420e+03 3.7500e+02 2.6356e-03
4.9329e+02 1.7432e+02 5.5101e+02 2.0788e+02 2.6275e-03
0.0000e+00 1.6962e+02 1.3979e+02 3.2238e+02 2.5877e-03
9.7626e+01 1.9524e+02 1.7396e+02 2.4322e+02 2.5865e-03
1.0530e+02 1.9175e+02 1.8527e+02 2.2680e+02 2.5840e-03
4.1241e+01 1.8993e+02 1.5237e+02 2.6286e+02 2.5293e-03
2.0378e+01 1.8416e+02 6.2378e+01 2.6522e+02 2.5063e-03
0.0000e+00 1.5983e+02 3.7085e+01 2.0822e+02 2.4710e-03
6.4456e+02 1.6866e+02 6.8891e+02 2.2195e+02 2.4626e-03
1.1541e+03 8.3185e+00 1.2420e+03 3.7500e+02 2.4236e-03
1.0777e+03 2.5935e+02 1.2420e+03 3.7500e+02 2.4187e-03
3.0002e+01 1.8832e+02 1.3363e+02 2.3083e+02 2.4042e-03
0.0000e+00 1.1851e+02 1.5661e+02 2.6918e+02 2.3507e-03
4.9062e+01 1.6595e+02 1.8296e+02 3.7500e+02 2.3381e-03
5.5778e+00 2.0662e+02 6.0223e+01 2.7922e+02 2.3275e-03
0.0000e+00 1.7288e+02 4.2189e+01 2.7521e+02 2.2954e-03
1.2205e+03 3.5234e+02 1.2420e+03 3.7500e+02 2.2219e-03
1.2504e+01 1.7438e+02 4.9818e+01 2.5659e+02 2.1646e-03
7.6102e+01 1.7930e+02 1.1766e+02 2.7462e+02 2.1435e-03
4.8860e+02 1.4410e+02 5.4234e+02 2.7632e+02 2.1351e-03
4.3849e+02 1.7132e+02 4.6395e+02 2.4880e+02 2.0816e-03
0.0000e+00 1.8032e+02 6.0467e+01 2.2203e+02 2.0333e-03
0.0000e+00 7.9004e+01 3.2657e+01 2.5078e+02 2.0201e-03
0.0000e+00 2.5422e+02 9.3709e+01 3.7500e+02 1.9512e-03
1.0103e+03 8.4148e+01 1.2420e+03 3.7500e+02 1.9477e-03
1.2048e+03 2.0502e+02 1.2420e+03 3.7500e+02 1.9425e-03
1.5305e+01 1.5319e+02 9.3606e+01 2.9441e+02 1.9384e-03
6.9779e+01 1.7635e+02 1.1009e+02 2.7432e+02 1.9377e-03
8.9405e+01 1.8357e+02 2.2370e+02 2.4832e+02 1.9354e-03
1.1319e+02 1.5981e+02 2.2164e+02 1.9546e+02 1.9224e-03
8.4678e+01 1.9850e+02 1.6815e+02 2.3997e+02 1.9181e-03
2.9445e+02 1.4790e+02 3.5660e+02 2.6094e+02 1.9160e-03
9.4961e+00 1.8675e+02 7.3522e+01 3.1038e+02 1.8621e-03
1.2061e+03 1.3925e+02 1.2420e+03 3.3419e+02 1.8191e-03
6.6610e+02 1.6650e+02 7.0900e+02 2.2535e+02 1.8074e-03
4.3488e+02 1.0461e+02 5.0013e+02 2.6430e+02 1.7953e-03
0.0000e+00 3.2653e+02 5.7238e+01 3.7500e+02 1.7817e-03
1.2635e+02 1.8704e+02 1.9162e+02 2.3219e+02 1.7758e-03
6.5369e+02 1.7261e+02 7.1426e+02 2.1558e+02 1.7661e-03
1.4783e+02 1.8717e+02 2.1984e+02 2.2526e+02 1.7534e-03
5.4082e+00 2.0176e+02 1.0615e+02 2.8462e+02 1.7516e-03
0.0000e+00 1.6659e+02 1.6064e+02 2.3781e+02 1.7293e-03
2.6530e+02 1.6799e+02 3.6483e+02 2.4011e+02 1.7025e-03
4.3268e+02 1.6890e+02 4.5666e+02 2.4035e+02 1.6993e-03
0.0000e+00 1.5122e+02 3.7777e+01 1.9882e+02 1.6907e-03
1.2259e+03 1.4025e+02 1.2420e+03 2.4846e+02 1.6878e-03
0.0000e+00 1.4662e+02 2.3782e+01 2.0618e+02 1.6832e-03
3.0346e+01 2.3365e+02 1.4857e+02 2.9094e+02 1.6766e-03
5.8310e+02 1.5098e+02 6.1814e+02 2.1515e+02 1.6697e-03
1.2086e+03 6.7441e+01 1.2420e+03 2.5198e+02 1.6678e-03
0.0000e+00 2.6419e+02 1.4387e+02 3.7500e+02 1.6670e-03
5.8005e+02 1.6456e+02 6.0755e+02 2.3121e+02 1.6643e-03
1.2120e+02 1.7942e+02 1.5900e+02 2.5964e+02 1.6410e-03
9.3213e+01 1.9392e+02 1.8135e+02 3.2121e+02 1.6348e-03
3.0248e+01 1.8571e+02 7.0666e+01 2.7182e+02 1.6058e-03
5.1187e+02 1.6936e+02 5.3888e+02 2.3318e+02 1.5914e-03
0.0000e+00 1.7005e+02 5.4824e+01 2.1643e+02 1.5908e-03
1.2702e+02 1.5873e+02 1.9037e+02 2.8680e+02 1.5876e-03
4.3077e+02 1.4858e+02 5.8690e+02 2.2324e+02 1.5851e-03
4.5825e+00 1.9052e+02 6.3230e+01 2.9787e+02 1.5570e-03
1.0416e+02 1.8744e+02 1.6039e+02 2.9389e+02 1.5570e-03
5.9348e+01 1.9539e+02 1.5112e+02 2.4196e+02 1.5285e-03
1.1758e+03 1.4635e+02 1.2420e+03 2.3691e+02 1.5099e-03
1.2216e+03 2.0468e+02 1.2420e+03 2.6321e+02 1.4787e-03
7.7396e+01 1.8202e+02 1.2868e+02 2.9591e+02 1.4631e-03
1.5233e+02 1.7928e+02 2.1026e+02 2.2498e+02 1.4534e-03
0.0000e+00 2.5740e+02 2.4552e+01 3.7500e+02 1.4412e-03
1.2120e+03 1.7708e+02 1.2420e+03 2.2167e+02 1.4135e-03
1.2379e+02 2.0284e+02 2.0845e+02 2.5683e+02 1.4114e-03
0.0000e+00 3.4983e+02 2.1884e+01 3.7500e+02 1.4028e-03
4.0584e+02 1.7458e+02 4.7673e+02 2.0991e+02 1.4009e-03
4.9261e+02 1.8400e+02 5.4412e+02 2.4412e+02 1.3717e-03
1.1809e+03 1.3347e+02 1.2420e+03 2.2256e+02 1.3466e-03
4.2134e+02 1.6901e+02 4.6861e+02 2.1279e+02 1.3349e-03
9.6402e+01 1.6817e+02 1.9422e+02 2.0520e+02 1.3238e-03
4.6082e+01 1.7748e+02 8.8792e+01 2.7344e+02 1.3144e-03
0.0000e+00 2.8978e+02 4.6551e+01 3.7500e+02 1.3106e-03
1.2150e+03 2.0933e+02 1.2420e+03 2.5434e+02 1.2861e-03
1.2135e+03 2.1655e+02 1.2420e+03 2.6210e+02 1.2775e-03
4.3211e+01 1.6845e+02 2.2518e+02 2.3432e+02 1.2712e-03
2.9700e+02 1.9904e+02 3.7270e+02 2.3115e+02 1.2660e-03
0.0000e+00 1.8728e+02 1.0461e+02 2.2268e+02 1.2645e-03
4.3263e+02 1.5073e+02 4.6491e+02 2.2441e+02 1.2366e-03
5.3623e+01 1.7583e+02 9.7028e+01 2.7476e+02 1.2347e-03
4.9435e+02 1.2958e+02 5.5030e+02 2.6785e+02 1.2320e-03
1.2137e+03 1.9279e+02 1.2420e+03 2.3647e+02 1.2286e-03
1.2203e+03 1.8795e+02 1.2420e+03 2.4562e+02 1.2261e-03
0.0000e+00 1.9226e+02 7.1327e+01 2.8454e+02 1.2247e-03
1.0851e+03 1.0365e+02 1.2420e+03 2.8500e+02 1.2215e-03
1.0844e+02 1.7560e+02 2.0453e+02 2.1180e+02 1.1952e-03
1.2142e+03 2.0113e+02 1.2420e+03 2.4562e+02 1.1869e-03
6.2622e+01 1.7379e+02 1.0302e+02 2.7634e+02 1.1837e-03
0.0000e+00 1.4551e+02 3.2171e+01 1.8913e+02 1.1799e-03
0.0000e+00 2.2240e+02 2.7726e+01 3.7500e+02 1.1762e-03
0.0000e+00 0.0000e+00 3.3259e+01 8.2005e+01 1.1712e-03
1.2253e+03 2.0628e+02 1.2420e+03 3.2274e+02 1.1592e-03
0.0000e+00 1.6615e+02 3.4608e+01 2.2690e+02 1.1550e-03
1.0224e+02 1.8568e+02 1.8346e+02 2.2170e+02 1.1492e-03
4.5329e+02 1.4395e+02 4.8964e+02 2.2466e+02 1.1436e-03
1.2128e+03 1.8510e+02 1.2420e+03 2.2841e+02 1.1345e-03
9.3906e+01 1.6054e+02 1.9348e+02 1.9711e+02 1.1122e-03
1.0431e+03 1.6368e+02 1.1500e+03 2.0229e+02 1.0832e-03
1.1580e+01 1.9668e+02 7.4225e+01 2.9436e+02 1.0662e-03
1.2185e+03 1.7217e+02 1.2420e+03 2.3029e+02 1.0637e-03
0.0000e+00 1.2239e+02 6.7331e+01 2.0294e+02 1.0585e-03
0.0000e+00 2.0925e+02 9.3853e+01 2.7667e+02 1.0569e-03
0.0000e+00 0.0000e+00 7.3503e+01 1.5335e+02 1.0567e-03
1.1399e+02 1.8126e+02 1.4918e+02 2.5848e+02 1.0417e-03
1.1930e+03 1.3642e+02 1.2420e+03 2.5030e+02 1.0403e-03
3.8338e+01 1.8111e+02 7.9270e+01 2.7400e+02 1.0358e-03
6.4212e+02 1.5022e+02 6.7459e+02 2.1766e+02 1.0324e-03
2.7986e+02 1.7769e+02 3.4445e+02 2.1221e+02 1.0313e-03
3.1895e+02 1.8162e+02 3.5086e+02 2.5114e+02 1.0178e-03
3.3451e+02 1.1884e+02 6.7283e+02 2.6867e+02 1.0123e-03
2.8940e+02 1.7144e+02 4.3402e+02 2.3895e+02 1.0020e-03
6.4890e+02 1.5049e+02 6.8280e+02 2.1964e+02 9.7612e-04
3.5513e+02 1.8266e+02 4.3483e+02 2.1833e+02 9.5780e-04
1.2210e+03 2.1810e+02 1.2420e+03 2.7927e+02 9.5187e-04
0.0000e+00 1.2958e+02 4.8826e+01 3.0528e+02 9.4353e-04
0.0000e+00 1.7193e+02 2.6433e+01 3.6578e+02 9.4303e-04
1.1237e+03 8.5737e+01 1.2420e+03 3.1858e+02 9.3649e-04
0.0000e+00 1.1138e+02 4.7466e+01 2.1008e+02 9.3412e-04
1.1814e+03 1.1732e+02 1.2420e+03 2.0463e+02 9.1900e-04
1.2643e+02 1.7900e+02 1.6451e+02 2.5234e+02 9.1652e-04
0.0000e+00 1.3362e+02 1.0067e+02 3.2000e+02 9.1019e-04
1.1648e+03 2.9112e+02 1.2383e+03 3.7500e+02 8.9127e-04
4.7942e+02 1.4501e+02 5.1436e+02 2.1977e+02 8.8463e-04
2.8445e+02 1.7416e+02 3.9196e+02 2.5416e+02 8.8432e-04
1.2128e+03 2.2446e+02 1.2420e+03 2.6948e+02 8.8185e-04
4.7061e+02 1.4659e+02 5.0675e+02 2.2131e+02 8.6822e-04
4.4724e+02 1.4916e+02 4.8058e+02 2.2217e+02 8.6411e-04
1.2281e+03 1.2196e+02 1.2420e+03 2.3404e+02 8.6122e-04
1.0177e+02 1.8850e+02 1.7622e+02 2.3245e+02 8.5934e-04
6.3473e+02 1.7021e+02 6.9085e+02 2.0823e+02 8.5327e-04
5.3238e+00 1.8856e+02 4.6029e+01 3.0875e+02 8.4651e-04
4.6208e+02 1.4533e+02 4.9733e+02 2.2028e+02 8.4641e-04
9.4232e+01 1.7592e+02 1.8045e+02 2.0904e+02 8.3814e-04
4.0490e+02 1.4086e+02 5.2540e+02 2.3846e+02 8.3247e-04
1.0456e+03 1.7143e+02 1.1461e+03 2.1137e+02 8.3111e-04
9.9847e+02 1.4391e+02 1.1589e+03 2.0703e+02 8.2665e-04
1.2051e+03 0.0000e+00 1.2420e+03 8.0141e+01 8.1989e-04
4.9580e+02 1.6949e+02 5.6112e+02 2.0349e+02 8.1196e-04
0.0000e+00 0.0000e+00 3.0898e+02 1.4503e+02 8.1148e-04
8.9135e+01 1.9020e+02 1.7248e+02 2.2719e+02 8.0403e-04
2.9321e+02 1.6087e+02 4.3879e+02 2.2803e+02 8.0031e-04
1.2099e+03 1.7623e+02 1.2391e+03 3.1977e+02 7.9566e-04
8.3950e+01 1.6177e+02 2.4875e+02 2.3009e+02 7.9226e-04
0.0000e+00 0.0000e+00 2.2061e+02 1.5828e+02 7.8721e-04
1.8349e+00 1.4855e+02 7.1831e+01 3.0288e+02 7.8667e-04
0.0000e+00 4.9006e+01 6.0912e+01 3.4999e+02 7.8404e-04
1.1700e+03 0.0000e+00 1.2420e+03 3.1531e+01 7.8369e-04
5.6590e+02 1.6915e+02 6.1432e+02 2.0863e+02 7.7583e-04
8.8267e+01 1.8415e+02 1.6904e+02 2.1961e+02 7.7410e-04
1.0431e+03 1.5653e+02 1.1502e+03 1.9441e+02 7.6555e-04
9.7204e+02 0.0000e+00 1.2420e+03 1.2355e+02 7.5898e-04
1.2247e+03 2.2885e+02 1.2420e+03 3.4627e+02 7.5515e-04
2.2026e+01 1.9759e+02 1.5329e+02 2.8300e+02 7.5373e-04
1.1249e+02 1.8416e+02 2.1032e+02 2.7101e+02 7.4349e-04
4.2275e+02 1.6384e+02 4.4661e+02 2.3552e+02 7.4087e-04
1.0017e+03 1.5902e+02 1.1531e+03 2.2082e+02 7.3554e-04
1.2443e+02 2.0320e+02 1.9905e+02 2.8139e+02 7.3536e-04
2.8533e+01 2.1832e+02 1.3969e+02 2.8765e+02 7.3431e-04
6.4049e+02 1.5612e+02 6.6515e+02 2.2195e+02 7.2766e-04
1.1825e+03 2.8394e+02 1.2420e+03 3.7500e+02 7.2497e-04
9.9422e+02 1.2851e+02 1.1662e+03 1.9247e+02 7.2419e-04
1.0515e+02 1.8025e+02 1.4084e+02 2.5993e+02 7.2372e-04
1.4387e+02 1.6781e+02 1.9826e+02 3.0146e+02 7.1414e-04
2.8200e+02 1.5154e+02 3.3526e+02 2.8660e+02 7.1122e-04
1.1754e+03 1.7745e+02 1.2420e+03 2.6837e+02 7.0760e-04
1.1934e+03 1.0696e+02 1.2420e+03 2.1890e+02 6.9256e-04
2.2584e+01 1.1793e+02 1.4878e+02 3.5669e+02 6.8630e-04
9.6286e+02 2.4148e+01 1.2420e+03 3.7201e+02 6.8324e-04
1.2268e+03 8.9868e+01 1.2420e+03 1.9908e+02 6.7895e-04
1.2082e+03 2.4703e+02 1.2420e+03 3.7500e+02 6.7672e-04
0.0000e+00 1.1762e+02 1.5384e+01 2.1084e+02 6.7642e-04
4.1123e+02 1.2884e+02 4.7142e+02 2.8491e+02 6.7097e-04
2.8990e+02 1.1405e+02 3.6250e+02 2.6232e+02 6.7020e-04
6.3035e+01 1.7245e+02 1.1416e+02 2.9076e+02 6.6294e-04
5.6890e+02 1.7534e+02 6.2551e+02 2.1110e+02 6.5388e-04
3.2068e+02 1.4960e+02 3.7842e+02 2.8919e+02 6.4544e-04
1.2242e+03 2.6686e+02 1.2420e+03 3.7500e+02 6.4093e-04
5.9150e+02 1.5653e+02 6.1946e+02 2.1935e+02 6.3595e-04
0.0000e+00 0.0000e+00 1.1083e+02 8.1622e+01 6.3500e-04
3.8169e+02 1.6894e+02 5.2589e+02 2.4373e+02 6.3368e-04
3.2084e+02 1.9225e+02 3.8612e+02 2.2901e+02 6.2925e-04
1.0201e+03 1.6476e+02 1.1236e+03 2.0216e+02 6.2797e-04
2.3088e+02 1.6950e+02 3.7500e+02 2.3997e+02 6.2101e-04
0.0000e+00 1.2824e+02 2.6255e+01 2.3789e+02 6.1890e-04
4.6418e+02 1.5481e+02 5.2543e+02 3.0993e+02 6.1480e-04
3.4763e+02 1.8786e+02 4.2562e+02 2.2439e+02 6.1396e-04
8.5494e+01 1.6943e+02 1.7779e+02 2.0291e+02 6.1003e-04
1.1951e+03 1.6638e+02 1.2420e+03 2.8378e+02 6.0157e-04
1.0524e+02 1.7683e+02 2.4622e+02 2.4532e+02 5.9697e-04
9.7210e+01 1.7751e+02 1.3260e+02 2.5986e+02 5.8285e-04
1.1610e+03 0.0000e+00 1.2420e+03 1.6645e+02 5.8115e-04
1.1486e+03 2.9411e+02 1.2248e+03 3.7500e+02 5.7534e-04
1.0729e+03 7.4483e+01 1.2420e+03 2.5209e+02 5.7252e-04
0.0000e+00 2.8998e+02 6.8198e+01 3.7500e+02 5.6873e-04
0.0000e+00 1.7380e+02 7.0536e+01 2.1399e+02 5.6570e-04
1.2811e+02 1.3377e+02 1.9708e+02 2.7322e+02 5.6217e-04
1.0216e+03 1.4452e+02 1.1945e+03 2.0918e+02 5.5759e-04
1.2144e+03 1.6218e+02 1.2420e+03 2.0613e+02 5.5574e-04
1.2030e+03 1.8261e+02 1.2337e+03 3.1139e+02 5.5196e-04
1.5306e+02 1.6905e+02 1.8764e+02 2.3653e+02 5.4949e-04
1.2056e+03 3.3084e+01 1.2420e+03 2.3057e+02 5.4702e-04
1.0295e+03 0.0000e+00 1.2420e+03 1.7714e+02 5.4644e-04
8.7880e+01 1.7871e+02 1.2402e+02 2.5858e+02 5.4587e-04
2.9004e+02 1.5093e+02 3.5278e+02 3.0836e+02 5.4563e-04
0.0000e+00 0.0000e+00 1.4237e+01 5.5292e+01 5.3703e-04
4.3941e+02 4.0768e+01 5.8656e+02 3.5265e+02 5.3430e-04
1.2745e+01 8.9078e+01 1.4166e+02 3.2197e+02 5.3070e-04
7.6044e+01 1.6501e+02 2.1046e+02 2.3807e+02 5.2998e-04
0.0000e+00 1.3734e+02 2.9989e+01 1.8086e+02 5.2426e-04
2.9391e+02 1.7123e+02 3.2349e+02 2.3467e+02 5.2108e-04
1.1011e+03 0.0000e+00 1.2420e+03 6.0372e+01 5.1734e-04
4.6376e+02 1.9680e+02 5.4475e+02 2.4990e+02 5.1499e-04
4.1380e+02 5.0919e+01 5.5335e+02 3.4669e+02 5.0237e-04
1.0281e+03 1.5945e+02 1.1862e+03 2.2210e+02 5.0110e-04
0.0000e+00 0.0000e+00 1.5409e+02 7.6534e+01 5.0035e-04
9.7157e+02 1.6052e+02 1.1183e+03 2.2111e+02 4.9948e-04
1.1680e+02 2.1113e+02 2.1043e+02 2.7216e+02 4.9390e-04
1.0224e+03 1.7130e+02 1.1228e+03 2.0999e+02 4.8834e-04
9.7232e+02 1.4576e+02 1.1185e+03 2.0457e+02 4.8777e-04
1.1798e+03 9.9237e+01 1.2420e+03 1.9065e+02 4.7475e-04
4.2330e+01 1.3404e+02 1.2238e+02 2.8371e+02 4.7227e-04
0.0000e+00 8.3563e+01 1.4947e+02 2.4123e+02 4.7222e-04
1.1815e+03 0.0000e+00 1.2420e+03 4.0257e+01 4.5584e-04
1.1155e+02 1.3910e+02 1.8319e+02 2.6832e+02 4.4896e-04
2.8111e+01 1.3499e+02 1.0595e+02 2.7828e+02 4.3434e-04
0.0000e+00 1.6074e+02 1.2370e+02 2.4640e+02 4.3349e-04
5.5146e+00 1.6538e+02 4.7850e+01 3.1192e+02 4.2575e-04
1.1774e+03 2.5387e+02 1.2420e+03 3.5185e+02 4.2348e-04
4.9964e+02 1.0405e+02 5.5764e+02 2.6143e+02 4.1950e-04
0.0000e+00 1.9346e+02 1.3751e+02 3.5252e+02 4.1285e-04
1.1035e+03 1.5127e+02 1.2420e+03 3.4253e+02 4.1202e-04
9.6826e+02 1.3026e+02 1.1245e+03 1.9184e+02 4.0398e-04
1.1184e+03 1.8851e+02 1.2420e+03 3.7500e+02 4.0398e-04
1.6667e+01 1.5596e+02 2.4750e+02 3.1753e+02 4.0246e-04
7.5385e+01 1.4490e+02 2.5663e+02 2.1432e+02 3.9906e-04
4.6473e+02 8.7114e+01 5.3106e+02 2.5275e+02 3.9272e-04
2.6198e+02 1.4516e+02 3.7504e+02 2.2940e+02 3.9228e-04
4.2229e+02 1.0274e+02 4.8669e+02 2.6145e+02 3.8412e-04
1.0645e+01 2.9405e+02 8.6130e+01 3.7500e+02 3.6981e-04
0.0000e+00 0.0000e+00 5.2557e+01 4.3969e+01 3.6598e-04
0.0000e+00 1.3826e+02 1.0339e+02 2.1651e+02 3.6415e-04
4.6064e+02 1.5733e+02 6.1189e+02 2.2731e+02 3.5435e-04
0.0000e+00 1.6012e+02 9.3511e+01 3.4852e+02 3.5080e-04
3.6817e+02 1.0593e+02 6.2988e+02 2.9557e+02 3.4915e-04
1.1251e+03 0.0000e+00 1.2420e+03 8.2466e+01 3.4756e-04
3.4037e+02 1.5673e+02 5.0651e+02 2.2930e+02 3.4147e-04
1.4283e+02 1.2587e+02 2.1024e+02 2.7339e+02 3.3860e-04
1.1759e+03 2.0790e+02 1.2420e+03 2.9931e+02 3.3660e-04
1.1954e+03 1.9548e+02 1.2420e+03 3.1719e+02 3.2984e-04
3.8792e+02 1.2307e+02 4.5093e+02 2.9296e+02 3.2365e-04
1.0315e+02 1.5338e+02 2.8307e+02 2.2840e+02 3.2193e-04
1.1688e+03 2.1867e+02 1.2372e+03 3.7500e+02 3.2036e-04
3.6953e+02 1.4507e+02 5.4629e+02 2.2778e+02 3.1984e-04
1.1975e+03 2.2814e+02 1.2420e+03 3.5460e+02 3.1755e-04
2.4617e+02 1.5050e+02 3.9381e+02 2.2137e+02 3.1478e-04
0.0000e+00 9.8808e+01 4.7598e+01 2.6699e+02 3.1298e-04
4.3732e+02 1.9453e+02 5.4351e+02 2.7370e+02 3.1274e-04
3.8284e+02 1.6051e+02 4.8577e+02 2.5225e+02 3.1096e-04
0.0000e+00 1.9741e+02 3.8602e+01 3.0572e+02 2.9784e-04
3.2110e+02 1.2877e+02 3.7392e+02 2.6226e+02 2.9053e-04
0.0000e+00 7.3367e+01 9.8834e+01 2.5608e+02 2.7902e-04
1.1773e+03 2.2332e+02 1.2420e+03 3.1634e+02 2.7401e-04
1.1392e+02 1.7228e+02 2.2271e+02 2.5706e+02 2.6590e-04
9.5196e+01 1.4080e+02 1.6780e+02 2.7588e+02 2.6383e-04
3.8127e+02 1.0515e+02 7.1948e+02 2.5028e+02 2.5567e-04
1.1719e+03 1.1380e+02 1.2352e+03 2.9572e+02 2.5384e-04
1.0301e+03 1.2801e+02 1.2161e+03 1.9445e+02 2.5275e-04
1.5834e+02 1.1496e+02 2.2517e+02 2.7775e+02 2.5202e-04
0.0000e+00 2.6242e+02 4.0154e+01 3.7298e+02 2.4893e-04
3.1381e+01 1.6511e+02 1.9203e+02 2.4379e+02 2.4643e-04
1.1166e+03 3.2528e+02 1.2385e+03 3.7500e+02 2.4632e-04
1.1573e+03 3.2303e+02 1.2420e+03 3.7500e+02 2.4537e-04
0.0000e+00 0.0000e+00 7.5994e+01 4.3296e+01 2.3858e-04
5.6607e+02 1.0094e+02 6.2653e+02 2.5483e+02 2.3481e-04
3.8734e+02 4.4859e+01 5.2683e+02 3.5704e+02 2.3118e-04
4.7853e+02 2.2698e+01 6.1657e+02 3.6434e+02 2.3059e-04
5.0960e+02 1.4061e+02 6.7177e+02 2.1757e+02 2.2965e-04
1.1914e+03 7.3524e+01 1.2420e+03 1.8910e+02 2.2780e-04
2.6598e+02 1.8590e+02 3.7342e+02 2.7232e+02 2.2712e-04
1.1847e+03 2.0457e+02 1.2420e+03 3.7500e+02 2.2098e-04
4.6209e+02 1.6681e+02 6.0271e+02 2.4162e+02 2.2049e-04
0.0000e+00 4.5397e+01 3.0106e+01 2.2330e+02 2.1953e-04
1.1325e+03 2.9512e+02 1.2090e+03 3.7500e+02 2.1919e-04
4.2733e+02 1.4845e+02 4.8421e+02 3.0766e+02 2.1569e-04
3.1132e+02 1.6530e+02 4.1924e+02 2.4240e+02 2.1298e-04
3.7144e+02 1.2190e+02 4.3419e+02 2.9035e+02 2.1211e-04
2.8564e+02 1.3242e+02 3.4273e+02 2.6380e+02 2.0503e-04
1.1877e+03 1.1273e+02 1.2420e+03 3.2005e+02 2.0145e-04
1.1529e+03 1.0005e+02 1.2240e+03 2.7326e+02 1.9897e-04
1.0554e+02 1.4943e+02 2.3616e+02 2.3827e+02 1.9865e-04
5.4298e+02 1.4276e+02 7.1562e+02 2.1646e+02 1.9686e-04
3.0739e+02 1.5521e+02 4.6667e+02 2.2890e+02 1.9568e-04
2.5490e+02 1.9446e+02 4.1152e+02 2.6579e+02 1.9442e-04
1.0796e+03 1.9752e+02 1.2227e+03 3.7500e+02 1.9112e-04
0.0000e+00 2.0314e+02 6.4619e+01 3.0123e+02 1.8988e-04
0.0000e+00 9.9481e+01 5.2124e+01 3.7500e+02 1.8954e-04
6.4089e+02 8.1118e+01 7.0901e+02 2.5357e+02 1.8080e-04
2.8816e+02 1.7969e+02 4.4530e+02 2.5480e+02 1.7968e-04
4.6073e+02 1.3831e+02 5.7956e+02 2.3083e+02 1.7671e-04
7.7113e+01 1.3562e+02 1.5162e+02 2.7871e+02 1.7624e-04
2.6070e+01 2.9270e+02 1.0216e+02 3.7500e+02 1.7249e-04
0.0000e+00 1.0545e+02 6.2891e+01 1.8467e+02 1.7229e-04
6.5036e+02 1.3223e+02 7.0539e+02 2.6986e+02 1.7187e-04
2.7493e+02 1.4437e+02 3.3662e+02 3.1744e+02 1.6932e-04
4.9266e+02 1.5577e+02 5.5177e+02 3.0354e+02 1.6931e-04
1.1515e+03 2.2171e+02 1.2293e+03 3.7500e+02 1.6714e-04
3.9240e+02 1.9137e+02 5.2748e+02 2.6516e+02 1.6694e-04
0.0000e+00 2.4704e+02 3.5902e+01 3.5624e+02 1.6629e-04
4.8130e+02 1.6317e+02 5.3876e+02 3.1362e+02 1.6591e-04
1.0526e+03 1.4474e+02 1.2272e+03 2.1209e+02 1.6565e-04
1.2578e+01 0.0000e+00 3.3147e+02 3.7500e+02 1.6550e-04
1.1559e+03 1.2488e+02 1.2215e+03 3.0598e+02 1.6474e-04
1.0615e+03 1.5947e+02 1.2215e+03 2.2312e+02 1.6210e-04
3.2885e+02 1.0617e+02 5.8143e+02 3.0170e+02 1.6130e-04
3.5592e+02 1.2527e+02 4.1805e+02 2.8595e+02 1.6122e-04
0.0000e+00 9.5102e+01 4.3787e+01 1.9037e+02 1.6002e-04
9.9390e+02 1.1381e+02 1.1690e+03 1.8079e+02 1.5992e-04
2.6622e+02 1.1983e+02 6.0175e+02 2.8650e+02 1.5713e-04
5.5143e+02 9.4131e+01 6.1356e+02 2.6005e+02 1.5489e-04
3.2383e+02 1.6645e+02 4.8591e+02 2.4078e+02 1.5312e-04
1.1694e+03 7.8926e+01 1.2360e+03 2.6400e+02 1.5295e-04
4.2032e+02 2.0537e+02 5.6367e+02 2.7612e+02 1.5212e-04
4.6420e+01 2.2662e+02 2.0894e+02 3.0595e+02 1.5187e-04
3.0062e+02 1.0442e+02 6.2821e+02 2.5233e+02 1.5049e-04
4.0588e+02 9.8361e+01 4.7154e+02 2.6594e+02 1.4596e-04
4.6336e+02 1.8425e+02 5.6223e+02 2.6618e+02 1.4540e-04
3.7470e+02 1.7999e+02 5.2046e+02 2.5762e+02 1.4514e-04
4.0813e+02 1.3078e+02 5.7465e+02 2.0400e+02 1.4377e-04
6.3087e+02 1.0817e+02 6.9356e+02 2.5388e+02 1.4333e-04
6.5598e+02 8.0165e+01 7.2489e+02 2.5492e+02 1.4329e-04
3.4341e+02 1.3474e+02 3.9719e+02 2.8016e+02 1.4308e-04
5.2686e+02 1.5398e+02 6.9027e+02 2.2313e+02 1.4272e-04
1.7368e+02 8.4207e+01 2.4406e+02 2.7167e+02 1.4235e-04
2.2918e+02 1.7938e+02 3.7239e+02 2.5587e+02 1.4233e-04
5.1250e+02 1.1573e+02 5.7264e+02 2.7159e+02 1.4180e-04
1.7147e+01 1.9512e+02 8.3214e+01 3.3497e+02 1.3991e-04
4.5640e+02 1.4213e+02 6.2719e+02 2.1486e+02 1.3942e-04
4.7722e+02 1.5374e+02 6.3928e+02 2.2393e+02 1.3793e-04
7.5169e+02 1.2831e+02 8.2397e+02 2.9374e+02 1.3615e-04
4.4490e+01 1.4922e+02 2.3015e+02 2.1799e+02 1.3097e-04
1.1812e+03 6.6796e+01 1.2420e+03 1.6050e+02 1.3084e-04
0.0000e+00 3.2859e+02 8.4809e+01 3.7500e+02 1.3008e-04
5.0785e+02 1.6384e+01 6.5564e+02 3.7500e+02 1.2991e-04
5.8080e+02 9.7368e+01 6.4105e+02 2.5197e+02 1.2963e-04
1.0848e+03 4.6629e+01 1.2420e+03 2.2085e+02 1.2911e-04
1.0435e+03 2.0292e+02 1.1922e+03 3.7500e+02 1.2864e-04
3.5523e+02 1.4828e+02 4.6959e+02 2.3968e+02 1.2802e-04
1.1162e+03 2.9561e+02 1.1922e+03 3.7500e+02 1.2778e-04
0.0000e+00 1.4727e+02 1.3994e+02 2.1721e+02 1.2768e-04
9.6386e+02 1.7293e+02 1.1241e+03 2.3573e+02 1.2722e-04
1.6561e+00 1.4189e+02 3.1437e+02 2.7895e+02 1.2605e-04
4.2247e+01 2.9115e+02 1.1890e+02 3.7500e+02 1.2135e-04
9.9381e+02 1.7034e+02 1.1555e+03 2.3464e+02 1.1979e-04
7.5624e+01 2.9007e+02 1.5369e+02 3.7500e+02 1.1839e-04
0.0000e+00 9.7376e+01 7.0802e+01 2.6749e+02 1.1761e-04
0.0000e+00 2.6971e+02 5.7021e+01 3.6797e+02 1.1611e-04
9.2780e+01 2.9297e+02 1.6853e+02 3.7500e+02 1.1491e-04
6.8425e+02 2.9543e+02 7.5842e+02 3.7500e+02 1.1432e-04
2.7552e+02 1.4900e+02 4.2597e+02 2.1982e+02 1.1410e-04
1.1630e+02 1.7104e+02 2.7433e+02 2.4269e+02 1.1351e-04
9.3398e+02 1.3137e+02 1.0946e+03 1.9151e+02 1.1338e-04
1.1739e+03 1.4210e+02 1.2366e+03 3.4377e+02 1.1324e-04
5.3536e+02 1.7640e+01 6.9747e+02 3.7500e+02 1.1208e-04
9.8217e+01 1.0878e+02 2.1510e+02 3.5751e+02 1.1185e-04
5.9784e+01 2.9079e+02 1.3786e+02 3.7500e+02 1.1046e-04
4.8252e+02 1.4956e+02 5.9359e+02 2.3781e+02 1.0976e-04
9.3781e+02 1.4458e+02 1.0899e+03 2.0498e+02 1.0958e-04
2.7885e+02 9.9992e+01 3.4699e+02 2.6147e+02 1.0943e-04
1.6145e+02 1.5524e+02 2.1761e+02 3.0971e+02 1.0795e-04
4.3129e+02 1.2170e+02 5.5041e+02 2.1686e+02 1.0794e-04
4.4331e+02 9.4665e+01 8.0318e+02 2.5239e+02 1.0755e-04
1.6386e-01 6.3812e+01 9.9837e+01 3.5306e+02 1.0754e-04
1.3744e+02 1.7754e+02 2.0421e+02 3.2441e+02 1.0706e-04
1.0513e+02 1.3445e+02 3.0101e+02 2.1458e+02 1.0693e-04
5.3346e+02 1.3259e+02 6.4943e+02 2.2611e+02 1.0590e-04
7.3903e+02 1.2275e+02 8.1011e+02 2.9630e+02 1.0578e-04
9.3725e+02 1.5883e+02 1.0963e+03 2.2560e+02 1.0488e-04
7.0079e+02 2.9565e+02 7.7467e+02 3.7500e+02 1.0478e-04
2.6264e+02 1.3501e+02 3.2256e+02 2.9911e+02 1.0467e-04
1.3256e+02 0.0000e+00 1.9588e+02 6.6056e+01 1.0439e-04
1.4843e+02 0.0000e+00 2.1182e+02 6.5275e+01 1.0410e-04
1.0099e+03 1.3750e+02 1.1317e+03 2.1602e+02 1.0393e-04
1.1858e+03 1.5429e+02 1.2420e+03 3.5807e+02 1.0368e-04
1.6427e+02 0.0000e+00 2.2825e+02 6.4769e+01 1.0365e-04
1.7998e+02 0.0000e+00 2.4453e+02 6.4257e+01 1.0341e-04
0.0000e+00 5.0104e+01 1.3860e+02 2.0824e+02 1.0334e-04
1.1675e+02 0.0000e+00 1.8000e+02 6.6327e+01 1.0331e-04
9.3931e+02 2.9254e+02 1.0149e+03 3.7500e+02 1.0212e-04
1.0100e+03 2.0355e+02 1.1587e+03 3.7500e+02 1.0137e-04
1.9066e+01 1.9275e+02 1.7012e+02 3.7500e+02 1.0133e-04
6.6893e+02 2.9551e+02 7.4340e+02 3.7500e+02 1.0109e-04
5.3144e+02 1.2701e+02 7.1244e+02 2.0173e+02 1.0090e-04
9.2349e+02 2.9353e+02 9.9982e+02 3.7500e+02 1.0079e-04

