5.6940e+02 1.7741e+02 6.1923e+02 2.2464e+02 9.9963e-01
5.7033e+02 1.7733e+02 6.1872e+02 2.2337e+02 9.9556e-01
5.7886e+02 1.7606e+02 6.1633e+02 2.1522e+02 9.6313e-01
5.7112e+02 1.7584e+02 6.1024e+02 2.1497e+02 9.6210e-01
5.9730e+02 1.7800e+02 6.1818e+02 1.9986e+02 9.2309e-01
5.9278e+02 1.7709e+02 6.1617e+02 2.0190e+02 9.1078e-01
5.7657e+02 1.7213e+02 6.1002e+02 2.2976e+02 9.0818e-01
6.0108e+02 1.7567e+02 6.2151e+02 1.9130e+02 9.0427e-01
8.2933e+02 1.6919e+02 8.7459e+02 1.8970e+02 8.9430e-01
6.0156e+02 1.7735e+02 6.2013e+02 1.9811e+02 8.8014e-01
5.9800e+02 1.7707e+02 6.1694e+02 1.9512e+02 8.5332e-01
6.0642e+02 1.7510e+02 6.2396e+02 1.9375e+02 8.4331e-01
5.7730e+02 1.7075e+02 6.0844e+02 2.2576e+02 8.0547e-01
7.9103e+02 1.6913e+02 8.2409e+02 1.8525e+02 8.0287e-01
8.2809e+02 1.6813e+02 8.6547e+02 1.8691e+02 8.0262e-01
5.8747e+02 1.7681e+02 6.1308e+02 2.0447e+02 7.8469e-01
5.6445e+02 1.7852e+02 6.0634e+02 2.0995e+02 7.7266e-01
5.7420e+02 1.7613e+02 6.0270e+02 2.0552e+02 7.4644e-01
5.7123e+02 1.7757e+02 5.9233e+02 2.0143e+02 7.3953e-01
5.6112e+02 1.8148e+02 6.1386e+02 2.2835e+02 7.3348e-01
5.7097e+02 1.7804e+02 5.9678e+02 2.0974e+02 7.2880e-01
5.8244e+02 1.7140e+02 6.1447e+02 2.2720e+02 6.9606e-01
5.9208e+02 1.7071e+02 6.1431e+02 2.2020e+02 6.7465e-01
5.8517e+02 1.7750e+02 6.2522e+02 2.0750e+02 6.4068e-01
8.2911e+02 1.7087e+02 8.6174e+02 1.8889e+02 6.2322e-01
5.9843e+02 1.7280e+02 6.1562e+02 2.1364e+02 6.0856e-01
5.8077e+02 1.7609e+02 6.1037e+02 2.0688e+02 6.0807e-01
8.3074e+02 1.7272e+02 8.6857e+02 1.9055e+02 5.9368e-01
5.6783e+02 1.7780e+02 6.0101e+02 2.0134e+02 5.9152e-01
8.3463e+02 1.6474e+02 8.6851e+02 1.8829e+02 5.6101e-01
5.7602e+02 1.6961e+02 6.0016e+02 2.2334e+02 5.5656e-01
5.7720e+02 1.7764e+02 6.2022e+02 2.1736e+02 5.5190e-01
6.0853e+02 1.7629e+02 6.2643e+02 1.9556e+02 5.3050e-01
5.7078e+02 1.7364e+02 5.9080e+02 2.2006e+02 4.9027e-01
8.3335e+02 1.6518e+02 8.7320e+02 1.8286e+02 4.8268e-01
5.7557e+02 1.7779e+02 6.2684e+02 2.1333e+02 4.7924e-01
5.7027e+02 1.7590e+02 5.9034e+02 1.9534e+02 4.5836e-01
5.6848e+02 1.7458e+02 5.9392e+02 2.2510e+02 4.4728e-01
5.6941e+02 1.7814e+02 5.8764e+02 1.9873e+02 4.2251e-01
6.0365e+02 1.7512e+02 6.2434e+02 1.8974e+02 3.9580e-01
5.6679e+02 1.7590e+02 5.8520e+02 1.9364e+02 3.7467e-01
5.9768e+02 1.7137e+02 6.1278e+02 2.0765e+02 3.6102e-01
7.9445e+02 1.7266e+02 8.2647e+02 1.8863e+02 3.6055e-01
6.0166e+02 1.7317e+02 6.1425e+02 2.0466e+02 3.4238e-01
6.1120e+02 1.7447e+02 6.2882e+02 1.9113e+02 3.2453e-01
5.7851e+02 1.7464e+02 6.1491e+02 2.4060e+02 3.1693e-01
6.0388e+02 1.7176e+02 6.1726e+02 2.0952e+02 3.1535e-01
5.7279e+02 1.7235e+02 5.8808e+02 2.1074e+02 3.0192e-01
5.8967e+02 1.7616e+02 6.1277e+02 1.9718e+02 3.0032e-01
5.7181e+02 1.7573e+02 5.9514e+02 1.9794e+02 2.7264e-01
5.9163e+02 1.7554e+02 6.1674e+02 1.9270e+02 2.7180e-01
6.0564e+02 1.7212e+02 6.1656e+02 2.0200e+02 2.5803e-01
5.6960e+02 1.8079e+02 6.0438e+02 2.2130e+02 2.4514e-01
5.6324e+02 1.7523e+02 5.8532e+02 1.9091e+02 2.4359e-01
8.3522e+02 1.6907e+02 8.6762e+02 1.9291e+02 2.3648e-01
6.0948e+02 1.7071e+02 6.2050e+02 1.9669e+02 2.2993e-01
6.1179e+02 1.6940e+02 6.2389e+02 1.9636e+02 2.2788e-01
5.7477e+02 1.7062e+02 5.9182e+02 2.1246e+02 2.1800e-01
8.2667e+02 1.6904e+02 8.5694e+02 1.8643e+02 1.9659e-01
6.0474e+02 1.7739e+02 6.2233e+02 2.0074e+02 1.8576e-01
5.7850e+02 1.7009e+02 5.9708e+02 2.1298e+02 1.8497e-01
5.9313e+02 1.6991e+02 6.1023e+02 2.1138e+02 1.7296e-01
5.6270e+02 1.7657e+02 6.1559e+02 2.1371e+02 1.6712e-01
6.0293e+02 1.7189e+02 6.1366e+02 1.9860e+02 1.6322e-01
5.7214e+02 1.7592e+02 6.0139e+02 1.9487e+02 1.6232e-01
5.8450e+02 1.7218e+02 6.1403e+02 2.3077e+02 1.6175e-01
6.1150e+02 1.7679e+02 6.2954e+02 1.9419e+02 1.4106e-01
5.8330e+02 1.7551e+02 6.1179e+02 1.9423e+02 1.1969e-01
5.8248e+02 1.6879e+02 6.0220e+02 2.1367e+02 1.1503e-01
8.2701e+02 1.7052e+02 8.5267e+02 1.8962e+02 1.1303e-01
5.5974e+02 1.7457e+02 5.7966e+02 1.9108e+02 1.1153e-01
6.0752e+02 1.7273e+02 6.1986e+02 2.0959e+02 1.1092e-01
5.6309e+02 1.7694e+02 5.8699e+02 1.9582e+02 1.0564e-01
5.6548e+02 1.7456e+02 5.8994e+02 1.8983e+02 1.0427e-01
5.7890e+02 1.7843e+02 6.0990e+02 2.3321e+02 1.0330e-01
5.9918e+02 1.7072e+02 6.1240e+02 2.0074e+02 1.0294e-01
6.0242e+02 1.7229e+02 6.1858e+02 2.1679e+02 1.0082e-01
5.7832e+02 1.7519e+02 6.0416e+02 1.9805e+02 1.0048e-01
5.9294e+02 1.7261e+02 6.1920e+02 2.2583e+02 9.9631e-02
5.9562e+02 1.7579e+02 6.1878e+02 1.9036e+02 9.9198e-02
7.9133e+02 1.7055e+02 8.2069e+02 1.8848e+02 9.5452e-02
5.7107e+02 1.7148e+02 5.8361e+02 2.0755e+02 8.8301e-02
7.8216e+02 1.7115e+02 8.1699e+02 1.8825e+02 8.5800e-02
5.7324e+02 1.7036e+02 5.8649e+02 2.0366e+02 8.5466e-02
8.3515e+02 1.6157e+02 8.7322e+02 1.7818e+02 8.5034e-02
5.6975e+02 1.9182e+02 6.2063e+02 2.2711e+02 8.3896e-02
5.8697e+02 1.6975e+02 6.0624e+02 2.1485e+02 8.3232e-02
5.7002e+02 1.7139e+02 5.8583e+02 2.1699e+02 8.0689e-02
5.9712e+02 1.7838e+02 6.1926e+02 2.0936e+02 7.4488e-02
7.8281e+02 1.6815e+02 8.1654e+02 1.8524e+02 5.9300e-02
5.6471e+02 1.7249e+02 6.2094e+02 2.0677e+02 5.6502e-02
6.1578e+02 1.7514e+02 6.3372e+02 1.9085e+02 5.5830e-02
8.2976e+02 1.6488e+02 8.6076e+02 1.8618e+02 5.1772e-02
5.6921e+02 1.7464e+02 5.9519e+02 1.9082e+02 5.1253e-02
5.7006e+02 1.6990e+02 5.8200e+02 2.0214e+02 5.1227e-02
6.0756e+02 1.7877e+02 6.2588e+02 2.0030e+02 4.5580e-02
8.3401e+02 1.7353e+02 8.7419e+02 1.9358e+02 4.5170e-02
6.0672e+02 1.7379e+02 6.2814e+02 1.8863e+02 4.3796e-02
7.8969e+02 1.6640e+02 8.1783e+02 1.8587e+02 4.3783e-02
6.1493e+02 1.7010e+02 6.2730e+02 1.9762e+02 4.3199e-02
8.3819e+02 1.6029e+02 8.6783e+02 1.8077e+02 3.9631e-02
8.4383e+02 1.6156e+02 8.6013e+02 1.9700e+02 3.7799e-02
5.7122e+02 1.6202e+02 6.0356e+02 2.2772e+02 3.6502e-02
5.9488e+02 1.6964e+02 6.0956e+02 2.0380e+02 3.5215e-02
5.5956e+02 1.7772e+02 5.8330e+02 1.9480e+02 3.3773e-02
7.9163e+02 1.6729e+02 8.2672e+02 1.8241e+02 3.2101e-02
5.6997e+02 1.7032e+02 5.9705e+02 2.2962e+02 3.1541e-02
8.4069e+02 1.6304e+02 8.5692e+02 1.9642e+02 2.9862e-02
5.6978e+02 1.6984e+02 6.0781e+02 2.4318e+02 2.9587e-02
5.7303e+02 1.7505e+02 6.0026e+02 1.9067e+02 2.9024e-02
8.1579e+02 1.7168e+02 8.4854e+02 1.8918e+02 2.7685e-02
5.8228e+02 1.8248e+02 6.1963e+02 2.2522e+02 2.7675e-02
5.7298e+02 1.7729e+02 6.0546e+02 2.3020e+02 2.6685e-02
5.8176e+02 1.6461e+02 6.1634e+02 2.2254e+02 2.5533e-02
5.8222e+02 1.7525e+02 6.2946e+02 2.0768e+02 2.3842e-02
7.7274e+02 1.7103e+02 8.1021e+02 1.8844e+02 2.3602e-02
5.8577e+02 1.7745e+02 6.2802e+02 2.1993e+02 2.3564e-02
6.1576e+02 1.7799e+02 6.3519e+02 1.9438e+02 2.2982e-02
5.5538e+02 1.7583e+02 5.7781e+02 1.9088e+02 2.2952e-02
5.6434e+02 1.8264e+02 6.0839e+02 2.1600e+02 2.2816e-02
7.9895e+02 1.7128e+02 8.3551e+02 1.8906e+02 2.1900e-02
5.9432e+02 1.8023e+02 6.2397e+02 2.0637e+02 2.0692e-02
5.6732e+02 1.6897e+02 5.7896e+02 1.9845e+02 2.0649e-02
7.9615e+02 1.6751e+02 8.2725e+02 1.8731e+02 2.0163e-02
8.2338e+02 1.7377e+02 8.5437e+02 1.9053e+02 2.0064e-02
5.7283e+02 1.8283e+02 6.2872e+02 2.2638e+02 1.9592e-02
8.0102e+02 1.6517e+02 8.1604e+02 1.9202e+02 1.9242e-02
5.6540e+02 1.8466e+02 6.1367e+02 2.2723e+02 1.9226e-02
5.7703e+02 1.8283e+02 6.2222e+02 2.1705e+02 1.9194e-02
8.3738e+02 1.6436e+02 8.5243e+02 1.9563e+02 1.7318e-02
8.4469e+02 1.5817e+02 8.6152e+02 1.9155e+02 1.6300e-02
6.1043e+02 1.7187e+02 6.2329e+02 2.1162e+02 1.6227e-02
6.0772e+02 1.6977e+02 6.1827e+02 1.9549e+02 1.5805e-02
8.0715e+02 1.7199e+02 8.4159e+02 1.8955e+02 1.4708e-02
8.3373e+02 1.6559e+02 8.4824e+02 1.9514e+02 1.4493e-02
5.8386e+02 1.6808e+02 6.0034e+02 2.0504e+02 1.3538e-02
8.2276e+02 1.6764e+02 8.4781e+02 1.8594e+02 1.3502e-02
7.7461e+02 1.6782e+02 8.0938e+02 1.8484e+02 1.2913e-02
5.7893e+02 1.7515e+02 6.0240e+02 1.9270e+02 1.2475e-02
6.0416e+02 1.8013e+02 6.2332e+02 2.0655e+02 1.1726e-02
5.6172e+02 1.7192e+02 5.8326e+02 1.8821e+02 1.1512e-02
7.9861e+02 1.6606e+02 8.1302e+02 1.9302e+02 1.1401e-02
8.2552e+02 1.6626e+02 8.5614e+02 1.8227e+02 1.0801e-02
5.5561e+02 1.7315e+02 5.7971e+02 1.8890e+02 1.0770e-02
5.8899e+02 1.6864e+02 6.0498e+02 2.0627e+02 1.0323e-02
5.6794e+02 1.4438e+02 6.2358e+02 2.7164e+02 1.0172e-02
5.4374e+02 1.6406e+02 6.3747e+02 2.4184e+02 1.0006e-02
6.1161e+02 1.7956e+02 6.3070e+02 1.9859e+02 9.7972e-03
0.0000e+00 2.7765e+02 2.9726e+01 3.7500e+02 9.7459e-03
5.5445e+02 1.7737e+02 5.7484e+02 1.9435e+02 9.7038e-03
5.6643e+02 1.7821e+02 5.8497e+02 2.0084e+02 9.2623e-03
8.3127e+02 1.6751e+02 8.4489e+02 1.9429e+02 8.5113e-03
7.8357e+02 1.6924e+02 8.0975e+02 1.8826e+02 8.4330e-03
5.8677e+02 1.7259e+02 6.1627e+02 2.4816e+02 8.4292e-03
5.6276e+02 1.7160e+02 5.8851e+02 1.8642e+02 8.1660e-03
6.0140e+02 1.7392e+02 6.2000e+02 2.2662e+02 8.1459e-03
8.0336e+02 1.6548e+02 8.1949e+02 1.9243e+02 7.9532e-03
5.4889e+02 1.7569e+02 5.7373e+02 1.9080e+02 7.8423e-03
5.2236e+02 1.6930e+02 6.5361e+02 2.4100e+02 7.8263e-03
5.8193e+02 1.7546e+02 6.1447e+02 2.6174e+02 7.7722e-03
5.6319e+02 1.6849e+02 5.7530e+02 1.9852e+02 7.2907e-03
8.4566e+02 1.6195e+02 8.6437e+02 1.9819e+02 6.7670e-03
5.7670e+02 1.6738e+02 5.9040e+02 1.9999e+02 6.3674e-03
5.7586e+02 1.7364e+02 6.0842e+02 2.5901e+02 6.1658e-03
7.7522e+02 1.6947e+02 8.0050e+02 1.8965e+02 5.9759e-03
5.8319e+02 1.8424e+02 6.1314e+02 2.3510e+02 5.8454e-03
6.1984e+02 1.7088e+02 6.3204e+02 1.9804e+02 5.7757e-03
8.2890e+02 1.7543e+02 8.6121e+02 1.9260e+02 5.4177e-03
8.1632e+02 1.6249e+02 8.9334e+02 1.9134e+02 5.1904e-03
7.6786e+02 1.6744e+02 8.0415e+02 1.8509e+02 4.7753e-03
6.1266e+02 1.7326e+02 6.3578e+02 1.8830e+02 4.7069e-03
1.2221e+03 3.2999e+02 1.2420e+03 3.7500e+02 4.6097e-03
5.3516e+02 1.6100e+02 6.5928e+02 2.3053e+02 4.5014e-03
6.1557e+02 1.8113e+02 6.3703e+02 1.9903e+02 4.4796e-03
5.5821e+02 1.4250e+02 6.1525e+02 2.6856e+02 4.3929e-03
5.6167e+02 1.1222e+02 6.2865e+02 2.6488e+02 4.3347e-03
5.5043e+02 1.7244e+02 5.7497e+02 1.8898e+02 4.2443e-03
6.1916e+02 1.7572e+02 6.3769e+02 1.9038e+02 4.2280e-03
7.7818e+02 1.6713e+02 8.0298e+02 1.8616e+02 4.1457e-03
6.0716e+02 1.7139e+02 6.3212e+02 1.8745e+02 4.1100e-03
5.3252e+02 1.5444e+02 6.2867e+02 2.3739e+02 4.0865e-03
5.4565e+02 1.7944e+02 5.7275e+02 1.9379e+02 4.0824e-03
1.2001e+03 2.8808e+02 1.2420e+03 3.7500e+02 4.0512e-03
7.8141e+02 1.6492e+02 8.1446e+02 1.8200e+02 3.8468e-03
5.9873e+02 1.7242e+02 6.2424e+02 1.8777e+02 3.7793e-03
0.0000e+00 3.5762e+02 6.3073e+00 3.7500e+02 3.7255e-03
5.8061e+02 1.6804e+02 5.9484e+02 2.0028e+02 3.6231e-03
1.2192e+03 3.5274e+02 1.2420e+03 3.7500e+02 3.5936e-03
8.3101e+02 1.6108e+02 8.6087e+02 1.8116e+02 3.5886e-03
7.7227e+02 1.6588e+02 7.9757e+02 1.8703e+02 3.4164e-03
5.5222e+02 1.7942e+02 6.1199e+02 2.1996e+02 3.4121e-03
7.6554e+02 1.7021e+02 8.0073e+02 1.8842e+02 3.4063e-03
7.9366e+02 1.7555e+02 8.2657e+02 1.9172e+02 3.2228e-03
6.0592e+02 1.7213e+02 6.2059e+02 2.2397e+02 3.1715e-03
5.6830e+02 1.7070e+02 5.8007e+02 2.1137e+02 3.1712e-03
1.2272e+03 1.7869e+02 1.2420e+03 2.9113e+02 3.1452e-03
1.0827e+03 0.0000e+00 1.2420e+03 3.7500e+02 3.1326e-03
5.9518e+02 1.7989e+02 6.2023e+02 2.1581e+02 3.0566e-03
5.6011e+02 1.7874e+02 5.7868e+02 1.9921e+02 3.0540e-03
1.1895e+03 3.2023e+02 1.2420e+03 3.7500e+02 3.0479e-03
5.5707e+02 1.6901e+02 6.0452e+02 2.0856e+02 3.0260e-03
6.0688e+02 1.8090e+02 6.2758e+02 2.0543e+02 2.9722e-03
5.7373e+02 1.4762e+02 6.1137e+02 2.2521e+02 2.9638e-03
0.0000e+00 3.1581e+02 4.1666e+01 3.7500e+02 2.8482e-03
0.0000e+00 3.2737e+02 1.4301e+01 3.7500e+02 2.7437e-03
5.7756e+02 1.3834e+02 6.2787e+02 2.6443e+02 2.7348e-03
3.2846e+02 1.4920e+02 3.4555e+02 1.9338e+02 2.6950e-03
7.6925e+02 1.6856e+02 7.9342e+02 1.8970e+02 2.6855e-03
1.2078e+03 1.0502e+02 1.2420e+03 3.0604e+02 2.5940e-03
7.6801e+02 1.7363e+02 8.0456e+02 1.9163e+02 2.5353e-03
7.8188e+02 1.6470e+02 7.9507e+02 1.9547e+02 2.5173e-03
1.2126e+03 3.5630e+02 1.2420e+03 3.7500e+02 2.5112e-03
7.7839e+02 1.6405e+02 7.9204e+02 1.9666e+02 2.4873e-03
3.3214e+02 1.4525e+02 3.4909e+02 1.9013e+02 2.4831e-03
4.9914e+02 1.5912e+02 6.4988e+02 2.3074e+02 2.4497e-03
5.5255e+02 1.0323e+02 6.1770e+02 2.6288e+02 2.4449e-03
5.9765e+02 1.7153e+02 6.2152e+02 2.3553e+02 2.4238e-03
1.2268e+03 1.6067e+02 1.2420e+03 2.5868e+02 2.3696e-03
8.3505e+02 1.5855e+02 8.7354e+02 1.7438e+02 2.3664e-03
7.9569e+02 1.6535e+02 8.0884e+02 1.9265e+02 2.3639e-03
0.0000e+00 1.6467e+02 7.3117e+00 2.2229e+02 2.3344e-03
7.9178e+02 1.6436e+02 8.2801e+02 1.7933e+02 2.2777e-03
5.6958e+02 1.6473e+02 5.8255e+02 1.9530e+02 2.2540e-03
0.0000e+00 1.9632e+02 5.1884e+01 3.7500e+02 2.2375e-03
3.4278e+02 1.4374e+02 3.6156e+02 1.9207e+02 2.2361e-03
5.6821e+02 1.4698e+02 6.0320e+02 2.2295e+02 2.1384e-03
5.4185e+02 1.7633e+02 5.6882e+02 1.9103e+02 2.1075e-03
5.6968e+02 1.8882e+02 6.1904e+02 2.3457e+02 2.0987e-03
5.6602e+02 1.6476e+02 5.7936e+02 1.9264e+02 2.0719e-03
1.2129e+03 1.8673e+02 1.2420e+03 2.2892e+02 2.0699e-03
5.7443e+02 1.7199e+02 5.9763e+02 1.8982e+02 2.0650e-03
5.7274e+02 1.6413e+02 5.8633e+02 1.9702e+02 2.0471e-03
7.6832e+02 1.6542e+02 7.9310e+02 1.8609e+02 2.0024e-03
3.8026e+02 1.4569e+02 3.9744e+02 1.8887e+02 1.9911e-03
0.0000e+00 1.7765e+02 8.3761e+00 2.3245e+02 1.9904e-03
6.1946e+02 1.7879e+02 6.3935e+02 1.9350e+02 1.9692e-03
5.5406e+02 1.7018e+02 5.7972e+02 1.8605e+02 1.9648e-03
7.7205e+02 1.7152e+02 7.9741e+02 1.9248e+02 1.9532e-03
1.0263e+03 8.7046e+01 1.2420e+03 3.7500e+02 1.9104e-03
1.2111e+03 1.7789e+02 1.2420e+03 2.2141e+02 1.8953e-03
0.0000e+00 1.0475e+02 3.1009e+01 2.8998e+02 1.8836e-03
5.6140e+02 1.6202e+02 6.1771e+02 2.0690e+02 1.8799e-03
3.4653e+02 1.4425e+02 3.6505e+02 1.9238e+02 1.8507e-03
5.6878e+02 1.7094e+02 5.9648e+02 1.8711e+02 1.8427e-03
1.2380e+03 1.9048e+02 1.2420e+03 2.4450e+02 1.8178e-03
5.3958e+02 1.7434e+02 5.6252e+02 1.9153e+02 1.8073e-03
8.4242e+02 1.5533e+02 8.5821e+02 1.8934e+02 1.7846e-03
1.2158e+03 1.9443e+02 1.2420e+03 2.3616e+02 1.7808e-03
6.0280e+02 1.6727e+02 6.1626e+02 1.9651e+02 1.7773e-03
3.3603e+02 1.4433e+02 3.5371e+02 1.9144e+02 1.7672e-03
5.5949e+02 1.6832e+02 5.7158e+02 1.9831e+02 1.7597e-03
1.2112e+03 1.6976e+02 1.2420e+03 2.1371e+02 1.7538e-03
5.6628e+02 1.5726e+02 5.9529e+02 2.2615e+02 1.7230e-03
5.3689e+02 1.3733e+02 6.4202e+02 2.3360e+02 1.7136e-03
5.6738e+02 1.8095e+02 5.8729e+02 2.0704e+02 1.7055e-03
8.4687e+02 1.5344e+02 8.6447e+02 1.9086e+02 1.7044e-03
1.1583e+03 1.8074e+02 1.2420e+03 3.7500e+02 1.6852e-03
7.6657e+02 1.6345e+02 8.0311e+02 1.8160e+02 1.6665e-03
7.7440e+02 1.6450e+02 8.0783e+02 1.8160e+02 1.6550e-03
7.7497e+02 1.6248e+02 7.8842e+02 1.9762e+02 1.5991e-03
1.1583e+03 1.7203e+01 1.2420e+03 3.6576e+02 1.5949e-03
6.1524e+02 1.7233e+02 6.2760e+02 2.1049e+02 1.5900e-03
5.3513e+02 1.7615e+02 5.6490e+02 1.9081e+02 1.5849e-03
3.3975e+02 1.4350e+02 3.5798e+02 1.9132e+02 1.5846e-03
1.2100e+03 1.5301e+02 1.2420e+03 1.9674e+02 1.5586e-03
1.2257e+03 1.2510e+02 1.2420e+03 2.2446e+02 1.5434e-03
1.2116e+03 1.6131e+02 1.2420e+03 2.0516e+02 1.5370e-03
3.4330e+02 1.5587e+02 3.6101e+02 2.0404e+02 1.5235e-03
3.8462e+02 1.4598e+02 4.0090e+02 1.8781e+02 1.5187e-03
3.7662e+02 1.4574e+02 3.9377e+02 1.8955e+02 1.5165e-03
5.3896e+02 1.7947e+02 5.6914e+02 1.9362e+02 1.5077e-03
0.0000e+00 0.0000e+00 1.2873e+02 3.7500e+02 1.5064e-03
5.8411e+02 1.7124e+02 6.4064e+02 2.0221e+02 1.4916e-03
5.9253e+02 1.6347e+02 6.1984e+02 2.1961e+02 1.4892e-03
3.4721e+02 1.5628e+02 3.6472e+02 2.0379e+02 1.4624e-03
1.0881e+03 1.1031e+02 1.2420e+03 2.8076e+02 1.4489e-03
8.0185e+02 1.6793e+02 8.3219e+02 1.8742e+02 1.4407e-03
3.7814e+02 1.5725e+02 3.9795e+02 2.0160e+02 1.4400e-03
0.0000e+00 1.5217e+02 7.6431e+00 2.1073e+02 1.4172e-03
1.2190e+03 1.8225e+02 1.2420e+03 2.3649e+02 1.4065e-03
3.8208e+02 1.5698e+02 4.0137e+02 2.0157e+02 1.3725e-03
0.0000e+00 1.4845e+02 1.6865e+01 2.5586e+02 1.3714e-03
1.2377e+03 1.9709e+02 1.2420e+03 2.5425e+02 1.3637e-03
8.2728e+02 1.6191e+02 8.5515e+02 1.8058e+02 1.3498e-03
1.2252e+03 2.0087e+02 1.2420e+03 3.1568e+02 1.3485e-03
6.0899e+02 1.6717e+02 6.3084e+02 1.8663e+02 1.3343e-03
5.8794e+02 1.7349e+02 6.1082e+02 1.9043e+02 1.3324e-03
3.8865e+02 1.4606e+02 4.0499e+02 1.8797e+02 1.3306e-03
6.1553e+02 1.8304e+02 6.3994e+02 2.0403e+02 1.3172e-03
0.0000e+00 1.4014e+02 6.8412e+00 1.9929e+02 1.3059e-03
7.7509e+02 1.6272e+02 7.9938e+02 1.8323e+02 1.2979e-03
8.1625e+02 1.6754e+02 8.4287e+02 1.8645e+02 1.2952e-03
3.2478e+02 1.4890e+02 3.4111e+02 1.9387e+02 1.2930e-03
5.8970e+02 1.6735e+02 6.0350e+02 1.9911e+02 1.2816e-03
5.4248e+02 1.7781e+02 5.6542e+02 1.9372e+02 1.2751e-03
0.0000e+00 2.8677e+02 4.7281e+01 3.7500e+02 1.2690e-03
1.1722e+03 1.2983e+02 1.2420e+03 2.1742e+02 1.2417e-03
5.6749e+02 1.7206e+02 5.8148e+02 2.1823e+02 1.2396e-03
3.4010e+02 1.5690e+02 3.5665e+02 2.0325e+02 1.2366e-03
6.1251e+02 1.6149e+02 6.2743e+02 1.9348e+02 1.2345e-03
6.1623e+02 1.6856e+02 6.2988e+02 1.9596e+02 1.2339e-03
5.3598e+02 1.7446e+02 5.5831e+02 1.9191e+02 1.2294e-03
5.6059e+02 1.6709e+02 5.8348e+02 1.8405e+02 1.2266e-03
5.9342e+02 1.7229e+02 6.1977e+02 1.8760e+02 1.2254e-03
8.4438e+02 1.6969e+02 8.6055e+02 2.1019e+02 1.2165e-03
1.2171e+03 2.0356e+02 1.2420e+03 2.4443e+02 1.2131e-03
1.2266e+03 1.4090e+02 1.2420e+03 2.4117e+02 1.2008e-03
1.2217e+03 1.9847e+02 1.2420e+03 2.5301e+02 1.2005e-03
7.8625e+02 1.6498e+02 7.9814e+02 1.9469e+02 1.2002e-03
1.2059e+03 6.8467e+01 1.2420e+03 2.5054e+02 1.1748e-03
0.0000e+00 3.2572e+02 5.5767e+01 3.7500e+02 1.1636e-03
5.3570e+02 1.7776e+02 5.5891e+02 1.9418e+02 1.1619e-03
1.2113e+03 1.3765e+02 1.2420e+03 1.8223e+02 1.1481e-03
5.1520e+02 1.4313e+02 6.6882e+02 2.2210e+02 1.1367e-03
6.1134e+02 1.8191e+02 6.3396e+02 2.0419e+02 1.1274e-03
8.2826e+02 1.6551e+02 8.4032e+02 1.9414e+02 1.1205e-03
0.0000e+00 1.3567e+02 3.1196e+01 3.2493e+02 1.1168e-03
5.5253e+02 1.7634e+02 6.4183e+02 2.5492e+02 1.1106e-03
5.2253e+02 1.7889e+02 6.5954e+02 2.5489e+02 1.0973e-03
0.0000e+00 2.5704e+02 8.6848e+01 3.7500e+02 1.0922e-03
6.1238e+02 1.7065e+02 6.3912e+02 1.8688e+02 1.0827e-03
1.2176e+03 1.7316e+02 1.2420e+03 2.2841e+02 1.0794e-03
0.0000e+00 2.5224e+02 2.5356e+01 3.7500e+02 1.0763e-03
0.0000e+00 3.4955e+02 2.1682e+01 3.7500e+02 1.0755e-03
7.8161e+02 1.5809e+02 7.9557e+02 1.9097e+02 1.0650e-03
1.2075e+03 1.5084e+02 1.2420e+03 3.5023e+02 1.0529e-03
3.9229e+02 1.4535e+02 4.0842e+02 1.8807e+02 1.0501e-03
5.4923e+02 1.6912e+02 5.7523e+02 1.8598e+02 1.0488e-03
0.0000e+00 4.2162e+01 6.9289e+01 3.7500e+02 1.0469e-03
5.3185e+02 1.7959e+02 5.6310e+02 1.9419e+02 1.0417e-03
7.9850e+02 1.6233e+02 8.1394e+02 1.8867e+02 1.0364e-03
5.4774e+02 1.5797e+02 6.8517e+02 2.2627e+02 1.0348e-03
5.9748e+02 1.6616e+02 6.1239e+02 1.9773e+02 1.0164e-03
7.6018e+02 1.6732e+02 7.9528e+02 1.8506e+02 1.0118e-03
5.7393e+02 1.0561e+02 6.4113e+02 2.6388e+02 1.0104e-03
8.0740e+02 1.6576e+02 8.2351e+02 1.9361e+02 1.0004e-03
5.4490e+02 1.8333e+02 6.0813e+02 2.2484e+02 9.9412e-04
1.2370e+03 1.4303e+02 1.2420e+03 1.9490e+02 9.9141e-04
0.0000e+00 3.6768e+02 9.6730e+00 3.7500e+02 9.9006e-04
5.4459e+02 1.7094e+02 5.6667e+02 1.8922e+02 9.8517e-04
5.8986e+02 1.7507e+02 6.1772e+02 2.6455e+02 9.7401e-04
5.5459e+02 1.7950e+02 5.7420e+02 1.9795e+02 9.7108e-04
7.6706e+02 1.6214e+02 7.9344e+02 1.8251e+02 9.7041e-04
3.5120e+02 1.5155e+02 3.6863e+02 2.0035e+02 9.6768e-04
0.0000e+00 2.0887e+02 2.8700e+01 3.7500e+02 9.6429e-04
3.5390e+01 1.5492e+02 1.4601e+02 1.9598e+02 9.5426e-04
1.2311e+03 1.5573e+02 1.2420e+03 1.7908e+02 9.4971e-04
0.0000e+00 2.6580e+02 1.4550e+02 3.7500e+02 9.4260e-04
5.6276e+02 1.6453e+02 5.7570e+02 1.9167e+02 9.4144e-04
7.8650e+02 1.7571e+02 8.2056e+02 1.9234e+02 9.3659e-04
1.2183e+03 1.4739e+02 1.2420e+03 2.0354e+02 9.3434e-04
0.0000e+00 1.8857e+02 8.3442e+00 2.4431e+02 9.3258e-04
5.5163e+02 1.6819e+02 6.8344e+02 2.3973e+02 9.2654e-04
1.1747e+03 1.1466e+02 1.2420e+03 2.0254e+02 9.2335e-04
1.2383e+03 1.7927e+02 1.2420e+03 2.3194e+02 9.1983e-04
0.0000e+00 6.7859e+01 2.8650e+01 2.6119e+02 9.1714e-04
7.6437e+02 1.6131e+02 8.4730e+02 1.9157e+02 9.0961e-04
7.9759e+02 1.5991e+02 8.7828e+02 1.9160e+02 8.9686e-04
0.0000e+00 2.8337e+02 6.8667e+01 3.7500e+02 8.8411e-04
5.8364e+02 1.9223e+02 6.2017e+02 2.3029e+02 8.8315e-04
3.3212e+02 1.5205e+02 3.4971e+02 1.9922e+02 8.8305e-04
8.3041e+02 1.6108e+02 8.4537e+02 1.8988e+02 8.7875e-04
1.1279e+03 2.5207e+02 1.2420e+03 3.7500e+02 8.7619e-04
8.3833e+02 1.5697e+02 8.6732e+02 1.7641e+02 8.6957e-04
5.9491e+02 1.8354e+02 6.1805e+02 2.3264e+02 8.6712e-04
7.9155e+02 1.6505e+02 8.0309e+02 1.9363e+02 8.6409e-04
1.1901e+03 1.2009e+02 1.2420e+03 2.3241e+02 8.6268e-04
1.0858e+03 2.6403e+02 1.2420e+03 3.7500e+02 8.4638e-04
3.3639e+02 1.5657e+02 3.5341e+02 2.0363e+02 8.3480e-04
4.1644e+02 1.5478e+02 4.3182e+02 1.9817e+02 8.2692e-04
1.2381e+03 2.0656e+02 1.2420e+03 2.6653e+02 8.1837e-04
6.0196e+02 1.8210e+02 6.2604e+02 2.0359e+02 8.1707e-04
4.2018e+02 1.5539e+02 4.3531e+02 1.9775e+02 8.1316e-04
7.6686e+02 1.5969e+02 8.0297e+02 1.7754e+02 8.1055e-04
1.2380e+03 1.7093e+02 1.2420e+03 2.2320e+02 8.0729e-04
6.0971e+02 1.6095e+02 6.2457e+02 1.9348e+02 8.0628e-04
7.7787e+02 1.5762e+02 7.9222e+02 1.9099e+02 8.0577e-04
3.7561e+02 1.5325e+02 3.9429e+02 1.9758e+02 8.0512e-04
5.6274e+02 1.7239e+02 5.7514e+02 2.1136e+02 7.8196e-04
5.4071e+02 1.6496e+02 5.5451e+02 1.9596e+02 7.8170e-04
3.6930e+02 1.5654e+02 4.1395e+02 1.7818e+02 7.8078e-04
1.1235e+03 8.9912e+01 1.2420e+03 3.1153e+02 7.7276e-04
1.1758e+03 1.6153e+02 1.2420e+03 2.4950e+02 7.6911e-04
3.7213e+02 1.4413e+02 3.8931e+02 1.9111e+02 7.6871e-04
7.1906e+01 1.6969e+02 1.2889e+02 1.8924e+02 7.6737e-04
5.6177e+02 1.6657e+02 5.9101e+02 1.8167e+02 7.6666e-04
7.5866e+02 1.6340e+02 7.9555e+02 1.8124e+02 7.6584e-04
1.2376e+03 1.6286e+02 1.2420e+03 2.1512e+02 7.5833e-04
3.6811e+02 1.5986e+02 4.1420e+02 1.8235e+02 7.5484e-04
0.0000e+00 0.0000e+00 3.1343e+01 7.9912e+01 7.5047e-04
5.5957e+02 1.6105e+02 6.2707e+02 1.9748e+02 7.4803e-04
3.6385e+02 1.4260e+02 3.8176e+02 1.9204e+02 7.4795e-04
5.6769e+02 1.6585e+02 5.9100e+02 1.8437e+02 7.4590e-04
5.9144e+02 1.8215e+02 6.2361e+02 2.1222e+02 7.3977e-04
3.2822e+02 1.5634e+02 3.4530e+02 2.0153e+02 7.3936e-04
1.2174e+03 2.1005e+02 1.2420e+03 2.5345e+02 7.3170e-04
0.0000e+00 1.2247e+02 1.5259e+01 2.3442e+02 7.2994e-04
5.3673e+02 1.7044e+02 5.5858e+02 1.8969e+02 7.2912e-04
3.4352e+01 1.6214e+02 1.4334e+02 2.0277e+02 7.1458e-04
5.3541e+02 1.7173e+02 5.6552e+02 1.8882e+02 7.1449e-04
8.2272e+02 1.5627e+02 8.8031e+02 1.9244e+02 7.1090e-04
5.8247e+02 1.7259e+02 6.0557e+02 1.8949e+02 7.0788e-04
6.2369e+02 1.7214e+02 6.3608e+02 1.9919e+02 7.0693e-04
4.2074e+02 1.4866e+02 4.3572e+02 1.8936e+02 7.0459e-04
1.2363e+03 2.0134e+02 1.2420e+03 2.3078e+02 6.9833e-04
5.3241e+02 1.7025e+02 6.2571e+02 2.5813e+02 6.9724e-04
7.7497e+02 1.5863e+02 7.9876e+02 1.7861e+02 6.9714e-04
3.6772e+02 1.4334e+02 3.8522e+02 1.9149e+02 6.9481e-04
6.1873e+02 1.8223e+02 6.4142e+02 1.9925e+02 6.9356e-04
1.0362e+03 2.9464e+02 1.1122e+03 3.7500e+02 6.8918e-04
1.0514e+03 2.9345e+02 1.1279e+03 3.7500e+02 6.8436e-04
5.3837e+02 1.1383e+02 5.9778e+02 2.6684e+02 6.8272e-04
1.2372e+03 1.5426e+02 1.2420e+03 2.0703e+02 6.8116e-04
5.9301e+02 1.6471e+02 6.0822e+02 1.9821e+02 6.7780e-04
1.2335e+03 2.0324e+02 1.2420e+03 2.2734e+02 6.7751e-04
8.3967e+02 1.7417e+02 8.6561e+02 1.9689e+02 6.7543e-04
5.7700e+02 1.8979e+02 6.0669e+02 2.3421e+02 6.7379e-04
3.2074e+02 1.4440e+02 3.3703e+02 1.9077e+02 6.6753e-04
1.2339e+03 3.5524e+02 1.2420e+03 3.7500e+02 6.6232e-04
1.1916e+03 1.4933e+02 1.2420e+03 2.6568e+02 6.6213e-04
5.0926e+02 1.4781e+02 6.1736e+02 2.3741e+02 6.6187e-04
5.4039e+02 1.6670e+02 5.6273e+02 1.8718e+02 6.6150e-04
8.0881e+02 1.6853e+02 8.3735e+02 1.8746e+02 6.5742e-04
3.8724e+02 1.5303e+02 4.0542e+02 1.9699e+02 6.5641e-04
1.2315e+03 1.6349e+02 1.2420e+03 1.8693e+02 6.5607e-04
0.0000e+00 1.0084e+02 1.8844e+02 3.7500e+02 6.5110e-04
7.7093e+02 1.6206e+02 7.8445e+02 1.9956e+02 6.5022e-04
1.2324e+03 1.7585e+02 1.2420e+03 1.9890e+02 6.4946e-04
7.6010e+01 1.5821e+02 1.3023e+02 1.7697e+02 6.4416e-04
3.9626e+02 1.4570e+02 4.1207e+02 1.8765e+02 6.4340e-04
4.1727e+02 1.4953e+02 4.3190e+02 1.8954e+02 6.4143e-04
1.2180e+03 1.3271e+02 1.2420e+03 1.8994e+02 6.4107e-04
1.2230e+03 2.1242e+02 1.2420e+03 2.7142e+02 6.3936e-04
3.7233e+02 1.5318e+02 4.0282e+02 1.8161e+02 6.3916e-04
1.2248e+03 1.0227e+02 1.2420e+03 2.0407e+02 6.3767e-04
5.8393e+02 1.6375e+02 5.9889e+02 1.9869e+02 6.3708e-04
5.8724e+02 1.7181e+02 6.1408e+02 1.8723e+02 6.2257e-04
6.9380e+01 1.6564e+02 1.2697e+02 1.8611e+02 6.2046e-04
7.4422e+01 1.7312e+02 1.3078e+02 1.9310e+02 6.1510e-04
3.5575e+02 1.5697e+02 3.7283e+02 2.0366e+02 6.1486e-04
1.2339e+03 1.5329e+02 1.2420e+03 1.8310e+02 6.1369e-04
3.6161e+02 1.6665e+02 4.0869e+02 1.9083e+02 6.0974e-04
1.2122e+03 1.2983e+02 1.2420e+03 1.7453e+02 6.0593e-04
3.5995e+02 1.4172e+02 3.7679e+02 1.9310e+02 6.0146e-04
7.8565e+02 1.6198e+02 8.1969e+02 1.7844e+02 6.0139e-04
1.2050e+03 0.0000e+00 1.2420e+03 8.0289e+01 5.8724e-04
5.9328e+02 1.8477e+02 6.2094e+02 2.2426e+02 5.7900e-04
1.2331e+03 1.9546e+02 1.2420e+03 2.1912e+02 5.7483e-04
3.6385e+02 1.6316e+02 4.1113e+02 1.8630e+02 5.7227e-04
3.6007e+02 1.5626e+02 3.7745e+02 2.0325e+02 5.7194e-04
1.0202e+03 2.9500e+02 1.0971e+03 3.7500e+02 5.7185e-04
5.7637e+02 1.7132e+02 6.0401e+02 1.8716e+02 5.7070e-04
3.2042e+02 1.5662e+02 3.3680e+02 2.0021e+02 5.6903e-04
1.2295e+03 3.6639e+02 1.2420e+03 3.7500e+02 5.6867e-04
1.2320e+03 1.7182e+02 1.2420e+03 1.9504e+02 5.5931e-04
8.1467e+02 1.6516e+02 8.4792e+02 1.8236e+02 5.5860e-04
0.0000e+00 1.0904e+02 7.0219e+00 1.6549e+02 5.5407e-04
0.0000e+00 1.2005e+02 2.7581e+02 3.7500e+02 5.5097e-04
1.2317e+03 1.6762e+02 1.2420e+03 1.9100e+02 5.4787e-04
5.6453e+02 1.6633e+02 5.9559e+02 2.4848e+02 5.4546e-04
1.2737e+01 2.8697e+02 8.3858e+01 3.7500e+02 5.4505e-04
3.5743e+02 1.5528e+02 4.0522e+02 1.7896e+02 5.4435e-04
1.9144e+00 2.1524e+02 6.1587e+01 3.7500e+02 5.4261e-04
5.4505e+02 1.6369e+02 5.5904e+02 1.9462e+02 5.4192e-04
1.2282e+03 3.6859e+02 1.2420e+03 3.7500e+02 5.3997e-04
1.0872e+03 7.6024e+01 1.2420e+03 2.5165e+02 5.3899e-04
1.2162e+03 2.1776e+02 1.2420e+03 2.6133e+02 5.3837e-04
1.0661e+03 2.8983e+02 1.1427e+03 3.7500e+02 5.3477e-04
1.1718e+03 0.0000e+00 1.2420e+03 3.2645e+01 5.3470e-04
5.4827e+02 1.7243e+02 5.9626e+02 2.1389e+02 5.3029e-04
5.4781e+02 1.7987e+02 5.6909e+02 1.9761e+02 5.3027e-04
3.7097e+02 1.6322e+02 4.0344e+02 1.9416e+02 5.2333e-04
7.7406e+02 1.5656e+02 7.8837e+02 1.9104e+02 5.2214e-04
5.5247e+02 1.8253e+02 6.2562e+02 2.2979e+02 5.2022e-04
1.2261e+01 2.2034e+02 7.8035e+01 3.7500e+02 5.2008e-04
1.2329e+03 1.8318e+02 1.2420e+03 2.0709e+02 5.1772e-04
1.2362e+03 2.0853e+02 1.2420e+03 2.3890e+02 5.1543e-04
5.9128e+02 1.8015e+02 6.4863e+02 2.1578e+02 5.1367e-04
3.5541e+02 1.4670e+02 3.7273e+02 1.9719e+02 5.1107e-04
5.4245e+02 1.6808e+02 5.7060e+02 1.8579e+02 5.0803e-04
1.2056e+03 2.4543e+02 1.2420e+03 3.7500e+02 5.0451e-04
1.2362e+03 1.9351e+02 1.2420e+03 2.2242e+02 5.0093e-04
5.7031e+02 1.7485e+02 6.0241e+02 2.5936e+02 5.0049e-04
1.1828e+03 2.8594e+02 1.2420e+03 3.7500e+02 4.9828e-04
7.8578e+02 1.5828e+02 7.9837e+02 1.9018e+02 4.9719e-04
5.8860e+02 1.8850e+02 6.1566e+02 2.3364e+02 4.9042e-04
5.5517e+02 1.6738e+02 5.6732e+02 1.9852e+02 4.9013e-04
7.5685e+01 1.6212e+02 1.3032e+02 1.8105e+02 4.8844e-04
1.2334e+03 1.9117e+02 1.2420e+03 2.1511e+02 4.8818e-04
0.0000e+00 1.2856e+02 6.5068e+00 1.8713e+02 4.8654e-04
4.1315e+02 1.5464e+02 4.2853e+02 1.9780e+02 4.8422e-04
3.8066e+02 1.5323e+02 4.1001e+02 1.8096e+02 4.8285e-04
1.1764e+03 1.7761e+02 1.2420e+03 2.6812e+02 4.8133e-04
0.0000e+00 1.7580e+02 1.0424e+01 2.0755e+02 4.7645e-04
1.2311e+03 1.4770e+02 1.2420e+03 1.7165e+02 4.7325e-04
9.8764e+02 0.0000e+00 1.2420e+03 1.2316e+02 4.7269e-04
8.3769e+02 1.5538e+02 8.5352e+02 1.8967e+02 4.7024e-04
3.5191e+02 1.6161e+02 3.6797e+02 2.0452e+02 4.6881e-04
3.7448e+02 1.5616e+02 4.0694e+02 1.8532e+02 4.6674e-04
3.1686e+02 1.4478e+02 3.3289e+02 1.8979e+02 4.6576e-04
7.6643e+02 1.5821e+02 7.9347e+02 1.7846e+02 4.6575e-04
3.6381e+02 1.5604e+02 3.8158e+02 2.0244e+02 4.6487e-04
1.2343e+03 1.6108e+02 1.2420e+03 1.9089e+02 4.6293e-04
5.4216e+02 1.5417e+02 5.5495e+02 1.9091e+02 4.6141e-04
5.6032e+02 1.8240e+02 5.7916e+02 2.0492e+02 4.6065e-04
7.9824e+02 1.7645e+02 8.3101e+02 1.9253e+02 4.5932e-04
0.0000e+00 0.0000e+00 6.8960e+01 1.5191e+02 4.5805e-04
1.2125e+03 3.2671e+02 1.2420e+03 3.7500e+02 4.4913e-04
0.0000e+00 1.3672e+02 4.1603e+01 2.4598e+02 4.4542e-04
3.3070e+02 1.5420e+02 4.2445e+02 1.9618e+02 4.4195e-04
5.7629e+02 1.6403e+02 6.4069e+02 1.9693e+02 4.3957e-04
0.0000e+00 1.6958e+02 2.3294e+01 2.3319e+02 4.3349e-04
9.7824e+02 2.8622e+01 1.2420e+03 3.7500e+02 4.3106e-04
5.4137e+02 1.6792e+02 6.0502e+02 2.0083e+02 4.2372e-04
5.5943e+02 1.9462e+02 6.2542e+02 2.3295e+02 4.0539e-04
5.7069e+02 1.6559e+02 6.6850e+02 2.4484e+02 4.0233e-04
1.0040e+03 2.9459e+02 1.0813e+03 3.7500e+02 4.0196e-04
5.6249e+02 1.4565e+02 5.9502e+02 2.1842e+02 3.9782e-04
1.1619e+03 0.0000e+00 1.2420e+03 1.6777e+02 3.9444e-04
4.7045e+02 1.5360e+02 6.3324e+02 2.3025e+02 3.9333e-04
5.8545e+02 1.8472e+02 6.3097e+02 2.3112e+02 3.9079e-04
1.0825e+03 2.8959e+02 1.1580e+03 3.7500e+02 3.8703e-04
0.0000e+00 1.8213e+02 3.2806e+01 2.3247e+02 3.8201e-04
9.5653e+02 2.9269e+02 1.0334e+03 3.7500e+02 3.7998e-04
1.0091e+03 3.2689e+02 1.1288e+03 3.7500e+02 3.7960e-04
5.9148e+02 1.7559e+02 6.4546e+02 2.0638e+02 3.7703e-04
9.7220e+02 2.9624e+02 1.0480e+03 3.7500e+02 3.7356e-04
0.0000e+00 1.7402e+02 3.0711e+01 2.2375e+02 3.7126e-04
1.1049e+03 0.0000e+00 1.2420e+03 5.9691e+01 3.7121e-04
3.4011e+02 1.4917e+02 4.2872e+02 1.8987e+02 3.6628e-04
0.0000e+00 7.4577e+01 1.4322e+02 2.4670e+02 3.6329e-04
0.0000e+00 8.2689e+01 9.0978e+01 3.0368e+02 3.6009e-04
0.0000e+00 1.4098e+02 1.9140e+02 2.1520e+02 3.5627e-04
0.0000e+00 0.0000e+00 3.1765e+02 1.4631e+02 3.5181e-04
3.2261e+02 1.4762e+02 4.1317e+02 1.9052e+02 3.4747e-04
1.2126e+03 1.2158e+02 1.2420e+03 1.6705e+02 3.4238e-04
9.8723e+02 2.9389e+02 1.0641e+03 3.7500e+02 3.4064e-04
1.2109e+03 1.7459e+02 1.2387e+03 2.9363e+02 3.3803e-04
1.1490e+03 2.9229e+02 1.2242e+03 3.7500e+02 3.3419e-04
5.9833e+02 1.7112e+02 6.2473e+02 2.5187e+02 3.3139e-04
1.2270e+03 0.0000e+00 1.2420e+03 4.6839e+01 3.2970e-04
1.2167e+03 2.2503e+02 1.2420e+03 2.6940e+02 3.2502e-04
0.0000e+00 0.0000e+00 2.3159e+02 1.5954e+02 3.2049e-04
1.1795e+03 1.9212e+02 1.2420e+03 2.8629e+02 3.1974e-04
1.1957e+03 1.7808e+02 1.2420e+03 3.0406e+02 3.1887e-04
1.0311e+03 0.0000e+00 1.2420e+03 1.7387e+02 3.1391e-04
1.1784e+03 9.8628e+01 1.2420e+03 1.9081e+02 3.0906e-04
0.0000e+00 9.7684e+01 1.4929e+01 2.1161e+02 3.0807e-04
0.0000e+00 1.7274e+02 1.6410e+01 2.7998e+02 3.0717e-04
9.3942e+02 2.8890e+02 1.0187e+03 3.7500e+02 3.0211e-04
0.0000e+00 1.4838e+02 6.4771e+01 2.3492e+02 3.0207e-04
0.0000e+00 2.4337e+02 1.4451e+01 3.6648e+02 2.9849e-04
0.0000e+00 1.5283e+02 2.1084e+01 2.1653e+02 2.9713e-04
5.2747e+02 1.7484e+02 5.9474e+02 2.0838e+02 2.9703e-04
2.8242e+02 1.2509e+02 4.5294e+02 1.9583e+02 2.9670e-04
0.0000e+00 3.2774e+02 2.3021e+01 3.7500e+02 2.8313e-04
0.0000e+00 1.6417e+02 6.4734e+01 2.4975e+02 2.8226e-04
5.5167e+01 1.5501e+02 1.6635e+02 1.9688e+02 2.8209e-04
2.6459e+02 1.3753e+02 4.3770e+02 2.0831e+02 2.8086e-04
1.2241e+03 8.1513e+01 1.2420e+03 1.9073e+02 2.8033e-04
5.6496e+02 1.4371e+02 6.2576e+02 3.1216e+02 2.7301e-04
1.2252e+03 3.0967e+02 1.2420e+03 3.7500e+02 2.7136e-04
1.1048e+03 1.5849e+02 1.2420e+03 3.4341e+02 2.7089e-04
2.4429e+01 1.5686e+02 1.2104e+02 1.9785e+02 2.7035e-04
7.4546e+02 1.5863e+02 8.3178e+02 1.9246e+02 2.7026e-04
4.7368e+02 1.6550e+02 6.2456e+02 2.4230e+02 2.7023e-04
1.0983e+03 2.9022e+02 1.1736e+03 3.7500e+02 2.6555e-04
5.6267e+02 1.5266e+02 6.7061e+02 2.3517e+02 2.6383e-04
1.2229e+03 2.2683e+02 1.2420e+03 2.8932e+02 2.6223e-04
2.3273e+02 1.3987e+02 4.1091e+02 2.0808e+02 2.6185e-04
5.6040e+02 1.6779e+02 5.8403e+02 2.3546e+02 2.6054e-04
8.9246e+02 2.9064e+02 9.6753e+02 3.7500e+02 2.5404e-04
5.9415e+02 1.3778e+02 6.4994e+02 2.7372e+02 2.5395e-04
8.7616e+02 2.8780e+02 9.5154e+02 3.7500e+02 2.4806e-04
6.0098e+02 1.6092e+02 6.2483e+02 2.1925e+02 2.4232e-04
1.2169e+03 1.7074e+02 1.2420e+03 2.9035e+02 2.3896e-04
5.1481e+02 1.0903e+02 5.8072e+02 2.7822e+02 2.3830e-04
5.5172e+02 1.5947e+02 6.0370e+02 2.0119e+02 2.3629e-04
9.8376e+02 3.3219e+02 1.1511e+03 3.7500e+02 2.3575e-04
3.5323e+02 1.5436e+02 4.4324e+02 1.9512e+02 2.3567e-04
1.2250e+03 2.7365e+02 1.2420e+03 3.7500e+02 2.3520e-04
2.4900e+02 1.2607e+02 4.2635e+02 1.9545e+02 2.3377e-04
5.8016e+02 1.4894e+02 6.3703e+02 3.0944e+02 2.3369e-04
1.1962e+03 3.3169e+02 1.2328e+03 3.7500e+02 2.3364e-04
5.8971e+02 1.8523e+02 6.4937e+02 2.2498e+02 2.3299e-04
1.1242e+03 0.0000e+00 1.2420e+03 8.2562e+01 2.3121e-04
9.2432e+02 2.8843e+02 1.0027e+03 3.7500e+02 2.2890e-04
1.2051e+03 3.4609e+01 1.2420e+03 2.2134e+02 2.2786e-04
0.0000e+00 1.5732e+02 2.7928e+01 2.0868e+02 2.2564e-04
1.0165e+03 1.9929e+02 1.1624e+03 3.7500e+02 2.2525e-04
1.2179e+03 2.3265e+02 1.2420e+03 2.7791e+02 2.2473e-04
1.2187e+03 1.1593e+02 1.2420e+03 1.7500e+02 2.2424e-04
3.4391e+01 1.6943e+02 1.4470e+02 2.1085e+02 2.2335e-04
1.0394e+03 3.2577e+02 1.1610e+03 3.7500e+02 2.2143e-04
0.0000e+00 1.6742e+02 4.1721e+01 2.7635e+02 2.1953e-04
4.4811e+01 1.4921e+02 1.5319e+02 1.8990e+02 2.1873e-04
8.6023e+02 2.8816e+02 9.3579e+02 3.7500e+02 2.1872e-04
0.0000e+00 1.3875e+01 2.9229e+02 3.5783e+02 2.1859e-04
9.7631e+02 3.2703e+02 1.0992e+03 3.7500e+02 2.1857e-04
0.0000e+00 1.8479e+02 2.2586e+01 2.4706e+02 2.1682e-04
5.5114e+02 1.8192e+02 6.9140e+02 2.5516e+02 2.1563e-04
0.0000e+00 0.0000e+00 1.1025e+02 7.8274e+01 2.1557e-04
9.0870e+02 2.8976e+02 9.8470e+02 3.7500e+02 2.1478e-04
3.1203e+02 1.5315e+02 4.0627e+02 1.9714e+02 2.1437e-04
1.1932e+03 8.8791e+01 1.2420e+03 2.0474e+02 2.1194e-04
1.2249e+03 2.1723e+02 1.2420e+03 3.4039e+02 2.1119e-04
5.3780e+02 1.4306e+02 7.0600e+02 2.1702e+02 2.0890e-04
3.0566e+02 1.4819e+02 3.9552e+02 1.9014e+02 2.0768e-04
5.0417e+02 1.3100e+02 6.2419e+02 2.2777e+02 2.0636e-04
1.2033e+03 1.8530e+02 1.2334e+03 3.0497e+02 2.0383e-04
2.9433e+02 1.3620e+02 4.6741e+02 2.0735e+02 2.0365e-04
0.0000e+00 1.0328e+02 4.1051e+01 2.1463e+02 2.0263e-04
1.2131e+03 1.1302e+02 1.2420e+03 1.5840e+02 1.9985e-04
9.8359e+02 2.0123e+02 1.1321e+03 3.7500e+02 1.9800e-04
1.1149e+03 2.9222e+02 1.1896e+03 3.7500e+02 1.9695e-04
0.0000e+00 0.0000e+00 4.9865e+01 4.3005e+01 1.9437e-04
5.7006e+02 1.7798e+02 6.6698e+02 2.5995e+02 1.9307e-04
0.0000e+00 1.3169e+02 6.3020e+01 2.2137e+02 1.9115e-04
1.1326e+03 2.9388e+02 1.2071e+03 3.7500e+02 1.8664e-04
5.3087e+02 1.8091e+02 5.9751e+02 2.1806e+02 1.8612e-04
0.0000e+00 3.2540e+02 3.3158e+01 3.7500e+02 1.8404e-04
1.2094e+03 1.6325e+02 1.2402e+03 2.6903e+02 1.8226e-04
0.0000e+00 0.0000e+00 1.5936e+02 7.3036e+01 1.8091e-04
0.0000e+00 1.5463e+02 1.7714e+02 2.2363e+02 1.8073e-04
2.0101e+02 1.4252e+02 3.8121e+02 2.0896e+02 1.8070e-04
1.0448e+03 1.9729e+02 1.1941e+03 3.7500e+02 1.8005e-04
7.7867e+02 1.6533e+02 8.5538e+02 1.9488e+02 1.7723e-04
5.2988e+02 1.6768e+02 5.9694e+02 1.9874e+02 1.7547e-04
1.1625e+03 3.2584e+02 1.2420e+03 3.7500e+02 1.7513e-04
3.4787e+02 1.6278e+02 4.3635e+02 2.0154e+02 1.7495e-04
5.0497e+02 1.2519e+02 6.7270e+02 2.0456e+02 1.7302e-04
8.3589e+02 1.4677e+02 8.6553e+02 2.0497e+02 1.7189e-04
0.0000e+00 2.7352e+02 1.3782e+01 3.7500e+02 1.7148e-04
4.0118e+02 9.4322e+01 7.6385e+02 2.5415e+02 1.7123e-04
5.9235e+02 1.4799e+02 6.2379e+02 2.1673e+02 1.7108e-04
6.0616e+02 1.6817e+02 6.3373e+02 2.4161e+02 1.7001e-04
0.0000e+00 0.0000e+00 1.3452e+01 5.6546e+01 1.6967e-04
6.6605e+02 0.0000e+00 8.1788e+02 1.7074e+02 1.6898e-04
0.0000e+00 3.1060e+02 1.2353e+01 3.7500e+02 1.6743e-04
2.9010e+02 1.5378e+02 3.8421e+02 1.9599e+02 1.6684e-04
1.1324e+03 1.3958e+02 1.2420e+03 3.7500e+02 1.6665e-04
1.1712e+03 9.5167e+01 1.2352e+03 3.0884e+02 1.6611e-04
2.7695e+01 2.8915e+02 9.9974e+01 3.7500e+02 1.6602e-04
5.3005e+02 1.1344e+02 6.4648e+02 2.1756e+02 1.6485e-04
9.4199e+02 3.2881e+02 1.0659e+03 3.7500e+02 1.6466e-04
4.9822e+02 1.1661e+02 5.6470e+02 2.8653e+02 1.6334e-04
5.9074e+02 1.6950e+02 6.5183e+02 1.9984e+02 1.6052e-04
1.1534e+03 9.8884e+01 1.2222e+03 3.0593e+02 1.6029e-04
2.8508e+02 1.4868e+02 3.7677e+02 1.8941e+02 1.5801e-04
0.0000e+00 1.4075e+02 2.6800e+01 2.6529e+02 1.5774e-04
0.0000e+00 2.0952e+02 4.5160e+01 3.7500e+02 1.5649e-04
5.2882e+02 7.6249e+01 5.9926e+02 2.5544e+02 1.5644e-04
0.0000e+00 1.3116e+02 1.4804e+02 3.0765e+02 1.5566e-04
9.5421e+02 2.0870e+02 1.1026e+03 3.7500e+02 1.5562e-04
0.0000e+00 1.2682e+02 1.7931e+02 2.0008e+02 1.5413e-04
0.0000e+00 1.4920e+02 2.6289e+01 2.0024e+02 1.5364e-04
9.5112e+02 3.3163e+02 1.1192e+03 3.7500e+02 1.5282e-04
0.0000e+00 1.7843e+02 6.6048e+01 2.6559e+02 1.4874e-04
5.9028e+01 1.0048e+02 1.3880e+02 2.5704e+02 1.4854e-04
0.0000e+00 1.2607e+02 6.0335e+01 3.7500e+02 1.4778e-04
1.2145e+03 1.0473e+02 1.2420e+03 1.5132e+02 1.4760e-04
4.9388e+02 1.7540e+02 6.3916e+02 2.5521e+02 1.4527e-04
4.6058e+02 1.3763e+02 6.3957e+02 2.1870e+02 1.4371e-04
4.8581e+02 1.4324e+02 6.0300e+02 2.3991e+02 1.4040e-04
1.1880e+03 9.2749e+01 1.2420e+03 3.0314e+02 1.3895e-04
3.0942e+02 1.2223e+02 4.8815e+02 1.9610e+02 1.3737e-04
1.2139e+03 0.0000e+00 1.2420e+03 1.4418e+01 1.3669e-04
0.0000e+00 1.3712e+02 2.1291e+01 2.0024e+02 1.3622e-04
5.6520e+02 0.0000e+00 8.7167e+02 3.1520e+02 1.3562e-04
2.9049e+01 1.4795e+02 1.3221e+02 1.8971e+02 1.3410e-04
1.2093e+03 1.8225e+02 1.2396e+03 3.3691e+02 1.3365e-04
8.4548e+02 2.8962e+02 9.1933e+02 3.7500e+02 1.3074e-04
3.2211e+02 1.6083e+02 4.1519e+02 2.0299e+02 1.3018e-04
1.1805e+03 8.1633e+01 1.2420e+03 1.7685e+02 1.2906e-04
9.0893e+02 3.2707e+02 1.0382e+03 3.7500e+02 1.2846e-04
9.0085e+02 3.3299e+02 1.0765e+03 3.7500e+02 1.2500e-04
0.0000e+00 1.1400e+02 6.0724e+01 2.0496e+02 1.2478e-04
7.5407e+02 1.6396e+02 8.3499e+02 1.9614e+02 1.2463e-04
1.2212e+03 3.4301e+02 1.2420e+03 3.7500e+02 1.2446e-04
1.1693e+03 1.2120e+02 1.2420e+03 3.7500e+02 1.2329e-04
3.2642e+00 3.2736e+02 4.1626e+01 3.7500e+02 1.2121e-04
2.7408e+02 1.5509e+02 3.6784e+02 1.9639e+02 1.2052e-04
5.7099e+02 1.6867e+02 7.1540e+02 2.3972e+02 1.1993e-04
4.8168e+02 1.1674e+02 5.4856e+02 2.8797e+02 1.1990e-04
0.0000e+00 0.0000e+00 6.2499e+01 3.0483e+02 1.1895e-04
1.2208e+03 0.0000e+00 1.2420e+03 1.8088e+01 1.1848e-04
1.2028e+03 1.6371e+02 1.2339e+03 2.6460e+02 1.1814e-04
6.3275e+02 0.0000e+00 7.8715e+02 1.6581e+02 1.1758e-04
5.8975e+02 9.7168e+01 6.5876e+02 2.6444e+02 1.1712e-04
6.2613e+02 0.0000e+00 9.3308e+02 3.3900e+02 1.1642e-04
0.0000e+00 0.0000e+00 7.5021e+01 4.3283e+01 1.1553e-04
3.4966e+02 1.4963e+02 4.1662e+02 1.9835e+02 1.1553e-04
0.0000e+00 1.0610e+02 4.7801e+01 2.9326e+02 1.1500e-04
9.1913e+02 2.0832e+02 1.0684e+03 3.7500e+02 1.1444e-04
1.0780e+03 1.9637e+02 1.2229e+03 3.7500e+02 1.1422e-04
0.0000e+00 1.5047e+02 8.2340e+01 3.6749e+02 1.1216e-04
3.6645e+02 1.3607e+02 4.0274e+02 2.1208e+02 1.1193e-04
5.0740e+02 3.0612e+01 6.5655e+02 3.6828e+02 1.1012e-04
2.6368e+01 2.1886e+02 9.3000e+01 3.7500e+02 1.0994e-04
5.6679e+02 1.5613e+02 7.1590e+02 2.2650e+02 1.0924e-04
1.1208e+03 3.2819e+02 1.2357e+03 3.7500e+02 1.0862e-04
8.8790e+02 1.5959e+02 9.7071e+02 1.9433e+02 1.0805e-04
1.6352e+01 1.6290e+02 1.1409e+02 2.0414e+02 1.0740e-04
6.7272e+02 0.0000e+00 7.4235e+02 7.6667e+01 1.0647e-04
2.0804e+01 1.2647e+02 1.5980e+02 2.2504e+02 1.0604e-04
1.0948e+03 4.3557e+01 1.2420e+03 2.2022e+02 1.0505e-04
0.0000e+00 3.2229e+02 8.8971e+01 3.7500e+02 1.0479e-04
3.7435e+02 1.3501e+02 4.1081e+02 2.1342e+02 1.0454e-04
1.1869e+03 3.3153e+02 1.2257e+03 3.7500e+02 1.0438e-04
4.4938e+01 1.0624e+02 1.2161e+02 2.5662e+02 1.0421e-04
2.0106e+02 1.2662e+02 3.8559e+02 1.9498e+02 1.0399e-04
8.6409e+02 3.2666e+02 9.8675e+02 3.7500e+02 1.0365e-04
1.1175e+03 1.9312e+02 1.2420e+03 3.7500e+02 1.0235e-04
2.3515e+01 1.7002e+02 1.2178e+02 2.1177e+02 1.0232e-04
1.1354e+03 1.0001e+02 1.2053e+03 3.0262e+02 1.0151e-04
1.1935e+03 1.8614e+02 1.2265e+03 3.0268e+02 9.9166e-05
5.5195e+02 1.4304e+02 6.1282e+02 3.1381e+02 9.8679e-05
6.5702e+02 0.0000e+00 7.2536e+02 7.3433e+01 9.8227e-05
1.0830e+03 5.3022e+01 1.2371e+03 3.7500e+02 9.7993e-05
0.0000e+00 2.5987e+02 3.9948e+01 3.7500e+02 9.7654e-05
1.2191e+03 9.8721e+01 1.2420e+03 1.5943e+02 9.6444e-05
5.5041e+02 1.8739e+02 6.4932e+02 2.7373e+02 9.6204e-05
2.0452e+02 1.5294e+02 3.7784e+02 2.2223e+02 9.5556e-05
0.0000e+00 2.2374e+02 1.3455e+01 3.4316e+02 9.5443e-05
3.5174e+02 8.9490e+01 4.1982e+02 2.6157e+02 9.5304e-05
1.2155e+03 1.8322e+02 1.2420e+03 3.2515e+02 9.4875e-05
1.0697e+03 3.2612e+02 1.1913e+03 3.7500e+02 9.4859e-05
1.2079e+03 0.0000e+00 1.2420e+03 1.9611e+02 9.4823e-05
5.3644e+02 1.6334e+02 5.6763e+02 2.5066e+02 9.4710e-05
0.0000e+00 1.1376e+02 2.2022e+01 1.7342e+02 9.3131e-05
5.9684e+02 1.8708e+02 6.6431e+02 2.2499e+02 9.3068e-05
3.3766e+02 9.2871e+01 4.0237e+02 2.5792e+02 9.2754e-05
8.1678e+02 1.6487e+02 9.0080e+02 1.9975e+02 9.2391e-05
7.0638e+02 0.0000e+00 7.7669e+02 8.1229e+01 9.1369e-05
8.2040e+02 3.3546e+02 8.5580e+02 3.7500e+02 9.0458e-05
1.2172e+03 9.6377e+01 1.2420e+03 1.4341e+02 9.0433e-05
0.0000e+00 1.8886e+02 1.5101e+01 2.9451e+02 8.9826e-05
6.8855e+02 0.0000e+00 7.5917e+02 8.1326e+01 8.9019e-05
5.2177e+02 1.8649e+02 5.9661e+02 2.2486e+02 8.8858e-05
1.1699e+03 1.3401e+02 1.2391e+03 3.6325e+02 8.8598e-05
0.0000e+00 4.7934e+01 1.3940e+02 2.1587e+02 8.7085e-05
8.3077e+02 3.2653e+02 9.5662e+02 3.7500e+02 8.7053e-05
5.8690e+02 1.6085e+02 6.5816e+02 1.9411e+02 8.6781e-05
1.1188e+03 1.0143e+02 1.1897e+03 2.9654e+02 8.6229e-05
8.6852e+02 3.3332e+02 1.0456e+03 3.7500e+02 8.6097e-05
9.1608e+02 9.4317e+01 1.2420e+03 3.7500e+02 8.5984e-05
0.0000e+00 1.3134e+02 3.7553e+01 2.6096e+02 8.5446e-05
0.0000e+00 2.2439e+02 1.2003e+02 3.7500e+02 8.5082e-05
0.0000e+00 2.1407e+02 7.8689e+01 3.7500e+02 8.4906e-05
1.2253e+03 5.7222e+01 1.2420e+03 1.6838e+02 8.4868e-05
1.2082e+03 1.2350e+02 1.2419e+03 2.3572e+02 8.4867e-05
8.8821e+02 2.1114e+02 1.0339e+03 3.7500e+02 8.4610e-05
5.3216e+02 1.7293e+02 5.8275e+02 2.1351e+02 8.4558e-05
3.7893e+02 1.0833e+02 7.2660e+02 2.8069e+02 8.3701e-05
1.1876e+03 1.2848e+02 1.2420e+03 3.6621e+02 8.3563e-05
1.0525e+03 5.1550e+01 1.2105e+03 3.7308e+02 8.3248e-05
6.0045e+02 1.8124e+02 6.6323e+02 2.1465e+02 8.2436e-05
7.0365e+02 0.0000e+00 8.4831e+02 1.7180e+02 8.2136e-05
5.3744e+02 1.5911e+02 6.0782e+02 1.9515e+02 8.1070e-05
3.2178e+02 9.6696e+01 3.8736e+02 2.5765e+02 8.0767e-05
8.2825e+02 3.3601e+02 8.6346e+02 3.7500e+02 8.0721e-05
3.5843e+02 1.3441e+02 3.9503e+02 2.1468e+02 8.0268e-05
8.2922e+02 2.9030e+02 9.0358e+02 3.7500e+02 8.0209e-05
1.1926e+03 1.8675e+02 1.2420e+03 2.2941e+02 8.0183e-05
5.4721e+02 1.6027e+02 5.7380e+02 2.3437e+02 7.9776e-05
1.0252e+03 3.3206e+02 1.1957e+03 3.7500e+02 7.9563e-05
6.0121e+02 1.4950e+02 6.2903e+02 2.1317e+02 7.9005e-05
4.3612e+02 1.6344e+02 6.0079e+02 2.4249e+02 7.8770e-05
9.9246e+02 1.5498e+02 1.0864e+03 1.9612e+02 7.7401e-05
6.1158e+02 1.3630e+02 6.7284e+02 2.7447e+02 7.7348e-05
4.6600e+02 1.1963e+02 5.3352e+02 2.8765e+02 7.7195e-05
1.1271e+03 2.7244e+01 1.2420e+03 2.5130e+02 7.7064e-05
6.4238e+01 1.6110e+02 1.7092e+02 2.0137e+02 7.7035e-05
3.3056e+00 1.1421e+02 6.6629e+01 2.8921e+02 7.6896e-05
7.2300e+02 0.0000e+00 7.9226e+02 7.8826e+01 7.6706e-05
0.0000e+00 1.9729e+02 3.1815e+01 2.4725e+02 7.6600e-05
0.0000e+00 1.3234e+02 2.6412e+01 1.8397e+02 7.6310e-05
3.5999e+02 1.4859e+02 4.5246e+02 1.8902e+02 7.5962e-05
8.3373e+02 3.3321e+02 1.0119e+03 3.7500e+02 7.5926e-05
3.5526e+02 1.4476e+02 4.2506e+02 1.9336e+02 7.5834e-05
1.2171e+03 3.1812e+02 1.2420e+03 3.6667e+02 7.5138e-05
0.0000e+00 1.1144e+02 2.5428e+01 2.5122e+02 7.5034e-05
1.2090e+03 1.4272e+02 1.2403e+03 2.5115e+02 7.4802e-05
1.2027e+03 2.0928e+02 1.2420e+03 3.3412e+02 7.4548e-05
7.8154e+02 2.8741e+02 8.5618e+02 3.7500e+02 7.4380e-05
7.9709e+02 2.8916e+02 8.7045e+02 3.7500e+02 7.4239e-05
1.2158e+03 3.0973e+02 1.2420e+03 3.5884e+02 7.4198e-05
0.0000e+00 1.6261e+02 1.3976e+02 3.4441e+02 7.4197e-05
5.9711e+02 1.5189e+02 6.5601e+02 3.0764e+02 7.3638e-05
1.1912e+03 1.7806e+02 1.2420e+03 2.2089e+02 7.3630e-05
5.5945e+02 1.5225e+02 5.8506e+02 2.2356e+02 7.3229e-05
1.2152e+03 1.5183e+02 1.2420e+03 2.5900e+02 7.3075e-05
1.1862e+03 2.2089e+02 1.2420e+03 3.1966e+02 7.3054e-05
5.3802e+02 3.2176e+01 6.8902e+02 3.7015e+02 7.2375e-05
4.2983e+02 1.5124e+02 5.9969e+02 2.2736e+02 7.1724e-05
4.7693e+02 2.3711e+01 6.3031e+02 3.7392e+02 7.1574e-05
1.1895e+03 2.5313e+02 1.2420e+03 3.5136e+02 7.1144e-05
3.0036e+02 1.1488e+02 4.2987e+02 2.0425e+02 7.1098e-05
8.1784e+02 1.6035e+02 8.7428e+02 1.9606e+02 7.0861e-05
3.6604e+02 8.6796e+01 4.3617e+02 2.6238e+02 7.0783e-05
1.1910e+03 3.5617e+02 1.2420e+03 3.7500e+02 7.0300e-05
5.6758e+02 1.3753e+02 6.0004e+02 2.1304e+02 7.0247e-05
5.1095e+02 7.6057e+01 5.8357e+02 2.5890e+02 6.9670e-05
0.0000e+00 7.6153e+01 1.4812e+01 1.8540e+02 6.9571e-05
3.8316e+02 1.3603e+02 4.1844e+02 2.1367e+02 6.9533e-05
7.4861e+01 9.9543e+01 1.4983e+02 2.5363e+02 6.8814e-05
4.4268e+01 2.8903e+02 1.1761e+02 3.7500e+02 6.8458e-05
2.8499e+02 1.2751e+02 4.1193e+02 2.1688e+02 6.8187e-05
1.1784e+03 3.3125e+02 1.2184e+03 3.7500e+02 6.7620e-05
3.4274e+01 1.7796e+02 1.4444e+02 2.1896e+02 6.7459e-05
5.7447e+02 1.3640e+02 6.0866e+02 2.1406e+02 6.7436e-05
5.2403e+01 1.6788e+02 1.6612e+02 2.1047e+02 6.7381e-05
0.0000e+00 2.4576e+01 2.7255e+01 2.1443e+02 6.7315e-05
5.3489e+02 1.9711e+02 6.7364e+02 2.6937e+02 6.7254e-05
5.5479e+02 1.3192e+02 6.8132e+02 2.2629e+02 6.7102e-05
1.1903e+03 1.7010e+02 1.2420e+03 2.1246e+02 6.7028e-05
3.3117e+02 0.0000e+00 1.0064e+03 1.1153e+02 6.6827e-05
1.1511e+03 1.3610e+02 1.2274e+03 3.5639e+02 6.6819e-05
0.0000e+00 0.0000e+00 2.1777e+02 3.7500e+02 6.6607e-05
5.5621e+02 1.5168e+02 6.3089e+02 1.8693e+02 6.6503e-05
3.7040e+01 1.5378e+02 2.0959e+02 2.2115e+02 6.6335e-05
1.6774e+01 1.0421e+02 8.7202e+01 2.6677e+02 6.5855e-05
5.0964e+02 1.6795e+02 6.1321e+02 2.5779e+02 6.5403e-05
3.2810e+02 1.3462e+02 5.0381e+02 2.0830e+02 6.5191e-05
5.8673e+02 1.6115e+02 6.9096e+02 2.4487e+02 6.4568e-05
3.1143e+01 1.0511e+02 1.0432e+02 2.6159e+02 6.4497e-05
1.1904e+03 1.5227e+02 1.2420e+03 1.9601e+02 6.4459e-05
3.0681e+02 9.5951e+01 3.7268e+02 2.5642e+02 6.4388e-05
6.0557e+02 1.7095e+02 6.3758e+02 2.5928e+02 6.4385e-05
8.1304e+02 2.9169e+02 8.8720e+02 3.7500e+02 6.3985e-05
0.0000e+00 3.5288e+02 3.4086e+01 3.7500e+02 6.3740e-05
3.6503e+02 1.4985e+02 4.2981e+02 1.9846e+02 6.3133e-05
1.1977e+03 1.9513e+02 1.2420e+03 2.3622e+02 6.2704e-05
8.5585e+02 2.0879e+02 9.9942e+02 3.7500e+02 6.2287e-05
1.6799e+02 1.4241e+02 3.4910e+02 2.0913e+02 6.2069e-05
0.0000e+00 9.7463e+01 5.5450e+01 1.8931e+02 6.1864e-05
3.3066e+02 1.4888e+02 4.0410e+02 2.0115e+02 6.1749e-05
3.2027e+02 1.4034e+02 4.1378e+02 1.8149e+02 6.1698e-05
4.7061e+02 1.5386e+02 5.8424e+02 2.5187e+02 6.1590e-05
0.0000e+00 1.9355e+02 6.4407e+01 2.8271e+02 6.1217e-05
1.2189e+03 8.8646e+01 1.2420e+03 1.3515e+02 6.1011e-05
3.1761e+02 1.2515e+02 4.4332e+02 2.1713e+02 6.0983e-05
5.4156e+02 6.0014e+01 6.1430e+02 2.4272e+02 6.0929e-05
0.0000e+00 2.8970e+01 8.8721e+01 2.3551e+02 6.0903e-05
5.8252e+01 1.5021e+02 1.3402e+02 2.0212e+02 6.0868e-05
0.0000e+00 2.2935e+02 3.9334e+01 3.4853e+02 6.0862e-05
5.0686e+02 0.0000e+00 8.5549e+02 5.1291e+01 6.0825e-05
5.3077e+02 1.2517e+02 7.0848e+02 2.0203e+02 6.0786e-05
5.5867e+02 6.2340e+01 6.3088e+02 2.4472e+02 6.0502e-05
1.2251e+03 2.3284e+01 1.2420e+03 1.3681e+02 6.0225e-05
1.2241e+03 2.4050e+02 1.2420e+03 3.0531e+02 6.0139e-05
4.5939e+02 2.9256e+02 5.3450e+02 3.7500e+02 6.0105e-05
1.1905e+03 1.6110e+02 1.2420e+03 2.0404e+02 5.9695e-05
4.7542e+02 2.9373e+02 5.4958e+02 3.7500e+02 5.9597e-05
5.7343e+02 1.5272e+02 6.5047e+02 1.8763e+02 5.9455e-05
2.9062e+02 9.7458e+01 3.5767e+02 2.5530e+02 5.9277e-05
0.0000e+00 2.1067e+02 1.2257e+01 3.2410e+02 5.8855e-05
4.4289e+02 2.9047e+02 5.1884e+02 3.7500e+02 5.8701e-05
1.1142e+03 1.2311e+02 1.1934e+03 3.2976e+02 5.8670e-05
4.1091e+02 2.9188e+02 4.8828e+02 3.7500e+02 5.8563e-05
2.8203e+02 1.4686e+02 4.5821e+02 2.2200e+02 5.8496e-05
0.0000e+00 1.0967e+02 2.4842e+01 1.5938e+02 5.8460e-05
8.2994e+02 1.5752e+02 9.1792e+02 1.9346e+02 5.8372e-05
4.2681e+02 2.8980e+02 5.0372e+02 3.7500e+02 5.8229e-05
5.0171e+02 0.0000e+00 8.0496e+02 2.9998e+02 5.8006e-05
3.8457e+02 8.6239e+01 4.5091e+02 2.6239e+02 5.7925e-05
7.7409e+02 1.5402e+02 8.5912e+02 1.8801e+02 5.7381e-05
8.1127e+02 3.3720e+02 8.4835e+02 3.7500e+02 5.7053e-05
9.9201e+02 1.4782e+02 1.0865e+03 1.8831e+02 5.7031e-05
9.0398e+02 2.6427e+02 1.1513e+03 3.7500e+02 5.6747e-05
9.7279e+00 3.2808e+02 5.0571e+01 3.7500e+02 5.6551e-05
5.3406e+02 1.7955e+02 5.8233e+02 2.2248e+02 5.6309e-05
1.2178e+03 3.0236e+02 1.2420e+03 3.5064e+02 5.6288e-05
3.4980e+02 1.3477e+02 3.8678e+02 2.1647e+02 5.6098e-05
6.0323e+02 0.0000e+00 7.5313e+02 1.5405e+02 5.5539e-05
7.6438e+02 2.8752e+02 8.4089e+02 3.7500e+02 5.5033e-05
5.4393e+02 1.6635e+02 5.7285e+02 2.5445e+02 5.4976e-05
4.4824e+02 1.2241e+02 5.1654e+02 2.9092e+02 5.4751e-05
2.4961e+02 1.4964e+02 4.2770e+02 2.2092e+02 5.4657e-05
9.4601e+02 1.5585e+02 1.0398e+03 1.9437e+02 5.4288e-05
1.2192e+03 2.4664e+02 1.2420e+03 2.9423e+02 5.4225e-05
3.4220e+02 1.3489e+02 3.7881e+02 2.1578e+02 5.4106e-05
4.3889e+02 8.0292e+01 6.9976e+02 2.7367e+02 5.4105e-05
4.8028e+00 1.2515e+02 4.5077e+01 2.5016e+02 5.4042e-05
2.6754e+02 1.1501e+02 4.0002e+02 2.0421e+02 5.3963e-05
2.5258e+02 1.2894e+02 3.8321e+02 2.1641e+02 5.3851e-05
6.4296e+02 0.0000e+00 7.0855e+02 6.8419e+01 5.3846e-05
7.9927e+02 3.3185e+02 9.7904e+02 3.7500e+02 5.3804e-05
0.0000e+00 7.3223e+01 3.8828e+01 1.8087e+02 5.3404e-05
5.9898e+02 1.7486e+02 6.6096e+02 2.0817e+02 5.3327e-05
8.7131e+02 3.4445e+01 1.2202e+03 3.7500e+02 5.3085e-05
3.9570e+02 2.9273e+02 4.7343e+02 3.7500e+02 5.2255e-05
8.3870e+02 1.4644e+02 8.7234e+02 2.0820e+02 5.2205e-05
1.2235e+03 2.9586e+02 1.2420e+03 3.5973e+02 5.2200e-05
9.6834e+02 2.6076e+02 1.2086e+03 3.7500e+02 5.1757e-05
3.6388e+02 1.6340e+02 4.5029e+02 2.0209e+02 5.0800e-05
1.7640e+02 1.2109e+02 2.4299e+02 2.9481e+02 5.0650e-05
7.3950e+02 0.0000e+00 8.0733e+02 7.9265e+01 5.0421e-05
1.1934e+03 1.6475e+02 1.2274e+03 2.6080e+02 5.0045e-05
4.9149e+02 2.9522e+02 5.6600e+02 3.7500e+02 4.9828e-05
2.8847e+02 1.4144e+02 3.8345e+02 1.8191e+02 4.9815e-05
3.3507e+02 1.3441e+02 3.7120e+02 2.1496e+02 4.9705e-05
2.7602e+02 1.6249e+02 3.6836e+02 2.0272e+02 4.9560e-05
0.0000e+00 1.9916e+02 4.0512e+01 3.1238e+02 4.9156e-05
8.2389e+02 2.0831e+02 9.6728e+02 3.7500e+02 4.8697e-05
1.2689e+01 1.1417e+02 1.4630e+02 2.1121e+02 4.8489e-05
4.0772e+02 1.5582e+02 4.9209e+02 1.9608e+02 4.8381e-05
2.7350e+02 9.8220e+01 3.4261e+02 2.5726e+02 4.7656e-05
6.0385e+02 1.8365e+02 6.5594e+02 2.2853e+02 4.7593e-05
5.5555e+02 1.3937e+02 5.8585e+02 2.1534e+02 4.7493e-05
4.4935e+02 1.2234e+02 6.3444e+02 2.0279e+02 4.7355e-05
2.1874e+02 3.6015e+01 3.7753e+02 3.7500e+02 4.7268e-05
7.3711e+02 0.0000e+00 8.7942e+02 1.7610e+02 4.7183e-05
7.7894e+02 1.5613e+02 8.3629e+02 1.9049e+02 4.6996e-05
6.1324e+02 1.6898e+02 6.4634e+02 2.5237e+02 4.6838e-05
2.5129e+02 2.9336e+02 3.2735e+02 3.7500e+02 4.6703e-05
1.1702e+03 3.3227e+02 1.2099e+03 3.7500e+02 4.6414e-05
4.9600e+02 1.1231e+02 6.2210e+02 2.1564e+02 4.6377e-05
0.0000e+00 2.0156e+02 2.1980e+01 2.6282e+02 4.6274e-05
7.9394e+01 1.3194e+02 1.1572e+02 2.2090e+02 4.5930e-05
3.9916e+02 1.0121e+02 4.6754e+02 2.8066e+02 4.5828e-05
6.5857e+02 2.1221e+02 8.0330e+02 3.7500e+02 4.5779e-05
7.9260e+02 2.0780e+02 9.3410e+02 3.7500e+02 4.5772e-05
5.6955e+02 0.0000e+00 8.4107e+02 7.6990e+01 4.5688e-05
1.6353e+02 1.2375e+02 2.2749e+02 2.8877e+02 4.5628e-05
5.1630e+02 1.6689e+02 5.8676e+02 1.9985e+02 4.5574e-05
1.1046e+03 1.0221e+02 1.1736e+03 2.9395e+02 4.5427e-05
1.2002e+03 1.2595e+02 1.2362e+03 2.3218e+02 4.5188e-05
1.0178e+01 1.5491e+02 1.0574e+02 1.9824e+02 4.5150e-05
6.1524e+02 0.0000e+00 7.9396e+02 2.8276e+01 4.4930e-05
5.6910e+02 2.0030e+02 6.2075e+02 2.4901e+02 4.4906e-05
4.1388e+02 1.0132e+02 4.8379e+02 2.8203e+02 4.4906e-05
1.6584e+02 1.2660e+02 3.5235e+02 1.9353e+02 4.4765e-05
3.7151e+02 1.5387e+02 4.6080e+02 1.9578e+02 4.4559e-05
5.1393e+02 1.7414e+02 5.8326e+02 2.0810e+02 4.4500e-05
8.0340e+02 3.3822e+02 8.4117e+02 3.7500e+02 4.4127e-05
2.4893e+02 3.5960e+01 4.0825e+02 3.7500e+02 4.3744e-05
1.0983e+03 1.2237e+02 1.1775e+03 3.2790e+02 4.3744e-05
5.0836e+02 2.9613e+02 5.8165e+02 3.7500e+02 4.3653e-05
2.7899e+02 3.9642e+01 4.3894e+02 3.7500e+02 4.3594e-05
1.2186e+03 7.9769e+01 1.2420e+03 1.2667e+02 4.3517e-05
3.4311e+02 1.2017e+02 5.2168e+02 1.9821e+02 4.3361e-05
9.6092e+02 1.5719e+02 1.0539e+03 1.9590e+02 4.2973e-05
1.1300e+03 1.3361e+02 1.2131e+03 3.5288e+02 4.2862e-05
1.1849e+03 4.6580e+01 1.2420e+03 1.4692e+02 4.2815e-05
4.3293e+02 1.2121e+02 4.9922e+02 2.9198e+02 4.2675e-05
5.5155e+02 1.5064e+02 6.0986e+02 1.9381e+02 4.2334e-05
9.9275e+02 1.6291e+02 1.0834e+03 2.0286e+02 4.1878e-05
2.5643e+02 1.5536e+02 3.5223e+02 1.9654e+02 4.1802e-05
2.6231e+02 1.4878e+02 3.5928e+02 1.8976e+02 4.1764e-05
1.0588e+03 3.3267e+02 1.2252e+03 3.7500e+02 4.1632e-05
6.2834e+02 1.3251e+02 6.9163e+02 2.7455e+02 4.1629e-05
1.1852e+03 6.7277e+01 1.2420e+03 2.6374e+02 4.1624e-05
5.1550e+02 1.8131e+02 5.8631e+02 2.1824e+02 4.1612e-05
1.0177e+03 4.3267e+01 1.1820e+03 3.7494e+02 4.1498e-05
1.2018e+03 1.4399e+02 1.2347e+03 2.4682e+02 4.1466e-05
2.3560e+02 2.9306e+02 3.1148e+02 3.7500e+02 4.1452e-05
1.0805e+03 1.5711e+02 1.1782e+03 1.9709e+02 4.1362e-05
6.1109e+02 9.9618e+01 6.7735e+02 2.6482e+02 4.1324e-05
4.5389e+02 0.0000e+00 9.7554e+02 1.4921e+02 4.1294e-05
5.2877e+02 1.6143e+02 5.6102e+02 2.4949e+02 4.1278e-05
5.8536e+02 1.7774e+02 6.8871e+02 2.6125e+02 4.0935e-05
6.0578e+02 1.7827e+02 6.5542e+02 2.1949e+02 4.0759e-05
4.4203e+02 2.4686e+01 6.0219e+02 3.7500e+02 4.0720e-05
2.6793e+02 2.9370e+02 3.4270e+02 3.7500e+02 4.0717e-05
3.8081e+02 2.9425e+02 4.5770e+02 3.7500e+02 4.0629e-05
0.0000e+00 2.2478e+02 2.4751e+01 3.7500e+02 4.0443e-05
3.2313e+02 1.4470e+02 3.9255e+02 1.9393e+02 4.0437e-05
6.2710e+02 0.0000e+00 6.9107e+02 6.5836e+01 4.0388e-05
3.2812e+02 1.1155e+02 4.6261e+02 2.0647e+02 4.0351e-05
1.2181e+03 7.1426e+01 1.2420e+03 1.1895e+02 4.0338e-05
3.5843e+02 1.5763e+02 4.2329e+02 2.0416e+02 4.0313e-05
3.7301e+00 1.3083e+02 1.2994e+02 2.2630e+02 4.0254e-05
5.7524e+02 6.3486e+01 6.4489e+02 2.4340e+02 4.0023e-05
8.3546e+02 3.3727e+02 8.7172e+02 3.7500e+02 4.0005e-05
9.0178e+02 1.5814e+02 9.9015e+02 1.9488e+02 3.9809e-05
1.1697e+03 1.8966e+02 1.2420e+03 2.2913e+02 3.9790e-05
3.1576e+02 1.4860e+02 3.8645e+02 2.0003e+02 3.9720e-05
3.1151e+02 1.3508e+02 3.4688e+02 2.1550e+02 3.9670e-05
2.9974e+02 1.6192e+02 3.9196e+02 2.0282e+02 3.9423e-05
1.7418e+02 1.5369e+02 3.4870e+02 2.2256e+02 3.9281e-05
5.5821e+02 0.0000e+00 9.1453e+02 6.1878e+01 3.9243e-05
1.1845e+03 1.8626e+02 1.2183e+03 2.9830e+02 3.9184e-05
2.3131e+02 1.6521e+02 3.2700e+02 2.0487e+02 3.9104e-05
8.8583e+01 1.6281e+02 1.8080e+02 2.0250e+02 3.9016e-05
1.6682e+01 1.4279e+02 1.4583e+02 2.3296e+02 3.8744e-05
0.0000e+00 2.2072e+02 3.5182e+01 3.7500e+02 3.8646e-05
3.1977e+02 1.3501e+02 3.5379e+02 2.1504e+02 3.8422e-05
6.9925e+02 2.8915e+02 7.7602e+02 3.7500e+02 3.7826e-05
3.2731e+02 1.3449e+02 3.6334e+02 2.1441e+02 3.7820e-05
7.1444e+02 2.8844e+02 7.9193e+02 3.7500e+02 3.7741e-05
6.2817e+02 2.1022e+02 7.7310e+02 3.7500e+02 3.7673e-05
2.1046e+01 1.7800e+02 1.2182e+02 2.2002e+02 3.7645e-05
7.4754e+02 2.8809e+02 8.2510e+02 3.7500e+02 3.7486e-05
2.5798e+02 1.1255e+02 3.2394e+02 2.8046e+02 3.7485e-05
6.9663e+02 0.0000e+00 9.8640e+02 3.3897e+02 3.7460e-05
5.6416e+02 0.0000e+00 6.2937e+02 6.0747e+01 3.7370e-05
0.0000e+00 2.0576e+02 3.2137e+01 2.5677e+02 3.7366e-05
5.8032e+02 0.0000e+00 6.4531e+02 6.1416e+01 3.7354e-05
5.3219e+02 1.6575e+02 5.8363e+02 2.0300e+02 3.7354e-05

