7.9331e+02 1.5687e+02 9.0541e+02 1.9834e+02 9.9989e-01
3.9184e+02 1.9010e+02 4.7212e+02 2.4005e+02 9.9983e-01
2.1861e+02 1.9868e+02 3.8563e+02 2.8893e+02 9.9981e-01
6.5443e+02 1.7618e+02 7.0744e+02 2.0637e+02 9.9970e-01
8.0579e+02 1.5433e+02 9.3464e+02 2.0002e+02 9.9964e-01
3.7697e+02 1.8990e+02 4.6010e+02 2.4140e+02 9.9957e-01
4.2483e+02 1.8659e+02 4.8980e+02 2.2974e+02 9.9956e-01
4.0593e+02 1.8650e+02 4.7769e+02 2.3439e+02 9.9948e-01
4.8467e+02 1.8271e+02 5.2927e+02 2.1498e+02 9.9946e-01
1.1339e+03 1.2848e+02 1.2399e+03 1.7483e+02 9.9945e-01
7.7555e+02 1.5801e+02 8.7838e+02 1.9590e+02 9.9944e-01
6.6365e+02 1.7705e+02 7.2016e+02 2.0755e+02 9.9941e-01
4.3791e+02 1.8640e+02 4.9545e+02 2.2724e+02 9.9919e-01
3.5220e+02 1.9119e+02 4.4180e+02 2.5274e+02 9.9878e-01
6.5734e+02 1.7542e+02 7.1493e+02 2.0918e+02 9.9873e-01
7.8854e+02 1.5166e+02 8.9370e+02 1.9318e+02 9.9869e-01
6.4890e+02 1.7606e+02 6.9300e+02 2.0204e+02 9.9849e-01
4.4849e+02 1.8536e+02 5.0062e+02 2.2080e+02 9.9838e-01
4.9054e+02 1.8266e+02 5.3563e+02 2.1130e+02 9.9738e-01
4.6193e+02 1.8434e+02 5.1433e+02 2.1875e+02 9.9724e-01
4.7361e+02 1.8301e+02 5.2771e+02 2.1624e+02 9.9663e-01
6.5314e+02 1.7321e+02 7.0269e+02 2.0164e+02 9.9551e-01
4.7638e+02 1.8262e+02 5.2226e+02 2.1276e+02 9.9325e-01
6.5600e+02 1.7741e+02 6.9314e+02 2.0665e+02 9.9293e-01
4.4728e+02 1.8734e+02 4.9819e+02 2.2534e+02 9.9232e-01
8.2735e+02 1.5129e+02 9.3541e+02 1.9448e+02 9.8970e-01
7.5894e+02 1.5987e+02 8.5542e+02 1.9579e+02 9.8930e-01
3.3461e+02 1.9509e+02 4.3372e+02 2.5060e+02 9.8909e-01
1.1097e+03 1.3381e+02 1.2296e+03 1.7490e+02 9.8667e-01
6.4490e+02 1.7697e+02 6.7750e+02 1.9823e+02 9.8644e-01
6.7368e+02 1.7379e+02 7.1540e+02 2.0630e+02 9.8576e-01
6.6833e+02 1.7236e+02 7.1563e+02 1.9935e+02 9.8164e-01
6.4768e+02 1.7577e+02 6.8643e+02 1.9730e+02 9.8113e-01
5.0091e+02 1.8474e+02 5.3718e+02 2.0791e+02 9.8072e-01
7.7675e+02 1.5224e+02 9.2957e+02 2.0091e+02 9.8049e-01
1.1572e+03 1.3251e+02 1.2420e+03 1.7627e+02 9.7984e-01
4.5599e+02 1.8705e+02 5.0798e+02 2.2327e+02 9.7956e-01
5.1935e+02 1.8196e+02 5.5047e+02 2.0173e+02 9.7836e-01
2.4881e+02 1.9577e+02 4.0288e+02 2.7392e+02 9.7228e-01
4.7249e+02 1.8804e+02 5.1558e+02 2.1538e+02 9.7078e-01
1.0916e+03 1.4031e+02 1.1873e+03 1.7490e+02 9.6875e-01
4.5943e+02 1.8876e+02 5.0518e+02 2.1907e+02 9.6830e-01
1.0983e+03 1.3644e+02 1.2056e+03 1.7282e+02 9.6494e-01
5.1217e+02 1.8262e+02 5.4435e+02 2.0290e+02 9.5859e-01
3.6841e+02 1.8798e+02 4.4293e+02 2.4585e+02 9.5723e-01
5.0765e+02 1.8530e+02 5.3986e+02 2.0588e+02 9.5582e-01
3.1584e+02 1.9054e+02 4.3347e+02 2.5728e+02 9.5238e-01
3.3127e+02 1.8690e+02 4.5353e+02 2.5309e+02 9.4907e-01
1.0843e+03 1.3779e+02 1.1756e+03 1.7106e+02 9.3298e-01
7.4616e+02 1.5037e+02 9.1410e+02 2.0371e+02 9.2920e-01
6.4857e+02 1.7519e+02 7.0296e+02 2.0460e+02 9.2457e-01
2.8447e+02 1.9382e+02 4.1015e+02 2.6527e+02 9.2043e-01
1.0760e+03 1.4187e+02 1.1662e+03 1.7527e+02 9.1477e-01
7.7840e+02 1.6012e+02 8.5063e+02 1.8737e+02 9.1061e-01
1.1793e+03 1.2769e+02 1.2372e+03 1.7719e+02 9.0890e-01
5.1598e+02 1.8451e+02 5.4642e+02 2.0506e+02 9.0510e-01
4.8019e+02 1.7916e+02 5.3199e+02 2.1190e+02 8.8841e-01
7.8815e+02 1.6224e+02 8.6028e+02 1.9070e+02 8.7232e-01
3.5390e+02 1.7960e+02 4.8371e+02 2.4539e+02 8.6576e-01
6.6390e+02 1.7301e+02 7.2306e+02 2.1101e+02 8.6339e-01
4.6946e+02 1.8498e+02 5.0549e+02 2.1017e+02 8.5963e-01
1.0628e+03 1.3425e+02 1.1647e+03 1.7011e+02 8.3735e-01
4.8275e+02 1.8727e+02 5.2350e+02 2.1675e+02 8.2304e-01
6.4375e+02 1.7610e+02 6.7190e+02 1.9562e+02 8.1843e-01
8.4462e+02 1.4879e+02 9.4322e+02 1.9091e+02 8.0389e-01
4.3685e+02 1.8883e+02 4.9086e+02 2.2733e+02 7.9061e-01
6.5826e+02 1.7330e+02 7.0318e+02 1.9367e+02 7.8974e-01
8.0456e+02 1.6328e+02 9.2070e+02 2.0367e+02 7.8612e-01
8.1631e+02 1.5075e+02 9.1142e+02 1.9792e+02 7.8534e-01
6.5158e+02 1.7886e+02 6.7998e+02 2.0236e+02 7.8477e-01
4.5609e+02 1.9228e+02 5.0106e+02 2.2361e+02 7.8266e-01
6.5899e+02 1.7868e+02 7.1234e+02 2.1056e+02 7.7263e-01
1.0529e+03 1.2606e+02 1.1605e+03 1.6345e+02 7.6336e-01
4.1851e+02 1.7988e+02 4.5661e+02 2.4582e+02 7.5575e-01
3.9416e+02 1.8752e+02 4.6567e+02 2.2697e+02 7.5344e-01
6.7264e+02 1.8019e+02 7.2376e+02 2.0387e+02 7.3947e-01
4.9771e+02 1.8625e+02 5.3441e+02 2.1265e+02 7.3918e-01
4.8297e+02 1.8158e+02 5.1974e+02 2.0940e+02 7.3138e-01
1.0699e+03 1.2848e+02 1.1731e+03 1.6517e+02 7.2910e-01
4.9039e+02 1.7996e+02 5.2671e+02 2.0711e+02 7.2341e-01
6.7212e+02 1.7347e+02 7.1298e+02 1.9291e+02 7.2327e-01
1.0746e+03 1.4901e+02 1.1659e+03 1.8280e+02 7.0254e-01
4.3647e+02 1.8088e+02 4.9893e+02 2.2017e+02 6.9290e-01
1.0953e+03 1.1925e+02 1.2420e+03 1.8465e+02 6.8404e-01
4.7803e+02 1.8302e+02 5.1330e+02 2.0648e+02 6.7996e-01
6.5908e+02 1.7975e+02 7.3134e+02 2.1260e+02 6.7954e-01
3.7596e+02 1.7703e+02 4.2215e+02 2.6206e+02 6.7866e-01
7.8457e+02 1.5761e+02 8.5179e+02 1.8290e+02 6.7732e-01
1.0550e+03 1.4050e+02 1.1591e+03 1.7686e+02 6.7039e-01
4.9493e+02 1.7496e+02 5.1959e+02 2.2107e+02 6.4317e-01
6.5265e+02 1.7440e+02 6.9259e+02 1.9256e+02 6.2142e-01
5.2558e+02 1.8123e+02 5.5659e+02 1.9895e+02 6.2110e-01
6.6667e+02 1.7439e+02 6.8600e+02 2.1318e+02 6.1349e-01
1.0869e+03 1.2884e+02 1.1946e+03 1.6662e+02 6.1157e-01
1.0880e+03 1.4547e+02 1.1836e+03 1.8126e+02 6.0868e-01
6.8588e+02 1.6796e+02 7.0555e+02 2.0964e+02 6.0610e-01
7.8263e+02 1.5059e+02 8.6602e+02 1.9596e+02 6.0524e-01
2.5402e+02 2.0952e+02 3.9525e+02 2.8561e+02 6.0076e-01
4.5704e+02 1.8430e+02 4.9981e+02 2.1089e+02 6.0044e-01
4.8848e+02 1.8752e+02 5.2696e+02 2.1262e+02 5.9002e-01
4.1146e+02 1.9208e+02 4.7270e+02 2.3681e+02 5.7127e-01
8.3071e+02 1.5509e+02 9.3065e+02 2.0617e+02 5.6077e-01
7.9895e+02 1.4859e+02 9.4202e+02 2.0501e+02 5.4110e-01
6.6373e+02 1.7190e+02 6.8247e+02 2.1132e+02 5.2175e-01
1.1918e+03 1.2655e+02 1.2412e+03 1.7930e+02 5.1881e-01
4.5625e+02 1.7958e+02 4.8750e+02 2.3100e+02 5.1121e-01
7.9942e+02 1.5074e+02 9.0621e+02 1.8783e+02 5.0407e-01
5.0851e+02 1.7789e+02 5.2891e+02 2.1628e+02 4.9606e-01
1.0542e+03 1.4864e+02 1.1588e+03 1.8707e+02 4.8502e-01
5.3299e+02 1.8090e+02 5.6255e+02 1.9826e+02 4.8424e-01
6.7402e+02 1.7025e+02 6.9251e+02 2.1306e+02 4.7809e-01
6.7680e+02 1.7145e+02 6.9791e+02 2.1729e+02 4.7495e-01
3.4225e+02 1.8987e+02 4.3453e+02 2.3896e+02 4.6815e-01
1.1086e+03 1.4633e+02 1.1786e+03 1.7124e+02 4.5658e-01
6.7056e+02 1.7035e+02 6.8866e+02 2.1299e+02 4.5601e-01
3.6368e+02 1.8150e+02 4.0910e+02 2.6609e+02 4.4000e-01
4.7109e+02 1.8974e+02 5.0699e+02 2.1832e+02 4.3850e-01
8.1626e+02 1.5307e+02 8.8219e+02 1.8099e+02 4.3287e-01
6.8048e+02 1.7160e+02 7.0186e+02 2.1791e+02 4.1683e-01
5.0034e+02 1.7257e+02 5.2138e+02 2.1390e+02 4.0890e-01
4.4962e+02 1.7879e+02 4.8370e+02 2.3338e+02 4.0490e-01
4.2687e+02 1.7964e+02 4.5981e+02 2.4365e+02 3.9691e-01
6.8184e+02 1.6678e+02 7.0101e+02 2.1027e+02 3.9651e-01
6.7125e+02 1.7833e+02 7.1756e+02 2.1401e+02 3.9589e-01
3.9786e+02 1.8324e+02 4.3213e+02 2.5329e+02 3.9171e-01
5.0381e+02 1.7662e+02 5.2469e+02 2.1879e+02 3.8358e-01
1.9569e+02 1.9724e+02 3.6229e+02 2.7996e+02 3.8310e-01
4.3186e+02 1.9178e+02 4.8403e+02 2.3004e+02 3.8187e-01
1.0500e+03 1.1860e+02 1.1600e+03 1.5694e+02 3.8148e-01
4.1349e+02 1.8404e+02 4.5112e+02 2.5303e+02 3.7600e-01
4.2348e+02 1.8030e+02 4.8896e+02 2.1864e+02 3.7217e-01
4.9389e+02 1.7273e+02 5.1575e+02 2.1542e+02 3.6520e-01
1.0591e+03 1.5624e+02 1.1630e+03 1.9248e+02 3.6088e-01
2.6525e+02 1.7907e+02 3.3557e+02 3.1768e+02 3.5972e-01
6.4989e+02 1.7981e+02 6.7380e+02 2.0106e+02 3.5431e-01
4.2283e+02 1.9452e+02 4.7684e+02 2.2922e+02 3.4589e-01
4.9825e+02 1.7982e+02 5.3259e+02 2.0637e+02 3.4024e-01
3.7014e+02 1.8744e+02 4.1420e+02 2.6985e+02 3.3891e-01
2.1156e+02 2.1616e+02 3.7383e+02 2.9721e+02 3.3793e-01
1.1109e+03 1.4286e+02 1.1856e+03 1.6824e+02 3.3418e-01
4.0488e+02 1.9789e+02 4.6323e+02 2.3184e+02 3.3413e-01
4.8946e+02 1.7563e+02 5.1275e+02 2.2171e+02 3.3316e-01
6.6148e+02 1.7372e+02 6.7692e+02 2.0962e+02 3.3005e-01
7.8536e+02 1.6455e+02 9.0008e+02 2.0117e+02 3.2817e-01
6.5353e+02 1.7569e+02 6.6768e+02 2.0354e+02 3.2492e-01
7.9391e+02 1.5779e+02 8.7051e+02 1.8970e+02 3.2428e-01
6.8861e+02 1.6673e+02 7.0800e+02 2.0546e+02 3.1818e-01
6.7831e+02 1.6566e+02 6.9705e+02 2.0659e+02 3.1596e-01
6.6748e+02 1.6740e+02 6.8548e+02 2.0649e+02 3.1435e-01
2.7923e+02 1.7563e+02 3.4420e+02 3.1001e+02 3.1316e-01
4.6022e+02 1.8222e+02 4.8826e+02 2.3227e+02 3.1096e-01
7.7510e+02 1.5831e+02 8.3939e+02 1.8180e+02 3.0843e-01
4.5030e+02 1.9548e+02 4.9550e+02 2.2577e+02 3.0710e-01
8.1735e+02 1.5025e+02 9.2485e+02 1.8727e+02 3.0597e-01
4.8619e+02 1.8081e+02 5.4434e+02 2.1415e+02 3.0165e-01
7.9320e+02 1.5831e+02 8.4354e+02 1.8881e+02 2.9738e-01
5.0165e+02 1.8050e+02 5.3852e+02 2.0158e+02 2.9620e-01
1.0826e+03 1.3783e+02 1.1562e+03 1.7851e+02 2.6029e-01
3.4643e+02 2.0611e+02 4.3755e+02 2.5539e+02 2.5675e-01
7.9098e+02 1.6807e+02 8.6185e+02 1.9630e+02 2.5667e-01
3.8568e+02 1.7872e+02 4.2945e+02 2.5077e+02 2.4334e-01
6.0805e+02 1.7335e+02 6.2804e+02 1.8832e+02 2.4289e-01
3.8172e+02 1.9047e+02 4.2390e+02 2.6540e+02 2.4227e-01
6.5711e+02 1.7432e+02 6.7104e+02 2.0793e+02 2.4007e-01
4.8419e+02 1.8095e+02 5.2048e+02 2.0179e+02 2.3394e-01
7.6830e+02 1.6162e+02 8.3978e+02 1.8987e+02 2.3303e-01
4.1010e+02 1.8397e+02 4.4160e+02 2.5074e+02 2.3202e-01
4.4742e+02 1.8433e+02 4.9629e+02 2.1397e+02 2.2793e-01
6.7024e+02 1.7286e+02 7.0545e+02 1.9622e+02 2.2790e-01
1.0925e+03 1.4564e+02 1.1608e+03 1.7072e+02 2.2531e-01
5.3951e+02 1.8081e+02 5.6557e+02 1.9685e+02 2.2342e-01
1.1424e+03 1.2019e+02 1.2412e+03 1.6716e+02 2.2109e-01
1.0769e+03 1.3954e+02 1.1406e+03 1.6225e+02 2.1925e-01
1.1944e+03 1.1732e+02 1.2214e+03 1.7980e+02 2.1517e-01
5.1252e+02 1.8041e+02 5.3150e+02 2.1503e+02 2.1145e-01
3.6289e+02 1.7136e+02 4.3232e+02 2.9678e+02 2.0851e-01
4.4106e+02 1.8069e+02 4.6876e+02 2.4018e+02 2.0552e-01
5.1889e+02 1.7881e+02 5.5490e+02 1.9742e+02 2.0469e-01
1.1781e+03 1.1333e+02 1.2186e+03 1.8750e+02 1.9914e-01
3.8449e+02 1.7392e+02 5.0486e+02 2.3712e+02 1.9073e-01
1.1980e+03 1.2211e+02 1.2283e+03 1.8634e+02 1.9052e-01
3.5621e+02 1.7962e+02 4.5426e+02 2.5961e+02 1.8902e-01
7.6262e+02 1.5026e+02 8.7496e+02 1.9130e+02 1.8676e-01
6.3956e+02 1.7579e+02 6.6305e+02 1.9545e+02 1.8284e-01
1.0791e+03 1.4255e+02 1.1446e+03 1.6659e+02 1.8261e-01
1.1867e+03 1.1359e+02 1.2254e+03 1.8646e+02 1.8203e-01
1.1287e+03 1.3747e+02 1.2385e+03 1.7973e+02 1.8190e-01
4.5280e+02 1.7500e+02 4.9188e+02 2.2751e+02 1.7926e-01
8.0857e+02 1.5462e+02 8.7172e+02 1.7974e+02 1.7733e-01
1.2117e+03 1.2038e+02 1.2352e+03 1.8539e+02 1.7527e-01
6.8082e+02 1.7684e+02 7.1682e+02 2.0419e+02 1.7408e-01
2.1883e+02 1.8841e+02 3.9226e+02 2.6474e+02 1.7261e-01
3.3162e+02 1.9452e+02 4.1485e+02 2.4234e+02 1.7172e-01
4.6324e+02 1.7865e+02 4.9030e+02 2.2852e+02 1.6835e-01
1.1553e+03 1.1822e+02 1.2332e+03 1.7412e+02 1.6510e-01
1.0588e+03 1.2510e+02 1.2337e+03 1.8687e+02 1.6341e-01
8.1034e+02 1.5675e+02 8.8425e+02 1.8876e+02 1.6293e-01
1.0403e+03 1.3259e+02 1.1493e+03 1.7202e+02 1.6203e-01
1.0498e+03 1.6350e+02 1.1620e+03 2.0230e+02 1.6113e-01
1.0797e+03 1.5522e+02 1.1699e+03 1.8998e+02 1.5674e-01
7.4445e+02 1.5691e+02 8.3943e+02 1.9218e+02 1.5578e-01
7.6390e+02 1.6097e+02 8.2747e+02 1.8665e+02 1.4496e-01
1.0893e+03 1.3372e+02 1.1634e+03 1.7400e+02 1.4234e-01
3.9923e+02 1.9514e+02 4.4992e+02 2.3564e+02 1.4082e-01
6.5536e+02 1.7470e+02 6.8598e+02 1.9538e+02 1.4041e-01
5.2729e+02 1.7892e+02 5.5864e+02 1.9536e+02 1.3981e-01
1.0757e+03 1.3178e+02 1.1418e+03 1.5461e+02 1.3966e-01
6.5714e+02 1.8253e+02 6.8594e+02 2.0586e+02 1.3951e-01
1.1325e+03 1.1397e+02 1.2420e+03 1.8518e+02 1.3822e-01
1.1691e+03 1.3532e+02 1.2354e+03 1.6696e+02 1.3774e-01
6.4851e+02 1.7574e+02 6.7915e+02 1.9258e+02 1.3756e-01
1.1715e+03 1.1182e+02 1.2114e+03 1.8759e+02 1.3560e-01
1.0784e+03 1.3572e+02 1.1455e+03 1.5930e+02 1.3216e-01
4.0938e+02 1.8361e+02 4.3148e+02 2.3691e+02 1.3161e-01
6.5093e+02 1.7395e+02 6.6394e+02 2.0312e+02 1.3003e-01
1.1022e+03 1.4286e+02 1.2137e+03 1.7836e+02 1.2893e-01
5.1141e+02 1.7427e+02 5.2932e+02 2.1010e+02 1.2673e-01
1.0727e+03 1.2888e+02 1.1497e+03 1.7486e+02 1.2573e-01
1.2094e+03 1.2779e+02 1.2420e+03 1.7636e+02 1.2531e-01
4.6620e+02 1.9298e+02 5.0214e+02 2.2184e+02 1.2419e-01
1.6740e+02 1.7206e+02 4.4595e+02 2.9636e+02 1.2407e-01
7.9813e+02 1.5658e+02 8.6132e+02 1.7818e+02 1.2269e-01
1.0827e+03 1.4450e+02 1.1543e+03 1.8548e+02 1.2162e-01
7.8207e+02 1.5756e+02 8.4379e+02 1.7753e+02 1.2142e-01
6.7579e+02 1.6925e+02 7.0176e+02 2.1424e+02 1.2051e-01
1.1822e+03 1.2903e+02 1.2303e+03 1.7177e+02 1.2038e-01
3.5798e+02 1.7646e+02 3.9774e+02 2.5760e+02 1.2024e-01
2.9115e+02 1.8007e+02 3.5895e+02 3.0922e+02 1.1896e-01
3.2623e+02 1.9237e+02 4.0639e+02 2.5227e+02 1.1762e-01
6.6217e+02 1.6898e+02 6.7662e+02 2.0251e+02 1.1741e-01
6.7941e+02 1.7363e+02 7.1097e+02 1.9544e+02 1.1661e-01
4.7643e+02 1.7996e+02 4.9840e+02 2.2025e+02 1.1563e-01
1.1664e+03 1.1389e+02 1.2420e+03 1.9632e+02 1.1472e-01
1.2169e+03 1.2057e+02 1.2380e+03 1.8691e+02 1.1401e-01
4.8668e+02 1.7708e+02 5.0793e+02 2.2006e+02 1.1300e-01
1.2031e+03 1.1822e+02 1.2282e+03 1.8249e+02 1.0815e-01
1.1062e+03 1.4013e+02 1.1728e+03 1.6471e+02 1.0754e-01
1.2058e+03 1.1728e+02 1.2337e+03 1.9167e+02 1.0681e-01
7.9176e+02 1.5546e+02 8.3846e+02 1.8361e+02 1.0666e-01
1.0748e+03 1.2755e+02 1.1416e+03 1.5082e+02 1.0464e-01
4.4588e+02 1.8326e+02 4.7361e+02 2.3543e+02 1.0382e-01
3.7014e+02 1.6803e+02 4.2805e+02 2.7641e+02 1.0371e-01
8.0194e+02 1.5682e+02 8.5516e+02 1.8924e+02 9.9518e-02
1.1033e+03 1.4874e+02 1.1690e+03 1.7479e+02 9.8321e-02
4.4096e+02 1.8603e+02 4.8922e+02 2.1600e+02 9.5861e-02
7.6794e+02 1.6674e+02 8.7580e+02 1.9885e+02 9.5001e-02
6.4999e+02 1.6837e+02 7.1418e+02 1.9947e+02 9.4589e-02
8.1549e+02 1.6073e+02 8.8934e+02 1.9341e+02 9.4193e-02
2.7426e+02 1.9622e+02 3.5608e+02 3.1821e+02 9.2985e-02
4.3727e+02 1.8534e+02 4.6603e+02 2.4426e+02 9.2449e-02
3.8862e+02 1.9764e+02 4.6635e+02 2.4710e+02 9.1635e-02
5.3432e+02 1.7875e+02 5.6340e+02 1.9514e+02 9.1614e-02
5.0074e+02 1.8239e+02 5.1931e+02 2.2104e+02 9.1252e-02
1.0632e+03 1.2078e+02 1.1447e+03 1.6887e+02 9.1173e-02
1.0705e+03 1.6230e+02 1.1666e+03 1.9746e+02 9.1171e-02
1.7757e+02 1.8981e+02 2.2604e+02 2.1024e+02 9.1014e-02
1.0749e+03 1.2346e+02 1.1410e+03 1.4664e+02 9.0999e-02
4.8201e+02 1.7893e+02 5.0240e+02 2.1919e+02 9.0289e-02
1.2221e+03 1.1896e+02 1.2405e+03 1.8821e+02 8.7137e-02
1.8731e+02 1.8841e+02 2.3883e+02 2.1022e+02 8.6158e-02
2.3711e+02 2.0196e+02 3.6765e+02 2.7577e+02 8.5411e-02
4.6764e+02 1.8412e+02 5.0135e+02 2.0542e+02 8.4695e-02
1.2009e+03 1.1460e+02 1.2243e+03 1.7306e+02 8.1916e-02
1.1035e+03 1.2323e+02 1.1212e+03 1.7155e+02 8.1891e-02
6.8050e+02 1.6877e+02 7.0808e+02 2.1535e+02 8.0663e-02
4.4719e+02 1.8422e+02 4.7776e+02 2.3811e+02 7.9762e-02
6.5820e+02 1.8357e+02 6.9388e+02 2.0933e+02 7.9414e-02
5.0700e+02 1.7257e+02 5.2577e+02 2.0944e+02 7.8124e-02
3.8421e+02 1.8903e+02 4.5000e+02 2.3246e+02 7.7752e-02
3.5247e+02 1.7570e+02 4.1959e+02 2.9495e+02 7.7579e-02
1.0661e+03 1.3984e+02 1.1285e+03 1.6221e+02 7.6979e-02
4.5027e+02 1.8186e+02 4.7704e+02 2.3038e+02 7.6834e-02
1.0649e+03 1.3568e+02 1.1283e+03 1.5862e+02 7.6309e-02
1.1619e+03 1.0468e+02 1.2087e+03 1.8569e+02 7.5090e-02
4.6391e+02 1.7761e+02 4.9188e+02 2.2409e+02 7.5066e-02
1.1001e+03 1.2403e+02 1.1176e+03 1.7069e+02 7.4854e-02
7.7409e+02 1.6859e+02 8.4457e+02 1.9557e+02 7.4202e-02
1.2088e+03 1.1543e+02 1.2311e+03 1.8264e+02 7.3578e-02
1.1033e+03 1.1526e+02 1.1215e+03 1.6327e+02 7.3388e-02
1.1974e+03 1.1447e+02 1.2204e+03 1.7028e+02 7.3257e-02
1.0652e+03 1.3479e+02 1.1439e+03 1.8113e+02 7.3170e-02
7.9978e+02 1.5487e+02 8.4842e+02 1.8455e+02 7.2739e-02
3.7778e+02 1.6620e+02 4.4102e+02 3.0385e+02 7.1121e-02
6.1049e+02 1.7485e+02 6.3160e+02 1.8865e+02 7.1014e-02
6.8672e+02 1.7299e+02 7.0900e+02 2.1643e+02 6.9951e-02
7.9804e+02 1.6268e+02 8.7406e+02 1.9453e+02 6.9889e-02
1.0856e+03 1.3854e+02 1.1562e+03 1.6376e+02 6.9781e-02
7.8386e+02 1.5812e+02 8.3629e+02 1.8780e+02 6.9427e-02
4.3248e+02 1.8850e+02 4.8435e+02 2.2110e+02 6.7997e-02
1.1000e+03 1.1508e+02 1.1175e+03 1.6217e+02 6.7994e-02
8.2647e+02 1.5271e+02 8.9292e+02 1.7749e+02 6.6507e-02
3.9351e+02 1.9196e+02 4.3234e+02 2.6425e+02 6.5845e-02
1.0839e+03 1.4613e+02 1.1486e+03 1.6997e+02 6.5812e-02
5.1636e+02 1.7424e+02 5.3243e+02 2.0928e+02 6.5633e-02
1.8724e+02 1.9249e+02 2.3749e+02 2.1396e+02 6.5448e-02
4.7034e+02 1.8151e+02 4.9429e+02 2.2637e+02 6.5210e-02
6.5750e+02 1.7000e+02 6.7078e+02 2.0108e+02 6.4996e-02
2.6416e+02 1.8683e+02 4.1992e+02 2.5532e+02 6.4560e-02
4.5838e+02 1.7710e+02 4.8530e+02 2.2517e+02 6.4511e-02
1.7809e+02 1.9353e+02 2.2470e+02 2.1357e+02 6.4166e-02
6.6452e+02 1.8139e+02 7.0717e+02 2.1282e+02 6.3065e-02
1.2181e+03 1.2511e+02 1.2420e+03 1.8051e+02 6.2716e-02
4.2786e+02 1.8511e+02 4.5657e+02 2.3712e+02 6.2407e-02
2.5211e+02 1.9634e+02 3.3186e+02 3.1478e+02 6.1898e-02
1.1161e+03 1.2582e+02 1.1325e+03 1.7488e+02 6.1836e-02
8.0897e+02 1.4762e+02 8.2398e+02 1.9066e+02 6.1568e-02
5.2880e+02 1.7844e+02 5.4352e+02 2.0725e+02 6.0741e-02
1.1076e+03 1.2672e+02 1.1248e+03 1.7433e+02 5.9490e-02
6.6926e+02 1.6768e+02 6.9469e+02 2.1210e+02 5.9077e-02
6.8072e+02 1.8315e+02 7.3047e+02 2.0550e+02 5.8705e-02
6.4463e+02 1.7113e+02 6.9148e+02 2.0183e+02 5.8444e-02
7.2578e+02 1.5553e+02 8.9418e+02 2.1524e+02 5.7996e-02
8.6869e+02 1.3899e+02 9.0282e+02 2.1691e+02 5.7657e-02
2.9524e+02 2.0437e+02 4.1989e+02 2.8321e+02 5.7235e-02
2.4438e+02 1.8580e+02 3.1517e+02 3.1331e+02 5.6163e-02
1.0963e+03 1.2381e+02 1.1138e+03 1.7040e+02 5.5772e-02
1.1203e+03 1.2641e+02 1.1359e+03 1.7456e+02 5.5714e-02
1.1121e+03 1.2599e+02 1.1288e+03 1.7415e+02 5.5695e-02
4.9240e+02 1.7275e+02 5.1058e+02 2.0967e+02 5.4643e-02
1.0729e+03 1.2069e+02 1.1797e+03 1.5886e+02 5.4256e-02
1.6040e+02 1.8223e+02 2.5363e+02 2.1947e+02 5.2899e-02
1.0358e+03 1.5640e+02 1.1471e+03 1.9730e+02 5.1123e-02
6.4319e+02 1.7665e+02 6.6664e+02 1.9293e+02 5.0635e-02
7.6232e+02 1.6530e+02 8.3285e+02 1.9225e+02 5.0307e-02
1.0650e+03 1.4336e+02 1.1433e+03 1.9112e+02 4.9481e-02
4.1396e+02 1.8301e+02 4.3391e+02 2.3459e+02 4.9322e-02
1.1658e+03 1.3906e+02 1.2420e+03 1.8079e+02 4.8836e-02
8.1245e+02 1.4813e+02 8.2744e+02 1.9041e+02 4.8770e-02
1.1073e+03 1.1558e+02 1.1250e+03 1.6381e+02 4.8597e-02
1.8254e+02 1.8692e+02 2.3032e+02 2.0735e+02 4.8235e-02
3.3378e+02 1.8887e+02 4.2150e+02 2.3347e+02 4.8179e-02
1.0419e+03 1.1710e+02 1.2132e+03 1.8333e+02 4.7945e-02
4.9345e+02 1.7749e+02 5.1751e+02 2.2177e+02 4.7750e-02
3.8638e+02 1.6488e+02 4.3847e+02 2.7264e+02 4.6973e-02
1.0960e+03 1.1078e+02 1.1139e+03 1.5818e+02 4.6328e-02
1.7918e+02 1.9736e+02 2.2442e+02 2.1742e+02 4.5991e-02
8.4442e+02 1.5295e+02 9.1101e+02 1.7868e+02 4.5366e-02
1.0649e+03 1.2797e+02 1.1289e+03 1.5082e+02 4.5010e-02
7.9445e+02 1.6286e+02 8.4931e+02 1.9599e+02 4.3565e-02
4.1825e+02 1.7091e+02 4.6442e+02 2.4027e+02 4.3186e-02
4.8898e+02 1.7529e+02 5.0658e+02 2.1224e+02 4.3102e-02
3.1041e+02 1.7191e+02 4.6198e+02 2.3925e+02 4.2156e-02
8.6434e+02 1.3894e+02 8.9517e+02 2.1559e+02 4.1976e-02
6.6183e+02 1.7146e+02 7.0110e+02 1.8949e+02 4.1730e-02
1.0892e+03 1.3498e+02 1.1272e+03 1.6721e+02 4.1433e-02
4.5514e+02 1.8441e+02 4.7979e+02 2.3428e+02 4.1079e-02
8.1082e+02 1.6629e+02 8.8227e+02 1.9642e+02 4.1007e-02
1.1695e+03 1.1780e+02 1.2009e+03 1.8917e+02 3.9774e-02
1.2262e+03 1.1669e+02 1.2420e+03 1.9305e+02 3.9341e-02
4.4113e+02 1.8509e+02 4.8350e+02 2.0961e+02 3.8995e-02
6.8265e+02 1.7250e+02 7.1530e+02 1.9919e+02 3.8426e-02
5.0509e+02 1.8342e+02 5.2295e+02 2.2041e+02 3.8143e-02
1.6183e+02 1.8307e+02 4.0915e+02 3.1356e+02 3.8017e-02
8.2619e+02 1.5144e+02 8.7269e+02 1.8010e+02 3.7738e-02
5.2961e+02 1.8182e+02 5.5398e+02 2.0111e+02 3.7412e-02
1.2138e+03 1.2163e+02 1.2420e+03 1.6935e+02 3.7307e-02
4.7575e+02 1.7832e+02 4.9924e+02 2.2551e+02 3.7011e-02
6.8260e+02 1.7903e+02 7.2688e+02 2.0056e+02 3.6584e-02
8.2312e+02 1.6535e+02 8.9489e+02 1.9513e+02 3.5998e-02
1.0494e+03 1.7115e+02 1.1632e+03 2.1130e+02 3.5769e-02
4.7674e+02 1.8644e+02 4.9721e+02 2.2552e+02 3.5670e-02
4.8630e+02 1.7688e+02 5.0968e+02 2.2293e+02 3.5491e-02
1.1116e+03 1.1580e+02 1.1289e+03 1.6391e+02 3.5024e-02
6.7113e+02 1.8379e+02 7.2778e+02 2.1006e+02 3.5007e-02
1.7997e+02 2.0150e+02 2.2472e+02 2.2192e+02 3.4759e-02
4.7903e+02 1.7593e+02 5.4294e+02 2.0852e+02 3.4239e-02
5.3143e+02 1.7816e+02 5.4592e+02 2.0645e+02 3.4051e-02
1.0571e+03 1.2753e+02 1.1375e+03 1.7623e+02 3.3867e-02
1.0726e+03 1.4643e+02 1.1362e+03 1.6990e+02 3.3760e-02
7.1187e+02 1.3492e+02 9.0580e+02 2.0583e+02 3.3607e-02
1.1195e+03 1.1687e+02 1.1370e+03 1.6524e+02 3.3412e-02
8.3592e+02 1.4039e+02 8.6297e+02 2.0012e+02 3.3290e-02
1.1131e+03 1.3785e+02 1.1779e+03 1.6090e+02 3.3031e-02
1.0923e+03 1.2415e+02 1.1098e+03 1.7044e+02 3.2701e-02
5.2081e+02 1.7739e+02 5.3488e+02 2.0765e+02 3.2419e-02
1.1160e+03 1.1583e+02 1.1329e+03 1.6400e+02 3.2269e-02
6.7671e+02 1.6700e+02 6.9344e+02 2.0054e+02 3.2099e-02
1.1957e+03 1.2826e+02 1.2364e+03 1.7411e+02 3.1678e-02
3.8337e+02 1.4424e+02 4.5202e+02 2.6171e+02 3.1641e-02
1.1922e+03 1.1772e+02 1.2157e+03 1.7537e+02 3.1498e-02
1.0721e+03 1.2093e+02 1.1329e+03 1.4398e+02 3.1262e-02
1.0883e+03 1.4921e+02 1.1525e+03 1.7358e+02 3.1235e-02
8.7349e+02 1.3887e+02 9.1081e+02 2.1764e+02 3.1085e-02
1.1173e+03 1.2403e+02 1.2161e+03 1.7532e+02 3.1050e-02
3.6672e+02 1.4783e+02 4.3973e+02 2.6531e+02 3.0863e-02
3.6377e+02 1.8641e+02 4.4203e+02 2.2659e+02 3.0500e-02
6.5379e+02 1.8319e+02 6.7898e+02 2.0431e+02 3.0363e-02
4.2843e+02 1.7289e+02 4.6785e+02 2.3639e+02 3.0354e-02
1.2014e+03 1.3024e+02 1.2420e+03 1.8294e+02 3.0308e-02
8.0903e+02 1.5478e+02 8.6562e+02 1.9067e+02 3.0209e-02
1.0879e+03 1.2513e+02 1.1052e+03 1.6993e+02 2.9844e-02
6.1193e+02 1.7060e+02 6.2567e+02 1.9227e+02 2.9671e-02
8.2896e+02 1.3815e+02 8.5496e+02 2.0090e+02 2.9645e-02
1.0728e+03 1.5053e+02 1.1479e+03 1.9598e+02 2.9517e-02
8.1588e+02 1.4665e+02 8.3109e+02 1.9033e+02 2.9512e-02
1.8814e+02 1.9697e+02 2.3581e+02 2.1774e+02 2.9472e-02
6.4759e+02 1.7362e+02 6.6007e+02 2.0184e+02 2.9451e-02
4.6361e+02 1.9006e+02 4.8650e+02 2.3296e+02 2.9240e-02
1.1361e+03 1.1528e+02 1.2259e+03 1.7381e+02 2.7946e-02
1.1821e+03 1.2503e+02 1.2158e+03 1.8978e+02 2.7911e-02
1.0774e+03 1.0416e+02 1.2420e+03 1.8050e+02 2.7807e-02
8.4201e+02 1.4098e+02 8.7184e+02 2.0186e+02 2.7802e-02
3.4990e+02 1.8534e+02 3.8853e+02 2.6417e+02 2.7411e-02
1.2244e+03 1.1297e+02 1.2420e+03 1.9921e+02 2.7125e-02
4.0236e+02 1.7056e+02 5.2738e+02 2.3342e+02 2.7075e-02
1.8301e+02 1.8977e+02 3.4237e+02 2.6895e+02 2.6982e-02
1.2079e+03 1.4177e+02 1.2420e+03 1.8672e+02 2.6634e-02
4.3823e+02 1.7198e+02 4.7377e+02 2.3096e+02 2.6285e-02
1.5965e+02 1.8726e+02 2.5491e+02 2.2813e+02 2.5620e-02
8.5788e+02 1.4009e+02 8.8709e+02 2.1461e+02 2.4641e-02
4.0101e+02 1.6392e+02 4.5515e+02 2.7784e+02 2.3374e-02
4.0630e+02 1.7964e+02 4.7878e+02 2.1803e+02 2.2944e-02
4.0525e+02 1.8917e+02 4.4132e+02 2.6095e+02 2.2864e-02
1.1980e+03 1.0656e+02 1.2328e+03 1.9062e+02 2.2668e-02
1.0256e+03 1.2404e+02 1.1958e+03 1.9032e+02 2.2620e-02
8.5176e+02 1.4081e+02 8.7944e+02 2.1457e+02 2.2470e-02
4.7155e+02 1.7898e+02 4.9550e+02 2.3074e+02 2.2138e-02
3.2858e+02 2.0588e+02 4.2019e+02 2.5951e+02 2.1206e-02
1.1516e+03 1.5412e+01 1.2420e+03 3.7500e+02 2.1140e-02
3.1735e+02 1.8017e+02 3.7328e+02 3.0174e+02 2.0946e-02
8.8228e+02 1.3735e+02 9.1977e+02 2.1431e+02 2.0720e-02
1.0719e+03 1.3328e+02 1.2420e+03 1.9956e+02 2.0679e-02
2.4157e+02 2.1458e+02 3.6173e+02 2.8478e+02 2.0416e-02
2.5914e+02 1.6187e+02 3.5242e+02 2.9306e+02 2.0269e-02
4.9686e+02 1.7512e+02 5.2567e+02 2.1985e+02 1.9590e-02
1.2127e+03 1.1558e+02 1.2395e+03 1.9734e+02 1.9467e-02
4.6884e+02 1.7430e+02 5.2426e+02 2.1421e+02 1.9404e-02
1.1823e+03 9.6490e+01 1.2420e+03 1.9407e+02 1.9324e-02
4.8862e+02 1.7226e+02 5.1725e+02 2.2723e+02 1.9207e-02
4.0004e+02 1.4439e+02 4.6425e+02 2.6077e+02 1.8628e-02
8.2028e+02 1.3833e+02 8.4604e+02 1.9952e+02 1.8248e-02
8.6134e+02 1.4892e+02 9.3859e+02 1.9818e+02 1.7964e-02
1.1496e+03 8.1964e+01 1.2251e+03 1.9653e+02 1.7912e-02
2.7487e+02 1.6427e+02 3.6522e+02 2.8588e+02 1.7882e-02
4.7354e+02 1.7260e+02 5.0157e+02 2.2079e+02 1.7533e-02
1.0407e+03 1.1091e+02 1.1543e+03 1.5124e+02 1.7454e-02
1.0941e+03 1.2552e+02 1.1749e+03 1.7090e+02 1.6840e-02
1.2170e+03 1.3630e+02 1.2420e+03 1.9181e+02 1.6785e-02
1.1746e+03 8.7023e+01 1.2420e+03 1.7645e+02 1.6694e-02
3.9676e+02 1.6130e+02 4.5876e+02 3.0346e+02 1.6652e-02
4.9393e+02 1.7723e+02 5.5231e+02 2.1077e+02 1.6246e-02
2.4044e+02 2.3282e+02 3.6723e+02 2.8811e+02 1.5728e-02
8.1188e+02 1.3909e+02 8.3941e+02 2.0126e+02 1.5671e-02
4.1507e+02 1.6377e+02 4.6574e+02 2.7725e+02 1.5474e-02
1.0346e+03 1.4012e+02 1.1400e+03 1.8033e+02 1.5473e-02
3.5484e+02 1.4587e+02 4.2518e+02 2.6840e+02 1.5391e-02
3.9362e+02 1.6185e+02 5.1471e+02 2.4257e+02 1.5132e-02
2.4693e+02 1.9823e+02 3.6135e+02 2.5773e+02 1.4956e-02
1.1704e+03 1.0283e+02 1.2277e+03 2.1843e+02 1.4813e-02
1.0694e+03 1.1386e+02 1.1499e+03 1.6336e+02 1.4257e-02
2.1946e+02 2.3475e+02 3.8228e+02 2.9855e+02 1.3850e-02
1.0694e+03 1.6973e+02 1.1693e+03 2.0794e+02 1.3827e-02
4.3578e+02 1.7632e+02 4.6800e+02 2.5300e+02 1.3426e-02
1.0351e+03 1.3751e+02 1.2117e+03 2.0370e+02 1.3285e-02
3.4337e+02 1.9923e+02 4.4589e+02 2.8314e+02 1.3255e-02
1.1183e+03 1.1901e+02 1.2362e+03 1.9655e+02 1.3229e-02
1.1849e+03 1.1569e+02 1.2420e+03 2.2165e+02 1.3079e-02
1.2053e+03 8.2945e+01 1.2420e+03 2.5991e+02 1.2716e-02
1.0323e+03 1.2353e+02 1.1447e+03 1.6596e+02 1.2706e-02
1.1644e+03 1.1711e+02 1.1946e+03 1.8798e+02 1.2528e-02
6.6838e+02 1.7295e+02 7.3980e+02 2.0441e+02 1.2376e-02
3.1082e+02 1.9477e+02 3.9635e+02 2.5772e+02 1.2167e-02
6.6304e+02 1.6652e+02 6.8730e+02 2.1089e+02 1.2121e-02
4.1106e+02 1.6831e+02 4.5535e+02 2.4300e+02 1.1920e-02
1.0493e+03 1.7921e+02 1.1638e+03 2.1949e+02 1.1607e-02
1.1589e+03 1.0314e+02 1.2161e+03 2.1024e+02 1.1505e-02
7.5789e+02 1.5228e+02 8.3517e+02 1.9468e+02 1.1387e-02
8.1789e+02 1.5040e+02 9.6609e+02 2.1600e+02 1.1165e-02
1.2260e+03 1.2721e+02 1.2420e+03 2.1683e+02 1.1099e-02
7.6486e+02 1.6442e+02 9.3413e+02 2.1847e+02 1.1031e-02
4.9309e+02 1.7449e+02 5.6204e+02 2.0613e+02 1.1028e-02
1.0925e+03 1.1998e+02 1.2080e+03 1.5945e+02 1.0944e-02
1.0910e+03 1.5021e+02 1.1575e+03 1.9076e+02 1.0866e-02
1.7336e+02 1.8112e+02 2.7120e+02 2.2045e+02 1.0782e-02
1.1740e+03 1.2342e+02 1.2078e+03 1.9113e+02 1.0491e-02
1.0340e+03 1.4829e+02 1.1408e+03 1.8957e+02 1.0455e-02
1.3489e+02 1.8018e+02 2.3319e+02 2.1895e+02 1.0218e-02
2.2358e+02 2.0410e+02 3.4384e+02 2.6568e+02 1.0142e-02
1.0638e+03 1.5716e+02 1.1437e+03 2.0654e+02 1.0052e-02
8.4487e+02 1.4863e+02 8.7096e+02 2.1457e+02 9.7167e-03
1.0562e+03 1.4959e+02 1.1361e+03 2.0037e+02 9.6269e-03
1.1030e+03 1.2029e+02 1.2303e+03 1.6456e+02 9.3622e-03
4.1529e+02 1.4119e+02 4.7432e+02 2.5965e+02 9.2506e-03
3.2247e+02 1.9267e+02 3.9032e+02 2.4385e+02 9.2189e-03
1.0855e+03 0.0000e+00 1.2420e+03 3.7500e+02 9.1592e-03
6.6476e+02 1.5847e+02 6.9729e+02 2.0776e+02 8.9662e-03
6.5102e+02 1.8015e+02 7.1887e+02 2.1782e+02 8.9266e-03
2.6146e+02 2.0161e+02 3.7447e+02 2.6582e+02 8.9196e-03
6.8544e+02 1.6796e+02 7.1402e+02 2.1769e+02 8.9155e-03
1.1543e+03 1.0907e+02 1.1901e+03 1.8185e+02 8.9061e-03
1.6552e+02 1.7748e+02 2.5971e+02 2.1418e+02 8.8418e-03
3.5532e+02 1.8583e+02 4.2733e+02 2.3475e+02 8.4932e-03
1.0525e+03 1.3419e+02 1.1283e+03 1.8410e+02 8.4173e-03
1.1331e+03 8.2976e+01 1.2420e+03 3.0014e+02 8.2101e-03
1.2112e+03 1.4938e+02 1.2420e+03 1.9368e+02 8.1153e-03
4.1113e+02 1.6485e+02 5.5022e+02 2.2331e+02 7.9428e-03
8.0510e+02 1.4001e+02 8.3189e+02 1.9983e+02 7.8741e-03
3.4822e+02 1.8295e+02 3.8092e+02 2.5832e+02 7.8196e-03
1.0741e+03 7.1894e+01 1.2420e+03 2.3589e+02 7.7366e-03
8.4624e+02 1.6215e+02 9.3968e+02 2.0506e+02 7.6512e-03
1.1062e+03 1.3083e+02 1.1363e+03 1.9250e+02 7.5377e-03
1.0820e+03 1.5635e+02 1.1521e+03 2.0028e+02 7.4822e-03
4.8739e+02 1.6663e+02 5.2246e+02 2.2065e+02 7.4668e-03
1.0512e+03 1.1906e+02 1.1319e+03 1.7022e+02 7.4355e-03
1.0322e+03 1.6444e+02 1.1430e+03 2.0690e+02 7.3245e-03
3.4330e+02 1.7719e+02 3.9346e+02 2.9141e+02 7.2773e-03
6.3813e+02 1.6655e+02 6.9924e+02 1.9844e+02 7.2424e-03
3.8555e+02 1.7898e+02 4.6477e+02 2.1667e+02 7.0574e-03
4.0796e+02 1.7572e+02 4.9799e+02 2.4439e+02 7.0523e-03
1.0967e+03 1.2885e+02 1.1296e+03 1.9813e+02 7.0342e-03
1.0888e+03 1.5131e+02 1.1919e+03 1.8691e+02 7.0078e-03
2.7612e+02 1.9694e+02 3.6480e+02 2.3823e+02 6.9621e-03
2.8245e+02 1.8072e+02 3.3667e+02 2.8383e+02 6.9317e-03
8.3816e+02 1.4900e+02 8.6244e+02 2.1254e+02 6.8938e-03
4.5687e+02 1.7304e+02 5.1977e+02 2.0652e+02 6.8841e-03
1.1544e+03 9.5381e+01 1.2176e+03 2.3780e+02 6.8544e-03
2.7671e+02 1.9717e+02 3.7257e+02 2.5357e+02 6.7632e-03
1.2198e+03 1.4414e+02 1.2420e+03 1.9866e+02 6.7169e-03
3.4416e+02 1.8531e+02 4.2747e+02 2.2435e+02 6.5432e-03
1.2267e+03 1.4048e+02 1.2420e+03 2.4029e+02 6.4108e-03
1.0499e+03 1.8818e+02 1.1660e+03 2.2718e+02 6.2219e-03
1.1047e+03 1.1560e+02 1.1380e+03 1.8262e+02 6.1848e-03
1.0516e+03 1.4200e+02 1.1276e+03 1.9397e+02 6.0374e-03
1.6561e+02 1.8320e+02 3.5803e+02 2.5889e+02 5.9922e-03
1.0977e+02 1.7391e+02 2.7646e+02 2.4163e+02 5.9413e-03
3.0183e+02 2.0524e+02 4.0412e+02 2.6198e+02 5.9325e-03
4.0099e+02 1.7880e+02 4.3449e+02 2.4248e+02 5.8713e-03
0.0000e+00 2.8278e+02 2.8456e+01 3.7500e+02 5.8115e-03
8.2508e+02 1.3687e+02 8.5829e+02 1.9398e+02 5.7844e-03
1.0383e+02 1.5990e+02 2.7795e+02 2.3006e+02 5.7514e-03
1.7634e+02 1.8827e+02 2.7091e+02 2.2676e+02 5.7381e-03
4.9502e+02 1.7021e+02 5.2413e+02 2.2958e+02 5.7351e-03
1.1774e+03 1.3951e+02 1.2420e+03 2.3081e+02 5.7140e-03
1.4268e+02 1.7569e+02 2.4312e+02 2.1339e+02 5.6366e-03
1.0960e+03 1.1373e+02 1.1308e+03 1.8455e+02 5.6241e-03
1.1910e+03 1.3990e+02 1.2420e+03 1.8278e+02 5.6031e-03
6.7094e+02 1.6932e+02 7.0535e+02 2.3132e+02 5.5455e-03
1.1333e+03 7.6840e+01 1.2155e+03 2.0195e+02 5.5242e-03
1.0882e+03 1.2657e+02 1.1227e+03 1.9959e+02 5.4915e-03
1.2048e+03 6.8360e+01 1.2420e+03 2.1276e+02 5.4548e-03
8.1842e+02 1.3801e+02 9.6509e+02 1.9969e+02 5.4427e-03
1.0879e+03 1.1310e+02 1.1230e+03 1.8347e+02 5.4399e-03
8.6916e+02 1.4986e+02 9.4635e+02 1.8862e+02 5.4215e-03
1.0314e+03 1.7206e+02 1.1413e+03 2.1468e+02 5.2980e-03
1.1164e+03 5.5734e+01 1.2420e+03 2.6683e+02 5.2917e-03
1.0934e+03 9.8673e+01 1.2420e+03 2.7183e+02 5.2428e-03
8.1625e+02 1.3682e+02 8.5039e+02 1.9474e+02 5.1931e-03
1.0617e+03 1.1206e+02 1.1743e+03 1.5330e+02 5.1699e-03
1.0688e+03 1.1562e+02 1.2012e+03 1.9153e+02 5.1561e-03
1.2408e+02 1.8628e+02 2.2501e+02 2.2796e+02 5.1499e-03
1.2011e+03 1.1089e+02 1.2420e+03 3.1353e+02 5.1465e-03
3.5315e+02 1.7586e+02 3.8737e+02 2.5401e+02 5.1435e-03
1.1844e+03 9.3304e+01 1.2355e+03 2.3136e+02 5.0819e-03
1.0229e+03 1.8136e+02 1.0964e+03 3.5147e+02 4.9774e-03
6.7110e+02 1.5940e+02 7.0468e+02 2.0860e+02 4.8848e-03
1.2159e+03 1.1445e+02 1.2420e+03 1.6043e+02 4.8507e-03
4.1491e+02 1.6014e+02 4.7319e+02 3.0419e+02 4.8338e-03
3.5020e+02 1.6905e+02 3.9455e+02 2.7342e+02 4.8106e-03
3.9182e+02 1.7693e+02 4.2638e+02 2.4059e+02 4.8054e-03
4.1828e+02 1.9343e+02 4.8641e+02 2.3398e+02 4.7968e-03
1.0875e+03 7.0333e+01 1.2298e+03 3.7500e+02 4.7933e-03
7.9562e+02 1.4123e+02 8.2468e+02 1.9954e+02 4.7794e-03
1.0327e+03 1.1595e+02 1.1403e+03 1.5853e+02 4.7660e-03
2.5560e+02 1.2205e+02 3.7991e+02 3.4269e+02 4.7613e-03
3.0137e+02 1.6625e+02 3.7224e+02 2.8066e+02 4.7490e-03
6.7108e+02 1.7460e+02 7.3662e+02 2.1378e+02 4.7317e-03
2.9807e+02 1.9532e+02 3.8111e+02 2.3787e+02 4.6938e-03
1.0283e+03 8.6998e+01 1.2420e+03 3.7500e+02 4.6527e-03
1.0812e+03 1.5957e+02 1.1817e+03 1.9542e+02 4.6114e-03
6.5814e+02 1.5597e+02 6.8871e+02 2.0758e+02 4.6100e-03
1.3988e+02 1.7432e+02 3.1818e+02 2.4598e+02 4.6039e-03
8.3291e+02 1.3853e+02 8.6667e+02 1.9131e+02 4.5542e-03
3.5611e+02 1.9180e+02 3.9662e+02 2.6562e+02 4.2165e-03
7.8957e+02 1.6042e+02 9.5317e+02 2.2184e+02 4.1830e-03
1.1774e+03 1.1890e+02 1.2420e+03 1.6307e+02 4.1505e-03
3.8140e+02 1.7368e+02 4.1933e+02 2.4351e+02 4.1341e-03
8.0851e+02 1.3492e+02 8.4290e+02 1.9409e+02 4.1017e-03
3.3715e+02 1.8181e+02 3.7319e+02 2.6524e+02 4.0966e-03
1.1574e+03 1.7703e+02 1.2420e+03 3.7500e+02 4.0436e-03
3.4303e+02 1.8359e+02 3.8323e+02 2.7562e+02 4.0308e-03
7.6915e+02 1.4801e+02 8.5243e+02 1.9404e+02 4.0125e-03
1.1172e+03 3.6118e+01 1.2420e+03 3.7500e+02 3.9042e-03
1.1705e+03 9.8568e+01 1.2155e+03 1.8031e+02 3.8975e-03
1.5201e+02 1.9308e+02 2.4660e+02 2.3483e+02 3.8425e-03
1.0360e+03 1.0043e+02 1.2199e+03 1.7341e+02 3.8293e-03
4.3298e+02 1.5697e+02 4.8199e+02 2.8038e+02 3.8217e-03
2.2933e+02 1.9934e+02 3.3563e+02 2.5226e+02 3.8084e-03
4.8131e+02 1.6188e+02 5.1332e+02 2.2056e+02 3.7382e-03
6.7686e+02 1.6700e+02 7.1292e+02 2.3424e+02 3.7278e-03
1.2020e+03 2.8959e+02 1.2420e+03 3.7500e+02 3.7208e-03
1.3066e+02 1.6058e+02 3.1269e+02 2.3134e+02 3.7187e-03
7.3031e+02 1.3717e+02 8.7489e+02 2.1262e+02 3.6815e-03
9.5642e+02 1.2211e+02 1.2420e+03 3.7500e+02 3.6797e-03
1.1979e+02 1.7913e+02 2.1725e+02 2.1971e+02 3.6399e-03
2.2682e+02 2.0149e+02 3.8519e+02 2.8842e+02 3.6274e-03
4.1428e+02 1.1017e+02 4.8784e+02 2.6058e+02 3.6256e-03
1.2124e+03 1.5830e+02 1.2420e+03 2.0105e+02 3.5456e-03
1.0465e+03 1.9535e+02 1.1674e+03 2.3337e+02 3.5214e-03
3.9688e+02 1.0715e+02 4.7432e+02 2.6465e+02 3.5072e-03
1.0105e+03 1.1137e+02 1.1919e+03 1.8287e+02 3.4328e-03
1.0401e+03 1.1549e+02 1.1665e+03 2.0294e+02 3.4220e-03
3.3763e+02 1.7891e+02 3.8878e+02 3.1459e+02 3.2406e-03
1.0351e+03 1.8206e+02 1.1080e+03 3.5688e+02 3.1481e-03
1.1417e+03 9.6762e+01 1.2049e+03 2.0405e+02 3.1384e-03
3.0839e+02 1.6507e+02 4.3789e+02 2.5038e+02 3.1083e-03
1.0071e+03 1.3903e+02 1.1901e+03 2.1315e+02 3.0796e-03
2.2838e+02 1.8134e+02 3.0467e+02 3.0139e+02 3.0531e-03
1.0086e+03 1.7539e+02 1.0836e+03 3.4428e+02 2.9967e-03
1.1889e+03 3.2035e+02 1.2420e+03 3.7500e+02 2.9957e-03
7.4231e+02 1.6663e+02 9.1540e+02 2.2396e+02 2.9903e-03
1.1477e+03 9.3152e+01 1.2420e+03 1.8692e+02 2.9714e-03
9.5482e+02 3.1244e+01 1.2420e+03 3.5724e+02 2.8886e-03
9.7994e+02 8.3879e+01 1.1441e+03 3.7500e+02 2.8026e-03
3.2918e+02 2.0610e+02 4.6867e+02 2.8234e+02 2.7682e-03
1.1352e+03 1.1258e+02 1.2420e+03 3.5073e+02 2.7365e-03
6.1736e+02 1.6326e+02 7.5497e+02 2.2462e+02 2.7200e-03
0.0000e+00 1.9859e+02 5.5773e+01 3.7500e+02 2.7051e-03
8.6624e+02 1.3021e+02 9.2273e+02 2.3445e+02 2.6120e-03
3.1401e+02 1.8934e+02 3.8176e+02 3.2258e+02 2.6058e-03
2.0957e+02 1.4923e+02 5.2851e+02 2.8225e+02 2.5820e-03
2.0720e+02 2.0343e+02 3.4357e+02 2.9060e+02 2.4921e-03
2.7553e+02 1.6548e+02 4.4539e+02 2.3546e+02 2.4437e-03
1.1263e+03 2.4806e+02 1.2420e+03 3.7500e+02 2.4433e-03
1.0844e+03 2.6173e+02 1.2420e+03 3.7500e+02 2.4360e-03
4.3237e+02 1.3913e+02 4.8873e+02 2.6274e+02 2.4226e-03
7.9312e+01 1.6010e+02 2.4673e+02 2.2789e+02 2.4183e-03
1.1609e+03 0.0000e+00 1.2420e+03 2.8599e+02 2.3750e-03
1.5058e+02 3.6185e+01 4.7084e+02 3.7500e+02 2.3638e-03
0.0000e+00 3.1946e+02 4.0484e+01 3.7500e+02 2.3253e-03
1.1441e+03 4.7346e+01 1.2328e+03 2.0865e+02 2.3060e-03
3.8882e+02 1.8520e+02 4.8672e+02 2.6438e+02 2.2922e-03
1.0383e+03 1.3586e+02 1.1098e+03 3.1520e+02 2.2857e-03
3.8112e+02 1.0584e+02 4.5821e+02 2.6950e+02 2.2480e-03
2.2999e+02 1.0023e+02 3.6192e+02 3.2203e+02 2.1924e-03
8.5427e+02 1.3286e+02 9.0696e+02 2.2849e+02 2.1890e-03
7.8300e+01 1.7327e+02 2.4587e+02 2.4133e+02 2.1622e-03
1.0118e+03 1.9079e+02 1.1595e+03 3.7500e+02 2.1549e-03
4.2662e+02 1.7489e+02 5.1637e+02 2.4577e+02 2.1534e-03
4.2704e+02 1.6057e+02 5.7498e+02 2.2235e+02 2.1414e-03
4.4871e+02 1.4744e+02 4.9971e+02 2.6389e+02 2.1002e-03
0.0000e+00 2.2393e+01 1.3440e+02 3.7500e+02 2.0647e-03
1.0848e+03 1.2500e+02 1.2152e+03 2.0132e+02 2.0504e-03
2.3201e+02 1.4121e+02 3.6422e+02 3.5453e+02 2.0261e-03
1.1683e+03 9.7755e+01 1.2354e+03 2.9307e+02 2.0037e-03
4.3511e+02 1.6767e+02 5.3338e+02 2.3280e+02 2.0035e-03
1.2043e+03 1.7638e+02 1.2420e+03 3.6915e+02 1.9857e-03
1.1769e+03 1.5809e+02 1.2420e+03 2.4936e+02 1.9807e-03
1.0114e+03 9.0727e+01 1.1772e+03 3.7500e+02 1.9805e-03
2.0838e+02 1.6809e+02 4.2835e+02 3.2075e+02 1.9768e-03
3.8592e+02 1.4126e+02 5.0688e+02 2.3783e+02 1.9667e-03
3.7199e+02 1.4901e+02 5.3108e+02 2.2461e+02 1.9439e-03
1.0523e+03 1.2880e+02 1.1778e+03 2.1442e+02 1.9438e-03
2.4315e+02 2.3151e+02 4.0279e+02 3.0579e+02 1.8967e-03
1.0756e+03 9.4416e+01 1.1420e+03 2.3953e+02 1.8830e-03
1.1834e+03 6.9651e+01 1.2413e+03 2.1028e+02 1.8671e-03
2.3355e+02 1.5324e+02 3.2202e+02 3.0340e+02 1.8654e-03
3.2973e+02 1.6403e+02 3.8367e+02 2.7236e+02 1.8577e-03
1.1872e+03 1.4342e+02 1.2420e+03 2.6496e+02 1.8431e-03
4.0600e+02 1.7860e+02 5.3511e+02 2.4910e+02 1.8311e-03
3.4357e+02 1.3642e+02 4.0672e+02 2.6956e+02 1.8262e-03
9.8352e+02 1.7962e+02 1.1313e+03 3.7500e+02 1.8169e-03
1.1959e+02 1.8594e+02 2.7245e+02 2.5262e+02 1.7781e-03
7.3709e+02 1.4886e+02 8.6585e+02 2.1920e+02 1.7688e-03
2.0371e+02 1.6478e+02 4.0216e+02 2.3524e+02 1.7647e-03
1.0553e+03 1.1885e+02 1.1246e+03 2.8494e+02 1.6742e-03
0.0000e+00 1.6642e+02 3.3693e+01 3.6186e+02 1.6446e-03
4.3016e+02 1.0453e+02 4.9982e+02 2.5245e+02 1.6385e-03
9.5790e+02 7.4240e+01 1.1124e+03 3.7500e+02 1.5858e-03
1.0180e+03 1.5607e+02 1.2028e+03 2.2675e+02 1.5724e-03
1.1854e+03 9.7504e+01 1.2420e+03 2.9680e+02 1.5506e-03
1.0975e+03 1.2840e+02 1.2420e+03 3.1538e+02 1.5200e-03
1.0225e+03 1.3443e+02 1.0970e+03 3.1345e+02 1.5110e-03
0.0000e+00 1.3319e+02 3.1107e+01 3.3016e+02 1.4908e-03
1.0528e+03 6.8678e+01 1.1996e+03 3.7500e+02 1.4464e-03
0.0000e+00 2.5853e+02 8.9500e+01 3.7500e+02 1.4261e-03
9.4496e+02 1.7889e+02 1.1033e+03 3.7500e+02 1.3874e-03
1.0590e+03 9.2238e+01 1.1275e+03 2.4817e+02 1.3860e-03
3.3194e+02 1.4905e+02 5.0277e+02 2.2446e+02 1.3229e-03
0.0000e+00 1.0998e+02 1.9567e+02 3.7500e+02 1.3000e-03
5.9090e+01 8.7512e+01 5.5648e+02 3.7500e+02 1.2863e-03
3.9577e+02 1.4917e+02 5.6122e+02 2.2081e+02 1.2749e-03
4.2986e+02 1.7012e+02 5.6955e+02 2.3422e+02 1.2744e-03
0.0000e+00 1.2249e+02 2.9772e+02 3.7500e+02 1.2549e-03
1.0349e+03 1.0309e+02 1.2420e+03 3.0041e+02 1.2488e-03
8.6774e+02 0.0000e+00 1.2224e+03 3.7500e+02 1.2259e-03
1.0432e+03 2.0833e+02 1.1883e+03 3.7500e+02 1.2242e-03
1.6137e+02 1.6328e+02 3.7290e+02 2.3742e+02 1.2205e-03
1.1612e+03 4.0538e+01 1.2420e+03 2.1801e+02 1.2170e-03
8.4104e+02 1.3314e+02 8.9016e+02 2.2432e+02 1.2141e-03
3.6529e+02 1.0694e+02 4.4320e+02 2.6643e+02 1.1780e-03
1.0720e+03 1.2062e+02 1.1403e+03 2.8133e+02 1.1689e-03
7.4786e+02 7.6600e+01 1.2420e+03 3.7500e+02 1.1688e-03
1.0906e+03 1.0747e+02 1.1519e+03 2.5250e+02 1.1638e-03
0.0000e+00 2.6662e+02 1.5368e+02 3.7500e+02 1.1605e-03
3.5058e+02 1.4190e+02 4.7996e+02 2.3688e+02 1.1548e-03
9.5458e+02 0.0000e+00 1.2420e+03 1.1950e+02 1.1362e-03
0.0000e+00 2.1493e+02 3.0402e+01 3.7500e+02 1.1248e-03
8.3721e+02 1.4200e+02 9.8482e+02 2.1139e+02 1.1144e-03
1.0368e+03 2.8377e+02 1.1090e+03 3.7500e+02 1.1093e-03
2.0387e+02 2.4091e+02 3.6035e+02 3.0549e+02 1.0700e-03
0.0000e+00 3.2771e+02 5.4334e+01 3.7500e+02 1.0699e-03
1.0482e+03 1.9181e+02 1.1252e+03 3.6599e+02 1.0658e-03
3.6635e+02 1.8987e+02 5.0511e+02 2.6513e+02 1.0620e-03
1.0258e+03 1.2978e+02 1.1528e+03 2.2859e+02 1.0320e-03
1.0216e+03 2.8581e+02 1.0941e+03 3.7500e+02 1.0288e-03
0.0000e+00 0.0000e+00 3.2351e+01 7.9089e+01 1.0247e-03
1.1736e+03 6.6190e+01 1.2420e+03 1.6026e+02 1.0108e-03
9.0518e+02 1.8619e+02 1.0722e+03 3.7500e+02 1.0054e-03
1.0191e+03 0.0000e+00 1.2420e+03 1.7335e+02 9.7429e-04
1.0057e+03 1.3822e+02 1.0810e+03 3.1248e+02 9.3633e-04
1.2031e+03 0.0000e+00 1.2420e+03 8.1443e+01 9.1643e-04
1.1196e+03 7.2991e+01 1.1986e+03 2.0304e+02 9.0926e-04
4.6625e+02 1.5267e+02 5.2191e+02 2.8769e+02 9.0513e-04
0.0000e+00 1.0094e+02 2.9827e+01 2.9821e+02 8.8777e-04
1.2672e+02 1.4994e+02 4.4375e+02 2.8273e+02 8.8489e-04
9.9537e+02 1.2238e+02 1.1734e+03 1.9687e+02 8.5451e-04
1.2042e+03 0.0000e+00 1.2420e+03 1.9410e+02 8.3894e-04
2.2877e+02 1.2486e+02 5.9196e+02 2.7422e+02 8.3646e-04
1.1081e+03 6.9112e+01 1.2420e+03 1.7608e+02 8.3432e-04
1.0430e+03 1.0510e+02 1.1088e+03 2.6830e+02 8.0329e-04
1.1282e+03 9.8247e+01 1.1861e+03 2.1716e+02 7.9543e-04
4.4198e+02 1.7502e+02 5.3753e+02 2.5067e+02 7.8934e-04
1.8027e+02 1.9635e+02 3.1442e+02 2.7761e+02 7.8109e-04
1.2174e+02 1.5211e+02 2.5818e+02 2.3571e+02 7.7327e-04
1.1648e+03 0.0000e+00 1.2420e+03 3.1684e+01 7.5201e-04
2.8361e+02 2.1801e+02 4.2007e+02 2.9925e+02 7.5132e-04
1.0513e+03 2.8580e+02 1.1250e+03 3.7500e+02 7.4395e-04
1.0828e+03 2.2997e+01 1.2420e+03 1.9338e+02 7.3216e-04
1.1845e+03 5.7611e+01 1.2420e+03 1.7636e+02 7.3168e-04
1.0039e+03 2.8509e+02 1.0785e+03 3.7500e+02 7.3051e-04
1.0777e+03 2.1186e+02 1.2183e+03 3.7500e+02 7.2448e-04
2.9569e+02 1.1122e+02 4.0613e+02 3.4945e+02 7.1716e-04
1.0031e+03 9.6107e+01 1.1918e+03 1.7241e+02 7.0686e-04
8.4231e+01 1.8835e+02 2.4168e+02 2.5406e+02 6.9373e-04
1.1633e+03 0.0000e+00 1.2420e+03 1.7334e+02 6.8533e-04
6.1209e+02 1.4692e+02 7.6235e+02 2.2036e+02 6.8170e-04
4.4852e+02 1.0698e+02 5.1511e+02 2.5326e+02 6.7538e-04
0.0000e+00 2.5527e+02 2.5071e+01 3.7500e+02 6.7009e-04
8.2982e+02 1.2972e+02 8.7260e+02 2.1696e+02 6.5889e-04
8.2558e+02 1.5302e+02 9.4390e+02 2.2513e+02 6.5599e-04
1.1638e+03 2.9536e+02 1.2391e+03 3.7500e+02 6.4733e-04
1.1911e+03 1.5915e+02 1.2420e+03 2.8843e+02 6.3927e-04
1.0519e+03 1.6120e+02 1.1255e+03 3.1807e+02 6.3804e-04
4.2590e+02 1.7801e+02 5.6023e+02 2.5071e+02 6.3639e-04
8.6565e+02 1.1735e+02 9.2135e+02 2.1353e+02 6.3170e-04
2.9636e+02 1.9671e+02 3.7148e+02 3.3187e+02 6.2816e-04
1.1144e+03 1.5477e+02 1.2420e+03 3.4695e+02 6.2523e-04
1.1108e+03 9.3546e+01 1.1668e+03 2.2043e+02 6.0626e-04
9.9171e+02 1.7429e+02 1.0718e+03 3.4284e+02 5.9960e-04
9.5996e+02 2.5789e+02 1.2130e+03 3.7500e+02 5.9475e-04
0.0000e+00 2.9388e+02 4.7758e+01 3.7500e+02 5.9148e-04
4.0002e+02 1.7632e+02 4.6078e+02 3.3036e+02 5.8942e-04
1.1798e+03 1.7461e+02 1.2420e+03 2.7051e+02 5.8828e-04
0.0000e+00 0.0000e+00 7.1135e+01 1.4900e+02 5.8248e-04
1.1827e+02 1.4860e+02 2.9351e+02 2.1961e+02 5.6495e-04
1.0354e+03 1.4522e+02 1.1647e+03 2.4187e+02 5.5720e-04
1.0669e+03 2.8669e+02 1.1414e+03 3.7500e+02 5.5457e-04
8.1012e+02 1.0993e+02 8.6250e+02 2.1286e+02 5.5355e-04
1.0864e+03 1.3846e+02 1.1531e+03 3.0453e+02 5.5253e-04
8.6987e+02 1.9479e+02 1.0401e+03 3.7500e+02 5.4391e-04
9.3510e+01 1.4933e+02 2.5842e+02 2.1664e+02 5.3315e-04
4.1564e+02 1.3965e+02 5.3691e+02 2.3037e+02 5.3241e-04
1.1823e+03 2.8748e+02 1.2420e+03 3.7500e+02 5.3202e-04
8.7991e+02 1.2498e+02 9.3953e+02 2.4297e+02 5.2328e-04
1.0210e+03 1.0177e+02 1.1602e+03 1.9343e+02 5.2119e-04
1.1471e+03 2.9501e+02 1.2247e+03 3.7500e+02 5.1978e-04
8.5001e+02 1.3042e+02 9.0893e+02 2.5790e+02 5.1936e-04
1.3925e+02 1.6654e+02 2.7144e+02 2.4817e+02 5.1653e-04
2.9822e+02 1.4814e+02 4.7435e+02 2.1837e+02 5.1165e-04
1.0747e+03 7.9753e+01 1.2420e+03 1.6759e+02 4.9643e-04
7.7207e+02 1.2888e+02 9.4052e+02 1.9503e+02 4.9380e-04
2.8739e+02 1.6248e+02 4.2153e+02 2.4432e+02 4.9080e-04
3.5458e+02 1.8399e+02 4.1353e+02 3.4154e+02 4.8748e-04
8.8856e+02 2.4537e+02 1.1579e+03 3.7500e+02 4.8409e-04
6.6178e+02 1.3629e+02 7.1788e+02 2.7169e+02 4.7080e-04
4.7984e+01 1.7462e+02 2.1582e+02 2.4407e+02 4.6944e-04
1.0083e+03 1.7348e+02 1.2064e+03 2.4545e+02 4.6727e-04
1.1528e+03 1.3952e+02 1.2420e+03 2.2155e+02 4.6413e-04
0.0000e+00 3.7424e+01 6.6158e+01 3.7500e+02 4.6225e-04
8.3148e+02 2.5870e+02 1.2217e+03 3.7500e+02 4.5791e-04
1.2294e+01 1.9164e+02 1.8309e+02 2.5859e+02 4.5223e-04
3.2768e+02 1.3499e+02 3.9007e+02 2.6575e+02 4.5126e-04
9.8662e+02 2.8598e+02 1.0643e+03 3.7500e+02 4.5096e-04
6.9359e+02 1.5379e+02 8.7036e+02 2.2435e+02 4.4860e-04
1.1798e+03 0.0000e+00 1.2420e+03 4.1294e+01 4.4800e-04
1.0641e+03 2.0845e+02 1.1446e+03 3.7500e+02 4.4618e-04
3.6958e+02 1.7959e+02 4.3128e+02 3.4307e+02 4.3757e-04
0.0000e+00 6.4877e+01 2.8963e+01 2.6577e+02 4.3148e-04
1.1669e+03 8.8197e+01 1.2420e+03 3.7500e+02 4.2984e-04
1.5094e+02 1.5234e+02 2.8938e+02 2.3500e+02 4.2913e-04
7.9617e+02 1.1493e+02 8.4738e+02 2.2458e+02 4.2423e-04
2.0393e+02 8.7573e+00 5.2209e+02 3.7500e+02 4.2291e-04
0.0000e+00 0.0000e+00 2.2339e+02 1.5240e+02 4.1764e-04
9.9673e+02 1.1301e+02 1.2420e+03 2.7158e+02 4.1647e-04
1.1732e+03 4.8587e+01 1.2420e+03 1.4457e+02 4.1421e-04
1.1865e+03 1.9232e+02 1.2420e+03 2.8729e+02 4.0618e-04
8.1057e+02 1.3845e+02 8.5971e+02 2.3419e+02 4.0594e-04
7.7746e+02 1.0941e+02 8.3371e+02 2.3040e+02 4.0351e-04
6.4052e+02 1.6015e+02 7.9508e+02 2.2545e+02 3.9888e-04
1.1438e+01 2.9950e+02 8.7415e+01 3.7500e+02 3.9243e-04
1.1152e+03 2.0408e+02 1.2420e+03 3.7500e+02 3.9168e-04
0.0000e+00 0.0000e+00 3.0908e+02 1.4235e+02 3.8985e-04
9.4555e+02 1.2205e+02 1.1714e+03 3.5766e+02 3.8760e-04
7.3453e+02 1.2362e+02 9.2504e+02 1.9781e+02 3.8028e-04
1.0831e+03 2.8812e+02 1.1575e+03 3.7500e+02 3.7747e-04
1.1959e+03 1.9638e+02 1.2420e+03 3.2451e+02 3.7505e-04
3.4307e+02 5.1334e+01 4.9135e+02 3.4512e+02 3.7394e-04
6.3498e+02 1.6044e+02 7.3407e+02 2.3629e+02 3.7183e-04
1.1019e+02 1.6639e+02 2.3957e+02 2.4727e+02 3.7066e-04
6.5661e+02 1.1963e+02 9.9247e+02 2.5317e+02 3.6436e-04
4.6709e+01 1.9006e+02 2.1249e+02 2.5963e+02 3.6400e-04
1.2095e+03 2.4841e+02 1.2420e+03 3.7500e+02 3.6360e-04
2.8373e+02 8.8244e+01 4.1563e+02 3.1911e+02 3.5972e-04
0.0000e+00 0.0000e+00 1.0972e+02 7.5712e+01 3.5849e-04
2.8396e+02 1.3105e+02 3.6117e+02 2.7728e+02 3.5808e-04
0.0000e+00 2.9482e+02 6.9173e+01 3.7500e+02 3.5788e-04
8.3690e+02 1.3134e+02 8.9150e+02 2.5368e+02 3.5298e-04
9.8859e+02 1.3560e+02 1.0642e+03 3.0882e+02 3.4870e-04
9.9162e+02 1.5406e+02 1.1793e+03 2.3351e+02 3.4580e-04
8.0614e+02 2.4391e+02 1.0969e+03 3.7500e+02 3.4297e-04
1.0993e+03 0.0000e+00 1.2420e+03 5.5079e+01 3.3957e-04
1.0460e+01 2.0824e+02 1.8476e+02 2.7208e+02 3.3823e-04
4.4589e+02 1.5512e+02 5.5789e+02 2.2902e+02 3.3708e-04
4.9956e+01 1.6031e+02 2.1874e+02 2.2966e+02 3.3594e-04
1.1849e+03 2.0833e+02 1.2420e+03 3.0351e+02 3.3476e-04
1.1038e+03 1.1222e+02 1.1666e+03 2.7596e+02 3.3153e-04
6.5019e+02 1.3426e+02 7.0466e+02 2.6740e+02 3.3137e-04
2.6385e+02 1.2744e+02 3.4762e+02 2.8355e+02 3.3058e-04
1.0910e+03 8.8175e+01 1.1534e+03 2.1719e+02 3.2969e-04
2.6486e+01 2.9801e+02 1.0273e+02 3.7500e+02 3.2644e-04
1.0468e+03 1.5012e+02 1.2227e+03 2.1900e+02 3.2628e-04
4.6651e+02 1.3151e+02 5.2233e+02 2.5651e+02 3.2597e-04
6.2053e+02 1.5462e+02 7.2589e+02 2.2459e+02 3.2503e-04
1.3094e+02 1.7906e+02 2.4837e+02 2.5822e+02 3.2111e-04
8.4012e+02 1.3086e+02 9.9645e+02 1.9945e+02 3.1836e-04
3.6943e+02 2.0390e+02 4.7736e+02 2.9265e+02 3.1767e-04
7.9320e+02 1.3368e+02 8.4242e+02 2.3890e+02 3.1640e-04
1.1668e+03 1.9078e+02 1.2396e+03 3.6790e+02 3.1468e-04
9.5866e+01 1.5274e+02 2.2152e+02 2.3413e+02 3.1409e-04
1.1677e+03 1.3272e+02 1.2398e+03 3.4766e+02 3.1317e-04
2.4366e+02 1.4308e+02 4.9700e+02 3.1372e+02 3.1307e-04
1.1379e+03 1.2837e+02 1.2420e+03 2.2987e+02 3.1284e-04
2.1982e+02 1.4848e+02 3.0072e+02 2.9953e+02 3.0949e-04
0.0000e+00 0.0000e+00 5.0671e+01 4.3881e+01 3.0828e-04
4.0784e+01 2.9508e+02 1.1793e+02 3.7500e+02 3.0681e-04
8.3872e+02 2.0749e+02 1.0064e+03 3.7500e+02 3.0657e-04
0.0000e+00 1.3943e+02 1.4090e+02 3.1084e+02 3.0156e-04
7.3018e+02 2.5645e+02 1.1171e+03 3.7500e+02 3.0144e-04
8.2790e+02 1.6248e+02 9.7522e+02 2.2985e+02 2.9945e-04
1.0990e+03 2.8960e+02 1.1737e+03 3.7500e+02 2.9874e-04
3.1852e+02 1.4177e+02 4.4983e+02 2.2922e+02 2.9553e-04
4.0699e+02 1.8639e+02 5.0569e+02 2.6731e+02 2.9513e-04
7.7066e+02 0.0000e+00 1.1681e+03 3.7500e+02 2.9477e-04
1.1236e+03 5.9577e+00 1.2420e+03 2.1458e+02 2.8967e-04
1.0124e+03 1.1371e+02 1.1369e+03 2.1250e+02 2.8773e-04
1.1325e+03 2.9470e+02 1.2065e+03 3.7500e+02 2.8096e-04
1.5537e+02 1.3769e+02 3.9922e+02 2.8780e+02 2.8003e-04
1.0325e+03 8.9461e+01 1.1748e+03 1.7752e+02 2.7960e-04
1.7283e+02 1.6889e+02 3.1322e+02 2.5398e+02 2.7837e-04
6.6090e+02 1.1503e+02 7.2159e+02 2.4512e+02 2.7783e-04
0.0000e+00 0.0000e+00 1.5425e+02 7.1991e+01 2.7376e-04
1.1151e+03 2.9242e+02 1.1891e+03 3.7500e+02 2.7346e-04
2.4423e+02 1.7348e+02 3.8022e+02 3.7500e+02 2.7341e-04
2.7572e+02 1.0456e+02 6.3841e+02 2.5106e+02 2.7325e-04
9.6420e+02 1.1137e+02 1.2046e+03 3.1489e+02 2.7203e-04
1.0266e+03 1.0153e+02 1.0942e+03 2.6526e+02 2.7150e-04
1.0061e+03 3.2249e+02 1.1335e+03 3.7500e+02 2.6998e-04
6.9936e+02 1.3424e+02 1.0059e+03 2.9500e+02 2.6977e-04
1.7513e+02 1.1917e+02 2.4677e+02 2.6501e+02 2.6902e-04
2.4802e+02 1.2489e+02 3.3154e+02 2.8473e+02 2.6898e-04
3.0631e+02 1.3418e+02 3.7476e+02 2.6858e+02 2.6650e-04
0.0000e+00 1.6803e+02 4.3552e+01 2.8134e+02 2.6568e-04
1.1294e+03 0.0000e+00 1.2420e+03 7.9307e+01 2.6480e-04
1.0697e+03 1.6475e+02 1.1410e+03 3.1730e+02 2.6313e-04
9.9653e+02 0.0000e+00 1.2420e+03 2.4420e+02 2.6255e-04
6.2179e+02 1.6760e+02 7.7372e+02 2.3502e+02 2.6081e-04
4.2467e+02 1.4641e+02 5.8928e+02 2.1880e+02 2.6031e-04
1.1504e+03 1.1458e+02 1.2203e+03 3.2495e+02 2.5993e-04
3.7550e+02 3.9719e+01 5.2417e+02 3.4869e+02 2.5929e-04
5.9243e+02 8.0082e+01 1.1972e+03 3.7500e+02 2.5856e-04
1.5916e+02 1.2062e+02 2.3037e+02 2.6407e+02 2.5853e-04
5.6842e+01 2.9569e+02 1.3546e+02 3.7500e+02 2.5792e-04
1.5090e+02 1.8123e+02 2.6564e+02 2.6212e+02 2.5634e-04
9.3576e+02 1.5438e+02 1.2146e+03 3.4362e+02 2.5595e-04
9.2308e+02 1.2064e+02 1.2420e+03 2.8658e+02 2.5320e-04
5.9252e+02 1.5769e+02 7.4281e+02 2.2295e+02 2.5250e-04
3.2763e+02 9.7421e+01 4.4686e+02 3.6111e+02 2.5043e-04
1.0153e+03 2.6980e+02 1.2420e+03 3.7500e+02 2.4858e-04
1.0116e+03 1.4160e+02 1.1338e+03 2.5217e+02 2.4821e-04
1.1515e+03 1.9265e+02 1.2290e+03 3.5722e+02 2.4654e-04
4.8001e+02 1.4507e+02 5.4081e+02 2.9539e+02 2.4597e-04
6.7303e+02 1.2997e+02 7.3087e+02 2.5474e+02 2.3969e-04
9.3311e+02 5.7685e+01 1.0796e+03 3.7500e+02 2.3588e-04
1.0186e+03 1.5788e+02 1.1499e+03 2.6803e+02 2.3498e-04
1.0611e+03 0.0000e+00 1.2420e+03 2.7785e+02 2.3229e-04
2.6716e+02 1.0885e+02 5.5047e+02 2.9640e+02 2.2915e-04
9.8124e+02 9.3672e+01 1.2420e+03 2.3864e+02 2.2671e-04
1.1587e+03 3.2683e+02 1.2420e+03 3.7500e+02 2.2613e-04
7.3162e+01 2.9583e+02 1.5114e+02 3.7500e+02 2.2200e-04
1.7086e+02 1.7998e+02 2.8806e+02 2.6617e+02 2.2054e-04
3.1827e+02 6.3096e+01 4.5670e+02 3.3647e+02 2.2011e-04
8.1018e+02 2.0387e+02 9.7433e+02 3.7500e+02 2.1988e-04
8.3252e+02 9.7311e+01 9.0106e+02 2.0708e+02 2.1841e-04
4.6378e+02 1.0454e+02 5.2860e+02 2.5357e+02 2.1774e-04
1.1993e+03 2.2471e+02 1.2420e+03 3.5556e+02 2.1556e-04
0.0000e+00 1.9853e+02 4.5459e+01 3.1513e+02 2.1525e-04
4.4841e+02 1.5867e+02 5.0621e+02 3.1380e+02 2.1500e-04
1.1160e+03 3.2741e+02 1.2379e+03 3.7500e+02 2.1202e-04
1.1201e+03 9.9730e+01 1.1833e+03 2.7988e+02 2.1187e-04
1.0816e+03 2.2023e+02 1.1631e+03 3.7500e+02 2.1095e-04
9.8062e+02 1.7124e+02 1.1830e+03 2.5379e+02 2.1048e-04
1.1823e+03 2.3573e+02 1.2420e+03 3.3396e+02 2.1018e-04
0.0000e+00 1.2586e+02 8.7165e+01 3.3366e+02 2.0959e-04
1.1767e+03 3.0733e+01 1.2420e+03 1.2967e+02 2.0663e-04
0.0000e+00 1.0644e+02 1.4307e+02 2.8057e+02 2.0609e-04
1.1000e+03 1.3360e+02 1.1653e+03 3.0538e+02 2.0425e-04
9.7122e+02 3.2259e+02 1.0992e+03 3.7500e+02 2.0407e-04
2.1667e+02 1.6947e+02 2.7900e+02 2.9468e+02 2.0244e-04
8.4795e+02 9.7994e+01 9.1678e+02 2.0649e+02 1.9965e-04
1.9330e+02 1.1699e+02 2.6085e+02 2.6671e+02 1.9780e-04
1.2581e+02 2.0045e+02 2.6507e+02 2.7118e+02 1.9713e-04
1.1383e+03 9.3169e+01 1.2033e+03 2.7675e+02 1.9670e-04
1.7649e+02 1.5694e+02 3.3174e+02 2.4115e+02 1.9631e-04
1.0052e+03 2.1043e+02 1.0863e+03 3.7500e+02 1.9565e-04
8.9709e+02 1.8705e+02 1.1824e+03 3.6161e+02 1.9267e-04
2.2983e+02 1.1704e+02 3.1515e+02 2.8507e+02 1.9047e-04
4.8330e+02 1.4169e+02 5.3553e+02 2.6896e+02 1.8988e-04
1.0081e+03 1.0169e+02 1.0769e+03 2.6524e+02 1.8777e-04
9.7024e+02 2.8712e+02 1.0503e+03 3.7500e+02 1.8773e-04
0.0000e+00 0.0000e+00 7.5795e+01 4.4407e+01 1.8754e-04
2.0404e+01 1.7569e+02 1.8326e+02 2.4584e+02 1.8604e-04
1.1838e+03 1.8085e+02 1.2420e+03 3.7500e+02 1.8536e-04
1.0353e+03 3.2567e+02 1.1690e+03 3.7500e+02 1.8490e-04
9.8959e+02 1.9149e+02 1.2010e+03 2.7136e+02 1.8390e-04
8.1469e+02 8.7767e+01 8.8541e+02 2.0534e+02 1.8352e-04
0.0000e+00 1.3618e+02 4.1394e+01 2.4705e+02 1.8345e-04
1.1459e+02 1.7290e+02 3.8579e+02 3.0796e+02 1.8170e-04
7.1582e+02 1.1458e+02 1.0367e+03 2.5579e+02 1.8066e-04
9.7437e+02 1.1159e+02 1.0464e+03 2.8169e+02 1.8042e-04
9.6326e+01 7.8607e+01 6.5475e+02 3.4164e+02 1.7909e-04
2.1490e+02 7.4486e+01 3.4062e+02 3.4179e+02 1.7751e-04
1.4686e+02 1.2560e+02 2.1244e+02 2.6298e+02 1.7359e-04
2.3710e+02 2.0396e+02 3.0908e+02 3.2361e+02 1.7354e-04
8.2079e+02 1.3638e+02 8.7574e+02 2.5363e+02 1.7341e-04
0.0000e+00 8.7417e+01 8.9626e+01 3.0239e+02 1.7326e-04
9.7195e+02 1.3758e+02 1.1622e+03 2.1567e+02 1.7226e-04
9.9872e+02 1.9369e+02 1.1146e+03 3.2707e+02 1.6903e-04
5.9061e+02 1.6430e+02 7.3509e+02 2.3820e+02 1.6889e-04
4.5525e+02 1.7307e+02 5.5971e+02 2.5625e+02 1.6686e-04
9.0089e+02 1.3132e+02 1.1832e+03 3.1439e+02 1.6685e-04
6.3136e+01 1.4558e+02 2.2895e+02 2.1350e+02 1.6594e-04
1.0064e+03 1.7226e+02 1.1332e+03 2.9856e+02 1.6570e-04
8.0395e+01 1.3632e+02 4.1648e+02 2.7161e+02 1.6567e-04
9.7626e+02 3.2920e+02 1.1610e+03 3.7500e+02 1.6549e-04
0.0000e+00 1.7821e+02 6.5413e+01 2.6929e+02 1.6287e-04
0.0000e+00 1.2127e+01 2.1814e+02 3.7500e+02 1.6262e-04
1.5591e+02 1.4824e+02 3.4627e+02 2.1924e+02 1.6239e-04
4.4311e+02 7.3172e+01 5.2059e+02 2.5533e+02 1.6186e-04
7.5058e+02 1.5885e+02 8.8476e+02 2.2506e+02 1.6178e-04
2.1064e+02 1.3872e+02 2.7865e+02 2.8727e+02 1.5944e-04
1.1041e+03 6.9789e+01 1.1744e+03 2.0419e+02 1.5913e-04
1.0729e+03 6.6222e+01 1.1461e+03 2.0727e+02 1.5707e-04
1.3866e+01 1.4652e+02 8.5309e+01 3.2402e+02 1.5647e-04
8.6008e+02 1.3916e+02 1.0216e+03 2.1193e+02 1.5632e-04
7.5980e+02 1.0092e+02 8.2293e+02 2.3779e+02 1.5612e-04
3.3333e+02 2.1588e+02 4.3800e+02 3.0711e+02 1.5401e-04
9.0717e+01 2.9674e+02 1.6618e+02 3.7500e+02 1.5126e-04
6.4830e+02 1.1226e+02 7.0927e+02 2.4935e+02 1.5099e-04
2.5853e+02 1.4634e+02 4.4228e+02 2.1605e+02 1.5080e-04
1.0450e+03 7.2533e+01 1.1119e+03 2.3008e+02 1.4923e-04
1.0120e+03 6.3988e+01 1.2420e+03 2.1231e+02 1.4664e-04
7.8155e+01 1.6581e+02 2.0528e+02 2.4804e+02 1.4603e-04
6.7133e+02 1.0611e+02 7.3582e+02 2.4415e+02 1.4595e-04
0.0000e+00 1.9414e+02 6.7250e+01 2.8501e+02 1.4500e-04
1.1115e+03 1.3930e+02 1.2420e+03 2.1739e+02 1.4395e-04
1.8289e+02 1.6116e+02 2.4683e+02 2.9654e+02 1.4395e-04
9.8374e+02 1.6324e+02 1.1918e+03 3.7046e+02 1.4332e-04
1.1835e+03 1.4652e+01 1.2420e+03 1.1422e+02 1.4204e-04
1.1941e+03 1.8211e+01 1.2420e+03 1.4268e+02 1.4197e-04
1.0840e+03 1.8340e+02 1.1615e+03 3.2938e+02 1.4183e-04
7.0459e+02 1.6544e+02 8.7744e+02 2.3362e+02 1.4165e-04
9.9064e+02 1.0116e+02 1.0610e+03 2.6182e+02 1.4113e-04
1.0245e+03 2.9603e+01 1.1707e+03 3.5612e+02 1.4113e-04
7.9870e+02 8.2352e+01 8.7097e+02 2.0899e+02 1.3996e-04
1.5023e+02 2.0022e+02 2.8928e+02 2.7394e+02 1.3978e-04
5.3095e+02 2.7343e+02 9.2773e+02 3.7500e+02 1.3926e-04
0.0000e+00 1.6065e+02 5.0661e+01 3.7131e+02 1.3836e-04
0.0000e+00 1.6229e+02 6.2926e+01 2.5374e+02 1.3778e-04
2.1695e+02 1.1621e+02 2.9516e+02 2.7753e+02 1.3696e-04
9.8370e+01 1.8174e+02 2.1850e+02 2.5970e+02 1.3690e-04
0.0000e+00 3.3120e+02 1.0683e+02 3.7500e+02 1.3598e-04
1.0076e+03 3.3029e+02 1.1934e+03 3.7500e+02 1.3390e-04
8.8505e+02 1.5095e+02 1.1583e+03 3.4269e+02 1.3194e-04
1.0673e+03 1.3969e+02 1.1861e+03 2.2797e+02 1.3067e-04
1.1115e+03 3.9725e+01 1.2046e+03 2.0536e+02 1.3014e-04
8.7803e+01 2.0479e+02 2.3513e+02 2.7073e+02 1.2905e-04
9.9097e+02 1.2409e+02 1.2291e+03 3.6110e+02 1.2875e-04
1.7551e+01 3.3007e+02 1.3910e+02 3.7500e+02 1.2860e-04
2.8182e+02 2.2433e+02 3.9526e+02 3.0968e+02 1.2657e-04
8.8148e+02 1.1032e+02 9.3618e+02 2.2139e+02 1.2638e-04

