1.3036e+02 1.5100e+02 1.7573e+02 2.5544e+02 9.9903e-01
1.5640e+02 1.5353e+02 2.1041e+02 2.5551e+02 9.9823e-01
1.0137e+03 1.7676e+02 1.0596e+03 2.0463e+02 9.9650e-01
1.4334e+02 1.5256e+02 1.9564e+02 2.5623e+02 9.9522e-01
1.3270e+02 1.5353e+02 2.0737e+02 2.4822e+02 9.8422e-01
1.2197e+02 1.5327e+02 1.9254e+02 2.4691e+02 9.7853e-01
1.2795e+02 1.5066e+02 2.2611e+02 2.6234e+02 9.7183e-01
1.4412e+02 1.4113e+02 2.0831e+02 2.6783e+02 9.5891e-01
1.1572e+03 1.8209e+02 1.1897e+03 1.9877e+02 9.5815e-01
1.3275e+02 1.4570e+02 1.9086e+02 2.6604e+02 9.5595e-01
1.5442e+02 1.3309e+02 2.2060e+02 2.6799e+02 9.3725e-01
1.4672e+02 1.5418e+02 2.2100e+02 2.4768e+02 9.2975e-01
1.3322e+02 1.4688e+02 1.8502e+02 2.6846e+02 9.1315e-01
1.0223e+03 1.7781e+02 1.0626e+03 2.0157e+02 9.1157e-01
1.6706e+02 1.5162e+02 2.2105e+02 2.5785e+02 9.0772e-01
5.4995e+02 1.6473e+02 7.1911e+02 2.3877e+02 9.0705e-01
1.0071e+03 1.7732e+02 1.0607e+03 2.0662e+02 8.6356e-01
1.5006e+02 1.4875e+02 2.0267e+02 2.6493e+02 8.5791e-01
1.1660e+02 1.6248e+02 2.1374e+02 2.6637e+02 8.3855e-01
1.2491e+02 1.4915e+02 1.7976e+02 2.7077e+02 7.5221e-01
1.0087e+03 1.7865e+02 1.0535e+03 2.0178e+02 7.1627e-01
1.0794e+02 1.6025e+02 2.3380e+02 2.4758e+02 6.8722e-01
1.0346e+02 1.5181e+02 2.0013e+02 2.6427e+02 6.6283e-01
1.1965e+02 1.5203e+02 1.6299e+02 2.5323e+02 6.2607e-01
1.1855e+02 1.6390e+02 2.1808e+02 2.2277e+02 5.6239e-01
1.6286e+02 1.2941e+02 2.3273e+02 2.7301e+02 5.1234e-01
1.2422e+02 1.4219e+02 1.6983e+02 2.4137e+02 5.0281e-01
1.1886e+02 1.4854e+02 1.7958e+02 2.3054e+02 4.9614e-01
1.3741e+02 1.3770e+02 2.4942e+02 2.6085e+02 3.9503e-01
1.3100e+02 1.6694e+02 2.3385e+02 2.2811e+02 3.8021e-01
1.1752e+02 1.6328e+02 1.8145e+02 2.5476e+02 3.7804e-01
1.0251e+03 1.7059e+02 1.0457e+03 2.1116e+02 3.2559e-01
8.3943e+01 1.5408e+02 2.2719e+02 2.3844e+02 3.2041e-01
1.0849e+02 1.6961e+02 2.1234e+02 2.3254e+02 2.8510e-01
1.0159e+03 1.8327e+02 1.0586e+03 2.0592e+02 2.7653e-01
5.4843e+02 1.8069e+02 7.1272e+02 2.4644e+02 2.3773e-01
1.0192e+03 1.7200e+02 1.0393e+03 2.0989e+02 2.3549e-01
1.4730e+02 1.7140e+02 2.2646e+02 2.5849e+02 2.1833e-01
1.1920e+02 1.6540e+02 1.9813e+02 2.6264e+02 2.1135e-01
1.1561e+03 1.7882e+02 1.1851e+03 1.9963e+02 2.0169e-01
1.0279e+03 1.7471e+02 1.0626e+03 1.9896e+02 1.9266e-01
1.3722e+02 1.4933e+02 1.8176e+02 2.3910e+02 1.8625e-01
1.0564e+02 1.4245e+02 1.6758e+02 2.7644e+02 1.7970e-01
5.3228e+02 1.5363e+02 7.2935e+02 2.4485e+02 1.6824e-01
1.1380e+02 1.5025e+02 2.6515e+02 2.4058e+02 1.6719e-01
1.0763e+02 1.6430e+02 2.0195e+02 2.1786e+02 1.6294e-01
1.2302e+02 1.6087e+02 1.7044e+02 2.6579e+02 1.5764e-01
4.9677e+02 2.0536e+02 5.6991e+02 2.2577e+02 1.5289e-01
1.0106e+03 1.7826e+02 1.0429e+03 2.0283e+02 1.4279e-01
8.0256e+01 1.4274e+02 1.8419e+02 2.5470e+02 1.4195e-01
1.0112e+03 1.8292e+02 1.0488e+03 2.0601e+02 1.3668e-01
1.0123e+03 1.7252e+02 1.0674e+03 2.0556e+02 1.3505e-01
1.1590e+03 1.8485e+02 1.1915e+03 2.0176e+02 1.3470e-01
1.1853e+00 1.4467e+02 3.5119e+01 2.7828e+02 1.1341e-01
1.0217e+03 1.7437e+02 1.0425e+03 2.1272e+02 1.1192e-01
1.1548e+03 1.8003e+02 1.1910e+03 1.9613e+02 1.1143e-01
6.3754e+00 1.4600e+02 4.4334e+01 2.7197e+02 1.1116e-01
8.4536e+01 1.7564e+02 2.2200e+02 2.5927e+02 1.0989e-01
9.9881e+01 1.4683e+02 2.4480e+02 2.2330e+02 1.0195e-01
1.7973e+02 1.5010e+02 2.2496e+02 2.5477e+02 9.7230e-02
3.2044e+01 1.6391e+02 1.5209e+02 2.0580e+02 9.5518e-02
0.0000e+00 1.4331e+02 2.5898e+01 2.7924e+02 8.5803e-02
1.0283e+03 1.7520e+02 1.0485e+03 2.1230e+02 8.5651e-02
1.1645e+03 1.7602e+02 1.1799e+03 2.0363e+02 8.1628e-02
4.1248e+01 1.5332e+02 1.9608e+02 2.3584e+02 8.1231e-02
1.3790e+02 1.6314e+02 2.3155e+02 2.1408e+02 7.8113e-02
0.0000e+00 1.5173e+02 1.8471e+01 2.6978e+02 7.7314e-02
1.0288e+03 1.7938e+02 1.0610e+03 2.0409e+02 7.6962e-02
3.9439e+01 1.5623e+02 1.5371e+02 1.9729e+02 7.1560e-02
1.3698e+02 1.5552e+02 1.5972e+02 2.2102e+02 7.0496e-02
1.0326e+03 1.7230e+02 1.0518e+03 2.1065e+02 7.0129e-02
1.0367e+03 1.7261e+02 1.0570e+03 2.0707e+02 6.6728e-02
1.4004e+02 1.5650e+02 1.6356e+02 2.2566e+02 6.4247e-02
8.9848e+00 1.4533e+02 5.6008e+01 2.6855e+02 6.0046e-02
1.0002e+01 1.7904e+02 3.0961e+01 2.4969e+02 5.8486e-02
6.7111e+00 1.7497e+02 2.7444e+01 2.4771e+02 5.6231e-02
1.3974e+00 1.5429e+02 3.3990e+01 3.1984e+02 5.3608e-02
2.2738e+02 1.5574e+02 3.3713e+02 1.9652e+02 5.3270e-02
1.6825e+02 1.4138e+02 2.1467e+02 2.3872e+02 5.2039e-02
3.6962e+00 1.7312e+02 2.2945e+01 2.4951e+02 5.1946e-02
2.3718e+02 1.6309e+02 3.3917e+02 2.0311e+02 5.0544e-02
0.0000e+00 1.6842e+02 1.6654e+01 2.9982e+02 5.0231e-02
1.0247e+02 1.5874e+02 1.9486e+02 2.0986e+02 4.9219e-02
0.0000e+00 1.5550e+02 2.3992e+01 3.1585e+02 4.8070e-02
1.4292e+02 1.6753e+02 2.4900e+02 2.6907e+02 4.7218e-02
7.7441e+01 1.9257e+02 2.2697e+02 2.6517e+02 4.5770e-02
1.5694e+02 1.5206e+02 2.3436e+02 2.2843e+02 4.3432e-02
0.0000e+00 1.1731e+02 6.6945e+01 3.3865e+02 4.2607e-02
5.3773e+02 1.5884e+02 6.8449e+02 2.3912e+02 4.2380e-02
1.1972e+02 1.4195e+02 1.5807e+02 2.3728e+02 4.1635e-02
0.0000e+00 1.2402e+02 3.7376e+01 3.3145e+02 4.0223e-02
6.4381e+00 1.5852e+02 4.3266e+01 3.1158e+02 4.0021e-02
3.0646e+01 1.7055e+02 1.5049e+02 2.1351e+02 3.9390e-02
1.1615e+03 1.7905e+02 1.1776e+03 2.0638e+02 3.8504e-02
1.9306e+01 1.7842e+02 1.3453e+02 2.2287e+02 3.7772e-02
1.3395e+02 1.5339e+02 1.5582e+02 2.1225e+02 3.6876e-02
3.0581e-01 1.7251e+02 1.8020e+01 2.5103e+02 3.6293e-02
1.0095e+03 1.7649e+02 1.0517e+03 1.9672e+02 3.6049e-02
1.0286e+03 1.6802e+02 1.0513e+03 2.0650e+02 3.5933e-02
5.0761e+02 2.0724e+02 5.6838e+02 2.2829e+02 3.4270e-02
1.0189e+03 1.7571e+02 1.0632e+03 1.9386e+02 3.3305e-02
1.1284e+02 1.4328e+02 2.8293e+02 2.2066e+02 3.3079e-02
5.0647e+02 1.9673e+02 5.8476e+02 2.3134e+02 3.2816e-02
1.0155e+03 1.7682e+02 1.0365e+03 2.1109e+02 3.2716e-02
1.2506e+02 1.5155e+02 1.9134e+02 2.2150e+02 3.2125e-02
1.1677e+03 1.7693e+02 1.1823e+03 2.0394e+02 3.1964e-02
1.4453e+02 1.5672e+02 1.6737e+02 2.2302e+02 3.1853e-02
1.6438e+01 1.4621e+02 6.5507e+01 2.6673e+02 3.1588e-02
1.3601e+01 1.1547e+02 8.4934e+01 3.1155e+02 3.1258e-02
2.5022e+02 1.5606e+02 3.5564e+02 1.9590e+02 3.1062e-02
1.2377e+02 1.8017e+02 2.3958e+02 2.4373e+02 3.0052e-02
4.9772e+02 2.0853e+02 5.6021e+02 2.2879e+02 3.0003e-02
0.0000e+00 1.7851e+02 9.0724e+00 2.4069e+02 2.9859e-02
2.5992e+02 1.6316e+02 3.6142e+02 2.0356e+02 2.8904e-02
4.9811e+01 1.4430e+02 1.6757e+02 2.5028e+02 2.7922e-02
2.1809e+02 1.5047e+02 3.2592e+02 1.8910e+02 2.7534e-02
1.0014e+02 1.7795e+02 2.0128e+02 2.3541e+02 2.6889e-02
0.0000e+00 9.5012e+01 3.5091e+01 2.9779e+02 2.6362e-02
1.1356e+02 1.7734e+02 2.5301e+02 2.6098e+02 2.6356e-02
1.1099e+02 1.4770e+02 1.4940e+02 2.5297e+02 2.6329e-02
1.1648e+03 1.8069e+02 1.1940e+03 1.9968e+02 2.5640e-02
3.1246e+01 1.5000e+02 1.4976e+02 1.9111e+02 2.4247e-02
1.3766e+02 1.5267e+02 1.5890e+02 2.0630e+02 2.3818e-02
1.2374e+03 1.6031e+02 1.2410e+03 2.1171e+02 2.3406e-02
9.3366e+01 1.8128e+02 2.0456e+02 2.7586e+02 2.3034e-02
1.3922e+01 1.7911e+02 3.4674e+01 2.4882e+02 2.2454e-02
1.4928e+02 1.4809e+02 2.2154e+02 2.2072e+02 2.1359e-02
1.3208e+01 1.8498e+02 1.2091e+02 2.3005e+02 2.1325e-02
1.1212e+02 1.7952e+02 1.9028e+02 2.6961e+02 2.1310e-02
8.1792e+01 1.6701e+02 1.9048e+02 2.7275e+02 2.0857e-02
7.0507e+02 1.6647e+02 7.9771e+02 2.0126e+02 2.0319e-02
1.0043e+03 1.7734e+02 1.0361e+03 1.9923e+02 2.0267e-02
2.5240e+02 1.7050e+02 3.5189e+02 2.1129e+02 2.0098e-02
1.1665e+03 1.8166e+02 1.2026e+03 1.9997e+02 1.9901e-02
1.2373e+03 1.4823e+02 1.2410e+03 2.0160e+02 1.9430e-02
4.9540e+02 1.9978e+02 5.7179e+02 2.3083e+02 1.9254e-02
1.4132e+02 1.5390e+02 1.6212e+02 2.0511e+02 1.8638e-02
0.0000e+00 1.7695e+02 1.3761e+01 2.5365e+02 1.8448e-02
2.7242e+02 1.5602e+02 3.8068e+02 1.9671e+02 1.8122e-02
1.1611e+01 1.6151e+02 5.4246e+01 3.0664e+02 1.7713e-02
0.0000e+00 9.8734e+01 5.0893e+01 3.2222e+02 1.7713e-02
5.1220e+02 2.0282e+02 5.7330e+02 2.2690e+02 1.7593e-02
2.7613e+01 1.1718e+02 1.0492e+02 3.0436e+02 1.6934e-02
1.0130e+03 1.7550e+02 1.0470e+03 2.0111e+02 1.6791e-02
1.4918e+02 1.5750e+02 1.7066e+02 2.1951e+02 1.6703e-02
1.4719e+02 1.6077e+02 2.5055e+02 2.1005e+02 1.6561e-02
2.0516e+02 1.5541e+02 3.6873e+02 2.2902e+02 1.6554e-02
1.2865e+02 1.5247e+02 2.9796e+02 2.3577e+02 1.6513e-02
1.0007e+03 1.7809e+02 1.0673e+03 2.1180e+02 1.6324e-02
1.0136e+02 1.8065e+02 2.2021e+02 2.4409e+02 1.5503e-02
7.9757e+01 1.2873e+02 1.4990e+02 2.8228e+02 1.5329e-02
7.0588e+02 1.5799e+02 7.9872e+02 1.9443e+02 1.5248e-02
0.0000e+00 1.8959e+02 8.9415e+00 2.5234e+02 1.5008e-02
1.6128e+02 1.5796e+02 1.8279e+02 2.2000e+02 1.4935e-02
0.0000e+00 1.7478e+02 2.6276e+01 2.4224e+02 1.4813e-02
1.5400e+02 1.5641e+02 1.7422e+02 2.1851e+02 1.4532e-02
1.3588e+02 1.0992e+02 2.1465e+02 2.6119e+02 1.4308e-02
5.7646e+02 1.7705e+02 7.3864e+02 2.5637e+02 1.4246e-02
1.3332e+02 1.7891e+02 2.1822e+02 2.6463e+02 1.4176e-02
9.8944e+02 1.7319e+02 1.0629e+03 2.0791e+02 1.4164e-02
8.2628e+00 1.5440e+02 1.6057e+02 2.3093e+02 1.4140e-02
2.6315e+02 1.7838e+02 3.6075e+02 2.2112e+02 1.3799e-02
1.8876e+02 1.2582e+02 2.5273e+02 2.7430e+02 1.3654e-02
1.6451e+02 1.5884e+02 1.8677e+02 2.2298e+02 1.3565e-02
1.5784e+02 1.5737e+02 1.7847e+02 2.1971e+02 1.3282e-02
1.2367e+03 1.7380e+02 1.2410e+03 2.0157e+02 1.3235e-02
2.6991e+02 1.7117e+02 3.6867e+02 2.1207e+02 1.3022e-02
1.4514e+01 1.7180e+02 1.2599e+02 2.1512e+02 1.2762e-02
1.2378e+03 1.6805e+02 1.2410e+03 2.1920e+02 1.2725e-02
1.0250e+03 1.6809e+02 1.0532e+03 2.1540e+02 1.2511e-02
2.6287e+01 1.4924e+02 7.2322e+01 2.6507e+02 1.2086e-02
1.2353e+03 1.6958e+02 1.2410e+03 1.9833e+02 1.2055e-02
1.0333e+03 1.6861e+02 1.0543e+03 2.0469e+02 1.2026e-02
1.3125e+02 1.5167e+02 1.5685e+02 2.3244e+02 1.1780e-02
2.3042e+02 1.6898e+02 3.3137e+02 2.1179e+02 1.1738e-02
0.0000e+00 1.4147e+02 5.1461e+01 3.6319e+02 1.1644e-02
2.8391e+02 1.6400e+02 3.8680e+02 2.0353e+02 1.1609e-02
4.3667e+02 1.5658e+02 5.3770e+02 1.9548e+02 1.1541e-02
1.3768e+02 1.4948e+02 2.0454e+02 2.2065e+02 1.1540e-02
0.0000e+00 1.7067e+02 3.4218e+01 3.6968e+02 1.1523e-02
6.0079e+02 1.6611e+02 7.4376e+02 2.4454e+02 1.1518e-02
2.8069e+02 1.7949e+02 3.7617e+02 2.2179e+02 1.1394e-02
1.4006e+01 1.6613e+02 3.4190e+01 2.3772e+02 1.1370e-02
9.2756e-01 1.7182e+02 6.8092e+01 2.4599e+02 1.1369e-02
2.0318e+01 1.9305e+02 1.2762e+02 2.3639e+02 1.1351e-02
4.3507e+01 1.2341e+02 1.2292e+02 3.0013e+02 1.1279e-02
1.0054e+03 1.7516e+02 1.0434e+03 1.9553e+02 1.1053e-02
1.0044e+02 1.6887e+02 1.9275e+02 2.2618e+02 1.1016e-02
2.8293e+02 1.8713e+02 3.7427e+02 2.2795e+02 1.0847e-02
3.0142e+01 1.4652e+02 2.0002e+02 2.1960e+02 1.0727e-02
1.8783e+01 1.5967e+02 6.3214e+01 2.9052e+02 1.0437e-02
9.0675e+02 1.5658e+02 9.9914e+02 1.9440e+02 1.0429e-02
1.2243e+02 1.0823e+02 1.9685e+02 2.5803e+02 1.0276e-02
1.6846e+02 1.5927e+02 1.9060e+02 2.2432e+02 1.0225e-02
1.9597e+02 1.4964e+02 3.0210e+02 1.8699e+02 1.0219e-02
2.5606e+02 1.8629e+02 3.5139e+02 2.2824e+02 1.0214e-02
5.9544e+01 1.2567e+02 1.3720e+02 2.8396e+02 1.0197e-02
1.5336e+00 1.6360e+02 6.5471e+01 3.7137e+02 1.0112e-02
7.0072e+02 1.7272e+02 7.9173e+02 2.0944e+02 1.0072e-02
1.0067e+01 1.5763e+02 8.3062e+01 3.4708e+02 9.9733e-03
1.7725e+02 1.5979e+02 1.9942e+02 2.2171e+02 9.8765e-03
2.5297e+02 1.5007e+02 3.5270e+02 1.8919e+02 9.8681e-03
5.5802e+02 1.8411e+02 6.8626e+02 2.3915e+02 9.7194e-03
0.0000e+00 1.6779e+02 9.1118e+00 2.2900e+02 9.5960e-03
2.0018e+01 1.4445e+02 1.3858e+02 2.4593e+02 9.5508e-03
0.0000e+00 1.2628e+02 1.7456e+01 2.4798e+02 9.3925e-03
1.2382e+03 1.7434e+02 1.2410e+03 2.2713e+02 9.3168e-03
1.9014e+02 1.4454e+02 3.5268e+02 2.1248e+02 9.2827e-03
1.1710e+03 1.7757e+02 1.1853e+03 2.0381e+02 9.2397e-03
2.0611e+02 1.5451e+02 3.0881e+02 1.9573e+02 8.8771e-03
0.0000e+00 1.8266e+02 1.0323e+02 2.3136e+02 8.8653e-03
1.2348e+03 1.6185e+02 1.2410e+03 1.9177e+02 8.8097e-03
1.2333e+03 1.7179e+02 1.2410e+03 1.9495e+02 8.7706e-03
1.1606e+03 1.7591e+02 1.1748e+03 2.0542e+02 8.7024e-03
1.6260e+02 1.5469e+02 1.8224e+02 2.0633e+02 8.6669e-03
2.7356e+02 1.4927e+02 3.7732e+02 1.8898e+02 8.6587e-03
0.0000e+00 1.8193e+02 3.8680e+01 2.3150e+02 8.5951e-03
1.3035e+02 1.8250e+02 1.7448e+02 2.6484e+02 8.4969e-03
1.2367e+03 1.8189e+02 1.2410e+03 2.0991e+02 8.3327e-03
8.9125e+02 1.5699e+02 9.8294e+02 1.9473e+02 8.1646e-03
5.6578e+01 1.5070e+02 1.6337e+02 1.8930e+02 8.1417e-03
2.3869e+02 1.5340e+02 4.0452e+02 2.2901e+02 8.0819e-03
2.2181e+02 1.4455e+02 3.8753e+02 2.1405e+02 8.0576e-03
1.7406e+02 1.4748e+02 2.3189e+02 2.9346e+02 7.9895e-03
1.2375e+03 1.8413e+02 1.2410e+03 2.4220e+02 7.9802e-03
1.7344e+02 1.5879e+02 1.9503e+02 2.2271e+02 7.9287e-03
1.2065e+02 1.3175e+02 2.5053e+02 2.2866e+02 7.9236e-03
0.0000e+00 5.3838e+01 6.8803e+01 3.7500e+02 7.9195e-03
5.0188e+01 1.5573e+02 1.3631e+02 2.1152e+02 7.8831e-03
1.5252e+02 1.4335e+02 2.7399e+02 2.4973e+02 7.7777e-03
1.0159e+03 1.7842e+02 1.0818e+03 2.1060e+02 7.7572e-03
1.1563e+03 1.8435e+02 1.1835e+03 2.0386e+02 7.7429e-03
2.1720e+02 1.6158e+02 3.1904e+02 2.0309e+02 7.6967e-03
1.5353e+02 1.5057e+02 2.5760e+02 1.8788e+02 7.5861e-03
1.1563e+03 1.8788e+02 1.1906e+03 2.0407e+02 7.5744e-03
1.2355e+03 1.5373e+02 1.2410e+03 1.8373e+02 7.2989e-03
1.1768e+02 1.5709e+02 2.0456e+02 2.0335e+02 7.2569e-03
1.2348e+03 1.7987e+02 1.2410e+03 2.0272e+02 7.2157e-03
1.6599e+02 1.5518e+02 1.8642e+02 2.0798e+02 7.1898e-03
5.7043e+02 1.6249e+02 6.9684e+02 2.2656e+02 7.0656e-03
0.0000e+00 1.7957e+02 5.3805e+01 2.5224e+02 7.0477e-03
1.2312e+03 1.6787e+02 1.2410e+03 1.9148e+02 6.9852e-03
1.4248e+02 1.8590e+02 1.6986e+02 2.4361e+02 6.9738e-03
2.3952e+02 1.7696e+02 3.3686e+02 2.2073e+02 6.9191e-03
1.1622e+03 1.7789e+02 1.1953e+03 1.9450e+02 6.9124e-03
7.2135e+02 1.5700e+02 8.1345e+02 1.9512e+02 6.8797e-03
0.0000e+00 1.7241e+02 4.3365e+01 2.4632e+02 6.8575e-03
4.4252e+02 1.5064e+02 5.4490e+02 1.8813e+02 6.8050e-03
7.0196e+02 1.5147e+02 7.9795e+02 1.8876e+02 6.7146e-03
0.0000e+00 1.8802e+02 2.4972e+01 2.5768e+02 6.6306e-03
0.0000e+00 2.8178e+02 2.9336e+01 3.7500e+02 6.4041e-03
7.2103e+02 1.6577e+02 8.1326e+02 2.0192e+02 6.3942e-03
1.0059e+01 1.6505e+02 3.1362e+01 2.3573e+02 6.3935e-03
1.1621e+03 1.7398e+02 1.1788e+03 2.0144e+02 6.3178e-03
1.1672e+03 1.8546e+02 1.2034e+03 2.0332e+02 6.3068e-03
1.4765e+02 1.5508e+02 2.5421e+02 1.9880e+02 6.2810e-03
1.7413e+01 1.8308e+02 3.8957e+01 2.5037e+02 6.2658e-03
4.1384e+00 1.5282e+02 1.2122e+02 2.6335e+02 6.2211e-03
0.0000e+00 1.4449e+02 5.0321e+01 2.7014e+02 6.2017e-03
3.0954e+01 1.8459e+02 1.4558e+02 2.3036e+02 6.1393e-03
4.9304e+02 2.0637e+02 5.5004e+02 2.2709e+02 6.1275e-03
7.5449e+00 1.9118e+02 1.0854e+02 2.3723e+02 6.1170e-03
5.3418e+02 1.8405e+02 6.8784e+02 2.5143e+02 6.1060e-03
1.2266e+03 1.3005e+02 1.2410e+03 2.2833e+02 6.0884e-03
3.2996e+01 1.5335e+02 7.9726e+01 2.6085e+02 6.0244e-03
9.9931e+01 1.4821e+02 1.4131e+02 2.5455e+02 5.9751e-03
1.3074e+02 1.6644e+02 2.9057e+02 2.4976e+02 5.9454e-03
2.4991e+02 1.5847e+02 3.2304e+02 2.0955e+02 5.9283e-03
1.1643e+03 1.7939e+02 1.1806e+03 2.1122e+02 5.8656e-03
1.2315e+03 1.5987e+02 1.2410e+03 1.8351e+02 5.7587e-03
1.4984e+01 1.6485e+02 1.7779e+02 2.4699e+02 5.7420e-03
1.5364e+02 1.4252e+02 3.3096e+02 2.1310e+02 5.7256e-03
1.2350e+03 1.8373e+02 1.2410e+03 2.0699e+02 5.6721e-03
1.2108e+03 1.5393e+02 1.2410e+03 1.9576e+02 5.6375e-03
5.5129e+01 1.6206e+02 1.6127e+02 2.0351e+02 5.6038e-03
5.4828e+02 1.9495e+02 6.8173e+02 2.4216e+02 5.6033e-03
1.2776e+02 1.5715e+02 1.9144e+02 3.0397e+02 5.5479e-03
1.2368e+03 1.8911e+02 1.2410e+03 2.1848e+02 5.5363e-03
1.3937e+02 1.5686e+02 2.3600e+02 2.0340e+02 5.5114e-03
4.1130e+01 1.7545e+02 1.5070e+02 2.2200e+02 5.4503e-03
1.0192e+03 1.6287e+02 1.0514e+03 2.1361e+02 5.4437e-03
1.1516e+03 1.7861e+02 1.1789e+03 1.9968e+02 5.4013e-03
7.3551e+02 1.6293e+02 7.5296e+02 2.0622e+02 5.3777e-03
5.2459e+02 1.7295e+02 6.5387e+02 2.4239e+02 5.2913e-03
1.7683e+01 1.5589e+02 1.4165e+02 2.0037e+02 5.2837e-03
1.7161e+02 1.4821e+02 2.7422e+02 1.8724e+02 5.2562e-03
1.2378e+03 1.3704e+02 1.2410e+03 1.8959e+02 5.2537e-03
1.8069e+01 1.7488e+02 9.5808e+01 2.4022e+02 5.2434e-03
1.2320e+03 1.5600e+02 1.2410e+03 1.7957e+02 5.2297e-03
8.3243e+02 1.4826e+02 8.4770e+02 1.8990e+02 5.2009e-03
5.1348e+02 2.0193e+02 5.9257e+02 2.3806e+02 5.1950e-03
1.0280e+02 1.3570e+02 2.7278e+02 2.0710e+02 5.1807e-03
0.0000e+00 0.0000e+00 1.3278e+02 3.7500e+02 5.1659e-03
8.9707e+02 1.5003e+02 9.9078e+02 1.8884e+02 5.1263e-03
8.9781e+02 1.6382e+02 9.9189e+02 2.0064e+02 5.1156e-03
5.5113e+02 1.8504e+02 5.6998e+02 2.3833e+02 5.0304e-03
1.2220e+03 1.6036e+02 1.2364e+03 2.1196e+02 5.0255e-03
4.3998e+02 1.6436e+02 5.3583e+02 2.0252e+02 5.0063e-03
1.0309e+02 7.1908e+01 2.3233e+02 3.3700e+02 4.9533e-03
0.0000e+00 6.6276e+01 3.2592e+01 2.6629e+02 4.9348e-03
1.2183e+03 1.5887e+02 1.2328e+03 2.1237e+02 4.9156e-03
0.0000e+00 1.9051e+02 1.2872e+01 2.2589e+02 4.8617e-03
5.0655e+02 2.1117e+02 5.6460e+02 2.3105e+02 4.8430e-03
7.5008e+00 1.8578e+02 2.7054e+01 2.6508e+02 4.7824e-03
2.5182e+02 1.6462e+02 3.1054e+02 1.8761e+02 4.7777e-03
2.3762e+01 1.7138e+02 1.0735e+02 2.3095e+02 4.7165e-03
4.9148e+02 1.9389e+02 5.7728e+02 2.2748e+02 4.6561e-03
2.5663e+02 1.6857e+02 3.1346e+02 1.9098e+02 4.6301e-03
1.6214e+02 1.6215e+02 2.3191e+02 2.5129e+02 4.5503e-03
4.1049e+01 1.8029e+02 1.9735e+02 2.6340e+02 4.5184e-03
1.2258e+03 1.6741e+02 1.2410e+03 2.7017e+02 4.5076e-03
1.4722e+01 1.6359e+02 1.2855e+02 2.0810e+02 4.4784e-03
1.2331e+03 1.5235e+02 1.2410e+03 1.7570e+02 4.4763e-03
0.0000e+00 1.9883e+02 1.2833e+01 2.3340e+02 4.4705e-03
4.1614e+02 1.5754e+02 5.1377e+02 1.9479e+02 4.4390e-03
5.5351e+02 1.6457e+02 5.6821e+02 2.1501e+02 4.4329e-03
1.0165e+03 1.8840e+02 1.0563e+03 2.0883e+02 4.4292e-03
2.2400e+02 1.6726e+02 3.8593e+02 2.4373e+02 4.4028e-03
5.1852e+02 2.0490e+02 5.7688e+02 2.3040e+02 4.3966e-03
0.0000e+00 1.6035e+02 2.4850e+01 2.2693e+02 4.3733e-03
1.4247e+02 1.5894e+02 2.0837e+02 3.0398e+02 4.3692e-03
1.0148e+03 1.7176e+02 1.0301e+03 2.0549e+02 4.3640e-03
1.0158e+03 1.6741e+02 1.0353e+03 2.0737e+02 4.3547e-03
1.4019e+02 1.9513e+02 1.6546e+02 2.4821e+02 4.3420e-03
1.1078e+02 1.4740e+02 1.7152e+02 2.1475e+02 4.3365e-03
1.2480e+02 1.8039e+02 1.6632e+02 2.6197e+02 4.3325e-03
5.5953e+00 1.6623e+02 7.8928e+01 2.3849e+02 4.3122e-03
3.0770e+01 1.5241e+02 1.5179e+02 2.6313e+02 4.2631e-03
0.0000e+00 1.8167e+02 7.2399e+01 2.3234e+02 4.2566e-03
1.2128e+03 1.6242e+02 1.2410e+03 2.0362e+02 4.2365e-03
4.2106e+01 1.6232e+02 1.3230e+02 2.2197e+02 4.2235e-03
8.8855e+00 1.4491e+02 1.6369e+02 2.1555e+02 4.2222e-03
4.5908e+02 1.5462e+02 5.6223e+02 1.9506e+02 4.2141e-03
2.3888e+02 1.4484e+02 3.6340e+02 2.3636e+02 4.2078e-03
1.2722e+02 1.9375e+02 2.3576e+02 2.5215e+02 4.2005e-03
1.2374e+03 1.9518e+02 1.2410e+03 2.5376e+02 4.1990e-03
9.2308e+02 1.5616e+02 1.0143e+03 1.9531e+02 4.1947e-03
7.3155e+02 1.6312e+02 7.4943e+02 2.0707e+02 4.1942e-03
5.1478e+02 1.5953e+02 6.5520e+02 2.3506e+02 4.1781e-03
7.3548e+02 1.4703e+02 7.5261e+02 1.9189e+02 4.1667e-03
9.1359e+02 1.5007e+02 1.0072e+03 1.8876e+02 4.1589e-03
1.2261e+03 1.5888e+02 1.2399e+03 2.1411e+02 4.1583e-03
0.0000e+00 1.8917e+02 8.4436e+01 2.3936e+02 4.1223e-03
1.0176e+03 1.7369e+02 1.0547e+03 1.9621e+02 4.1204e-03
7.4110e+02 1.5665e+02 8.2951e+02 1.9521e+02 4.0796e-03
1.2555e+02 1.3077e+02 3.1056e+02 1.9997e+02 4.0737e-03
1.3735e+02 1.7677e+02 1.6786e+02 2.4207e+02 4.0330e-03
6.5043e+01 1.6820e+02 1.3107e+02 1.9112e+02 4.0279e-03
1.5939e+02 1.5446e+02 1.7810e+02 2.0524e+02 4.0225e-03
7.3965e+02 1.4726e+02 7.5688e+02 1.9217e+02 4.0194e-03
0.0000e+00 1.8264e+02 1.2663e+01 2.1797e+02 3.9759e-03
1.8113e+02 1.5882e+02 2.0346e+02 2.1995e+02 3.9507e-03
1.4559e+02 1.5689e+02 1.6514e+02 2.0296e+02 3.9371e-03
8.1682e+02 1.5207e+02 8.3174e+02 1.9467e+02 3.9365e-03
1.0710e+02 1.9452e+02 2.5748e+02 2.7079e+02 3.9333e-03
5.4658e+02 1.8609e+02 5.6639e+02 2.3891e+02 3.9103e-03
1.1681e+03 1.7939e+02 1.1833e+03 2.1243e+02 3.9067e-03
7.4094e+02 1.6526e+02 8.2871e+02 2.0193e+02 3.8961e-03
1.0182e+03 1.6856e+02 1.0490e+03 2.2259e+02 3.8797e-03
4.3690e+00 1.8404e+02 2.2653e+01 2.6683e+02 3.8738e-03
0.0000e+00 1.7932e+02 3.2740e+01 2.5209e+02 3.8588e-03
5.5869e+01 1.4993e+02 1.4011e+02 2.0325e+02 3.8571e-03
2.5924e+02 1.6593e+02 3.2971e+02 2.1751e+02 3.8491e-03
1.2267e+03 1.5452e+02 1.2410e+03 2.5270e+02 3.8103e-03
1.2363e+03 1.9622e+02 1.2410e+03 2.2781e+02 3.8074e-03
8.1241e+02 1.5172e+02 8.2832e+02 1.9532e+02 3.7962e-03
7.3931e+02 1.5909e+02 7.5693e+02 2.0348e+02 3.7915e-03
3.1386e+02 1.6915e+02 3.6736e+02 1.9018e+02 3.7890e-03
0.0000e+00 1.9265e+02 5.2715e+01 3.7500e+02 3.7595e-03
2.5167e+02 1.6058e+02 3.1031e+02 1.8358e+02 3.7566e-03
1.8576e+02 1.4132e+02 2.2581e+02 2.2915e+02 3.7554e-03
1.5568e+02 1.5397e+02 3.3105e+02 2.2924e+02 3.7309e-03
0.0000e+00 1.9635e+02 3.7115e+01 2.4571e+02 3.7059e-03
4.9310e+02 2.0340e+02 5.5892e+02 2.2437e+02 3.6894e-03
1.2355e+03 1.8717e+02 1.2410e+03 2.1112e+02 3.6806e-03
1.6966e+02 1.5642e+02 1.9043e+02 2.0601e+02 3.6770e-03
9.4327e+02 1.4545e+02 9.6163e+02 1.9293e+02 3.6760e-03
1.6858e+02 1.0711e+02 2.4394e+02 2.5594e+02 3.6760e-03
8.1347e+02 1.6207e+02 8.2798e+02 2.0200e+02 3.6706e-03
2.3991e+02 1.5116e+02 3.2016e+02 2.0210e+02 3.6698e-03
6.8769e+01 5.6149e+01 2.0608e+02 3.5575e+02 3.6493e-03
2.6576e+02 1.5971e+02 3.3804e+02 2.0851e+02 3.6318e-03
1.2059e+03 8.1661e+01 1.2410e+03 2.7298e+02 3.6264e-03
9.0357e+01 1.5076e+02 1.3336e+02 2.5160e+02 3.6242e-03
8.0891e+02 1.6178e+02 8.2411e+02 2.0214e+02 3.6079e-03
1.0810e+02 1.0145e+02 1.8278e+02 2.5763e+02 3.5975e-03
9.4705e+02 1.4546e+02 9.6546e+02 1.9275e+02 3.5719e-03
1.7624e+02 1.6792e+02 2.0674e+02 2.4247e+02 3.5684e-03
0.0000e+00 1.0087e+02 1.5887e+01 2.2665e+02 3.5679e-03
5.8497e+02 1.5293e+02 6.6734e+02 2.7153e+02 3.5663e-03
1.2187e+03 1.4975e+02 1.2410e+03 2.0319e+02 3.5650e-03
1.7952e+02 1.5406e+02 2.8482e+02 1.9324e+02 3.5190e-03
1.0250e+03 1.7328e+02 1.0970e+03 2.0544e+02 3.5081e-03
1.0266e+03 1.8413e+02 1.0610e+03 2.0694e+02 3.5067e-03
7.4357e+02 1.4752e+02 7.6087e+02 1.9154e+02 3.5041e-03
8.1737e+02 1.6268e+02 8.3108e+02 2.0147e+02 3.4900e-03
8.2890e+02 1.5264e+02 8.4338e+02 1.9338e+02 3.4757e-03
8.0921e+01 1.4919e+02 1.2607e+02 2.4677e+02 3.4215e-03
2.3199e+02 1.8464e+02 3.2942e+02 2.2974e+02 3.4154e-03
1.3106e+02 1.5134e+02 1.5100e+02 2.1155e+02 3.4139e-03
4.2340e+02 1.5120e+02 5.2241e+02 1.8868e+02 3.3452e-03
0.0000e+00 1.9474e+02 1.6815e+01 3.3511e+02 3.3057e-03
1.2352e+03 1.9065e+02 1.2410e+03 2.1586e+02 3.2943e-03
5.8471e+02 1.5607e+02 7.3607e+02 2.2625e+02 3.2817e-03
1.0090e+03 1.8790e+02 1.0437e+03 2.0725e+02 3.2790e-03
1.3347e+02 1.5846e+02 1.6321e+02 2.3539e+02 3.2642e-03
9.3441e+01 1.5332e+02 1.8908e+02 1.9977e+02 3.2587e-03
1.0389e+03 1.7629e+02 1.0588e+03 2.0920e+02 3.2517e-03
5.3653e+02 1.9610e+02 7.1020e+02 2.5876e+02 3.2472e-03
5.4218e+02 1.8609e+02 5.6235e+02 2.3833e+02 3.2456e-03
1.1271e+02 1.6383e+02 1.7707e+02 3.0514e+02 3.2332e-03
1.1987e+03 2.8657e+02 1.2410e+03 3.7500e+02 3.2249e-03
3.8096e+01 1.4323e+02 1.5208e+02 1.8285e+02 3.2236e-03
1.7356e+01 1.6672e+02 3.8617e+01 2.3652e+02 3.2186e-03
8.3609e+02 1.4817e+02 8.5178e+02 1.8985e+02 3.2081e-03
3.1683e+01 1.3695e+02 1.5231e+02 2.3268e+02 3.2079e-03
1.2169e+03 1.4098e+02 1.2312e+03 2.0336e+02 3.1853e-03
1.5083e+02 1.5681e+02 1.6849e+02 2.0414e+02 3.1736e-03
2.7327e+01 1.6721e+02 7.0785e+01 3.0244e+02 3.1647e-03
7.4742e+02 1.4739e+02 7.6452e+02 1.9171e+02 3.1491e-03
2.4319e+02 1.4108e+02 4.2206e+02 2.1504e+02 3.1485e-03
5.5654e+02 1.6536e+02 5.7027e+02 2.1434e+02 3.1356e-03
9.2710e+02 1.5890e+02 9.4500e+02 2.0416e+02 3.1332e-03
7.0315e-01 1.8306e+02 1.8128e+01 2.6863e+02 3.1067e-03
3.6769e+01 1.7125e+02 1.2401e+02 2.2828e+02 3.1052e-03
2.5572e+02 1.5255e+02 3.3200e+02 2.0223e+02 3.0973e-03
4.1937e+00 1.9058e+02 3.6079e+01 2.3558e+02 3.0907e-03
9.6489e+01 1.2978e+02 2.1979e+02 2.3398e+02 3.0742e-03
3.1989e+00 9.0373e+01 6.7266e+01 2.8194e+02 3.0556e-03
0.0000e+00 1.6379e+02 1.0234e+02 2.8965e+02 3.0468e-03
8.0811e+02 1.5197e+02 8.2433e+02 1.9537e+02 3.0467e-03
9.2338e+02 1.5843e+02 9.4112e+02 2.0386e+02 3.0462e-03
8.2919e+02 1.6186e+02 8.4332e+02 2.0163e+02 3.0328e-03
1.2358e+03 1.4686e+02 1.2410e+03 1.7543e+02 3.0327e-03
1.0091e+03 1.7432e+02 1.0370e+03 1.9795e+02 3.0253e-03
8.7738e+02 1.6463e+02 9.6953e+02 2.0055e+02 3.0249e-03
1.7335e+02 1.5870e+02 2.0202e+02 2.2785e+02 3.0139e-03
0.0000e+00 1.6382e+02 1.4298e+01 2.3720e+02 2.9916e-03
5.1735e+02 2.1007e+02 5.7017e+02 2.3212e+02 2.9913e-03
1.3453e+02 1.5899e+02 1.6808e+02 1.9847e+02 2.9865e-03
2.5171e+02 1.5696e+02 3.0922e+02 1.7921e+02 2.9482e-03
1.7382e+02 1.8254e+02 2.0204e+02 2.4664e+02 2.9466e-03
4.9301e+02 2.0904e+02 5.4043e+02 2.2962e+02 2.9352e-03
5.5536e+02 1.8549e+02 5.7333e+02 2.3772e+02 2.9298e-03
1.0012e+03 1.7464e+02 1.0348e+03 1.9521e+02 2.9208e-03
4.1714e+02 1.6487e+02 5.1350e+02 2.0179e+02 2.9171e-03
1.4529e+02 1.7717e+02 1.7495e+02 2.3944e+02 2.9070e-03
1.0401e+03 1.7110e+02 1.0604e+03 2.0654e+02 2.9001e-03
3.5263e-01 1.1692e+02 3.6325e+01 2.6212e+02 2.8935e-03
1.6245e+02 1.8065e+02 2.0560e+02 2.6091e+02 2.8924e-03
2.3602e+02 1.5723e+02 3.1156e+02 2.0898e+02 2.8484e-03
9.7070e+02 1.7346e+02 1.0509e+03 2.0694e+02 2.8479e-03
2.4047e+02 1.6387e+02 2.9641e+02 1.8712e+02 2.8344e-03
5.6044e+02 1.7442e+02 6.7069e+02 2.2667e+02 2.8114e-03
1.2354e+02 7.5849e+01 2.6483e+02 3.4005e+02 2.7999e-03
9.1980e+02 1.5876e+02 9.3724e+02 2.0341e+02 2.7858e-03
9.3116e+02 1.5917e+02 9.4914e+02 2.0435e+02 2.7779e-03
1.0036e+03 1.6481e+02 1.0679e+03 2.0775e+02 2.7731e-03
8.2144e+02 1.6236e+02 8.3475e+02 2.0172e+02 2.7683e-03
1.2132e+03 1.4257e+02 1.2281e+03 2.0144e+02 2.7666e-03
2.1249e+02 1.2740e+02 2.7479e+02 2.7030e+02 2.7588e-03
8.2103e+02 1.4688e+02 8.3555e+02 1.9169e+02 2.7263e-03
8.0438e+02 1.6150e+02 8.2032e+02 2.0233e+02 2.7213e-03
7.3897e+01 1.4493e+02 1.1962e+02 2.3309e+02 2.7141e-03
1.2341e+03 1.4865e+02 1.2410e+03 1.7160e+02 2.6804e-03
1.0354e+03 1.8077e+02 1.0638e+03 2.0373e+02 2.6755e-03
2.9938e+02 1.5567e+02 4.0175e+02 1.9450e+02 2.6749e-03
4.6509e+02 1.4905e+02 5.6795e+02 1.8817e+02 2.6724e-03
3.7796e+01 1.2352e+02 3.2950e+02 2.7880e+02 2.6594e-03
2.4470e+02 1.6793e+02 3.0070e+02 1.9096e+02 2.6581e-03
1.1723e+03 1.8244e+02 1.2091e+03 2.0019e+02 2.6528e-03
7.3147e+02 1.4661e+02 7.4931e+02 1.9211e+02 2.6482e-03
2.8677e+02 1.5465e+02 3.0608e+02 2.0509e+02 2.6464e-03
3.0986e+02 1.7267e+02 3.6323e+02 1.9379e+02 2.6347e-03
4.9026e+02 1.4834e+02 5.9282e+02 1.8826e+02 2.6195e-03
1.0262e+01 1.8036e+02 8.6602e+01 2.4985e+02 2.6184e-03
2.4036e+02 1.5575e+02 2.9626e+02 1.7915e+02 2.6156e-03
1.0738e+02 1.7872e+02 1.7772e+02 2.5897e+02 2.6131e-03
6.9941e+02 1.8014e+02 7.9403e+02 2.1735e+02 2.6123e-03
0.0000e+00 1.5864e+02 7.7986e+01 2.5384e+02 2.5957e-03
8.2541e+02 1.6179e+02 8.3898e+02 2.0133e+02 2.5946e-03
0.0000e+00 1.7398e+02 4.9143e+01 3.0250e+02 2.5939e-03
1.2302e+03 1.5716e+02 1.2410e+03 2.1882e+02 2.5857e-03
1.2217e+03 1.4636e+02 1.2351e+03 2.0670e+02 2.5834e-03
0.0000e+00 8.5747e+01 8.7520e+01 3.0717e+02 2.5798e-03
2.1236e+02 1.4790e+02 3.3075e+02 2.3626e+02 2.5776e-03
2.4371e+02 1.4184e+02 2.6191e+02 1.9242e+02 2.5734e-03
7.2883e+02 1.5093e+02 8.2040e+02 1.8979e+02 2.5573e-03
0.0000e+00 2.0195e+02 2.4528e+01 2.7575e+02 2.5492e-03
6.1517e+01 1.7131e+02 1.2836e+02 1.9448e+02 2.5317e-03
1.6509e+02 1.3072e+02 3.3731e+02 1.9944e+02 2.5301e-03
0.0000e+00 3.1673e+02 4.2858e+01 3.7500e+02 2.5198e-03
2.8259e+02 1.5441e+02 3.0247e+02 2.0468e+02 2.5171e-03
1.0291e+03 1.6624e+02 1.0591e+03 2.1930e+02 2.5168e-03
2.4780e+02 1.5753e+02 2.6578e+02 2.0882e+02 2.5043e-03
2.6756e+02 1.7394e+02 3.3817e+02 2.2726e+02 2.5030e-03
7.7928e+02 1.5141e+02 7.9746e+02 1.9463e+02 2.4994e-03
1.3583e+02 1.8297e+02 1.6215e+02 2.4745e+02 2.4965e-03
7.2082e+02 1.7252e+02 7.6791e+02 1.9388e+02 2.4927e-03
2.6390e+02 1.6436e+02 3.2028e+02 1.8774e+02 2.4908e-03
0.0000e+00 2.0226e+02 1.7608e+01 2.3003e+02 2.4731e-03
4.8366e+02 1.5385e+02 5.8663e+02 1.9540e+02 2.4706e-03
9.3909e+02 1.5920e+02 9.5748e+02 2.0429e+02 2.4603e-03
1.2377e+03 2.0312e+02 1.2410e+03 2.6205e+02 2.4495e-03
2.7493e+02 1.6714e+02 3.4677e+02 2.1793e+02 2.4372e-03
9.3506e+02 1.5911e+02 9.5329e+02 2.0468e+02 2.4362e-03
1.2264e+03 1.4555e+02 1.2394e+03 2.0776e+02 2.4311e-03
1.2224e+03 3.3308e+02 1.2410e+03 3.7500e+02 2.4297e-03
4.0327e+01 1.5852e+02 8.7723e+01 2.5721e+02 2.4200e-03
9.4300e+02 1.5452e+02 9.6168e+02 2.0067e+02 2.4191e-03
2.5313e+02 1.7268e+02 3.0945e+02 1.9500e+02 2.4043e-03
1.6445e+02 1.7477e+02 1.9581e+02 2.4027e+02 2.3956e-03
7.4309e+02 1.5931e+02 7.6077e+02 2.0338e+02 2.3847e-03
9.0782e+02 1.4126e+02 1.0769e+03 2.1369e+02 2.3834e-03
1.2174e+03 1.6907e+02 1.2326e+03 2.1971e+02 2.3689e-03
1.2158e+03 1.7826e+02 1.2410e+03 2.2070e+02 2.3683e-03
5.1629e+02 1.4738e+02 6.8242e+02 2.2690e+02 2.3534e-03
0.0000e+00 1.9413e+02 1.7284e+01 2.2216e+02 2.3413e-03
8.8485e+02 1.4020e+02 1.0469e+03 2.0978e+02 2.3297e-03
2.4722e+02 1.4151e+02 2.6573e+02 1.9195e+02 2.3271e-03
1.2345e+03 1.9443e+02 1.2410e+03 2.2036e+02 2.3250e-03
6.6513e+02 1.5556e+02 8.3626e+02 2.2709e+02 2.3191e-03
6.8688e+02 1.5730e+02 7.7530e+02 1.9562e+02 2.3171e-03
0.0000e+00 2.2395e+02 3.0315e+01 3.7500e+02 2.3163e-03
1.2146e+03 1.6972e+02 1.2410e+03 2.1172e+02 2.3152e-03
2.7817e+02 1.5497e+02 2.9859e+02 2.0410e+02 2.3142e-03
7.2072e+02 1.6879e+02 7.6770e+02 1.9000e+02 2.3124e-03
5.0501e+02 1.3093e+02 7.7507e+02 2.6332e+02 2.3123e-03
0.0000e+00 3.2907e+02 1.4154e+01 3.7500e+02 2.3117e-03
9.3929e+02 1.4555e+02 9.5768e+02 1.9268e+02 2.2980e-03
1.8458e+02 1.7044e+02 2.1449e+02 2.4080e+02 2.2950e-03
6.3140e+02 1.5591e+02 7.7019e+02 2.2986e+02 2.2903e-03
5.3514e+01 1.7005e+02 1.7150e+02 2.7341e+02 2.2901e-03
2.3542e+02 1.5422e+02 2.5273e+02 2.0588e+02 2.2788e-03
1.2368e+03 2.0367e+02 1.2410e+03 2.3562e+02 2.2763e-03
7.3130e+02 1.5499e+02 7.4957e+02 1.9998e+02 2.2694e-03
0.0000e+00 1.6709e+02 3.5713e+01 2.1678e+02 2.2670e-03
9.4164e+02 1.5599e+02 1.0278e+03 1.9490e+02 2.2586e-03
6.9083e+02 1.6608e+02 7.7142e+02 2.0382e+02 2.2535e-03
1.4701e+02 1.9695e+02 1.7250e+02 2.4605e+02 2.2481e-03
7.8271e+02 1.5154e+02 8.0103e+02 1.9481e+02 2.2479e-03
2.4756e+02 1.9159e+02 3.4237e+02 2.3355e+02 2.2386e-03
1.2197e+03 1.6470e+02 1.2410e+03 2.1904e+02 2.2343e-03
0.0000e+00 8.4587e+01 1.9512e+02 3.7500e+02 2.2335e-03
6.7181e+01 1.5431e+02 1.7075e+02 1.9519e+02 2.2302e-03
3.1171e+00 3.2054e+01 1.4447e+02 3.7500e+02 2.2233e-03
1.7494e+02 1.5721e+02 1.9437e+02 2.0311e+02 2.2165e-03
7.6665e+02 1.7329e+02 8.1102e+02 1.9367e+02 2.2122e-03
1.1709e+03 1.3051e+02 1.2410e+03 2.2035e+02 2.2090e-03
1.1699e+03 1.1508e+02 1.2410e+03 2.0423e+02 2.2081e-03
1.9189e+02 1.6847e+02 3.5903e+02 2.4435e+02 2.2026e-03
8.2535e+02 1.5208e+02 8.3950e+02 1.9433e+02 2.2001e-03
1.1846e+03 3.1888e+02 1.2410e+03 3.7500e+02 2.1886e-03
3.1468e+02 1.6546e+02 3.6736e+02 1.8631e+02 2.1864e-03
0.0000e+00 1.7305e+02 8.1853e+01 2.6979e+02 2.1846e-03
1.7876e+02 1.5759e+02 1.9859e+02 2.0461e+02 2.1827e-03
9.5108e+02 1.4510e+02 9.6929e+02 1.9268e+02 2.1824e-03
2.1068e+02 1.4443e+02 3.1579e+02 1.8179e+02 2.1765e-03
1.1714e+03 1.8380e+02 1.2003e+03 2.0227e+02 2.1663e-03
9.5841e+01 1.9208e+02 2.0943e+02 2.5340e+02 2.1651e-03
5.3904e+01 1.1288e+02 2.7145e+02 3.0116e+02 2.1540e-03
5.0554e+02 2.0225e+02 5.6262e+02 2.2926e+02 2.1458e-03
2.8074e+02 1.5959e+02 3.5713e+02 2.0983e+02 2.1426e-03
8.3250e+02 1.5601e+02 8.4805e+02 1.9780e+02 2.1402e-03
9.1602e+02 1.5969e+02 9.3307e+02 2.0333e+02 2.1325e-03
5.1137e+02 1.9046e+02 5.9247e+02 2.2934e+02 2.1257e-03
2.9219e+02 1.7563e+02 3.6321e+02 2.2759e+02 2.1200e-03
1.1340e+01 1.8927e+02 3.0710e+01 2.6834e+02 2.1156e-03
7.5165e+02 1.4736e+02 7.6847e+02 1.9129e+02 2.1135e-03
1.5031e+02 1.5733e+02 1.7711e+02 2.2260e+02 2.1115e-03
1.9160e+02 1.4591e+02 2.3337e+02 2.5468e+02 2.1025e-03
2.2733e+02 1.6674e+02 2.7983e+02 1.9032e+02 2.1012e-03
2.9273e+01 5.0034e+01 1.7605e+02 3.7019e+02 2.0945e-03
2.2381e+02 1.3571e+02 3.4950e+02 2.2145e+02 2.0941e-03
1.1556e+03 1.7770e+02 1.1872e+03 1.9434e+02 2.0907e-03
1.2140e+03 1.5478e+02 1.2285e+03 2.1071e+02 2.0852e-03
1.5304e+02 1.7679e+02 1.9804e+02 2.6434e+02 2.0823e-03
1.3567e+02 1.4847e+02 1.5413e+02 2.0324e+02 2.0814e-03
1.8546e+02 1.4291e+02 2.9321e+02 1.7987e+02 2.0679e-03
2.5126e+02 1.5990e+02 2.6897e+02 2.0996e+02 2.0639e-03
9.9805e+02 1.7743e+02 1.0305e+03 1.9894e+02 2.0617e-03
7.0935e+02 1.6313e+02 7.7651e+02 2.0630e+02 2.0581e-03
2.7091e+02 1.2333e+02 3.4140e+02 2.7003e+02 2.0567e-03
1.2348e+03 1.5896e+02 1.2410e+03 2.1476e+02 2.0557e-03
8.6824e+02 1.5684e+02 9.6040e+02 1.9451e+02 2.0542e-03
2.3764e+02 1.6040e+02 2.9032e+02 1.8302e+02 2.0488e-03
9.1222e+02 1.5991e+02 9.2888e+02 2.0330e+02 2.0460e-03
4.8259e+00 1.2254e+02 4.5500e+01 2.5536e+02 2.0451e-03
1.2208e+03 1.7419e+02 1.2410e+03 2.2861e+02 2.0424e-03
8.0410e+02 1.5223e+02 8.2060e+02 1.9524e+02 2.0408e-03
5.5284e+02 1.4127e+02 5.6876e+02 1.9217e+02 2.0285e-03
7.8323e+02 1.6134e+02 8.0095e+02 2.0117e+02 2.0168e-03
0.0000e+00 1.8609e+02 1.7355e+01 2.1439e+02 2.0130e-03
5.4874e-01 1.8503e+02 6.4890e+01 2.6138e+02 2.0018e-03
5.8933e+02 1.8251e+02 7.1477e+02 2.3985e+02 2.0005e-03
7.2849e+02 1.6912e+02 7.5901e+02 1.9742e+02 2.0000e-03
2.4398e+02 1.6365e+02 3.1622e+02 2.1778e+02 1.9994e-03
2.6462e+02 1.9197e+02 3.5820e+02 2.3278e+02 1.9886e-03
1.2379e+03 2.1428e+02 1.2410e+03 2.7367e+02 1.9832e-03
0.0000e+00 1.0230e+02 1.4950e+02 2.7586e+02 1.9716e-03
7.7967e+02 1.6088e+02 7.9716e+02 2.0095e+02 1.9686e-03
2.5221e+02 1.7250e+02 3.2283e+02 2.2723e+02 1.9640e-03
7.4740e+02 1.5949e+02 7.6480e+02 2.0300e+02 1.9494e-03
7.6936e+02 1.6928e+02 8.1419e+02 1.9047e+02 1.9483e-03
1.2783e+02 1.8244e+02 2.8274e+02 2.6166e+02 1.9476e-03
1.2169e+03 1.8556e+02 1.2410e+03 2.2988e+02 1.9373e-03
7.9146e+02 1.5169e+02 8.0857e+02 1.9474e+02 1.9349e-03
4.9512e+02 2.1141e+02 5.5006e+02 2.3175e+02 1.9335e-03
2.9288e+02 1.7191e+02 3.9107e+02 2.1163e+02 1.9305e-03
9.4687e+02 1.5425e+02 9.6554e+02 2.0026e+02 1.9277e-03
1.2094e+03 1.2218e+02 1.2410e+03 3.1202e+02 1.9239e-03
1.5067e+02 1.8475e+02 1.7740e+02 2.4239e+02 1.9208e-03
2.2727e+02 1.5875e+02 2.8107e+02 1.8315e+02 1.9102e-03
3.0202e+02 1.6910e+02 3.5493e+02 1.9018e+02 1.9076e-03
8.0039e+02 1.6078e+02 8.1638e+02 2.0233e+02 1.9042e-03
8.0022e+02 1.5185e+02 8.1653e+02 1.9478e+02 1.9022e-03
2.5649e+02 1.2763e+02 3.2505e+02 2.6727e+02 1.9000e-03
6.6478e+02 1.4244e+02 8.3630e+02 2.1213e+02 1.8976e-03
1.0386e+03 1.7911e+02 1.0682e+03 2.0224e+02 1.8969e-03
4.3734e+02 1.7206e+02 5.2820e+02 2.1069e+02 1.8951e-03
1.6054e+02 1.6016e+02 2.2212e+02 3.0307e+02 1.8927e-03
2.7126e+02 1.5174e+02 3.4997e+02 2.0242e+02 1.8846e-03
1.7738e+00 1.8351e+02 3.2144e+01 2.2798e+02 1.8805e-03
0.0000e+00 2.0673e+02 7.1298e+00 2.7379e+02 1.8804e-03
2.3992e+02 1.5414e+02 2.5717e+02 2.0481e+02 1.8778e-03
1.5701e+02 2.1744e+02 2.2254e+02 2.4350e+02 1.8766e-03
1.1684e+03 1.7648e+02 1.2018e+03 1.9427e+02 1.8708e-03
5.6725e+02 1.9101e+02 7.0401e+02 2.4126e+02 1.8694e-03
9.2348e+02 1.4569e+02 9.4146e+02 1.9271e+02 1.8661e-03
2.3134e+02 1.5477e+02 2.4914e+02 2.0640e+02 1.8590e-03
2.7746e+02 1.4809e+02 3.1527e+02 2.2842e+02 1.8570e-03
7.9589e+02 1.5202e+02 8.1237e+02 1.9497e+02 1.8548e-03
2.9120e+02 1.5478e+02 3.0957e+02 2.0556e+02 1.8545e-03
5.5307e+02 1.5844e+02 5.6824e+02 2.0328e+02 1.8470e-03
2.3039e+01 1.8490e+02 1.0452e+02 2.4437e+02 1.8457e-03
1.4331e+02 1.9956e+02 1.6924e+02 2.5088e+02 1.8434e-03
2.9011e+02 1.6701e+02 3.6344e+02 2.1810e+02 1.8398e-03
3.2646e+02 1.6885e+02 3.7591e+02 1.9031e+02 1.8380e-03
5.9562e+02 1.9595e+02 7.1218e+02 2.4232e+02 1.8360e-03
1.2096e+03 1.4394e+02 1.2253e+03 1.9899e+02 1.8359e-03
1.5637e+02 1.5589e+02 1.7259e+02 2.0250e+02 1.8351e-03
1.2645e+02 1.4363e+02 1.6518e+02 2.2184e+02 1.8326e-03
1.2182e+03 3.5281e+02 1.2410e+03 3.7500e+02 1.8266e-03
1.2306e+03 1.4542e+02 1.2410e+03 2.1015e+02 1.8259e-03
9.0849e+02 1.6007e+02 9.2514e+02 2.0280e+02 1.8204e-03
0.0000e+00 1.9086e+02 2.8329e+01 2.3589e+02 1.8200e-03
2.6377e+02 1.7158e+02 3.2029e+02 1.9530e+02 1.8109e-03
0.0000e+00 1.8826e+02 4.8240e+01 2.3832e+02 1.8097e-03
9.3328e+01 1.9771e+02 2.1787e+02 2.8615e+02 1.8072e-03
1.1570e+03 1.8478e+02 1.2410e+03 3.7500e+02 1.8055e-03
2.6915e+02 1.4798e+02 3.0769e+02 2.2799e+02 1.7935e-03
0.0000e+00 2.5405e+02 8.8906e+01 3.7500e+02 1.7919e-03
6.0972e+02 1.6992e+02 7.1598e+02 2.2446e+02 1.7917e-03
4.9949e+02 2.0035e+02 5.7178e+02 2.2180e+02 1.7894e-03
2.6047e+02 1.8122e+02 3.3108e+02 2.3310e+02 1.7812e-03
6.9167e+02 1.7319e+02 7.6859e+02 2.1143e+02 1.7769e-03
7.5164e+02 1.6003e+02 7.6884e+02 2.0257e+02 1.7726e-03
7.7551e+02 1.4654e+02 7.9393e+02 1.9124e+02 1.7721e-03
1.0109e+03 1.8955e+02 1.0490e+03 2.0904e+02 1.7717e-03
9.2712e+02 1.4999e+02 9.4528e+02 1.9723e+02 1.7538e-03
9.5246e+02 1.5778e+02 1.1131e+03 2.2293e+02 1.7481e-03
0.0000e+00 1.4443e+02 7.3434e+01 2.3834e+02 1.7439e-03
7.1988e+02 1.7662e+02 7.6740e+02 1.9772e+02 1.7394e-03
1.2347e+03 2.0206e+02 1.2410e+03 2.2848e+02 1.7307e-03
1.2209e+03 1.8738e+02 1.2410e+03 2.4561e+02 1.7293e-03
1.2473e+02 1.6656e+02 1.7683e+02 1.9234e+02 1.7279e-03
2.3784e+02 1.6760e+02 2.8919e+02 1.9108e+02 1.7234e-03
1.7712e+01 1.7514e+02 6.3494e+01 3.2076e+02 1.7230e-03
7.8702e+02 1.5158e+02 8.0470e+02 1.9469e+02 1.7209e-03
2.4428e+02 1.5459e+02 2.6204e+02 2.0412e+02 1.7093e-03
7.4895e+01 1.5441e+02 1.1916e+02 2.5808e+02 1.7071e-03
2.4197e+02 1.3178e+02 3.0711e+02 2.6676e+02 1.7031e-03
7.0953e+02 1.5497e+02 7.7735e+02 1.9938e+02 1.6939e-03
7.2061e+02 1.6484e+02 7.6751e+02 1.8615e+02 1.6850e-03
1.1508e+03 1.8238e+02 1.1765e+03 2.0170e+02 1.6831e-03
2.8801e+02 1.1816e+02 3.5604e+02 2.7421e+02 1.6827e-03
4.7246e+02 1.5574e+02 6.3049e+02 2.2637e+02 1.6791e-03
6.8420e+02 1.5137e+02 7.7499e+02 1.8883e+02 1.6717e-03
1.2371e+03 2.1160e+02 1.2410e+03 2.4396e+02 1.6697e-03
1.5414e+02 1.7488e+02 1.8268e+02 2.3899e+02 1.6655e-03
1.5414e+02 1.4393e+02 2.5710e+02 1.7902e+02 1.6589e-03
2.2998e+02 1.5225e+02 2.8150e+02 1.7563e+02 1.6586e-03
0.0000e+00 1.1883e+02 4.5736e+01 2.3829e+02 1.6531e-03
1.0100e+03 1.7397e+02 1.0536e+03 1.9261e+02 1.6453e-03
1.1537e+03 4.3088e+00 1.2410e+03 3.6825e+02 1.6418e-03
7.5059e+00 1.9446e+02 4.0648e+01 2.3906e+02 1.6348e-03
1.0130e+03 1.6625e+02 1.0281e+03 2.0401e+02 1.6343e-03
7.8709e+02 1.6142e+02 8.0463e+02 2.0129e+02 1.6292e-03
1.1708e+03 1.7921e+02 1.1995e+03 1.9727e+02 1.6211e-03
8.4014e+02 1.4803e+02 8.5621e+02 1.8928e+02 1.6146e-03
1.1877e+03 1.1977e+02 1.2410e+03 2.3368e+02 1.6083e-03
2.2645e+02 1.5013e+02 3.0266e+02 2.0223e+02 1.6074e-03
1.0671e+01 1.3778e+02 1.2533e+02 2.3407e+02 1.5961e-03
3.2129e+02 1.7250e+02 3.7272e+02 1.9405e+02 1.5878e-03
0.0000e+00 3.5747e+02 6.0900e+00 3.7500e+02 1.5861e-03
2.3995e+02 1.4079e+02 2.5739e+02 1.9329e+02 1.5857e-03
5.9760e+02 1.5602e+02 6.8170e+02 2.8521e+02 1.5855e-03
1.2115e+03 1.3950e+02 1.2410e+03 1.8114e+02 1.5811e-03
1.0945e+03 0.0000e+00 1.2410e+03 3.7500e+02 1.5799e-03
5.5682e+02 1.4192e+02 5.7197e+02 1.9281e+02 1.5785e-03
8.8004e+02 1.2686e+02 1.0438e+03 1.9448e+02 1.5739e-03
1.7355e+02 1.3262e+02 2.9935e+02 2.2611e+02 1.5683e-03
2.2925e+02 1.3162e+02 2.9287e+02 2.6920e+02 1.5671e-03
1.2109e+03 3.5639e+02 1.2410e+03 3.7500e+02 1.5605e-03
1.9839e+02 1.3038e+02 3.6992e+02 2.0146e+02 1.5573e-03
6.5033e+01 1.4947e+02 1.1317e+02 2.4264e+02 1.5562e-03
1.2142e+03 1.7057e+02 1.2292e+03 2.1833e+02 1.5533e-03
0.0000e+00 1.8516e+02 4.2543e+01 2.6257e+02 1.5461e-03
7.5617e+02 1.5609e+02 8.4391e+02 1.9581e+02 1.5391e-03
2.2962e+02 1.6384e+02 2.8198e+02 1.8666e+02 1.5377e-03
9.3601e+02 1.4438e+02 1.1008e+03 2.1604e+02 1.5362e-03
7.7256e+02 1.6641e+02 8.0312e+02 1.9309e+02 1.5259e-03
5.7388e+01 1.6751e+02 1.6279e+02 2.1341e+02 1.5220e-03
2.5472e+02 1.3382e+02 3.8220e+02 2.2605e+02 1.5164e-03
1.2349e+03 1.4647e+02 1.2410e+03 2.0674e+02 1.5162e-03
9.3094e+02 1.4934e+02 9.4919e+02 1.9697e+02 1.5159e-03
5.5651e+02 1.5838e+02 5.7063e+02 2.0448e+02 1.5090e-03
1.0251e+02 2.1052e+02 2.0311e+02 2.5898e+02 1.5083e-03
2.3747e+02 1.5300e+02 2.9081e+02 1.7599e+02 1.5079e-03
1.2140e+03 1.9243e+02 1.2410e+03 2.3788e+02 1.5045e-03
7.5555e+02 1.6034e+02 7.7258e+02 2.0223e+02 1.4920e-03
7.6630e+02 1.6502e+02 8.1060e+02 1.8697e+02 1.4913e-03
3.4207e+01 1.6775e+02 7.7820e+01 2.8218e+02 1.4849e-03
1.2794e+02 2.1190e+02 2.2920e+02 2.5706e+02 1.4848e-03
9.5510e+02 1.4465e+02 9.7339e+02 1.9291e+02 1.4826e-03
1.4017e+02 1.6057e+02 1.7175e+02 2.3277e+02 1.4813e-03
2.7444e+02 1.5625e+02 2.9449e+02 2.0289e+02 1.4809e-03
9.3534e+02 1.4972e+02 9.5346e+02 1.9669e+02 1.4803e-03
6.9153e+02 1.8048e+02 7.6858e+02 2.1870e+02 1.4759e-03
3.0573e+02 1.6527e+02 3.5784e+02 1.8653e+02 1.4734e-03
6.4491e+01 2.1002e+02 2.3522e+02 2.8059e+02 1.4671e-03
9.3150e+02 1.6279e+02 1.0190e+03 2.0108e+02 1.4654e-03
7.7603e+02 1.6011e+02 7.9317e+02 2.0085e+02 1.4611e-03
1.4546e+02 1.7689e+02 1.8746e+02 2.6282e+02 1.4586e-03
2.6765e+02 1.6787e+02 3.2335e+02 1.9118e+02 1.4572e-03
0.0000e+00 9.7006e+01 2.9396e+02 3.7500e+02 1.4542e-03
5.5213e+02 2.0043e+02 5.6961e+02 2.4620e+02 1.4471e-03
4.9186e+02 2.0594e+02 5.3355e+02 2.2725e+02 1.4457e-03
8.1319e+01 1.3875e+02 1.2501e+02 2.2487e+02 1.4448e-03
7.9190e+02 1.6106e+02 8.0839e+02 2.0068e+02 1.4417e-03
1.6334e+02 1.4809e+02 2.4181e+02 2.0856e+02 1.4294e-03
0.0000e+00 2.6295e+02 1.5365e+02 3.7500e+02 1.4249e-03
9.1985e+02 1.4592e+02 9.3751e+02 1.9319e+02 1.4222e-03
5.2017e+02 1.9253e+02 5.7900e+02 2.3710e+02 1.4220e-03
1.0974e+02 1.6535e+02 1.5041e+02 2.7102e+02 1.4200e-03
7.2283e+02 1.7232e+02 8.1472e+02 2.0878e+02 1.4123e-03
8.3329e+02 1.6518e+02 8.4755e+02 2.0349e+02 1.4112e-03
9.1706e+02 1.5239e+02 9.8565e+02 1.9905e+02 1.4089e-03
5.5021e+02 1.6287e+02 5.6518e+02 2.1238e+02 1.4063e-03
7.9627e+02 1.6058e+02 8.1236e+02 2.0194e+02 1.3957e-03
1.2374e+03 2.4794e+02 1.2410e+03 3.0446e+02 1.3905e-03
2.4207e+02 1.7156e+02 2.9453e+02 1.9438e+02 1.3862e-03
2.9301e+02 1.6877e+02 3.4615e+02 1.9037e+02 1.3797e-03
4.4786e+02 1.8153e+02 5.2953e+02 2.1954e+02 1.3763e-03
9.2801e+02 1.5558e+02 9.7789e+02 1.7949e+02 1.3753e-03
7.2052e+02 1.6070e+02 7.6758e+02 1.8195e+02 1.3745e-03
8.7505e+02 1.5051e+02 9.6794e+02 1.8898e+02 1.3744e-03
1.4460e+00 1.6897e+02 1.0613e+02 2.1797e+02 1.3704e-03
2.8741e+02 1.4301e+02 3.0563e+02 1.9312e+02 1.3662e-03
7.4445e+02 1.4971e+02 8.3425e+02 1.8912e+02 1.3661e-03
3.2656e+02 1.6534e+02 3.7540e+02 1.8639e+02 1.3657e-03
1.5964e+01 1.6754e+02 1.3863e+02 2.7708e+02 1.3631e-03
2.8347e+02 1.4361e+02 3.0190e+02 1.9294e+02 1.3589e-03
0.0000e+00 1.1796e+02 6.8883e+00 1.8210e+02 1.3580e-03
1.2087e+03 1.7938e+02 1.2329e+03 2.0380e+02 1.3580e-03
2.8630e+02 1.5130e+02 3.6563e+02 2.0210e+02 1.3558e-03
7.3198e+02 1.6537e+02 7.6280e+02 1.9388e+02 1.3487e-03
4.1122e+01 1.8749e+02 1.0272e+02 2.1136e+02 1.3436e-03
3.1371e+02 1.7597e+02 3.6717e+02 1.9781e+02 1.3431e-03
4.2180e+01 1.9149e+02 1.4697e+02 2.3679e+02 1.3424e-03
1.0064e+03 1.6638e+02 1.0194e+03 2.0198e+02 1.3318e-03
7.5554e+02 1.4678e+02 7.7249e+02 1.9048e+02 1.3306e-03
2.4756e+02 1.5410e+02 3.0444e+02 1.7608e+02 1.3282e-03
1.8544e+02 1.5690e+02 2.0694e+02 2.1910e+02 1.3256e-03
0.0000e+00 1.7815e+02 1.4809e+02 2.6666e+02 1.3229e-03
0.0000e+00 1.9826e+02 4.7931e+01 3.7500e+02 1.3207e-03
9.1636e+02 1.5134e+02 9.3325e+02 1.9652e+02 1.3177e-03
1.1291e+02 2.0225e+02 1.8740e+02 2.6740e+02 1.3059e-03
1.2259e+03 1.8798e+02 1.2410e+03 2.9448e+02 1.3002e-03
2.8503e+02 1.5433e+02 3.2186e+02 2.3569e+02 1.2986e-03
8.1309e+01 1.4874e+02 1.4588e+02 3.0633e+02 1.2970e-03
1.2050e+03 5.1324e+01 1.2410e+03 2.3727e+02 1.2903e-03
2.3108e+02 1.4657e+02 3.1208e+02 1.9452e+02 1.2896e-03
0.0000e+00 2.1137e+02 3.6818e+01 2.6247e+02 1.2885e-03
5.5461e+02 1.8103e+02 6.6179e+02 2.3403e+02 1.2844e-03
4.6205e+02 1.6234e+02 5.6087e+02 2.0178e+02 1.2808e-03
9.9797e+01 1.5955e+02 1.6577e+02 2.4034e+02 1.2750e-03
7.5637e+02 1.6410e+02 8.4368e+02 2.0190e+02 1.2696e-03
4.3460e+02 1.5700e+02 5.8951e+02 2.2390e+02 1.2690e-03
9.5275e+02 1.6520e+02 1.0345e+03 2.0092e+02 1.2650e-03
2.7545e+02 1.8140e+02 3.4826e+02 2.3356e+02 1.2638e-03
8.2752e+01 1.6005e+02 1.8481e+02 2.0701e+02 1.2601e-03
6.2758e+01 1.6613e+02 1.3717e+02 2.3205e+02 1.2581e-03
4.2392e+02 1.4326e+02 5.8963e+02 2.0784e+02 1.2580e-03
6.1208e+02 1.4979e+02 6.9013e+02 2.6754e+02 1.2486e-03
7.7809e+01 1.3708e+02 2.4713e+02 2.1273e+02 1.2485e-03
0.0000e+00 1.6934e+02 2.4921e+01 3.5970e+02 1.2344e-03
0.0000e+00 3.2625e+02 5.7607e+01 3.7500e+02 1.2342e-03
1.0057e+03 1.8495e+02 1.0662e+03 2.1582e+02 1.2147e-03
9.8864e+02 1.6171e+02 1.0687e+03 1.9993e+02 1.2131e-03
2.2745e+02 1.5908e+02 3.4773e+02 2.5112e+02 1.2125e-03
0.0000e+00 1.7553e+02 4.7716e+01 2.2577e+02 1.2124e-03
9.2039e+01 9.8230e+01 1.6734e+02 2.5873e+02 1.2122e-03
1.0176e+03 1.5144e+02 1.0604e+03 2.1741e+02 1.2077e-03
2.6171e+02 1.4593e+02 3.0039e+02 2.2653e+02 1.1979e-03
0.0000e+00 1.9281e+02 5.0702e+01 2.7311e+02 1.1929e-03
2.3051e+02 1.2887e+02 4.0390e+02 2.0124e+02 1.1922e-03
1.0873e+03 1.0310e+02 1.2410e+03 2.8315e+02 1.1907e-03
0.0000e+00 1.6886e+02 3.5780e+01 3.6355e+02 1.1785e-03
0.0000e+00 1.6255e+02 5.5617e+01 2.3347e+02 1.1782e-03
6.0407e+02 2.0557e+02 7.0967e+02 2.4380e+02 1.1758e-03
4.2914e+01 1.7572e+02 1.2928e+02 2.3830e+02 1.1649e-03
2.3612e+01 1.9998e+02 1.2313e+02 2.4212e+02 1.1634e-03
0.0000e+00 1.0494e+02 2.6091e+01 2.5569e+02 1.1633e-03
1.1751e+03 1.6054e+02 1.2410e+03 2.5199e+02 1.1585e-03
1.0855e+03 2.6267e+02 1.2410e+03 3.7500e+02 1.1502e-03
9.5894e+02 1.5610e+02 1.0432e+03 1.9425e+02 1.1471e-03
2.4168e+01 1.6427e+02 9.8835e+01 3.3602e+02 1.1395e-03
3.9801e+02 1.5743e+02 5.6254e+02 2.2505e+02 1.1330e-03
9.7233e+01 1.5234e+02 1.6388e+02 2.2003e+02 1.1283e-03
1.0250e+03 1.7900e+02 1.0977e+03 2.1290e+02 1.1222e-03
1.1289e+03 2.5212e+02 1.2410e+03 3.7500e+02 1.1221e-03
9.0147e+02 1.5316e+02 9.6972e+02 1.9938e+02 1.1216e-03
3.9413e+02 1.4348e+02 5.6048e+02 2.0707e+02 1.1189e-03
1.2007e+03 0.0000e+00 1.2410e+03 8.7261e+01 1.1100e-03
7.2331e+02 1.5482e+02 7.9323e+02 1.9937e+02 1.0993e-03
0.0000e+00 7.9781e+01 1.4794e+01 2.0241e+02 1.0938e-03
1.7766e+02 1.8162e+02 2.1769e+02 2.6284e+02 1.0937e-03
1.4620e+02 1.7308e+02 2.4823e+02 2.3347e+02 1.0802e-03
2.9374e+02 1.5970e+02 3.3009e+02 2.4459e+02 1.0784e-03
0.0000e+00 1.9507e+01 1.0587e+02 3.7500e+02 1.0568e-03
4.8277e+02 1.9910e+02 5.5707e+02 2.3081e+02 1.0482e-03
1.4611e+02 1.2189e+02 2.8410e+02 2.1465e+02 1.0375e-03
6.4673e+02 1.4483e+02 8.0388e+02 2.1435e+02 1.0317e-03
5.1199e+02 1.8536e+02 6.5559e+02 2.4805e+02 1.0307e-03
2.2260e+02 1.9016e+02 3.2245e+02 2.3409e+02 1.0261e-03
4.9182e+01 1.6259e+02 9.5385e+01 2.5396e+02 1.0260e-03
2.9614e+02 1.5952e+02 3.7168e+02 2.0901e+02 1.0260e-03
2.4361e+02 1.5716e+02 2.8468e+02 2.4589e+02 1.0141e-03
1.9582e+02 1.3898e+02 2.3346e+02 2.2562e+02 1.0073e-03
1.0248e+02 1.3876e+02 1.3886e+02 2.2940e+02 1.0063e-03
5.0229e+02 1.8043e+02 5.9059e+02 2.2335e+02 1.0046e-03
2.5317e+02 1.5168e+02 2.9309e+02 2.3643e+02 9.9550e-04
1.1736e+03 9.7650e+01 1.2410e+03 1.8954e+02 9.9050e-04
9.4849e+02 1.4949e+02 1.0349e+03 1.8892e+02 9.8912e-04
1.8953e+02 1.0262e+02 2.5830e+02 2.5428e+02 9.8837e-04
2.6076e+02 1.5595e+02 2.9999e+02 2.4479e+02 9.8835e-04
3.1066e+02 1.4944e+02 4.0813e+02 1.8827e+02 9.8806e-04
2.9040e+02 1.9346e+02 3.7888e+02 2.3204e+02 9.8556e-04
1.4102e+02 2.0434e+02 2.2245e+02 2.6185e+02 9.7867e-04
3.0146e+02 1.5992e+02 3.3937e+02 2.4516e+02 9.7603e-04
4.7832e+02 1.6251e+02 5.7937e+02 2.0338e+02 9.7603e-04
0.0000e+00 1.8850e+02 7.7085e+01 2.8733e+02 9.6006e-04
0.0000e+00 0.0000e+00 3.1640e+01 7.9916e+01 9.5890e-04
3.0330e+02 1.1584e+02 3.7039e+02 2.7560e+02 9.5334e-04
1.0420e+03 1.7463e+02 1.1193e+03 2.0735e+02 9.5216e-04
1.1917e+03 1.4810e+02 1.2410e+03 2.6557e+02 9.5142e-04
1.1431e+03 1.7569e+02 1.2091e+03 2.0590e+02 9.5050e-04
1.0654e+01 2.0206e+02 7.8291e+01 3.7500e+02 9.4819e-04
9.0359e+02 1.2652e+02 1.0784e+03 1.9948e+02 9.2954e-04
8.9635e+02 1.5065e+02 1.0644e+03 2.2538e+02 8.9916e-04
1.1676e+03 0.0000e+00 1.2410e+03 3.5374e+01 8.8530e-04
1.5851e+02 1.7409e+02 2.7354e+02 2.7002e+02 8.8045e-04
0.0000e+00 1.0270e+02 2.0360e+02 3.1260e+02 8.7930e-04
4.6205e+02 1.4137e+02 6.2722e+02 2.1323e+02 8.6003e-04
1.2270e+02 2.0168e+02 2.4443e+02 2.8314e+02 8.5328e-04
4.7822e+02 1.7602e+02 6.2403e+02 2.4074e+02 8.5002e-04
9.5123e+02 1.1852e+02 1.2410e+03 3.7500e+02 8.4491e-04
2.7136e+02 1.4048e+02 3.9477e+02 2.3817e+02 8.1151e-04
8.5214e+02 1.3843e+02 1.0163e+03 2.0977e+02 8.1013e-04
1.2067e+03 1.5731e+02 1.2410e+03 3.4520e+02 8.0405e-04
0.0000e+00 1.3355e+02 8.2585e+01 3.7009e+02 7.9910e-04
0.0000e+00 6.9723e+01 1.4447e+02 2.4667e+02 7.9152e-04
1.0332e+03 9.2472e+01 1.2410e+03 3.7500e+02 7.9028e-04
1.0777e+03 7.5978e+01 1.2410e+03 2.4930e+02 7.8968e-04
6.9363e+02 1.3862e+02 8.7154e+02 2.1014e+02 7.8710e-04
1.5644e+02 1.6796e+02 3.2700e+02 2.4659e+02 7.8443e-04
6.8549e+02 1.4598e+02 8.1160e+02 2.3681e+02 7.8286e-04
0.0000e+00 1.3731e+02 8.5699e+01 2.6260e+02 7.7792e-04
9.8685e+02 1.5476e+02 1.1534e+03 2.2688e+02 7.7099e-04
0.0000e+00 3.4365e+01 2.8781e+01 2.3739e+02 7.7030e-04
6.0982e+02 1.5093e+02 7.5779e+02 2.2089e+02 7.5929e-04
0.0000e+00 2.0471e+02 4.2693e+01 3.3319e+02 7.5804e-04
1.5918e+01 8.8188e+01 8.5604e+01 2.6512e+02 7.5139e-04
1.2025e+03 2.0734e+02 1.2410e+03 3.7500e+02 7.3936e-04
9.9002e+01 1.6475e+02 1.6512e+02 3.0875e+02 7.3175e-04
1.1204e+03 8.0839e+01 1.2410e+03 3.0941e+02 7.2684e-04
8.4565e+02 1.2574e+02 1.0122e+03 1.9500e+02 7.2636e-04
1.1900e+03 8.8383e+01 1.2410e+03 2.0153e+02 7.2546e-04
4.0356e+02 1.2782e+02 5.7453e+02 1.9535e+02 7.2388e-04
0.0000e+00 1.5596e+02 6.8622e+01 2.9418e+02 7.2022e-04
9.9988e+00 1.3289e+02 1.8093e+02 2.0373e+02 7.1183e-04
2.5844e+02 1.5803e+02 3.7804e+02 2.5333e+02 6.8317e-04
6.6146e+02 1.2693e+02 8.3321e+02 1.9857e+02 6.8109e-04
7.1629e+02 1.1853e+02 7.8835e+02 2.7628e+02 6.7762e-04
2.0865e+02 1.0149e+02 2.7447e+02 2.4513e+02 6.7344e-04
0.0000e+00 1.1082e+02 2.5025e+02 2.8162e+02 6.7060e-04
0.0000e+00 1.6983e+02 8.1994e+01 3.1207e+02 6.6449e-04
0.0000e+00 0.0000e+00 2.3146e+02 1.6043e+02 6.6196e-04
0.0000e+00 0.0000e+00 3.0832e+02 1.4527e+02 6.5736e-04
9.6719e+02 1.4428e+02 1.1296e+03 2.1444e+02 6.4836e-04
6.0623e+01 1.4945e+02 1.3199e+02 3.1269e+02 6.4469e-04
2.6290e+01 1.2694e+02 2.3884e+02 3.1808e+02 6.4355e-04
1.6010e+02 7.1315e+01 2.9683e+02 3.5509e+02 6.2967e-04
0.0000e+00 6.2969e+01 4.9233e+01 2.7500e+02 6.1842e-04
0.0000e+00 0.0000e+00 6.7087e+01 1.4727e+02 6.0306e-04
1.6560e+02 1.1380e+02 4.9156e+02 2.8403e+02 6.0211e-04
8.9775e+02 1.3135e+02 1.0217e+03 2.2070e+02 6.0095e-04
1.1806e+03 0.0000e+00 1.2410e+03 4.6270e+01 5.9683e-04
1.8549e+02 1.2086e+02 3.1525e+02 2.0701e+02 5.6992e-04
1.0993e+03 1.2709e+02 1.2410e+03 3.1492e+02 5.6630e-04
0.0000e+00 1.4858e+02 1.4272e+02 3.4147e+02 5.5833e-04
7.0239e+02 1.1902e+02 7.7239e+02 2.7535e+02 5.5626e-04
0.0000e+00 0.0000e+00 6.4544e+01 3.1997e+02 5.4384e-04
6.5003e+02 1.6582e+02 7.9487e+02 2.4463e+02 5.3021e-04
8.6653e+02 1.5179e+02 1.0330e+03 2.2614e+02 5.2434e-04
2.2758e+02 1.8272e+02 3.8286e+02 2.5584e+02 5.2148e-04
2.5081e+02 1.6334e+02 4.2097e+02 2.4309e+02 5.0946e-04
2.5742e+02 1.2671e+02 4.3505e+02 1.9819e+02 5.0899e-04
9.8884e+02 0.0000e+00 1.2410e+03 1.2219e+02 5.0174e-04
4.9419e+02 1.4556e+02 6.5696e+02 2.2243e+02 5.0123e-04
6.3024e+02 1.4708e+02 7.0713e+02 2.7366e+02 5.0021e-04
1.1823e+03 1.7474e+02 1.2410e+03 2.6747e+02 4.9960e-04
0.0000e+00 2.9212e+02 4.7548e+01 3.7500e+02 4.9156e-04
1.9489e+02 1.4932e+02 2.5627e+02 2.9990e+02 4.9105e-04
4.9642e+02 1.1585e+02 8.0767e+02 2.4550e+02 4.8914e-04
7.1797e+01 9.9764e+01 1.5124e+02 2.5718e+02 4.8713e-04
4.3360e+02 1.2846e+02 6.0967e+02 1.9535e+02 4.8638e-04
4.3788e+02 1.7378e+02 5.9266e+02 2.3879e+02 4.8538e-04
3.9452e+02 1.6928e+02 5.6567e+02 2.4065e+02 4.8420e-04
2.9867e+02 2.8891e+02 3.7295e+02 3.7500e+02 4.8278e-04
1.1980e+03 1.6342e+02 1.2410e+03 2.8016e+02 4.8110e-04
6.7460e+02 1.3355e+02 7.9875e+02 2.2259e+02 4.7992e-04
9.2989e+02 1.0079e+02 9.9758e+02 2.5916e+02 4.7925e-04
6.9456e+02 1.5281e+02 8.7569e+02 2.2553e+02 4.7730e-04
9.4548e+02 9.7055e+01 1.0124e+03 2.5829e+02 4.6974e-04
3.1272e+02 1.2357e+02 6.1487e+02 2.7882e+02 4.6719e-04
2.8277e+02 2.8884e+02 3.5861e+02 3.7500e+02 4.6535e-04
8.6050e+01 1.1289e+02 3.3634e+02 3.0285e+02 4.6436e-04
0.0000e+00 2.4081e+02 4.1119e+01 3.6324e+02 4.5829e-04
9.1522e+02 1.0351e+02 9.8157e+02 2.5890e+02 4.5725e-04
9.2441e+02 1.2988e+02 1.0561e+03 2.2206e+02 4.5235e-04
9.0693e+01 1.1462e+02 4.1846e+02 2.8088e+02 4.5023e-04
3.7653e+00 1.0463e+02 3.5472e+02 2.5547e+02 4.4474e-04
3.1806e+02 9.6688e+01 3.8627e+02 2.6808e+02 4.3216e-04
9.3130e+02 1.2719e+02 1.1081e+03 2.0160e+02 4.3018e-04
7.3491e+02 9.5098e+01 8.0327e+02 2.6090e+02 4.2770e-04
5.6784e+02 1.2196e+02 8.4213e+02 2.6902e+02 4.2634e-04
2.6672e+02 2.8905e+02 3.4321e+02 3.7500e+02 4.2483e-04
3.9705e+01 1.3501e+02 2.2043e+02 2.1086e+02 4.2030e-04
6.9498e+02 1.2440e+02 8.6592e+02 1.9668e+02 4.1408e-04
9.7363e+02 1.5033e+02 1.0927e+03 2.2557e+02 4.1003e-04
5.6355e+01 9.9820e+01 1.3776e+02 2.5904e+02 4.0899e-04
1.1792e+03 8.2735e+01 1.2410e+03 1.7424e+02 4.0597e-04
2.2184e+02 9.8891e+01 2.9080e+02 2.4146e+02 3.9757e-04
6.9770e+02 1.2954e+02 8.2732e+02 2.2236e+02 3.9599e-04
2.7177e+01 9.2359e+01 1.0542e+02 2.5940e+02 3.9374e-04
4.0158e+01 9.7205e+01 1.2459e+02 2.5910e+02 3.9106e-04
1.3331e+02 1.1777e+02 3.1183e+02 1.8651e+02 3.8665e-04
2.3609e+02 1.2174e+02 3.6520e+02 2.1063e+02 3.8510e-04
6.1247e+01 1.2454e+02 1.9022e+02 2.2593e+02 3.8331e-04
2.4115e+02 1.2241e+02 5.5343e+02 2.8228e+02 3.8193e-04
3.1481e+02 2.8800e+02 3.8759e+02 3.7500e+02 3.7779e-04
5.8091e-01 1.8763e+02 9.5230e+01 3.2441e+02 3.7504e-04
2.4992e+02 2.8816e+02 3.2821e+02 3.7500e+02 3.7378e-04
1.1624e+03 0.0000e+00 1.2410e+03 1.7261e+02 3.7337e-04
8.9951e+02 1.0170e+02 9.6574e+02 2.6058e+02 3.7205e-04
5.1944e+02 1.3565e+02 7.0960e+02 2.1359e+02 3.6931e-04
6.7032e+02 1.6621e+02 8.3821e+02 2.4129e+02 3.6856e-04
9.8713e+02 3.1796e+01 1.2410e+03 3.7500e+02 3.6680e-04
2.5417e+02 4.8557e+01 4.0658e+02 3.7500e+02 3.6668e-04
5.7643e+02 1.5814e+02 6.4961e+02 2.7194e+02 3.5640e-04
9.7372e+02 1.6576e+02 1.1385e+03 2.3936e+02 3.5011e-04
2.3194e+02 2.8626e+02 3.1345e+02 3.7500e+02 3.4747e-04
2.7259e+02 1.4789e+02 3.4133e+02 2.9560e+02 3.4408e-04
0.0000e+00 1.1427e+02 6.7996e+01 2.0675e+02 3.4336e-04
0.0000e+00 0.0000e+00 4.9859e+01 4.2231e+01 3.3687e-04
1.8126e+02 1.5768e+02 3.0155e+02 2.5777e+02 3.3644e-04
1.0918e+02 2.1189e+02 2.6949e+02 2.8215e+02 3.3292e-04
9.0936e+02 1.1784e+02 1.0375e+03 2.0666e+02 3.3056e-04
1.1851e+03 1.9152e+02 1.2410e+03 2.8396e+02 3.2657e-04
4.7120e+02 1.2766e+02 6.4553e+02 2.0089e+02 3.2638e-04
0.0000e+00 0.0000e+00 1.1243e+02 7.1869e+01 3.2483e-04
2.1613e+02 2.8648e+02 2.9802e+02 3.7500e+02 3.2463e-04
2.8606e+02 8.5720e+01 3.5628e+02 2.4340e+02 3.2450e-04
1.0419e+03 0.0000e+00 1.2410e+03 1.7022e+02 3.2119e-04
7.1744e+02 7.9224e+01 7.9017e+02 2.4962e+02 3.1462e-04
1.2562e+01 1.2163e+02 1.4250e+02 2.1592e+02 3.1423e-04
8.8127e+02 1.1866e+02 1.0023e+03 2.0435e+02 3.1226e-04
2.8945e+02 5.2348e+01 4.3848e+02 3.7500e+02 3.0750e-04
1.0184e+03 1.5270e+02 1.1945e+03 2.2743e+02 3.0613e-04
1.9633e+02 1.8314e+02 3.5640e+02 2.5690e+02 2.9959e-04
0.0000e+00 0.0000e+00 1.5866e+02 6.7738e+01 2.9308e-04
8.6604e+02 1.3114e+02 9.8976e+02 2.2080e+02 2.9008e-04
6.6262e+02 1.4842e+02 7.8116e+02 2.3524e+02 2.8956e-04
3.9573e+02 1.3021e+02 7.0593e+02 2.6614e+02 2.8942e-04
4.2103e+01 1.6517e+02 1.1727e+02 3.2923e+02 2.8905e-04
1.1852e+03 2.2418e+02 1.2410e+03 3.1786e+02 2.8788e-04
9.5781e+02 9.3140e+01 1.0284e+03 2.5845e+02 2.8744e-04
4.9657e+02 1.2884e+02 6.8037e+02 2.0732e+02 2.8689e-04

