8.1037e+02 1.6243e+02 8.2925e+02 2.1761e+02 9.9889e-01
1.0696e+03 1.1320e+02 1.1711e+03 3.3597e+02 9.9835e-01
8.1355e+02 1.6114e+02 8.3157e+02 2.1359e+02 9.9809e-01
8.0633e+02 1.6168e+02 8.2696e+02 2.1922e+02 9.9738e-01
7.9001e+02 1.6326e+02 8.1029e+02 2.1866e+02 9.9693e-01
8.3166e+02 1.6692e+02 8.4893e+02 2.1607e+02 9.9614e-01
8.1694e+02 1.6125e+02 8.3476e+02 2.1628e+02 9.9471e-01
8.2845e+02 1.6554e+02 8.4432e+02 2.1491e+02 9.9332e-01
8.0200e+02 1.6276e+02 8.2320e+02 2.2081e+02 9.9017e-01
7.9182e+02 1.6168e+02 8.1535e+02 2.2272e+02 9.8980e-01
8.2315e+02 1.6375e+02 8.3891e+02 2.1485e+02 9.8924e-01
8.2573e+02 1.6529e+02 8.4705e+02 2.2084e+02 9.8786e-01
7.8933e+02 1.6449e+02 8.0492e+02 2.0854e+02 9.8433e-01
7.8550e+02 1.6323e+02 7.9891e+02 2.0789e+02 9.7476e-01
8.2177e+02 1.6388e+02 8.4245e+02 2.2022e+02 9.7470e-01
7.9619e+02 1.6356e+02 8.1762e+02 2.1927e+02 9.7370e-01
8.0835e+02 1.6216e+02 8.2536e+02 2.0952e+02 9.7250e-01
1.0486e+03 1.2608e+02 1.1867e+03 2.9434e+02 9.6876e-01
7.8198e+02 1.6342e+02 7.9643e+02 2.0704e+02 9.6633e-01
1.0814e+03 1.4552e+02 1.1820e+03 3.4486e+02 9.6302e-01
8.3455e+02 1.6381e+02 8.5019e+02 2.0917e+02 9.6278e-01
8.1152e+02 1.6160e+02 8.2849e+02 2.0445e+02 9.5603e-01
7.8653e+02 1.6592e+02 8.1289e+02 2.0358e+02 9.5299e-01
7.9433e+02 1.6046e+02 8.2232e+02 2.2310e+02 9.5059e-01
8.0165e+02 1.5850e+02 8.2760e+02 2.2227e+02 9.2484e-01
7.9367e+02 1.6441e+02 8.1207e+02 2.0934e+02 9.1112e-01
8.3716e+02 1.6337e+02 8.5417e+02 2.1289e+02 9.0552e-01
7.9002e+02 1.5957e+02 8.1673e+02 2.2276e+02 9.0360e-01
7.9203e+02 1.6606e+02 8.2006e+02 2.0412e+02 8.9200e-01
7.8576e+02 1.6663e+02 8.0838e+02 1.9790e+02 8.8991e-01
7.8535e+02 1.6421e+02 8.2960e+02 2.1814e+02 8.8292e-01
8.0420e+02 1.6361e+02 8.2943e+02 2.0515e+02 8.7106e-01
7.9920e+02 1.6515e+02 8.2515e+02 2.0394e+02 8.6300e-01
1.0276e+03 1.6806e+02 1.0963e+03 1.9077e+02 8.6098e-01
8.2938e+02 1.6517e+02 8.4261e+02 2.0688e+02 8.5294e-01
8.0778e+02 1.6324e+02 8.3185e+02 1.9986e+02 8.5254e-01
8.1807e+02 1.6235e+02 8.3355e+02 2.0515e+02 8.3708e-01
7.9386e+02 1.6664e+02 8.1783e+02 1.9756e+02 8.2154e-01
8.2417e+02 1.6448e+02 8.3740e+02 2.0625e+02 8.0639e-01
8.0974e+02 1.5928e+02 8.3445e+02 2.1802e+02 7.8023e-01
8.3331e+02 1.6305e+02 8.4700e+02 2.0445e+02 7.7890e-01
8.0479e+02 1.6346e+02 8.2011e+02 2.0662e+02 7.6322e-01
7.8229e+02 1.6631e+02 8.0309e+02 1.9657e+02 7.4867e-01
8.0856e+02 1.6362e+02 8.3487e+02 2.1040e+02 7.2810e-01
7.9854e+02 1.6398e+02 8.1539e+02 2.0672e+02 6.9224e-01
8.3571e+02 1.7102e+02 8.5553e+02 2.1911e+02 6.7668e-01
7.7975e+02 1.6532e+02 7.9441e+02 2.0375e+02 6.7164e-01
1.0651e+03 1.3058e+02 1.1894e+03 3.6949e+02 6.6173e-01
1.0596e+03 1.3824e+02 1.1921e+03 3.2817e+02 6.5490e-01
1.0307e+03 1.7183e+02 1.0904e+03 1.9221e+02 6.5464e-01
8.0061e+02 1.6392e+02 8.4241e+02 2.1705e+02 6.4156e-01
7.8849e+02 1.6681e+02 8.1654e+02 2.1241e+02 6.4063e-01
8.3910e+02 1.6012e+02 8.5351e+02 2.0227e+02 6.3333e-01
1.0929e+03 1.1470e+02 1.1858e+03 3.2830e+02 6.2496e-01
1.1014e+03 1.2887e+02 1.1537e+03 2.4222e+02 6.0946e-01
7.9038e+02 1.6654e+02 8.1246e+02 1.9425e+02 6.0813e-01
8.2901e+02 1.6666e+02 8.5168e+02 2.0958e+02 5.9472e-01
1.0973e+03 1.2391e+02 1.1459e+03 2.2784e+02 5.7246e-01
8.1547e+02 1.6011e+02 8.3138e+02 2.0156e+02 5.6058e-01
6.8491e+02 1.8037e+02 7.1438e+02 1.9597e+02 5.6011e-01
7.9194e+02 1.6906e+02 8.2474e+02 1.9291e+02 5.5830e-01
8.1332e+02 1.6295e+02 8.3664e+02 2.0526e+02 5.4679e-01
8.0564e+02 1.6264e+02 8.2711e+02 1.9444e+02 5.3914e-01
8.1748e+02 1.5906e+02 8.4489e+02 2.1847e+02 5.3747e-01
1.0942e+03 1.3215e+02 1.1473e+03 2.5962e+02 5.1590e-01
7.9793e+02 1.6601e+02 8.2718e+02 2.1399e+02 5.0080e-01
7.9196e+02 1.6441e+02 8.3495e+02 2.2537e+02 4.9832e-01
8.2393e+02 1.7274e+02 8.5407e+02 2.1657e+02 4.9371e-01
7.8157e+02 1.6869e+02 8.1665e+02 1.9330e+02 4.9358e-01
1.1102e+03 1.3386e+02 1.1595e+03 2.5355e+02 4.8972e-01
7.7942e+02 1.6326e+02 8.2264e+02 2.1410e+02 4.8949e-01
7.8882e+02 1.7045e+02 8.2862e+02 1.9743e+02 4.6955e-01
8.4313e+02 1.6621e+02 8.5997e+02 2.1324e+02 4.5741e-01
1.0737e+03 1.1183e+02 1.1664e+03 2.7646e+02 4.3604e-01
8.2487e+02 1.5784e+02 8.5344e+02 2.2028e+02 4.3378e-01
7.8532e+02 1.6469e+02 8.0089e+02 2.1706e+02 4.1783e-01
1.0139e+03 1.5118e+02 1.2122e+03 2.6003e+02 4.0938e-01
1.0870e+03 1.3312e+02 1.1634e+03 2.0485e+02 4.0850e-01
8.3159e+02 1.6406e+02 8.5293e+02 1.9860e+02 4.0248e-01
7.7925e+02 1.6651e+02 8.0036e+02 1.9981e+02 4.0225e-01
8.0117e+02 1.6432e+02 8.2222e+02 1.9280e+02 3.7376e-01
8.1845e+02 1.6501e+02 8.4174e+02 2.1003e+02 3.6208e-01
1.1077e+03 1.2672e+02 1.1594e+03 2.2002e+02 3.2548e-01
8.0777e+02 1.6273e+02 8.5383e+02 2.1825e+02 3.2073e-01
7.7976e+02 1.6834e+02 8.4362e+02 2.0927e+02 3.1823e-01
7.9206e+02 1.5579e+02 8.2518e+02 2.3439e+02 3.1078e-01
7.7866e+02 1.6553e+02 7.9822e+02 1.9183e+02 3.0918e-01
7.8535e+02 1.5841e+02 8.0804e+02 2.2096e+02 3.0666e-01
8.3607e+02 1.5987e+02 8.4996e+02 1.9944e+02 3.0096e-01
1.0526e+03 1.2819e+02 1.1471e+03 3.1359e+02 3.0004e-01
6.9144e+02 1.8081e+02 7.2316e+02 1.9476e+02 2.9334e-01
1.0878e+03 1.2629e+02 1.1413e+03 2.4256e+02 2.9162e-01
6.9113e+02 1.7881e+02 7.2235e+02 1.9195e+02 2.8768e-01
1.1176e+03 1.3216e+02 1.1668e+03 2.6716e+02 2.7550e-01
7.9157e+02 1.7329e+02 8.1076e+02 2.2256e+02 2.6332e-01
7.9224e+02 1.6184e+02 8.0782e+02 1.9756e+02 2.6213e-01
7.8858e+02 1.6230e+02 8.0403e+02 1.9800e+02 2.5331e-01
8.2597e+02 1.6485e+02 8.4462e+02 1.9802e+02 2.4493e-01
1.0189e+03 1.1107e+02 1.2056e+03 3.2131e+02 2.2312e-01
1.1044e+03 1.5976e+02 1.1952e+03 3.6178e+02 2.2281e-01
7.8941e+02 1.6576e+02 8.1026e+02 1.8869e+02 2.2258e-01
8.4378e+02 1.6040e+02 8.5749e+02 2.0154e+02 2.1703e-01
8.0298e+02 1.6785e+02 8.3344e+02 2.1933e+02 2.1671e-01
1.0846e+03 1.3591e+02 1.1416e+03 2.7255e+02 2.1514e-01
7.8346e+02 1.6745e+02 8.1405e+02 1.8916e+02 2.1355e-01
8.3310e+02 1.6503e+02 8.5713e+02 2.0380e+02 2.1305e-01
8.2021e+02 1.6504e+02 8.3965e+02 1.9808e+02 2.0553e-01
8.1202e+02 1.6638e+02 8.3862e+02 2.1392e+02 2.0510e-01
1.0944e+03 1.4972e+02 1.1484e+03 3.0492e+02 2.0384e-01
8.1462e+02 1.6361e+02 8.3458e+02 1.9559e+02 1.9993e-01
7.9268e+02 1.6656e+02 8.2284e+02 1.8892e+02 1.9680e-01
1.0725e+03 1.4282e+02 1.1838e+03 1.9624e+02 1.9418e-01
1.0275e+03 1.7075e+02 1.0746e+03 1.9113e+02 1.9174e-01
1.1001e+03 1.3801e+02 1.1538e+03 2.7606e+02 1.8704e-01
8.1529e+02 1.6374e+02 8.6277e+02 2.1935e+02 1.8516e-01
8.0919e+02 1.6107e+02 8.2430e+02 1.9933e+02 1.8399e-01
8.1787e+02 1.7151e+02 8.4703e+02 2.1829e+02 1.7776e-01
7.9907e+02 1.6808e+02 8.3495e+02 1.9187e+02 1.7128e-01
1.1219e+03 1.3058e+02 1.1992e+03 3.3845e+02 1.7113e-01
7.7694e+02 1.7324e+02 8.2092e+02 1.9848e+02 1.6539e-01
7.9299e+02 1.7238e+02 8.3663e+02 2.0026e+02 1.6154e-01
6.8598e+02 1.7863e+02 7.1182e+02 1.9379e+02 1.6054e-01
1.0816e+03 1.2279e+02 1.1317e+03 2.4656e+02 1.5805e-01
1.0364e+03 1.4444e+02 1.2313e+03 2.4869e+02 1.4839e-01
7.9763e+02 1.6628e+02 8.2855e+02 1.8787e+02 1.3584e-01
7.9079e+02 1.6841e+02 8.2253e+02 2.1796e+02 1.3411e-01
7.7166e+02 1.6732e+02 8.3146e+02 2.0177e+02 1.3086e-01
8.3045e+02 1.6369e+02 8.4943e+02 1.9426e+02 1.2497e-01
8.2746e+02 1.8137e+02 8.5797e+02 2.1624e+02 1.2470e-01
1.0190e+03 1.7110e+02 1.0605e+03 1.9148e+02 1.2172e-01
7.9639e+02 1.6987e+02 8.3870e+02 1.9577e+02 1.2093e-01
8.0973e+02 1.6128e+02 8.3042e+02 1.9026e+02 1.2002e-01
1.1073e+03 1.4715e+02 1.1621e+03 2.8991e+02 1.1838e-01
1.0571e+03 1.1238e+02 1.1801e+03 2.3967e+02 1.1703e-01
1.0125e+03 1.7205e+02 1.0520e+03 1.9143e+02 1.1277e-01
7.9628e+02 1.6107e+02 8.1046e+02 1.9511e+02 1.1105e-01
8.3512e+02 1.6300e+02 8.5656e+02 1.9304e+02 1.0586e-01
7.8173e+02 1.6927e+02 8.0411e+02 2.0660e+02 1.0317e-01
1.0286e+03 1.3382e+02 1.2138e+03 2.3297e+02 1.0120e-01
8.4803e+02 1.7148e+02 8.6369e+02 2.1482e+02 1.0043e-01
7.8707e+02 1.5639e+02 8.1896e+02 2.3556e+02 9.3932e-02
8.1868e+02 1.6954e+02 8.3816e+02 2.1742e+02 9.0423e-02
7.9650e+02 1.6861e+02 8.6004e+02 2.1088e+02 8.9532e-02
8.0502e+02 1.6776e+02 8.4199e+02 1.9167e+02 8.8471e-02
8.3092e+02 1.7222e+02 8.5666e+02 2.1161e+02 8.7700e-02
7.8654e+02 1.7037e+02 8.1159e+02 2.1426e+02 7.8112e-02
1.0742e+03 1.2733e+02 1.1211e+03 2.5936e+02 7.7907e-02
8.1260e+02 1.5364e+02 8.2785e+02 1.9544e+02 7.6860e-02
1.0234e+03 1.6888e+02 1.0644e+03 1.8891e+02 6.9526e-02
7.7458e+02 1.6868e+02 8.1081e+02 1.9032e+02 6.9185e-02
1.0481e+03 9.9340e+01 1.1934e+03 3.4803e+02 6.8487e-02
7.8243e+02 1.6799e+02 7.9791e+02 2.1454e+02 6.7606e-02
1.0928e+03 1.4178e+02 1.1649e+03 2.1984e+02 6.4114e-02
1.0066e+03 1.7472e+02 1.0445e+03 1.9145e+02 6.1113e-02
1.1180e+03 1.2839e+02 1.1662e+03 2.2015e+02 6.1098e-02
7.7293e+02 1.7195e+02 8.4003e+02 2.1662e+02 5.8880e-02
6.8613e+02 1.7872e+02 7.0609e+02 1.9582e+02 5.8486e-02
7.7908e+02 1.6081e+02 7.9197e+02 1.9432e+02 5.7976e-02
1.0219e+03 1.7130e+02 1.2174e+03 2.7961e+02 5.7257e-02
8.4846e+02 1.6135e+02 8.6157e+02 1.9890e+02 5.6688e-02
8.3049e+02 1.5528e+02 8.6072e+02 2.2360e+02 5.5500e-02
1.1296e+03 1.3370e+02 1.1726e+03 2.5749e+02 5.4023e-02
7.8752e+02 1.7239e+02 8.1858e+02 2.2225e+02 5.1906e-02
8.1886e+02 1.5697e+02 8.3319e+02 1.9539e+02 5.1145e-02
8.0345e+02 1.6552e+02 8.3725e+02 1.8793e+02 5.0969e-02
8.4761e+02 1.6456e+02 8.6243e+02 2.0587e+02 5.0658e-02
7.9662e+02 1.6507e+02 8.1677e+02 1.8666e+02 5.0586e-02
8.3825e+02 1.6607e+02 8.6065e+02 1.9614e+02 4.8564e-02
8.2967e+02 1.5985e+02 8.4214e+02 1.9960e+02 4.8508e-02
7.7365e+02 1.6216e+02 8.1676e+02 2.1017e+02 4.8040e-02
8.2326e+02 1.8636e+02 8.6648e+02 2.1141e+02 4.7669e-02
8.0594e+02 1.6030e+02 8.1873e+02 1.9513e+02 4.7135e-02
6.8971e+02 1.7590e+02 7.2079e+02 1.8943e+02 4.6410e-02
8.4252e+02 1.7810e+02 8.6063e+02 2.1749e+02 4.6305e-02
1.0313e+03 1.6754e+02 1.0823e+03 1.9345e+02 4.4956e-02
8.0523e+02 1.6967e+02 8.7196e+02 2.1216e+02 4.4236e-02
1.0303e+03 1.4699e+02 1.2011e+03 3.4467e+02 4.3895e-02
8.0617e+02 1.5310e+02 8.3746e+02 2.3649e+02 4.3142e-02
8.3923e+02 1.6941e+02 8.6253e+02 2.0711e+02 4.2900e-02
8.1979e+02 1.6829e+02 8.5252e+02 1.9022e+02 4.2343e-02
1.0322e+03 1.6638e+02 1.0847e+03 1.8512e+02 4.1973e-02
7.7618e+02 1.5998e+02 7.8838e+02 1.9520e+02 4.0852e-02
8.0057e+02 1.6007e+02 8.1363e+02 1.9365e+02 3.9937e-02
7.9357e+02 1.5796e+02 8.4081e+02 2.1265e+02 3.9878e-02
6.8245e+02 1.7736e+02 7.0712e+02 1.9358e+02 3.9602e-02
7.9333e+02 1.7621e+02 8.1414e+02 2.2603e+02 3.9566e-02
7.8977e+02 1.7352e+02 8.5174e+02 2.1457e+02 3.9180e-02
1.1153e+03 1.5276e+02 1.1700e+03 2.9924e+02 3.8179e-02
5.7622e+02 1.7147e+02 5.9693e+02 1.8746e+02 3.7864e-02
6.9084e+02 1.7665e+02 7.0290e+02 2.0056e+02 3.6081e-02
8.3774e+02 1.8044e+02 8.6365e+02 2.1381e+02 3.4837e-02
8.3358e+02 1.6179e+02 8.5275e+02 1.8870e+02 3.4051e-02
1.0923e+03 0.0000e+00 1.2420e+03 3.7500e+02 3.3890e-02
9.9086e+02 7.8028e+01 1.2420e+03 3.7500e+02 3.2578e-02
7.9911e+02 1.7102e+02 8.4709e+02 1.9997e+02 3.2442e-02
1.0689e+03 1.3643e+02 1.1824e+03 1.8541e+02 3.1717e-02
7.9316e+02 1.6474e+02 8.2147e+02 1.8274e+02 2.8551e-02
7.7242e+02 1.6728e+02 8.0661e+02 1.8536e+02 2.8359e-02
1.2025e+03 1.8862e+02 1.2420e+03 2.2717e+02 2.7337e-02
8.1617e+02 1.5487e+02 8.4783e+02 2.3449e+02 2.7227e-02
1.0701e+03 1.5489e+02 1.1854e+03 2.0782e+02 2.7173e-02
7.8306e+02 1.6945e+02 8.3366e+02 2.3231e+02 2.7138e-02
8.4715e+02 1.7998e+02 8.6472e+02 2.1775e+02 2.7035e-02
1.2229e+03 1.7303e+02 1.2418e+03 2.3289e+02 2.6755e-02
6.9455e+02 1.7858e+02 7.2795e+02 1.9099e+02 2.6647e-02
8.2870e+02 1.6874e+02 8.6459e+02 1.9011e+02 2.5906e-02
7.8741e+02 1.6566e+02 8.1524e+02 1.8368e+02 2.4890e-02
7.8194e+02 1.7370e+02 8.3744e+02 2.0425e+02 2.4736e-02
8.2155e+02 1.8203e+02 8.5264e+02 2.1764e+02 2.4488e-02
1.0915e+03 1.1869e+02 1.1387e+03 2.1271e+02 2.4468e-02
8.1412e+02 1.7887e+02 8.6481e+02 2.0792e+02 2.4384e-02
1.1483e+03 1.3918e+02 1.2252e+03 3.4000e+02 2.3979e-02
1.0149e+03 1.6877e+02 1.0424e+03 1.9073e+02 2.3903e-02
8.1731e+02 1.6990e+02 8.5566e+02 1.9454e+02 2.3879e-02
1.2009e+03 1.9587e+02 1.2420e+03 2.3559e+02 2.3006e-02
8.3370e+02 1.5578e+02 8.4628e+02 1.9538e+02 2.2891e-02
8.3997e+02 1.5551e+02 8.5375e+02 1.9406e+02 2.2571e-02
1.0667e+03 1.8137e+02 1.1926e+03 3.5355e+02 2.2405e-02
1.2188e+03 1.7388e+02 1.2383e+03 2.3048e+02 2.2317e-02
8.2414e+02 1.7076e+02 8.6216e+02 1.9375e+02 2.2121e-02
6.9565e+02 1.8100e+02 7.2873e+02 1.9409e+02 2.1999e-02
6.9218e+02 1.7410e+02 7.0369e+02 1.9705e+02 2.1914e-02
9.6548e+02 1.2208e+02 1.2420e+03 2.7246e+02 2.1285e-02
1.0122e+03 1.6863e+02 1.0492e+03 1.8847e+02 2.1258e-02
1.0797e+03 1.3347e+02 1.1597e+03 2.2730e+02 2.1098e-02
1.0113e+03 1.7147e+02 1.0391e+03 1.9244e+02 2.1030e-02
1.0856e+03 1.6648e+02 1.1431e+03 2.9617e+02 2.0535e-02
5.7163e+02 1.7035e+02 5.9670e+02 1.8492e+02 2.0343e-02
8.2926e+02 1.9040e+02 8.7064e+02 2.1500e+02 2.0298e-02
8.1537e+02 1.7342e+02 8.5793e+02 1.9950e+02 2.0061e-02
8.1446e+02 1.7644e+02 8.4145e+02 2.1926e+02 1.9488e-02
1.1047e+03 1.2190e+02 1.1529e+03 2.0284e+02 1.9407e-02
1.2251e+03 1.6605e+02 1.2420e+03 2.5631e+02 1.9072e-02
7.7642e+02 1.6633e+02 7.8957e+02 2.0094e+02 1.9048e-02
1.1283e+03 1.5493e+02 1.1728e+03 2.8099e+02 1.9000e-02
1.0694e+03 1.7018e+02 1.1623e+03 3.4373e+02 1.7986e-02
1.0663e+03 1.1621e+02 1.1986e+03 2.5780e+02 1.7846e-02
1.2221e+03 2.0908e+02 1.2420e+03 3.1993e+02 1.7603e-02
7.9768e+02 1.6384e+02 8.2663e+02 1.8298e+02 1.7454e-02
5.7515e+02 1.7366e+02 5.9432e+02 1.8939e+02 1.7409e-02
8.0867e+02 1.7544e+02 8.3579e+02 2.1965e+02 1.7381e-02
7.3297e+02 1.7448e+02 7.4666e+02 2.0394e+02 1.7189e-02
8.1006e+02 1.5695e+02 8.3101e+02 1.8416e+02 1.6515e-02
1.0014e+03 1.7532e+02 1.0384e+03 1.9204e+02 1.6099e-02
1.0349e+03 1.1799e+02 1.1749e+03 2.6132e+02 1.5818e-02
1.0356e+03 1.2149e+02 1.2153e+03 2.1299e+02 1.5762e-02
8.0221e+02 1.6297e+02 8.3213e+02 1.8260e+02 1.5678e-02
1.1965e+03 1.5097e+02 1.2420e+03 3.3647e+02 1.5449e-02
1.2023e+03 1.8068e+02 1.2420e+03 2.2028e+02 1.4930e-02
8.2003e+02 1.7674e+02 8.6425e+02 2.0305e+02 1.4801e-02
1.1279e+03 1.7132e+02 1.2067e+03 3.6921e+02 1.4670e-02
8.2635e+02 1.6545e+02 8.6103e+02 1.8541e+02 1.4581e-02
6.8078e+02 1.7626e+02 7.0009e+02 1.9294e+02 1.4310e-02
1.1038e+03 1.6689e+02 1.1664e+03 3.0615e+02 1.4086e-02
1.1434e+03 1.3650e+02 1.1774e+03 2.5677e+02 1.3990e-02
1.1482e+03 4.8455e+01 1.2420e+03 3.7500e+02 1.3929e-02
1.2243e+03 1.8163e+02 1.2420e+03 2.9057e+02 1.3809e-02
8.2572e+02 1.7365e+02 8.6600e+02 1.9858e+02 1.3795e-02
7.8517e+02 1.5747e+02 7.9914e+02 1.9357e+02 1.3754e-02
8.2441e+02 1.5651e+02 8.3720e+02 1.9388e+02 1.3695e-02
7.7183e+02 1.6441e+02 7.9288e+02 1.8689e+02 1.3654e-02
1.1604e+03 1.6143e+02 1.2420e+03 2.5484e+02 1.3606e-02
7.8789e+02 1.6178e+02 8.0914e+02 1.8251e+02 1.3235e-02
1.2146e+03 1.7327e+02 1.2355e+03 2.2926e+02 1.2791e-02
1.2135e+03 1.8217e+02 1.2420e+03 2.3673e+02 1.2472e-02
1.1622e+03 1.4241e+02 1.2420e+03 3.3914e+02 1.2397e-02
8.1147e+02 1.6623e+02 8.4307e+02 1.8785e+02 1.1986e-02
7.7924e+02 1.6578e+02 8.1147e+02 1.8403e+02 1.1862e-02
8.5177e+02 1.6012e+02 8.6490e+02 1.9760e+02 1.1815e-02
7.9599e+02 1.7266e+02 8.1823e+02 2.2881e+02 1.1603e-02
8.3374e+02 1.6618e+02 8.6559e+02 1.8508e+02 1.1407e-02
1.0218e+03 1.6306e+02 1.0356e+03 1.9252e+02 1.1353e-02
1.0080e+03 1.7404e+02 1.0339e+03 1.9264e+02 1.1353e-02
1.0279e+03 1.6562e+02 1.1046e+03 1.9366e+02 1.1336e-02
1.1669e+03 1.7627e+02 1.2420e+03 2.6968e+02 1.1202e-02
8.3827e+02 1.7758e+02 8.5695e+02 2.1811e+02 1.1180e-02
1.2366e+03 1.8004e+02 1.2420e+03 2.3090e+02 1.1104e-02
1.2022e+03 1.8096e+02 1.2420e+03 3.7410e+02 1.0928e-02
8.1233e+02 1.8671e+02 8.6220e+02 2.1387e+02 1.0707e-02
1.2143e+03 2.2785e+02 1.2352e+03 3.0226e+02 1.0314e-02
1.0193e+03 1.6226e+02 1.0319e+03 1.9181e+02 1.0222e-02
8.4353e+02 1.8312e+02 8.6770e+02 2.1131e+02 1.0167e-02
8.4528e+02 1.5579e+02 8.5766e+02 1.9315e+02 1.0165e-02
6.8867e+02 1.7695e+02 7.0017e+02 2.0263e+02 1.0019e-02
8.0652e+02 1.7549e+02 8.5524e+02 2.0355e+02 9.9929e-03
8.3081e+02 1.8571e+02 8.6292e+02 2.1652e+02 9.7491e-03
8.3944e+02 1.6213e+02 8.5923e+02 1.8640e+02 9.7047e-03
5.7292e+02 1.7207e+02 5.9186e+02 1.8767e+02 9.7023e-03
1.0337e+03 1.8875e+02 1.2258e+03 2.9111e+02 9.6785e-03
1.1991e+03 2.0059e+02 1.2420e+03 2.4415e+02 9.6691e-03
1.2196e+03 1.8760e+02 1.2384e+03 2.3945e+02 9.6623e-03
8.5104e+02 1.7267e+02 8.6704e+02 2.1372e+02 9.2909e-03
1.2008e+03 1.7282e+02 1.2420e+03 2.1258e+02 9.2630e-03
9.8864e+02 1.4240e+02 1.2420e+03 3.0201e+02 9.2502e-03
1.0761e+03 1.4719e+02 1.1656e+03 2.4463e+02 9.0613e-03
8.4164e+02 1.8640e+02 8.6869e+02 2.1531e+02 9.0438e-03
1.0880e+03 1.2752e+02 1.1616e+03 1.8598e+02 8.9827e-03
1.1272e+03 1.7419e+02 1.1770e+03 2.9933e+02 8.9621e-03
1.2291e+03 1.5949e+02 1.2420e+03 1.8323e+02 8.9565e-03
1.0157e+03 1.6344e+02 1.0284e+03 1.9340e+02 8.8548e-03
6.8312e+02 1.7482e+02 7.0365e+02 1.9264e+02 8.8197e-03
7.8173e+02 1.5902e+02 7.9485e+02 1.9252e+02 8.7598e-03
1.0765e+03 1.5817e+02 1.1344e+03 2.8255e+02 8.5918e-03
1.1079e+03 1.0790e+02 1.1864e+03 2.6946e+02 8.5422e-03
5.6719e+02 1.6944e+02 5.9094e+02 1.8359e+02 8.5312e-03
7.8121e+02 1.6264e+02 8.4488e+02 1.9758e+02 8.3813e-03
8.1720e+02 1.5396e+02 8.3116e+02 1.8799e+02 8.3336e-03
1.1125e+03 8.5031e+01 1.2265e+03 3.7500e+02 8.3168e-03
7.7239e+02 1.6811e+02 7.9361e+02 1.9148e+02 8.2889e-03
8.0691e+02 1.5581e+02 8.3614e+02 1.7417e+02 8.2549e-03
8.4358e+02 1.6397e+02 8.6374e+02 1.8894e+02 7.9976e-03
1.0744e+03 1.2731e+02 1.1493e+03 2.0821e+02 7.8761e-03
1.2177e+03 2.2739e+02 1.2386e+03 3.0429e+02 7.8265e-03
1.0686e+03 1.3068e+02 1.1119e+03 2.6786e+02 7.8127e-03
6.7612e+02 1.7674e+02 7.0248e+02 1.9163e+02 7.7925e-03
1.2353e+03 2.2281e+02 1.2420e+03 2.8705e+02 7.7341e-03
7.7416e+02 1.7786e+02 8.2784e+02 2.0703e+02 7.6980e-03
1.2272e+03 1.7495e+02 1.2420e+03 2.3874e+02 7.5849e-03
1.2300e+03 1.5577e+02 1.2420e+03 1.7958e+02 7.5647e-03
7.9575e+02 1.7554e+02 8.2644e+02 2.2466e+02 7.5627e-03
1.0444e+03 1.6876e+02 1.1040e+03 1.9266e+02 7.5122e-03
1.2000e+03 1.6296e+02 1.2420e+03 2.0453e+02 7.4406e-03
8.3296e+02 1.8407e+02 8.7180e+02 2.0619e+02 7.3397e-03
1.1496e+03 1.3890e+02 1.1860e+03 2.5914e+02 7.3295e-03
1.1548e+03 1.6446e+02 1.2420e+03 2.0634e+02 7.2789e-03
7.7551e+02 1.6627e+02 8.1917e+02 2.2485e+02 7.2389e-03
1.0161e+03 1.6542e+02 1.0414e+03 1.8673e+02 7.1967e-03
6.8654e+02 1.7516e+02 7.1290e+02 1.9062e+02 7.1139e-03
1.1977e+03 1.2169e+02 1.2420e+03 3.0461e+02 7.1027e-03
1.0116e+03 1.6335e+02 1.0249e+03 1.9466e+02 7.0310e-03
7.8922e+02 1.7661e+02 8.4494e+02 2.0760e+02 7.0152e-03
7.7565e+02 1.5540e+02 8.0161e+02 2.2449e+02 6.9829e-03
5.8002e+02 1.7293e+02 6.0524e+02 1.8733e+02 6.8959e-03
1.0294e+03 1.7470e+02 1.0807e+03 1.9285e+02 6.8648e-03
8.1360e+02 1.5643e+02 8.3426e+02 1.7783e+02 6.8551e-03
5.7869e+02 1.6780e+02 5.9196e+02 1.9204e+02 6.7011e-03
1.0640e+03 1.6243e+02 1.1883e+03 2.1892e+02 6.7011e-03
7.9707e+02 1.5323e+02 8.3174e+02 2.5455e+02 6.6706e-03
1.2279e+03 1.6320e+02 1.2420e+03 1.8725e+02 6.6440e-03
8.2004e+02 1.6269e+02 8.3902e+02 1.8957e+02 6.6289e-03
1.1782e+03 1.6379e+02 1.2420e+03 2.8683e+02 6.5700e-03
8.3304e+02 1.7161e+02 8.7012e+02 1.9446e+02 6.5605e-03
8.1374e+02 1.5240e+02 8.3537e+02 1.7319e+02 6.5413e-03
7.9117e+02 1.3056e+02 8.4068e+02 2.6366e+02 6.5057e-03
1.2358e+03 1.8835e+02 1.2420e+03 2.4304e+02 6.5044e-03
8.4393e+02 1.7756e+02 8.6679e+02 2.0703e+02 6.4770e-03
1.1620e+03 1.3171e+02 1.2420e+03 2.2173e+02 6.4544e-03
5.7886e+02 1.7012e+02 6.0490e+02 1.8542e+02 6.4279e-03
8.0616e+02 1.5850e+02 8.2735e+02 1.8355e+02 6.3749e-03
6.8928e+02 1.7287e+02 6.9940e+02 1.9622e+02 6.3687e-03
7.9202e+02 1.6181e+02 8.1266e+02 1.8162e+02 6.3545e-03
1.0729e+03 1.0715e+02 1.2420e+03 2.8562e+02 6.3437e-03
6.8101e+02 1.7901e+02 7.0106e+02 1.9634e+02 6.3074e-03
1.2025e+03 1.5630e+02 1.2420e+03 1.9690e+02 6.2544e-03
8.4184e+02 1.6733e+02 8.6444e+02 1.9491e+02 6.2506e-03
6.7891e+02 1.7439e+02 7.0454e+02 1.8992e+02 6.1383e-03
1.2246e+03 2.2174e+02 1.2420e+03 3.3810e+02 6.1255e-03
1.2304e+03 1.5199e+02 1.2420e+03 1.7513e+02 6.0858e-03
1.2276e+03 1.9128e+02 1.2420e+03 2.1567e+02 6.0403e-03
1.1597e+03 1.7156e+02 1.2420e+03 3.7500e+02 6.0178e-03
6.7601e+02 1.7933e+02 7.0281e+02 1.9435e+02 5.8706e-03
8.3578e+02 1.5903e+02 8.5611e+02 1.8344e+02 5.8640e-03
7.7313e+02 1.7487e+02 8.1052e+02 1.9784e+02 5.8590e-03
8.0806e+02 1.6286e+02 8.3998e+02 1.8331e+02 5.8280e-03
7.7092e+02 1.6027e+02 7.8408e+02 1.9391e+02 5.8253e-03
8.1047e+02 1.5515e+02 8.3149e+02 1.7625e+02 5.8138e-03
1.1073e+03 1.3710e+02 1.1324e+03 1.9368e+02 5.7224e-03
1.2144e+03 1.9343e+02 1.2420e+03 2.5412e+02 5.6825e-03
8.1443e+02 1.5841e+02 8.3490e+02 1.8316e+02 5.6745e-03
5.8073e+02 1.6846e+02 5.9425e+02 1.9099e+02 5.6524e-03
6.7379e+02 1.7370e+02 7.0202e+02 1.8841e+02 5.6427e-03
0.0000e+00 2.7858e+02 3.0178e+01 3.7500e+02 5.6060e-03
1.0348e+03 1.6534e+02 1.1222e+03 1.9658e+02 5.5748e-03
8.0749e+02 1.5220e+02 8.3582e+02 1.7093e+02 5.5459e-03
1.1990e+03 1.9192e+02 1.2420e+03 2.1741e+02 5.4000e-03
5.7289e+02 1.7557e+02 5.9752e+02 1.8851e+02 5.3587e-03
1.0723e+03 1.5888e+02 1.1713e+03 2.6166e+02 5.2643e-03
1.2372e+03 1.4061e+02 1.2420e+03 1.9119e+02 5.2594e-03
1.0499e+03 9.1981e+01 1.1383e+03 2.7589e+02 5.2591e-03
1.1675e+03 1.6339e+02 1.2369e+03 3.7209e+02 5.1828e-03
1.2059e+03 1.8845e+02 1.2408e+03 2.2061e+02 5.1822e-03
1.2233e+03 1.8669e+02 1.2411e+03 2.4312e+02 5.1169e-03
6.4040e+02 1.7283e+02 6.6992e+02 1.8915e+02 5.1164e-03
1.2319e+03 1.8890e+02 1.2420e+03 2.1993e+02 5.0691e-03
1.2358e+03 1.9896e+02 1.2420e+03 2.5622e+02 5.0563e-03
1.2285e+03 1.8730e+02 1.2420e+03 2.1171e+02 5.0175e-03
8.2619e+02 1.6323e+02 8.4526e+02 1.8964e+02 4.9620e-03
1.2360e+03 2.1365e+02 1.2420e+03 2.7309e+02 4.9501e-03
6.9738e+02 1.8292e+02 7.2941e+02 1.9678e+02 4.9221e-03
8.5010e+02 1.5534e+02 8.6210e+02 1.9079e+02 4.9031e-03
1.1702e+03 1.9196e+02 1.2420e+03 2.8515e+02 4.8248e-03
6.9411e+02 1.7577e+02 7.2779e+02 1.8742e+02 4.8185e-03
8.1308e+02 1.6978e+02 8.3352e+02 2.2094e+02 4.7790e-03
8.5129e+02 1.6604e+02 8.6572e+02 2.0808e+02 4.7489e-03
1.1966e+03 1.9755e+02 1.2420e+03 2.2031e+02 4.7356e-03
1.2014e+03 2.8480e+02 1.2420e+03 3.7500e+02 4.6372e-03
1.2329e+03 1.5328e+02 1.2420e+03 1.8367e+02 4.6304e-03
7.6762e+02 1.7062e+02 8.0568e+02 1.8892e+02 4.6090e-03
1.2101e+03 1.8309e+02 1.2420e+03 2.1812e+02 4.6058e-03
7.7466e+02 1.5655e+02 7.8728e+02 1.8867e+02 4.6026e-03
6.8131e+02 1.8079e+02 7.0740e+02 1.9606e+02 4.5863e-03
1.1976e+03 1.8715e+02 1.2420e+03 2.1366e+02 4.5173e-03
8.3307e+02 1.7877e+02 8.7223e+02 2.0194e+02 4.5011e-03
6.6832e+02 1.7352e+02 6.9737e+02 1.8790e+02 4.4842e-03
6.9407e+02 1.7092e+02 7.0676e+02 1.9447e+02 4.4457e-03
8.1972e+02 1.6979e+02 8.7101e+02 2.2111e+02 4.4091e-03
1.0133e+03 1.6521e+02 1.0480e+03 1.8411e+02 4.3744e-03
1.2365e+03 1.4717e+02 1.2420e+03 1.9871e+02 4.3549e-03
1.2047e+03 1.4781e+02 1.2420e+03 1.8926e+02 4.3402e-03
8.2075e+02 1.4954e+02 8.3441e+02 1.8458e+02 4.2822e-03
1.2046e+03 2.0758e+02 1.2420e+03 3.2903e+02 4.2780e-03
1.1739e+03 1.3485e+02 1.2420e+03 2.5226e+02 4.2385e-03
1.0892e+03 1.5587e+02 1.1977e+03 2.0326e+02 4.2201e-03
1.1195e+03 1.1313e+02 1.2420e+03 3.5116e+02 4.1861e-03
6.4909e+02 1.7324e+02 6.7609e+02 1.8843e+02 4.1721e-03
9.9355e+02 1.7409e+02 1.0314e+03 1.9332e+02 4.1498e-03
9.8159e+02 1.7416e+02 1.0227e+03 1.9352e+02 4.1395e-03
1.2337e+03 1.4954e+02 1.2420e+03 1.7912e+02 4.1391e-03
8.2987e+02 1.6325e+02 8.6164e+02 1.8207e+02 4.1332e-03
6.6784e+02 1.7069e+02 6.9718e+02 1.8513e+02 4.1182e-03
1.2164e+03 1.8757e+02 1.2346e+03 2.3779e+02 4.1117e-03
8.0159e+02 1.5638e+02 8.3225e+02 1.7485e+02 4.0956e-03
7.9985e+02 1.7265e+02 8.2226e+02 2.2979e+02 4.0807e-03
8.0038e+02 1.4556e+02 8.3478e+02 2.1566e+02 4.0790e-03
1.1154e+03 1.3522e+02 1.1405e+03 1.9138e+02 4.0714e-03
1.2135e+03 1.6560e+02 1.2420e+03 2.2314e+02 4.0638e-03
1.1396e+03 1.5364e+02 1.1803e+03 2.8802e+02 4.0521e-03
1.2103e+03 1.7398e+02 1.2319e+03 2.2810e+02 4.0487e-03
7.8045e+02 1.5958e+02 8.1042e+02 2.4072e+02 4.0458e-03
1.2227e+03 2.2594e+02 1.2414e+03 3.0468e+02 4.0410e-03
1.2357e+03 2.3537e+02 1.2420e+03 2.9827e+02 4.0248e-03
6.6825e+02 1.7657e+02 6.9565e+02 1.9064e+02 3.9231e-03
6.6265e+02 1.7365e+02 6.9199e+02 1.8758e+02 3.8953e-03
8.0437e+02 1.5838e+02 8.3637e+02 1.7903e+02 3.8918e-03
1.0052e+03 1.7191e+02 1.0304e+03 1.9338e+02 3.8549e-03
1.1120e+03 1.3592e+02 1.1354e+03 1.9166e+02 3.8284e-03
7.7982e+02 1.3090e+02 8.3223e+02 2.6644e+02 3.7985e-03
1.2305e+03 1.4809e+02 1.2420e+03 1.7079e+02 3.7698e-03
7.8946e+02 1.8311e+02 8.1773e+02 2.2590e+02 3.7691e-03
1.1812e+03 1.5531e+02 1.2420e+03 3.5000e+02 3.7452e-03
1.1883e+03 3.2013e+02 1.2420e+03 3.7500e+02 3.7412e-03
1.1463e+03 1.7057e+02 1.2420e+03 2.1392e+02 3.7101e-03
1.0921e+03 1.5046e+02 1.1746e+03 2.3999e+02 3.7057e-03
1.0736e+03 1.3269e+02 1.1814e+03 1.7485e+02 3.7040e-03
8.3550e+02 1.5236e+02 8.5034e+02 1.8948e+02 3.6788e-03
1.0850e+03 1.1459e+02 1.1266e+03 2.0883e+02 3.6489e-03
1.1500e+03 1.7088e+02 1.2186e+03 3.7500e+02 3.6482e-03
1.2180e+03 2.3007e+02 1.2420e+03 2.9647e+02 3.6302e-03
7.9577e+02 1.7044e+02 8.4606e+02 2.3038e+02 3.6022e-03
1.2249e+03 1.4095e+02 1.2420e+03 2.3730e+02 3.5882e-03
6.4801e+02 1.7212e+02 6.6894e+02 1.8944e+02 3.5813e-03
8.0594e+02 1.7752e+02 8.7852e+02 2.1645e+02 3.5523e-03
1.2010e+03 2.0783e+02 1.2420e+03 2.5151e+02 3.5490e-03
1.1651e+03 1.1745e+02 1.2420e+03 2.0459e+02 3.4843e-03
1.2284e+03 1.7093e+02 1.2420e+03 1.9526e+02 3.4732e-03
5.6781e+02 1.7186e+02 5.8628e+02 1.8676e+02 3.4538e-03
1.0554e+03 1.8333e+02 1.1847e+03 2.3855e+02 3.4493e-03
8.3518e+02 1.8883e+02 8.7333e+02 2.1123e+02 3.4426e-03
1.2312e+03 1.6032e+02 1.2420e+03 1.9171e+02 3.4421e-03
1.2104e+03 2.2636e+02 1.2317e+03 3.0067e+02 3.4351e-03
7.7122e+02 1.7800e+02 8.4765e+02 2.2349e+02 3.4177e-03
7.7605e+02 1.7244e+02 7.9903e+02 2.0395e+02 3.3908e-03
1.0512e+03 1.3244e+02 1.1192e+03 3.0499e+02 3.3873e-03
8.0792e+02 1.4433e+02 8.4022e+02 2.1636e+02 3.3873e-03
1.0249e+03 1.5977e+02 1.0391e+03 1.9133e+02 3.3069e-03
1.0995e+03 1.6327e+02 1.2420e+03 3.4222e+02 3.2974e-03
8.1305e+02 1.5273e+02 8.4093e+02 1.6999e+02 3.2860e-03
1.0930e+03 1.4211e+02 1.2054e+03 3.1445e+02 3.2692e-03
8.1414e+02 1.5035e+02 8.2753e+02 1.8650e+02 3.2631e-03
7.7012e+02 1.5534e+02 7.8396e+02 1.8801e+02 3.2092e-03
6.8810e+02 1.8085e+02 7.0890e+02 1.9746e+02 3.1937e-03
1.0526e+03 1.4790e+02 1.1709e+03 1.9958e+02 3.1849e-03
1.2277e+03 1.8287e+02 1.2420e+03 2.0792e+02 3.1628e-03
1.1592e+03 1.7782e+02 1.2420e+03 2.1970e+02 3.1542e-03
1.2257e+03 2.3982e+02 1.2420e+03 3.5523e+02 3.1341e-03
6.5425e+02 1.7312e+02 6.8190e+02 1.8789e+02 3.1215e-03
1.1860e+03 1.8191e+02 1.2420e+03 2.1922e+02 3.0866e-03
5.7353e+02 1.6742e+02 5.9434e+02 1.8568e+02 3.0845e-03
6.7515e+02 1.7528e+02 6.9681e+02 1.9157e+02 3.0816e-03
1.1378e+03 1.4454e+02 1.2420e+03 3.7064e+02 3.0758e-03
1.0162e+03 1.6138e+02 1.0413e+03 1.8136e+02 3.0401e-03
1.0223e+03 1.6557e+02 1.0599e+03 1.8484e+02 2.9930e-03
8.8850e+02 1.6350e+02 9.0430e+02 2.0137e+02 2.9768e-03
7.7867e+02 1.6923e+02 7.9462e+02 2.1247e+02 2.9742e-03
1.0083e+03 1.6729e+02 1.0206e+03 1.9670e+02 2.9617e-03
1.2375e+03 1.3297e+02 1.2420e+03 1.8223e+02 2.9573e-03
7.2813e+02 1.7631e+02 7.5014e+02 1.9994e+02 2.9203e-03
1.2311e+03 1.7336e+02 1.2420e+03 2.3436e+02 2.9069e-03
1.2167e+03 1.6738e+02 1.2420e+03 2.5653e+02 2.8672e-03
8.0185e+02 1.6047e+02 8.2292e+02 1.8165e+02 2.8610e-03
7.6431e+02 1.6223e+02 8.3003e+02 1.9465e+02 2.8525e-03
8.0295e+02 1.8238e+02 8.5511e+02 2.1107e+02 2.8523e-03
1.2309e+03 1.4440e+02 1.2420e+03 1.6622e+02 2.8198e-03
1.0117e+03 1.7033e+02 1.0236e+03 1.9639e+02 2.8126e-03
7.8125e+02 1.6230e+02 8.0311e+02 1.8392e+02 2.7828e-03
6.9201e+02 1.7840e+02 7.0487e+02 2.0532e+02 2.7706e-03
1.0152e+03 1.7143e+02 1.0270e+03 1.9653e+02 2.7696e-03
1.2366e+03 1.6866e+02 1.2420e+03 2.2064e+02 2.7613e-03
5.6864e+02 1.6689e+02 5.9494e+02 1.8304e+02 2.7602e-03
7.9684e+02 1.6149e+02 8.1833e+02 1.8083e+02 2.7568e-03
1.2089e+03 1.9259e+02 1.2420e+03 2.2431e+02 2.7482e-03
1.1877e+03 1.9505e+02 1.2420e+03 3.2175e+02 2.7237e-03
1.1302e+03 1.2449e+02 1.1710e+03 2.2234e+02 2.7221e-03
7.0296e+02 1.8048e+02 7.3858e+02 1.9482e+02 2.7152e-03
1.1387e+03 2.4614e+02 1.2420e+03 3.7500e+02 2.7133e-03
8.3032e+02 1.5826e+02 8.4999e+02 1.8359e+02 2.6939e-03
8.1994e+02 1.5107e+02 8.4958e+02 1.7049e+02 2.6814e-03
1.0002e+03 1.7328e+02 1.0268e+03 1.9351e+02 2.6767e-03
1.1807e+03 1.8805e+02 1.2420e+03 2.2773e+02 2.6633e-03
8.1420e+02 1.4915e+02 8.4201e+02 1.6478e+02 2.6545e-03
1.2273e+03 1.9864e+02 1.2420e+03 2.2361e+02 2.6527e-03
8.3329e+02 1.6123e+02 8.6271e+02 2.3980e+02 2.6469e-03
1.2287e+03 1.7538e+02 1.2420e+03 1.9975e+02 2.6411e-03
6.8993e+02 1.7275e+02 7.2289e+02 1.8681e+02 2.6134e-03
7.6706e+02 1.6490e+02 8.0154e+02 1.8180e+02 2.6083e-03
9.7403e+02 1.7460e+02 1.0155e+03 1.9350e+02 2.6075e-03
8.1712e+02 1.4937e+02 8.3905e+02 1.6832e+02 2.6056e-03
1.1017e+03 1.1422e+02 1.1408e+03 1.9601e+02 2.5621e-03
7.8759e+02 1.8032e+02 8.1355e+02 2.2161e+02 2.5491e-03
8.2451e+02 1.4937e+02 8.3789e+02 1.8418e+02 2.5402e-03
7.2224e+02 1.7898e+02 7.5781e+02 1.9685e+02 2.5385e-03
8.2905e+02 1.7650e+02 8.4974e+02 2.1987e+02 2.5238e-03
1.2068e+03 2.3852e+02 1.2420e+03 2.8500e+02 2.5228e-03
8.3339e+02 1.7730e+02 8.5345e+02 2.2073e+02 2.5097e-03
6.3913e+02 1.6994e+02 6.6961e+02 1.8619e+02 2.4996e-03
8.1929e+02 1.5147e+02 8.4060e+02 1.7349e+02 2.4942e-03
1.2363e+03 1.5936e+02 1.2420e+03 2.1164e+02 2.4935e-03
1.2241e+03 3.3520e+02 1.2420e+03 3.7500e+02 2.4772e-03
7.6485e+02 1.6337e+02 8.1213e+02 2.0802e+02 2.4679e-03
1.2299e+03 1.4024e+02 1.2420e+03 1.6267e+02 2.4531e-03
8.0523e+02 1.5579e+02 8.2738e+02 1.7673e+02 2.4503e-03
1.0760e+03 1.1299e+02 1.1201e+03 2.2338e+02 2.4441e-03
7.6570e+02 1.6467e+02 7.8786e+02 1.8555e+02 2.4279e-03
1.2166e+03 2.1466e+02 1.2420e+03 2.8211e+02 2.4228e-03
1.2303e+03 1.9570e+02 1.2420e+03 2.2774e+02 2.4167e-03
8.0597e+02 1.4860e+02 8.3649e+02 1.6666e+02 2.4111e-03
1.0149e+03 1.6173e+02 1.0489e+03 1.7945e+02 2.4005e-03
6.6835e+02 1.7974e+02 6.9654e+02 1.9459e+02 2.3729e-03
1.2073e+03 1.3991e+02 1.2420e+03 1.8058e+02 2.3678e-03
1.0707e+03 1.2763e+02 1.1123e+03 2.3008e+02 2.3310e-03
1.1447e+03 1.5387e+02 1.1883e+03 2.9693e+02 2.3262e-03
8.3239e+02 1.4695e+02 8.4678e+02 1.8622e+02 2.3188e-03
0.0000e+00 3.2741e+02 1.3996e+01 3.7500e+02 2.3056e-03
1.0474e+03 1.6270e+02 1.0668e+03 2.0055e+02 2.2959e-03
7.9464e+02 1.6089e+02 8.6320e+02 1.9867e+02 2.2888e-03
7.7214e+02 1.7360e+02 7.9463e+02 1.9933e+02 2.2860e-03
1.0276e+03 1.6625e+02 1.0671e+03 1.8566e+02 2.2783e-03
6.4492e+02 1.6969e+02 6.6696e+02 1.8791e+02 2.2761e-03
0.0000e+00 3.1673e+02 4.3590e+01 3.7500e+02 2.2563e-03
1.1983e+03 9.2198e+01 1.2420e+03 2.6960e+02 2.2461e-03
8.0521e+02 1.6580e+02 8.7993e+02 2.0504e+02 2.2414e-03
5.7387e+02 1.7659e+02 5.9329e+02 1.9216e+02 2.2250e-03
0.0000e+00 3.5821e+02 6.2955e+00 3.7500e+02 2.1984e-03
1.0920e+03 1.0656e+02 1.1760e+03 2.5124e+02 2.1950e-03
1.0758e+03 1.7403e+02 1.1732e+03 2.7899e+02 2.1731e-03
7.9727e+02 1.6030e+02 8.2699e+02 1.7851e+02 2.1677e-03
1.0910e+03 1.8059e+02 1.1533e+03 3.1846e+02 2.1671e-03
6.3503e+02 1.7271e+02 6.6366e+02 1.8816e+02 2.1598e-03
8.0545e+02 1.7276e+02 8.5639e+02 2.2464e+02 2.1499e-03
1.1587e+03 1.5791e+02 1.2420e+03 1.9870e+02 2.1468e-03
1.2098e+03 1.7127e+02 1.2416e+03 2.7049e+02 2.1350e-03
1.2310e+03 1.8016e+02 1.2420e+03 2.1254e+02 2.1299e-03
1.0189e+03 1.6914e+02 1.2420e+03 3.2578e+02 2.1294e-03
1.0645e+03 7.9592e+01 1.2420e+03 2.5738e+02 2.0892e-03
1.2202e+03 3.5403e+02 1.2420e+03 3.7500e+02 2.0786e-03
1.2057e+03 2.2347e+02 1.2420e+03 2.6960e+02 2.0767e-03
1.1254e+03 1.0805e+02 1.2034e+03 2.9679e+02 2.0247e-03
7.4420e+02 1.5576e+02 8.8108e+02 2.2405e+02 1.9576e-03
7.9290e+02 1.4743e+02 8.2640e+02 2.1276e+02 1.9467e-03
1.0091e+03 1.6298e+02 1.0911e+03 1.9262e+02 1.9240e-03
1.2028e+03 2.1594e+02 1.2420e+03 2.6102e+02 1.9135e-03
1.0854e+03 1.6249e+02 1.2007e+03 2.1300e+02 1.8833e-03
1.0640e+03 1.2204e+02 1.2342e+03 3.5579e+02 1.8746e-03
1.2266e+03 1.2488e+02 1.2420e+03 2.1784e+02 1.8719e-03
8.3646e+02 1.5125e+02 8.6799e+02 2.2965e+02 1.8353e-03
1.0704e+03 1.7530e+02 1.1960e+03 2.3046e+02 1.8184e-03
7.5826e+02 1.7050e+02 8.3080e+02 2.0486e+02 1.7872e-03
7.6488e+02 1.4813e+02 8.5590e+02 2.3987e+02 1.7329e-03
8.0072e+02 1.3228e+02 8.6152e+02 2.8173e+02 1.7291e-03
0.0000e+00 1.9528e+02 5.1069e+01 3.7500e+02 1.7251e-03
1.2145e+03 1.5029e+02 1.2420e+03 2.0629e+02 1.6974e-03
1.2081e+03 2.4690e+02 1.2420e+03 2.9374e+02 1.6965e-03
1.2250e+03 2.6273e+02 1.2420e+03 3.7426e+02 1.6804e-03
1.0498e+03 1.6877e+02 1.1784e+03 2.2575e+02 1.6797e-03
1.0401e+03 1.6349e+02 1.1765e+03 3.1441e+02 1.6751e-03
1.1964e+03 2.1215e+02 1.2420e+03 3.3762e+02 1.6617e-03
1.0926e+03 1.3154e+02 1.1757e+03 1.9556e+02 1.6505e-03
8.1440e+02 1.4271e+02 8.4688e+02 2.1610e+02 1.5379e-03
7.8476e+02 8.4514e+01 8.4801e+02 2.5622e+02 1.5276e-03
1.2032e+03 1.7000e+02 1.2371e+03 2.6884e+02 1.5251e-03
1.0965e+03 2.5433e+02 1.2420e+03 3.7500e+02 1.5197e-03
0.0000e+00 0.0000e+00 3.3679e+01 8.0338e+01 1.5193e-03
8.0422e+02 1.5983e+02 8.7616e+02 1.9798e+02 1.5040e-03
1.2031e+03 0.0000e+00 1.2420e+03 8.1084e+01 1.4687e-03
1.2075e+03 1.2176e+02 1.2420e+03 1.6373e+02 1.4606e-03
1.2078e+03 1.3137e+02 1.2420e+03 1.7211e+02 1.4291e-03
1.0625e+03 1.5776e+02 1.1189e+03 2.7031e+02 1.4109e-03
1.2134e+03 1.8162e+02 1.2420e+03 2.9851e+02 1.3861e-03
1.0945e+03 1.1148e+02 1.1345e+03 1.9811e+02 1.3696e-03
1.1088e+03 5.9960e+01 1.2420e+03 2.8637e+02 1.3642e-03
1.2032e+03 1.6021e+02 1.2348e+03 2.4696e+02 1.3328e-03
1.1566e+03 1.4295e+02 1.1943e+03 2.4937e+02 1.3170e-03
1.0578e+03 1.7233e+02 1.1410e+03 3.3731e+02 1.2757e-03
1.1753e+03 1.0529e+02 1.2420e+03 2.1806e+02 1.2647e-03
1.1183e+03 1.9287e+02 1.2420e+03 3.6819e+02 1.2615e-03
1.1423e+03 1.2495e+02 1.1792e+03 2.3324e+02 1.2318e-03
1.0764e+03 1.5474e+02 1.2420e+03 2.5644e+02 1.2057e-03
7.8507e+02 1.4615e+02 8.1888e+02 2.1159e+02 1.1885e-03
1.1374e+03 1.4971e+02 1.2420e+03 2.3307e+02 1.1874e-03
1.0595e+03 1.9128e+02 1.1949e+03 2.4625e+02 1.1857e-03
1.0666e+03 1.3555e+02 1.1421e+03 2.2968e+02 1.1740e-03
1.1691e+03 0.0000e+00 1.2420e+03 3.3227e+01 1.1679e-03
1.1697e+03 1.0186e+02 1.2420e+03 1.8838e+02 1.1601e-03
1.1094e+03 1.4138e+02 1.1800e+03 2.2114e+02 1.1566e-03
1.1821e+03 1.9998e+02 1.2420e+03 2.4611e+02 1.1283e-03
1.1679e+03 1.4722e+02 1.2023e+03 2.3519e+02 1.1170e-03
7.8735e+02 1.5097e+02 8.4251e+02 1.9978e+02 1.0928e-03
1.1825e+03 1.7337e+02 1.2420e+03 2.1301e+02 1.0851e-03
0.0000e+00 3.2556e+02 5.5727e+01 3.7500e+02 1.0828e-03
1.2207e+03 2.4806e+02 1.2420e+03 3.1070e+02 1.0650e-03
1.0923e+03 1.4491e+02 1.2141e+03 3.7500e+02 1.0375e-03
1.1928e+03 1.8351e+02 1.2420e+03 2.3555e+02 9.9355e-04
0.0000e+00 2.5921e+02 8.9164e+01 3.7500e+02 9.8855e-04
9.8728e+02 0.0000e+00 1.2420e+03 1.2791e+02 9.7196e-04
1.1818e+03 2.2307e+02 1.2420e+03 3.1376e+02 9.7161e-04
0.0000e+00 2.6813e+02 1.5005e+02 3.7500e+02 9.6825e-04
1.0496e+03 1.9801e+02 1.1918e+03 3.7500e+02 9.6821e-04
8.2417e+02 1.4026e+02 8.5584e+02 2.1753e+02 9.4827e-04
1.0689e+03 9.5443e+01 1.1514e+03 2.5776e+02 9.4770e-04
1.2266e+03 9.8531e+01 1.2420e+03 1.9209e+02 9.4373e-04
1.0430e+03 2.0408e+02 1.2216e+03 3.1023e+02 9.4028e-04
1.1984e+03 1.8187e+02 1.2384e+03 2.9948e+02 9.2791e-04
0.0000e+00 3.5021e+02 2.1858e+01 3.7500e+02 9.2524e-04
1.0873e+03 1.2855e+02 1.2122e+03 2.7332e+02 9.1714e-04
1.0221e+03 1.4065e+02 1.1570e+03 2.5693e+02 8.9781e-04
1.1972e+03 2.4510e+02 1.2420e+03 3.6692e+02 8.8265e-04
1.2165e+03 1.3336e+02 1.2420e+03 1.8924e+02 8.8037e-04
1.1704e+03 1.0014e+02 1.2420e+03 3.7500e+02 8.6937e-04
0.0000e+00 0.0000e+00 1.2302e+02 3.7500e+02 8.6061e-04
1.2129e+03 2.5595e+02 1.2420e+03 3.0052e+02 8.5992e-04
7.6861e+02 7.8218e+01 8.3560e+02 2.5430e+02 8.5139e-04
8.6012e+02 8.3199e+01 1.2420e+03 3.7500e+02 8.4933e-04
8.1829e+02 1.5603e+02 8.7049e+02 2.0691e+02 8.3240e-04
1.2127e+03 2.1218e+02 1.2420e+03 3.5175e+02 8.0866e-04
1.0397e+03 1.6086e+02 1.1377e+03 1.9938e+02 7.9486e-04
1.1820e+03 0.0000e+00 1.2420e+03 4.3400e+01 7.9178e-04
1.0448e+03 1.4227e+02 1.1622e+03 1.9116e+02 7.7717e-04
1.1537e+03 1.5452e+02 1.1966e+03 2.9154e+02 7.7392e-04
1.1937e+03 1.5835e+02 1.2293e+03 2.5167e+02 7.7142e-04
7.4964e+02 1.4319e+02 9.0006e+02 2.1805e+02 7.4959e-04
1.1690e+03 1.5969e+02 1.2420e+03 2.1426e+02 7.4915e-04
1.1966e+03 1.9753e+02 1.2420e+03 3.1455e+02 7.4620e-04
7.8321e+02 1.3308e+02 8.4588e+02 3.0300e+02 7.4354e-04
1.1592e+03 1.5868e+02 1.2271e+03 2.1248e+02 7.3408e-04
1.2088e+03 1.5303e+02 1.2420e+03 2.4500e+02 7.3364e-04
0.0000e+00 0.0000e+00 7.0249e+01 1.5465e+02 7.3364e-04
1.1716e+03 1.9271e+02 1.2420e+03 2.3518e+02 7.2644e-04
1.1763e+03 1.5121e+02 1.2110e+03 2.3099e+02 7.2561e-04
1.0361e+03 0.0000e+00 1.2420e+03 1.7532e+02 7.1912e-04
7.9617e+02 8.4080e+01 8.6525e+02 2.5986e+02 6.9931e-04
1.1803e+03 1.6450e+02 1.2420e+03 2.0452e+02 6.8944e-04
1.1370e+03 1.7844e+02 1.1856e+03 3.0628e+02 6.8664e-04
1.2032e+03 6.2488e+01 1.2420e+03 2.3224e+02 6.7376e-04
1.1652e+03 1.4985e+02 1.2040e+03 2.5895e+02 6.7256e-04
0.0000e+00 1.0960e+02 2.6806e+01 3.1282e+02 6.6624e-04
1.2261e+03 0.0000e+00 1.2420e+03 4.9262e+01 6.6477e-04
1.2086e+03 1.0667e+02 1.2420e+03 1.4995e+02 6.6125e-04
7.7850e+02 1.5358e+02 8.4634e+02 1.8962e+02 6.5415e-04
1.0872e+03 1.2135e+02 1.1565e+03 1.7171e+02 6.5358e-04
1.2065e+03 2.3046e+02 1.2420e+03 3.7500e+02 6.5231e-04
1.1828e+03 2.7004e+02 1.2420e+03 3.6404e+02 6.1958e-04
1.1801e+03 1.1612e+02 1.2420e+03 2.9698e+02 6.1590e-04
7.7788e+02 1.4297e+02 8.1107e+02 2.1097e+02 6.0565e-04
1.2174e+03 1.2544e+02 1.2420e+03 1.7907e+02 6.0464e-04
0.0000e+00 0.0000e+00 3.2453e+02 1.4004e+02 6.0460e-04
8.1431e+02 1.6045e+02 8.4632e+02 2.5303e+02 6.0452e-04
1.2163e+03 1.1621e+02 1.2420e+03 1.7094e+02 5.9982e-04
0.0000e+00 1.0417e+02 1.9155e+02 3.7500e+02 5.9486e-04
1.1380e+03 1.6098e+02 1.2420e+03 2.9172e+02 5.9210e-04
1.1583e+03 0.0000e+00 1.2420e+03 2.9397e+02 5.9015e-04
1.1846e+03 1.7438e+02 1.2420e+03 2.2881e+02 5.8918e-04
1.1839e+03 1.5686e+02 1.2420e+03 1.9677e+02 5.6313e-04
0.0000e+00 2.8031e+01 7.1926e+01 3.7500e+02 5.5752e-04
0.0000e+00 0.0000e+00 2.3249e+02 1.5625e+02 5.5404e-04
1.1593e+03 0.0000e+00 1.2420e+03 1.6665e+02 5.5109e-04
7.4281e+02 1.6505e+02 8.8261e+02 2.3948e+02 5.5028e-04
1.1606e+03 1.5251e+02 1.2420e+03 1.9080e+02 5.5002e-04
1.1871e+03 2.4191e+02 1.2420e+03 3.3145e+02 5.4827e-04
1.1496e+03 1.2739e+02 1.1876e+03 2.2999e+02 5.4631e-04
0.0000e+00 0.0000e+00 5.2264e+01 4.4750e+01 5.4461e-04
1.0596e+03 1.5452e+02 1.1053e+03 2.7170e+02 5.4165e-04
1.1851e+03 1.9812e+02 1.2420e+03 3.7500e+02 5.4131e-04
1.2230e+03 2.5552e+02 1.2420e+03 3.2035e+02 5.4076e-04
7.9151e+02 1.8105e+02 8.6919e+02 2.1839e+02 5.3723e-04
1.1898e+03 1.4990e+02 1.2272e+03 2.3322e+02 5.3692e-04
1.2053e+03 2.2272e+02 1.2406e+03 3.6254e+02 5.1356e-04
1.0306e+03 1.8260e+02 1.2151e+03 3.6460e+02 5.1323e-04
7.6258e+02 1.2513e+02 8.2151e+02 2.6900e+02 5.1158e-04
8.2399e+02 1.6408e+02 8.5453e+02 2.5423e+02 5.0985e-04
1.0425e+03 1.5497e+02 1.1622e+03 2.0748e+02 5.0676e-04
1.1825e+03 1.5868e+02 1.2200e+03 2.5189e+02 5.0388e-04
1.1042e+03 0.0000e+00 1.2420e+03 6.1245e+01 5.0372e-04
1.0899e+03 1.6993e+02 1.1782e+03 2.6601e+02 5.0049e-04
1.0761e+03 1.2426e+02 1.1768e+03 1.6466e+02 4.9922e-04
1.1355e+03 1.3501e+02 1.2420e+03 2.1661e+02 4.9907e-04
0.0000e+00 0.0000e+00 1.5211e+01 5.4059e+01 4.9907e-04
1.1143e+03 2.1165e+02 1.2014e+03 3.5925e+02 4.9655e-04
1.2230e+03 2.7163e+02 1.2420e+03 3.3804e+02 4.9625e-04
7.6668e+02 1.3436e+02 8.8337e+02 2.3329e+02 4.9593e-04
1.1728e+03 8.2569e+01 1.2420e+03 1.7266e+02 4.9417e-04
1.1659e+03 2.8407e+02 1.2359e+03 3.7500e+02 4.9042e-04
1.1817e+03 1.5170e+02 1.2189e+03 2.3150e+02 4.8424e-04
7.4512e+02 1.6648e+02 8.2359e+02 1.9827e+02 4.8395e-04
7.5515e+02 1.5493e+02 8.4607e+02 2.4765e+02 4.6629e-04
1.1822e+03 9.0588e+01 1.2420e+03 2.0062e+02 4.5817e-04
8.0038e+02 1.4901e+02 8.5472e+02 1.9810e+02 4.5683e-04
7.9548e+02 1.5208e+02 8.6638e+02 1.8945e+02 4.5568e-04
1.0992e+03 1.4360e+02 1.2002e+03 1.9339e+02 4.5201e-04
1.0626e+03 1.3555e+02 1.2420e+03 2.2394e+02 4.5189e-04
1.1588e+03 1.3382e+02 1.1964e+03 2.2827e+02 4.4933e-04
1.1188e+03 1.4133e+02 1.2420e+03 2.8000e+02 4.4679e-04
1.0452e+03 1.9864e+02 1.1839e+03 2.5505e+02 4.4678e-04
7.7211e+02 1.5379e+02 8.2850e+02 1.9889e+02 4.4331e-04
1.1021e+03 1.5650e+02 1.1814e+03 2.4896e+02 4.4299e-04
1.1972e+03 2.1649e+02 1.2376e+03 3.4727e+02 4.3552e-04
7.4610e+02 1.3377e+02 8.5236e+02 2.3690e+02 4.3487e-04
1.1076e+03 1.3429e+02 1.1831e+03 2.0361e+02 4.3331e-04
1.0743e+03 1.2596e+02 1.1437e+03 1.8540e+02 4.3198e-04
8.3103e+02 1.3892e+02 8.6348e+02 2.1949e+02 4.2337e-04
1.0156e+03 1.9237e+02 1.1633e+03 3.7500e+02 4.2244e-04
0.0000e+00 0.0000e+00 1.1190e+02 7.9166e+01 4.1991e-04
0.0000e+00 2.8760e+02 4.7985e+01 3.7500e+02 4.1305e-04
1.1991e+03 1.4587e+02 1.2354e+03 2.3567e+02 4.0787e-04
8.1937e+02 1.6040e+02 8.7840e+02 2.1499e+02 3.9799e-04
7.7312e+02 1.3522e+02 8.3345e+02 2.9923e+02 3.9641e-04
1.1494e+03 1.0414e+02 1.2232e+03 2.8996e+02 3.9360e-04
1.0231e+03 1.5943e+02 1.1056e+03 1.9100e+02 3.9225e-04
0.0000e+00 0.0000e+00 1.6328e+02 7.3797e+01 3.8789e-04
1.0501e+03 2.0647e+02 1.1959e+03 2.6300e+02 3.8768e-04
0.0000e+00 6.5125e+01 2.8090e+01 2.6565e+02 3.8209e-04
1.0023e+03 1.5607e+02 1.1737e+03 2.2662e+02 3.7935e-04
7.9217e+02 1.6335e+02 8.2461e+02 2.6416e+02 3.7886e-04
0.0000e+00 0.0000e+00 7.5842e+01 4.3506e+01 3.7819e-04
1.0669e+03 1.4573e+02 1.1490e+03 2.5028e+02 3.7776e-04
9.9817e+02 1.6444e+02 1.1720e+03 2.4335e+02 3.7397e-04
9.9775e+02 1.6213e+02 1.0761e+03 1.9200e+02 3.7366e-04
1.2142e+03 2.6334e+02 1.2420e+03 3.0986e+02 3.7237e-04
1.1981e+03 1.9363e+02 1.2420e+03 2.5553e+02 3.7209e-04
1.2139e+03 2.7873e+02 1.2420e+03 3.2669e+02 3.5816e-04
1.1653e+03 1.0902e+02 1.2384e+03 2.8420e+02 3.5332e-04
1.2246e+03 2.8708e+02 1.2420e+03 3.5145e+02 3.5184e-04
8.0953e+02 1.5018e+02 8.6507e+02 1.9651e+02 3.4022e-04
1.0989e+03 2.0612e+02 1.1887e+03 3.5120e+02 3.4002e-04
1.1265e+03 0.0000e+00 1.2420e+03 8.3035e+01 3.3270e-04
1.0494e+03 1.1590e+02 1.2278e+03 1.9501e+02 3.3241e-04
1.0670e+03 1.4148e+02 1.1001e+03 2.4585e+02 3.3218e-04
8.1326e+02 1.2272e+02 8.7710e+02 2.6348e+02 3.2926e-04
1.1867e+03 1.4928e+02 1.2420e+03 1.9024e+02 3.2212e-04
1.0711e+03 4.9749e+01 1.2420e+03 2.2544e+02 3.2178e-04
7.7299e+02 1.5643e+02 8.7648e+02 2.5184e+02 3.2096e-04
1.1318e+03 2.1491e+02 1.2109e+03 3.6187e+02 3.1971e-04
1.0691e+03 1.9967e+02 1.2020e+03 2.5107e+02 3.1898e-04
1.2169e+03 2.7192e+02 1.2420e+03 3.1860e+02 3.1726e-04
1.1588e+03 1.8282e+02 1.2420e+03 3.0292e+02 3.1694e-04
1.1497e+03 2.8426e+02 1.2182e+03 3.7500e+02 3.1573e-04
0.0000e+00 1.4581e+02 1.3733e+01 2.5773e+02 3.1039e-04
6.0738e+02 8.3789e+01 9.8215e+02 2.5712e+02 3.0852e-04
1.1904e+03 1.7080e+02 1.2318e+03 2.8377e+02 3.0630e-04
0.0000e+00 2.2541e+02 2.6876e+01 3.7500e+02 3.0504e-04
1.0697e+03 1.7646e+02 1.1268e+03 2.8319e+02 3.0378e-04
7.0603e+02 1.4314e+02 8.7524e+02 2.1754e+02 3.0183e-04
1.2156e+03 2.9325e+02 1.2420e+03 3.4221e+02 2.9488e-04
1.1194e+03 1.6064e+02 1.2420e+03 2.5299e+02 2.9284e-04
1.1160e+03 1.8917e+02 1.1752e+03 3.1502e+02 2.9271e-04
1.2124e+03 0.0000e+00 1.2420e+03 1.5135e+01 2.8816e-04
0.0000e+00 1.4860e+02 2.8880e+01 3.6652e+02 2.8535e-04
1.1275e+03 1.6943e+02 1.2340e+03 3.1460e+02 2.7322e-04
1.0601e+03 1.7089e+02 1.1568e+03 2.6741e+02 2.6987e-04
6.7390e+02 1.6137e+02 7.8039e+02 1.9374e+02 2.6815e-04
1.1323e+03 1.6315e+02 1.2322e+03 2.0841e+02 2.6735e-04
7.4937e+02 7.7086e+01 8.2358e+02 2.5655e+02 2.6580e-04
1.2154e+03 1.4025e+02 1.2420e+03 2.3953e+02 2.6520e-04
1.1758e+03 6.5132e+01 1.2420e+03 1.5863e+02 2.6470e-04
1.0092e+03 5.5169e+01 1.1507e+03 3.7176e+02 2.6464e-04
1.0584e+03 1.4321e+02 1.1339e+03 2.2152e+02 2.5874e-04
1.0802e+03 1.8606e+02 1.1773e+03 2.9902e+02 2.5641e-04
1.1601e+03 1.6094e+02 1.2053e+03 2.8799e+02 2.5297e-04
1.0446e+03 1.0601e+02 1.1771e+03 2.1579e+02 2.5267e-04
7.3109e+02 8.7483e+00 8.8050e+02 3.5121e+02 2.5064e-04
1.2113e+03 9.8579e+01 1.2420e+03 1.4248e+02 2.4678e-04
1.2173e+03 3.1016e+02 1.2420e+03 3.5608e+02 2.4676e-04
1.2197e+03 0.0000e+00 1.2420e+03 2.0414e+01 2.4255e-04
1.2007e+03 2.2844e+02 1.2420e+03 2.9980e+02 2.4243e-04
7.7015e+02 1.5806e+02 8.0274e+02 2.4970e+02 2.4100e-04
7.2519e+02 1.2846e+02 8.9909e+02 2.0423e+02 2.3881e-04
7.6521e+02 1.4332e+02 7.9431e+02 2.1259e+02 2.3858e-04
1.2258e+03 8.3165e+01 1.2420e+03 1.7449e+02 2.3478e-04
8.1017e+02 8.1630e+01 8.8286e+02 2.5624e+02 2.3411e-04
1.0288e+03 2.9492e+01 1.1705e+03 3.2131e+02 2.3340e-04
7.7025e+02 1.7356e+02 8.2086e+02 2.3223e+02 2.3151e-04
7.5313e+02 1.1417e+02 8.6792e+02 2.2305e+02 2.3043e-04
7.4005e+02 1.5997e+02 8.2766e+02 1.9325e+02 2.2497e-04
1.1979e+03 1.6831e+02 1.2420e+03 2.2391e+02 2.2321e-04
1.1060e+03 2.0172e+02 1.1665e+03 3.1751e+02 2.2243e-04
9.9141e+02 1.2145e+02 1.1967e+03 2.0918e+02 2.2199e-04
1.2156e+03 1.0199e+02 1.2420e+03 1.5618e+02 2.1839e-04
4.4369e+02 2.8753e+02 5.2013e+02 3.7500e+02 2.1811e-04
4.5846e+02 2.8884e+02 5.3398e+02 3.7500e+02 2.1716e-04
1.0311e+03 1.1714e+02 1.0983e+03 2.9057e+02 2.1289e-04
0.0000e+00 2.8786e+02 7.0709e+01 3.7500e+02 2.1159e-04
0.0000e+00 1.0279e+02 1.5364e+02 2.8335e+02 2.0902e-04
1.2272e+03 2.9492e+02 1.2420e+03 3.7500e+02 2.0751e-04
9.8793e+02 1.4088e+02 1.1771e+03 2.1488e+02 2.0524e-04
7.7035e+02 1.3946e+02 8.0319e+02 2.0965e+02 2.0438e-04
1.1869e+03 1.9701e+02 1.2346e+03 3.2084e+02 2.0188e-04
0.0000e+00 8.3807e+01 9.3827e+01 3.0784e+02 2.0118e-04
1.2245e+03 3.0413e+02 1.2420e+03 3.6396e+02 2.0080e-04
1.2062e+03 3.8099e+00 1.2420e+03 1.8844e+02 1.9650e-04
0.0000e+00 8.9273e+01 1.5730e+01 2.0180e+02 1.9581e-04
8.4144e+02 1.6014e+02 8.6964e+02 2.3945e+02 1.9202e-04
1.1220e+03 1.5628e+02 1.1895e+03 2.3927e+02 1.9130e-04
1.1355e+03 1.2105e+02 1.2420e+03 2.0170e+02 1.8977e-04
1.1589e+03 3.2539e+02 1.2420e+03 3.7500e+02 1.8972e-04
0.0000e+00 3.2785e+02 2.2573e+01 3.7500e+02 1.8633e-04
7.8565e+02 1.4317e+02 8.6016e+02 1.7948e+02 1.8591e-04
8.9021e+02 2.9440e+02 9.6758e+02 3.7500e+02 1.8533e-04
1.1131e+03 1.1601e+02 1.1563e+03 1.9427e+02 1.8499e-04
7.6447e+02 2.9028e+02 8.3818e+02 3.7500e+02 1.8452e-04
8.7501e+02 2.9407e+02 9.5219e+02 3.7500e+02 1.8317e-04
1.0018e+03 2.5854e+02 1.2420e+03 3.7500e+02 1.8114e-04
1.1622e+03 1.6785e+02 1.2339e+03 2.2848e+02 1.8074e-04
1.1832e+03 4.9411e+01 1.2420e+03 1.4342e+02 1.7991e-04
1.2205e+03 3.2596e+02 1.2420e+03 3.7080e+02 1.7921e-04
7.5996e+02 1.7016e+02 8.1201e+02 2.2492e+02 1.7904e-04
0.0000e+00 1.2475e+02 1.4212e+01 2.3141e+02 1.7886e-04
1.1251e+03 1.7533e+02 1.2420e+03 2.6770e+02 1.7855e-04
1.0121e+03 1.2469e+02 1.1537e+03 2.3965e+02 1.7807e-04
9.0439e+02 2.9393e+02 9.8261e+02 3.7500e+02 1.7779e-04
6.9324e+02 3.3012e+00 8.5657e+02 3.5977e+02 1.7679e-04
7.5194e+02 1.7594e+02 8.3629e+02 2.1538e+02 1.7088e-04
1.1512e+03 1.5943e+02 1.2172e+03 2.2100e+02 1.7028e-04
8.1155e+02 1.5822e+02 8.9260e+02 1.9634e+02 1.6941e-04
6.7166e+02 1.6796e+02 7.6272e+02 1.9943e+02 1.6905e-04
4.2777e+02 2.8892e+02 5.0545e+02 3.7500e+02 1.6805e-04
0.0000e+00 7.2498e+01 2.7286e+02 3.7500e+02 1.6788e-04
9.4359e+02 0.0000e+00 1.2420e+03 3.5266e+02 1.6752e-04
7.5942e+02 1.5479e+02 8.3322e+02 1.8975e+02 1.6733e-04
9.2156e+02 2.9160e+02 9.9826e+02 3.7500e+02 1.6660e-04
8.5869e+02 2.9390e+02 9.3620e+02 3.7500e+02 1.6622e-04
1.1640e+01 2.9252e+02 8.6520e+01 3.7500e+02 1.6570e-04
7.9577e+02 3.3495e+02 8.3285e+02 3.7500e+02 1.6490e-04
1.1298e+03 1.9361e+02 1.1795e+03 3.1496e+02 1.6393e-04
6.8681e+02 1.6836e+02 7.8163e+02 2.0048e+02 1.6182e-04
9.2986e+00 2.0835e+02 8.7401e+01 3.7500e+02 1.6136e-04
1.1444e+03 1.5292e+02 1.2084e+03 2.1682e+02 1.5969e-04
1.0390e+03 8.0564e+01 1.1188e+03 2.6167e+02 1.5936e-04
6.5941e+02 0.0000e+00 8.2577e+02 3.4943e+02 1.5815e-04
1.2074e+03 1.3455e+02 1.2416e+03 2.3053e+02 1.5799e-04
9.3800e+02 2.9100e+02 1.0158e+03 3.7500e+02 1.5755e-04
8.0850e+02 1.5251e+02 8.8244e+02 1.8916e+02 1.5663e-04
7.4863e+02 2.9051e+02 8.2373e+02 3.7500e+02 1.5624e-04
1.0823e+03 1.8119e+02 1.2414e+03 2.8546e+02 1.5165e-04
7.3178e+02 1.4356e+02 8.3629e+02 2.3906e+02 1.5153e-04
7.8093e+02 2.9176e+02 8.5427e+02 3.7500e+02 1.5148e-04
1.0352e+03 1.6081e+02 1.1025e+03 1.9810e+02 1.5118e-04
4.7423e+02 2.8682e+02 5.4891e+02 3.7500e+02 1.5117e-04
5.3941e+02 1.5307e+02 7.2033e+02 2.2521e+02 1.5052e-04
1.1722e+03 1.5564e+02 1.2118e+03 2.5860e+02 1.4986e-04
1.2130e+03 3.3337e+02 1.2420e+03 3.7500e+02 1.4850e-04
3.7410e+02 2.6802e+02 7.6515e+02 3.7500e+02 1.4621e-04
4.5626e+02 8.6760e+01 8.3901e+02 2.5863e+02 1.4369e-04
8.4327e+02 2.9335e+02 9.1963e+02 3.7500e+02 1.4296e-04
1.0635e+03 1.2688e+02 1.1396e+03 1.9827e+02 1.4167e-04
7.9709e+02 2.9258e+02 8.6952e+02 3.7500e+02 1.4149e-04
9.5481e+02 2.9093e+02 1.0314e+03 3.7500e+02 1.4011e-04
8.1282e+02 2.9327e+02 8.8561e+02 3.7500e+02 1.3871e-04
7.0746e+02 1.6804e+02 7.9961e+02 2.0078e+02 1.3652e-04
1.1145e+03 1.7049e+02 1.2129e+03 2.2022e+02 1.3618e-04
7.5826e+02 1.4500e+01 9.1161e+02 3.5112e+02 1.3497e-04
1.1913e+03 2.3622e+02 1.2420e+03 2.8560e+02 1.3405e-04
1.1881e+03 3.3628e+02 1.2233e+03 3.7500e+02 1.3283e-04
0.0000e+00 3.0966e+02 1.1650e+01 3.7500e+02 1.3249e-04
7.8547e+02 1.6361e+02 8.1714e+02 2.6377e+02 1.3241e-04
8.2737e+02 2.9425e+02 9.0309e+02 3.7500e+02 1.3095e-04
9.8072e+02 1.9838e+02 1.1284e+03 3.7500e+02 1.3074e-04
4.9479e+02 2.0388e+02 6.5051e+02 3.7500e+02 1.3070e-04
1.1333e+03 2.8450e+02 1.2020e+03 3.7500e+02 1.3017e-04
8.0341e+02 3.3435e+02 8.4042e+02 3.7500e+02 1.2993e-04
1.0701e+03 4.6510e+01 1.2152e+03 3.1724e+02 1.2889e-04
9.7122e+02 2.9099e+02 1.0463e+03 3.7500e+02 1.2801e-04
1.1462e+03 1.8470e+02 1.2420e+03 2.2937e+02 1.2709e-04
1.1796e+03 3.3841e+02 1.2153e+03 3.7500e+02 1.2562e-04
7.6050e+02 1.5221e+02 9.1812e+02 2.2461e+02 1.2556e-04
7.8337e+02 1.4273e+02 8.4525e+02 1.8846e+02 1.2538e-04
4.3651e+02 3.4126e+02 4.7341e+02 3.7500e+02 1.2452e-04
1.2281e+03 3.1649e+02 1.2420e+03 3.7500e+02 1.2246e-04
5.2424e+02 2.0611e+02 6.8260e+02 3.7500e+02 1.2214e-04
5.4259e+02 1.6747e+02 7.1150e+02 2.3932e+02 1.2207e-04
5.0023e+02 1.5459e+02 6.8712e+02 2.2457e+02 1.2178e-04
4.9837e+02 1.3741e+02 6.8474e+02 2.1318e+02 1.2135e-04
2.8372e+00 2.0399e+02 6.9564e+01 3.7500e+02 1.2098e-04
4.1475e+02 3.6029e+02 5.0741e+02 3.7500e+02 1.2009e-04
1.1968e+03 3.3470e+02 1.2307e+03 3.7500e+02 1.1990e-04
6.2836e+02 2.0212e+00 7.9614e+02 3.4631e+02 1.1953e-04
0.0000e+00 0.0000e+00 3.0646e+01 2.6415e+01 1.1862e-04
1.1537e+03 1.5090e+02 1.2144e+03 2.0501e+02 1.1765e-04
1.1884e+03 5.3747e+01 1.2420e+03 1.7014e+02 1.1743e-04
1.1586e+03 1.7958e+02 1.2096e+03 3.0208e+02 1.1651e-04
6.6361e+02 1.6225e+02 7.5742e+02 1.9746e+02 1.1617e-04
1.1040e+03 1.7752e+02 1.1840e+03 2.7613e+02 1.1615e-04
1.1690e+03 1.8006e+02 1.2163e+03 3.0388e+02 1.1541e-04
1.2044e+03 3.3213e+02 1.2379e+03 3.7500e+02 1.1491e-04
6.7763e+02 1.5204e+02 7.8984e+02 1.8631e+02 1.1432e-04
7.8756e+02 3.3737e+02 8.2514e+02 3.7500e+02 1.1427e-04
7.5341e+02 1.2291e+02 9.2518e+02 2.0310e+02 1.1191e-04
7.3231e+02 2.8963e+02 8.0839e+02 3.7500e+02 1.1138e-04
1.1774e+03 1.7695e+02 1.2239e+03 2.9765e+02 1.1063e-04
4.4420e+02 3.4072e+02 4.8107e+02 3.7500e+02 1.0946e-04
0.0000e+00 1.3385e+02 4.0950e+01 2.4609e+02 1.0941e-04
4.6407e+02 2.0341e+02 6.1538e+02 3.7500e+02 1.0904e-04
6.3737e+02 1.2299e+02 8.3572e+02 1.9941e+02 1.0891e-04
0.0000e+00 1.2735e+02 1.4429e+02 3.2227e+02 1.0886e-04
0.0000e+00 0.0000e+00 3.4863e+01 2.0451e+01 1.0811e-04
1.2101e+03 7.0869e+01 1.2420e+03 1.1841e+02 1.0719e-04
1.2202e+03 3.4361e+02 1.2420e+03 3.7500e+02 1.0704e-04
1.1816e+03 8.3373e+01 1.2420e+03 2.6210e+02 1.0666e-04
1.2135e+03 2.4258e+02 1.2420e+03 3.7500e+02 1.0643e-04
1.1888e+03 1.4147e+02 1.2420e+03 1.8142e+02 1.0637e-04
4.1227e+02 2.8807e+02 4.8930e+02 3.7500e+02 1.0538e-04
4.5162e+02 3.4175e+02 4.8894e+02 3.7500e+02 1.0507e-04
1.2122e+03 8.9321e+01 1.2420e+03 1.3303e+02 1.0390e-04
5.5686e+02 2.0725e+02 7.1332e+02 3.7500e+02 1.0328e-04
0.0000e+00 6.8443e+01 1.4655e+02 2.4827e+02 1.0275e-04
1.2236e+03 3.9590e+01 1.2420e+03 1.4880e+02 1.0270e-04
1.1460e+03 2.0351e+02 1.1958e+03 3.2848e+02 1.0263e-04
7.7596e+02 1.7454e+02 8.2978e+02 2.3723e+02 1.0255e-04
7.0437e+02 1.5998e+02 8.0480e+02 1.9349e+02 1.0245e-04
1.1638e+03 1.4498e+02 1.2420e+03 1.8141e+02 1.0205e-04
1.1941e+03 3.6470e+01 1.2420e+03 1.5533e+02 1.0084e-04
9.8783e+02 2.9138e+02 1.0613e+03 3.7500e+02 1.0053e-04
1.0347e+03 1.5149e+02 1.1405e+03 1.9145e+02 1.0051e-04
1.1223e+03 1.4311e+02 1.1919e+03 2.2208e+02 1.0019e-04
0.0000e+00 0.0000e+00 6.1013e+01 3.1367e+02 1.0006e-04
2.8979e+02 2.7126e+02 6.6389e+02 3.7500e+02 1.0005e-04
8.4453e+02 1.4536e+02 8.7827e+02 2.2547e+02 9.9599e-05
1.0904e+03 1.8070e+02 1.2085e+03 2.3697e+02 9.9449e-05
4.3669e+02 3.5988e+02 5.3113e+02 3.7500e+02 9.9136e-05
7.5170e+02 1.6161e+02 8.0504e+02 2.0533e+02 9.9056e-05
4.3607e+02 1.9982e+02 5.8284e+02 3.7500e+02 9.8509e-05
4.9130e+02 2.8775e+02 5.6509e+02 3.7500e+02 9.7919e-05
6.5257e+02 6.3233e+01 9.2091e+02 2.8519e+02 9.7848e-05
9.8960e+02 1.6669e+02 1.0680e+03 1.9361e+02 9.7445e-05
7.8265e+02 1.3535e+02 8.6082e+02 1.7120e+02 9.7021e-05
1.0717e+03 1.8956e+02 1.2420e+03 3.5322e+02 9.6593e-05
1.1024e+03 1.3885e+02 1.1976e+03 1.8347e+02 9.6213e-05
6.5796e+02 1.3748e+02 8.4758e+02 2.1249e+02 9.6088e-05
7.6575e+02 1.8354e+02 8.5086e+02 2.3055e+02 9.4685e-05
0.0000e+00 1.6644e+02 1.1530e+01 2.8623e+02 9.4382e-05
1.0631e+03 0.0000e+00 1.2420e+03 2.8526e+02 9.3672e-05
7.6307e+02 1.5701e+02 7.9353e+02 2.3938e+02 9.3240e-05
1.1877e+03 3.1653e+01 1.2420e+03 1.3111e+02 9.3180e-05
1.0117e+03 1.1202e+02 1.0809e+03 2.8532e+02 9.3047e-05
1.1529e+03 1.8406e+02 1.1987e+03 3.1033e+02 9.2841e-05
7.9974e+02 1.4454e+02 8.7534e+02 1.8182e+02 9.2357e-05
1.0280e+03 1.5449e+02 1.1507e+03 2.8862e+02 9.2286e-05
8.1278e+02 1.3765e+02 8.8170e+02 3.0578e+02 9.2262e-05
1.0485e+03 1.5235e+02 1.1160e+03 2.0563e+02 9.1480e-05
1.1355e+03 1.5264e+02 1.1999e+03 2.2911e+02 9.1431e-05
1.0661e+03 2.9268e+02 1.1430e+03 3.7500e+02 9.1410e-05
4.2174e+02 3.5902e+02 4.8711e+02 3.7500e+02 9.1394e-05
1.0790e+03 1.0285e+02 1.1153e+03 2.0008e+02 9.1269e-05
4.5991e+02 3.4066e+02 4.9715e+02 3.7500e+02 8.9567e-05
1.0042e+03 2.9079e+02 1.0771e+03 3.7500e+02 8.9549e-05
4.7255e+02 2.7031e+02 8.5960e+02 3.7500e+02 8.9426e-05
4.3618e+02 3.5885e+02 5.0302e+02 3.7500e+02 8.9402e-05
4.3305e+02 2.6167e+02 7.1750e+02 3.7500e+02 8.9154e-05
8.5952e+02 3.4025e+02 8.9628e+02 3.7500e+02 8.8629e-05
5.2692e+02 1.3407e+02 7.1758e+02 2.1235e+02 8.8308e-05
0.0000e+00 1.8336e+01 2.9040e+01 2.2061e+02 8.7984e-05
1.0817e+03 1.1212e+02 1.2238e+03 2.2675e+02 8.6998e-05
4.8077e+02 1.2321e+02 6.6563e+02 1.9819e+02 8.6395e-05
0.0000e+00 3.2808e+02 3.2939e+01 3.7500e+02 8.5163e-05
1.1576e+03 2.0048e+02 1.2420e+03 2.4533e+02 8.5022e-05
1.0616e+03 1.8810e+02 1.1677e+03 2.8306e+02 8.4269e-05
1.1953e+03 1.5297e+02 1.2420e+03 2.0716e+02 8.4230e-05
1.1188e+03 3.2967e+02 1.2390e+03 3.7500e+02 8.4039e-05
5.8070e+02 6.9568e+01 9.4299e+02 2.2418e+02 8.4035e-05
6.8301e+02 1.2421e+02 8.7523e+02 2.0510e+02 8.3998e-05
1.2017e+03 2.1409e+02 1.2420e+03 2.8366e+02 8.3973e-05
1.0872e+03 7.8906e+01 1.1609e+03 2.3672e+02 8.3861e-05
1.1913e+03 2.2151e+02 1.2420e+03 2.6927e+02 8.3800e-05
4.0539e+02 2.0645e+02 5.5227e+02 3.7500e+02 8.3566e-05
1.0506e+03 2.9106e+02 1.1271e+03 3.7500e+02 8.3411e-05
6.6301e+02 1.6906e+02 7.3998e+02 1.9975e+02 8.3195e-05
1.0831e+03 2.9127e+02 1.1575e+03 3.7500e+02 8.2844e-05
1.0132e+03 0.0000e+00 1.2420e+03 2.3757e+02 8.2593e-05
1.1151e+03 1.5748e+02 1.2175e+03 2.0698e+02 8.2446e-05
7.8140e+02 1.4585e+02 8.9427e+02 2.3904e+02 8.2280e-05
8.4567e+02 3.2928e+02 9.6902e+02 3.7500e+02 8.1535e-05
5.9169e+02 2.0546e+02 7.4317e+02 3.7500e+02 8.1510e-05

