3.7132e+02 1.7533e+02 5.1401e+02 2.8335e+02 9.9976e-01
5.4650e+02 1.7391e+02 5.7912e+02 2.0145e+02 9.9966e-01
0.0000e+00 2.3377e+02 2.7738e+02 3.7500e+02 9.9873e-01
1.0383e+00 2.3919e+02 2.5662e+02 3.7260e+02 9.9610e-01
5.5016e+02 1.7429e+02 5.7520e+02 1.9536e+02 9.9377e-01
3.4808e+01 2.5375e+02 2.8698e+02 3.7500e+02 9.9006e-01
5.8146e+02 1.5851e+02 6.0119e+02 1.7669e+02 9.8776e-01
5.5335e+02 1.7367e+02 5.7730e+02 1.9105e+02 9.7379e-01
3.8947e+02 1.7880e+02 5.2904e+02 2.6757e+02 9.7069e-01
0.0000e+00 1.9738e+02 2.5615e+02 3.5742e+02 9.2664e-01
3.5333e+02 1.7986e+02 5.0213e+02 2.6931e+02 9.2141e-01
8.7102e+01 2.6049e+02 3.0579e+02 3.7122e+02 8.6675e-01
0.0000e+00 1.9712e+02 3.5433e+02 3.7500e+02 8.4322e-01
5.4657e+02 1.7556e+02 5.7017e+02 1.9749e+02 8.2656e-01
5.8571e+02 1.5666e+02 6.0460e+02 1.7395e+02 7.8475e-01
4.0110e+02 1.6618e+02 4.8080e+02 3.0558e+02 7.7243e-01
5.5155e+02 1.6850e+02 5.7123e+02 2.0293e+02 7.6013e-01
0.0000e+00 2.2992e+02 2.2299e+02 3.5233e+02 7.2275e-01
0.0000e+00 1.3969e+02 4.5349e+02 3.7500e+02 7.1556e-01
3.6674e+02 2.0414e+02 4.9870e+02 2.9255e+02 6.3164e-01
4.1172e+02 1.5926e+02 4.9534e+02 3.0046e+02 6.0686e-01
5.5378e+02 1.7683e+02 5.7645e+02 1.9785e+02 5.9552e-01
5.5096e+02 1.7503e+02 5.7259e+02 1.9172e+02 5.9131e-01
5.0471e+01 2.0583e+02 1.9895e+02 3.7500e+02 5.8270e-01
5.5818e+02 1.7513e+02 5.7864e+02 1.9347e+02 5.5064e-01
5.5608e+02 1.7020e+02 5.7505e+02 2.0165e+02 5.3192e-01
6.3423e+01 2.2876e+02 2.7782e+02 3.6444e+02 5.2929e-01
3.8586e+02 1.7302e+02 4.6391e+02 3.0716e+02 4.9439e-01
5.8306e+01 1.4684e+02 1.9943e+02 3.5063e+02 4.9122e-01
1.3607e+01 2.5802e+02 3.5152e+02 3.7500e+02 4.8598e-01
5.7819e+02 1.5752e+02 5.9796e+02 1.7633e+02 4.7209e-01
5.8532e+02 1.5530e+02 5.9694e+02 1.8023e+02 4.2305e-01
1.7889e+01 2.0957e+02 3.2876e+02 3.6068e+02 3.6497e-01
7.7753e+01 1.6349e+02 1.8558e+02 3.7500e+02 3.2979e-01
8.2479e+01 1.5304e+02 2.2023e+02 3.4717e+02 3.0289e-01
5.5062e+02 1.7006e+02 5.6664e+02 1.9976e+02 2.9385e-01
5.4211e+02 1.7773e+02 5.6669e+02 1.9911e+02 2.8476e-01
5.6093e+02 1.7019e+02 5.7728e+02 1.9953e+02 2.8453e-01
5.7971e+02 1.6298e+02 6.0100e+02 1.7994e+02 2.7569e-01
5.4846e+02 1.7515e+02 5.7156e+02 2.0928e+02 2.5938e-01
9.1927e+01 2.0109e+02 2.0331e+02 3.7500e+02 2.5446e-01
6.1317e+01 2.4045e+02 3.1036e+02 3.7500e+02 2.5154e-01
4.5855e+00 3.9949e+01 2.8046e+02 3.7500e+02 2.4364e-01
5.8991e+02 1.5757e+02 6.0931e+02 1.7490e+02 2.3645e-01
5.8855e+02 1.5397e+02 5.9986e+02 1.7871e+02 2.2489e-01
0.0000e+00 1.1912e+02 3.1949e+02 3.7500e+02 2.0892e-01
4.4806e+02 1.7981e+02 5.2387e+02 2.5270e+02 2.0832e-01
5.4422e+02 1.7323e+02 5.6902e+02 1.9058e+02 2.0819e-01
2.2434e+01 2.3544e+02 2.5189e+02 3.3938e+02 2.0637e-01
4.2940e+02 1.7205e+02 5.0818e+02 3.0211e+02 2.0091e-01
5.5666e+02 1.7273e+02 5.7810e+02 1.8669e+02 1.8932e-01
3.7467e+02 1.7562e+02 5.2976e+02 2.4594e+02 1.8806e-01
5.8212e+02 1.5587e+02 6.0344e+02 1.7098e+02 1.8685e-01
1.0694e+02 2.1796e+02 2.4473e+02 3.7500e+02 1.8414e-01
3.6080e+01 1.2659e+02 1.8220e+02 3.5449e+02 1.7054e-01
3.8436e+02 1.8739e+02 5.0277e+02 2.8002e+02 1.6172e-01
5.7700e+02 1.6465e+02 5.9694e+02 1.8048e+02 1.5670e-01
4.2422e+02 1.8232e+02 5.1878e+02 2.6273e+02 1.4736e-01
5.8589e+02 1.5499e+02 6.0678e+02 1.7087e+02 1.4493e-01
5.3622e+02 1.7173e+02 5.8575e+02 2.0293e+02 1.3853e-01
5.5369e+02 1.6694e+02 5.6990e+02 1.9570e+02 1.3791e-01
0.0000e+00 2.2985e+02 1.7633e+02 3.7500e+02 1.3673e-01
5.5035e+02 1.7257e+02 5.7416e+02 1.8695e+02 1.2927e-01
5.5678e+02 1.6756e+02 5.7265e+02 1.9529e+02 1.2499e-01
4.0699e+02 1.8939e+02 5.1281e+02 2.8345e+02 1.2261e-01
1.1844e+02 2.7771e+02 3.0273e+02 3.7500e+02 1.1977e-01
5.8238e+02 1.5652e+02 5.9598e+02 1.8152e+02 1.1891e-01
3.9149e+02 1.7542e+02 5.0229e+02 2.6494e+02 1.1870e-01
5.5995e+02 1.7271e+02 5.8095e+02 1.8833e+02 1.0911e-01
5.6195e+02 1.7519e+02 5.8218e+02 1.9262e+02 1.0840e-01
4.3640e+02 1.8568e+02 5.2669e+02 2.4170e+02 1.0816e-01
4.6352e+02 1.6855e+02 5.1223e+02 2.6778e+02 1.0541e-01
5.3368e+01 1.5573e+02 1.6566e+02 3.7500e+02 1.0212e-01
5.8340e+02 1.5268e+02 5.9673e+02 1.7680e+02 9.7139e-02
2.4563e+02 1.7408e+02 2.8206e+02 1.9183e+02 9.0177e-02
5.4125e+02 1.7523e+02 5.6525e+02 1.9449e+02 8.4762e-02
2.9951e+02 1.5340e+02 5.4214e+02 2.9588e+02 8.2060e-02
5.8922e+02 1.5177e+02 6.0194e+02 1.7576e+02 7.9819e-02
6.1108e+01 2.3836e+02 2.8556e+02 3.2957e+02 7.8509e-02
5.5362e+02 1.7590e+02 5.7613e+02 2.0841e+02 7.8175e-02
1.0543e+02 2.5146e+02 3.1428e+02 3.4538e+02 7.6242e-02
4.3829e+02 1.6154e+02 5.1216e+02 2.8098e+02 7.4823e-02
5.7646e+02 1.5532e+02 5.9579e+02 1.7323e+02 7.3503e-02
5.7594e+02 1.6066e+02 5.9763e+02 1.7854e+02 6.8990e-02
0.0000e+00 2.2458e+02 1.6937e+02 3.3803e+02 6.5998e-02
1.3088e+02 2.1799e+02 2.2818e+02 3.7500e+02 6.4698e-02
3.1184e+00 2.2660e+02 2.0219e+02 3.0856e+02 6.4479e-02
5.7251e+02 1.6476e+02 5.9423e+02 1.8128e+02 6.3809e-02
5.6482e+02 1.6838e+02 5.7772e+02 1.9557e+02 6.3178e-02
6.5103e+01 2.9213e+02 2.8554e+02 3.6427e+02 6.0942e-02
5.4550e+02 1.8210e+02 5.7982e+02 2.0422e+02 5.9750e-02
4.0796e+02 1.7513e+02 5.4836e+02 2.5770e+02 5.7738e-02
4.3816e+02 1.9478e+02 5.3120e+02 2.5756e+02 5.7314e-02
3.8207e+02 1.8641e+02 4.9478e+02 2.5542e+02 5.6085e-02
3.4631e+02 1.7431e+02 5.0124e+02 2.4073e+02 5.5696e-02
0.0000e+00 1.6074e+02 2.6073e+02 3.2573e+02 5.4261e-02
5.5871e+02 1.7354e+02 5.7712e+02 2.0518e+02 5.4122e-02
4.4324e+02 1.6593e+02 4.9900e+02 2.7013e+02 5.3749e-02
5.9158e+02 1.5428e+02 6.0264e+02 1.7957e+02 5.2835e-02
5.8316e+02 1.6381e+02 6.0067e+02 1.7704e+02 5.0923e-02
4.1674e+02 1.7867e+02 5.1470e+02 2.2626e+02 4.9465e-02
5.4073e+02 1.7750e+02 5.6090e+02 1.9762e+02 4.6601e-02
4.1018e+02 1.6394e+02 4.7228e+02 2.7712e+02 4.4937e-02
5.7554e+02 1.6649e+02 5.9491e+02 1.8281e+02 4.4788e-02
4.0722e+02 1.8374e+02 5.1301e+02 2.5038e+02 4.3186e-02
3.2455e+02 1.7944e+02 4.8007e+02 2.5521e+02 4.2228e-02
3.9443e+02 1.8077e+02 5.0245e+02 2.2767e+02 3.8677e-02
8.6139e+01 1.9152e+02 1.6422e+02 3.7068e+02 3.8546e-02
5.4268e+02 1.8004e+02 5.6993e+02 2.0220e+02 3.7599e-02
5.6638e+02 1.7522e+02 5.8500e+02 1.9161e+02 3.6591e-02
1.4708e+02 2.2634e+02 2.4738e+02 3.7500e+02 3.6494e-02
5.6396e+02 1.7226e+02 5.8534e+02 1.8837e+02 3.5350e-02
1.4260e+02 2.1815e+02 2.7025e+02 3.7500e+02 3.4320e-02
1.2148e+02 2.1127e+02 2.0585e+02 3.7500e+02 3.3716e-02
3.5015e+02 1.9283e+02 4.7796e+02 2.7545e+02 3.3141e-02
1.2927e+02 2.6462e+02 3.1917e+02 3.6063e+02 3.2642e-02
1.1038e+02 1.9438e+02 1.9252e+02 3.6833e+02 3.1177e-02
0.0000e+00 2.1090e+02 1.1927e+02 3.7500e+02 3.0594e-02
4.4754e+02 1.7773e+02 5.0707e+02 2.7544e+02 3.0350e-02
4.4094e+02 1.7395e+02 5.1527e+02 2.4265e+02 2.9903e-02
4.5995e+02 1.6345e+02 5.0278e+02 2.6456e+02 2.9664e-02
4.6977e+02 1.8043e+02 5.1678e+02 2.7152e+02 2.9501e-02
7.6766e+02 2.0377e+02 8.0987e+02 2.2080e+02 2.9259e-02
9.9257e+01 2.9537e+02 2.3414e+02 3.5315e+02 2.8655e-02
5.9070e+02 1.5381e+02 6.1191e+02 1.7205e+02 2.8566e-02
5.4827e+02 1.6854e+02 5.5985e+02 1.9742e+02 2.8236e-02
5.8126e+02 1.5286e+02 5.9247e+02 1.7833e+02 2.7923e-02
0.0000e+00 1.8733e+02 2.0056e+02 3.4510e+02 2.7854e-02
3.9545e+02 1.9281e+02 5.1006e+02 2.5839e+02 2.6697e-02
4.2836e+02 1.7066e+02 4.9222e+02 2.7575e+02 2.5550e-02
5.8734e+02 1.6151e+02 6.0723e+02 1.7804e+02 2.5530e-02
3.8744e+02 1.7980e+02 4.9094e+02 2.4118e+02 2.5421e-02
1.0691e+02 1.6173e+02 2.4527e+02 3.5890e+02 2.5368e-02
5.6795e+02 1.7310e+02 5.8643e+02 1.8944e+02 2.4562e-02
2.4450e+02 1.7822e+02 2.8200e+02 1.9482e+02 2.4485e-02
5.6112e+02 1.6697e+02 5.7516e+02 1.9367e+02 2.2115e-02
7.6048e+01 2.0356e+02 1.4889e+02 3.7500e+02 2.2090e-02
1.4409e+01 1.8418e+02 1.5334e+02 3.7500e+02 2.1909e-02
7.6622e+02 2.0622e+02 8.1196e+02 2.2460e+02 2.1895e-02
1.6523e+02 2.3231e+02 2.6739e+02 3.7500e+02 2.1478e-02
5.6623e+02 1.6897e+02 5.8871e+02 1.8405e+02 2.1224e-02
1.0465e+02 3.0283e+02 2.4287e+02 3.6268e+02 2.0291e-02
3.8093e+02 1.7498e+02 4.4620e+02 2.9417e+02 2.0019e-02
1.2746e+02 1.7275e+02 2.3323e+02 3.7500e+02 1.9947e-02
3.2194e+02 1.8411e+02 4.1204e+02 2.1983e+02 1.9236e-02
3.9078e+01 1.9661e+02 1.3618e+02 3.7102e+02 1.8260e-02
5.5002e+02 1.6627e+02 5.6439e+02 1.9721e+02 1.8059e-02
1.0153e+02 2.4195e+02 3.0801e+02 3.2650e+02 1.7716e-02
5.6737e+02 1.7069e+02 5.7830e+02 1.9668e+02 1.6938e-02
4.5551e+02 1.9113e+02 5.1930e+02 2.6449e+02 1.6790e-02
5.7978e+02 1.5973e+02 5.9453e+02 1.8663e+02 1.6616e-02
3.7841e+02 2.0382e+02 4.9180e+02 2.7786e+02 1.6048e-02
5.7413e+02 1.5994e+02 5.9290e+02 1.7809e+02 1.5954e-02
7.5494e+02 2.0418e+02 8.0464e+02 2.2080e+02 1.5652e-02
4.1834e+02 1.7185e+02 5.0430e+02 2.4365e+02 1.4743e-02
9.3729e+01 2.2865e+02 2.7286e+02 3.3946e+02 1.4519e-02
0.0000e+00 2.1931e+02 1.3489e+02 3.7500e+02 1.4493e-02
5.4720e+02 1.6062e+02 5.7745e+02 2.2012e+02 1.4278e-02
5.7886e+02 1.5150e+02 5.9895e+02 1.7025e+02 1.3989e-02
4.1608e+02 1.7483e+02 5.0202e+02 3.2125e+02 1.3823e-02
5.9264e+02 1.5113e+02 6.0482e+02 1.7698e+02 1.3790e-02
4.2767e+02 1.8257e+02 5.2181e+02 2.7562e+02 1.3776e-02
5.9454e+02 1.5267e+02 6.0772e+02 1.8001e+02 1.3432e-02
4.1846e+02 1.9170e+02 5.1370e+02 2.7444e+02 1.3152e-02
5.7291e+02 1.7273e+02 5.9217e+02 1.8795e+02 1.3084e-02
0.0000e+00 1.4608e+02 1.4948e+01 2.5713e+02 1.2895e-02
2.5058e+02 1.7192e+02 2.8737e+02 1.8888e+02 1.2697e-02
2.2645e+01 2.2319e+02 2.3677e+02 2.9785e+02 1.2697e-02
3.7133e+02 1.8841e+02 4.7771e+02 2.4678e+02 1.2573e-02
3.9368e+02 1.5726e+02 4.7833e+02 2.7522e+02 1.2479e-02
1.0961e+03 2.1312e+02 1.2020e+03 2.5102e+02 1.2349e-02
5.7413e+02 1.7088e+02 5.9439e+02 1.8562e+02 1.2178e-02
9.6317e+01 2.0763e+02 1.7426e+02 3.7500e+02 1.2136e-02
1.1157e+02 3.1410e+02 2.5737e+02 3.6628e+02 1.2089e-02
4.5265e+02 1.8307e+02 5.2779e+02 2.3386e+02 1.2067e-02
5.4773e+02 1.7233e+02 5.6109e+02 2.0366e+02 1.2044e-02
5.8443e+02 1.5195e+02 6.0830e+02 1.6652e+02 1.1969e-02
4.2387e+02 1.5234e+02 5.0721e+02 2.6996e+02 1.1878e-02
2.5240e+02 1.7829e+02 2.8844e+02 1.9551e+02 1.1426e-02
7.6742e+02 1.9993e+02 8.1024e+02 2.1789e+02 1.1096e-02
4.0035e+02 1.6678e+02 4.5513e+02 2.7469e+02 1.0908e-02
2.4091e+02 1.7062e+02 2.7935e+02 1.8966e+02 1.0623e-02
0.0000e+00 0.0000e+00 1.2261e+02 3.7500e+02 1.0249e-02
5.7957e+02 1.4953e+02 5.9150e+02 1.7691e+02 1.0098e-02
3.8546e+02 1.1496e+02 5.0738e+02 3.4808e+02 9.9784e-03
0.0000e+00 1.0531e+02 3.3433e+01 2.9103e+02 9.9585e-03
5.7552e+01 1.8027e+02 1.4117e+02 3.4676e+02 9.9332e-03
5.3208e+02 1.6768e+02 5.9349e+02 2.0083e+02 9.9301e-03
7.6652e+01 2.9559e+02 2.1390e+02 3.5025e+02 9.8366e-03
5.6180e+02 1.7003e+02 5.8337e+02 1.8432e+02 9.6367e-03
5.6050e+02 1.3274e+02 5.8912e+02 1.4985e+02 9.6304e-03
3.4142e+02 1.8447e+02 4.2569e+02 2.1839e+02 9.6074e-03
3.4186e+02 1.8904e+02 3.9623e+02 2.0973e+02 9.4070e-03
5.3371e+02 1.8144e+02 5.6234e+02 2.0104e+02 9.0594e-03
3.2220e+02 1.5496e+02 5.8775e+02 2.7923e+02 9.0434e-03
5.6153e+02 1.7991e+02 5.8299e+02 1.9902e+02 8.5387e-03
1.0861e+03 2.1914e+02 1.1930e+03 2.5885e+02 8.5096e-03
5.8328e+02 1.5994e+02 5.9669e+02 1.8553e+02 8.4938e-03
5.6495e+02 1.7097e+02 5.8266e+02 1.8614e+02 8.4851e-03
0.0000e+00 2.5568e+02 1.7400e+02 3.7500e+02 8.4099e-03
4.1856e+02 1.7632e+02 4.8354e+02 2.7838e+02 8.1634e-03
1.0612e+02 2.5864e+02 3.3961e+02 3.7500e+02 8.1631e-03
0.0000e+00 1.7178e+02 1.5142e+02 3.4047e+02 8.0750e-03
3.4473e+02 1.9222e+02 3.9877e+02 2.1361e+02 7.9031e-03
2.4423e+01 1.8802e+02 1.2252e+02 3.5951e+02 7.4820e-03
3.0068e+02 1.7736e+02 4.6385e+02 2.4496e+02 7.4142e-03
5.4372e+02 1.8520e+02 5.7799e+02 2.0689e+02 7.1820e-03
3.3193e+02 1.8196e+02 4.5858e+02 2.7570e+02 7.0741e-03
7.5576e+02 2.0021e+02 8.0410e+02 2.1689e+02 6.8525e-03
5.3455e+02 1.7502e+02 5.5988e+02 1.9416e+02 6.7569e-03
0.0000e+00 2.7405e+02 2.8831e+01 3.7500e+02 6.6466e-03
2.4968e+02 1.7593e+02 2.7854e+02 1.9567e+02 6.4304e-03
5.7370e+02 1.5652e+02 5.9277e+02 1.7533e+02 6.3713e-03
5.9402e+02 1.5571e+02 6.1541e+02 1.7311e+02 6.3697e-03
1.7397e+01 8.1301e+01 1.4823e+02 3.5433e+02 6.3537e-03
7.7247e+02 2.0277e+02 8.1786e+02 2.2156e+02 6.3360e-03
7.5764e+02 1.8555e+02 8.0424e+02 2.0646e+02 6.2667e-03
5.6503e+02 1.3201e+02 5.8796e+02 1.5482e+02 6.1673e-03
3.4561e+02 1.8624e+02 3.9889e+02 2.0619e+02 6.1024e-03
3.0492e+02 1.6724e+02 4.7320e+02 2.3217e+02 6.0728e-03
5.6935e+02 1.6803e+02 5.8016e+02 1.9455e+02 6.0247e-03
7.3524e+02 1.8326e+02 8.2152e+02 2.1551e+02 6.0215e-03
1.1799e+02 1.8062e+02 2.0069e+02 3.2242e+02 5.9530e-03
1.2015e+03 2.8349e+02 1.2420e+03 3.7500e+02 5.9434e-03
2.4377e+02 1.6789e+02 2.8407e+02 1.8732e+02 5.8240e-03
0.0000e+00 1.2977e+02 3.1732e+01 3.2688e+02 5.8142e-03
5.3436e+02 1.7879e+02 5.5448e+02 1.9769e+02 5.7411e-03
1.0824e+03 0.0000e+00 1.2420e+03 3.7500e+02 5.7271e-03
2.5717e+02 1.6952e+02 2.7230e+02 2.0093e+02 5.7263e-03
4.4719e+02 1.4571e+02 5.1440e+02 2.6888e+02 5.6556e-03
0.0000e+00 1.7356e+02 1.4593e+01 2.8082e+02 5.6437e-03
5.5283e+02 1.7038e+02 5.7289e+02 1.8591e+02 5.6113e-03
3.2105e+02 1.7794e+02 4.1415e+02 2.1251e+02 5.5729e-03
1.2014e+03 2.0250e+02 1.2420e+03 3.7500e+02 5.5645e-03
1.0229e+02 1.8136e+02 1.8206e+02 3.2562e+02 5.5546e-03
5.8681e+02 1.6457e+02 6.0437e+02 1.7746e+02 5.5401e-03
0.0000e+00 1.6614e+02 7.8119e+00 2.2044e+02 5.5092e-03
1.0990e+03 2.0619e+02 1.2074e+03 2.4305e+02 5.4912e-03
1.1549e+03 1.7493e+02 1.2420e+03 3.7500e+02 5.4623e-03
4.1056e+02 1.5997e+02 4.5861e+02 2.6452e+02 5.4442e-03
7.3468e+02 1.9068e+02 8.1955e+02 2.2259e+02 5.3966e-03
1.4815e+02 1.9797e+02 2.3493e+02 3.4191e+02 5.3944e-03
4.3173e+02 1.6372e+02 4.7997e+02 2.6418e+02 5.3837e-03
4.5913e+02 1.6039e+02 5.1427e+02 2.8902e+02 5.2940e-03
8.5645e+01 3.1612e+02 2.2964e+02 3.6267e+02 5.2533e-03
4.1268e+02 1.6362e+02 5.6730e+02 2.3756e+02 5.1776e-03
0.0000e+00 9.6548e+01 2.0617e+02 3.7500e+02 5.1642e-03
5.7803e+02 1.6143e+02 5.9140e+02 1.8819e+02 5.1167e-03
3.4010e+02 1.4576e+02 5.6235e+02 3.1450e+02 5.0096e-03
3.9149e+02 1.7621e+02 4.4776e+02 2.7027e+02 4.9313e-03
5.8871e+02 1.5158e+02 6.1022e+02 1.6925e+02 4.8027e-03
1.3401e+02 1.8901e+02 2.1860e+02 3.3032e+02 4.7330e-03
1.2234e+03 3.3104e+02 1.2420e+03 3.7500e+02 4.7003e-03
2.3173e+02 1.7898e+02 2.7097e+02 1.9475e+02 4.6942e-03
2.0228e+02 2.5409e+02 2.7768e+02 3.7500e+02 4.6911e-03
5.5020e+02 1.6912e+02 5.7003e+02 1.8518e+02 4.6869e-03
5.8517e+02 1.4884e+02 5.9995e+02 1.7721e+02 4.6807e-03
7.3365e+02 1.9690e+02 8.1956e+02 2.2952e+02 4.6354e-03
1.2233e+01 2.9042e+02 2.4905e+02 3.6591e+02 4.6152e-03
2.1925e+02 2.6401e+02 2.8742e+02 3.7500e+02 4.5850e-03
3.6451e+02 1.8437e+02 4.4619e+02 2.1980e+02 4.5827e-03
0.0000e+00 1.9263e+02 3.6770e+01 2.3801e+02 4.5800e-03
0.0000e+00 3.2528e+02 1.2111e+01 3.7500e+02 4.5392e-03
7.7310e+02 1.9864e+02 8.1751e+02 2.1832e+02 4.3706e-03
2.3375e+02 1.7525e+02 2.7124e+02 1.9176e+02 4.3156e-03
2.0208e+02 1.9544e+02 2.5082e+02 2.1778e+02 4.3017e-03
7.5870e+02 1.8194e+02 8.0370e+02 2.0201e+02 4.2869e-03
2.5761e+02 1.7513e+02 2.9318e+02 1.9141e+02 4.2421e-03
0.0000e+00 1.7243e+02 6.8212e+00 2.2808e+02 4.2071e-03
0.0000e+00 1.7782e+02 2.4923e+01 2.3651e+02 4.1576e-03
5.8130e+02 1.4747e+02 5.9585e+02 1.7718e+02 4.1303e-03
5.4306e+02 1.7127e+02 5.6179e+02 1.8927e+02 4.0693e-03
6.0486e+01 3.0874e+02 2.8669e+02 3.7500e+02 4.0690e-03
5.6956e+02 1.3009e+02 5.8366e+02 1.6326e+02 4.0398e-03
3.7416e+02 1.8191e+02 4.7481e+02 2.3239e+02 3.9947e-03
0.0000e+00 1.2249e+02 1.6186e+01 2.3506e+02 3.9700e-03
5.7105e+02 1.7582e+02 5.9066e+02 1.9090e+02 3.9674e-03
1.2752e+02 2.9978e+02 2.5960e+02 3.6412e+02 3.9563e-03
7.5638e+02 1.9426e+02 8.0493e+02 2.1263e+02 3.9375e-03
5.6595e+02 1.6572e+02 5.8745e+02 1.8088e+02 3.9334e-03
1.8611e+02 2.5237e+02 2.6325e+02 3.7500e+02 3.8380e-03
5.4217e+02 1.7017e+02 5.6678e+02 1.8687e+02 3.8377e-03
1.1074e+03 1.8803e+02 1.2148e+03 2.2707e+02 3.8227e-03
5.8393e+02 1.6584e+02 6.0319e+02 1.7936e+02 3.8096e-03
5.2524e+02 1.6187e+02 5.8508e+02 1.9735e+02 3.7655e-03
3.7696e-01 1.8485e+02 3.5875e+01 2.9961e+02 3.7450e-03
7.5471e+02 1.8919e+02 8.0324e+02 2.0931e+02 3.7374e-03
5.6674e+02 1.7935e+02 5.8616e+02 1.9729e+02 3.7055e-03
5.3685e+02 1.8361e+02 5.6456e+02 2.0359e+02 3.6729e-03
3.9666e+02 2.0741e+02 5.0456e+02 2.8101e+02 3.6609e-03
5.7675e+02 1.5063e+02 6.0100e+02 1.6623e+02 3.6557e-03
1.0788e+03 2.5845e+02 1.2420e+03 3.7500e+02 3.6509e-03
1.1872e+03 3.1791e+02 1.2420e+03 3.7500e+02 3.6503e-03
3.0763e+02 1.8650e+02 4.6123e+02 2.6119e+02 3.6481e-03
1.0210e+03 8.2375e+01 1.2420e+03 3.7500e+02 3.5842e-03
1.1057e+03 2.2006e+02 1.2195e+03 2.5908e+02 3.5796e-03
4.4865e+00 1.9096e+02 4.2801e+01 3.0897e+02 3.5506e-03
1.2253e+03 1.5672e+02 1.2420e+03 2.6521e+02 3.5141e-03
0.0000e+00 2.4745e+02 1.1133e+02 3.7500e+02 3.5124e-03
6.5245e+02 1.3343e+02 6.6842e+02 1.7298e+02 3.5077e-03
1.1227e+03 2.4417e+02 1.2420e+03 3.7500e+02 3.5059e-03
7.7027e+02 2.0207e+02 8.0426e+02 2.2283e+02 3.4946e-03
1.6931e+02 1.8938e+02 2.6389e+02 2.2438e+02 3.4864e-03
7.6557e+02 1.9462e+02 8.1024e+02 2.1416e+02 3.4695e-03
7.3339e+02 1.7516e+02 8.2227e+02 2.0912e+02 3.4614e-03
0.0000e+00 1.7687e+02 3.6121e+01 2.2188e+02 3.4160e-03
3.4310e+01 1.2267e+02 1.3062e+02 3.7500e+02 3.4042e-03
7.4700e+02 2.0332e+02 7.9457e+02 2.2058e+02 3.3968e-03
1.1707e+03 2.1589e+02 1.2402e+03 3.7500e+02 3.3965e-03
7.6324e+02 1.7836e+02 8.0547e+02 1.9759e+02 3.3922e-03
7.6805e+02 2.0963e+02 8.1636e+02 2.2841e+02 3.3833e-03
1.7658e+02 2.7089e+02 3.0705e+02 3.7500e+02 3.3268e-03
5.7787e+02 1.7038e+02 5.9751e+02 1.8397e+02 3.3258e-03
8.8365e+01 2.8035e+02 2.2892e+02 3.4374e+02 3.2733e-03
0.0000e+00 1.4507e+02 2.4108e+01 2.6354e+02 3.2593e-03
2.6896e+02 1.6390e+02 4.3847e+02 2.2760e+02 3.2584e-03
9.4679e+02 1.1120e+02 1.2420e+03 3.7500e+02 3.2513e-03
0.0000e+00 2.1277e+02 1.3584e+02 3.2439e+02 3.2497e-03
5.4446e+02 1.6766e+02 5.5440e+02 1.9910e+02 3.2444e-03
7.7214e-01 2.0148e+02 8.1244e+01 3.7500e+02 3.2171e-03
0.0000e+00 1.7844e+02 5.0850e+01 3.7500e+02 3.1810e-03
0.0000e+00 2.1288e+02 1.4424e+01 3.3768e+02 3.1675e-03
6.9754e+02 1.8277e+02 7.7944e+02 2.1779e+02 3.1447e-03
2.5656e+02 1.7173e+02 2.9607e+02 1.8881e+02 3.1400e-03
1.0982e+03 1.9711e+02 1.2077e+03 2.3445e+02 3.0585e-03
1.2251e+03 1.3323e+02 1.2420e+03 2.3904e+02 3.0520e-03
5.4912e+02 1.5347e+02 5.8269e+02 2.1312e+02 3.0371e-03
1.4681e+02 2.5509e+02 2.2281e+02 3.7500e+02 3.0258e-03
7.2539e+01 2.2592e+02 2.8440e+02 2.9542e+02 3.0217e-03
5.5861e+02 1.2910e+02 5.8859e+02 1.4604e+02 3.0100e-03
5.6240e+02 1.3440e+02 5.9090e+02 1.5309e+02 2.9946e-03
5.7371e+02 1.4927e+02 5.9408e+02 1.6838e+02 2.9712e-03
0.0000e+00 2.0016e+02 3.4525e+01 2.4581e+02 2.9676e-03
4.5380e+02 1.7611e+02 5.1502e+02 2.3132e+02 2.9292e-03
0.0000e+00 1.5651e+02 3.6573e+01 2.7211e+02 2.9129e-03
3.7818e+02 8.9145e+01 4.9004e+02 3.2876e+02 2.8944e-03
3.4570e+02 1.9563e+02 3.9709e+02 2.1833e+02 2.8781e-03
1.2204e+03 3.5217e+02 1.2420e+03 3.7500e+02 2.8748e-03
7.8080e+02 2.0155e+02 8.2821e+02 2.2250e+02 2.8649e-03
5.5733e+02 1.6962e+02 5.7677e+02 1.8495e+02 2.8353e-03
5.1707e+02 1.6786e+02 5.7681e+02 2.0031e+02 2.8228e-03
4.3658e+02 1.7891e+02 5.0020e+02 2.8568e+02 2.8003e-03
0.0000e+00 1.3886e+02 4.8166e+01 2.4587e+02 2.7892e-03
5.6848e+02 1.7798e+02 5.8911e+02 1.9380e+02 2.7864e-03
1.6821e+02 2.5661e+02 2.4737e+02 3.7500e+02 2.7755e-03
2.8515e+02 1.5750e+02 3.3530e+02 1.7655e+02 2.7684e-03
1.1138e+03 2.1281e+02 1.2250e+03 2.5244e+02 2.7560e-03
7.7622e+02 2.0610e+02 8.2360e+02 2.2484e+02 2.7399e-03
3.4008e+02 1.7800e+02 4.2509e+02 2.1049e+02 2.7054e-03
2.1439e+00 1.9356e+02 3.6872e+01 3.4125e+02 2.6894e-03
2.2671e+02 1.8331e+02 2.6928e+02 2.0028e+02 2.6796e-03
4.8026e+02 1.8642e+02 5.0385e+02 2.4270e+02 2.6681e-03
5.4635e+02 1.6293e+02 5.5794e+02 1.9731e+02 2.6649e-03
1.8452e+02 1.9282e+02 2.8189e+02 2.2383e+02 2.6621e-03
2.4237e+02 1.7311e+02 2.7257e+02 1.9243e+02 2.6387e-03
4.7004e+02 1.6691e+02 5.0728e+02 2.5432e+02 2.6215e-03
0.0000e+00 2.0442e+02 6.7615e+01 2.4535e+02 2.6203e-03
7.5123e+02 1.8099e+02 7.9596e+02 2.0188e+02 2.6039e-03
5.9045e+02 1.5964e+02 6.1383e+02 1.7568e+02 2.6001e-03
6.8446e+01 1.5049e+02 2.5022e+02 2.0790e+02 2.5982e-03
5.4480e+02 1.7488e+02 5.6213e+02 2.0860e+02 2.4747e-03
4.1327e+02 1.8204e+02 4.7627e+02 2.9594e+02 2.4650e-03
0.0000e+00 1.9450e+02 2.4114e+01 2.5104e+02 2.4596e-03
0.0000e+00 1.8937e+02 7.1893e+00 2.4525e+02 2.4380e-03
0.0000e+00 1.6429e+02 7.8385e+01 2.4914e+02 2.3785e-03
1.2217e+03 2.5439e+02 1.2420e+03 3.7500e+02 2.3739e-03
1.1589e+03 4.5444e+01 1.2420e+03 3.7500e+02 2.3566e-03
0.0000e+00 0.0000e+00 3.3583e+01 8.2016e+01 2.3504e-03
1.2230e+03 2.0977e+02 1.2420e+03 3.2162e+02 2.3480e-03
1.2019e+03 1.6328e+02 1.2420e+03 3.5023e+02 2.3273e-03
7.5000e+02 2.0614e+02 7.9872e+02 2.2274e+02 2.3151e-03
7.7368e+02 2.0420e+02 8.0812e+02 2.2615e+02 2.3149e-03
1.2253e+03 6.2130e+01 1.2420e+03 1.6475e+02 2.3045e-03
9.0040e+01 1.5989e+02 2.8093e+02 2.2162e+02 2.2957e-03
3.8665e+02 1.6559e+02 4.3128e+02 2.6993e+02 2.2902e-03
6.0862e+02 1.1751e+02 6.2533e+02 1.5586e+02 2.2753e-03
1.8102e+02 2.1641e+02 2.9526e+02 3.7500e+02 2.2253e-03
2.2565e+02 1.8007e+02 2.6651e+02 1.9571e+02 2.2222e-03
7.6673e+02 1.8237e+02 8.1058e+02 2.0195e+02 2.2164e-03
5.3782e+02 1.6231e+02 6.0060e+02 1.9501e+02 2.2158e-03
0.0000e+00 1.9389e+02 1.5358e+01 3.0974e+02 2.2062e-03
6.9536e+02 1.8813e+02 7.8033e+02 2.2498e+02 2.1868e-03
0.0000e+00 1.4733e+02 7.0117e+00 2.0782e+02 2.1827e-03
1.2238e+03 1.8108e+02 1.2420e+03 2.8884e+02 2.1742e-03
5.3968e+02 1.7235e+02 5.5720e+02 1.9056e+02 2.1723e-03
7.5479e+02 1.7797e+02 7.9830e+02 1.9785e+02 2.1663e-03
7.9646e+00 1.8508e+02 9.6049e+01 3.6406e+02 2.1538e-03
6.8440e+00 0.0000e+00 1.9215e+02 3.7500e+02 2.1526e-03
0.0000e+00 1.3820e+02 1.5163e+02 3.0558e+02 2.1472e-03
0.0000e+00 2.0906e+02 5.4076e+01 2.5942e+02 2.1431e-03
7.4810e+02 1.9118e+02 8.3403e+02 2.2494e+02 2.1343e-03
3.8014e+02 2.0025e+02 4.3737e+02 2.2361e+02 2.1273e-03
7.1991e+02 1.8206e+02 8.0564e+02 2.1594e+02 2.1204e-03
2.4150e+02 1.7630e+02 2.7226e+02 1.9571e+02 2.1181e-03
1.8446e+02 1.8343e+02 2.7876e+02 2.1531e+02 2.1074e-03
7.6637e+02 1.9851e+02 8.0068e+02 2.1894e+02 2.1050e-03
7.4774e+02 1.8351e+02 8.3242e+02 2.1920e+02 2.0945e-03
3.7903e+02 1.8125e+02 4.6161e+02 2.5006e+02 2.0932e-03
5.2834e+00 2.0184e+02 4.5638e+01 3.3190e+02 2.0802e-03
3.8382e+02 1.5412e+02 4.5937e+02 2.7365e+02 2.0638e-03
1.5057e+02 3.1431e+02 2.7607e+02 3.7041e+02 2.0304e-03
5.3113e+02 1.8417e+02 5.5595e+02 2.0305e+02 2.0288e-03
0.0000e+00 3.5587e+02 5.6660e+00 3.7500e+02 2.0266e-03
0.0000e+00 1.4826e+02 7.4261e+01 2.3422e+02 2.0200e-03
2.5018e+02 1.6833e+02 2.8024e+02 1.8857e+02 2.0131e-03
3.2454e+00 2.1542e+02 5.0235e+01 3.5139e+02 2.0035e-03
7.6177e+02 1.7404e+02 8.0428e+02 1.9363e+02 2.0009e-03
1.1107e+03 1.8320e+02 1.2097e+03 2.2003e+02 1.9992e-03
6.5633e+02 1.3345e+02 6.7155e+02 1.7356e+02 1.9942e-03
4.2301e+02 1.7678e+02 5.1619e+02 2.1303e+02 1.9897e-03
3.6567e+02 1.8631e+02 4.1779e+02 2.0686e+02 1.9793e-03
5.9911e+02 1.5161e+02 6.1309e+02 1.8156e+02 1.9730e-03
0.0000e+00 2.6388e+02 1.5710e+02 3.7500e+02 1.9641e-03
5.8777e+02 1.5985e+02 5.9961e+02 1.8434e+02 1.9603e-03
0.0000e+00 1.6282e+02 3.0607e+01 3.6220e+02 1.9502e-03
0.0000e+00 3.1473e+02 4.3851e+01 3.7500e+02 1.9490e-03
0.0000e+00 2.1701e+02 7.1984e+00 2.7475e+02 1.9399e-03
1.0972e+03 1.2722e+02 1.2420e+03 3.1127e+02 1.9333e-03
7.6466e+02 1.8966e+02 8.1078e+02 2.0992e+02 1.9270e-03
0.0000e+00 8.0450e+01 3.0945e+01 2.6210e+02 1.9259e-03
1.7018e+02 1.8267e+02 2.5801e+02 2.1706e+02 1.9212e-03
0.0000e+00 0.0000e+00 6.6668e+01 1.5639e+02 1.9182e-03
3.6184e+02 1.9043e+02 4.5587e+02 2.4005e+02 1.9167e-03
3.6493e+00 1.7559e+02 4.4019e+01 2.7500e+02 1.9037e-03
3.2681e+02 1.8784e+02 4.1806e+02 2.2555e+02 1.9020e-03
2.2990e+02 1.7154e+02 2.7070e+02 1.9051e+02 1.8929e-03
1.5022e+02 3.0007e+02 3.1125e+02 3.7500e+02 1.8878e-03
1.2249e+03 1.0849e+02 1.2420e+03 2.1472e+02 1.8865e-03
0.0000e+00 2.0301e+02 2.5419e+01 3.5150e+02 1.8849e-03
1.2116e+03 2.0962e+02 1.2420e+03 2.5429e+02 1.8839e-03
1.2138e+03 3.5502e+02 1.2420e+03 3.7500e+02 1.8694e-03
7.1833e+02 1.7524e+02 8.0599e+02 2.1035e+02 1.8609e-03
7.3353e+02 2.0418e+02 8.2047e+02 2.3936e+02 1.8602e-03
1.2124e+03 2.0184e+02 1.2420e+03 2.4690e+02 1.8532e-03
1.2145e+03 1.6161e+02 1.2420e+03 2.0608e+02 1.8440e-03
6.4723e+02 1.3559e+02 6.7333e+02 1.6137e+02 1.8382e-03
3.8651e+02 2.1808e+02 4.9422e+02 2.8392e+02 1.8358e-03
0.0000e+00 2.1164e+02 6.9505e+01 2.5416e+02 1.8336e-03
1.6549e+02 2.0344e+02 2.4943e+02 3.4817e+02 1.8302e-03
2.5211e+02 1.6796e+02 2.8999e+02 1.8632e+02 1.8290e-03
6.0343e+02 1.2303e+02 6.3051e+02 1.4920e+02 1.8247e-03
0.0000e+00 1.6522e+02 1.0426e+02 3.6071e+02 1.8245e-03
1.2138e+03 1.5371e+02 1.2420e+03 1.9740e+02 1.8218e-03
1.2140e+03 1.4554e+02 1.2420e+03 1.8984e+02 1.8143e-03
1.2147e+03 1.7800e+02 1.2420e+03 2.2267e+02 1.8058e-03
6.5278e+02 1.2719e+02 6.6893e+02 1.6488e+02 1.7972e-03
1.9919e+02 1.9151e+02 3.0348e+02 2.2564e+02 1.7940e-03
1.2138e+03 1.9398e+02 1.2420e+03 2.3833e+02 1.7935e-03
5.7199e+02 1.3120e+02 5.8576e+02 1.6229e+02 1.7883e-03
1.2149e+03 1.8598e+02 1.2420e+03 2.3042e+02 1.7853e-03
2.0744e+02 1.9442e+02 2.5464e+02 2.1483e+02 1.7776e-03
1.2063e+03 7.6868e+01 1.2420e+03 2.7446e+02 1.7774e-03
2.5528e+02 1.5412e+02 3.0599e+02 1.7389e+02 1.7725e-03
0.0000e+00 1.8310e+02 6.5964e+00 2.3601e+02 1.7614e-03
3.3167e+02 1.8724e+02 3.8889e+02 2.0983e+02 1.7605e-03
7.8055e+02 1.9709e+02 8.2874e+02 2.1888e+02 1.7434e-03
0.0000e+00 1.6835e+02 3.6442e+01 2.1327e+02 1.7348e-03
1.2205e+03 1.5682e+02 1.2420e+03 2.1398e+02 1.7320e-03
4.5432e+02 1.6426e+02 4.9344e+02 2.5049e+02 1.7285e-03
6.7421e+00 1.6411e+02 2.7662e+01 2.2776e+02 1.7222e-03
1.2211e+03 1.8096e+02 1.2420e+03 2.3895e+02 1.7219e-03
0.0000e+00 1.7320e+02 2.5010e+01 2.8831e+02 1.7199e-03
5.7201e+02 1.5295e+02 5.9143e+02 1.7197e+02 1.7130e-03
4.0261e+02 1.7831e+02 5.0008e+02 2.1141e+02 1.7060e-03
6.4901e+02 1.3412e+02 6.6461e+02 1.7242e+02 1.6992e-03
1.1530e+03 2.1887e+02 1.2311e+03 3.7500e+02 1.6926e-03
1.2149e+03 1.7003e+02 1.2420e+03 2.1423e+02 1.6916e-03
1.0076e+02 1.5674e+02 2.1808e+02 1.9641e+02 1.6903e-03
0.0000e+00 1.6278e+02 2.2016e+01 2.2001e+02 1.6840e-03
1.3055e+02 2.4791e+02 2.0798e+02 3.7500e+02 1.6830e-03
1.2040e+03 1.3177e+02 1.2420e+03 3.1629e+02 1.6701e-03
5.7673e+02 1.6514e+02 5.8985e+02 1.9419e+02 1.6517e-03
5.9424e+02 1.5159e+02 6.1649e+02 1.7046e+02 1.6496e-03
7.7489e+02 1.9808e+02 8.0799e+02 2.2047e+02 1.6460e-03
1.0521e+02 1.6395e+02 2.2675e+02 2.0344e+02 1.6453e-03
7.4885e+02 1.9889e+02 8.3548e+02 2.3139e+02 1.6343e-03
1.2230e+03 2.2830e+02 1.2420e+03 3.4928e+02 1.6342e-03
1.2254e+03 0.0000e+00 1.2420e+03 4.6494e+01 1.6324e-03
7.3262e+02 1.6741e+02 8.2056e+02 2.0412e+02 1.6241e-03
2.6620e+02 1.5743e+02 3.5744e+02 1.9108e+02 1.6188e-03
5.6277e+01 1.3771e+02 2.3922e+02 1.9343e+02 1.5845e-03
2.2121e+02 1.8692e+02 2.7003e+02 2.0562e+02 1.5831e-03
3.6756e+02 2.0094e+02 4.7484e+02 2.6075e+02 1.5816e-03
7.7794e+02 2.0120e+02 8.1123e+02 2.2393e+02 1.5775e-03
0.0000e+00 2.0791e+02 3.5067e+01 2.5407e+02 1.5713e-03
5.4117e+02 1.4754e+02 5.6855e+02 2.1444e+02 1.5713e-03
1.0572e+02 2.2971e+02 3.0734e+02 2.9957e+02 1.5704e-03
1.2197e+03 1.4046e+02 1.2420e+03 1.9756e+02 1.5691e-03
2.2620e+02 1.7517e+02 2.6497e+02 1.9230e+02 1.5600e-03
9.1174e+00 2.1332e+02 5.9654e+01 3.4389e+02 1.5466e-03
4.3056e+02 1.5972e+02 5.4776e+02 2.4917e+02 1.5444e-03
0.0000e+00 1.6880e+02 4.7171e+01 2.7671e+02 1.5364e-03
7.6147e+02 1.6973e+02 8.0329e+02 1.8985e+02 1.5357e-03
1.1285e+02 2.4229e+02 1.9187e+02 3.7500e+02 1.5341e-03
1.4581e+02 1.9000e+02 2.4804e+02 2.2681e+02 1.5170e-03
0.0000e+00 5.6249e+01 6.4171e+01 3.7500e+02 1.5152e-03
1.0502e+01 1.6831e+02 3.0986e+01 2.3090e+02 1.5083e-03
6.6649e+02 1.7387e+02 8.4505e+02 2.4638e+02 1.5073e-03
0.0000e+00 1.8022e+02 7.5322e+01 2.6573e+02 1.5063e-03
5.7474e+02 1.6307e+02 5.8527e+02 1.9044e+02 1.5061e-03
1.2118e+03 2.1793e+02 1.2420e+03 2.6215e+02 1.4987e-03
1.9539e+02 1.9467e+02 2.4829e+02 2.1371e+02 1.4979e-03
7.6264e+02 2.0150e+02 7.9981e+02 2.2175e+02 1.4933e-03
9.3317e+01 2.6747e+02 2.2559e+02 3.1962e+02 1.4887e-03
4.6450e+02 1.3486e+02 5.2389e+02 2.7205e+02 1.4754e-03
2.3548e+02 2.7599e+02 3.0115e+02 3.7500e+02 1.4749e-03
1.2187e+03 1.9615e+02 1.2420e+03 2.5598e+02 1.4623e-03
3.3743e+02 1.6366e+02 4.7470e+02 2.4497e+02 1.4546e-03
6.6515e+02 1.5878e+02 8.4913e+02 2.2763e+02 1.4493e-03
5.7404e+02 1.6667e+02 5.8474e+02 1.9462e+02 1.4388e-03
5.7731e+02 1.4521e+02 5.9092e+02 1.7644e+02 1.4269e-03
2.0282e+02 1.5806e+02 2.8934e+02 1.9221e+02 1.4244e-03
5.7067e+02 1.6401e+02 5.8073e+02 1.9070e+02 1.4171e-03
5.5338e+02 1.8117e+02 5.7681e+02 2.0148e+02 1.3993e-03
1.6048e+01 2.2310e+02 6.9509e+01 3.4664e+02 1.3988e-03
2.1272e+02 1.6945e+02 2.5309e+02 1.9032e+02 1.3969e-03
7.7338e+02 1.9413e+02 8.1835e+02 2.1445e+02 1.3920e-03
5.7884e+02 1.6286e+02 5.9316e+02 1.9266e+02 1.3869e-03
5.7087e+02 1.4913e+02 5.9669e+02 1.6571e+02 1.3756e-03
5.9832e+02 1.2547e+02 6.3465e+02 1.4728e+02 1.3593e-03
5.9544e+02 1.6098e+02 6.1603e+02 1.7729e+02 1.3579e-03
7.5891e+02 2.0907e+02 8.0899e+02 2.2803e+02 1.3494e-03
0.0000e+00 1.2736e+02 4.2053e+01 2.2720e+02 1.3430e-03
1.1936e+03 2.4265e+02 1.2420e+03 3.7164e+02 1.3427e-03
5.5421e+02 1.3134e+02 5.8813e+02 1.4869e+02 1.3419e-03
6.4220e+02 1.3816e+02 6.7819e+02 1.5754e+02 1.3376e-03
0.0000e+00 2.1374e+02 1.7532e+02 2.8634e+02 1.3376e-03
1.0942e+03 2.2458e+02 1.2011e+03 2.6633e+02 1.3337e-03
9.3716e+01 1.7627e+02 2.7935e+02 2.3763e+02 1.3252e-03
3.4699e+02 1.9997e+02 3.9585e+02 2.2278e+02 1.3242e-03
2.3419e+02 1.8171e+02 2.7824e+02 1.9898e+02 1.3226e-03
0.0000e+00 1.3628e+02 7.3860e+00 1.9391e+02 1.3102e-03
1.2018e+03 0.0000e+00 1.2420e+03 8.1224e+01 1.3058e-03
2.1309e+02 1.6693e+02 2.9943e+02 1.9846e+02 1.3044e-03
1.2075e+03 3.5908e+01 1.2420e+03 2.2102e+02 1.3002e-03
1.0629e+02 2.8676e+02 2.4716e+02 3.4811e+02 1.2950e-03
1.1322e+03 1.1268e+02 1.2420e+03 3.4897e+02 1.2912e-03
1.2149e+03 8.8663e+01 1.2420e+03 1.3394e+02 1.2894e-03
3.8794e+01 1.5233e+02 3.1001e+02 3.2478e+02 1.2803e-03
6.1456e+01 1.5666e+02 1.8065e+02 1.9599e+02 1.2779e-03
5.6610e+02 1.7270e+02 5.7861e+02 2.0372e+02 1.2725e-03
5.4917e+01 1.6022e+02 2.4314e+02 2.1823e+02 1.2671e-03
9.3231e+01 1.4705e+02 2.7748e+02 2.0988e+02 1.2663e-03
6.1114e+02 1.2062e+02 6.2729e+02 1.5963e+02 1.2652e-03
2.0654e+02 1.5046e+02 2.9869e+02 1.8665e+02 1.2586e-03
7.6222e+02 1.5800e+02 8.0417e+02 1.7747e+02 1.2576e-03
7.6286e+02 1.8041e+02 7.9761e+02 2.0535e+02 1.2556e-03
6.7932e+00 2.4890e+02 1.1097e+02 3.1228e+02 1.2546e-03
7.2528e+01 1.8169e+02 1.5107e+02 3.2258e+02 1.2539e-03
2.5366e+02 1.7024e+02 2.6922e+02 2.0063e+02 1.2505e-03
5.9093e+02 1.4932e+02 6.1299e+02 1.6808e+02 1.2501e-03
8.0004e+02 1.9207e+02 8.1667e+02 2.3467e+02 1.2497e-03
2.4476e+02 1.5092e+02 3.4122e+02 1.8412e+02 1.2355e-03
6.5636e+02 1.2691e+02 6.7220e+02 1.6550e+02 1.2330e-03
3.5395e+02 1.8608e+02 4.4016e+02 2.2559e+02 1.2318e-03
5.0837e+02 1.6089e+02 5.7792e+02 1.9559e+02 1.2199e-03
0.0000e+00 3.5178e+02 1.8861e+01 3.7500e+02 1.2191e-03
1.2375e+03 8.5084e+01 1.2420e+03 1.4019e+02 1.2149e-03
3.1746e+00 1.5452e+02 4.2900e+01 2.5781e+02 1.2101e-03
3.5780e+00 1.6978e+02 2.1850e+01 2.2947e+02 1.2069e-03
7.6151e+02 1.6577e+02 8.0388e+02 1.8603e+02 1.2017e-03
9.5835e+02 0.0000e+00 1.2420e+03 1.2751e+02 1.1993e-03
1.4659e+02 1.8230e+02 2.4462e+02 2.1849e+02 1.1988e-03
1.7100e+02 1.9582e+02 2.7222e+02 2.3261e+02 1.1941e-03
5.3161e+02 1.7174e+02 5.5769e+02 1.8992e+02 1.1892e-03
5.7663e+02 1.5941e+02 5.8677e+02 1.8699e+02 1.1877e-03
1.2204e+03 8.3659e+01 1.2420e+03 1.4110e+02 1.1867e-03
4.6522e+02 1.8767e+02 5.0952e+02 2.8685e+02 1.1855e-03
6.5485e+01 3.0285e+02 2.0437e+02 3.5897e+02 1.1832e-03
3.6140e+02 2.4046e+02 5.0121e+02 3.0651e+02 1.1830e-03
3.6017e+00 1.8583e+02 2.2506e+01 2.5311e+02 1.1731e-03
4.9225e+00 2.1775e+02 2.8841e+01 2.8379e+02 1.1696e-03
3.5284e+02 1.8687e+02 3.8980e+02 2.1237e+02 1.1691e-03
7.4551e+02 1.8429e+02 7.9301e+02 2.0608e+02 1.1592e-03
0.0000e+00 1.8009e+02 1.0904e+01 2.1063e+02 1.1589e-03
0.0000e+00 2.0457e+02 6.7160e+00 2.6250e+02 1.1576e-03
4.8456e+02 1.8785e+02 5.0761e+02 2.4316e+02 1.1552e-03
2.8440e+02 1.6227e+02 3.3441e+02 1.8031e+02 1.1534e-03
0.0000e+00 1.9990e+02 4.7159e+01 2.5194e+02 1.1511e-03
9.3827e+01 5.1680e+01 3.5602e+02 3.7500e+02 1.1510e-03
5.7774e+02 1.5579e+02 5.8754e+02 1.8350e+02 1.1486e-03
5.5095e+02 1.6812e+02 5.7673e+02 1.8217e+02 1.1425e-03
2.6000e+02 1.7943e+02 2.9775e+02 1.9610e+02 1.1324e-03
2.4801e+02 1.5758e+02 3.4214e+02 1.9004e+02 1.1269e-03
3.4351e+02 1.8270e+02 3.9442e+02 2.0325e+02 1.1214e-03
5.6778e+02 1.5980e+02 5.9101e+02 1.7731e+02 1.1207e-03
1.2262e+03 8.4984e+01 1.2420e+03 1.8800e+02 1.1193e-03
5.8304e+02 1.7030e+02 6.0179e+02 1.8312e+02 1.1151e-03
2.2120e+02 1.6939e+02 2.6238e+02 1.9038e+02 1.1148e-03
4.4274e+02 1.5376e+02 6.0776e+02 2.2783e+02 1.1147e-03
2.7904e+02 1.5811e+02 3.7312e+02 1.9343e+02 1.1054e-03
0.0000e+00 3.2486e+02 2.0799e+01 3.7500e+02 1.1014e-03
1.1637e+03 0.0000e+00 1.2420e+03 1.7482e+02 1.1003e-03
7.2152e+02 1.9357e+02 7.6796e+02 2.1391e+02 1.0966e-03
7.1719e+02 1.8870e+02 8.0579e+02 2.2435e+02 1.0947e-03
1.8574e+02 1.7595e+02 2.7482e+02 2.0943e+02 1.0942e-03
2.4884e+02 1.8135e+02 2.8994e+02 1.9820e+02 1.0933e-03
6.4735e+00 3.1378e+02 2.4651e+02 3.7500e+02 1.0914e-03
1.2080e+03 2.4669e+02 1.2420e+03 3.7500e+02 1.0894e-03
5.4353e+02 1.7289e+02 5.5555e+02 2.0542e+02 1.0873e-03
5.7587e+02 1.4689e+02 5.8728e+02 1.7887e+02 1.0849e-03
5.6188e+02 1.6664e+02 5.8408e+02 1.8171e+02 1.0823e-03
0.0000e+00 1.6344e+02 1.2747e+01 2.2809e+02 1.0767e-03
4.7849e+02 1.8325e+02 4.9862e+02 2.3819e+02 1.0763e-03
6.4875e+02 1.7127e+02 6.8252e+02 1.8745e+02 1.0742e-03
2.6032e+02 1.7130e+02 2.7577e+02 2.0529e+02 1.0738e-03
7.4397e+02 1.8087e+02 7.8753e+02 2.0186e+02 1.0728e-03
1.2178e+03 2.1205e+02 1.2420e+03 2.7176e+02 1.0727e-03
1.0088e+01 2.4108e+02 9.4894e+01 3.1835e+02 1.0723e-03
1.1008e+03 1.8705e+02 1.2420e+03 3.6670e+02 1.0723e-03
7.7008e+02 1.7783e+02 8.1318e+02 1.9807e+02 1.0687e-03
5.3896e+02 1.6839e+02 5.4999e+02 2.0111e+02 1.0670e-03
4.0970e+02 1.0902e+02 5.3060e+02 3.6551e+02 1.0626e-03
5.5753e+02 1.6756e+02 5.8077e+02 1.8213e+02 1.0618e-03
6.8780e+02 1.9524e+02 7.7012e+02 2.3329e+02 1.0616e-03
3.8060e+02 1.7806e+02 4.2372e+02 2.7745e+02 1.0550e-03
3.2408e+01 1.4957e+02 2.0579e+02 2.0776e+02 1.0542e-03
3.0385e+02 1.7387e+02 4.0197e+02 2.1201e+02 1.0494e-03
0.0000e+00 1.2608e+02 9.9971e+01 3.2004e+02 1.0427e-03
6.8040e+02 1.8382e+02 7.5924e+02 2.1861e+02 1.0349e-03
0.0000e+00 1.6959e+02 1.7286e+01 2.3052e+02 1.0229e-03
1.1246e+03 2.0477e+02 1.2296e+03 2.4590e+02 1.0218e-03
6.7489e+02 1.8920e+02 8.3793e+02 2.6324e+02 1.0190e-03
3.5288e+02 1.8877e+02 4.0650e+02 2.0999e+02 1.0168e-03
2.0228e+02 1.8266e+02 2.9752e+02 2.1506e+02 1.0161e-03
0.0000e+00 0.0000e+00 2.2984e+02 1.7000e+02 1.0109e-03
0.0000e+00 0.0000e+00 1.0873e+02 7.9167e+01 9.9951e-04
1.2120e+03 2.3264e+02 1.2420e+03 2.7864e+02 9.9848e-04
5.5072e+01 1.4987e+02 1.7182e+02 1.8760e+02 9.9699e-04
6.9655e+02 1.7530e+02 7.7794e+02 2.1024e+02 9.9270e-04
7.7048e+02 1.8596e+02 8.1446e+02 2.0608e+02 9.9249e-04
5.1092e+01 2.4245e+02 1.7186e+02 2.8423e+02 9.8442e-04
2.5821e+02 1.5636e+02 3.1084e+02 1.7813e+02 9.8302e-04
1.1738e+03 2.5142e+02 1.2420e+03 3.5291e+02 9.7334e-04
1.2135e+03 9.6821e+01 1.2420e+03 1.4165e+02 9.7050e-04
4.6542e+02 1.8531e+02 5.2524e+02 2.5074e+02 9.7034e-04
1.7013e+02 1.7371e+02 2.6110e+02 2.1050e+02 9.6829e-04
3.2526e+00 2.3577e+02 9.7833e+01 3.7187e+02 9.6795e-04
2.6662e+02 1.4766e+02 4.3736e+02 2.0995e+02 9.6224e-04
1.2149e+03 1.2959e+02 1.2420e+03 1.7425e+02 9.6176e-04
9.0603e+01 1.7552e+02 1.6727e+02 3.2013e+02 9.5999e-04
7.2309e+02 1.9027e+02 7.6794e+02 2.1042e+02 9.5996e-04
0.0000e+00 0.0000e+00 5.3719e+01 4.4726e+01 9.5701e-04
7.1924e+02 1.6749e+02 8.0541e+02 2.0280e+02 9.5428e-04
5.7251e+02 1.6863e+02 5.8287e+02 1.9646e+02 9.5369e-04
5.7300e+02 1.7710e+02 5.9452e+02 1.9373e+02 9.5352e-04
1.4926e+00 2.4111e+02 1.1202e+02 2.9452e+02 9.5136e-04
1.2583e+02 1.7293e+02 2.3403e+02 2.1085e+02 9.5114e-04
1.2358e+03 2.9174e+02 1.2420e+03 3.5994e+02 9.4874e-04
4.3438e+02 2.0841e+02 5.2165e+02 2.7183e+02 9.4812e-04
0.0000e+00 3.2318e+02 5.6707e+01 3.7500e+02 9.4692e-04
7.6156e+02 1.6206e+02 8.0432e+02 1.8191e+02 9.4225e-04
6.9815e+02 1.9337e+02 7.4332e+02 2.1409e+02 9.4174e-04
3.0036e+02 1.8197e+02 3.9373e+02 2.1901e+02 9.4083e-04
1.3615e+02 3.1821e+02 3.1914e+02 3.7500e+02 9.4051e-04
4.3876e+02 1.4079e+02 6.1471e+02 2.1279e+02 9.3621e-04
3.7157e+02 2.3798e+02 4.9112e+02 2.8830e+02 9.3617e-04
5.9816e+02 1.5464e+02 6.2143e+02 1.7321e+02 9.3557e-04
1.0263e+03 0.0000e+00 1.2420e+03 1.7323e+02 9.3206e-04
0.0000e+00 1.4528e+02 2.3436e+01 2.0676e+02 9.2579e-04
1.1833e+03 2.8206e+02 1.2420e+03 3.7500e+02 9.2458e-04
2.0188e+02 1.9898e+02 2.5320e+02 2.2146e+02 9.2379e-04
6.8019e+02 1.8871e+02 7.6136e+02 2.2573e+02 9.2364e-04
2.6311e+02 1.5067e+02 3.6005e+02 1.8607e+02 9.2109e-04
7.6588e+02 1.8425e+02 8.0038e+02 2.0942e+02 9.2090e-04
1.4690e+02 1.7435e+02 2.4741e+02 2.1092e+02 9.1921e-04
3.3257e+02 1.9106e+02 3.8813e+02 2.1375e+02 9.1844e-04
5.7283e+02 1.8020e+02 5.9227e+02 1.9713e+02 9.1529e-04
3.3124e+02 1.8070e+02 4.0102e+02 2.2155e+02 9.1275e-04
1.2187e+03 2.2632e+02 1.2420e+03 2.8878e+02 9.1164e-04
2.7626e+02 1.6635e+02 3.6606e+02 1.9851e+02 9.1034e-04
4.4688e+02 1.6366e+02 4.8555e+02 2.5113e+02 9.0877e-04
1.1919e+03 2.1267e+02 1.2420e+03 3.4065e+02 8.9847e-04
2.8168e+02 1.7117e+02 3.2902e+02 1.8966e+02 8.9814e-04
5.4711e+02 1.6696e+02 5.7318e+02 1.8209e+02 8.9063e-04
6.4228e+02 1.3377e+02 6.7812e+02 1.5376e+02 8.8978e-04
0.0000e+00 0.0000e+00 3.3994e+02 1.4623e+02 8.8948e-04
7.6431e+02 1.9269e+02 8.0039e+02 2.1538e+02 8.8803e-04
0.0000e+00 1.9434e+02 5.3249e+01 2.3911e+02 8.8712e-04
5.4922e+02 1.5822e+02 6.1419e+02 1.8955e+02 8.8651e-04
2.2900e+02 1.6637e+02 2.7221e+02 1.8690e+02 8.8570e-04
1.1628e+03 0.0000e+00 1.2420e+03 3.1167e+01 8.8546e-04
1.1336e+02 2.6418e+02 2.2971e+02 3.0862e+02 8.8440e-04
4.8083e+02 1.5730e+02 5.5895e+02 1.9343e+02 8.8394e-04
4.7532e+02 1.8445e+02 4.9523e+02 2.4236e+02 8.8194e-04
1.1129e+03 2.3257e+02 1.1781e+03 2.5538e+02 8.8029e-04
1.9570e+02 3.1795e+02 2.9082e+02 3.7330e+02 8.7736e-04
2.5997e+02 1.6627e+02 2.7476e+02 1.9761e+02 8.7594e-04
5.4592e+02 1.6723e+02 5.6633e+02 1.8502e+02 8.7232e-04
0.0000e+00 1.5030e+02 3.7856e+01 1.9975e+02 8.7106e-04
1.9637e+02 1.9623e+02 3.0474e+02 2.3258e+02 8.6943e-04
2.2146e+02 1.4980e+02 3.1755e+02 1.8544e+02 8.6557e-04
7.5763e+02 1.8314e+02 7.9566e+02 2.0864e+02 8.6420e-04
5.9987e+02 1.2913e+02 6.3628e+02 1.5010e+02 8.6268e-04
1.1835e+03 9.9876e+01 1.2420e+03 1.8744e+02 8.6223e-04
3.6206e+02 1.7824e+02 4.4650e+02 2.0989e+02 8.5745e-04
1.1653e+03 2.9022e+02 1.2402e+03 3.7500e+02 8.5719e-04
1.2199e+03 1.2484e+02 1.2420e+03 1.8187e+02 8.5333e-04
7.3026e+02 2.1131e+02 8.2336e+02 2.5141e+02 8.5309e-04
7.1620e+02 1.9610e+02 7.6385e+02 2.1740e+02 8.5293e-04
1.1754e+03 1.7813e+02 1.2420e+03 2.6919e+02 8.4492e-04
1.0213e+02 1.5104e+02 2.1434e+02 1.8812e+02 8.4425e-04
1.9802e+02 1.6689e+02 2.8067e+02 1.9954e+02 8.4345e-04
0.0000e+00 2.0993e+02 2.3625e+01 2.6883e+02 8.4241e-04
2.4501e+02 3.2879e+02 2.7963e+02 3.7500e+02 8.4236e-04
1.2108e+03 0.0000e+00 1.2420e+03 1.5251e+01 8.4102e-04
1.1718e+03 2.2323e+02 1.2420e+03 3.2003e+02 8.3790e-04
2.0450e+02 1.7466e+02 2.9327e+02 2.0673e+02 8.3204e-04
1.1759e+03 1.9354e+02 1.2420e+03 2.8588e+02 8.2989e-04
0.0000e+00 1.1812e+02 2.6716e+01 2.4651e+02 8.2836e-04
7.6437e+02 1.7666e+02 7.9701e+02 2.0133e+02 8.2835e-04
1.2008e+03 1.5632e+02 1.2329e+03 2.8056e+02 8.2256e-04
4.6367e+02 1.8013e+02 4.8223e+02 2.4788e+02 8.2139e-04
5.4406e+01 1.6275e+02 1.6986e+02 2.0413e+02 8.1722e-04
5.4244e+02 1.6085e+02 5.5391e+02 1.9788e+02 8.1711e-04
6.4882e+02 1.2650e+02 6.6462e+02 1.6476e+02 8.1682e-04
1.4047e+02 1.9818e+02 2.4162e+02 2.3410e+02 8.1587e-04
6.4998e+02 1.3829e+02 6.7599e+02 1.6450e+02 8.1516e-04
1.2126e+03 7.3483e+01 1.2420e+03 1.1942e+02 8.1516e-04
4.6756e+02 1.8117e+02 4.8707e+02 2.4720e+02 8.1378e-04
7.5611e+01 2.6839e+02 2.2005e+02 3.3041e+02 8.1258e-04
2.5512e+02 1.7272e+02 4.2961e+02 2.4286e+02 8.1093e-04
1.3187e+02 1.5892e+02 3.1261e+02 2.2555e+02 8.0965e-04
0.0000e+00 1.3590e+02 6.7544e+01 2.1696e+02 8.0910e-04
7.4881e+02 1.6332e+02 7.6345e+02 2.0272e+02 8.0896e-04
7.6721e+02 1.8956e+02 8.4923e+02 2.2459e+02 8.0485e-04
1.1784e+03 4.8979e+01 1.2420e+03 1.4241e+02 8.0330e-04
1.1225e+03 1.9654e+02 1.2274e+03 2.3666e+02 8.0109e-04
1.1838e+03 8.4273e+01 1.2420e+03 1.7107e+02 7.9743e-04
2.7879e+02 1.7464e+02 3.2632e+02 1.9259e+02 7.9457e-04
9.1044e+01 2.6676e+02 4.2529e+02 3.7500e+02 7.9281e-04
3.1821e+02 1.6820e+02 4.1485e+02 2.0477e+02 7.9235e-04
7.4689e+02 1.9896e+02 7.9332e+02 2.1649e+02 7.9086e-04
1.0800e+03 2.0570e+02 1.1858e+03 2.4319e+02 7.8939e-04
1.1806e+03 6.5629e+01 1.2420e+03 1.5659e+02 7.8541e-04
7.6555e+02 1.8272e+02 8.4746e+02 2.1957e+02 7.8368e-04
1.0840e+03 1.8843e+02 1.1945e+03 2.2611e+02 7.8178e-04
1.2152e+03 1.2157e+02 1.2420e+03 1.6632e+02 7.8032e-04
7.4517e+02 1.7790e+02 7.8654e+02 1.9749e+02 7.7375e-04
7.5132e+02 1.5803e+02 7.9365e+02 1.7776e+02 7.7215e-04
2.3583e+02 1.7705e+02 2.6760e+02 1.9642e+02 7.6890e-04
0.0000e+00 1.7232e+02 1.1288e+01 2.0392e+02 7.6859e-04
7.8618e+02 1.9884e+02 8.1989e+02 2.2484e+02 7.6802e-04
1.1393e+02 3.2567e+02 2.5302e+02 3.7250e+02 7.6677e-04
3.8282e+02 1.8312e+02 4.4076e+02 2.7814e+02 7.6616e-04
1.0746e+03 2.1289e+02 1.1780e+03 2.5172e+02 7.6393e-04
2.1328e+02 1.5819e+02 2.5562e+02 1.7775e+02 7.6235e-04
1.0523e+01 1.9376e+02 5.1284e+01 3.0022e+02 7.6234e-04
7.0772e+02 1.9527e+02 7.9187e+02 2.3290e+02 7.6209e-04
1.1781e+03 1.2982e+02 1.2420e+03 2.2028e+02 7.6127e-04
4.7217e+02 1.8274e+02 4.9082e+02 2.4216e+02 7.6067e-04
3.4711e+02 2.0396e+02 3.9432e+02 2.2624e+02 7.6001e-04
4.1216e+02 2.0664e+02 5.1615e+02 2.9395e+02 7.5862e-04
1.4263e+01 1.6728e+02 3.4129e+01 2.3108e+02 7.5711e-04
1.2364e+03 0.0000e+00 1.2420e+03 2.3438e+01 7.5341e-04
7.5641e+01 2.5078e+02 1.4505e+02 2.7060e+02 7.5136e-04
1.1768e+03 1.6210e+02 1.2420e+03 2.5265e+02 7.4816e-04
1.1806e+03 1.1482e+02 1.2420e+03 2.0317e+02 7.4761e-04
0.0000e+00 3.2264e+02 3.1266e+01 3.7500e+02 7.4610e-04
0.0000e+00 2.6988e+02 4.6331e+01 3.7500e+02 7.4458e-04
1.2372e+03 1.7047e+02 1.2420e+03 2.3218e+02 7.4018e-04
5.4952e+02 1.6245e+02 5.8110e+02 2.3777e+02 7.3755e-04
5.7356e+02 1.4263e+02 5.8681e+02 1.7674e+02 7.3602e-04
1.3279e+01 2.6538e+02 8.5415e+01 3.7500e+02 7.3440e-04
1.2179e+03 0.0000e+00 1.2420e+03 1.9136e+01 7.3429e-04
5.1793e+01 2.0879e+02 2.3646e+02 3.0382e+02 7.3326e-04
5.2849e+02 1.7478e+02 5.5587e+02 1.9226e+02 7.3263e-04
7.7562e+02 1.9345e+02 8.0771e+02 2.1683e+02 7.3153e-04
2.0428e+02 1.9134e+02 2.5203e+02 2.1014e+02 7.3033e-04
3.0790e+02 1.7210e+02 4.3522e+02 2.5397e+02 7.2929e-04
1.1786e+03 1.4535e+02 1.2420e+03 2.3682e+02 7.2910e-04
6.5298e+00 1.8642e+02 2.7131e+01 2.5191e+02 7.2621e-04
0.0000e+00 0.0000e+00 1.5635e+02 7.0685e+01 7.2544e-04
7.7924e+02 1.9267e+02 8.2910e+02 2.1515e+02 7.2541e-04
6.4461e+02 1.3885e+02 6.6996e+02 1.6499e+02 7.2370e-04
0.0000e+00 2.0026e+02 1.1041e+01 2.3101e+02 7.2304e-04
7.8848e+02 1.9552e+02 8.0524e+02 2.3205e+02 7.2234e-04
3.6376e+02 1.8098e+02 3.7992e+02 2.2052e+02 7.2195e-04
7.7301e+02 1.8976e+02 8.1880e+02 2.1016e+02 7.2141e-04
0.0000e+00 1.1773e+02 3.7832e+01 2.5018e+02 7.1791e-04
1.0960e+03 0.0000e+00 1.2420e+03 5.8656e+01 7.1666e-04
6.6003e+02 1.3723e+02 6.7457e+02 1.7803e+02 7.1623e-04
3.7731e+02 1.9716e+02 4.3389e+02 2.2030e+02 7.1530e-04
2.1720e+02 1.6525e+02 2.5787e+02 1.8685e+02 7.1263e-04
9.4875e+01 1.9195e+02 2.8532e+02 2.5467e+02 7.1133e-04
2.2149e+02 1.5756e+02 3.1731e+02 1.9147e+02 7.1064e-04
3.6241e+02 1.6279e+02 4.2654e+02 2.9289e+02 7.1055e-04
2.5683e+02 0.0000e+00 5.4646e+02 3.7500e+02 7.0923e-04
9.1316e+01 2.6187e+02 2.1476e+02 3.1101e+02 7.0507e-04
7.9637e+02 1.9337e+02 8.1250e+02 2.3408e+02 7.0478e-04
1.2090e+03 1.5164e+02 1.2392e+03 2.8563e+02 7.0474e-04
7.9915e+02 1.8242e+02 8.1725e+02 2.2750e+02 7.0220e-04
5.2975e+02 1.8798e+02 5.5498e+02 2.0629e+02 7.0124e-04
0.0000e+00 2.1492e+02 3.3658e+01 2.6379e+02 7.0074e-04
4.0073e+02 1.8040e+02 4.6289e+02 2.9301e+02 6.9971e-04
6.4148e+02 1.4091e+02 6.7875e+02 1.6161e+02 6.9897e-04
2.9522e+01 2.4232e+02 1.5396e+02 2.9113e+02 6.9694e-04
5.6639e+02 1.3529e+02 5.8901e+02 1.5800e+02 6.9558e-04
1.2139e+03 1.0477e+02 1.2420e+03 1.5032e+02 6.9392e-04
6.5224e+02 1.6921e+02 6.7698e+02 1.8988e+02 6.9311e-04
8.6753e+00 2.1557e+02 3.2116e+01 2.7893e+02 6.9257e-04
3.9513e+02 1.6060e+02 4.4093e+02 2.6079e+02 6.9166e-04
2.1100e+02 1.7328e+02 2.5188e+02 1.9284e+02 6.8628e-04
6.4953e+02 1.6813e+02 6.8182e+02 1.8483e+02 6.8497e-04
6.0891e+02 1.2321e+02 6.2445e+02 1.6292e+02 6.8429e-04
2.2002e+02 1.8910e+02 2.7157e+02 2.1089e+02 6.8335e-04
2.1266e+00 2.6557e+02 6.9875e+01 3.7500e+02 6.8267e-04
1.1823e+03 1.8055e+02 1.2420e+03 3.7377e+02 6.8204e-04
5.0885e+02 1.5805e+02 5.2359e+02 1.9508e+02 6.8131e-04
1.2193e+03 2.4077e+02 1.2420e+03 3.0525e+02 6.7957e-04
0.0000e+00 1.8276e+02 1.7157e+01 2.0880e+02 6.7770e-04
7.8161e+02 1.9581e+02 8.1537e+02 2.2125e+02 6.7700e-04
7.2682e+02 2.1910e+02 8.2511e+02 2.5995e+02 6.7659e-04
1.1956e+03 9.0064e+01 1.2420e+03 2.0072e+02 6.7657e-04
6.4905e+02 1.3156e+02 6.7644e+02 1.5764e+02 6.7656e-04
7.8565e+02 2.0476e+02 8.3147e+02 2.2539e+02 6.7426e-04
2.1272e+02 1.6176e+02 2.5543e+02 1.8277e+02 6.7416e-04
6.7194e+02 0.0000e+00 1.0095e+03 3.7500e+02 6.7030e-04
7.8414e+02 1.9614e+02 8.0051e+02 2.3075e+02 6.6994e-04
2.8888e+02 1.7430e+02 3.8010e+02 2.0854e+02 6.6589e-04
6.4253e+02 1.7555e+02 8.0773e+02 2.4492e+02 6.6356e-04
1.2370e+03 1.8222e+02 1.2420e+03 2.4429e+02 6.6343e-04
3.6922e+02 1.8834e+02 4.2413e+02 2.1048e+02 6.6001e-04
0.0000e+00 2.2943e+02 1.0622e+01 2.5854e+02 6.5937e-04
1.4725e+02 2.4492e+02 3.2896e+02 3.1692e+02 6.5804e-04
5.9094e+02 1.2512e+02 6.2770e+02 1.4662e+02 6.5803e-04
5.9130e+02 1.6532e+02 6.1108e+02 1.7953e+02 6.5742e-04
6.0890e+02 1.2568e+02 6.4600e+02 1.4668e+02 6.5566e-04
7.7864e+02 2.0781e+02 8.2952e+02 2.2945e+02 6.5530e-04
5.9866e+02 1.5834e+02 6.2118e+02 1.7632e+02 6.5521e-04
7.6927e+02 1.7395e+02 8.1233e+02 1.9392e+02 6.5485e-04
1.2156e+03 1.1354e+02 1.2420e+03 1.5802e+02 6.5480e-04
1.1137e+03 2.2493e+02 1.2256e+03 2.6838e+02 6.5285e-04
3.6801e+02 1.9605e+02 4.5354e+02 2.5018e+02 6.5228e-04
4.4502e+02 1.7795e+02 5.1003e+02 3.2495e+02 6.5169e-04
4.3724e+02 1.9911e+02 5.2712e+02 2.8772e+02 6.5152e-04
6.4449e+02 1.1821e+02 6.5934e+02 1.5608e+02 6.4944e-04
7.9206e+02 1.9498e+02 8.0908e+02 2.3413e+02 6.4903e-04
1.3725e+01 1.6027e+02 1.8772e+02 2.2235e+02 6.4864e-04
1.0705e+03 1.9076e+02 1.2398e+03 2.6856e+02 6.4722e-04
1.2249e+03 3.8932e+01 1.2420e+03 1.4383e+02 6.4235e-04
0.0000e+00 1.9572e+02 7.0931e+01 2.8457e+02 6.4212e-04
1.3557e+02 1.7349e+02 3.1507e+02 2.3854e+02 6.4109e-04
1.1926e+03 1.6748e+02 1.2420e+03 2.8526e+02 6.4065e-04
2.1351e+02 1.9571e+02 2.6053e+02 2.1903e+02 6.4039e-04
2.6031e+02 1.7722e+02 2.8921e+02 1.9649e+02 6.3985e-04
1.2373e+03 1.5961e+02 1.2420e+03 2.1916e+02 6.3957e-04
6.4088e+02 1.1782e+02 6.5576e+02 1.5607e+02 6.3402e-04
1.1938e+03 1.2007e+02 1.2420e+03 2.3590e+02 6.3320e-04
0.0000e+00 1.1121e+02 4.9191e+01 2.9393e+02 6.3296e-04
2.9423e+02 1.5393e+02 4.6566e+02 2.1248e+02 6.3223e-04
7.8039e+02 1.8830e+02 8.2949e+02 2.1060e+02 6.3198e-04
6.3585e+02 1.5951e+02 8.1262e+02 2.2775e+02 6.3158e-04
3.6714e+02 1.8014e+02 3.8407e+02 2.2085e+02 6.3095e-04
5.2830e+02 1.7517e+02 5.9057e+02 2.1201e+02 6.2905e-04
1.2352e+03 3.5652e+02 1.2420e+03 3.7500e+02 6.2857e-04
1.2190e+03 6.8434e+01 1.2420e+03 1.2633e+02 6.2804e-04
1.1672e+03 1.7974e+02 1.2384e+03 3.5550e+02 6.2779e-04
7.4612e+02 1.8836e+02 7.9436e+02 2.0923e+02 6.2532e-04
3.1819e+02 1.9483e+02 4.1221e+02 2.3614e+02 6.2315e-04
6.0897e+02 1.2374e+02 6.3646e+02 1.4852e+02 6.2303e-04
1.1939e+03 3.9113e+01 1.2420e+03 1.5168e+02 6.2236e-04
8.0289e+02 1.7808e+02 8.2086e+02 2.2255e+02 6.1675e-04
0.0000e+00 2.3161e+02 3.8728e+01 2.6796e+02 6.1672e-04
6.4638e+02 1.2786e+02 6.7361e+02 1.5332e+02 6.1595e-04
3.9646e+02 1.8866e+02 4.1184e+02 2.2977e+02 6.1549e-04
1.2128e+03 2.4740e+02 1.2420e+03 2.9440e+02 6.1456e-04
1.2360e+03 9.7483e+01 1.2420e+03 1.2704e+02 6.1374e-04
6.5305e+02 1.1907e+02 6.6810e+02 1.5593e+02 6.1359e-04
2.3799e+02 1.6165e+02 4.0725e+02 2.2395e+02 6.1308e-04
2.2650e+02 1.6873e+02 3.1104e+02 1.9909e+02 6.1177e-04
1.2248e+03 2.7932e+02 1.2420e+03 3.7500e+02 6.1136e-04
2.6220e+02 1.7527e+02 3.0255e+02 1.9192e+02 6.1118e-04
1.5919e+02 1.5917e+02 3.5128e+02 2.2858e+02 6.1069e-04
2.5703e+02 1.6191e+02 2.7332e+02 1.9464e+02 6.0926e-04
1.1371e+03 2.1080e+02 1.2345e+03 2.5408e+02 6.0880e-04
7.5473e+02 1.6261e+02 7.9718e+02 1.8182e+02 6.0866e-04
1.2199e+03 1.0018e+02 1.2420e+03 1.5698e+02 6.0856e-04
4.7123e+02 1.4074e+02 6.3200e+02 2.1823e+02 6.0849e-04
1.2287e+03 0.0000e+00 1.2420e+03 8.3768e+00 6.0756e-04
7.3052e+02 1.5746e+02 8.2024e+02 1.9629e+02 6.0688e-04
6.4904e+02 1.4264e+02 6.6366e+02 1.8125e+02 6.0674e-04
4.9207e+02 1.6496e+02 5.6716e+02 2.0044e+02 6.0625e-04
1.2334e+03 0.0000e+00 1.2420e+03 9.2525e+00 6.0560e-04
6.5209e+02 1.4167e+02 6.6728e+02 1.8141e+02 6.0533e-04
5.2281e+02 1.7448e+02 5.5225e+02 1.9311e+02 6.0382e-04
7.7650e+01 2.0992e+02 2.7419e+02 2.7224e+02 5.9965e-04
6.4533e+02 1.3391e+02 6.6033e+02 1.7288e+02 5.9928e-04
1.2369e+03 1.3959e+02 1.2420e+03 1.9864e+02 5.9727e-04
2.7395e+02 1.5656e+02 3.2681e+02 1.7705e+02 5.9514e-04
2.8371e+02 1.6700e+02 3.3401e+02 1.8491e+02 5.9461e-04
2.6593e+00 2.1288e+02 2.3898e+01 2.8128e+02 5.9453e-04
2.5194e+02 3.2981e+02 2.8749e+02 3.7500e+02 5.9377e-04
5.6894e+02 1.3728e+02 5.8291e+02 1.7332e+02 5.9346e-04
0.0000e+00 2.4345e+02 2.4023e+01 3.7500e+02 5.9323e-04
6.5614e+02 1.4212e+02 6.7097e+02 1.8228e+02 5.9320e-04
5.4081e+02 1.8683e+02 5.6986e+02 2.0652e+02 5.9263e-04
6.5892e+02 1.7426e+02 6.9880e+02 1.9307e+02 5.9171e-04
7.7578e+02 1.7473e+02 7.9312e+02 2.1383e+02 5.9133e-04
6.5103e+02 1.7053e+02 6.9065e+02 1.8865e+02 5.8940e-04
5.6098e+02 1.3669e+02 5.9028e+02 1.5654e+02 5.8918e-04
3.4904e+02 1.8353e+02 3.8748e+02 2.0893e+02 5.8838e-04
5.4145e+02 1.7624e+02 5.5664e+02 2.1056e+02 5.8501e-04
5.2958e+02 1.7416e+02 5.4894e+02 1.9312e+02 5.8493e-04
5.8296e+00 2.3635e+02 8.1798e+01 3.1103e+02 5.8469e-04
8.0310e+02 1.9205e+02 8.1990e+02 2.3489e+02 5.8402e-04
8.2355e+01 1.6202e+02 2.0659e+02 2.0435e+02 5.8372e-04
0.0000e+00 0.0000e+00 7.7106e+01 4.3366e+01 5.8366e-04
1.1776e+02 1.8126e+02 2.3149e+02 2.1821e+02 5.8046e-04
2.1592e+02 1.8357e+02 3.0891e+02 2.1840e+02 5.7997e-04
5.2874e+02 1.2114e+02 5.9263e+02 2.6423e+02 5.7968e-04
1.2048e+03 0.0000e+00 1.2420e+03 1.8356e+02 5.7939e-04
6.2423e+02 1.1717e+02 6.4080e+02 1.5660e+02 5.7905e-04
1.2377e+03 9.6743e+01 1.2420e+03 1.5250e+02 5.7823e-04
1.1609e+03 0.0000e+00 1.2420e+03 3.1032e+02 5.7772e-04
3.5362e+02 1.9315e+02 3.8841e+02 2.2012e+02 5.7758e-04
5.7203e+02 1.5968e+02 5.8231e+02 1.8791e+02 5.7733e-04
3.5572e+02 1.8938e+02 3.9252e+02 2.1633e+02 5.7673e-04
0.0000e+00 1.3434e+02 4.1453e+01 3.7500e+02 5.7638e-04
9.6869e+01 2.8916e+02 2.3835e+02 3.6813e+02 5.7263e-04
0.0000e+00 2.2421e+02 3.1514e+01 2.7095e+02 5.7243e-04
4.7872e+02 1.2146e+02 5.4079e+02 2.7538e+02 5.7234e-04
2.6133e+02 1.7157e+02 3.0510e+02 1.8982e+02 5.7058e-04
4.3170e+01 1.5734e+02 1.5451e+02 1.9629e+02 5.6952e-04
7.7665e+02 1.8532e+02 8.2399e+02 2.0593e+02 5.6912e-04
1.2379e+03 7.4055e+01 1.2420e+03 1.2902e+02 5.6898e-04
7.7250e+02 1.8050e+02 8.0337e+02 2.0544e+02 5.6868e-04
1.1034e+03 2.0762e+02 1.1866e+03 2.5472e+02 5.6843e-04
2.3671e+02 3.2678e+02 2.7203e+02 3.7500e+02 5.6655e-04
7.4158e+02 2.0508e+02 7.9041e+02 2.2361e+02 5.6640e-04
7.8098e+02 2.0304e+02 8.1521e+02 2.2669e+02 5.6544e-04
4.5673e+01 3.0073e+02 2.2944e+02 3.7500e+02 5.6490e-04
2.4167e+02 1.6244e+02 2.8149e+02 1.8212e+02 5.6458e-04
2.8732e+02 1.7445e+02 3.3683e+02 1.9339e+02 5.6301e-04
1.2327e+03 9.9462e+01 1.2420e+03 1.2389e+02 5.6260e-04
5.6752e+02 1.6064e+02 5.7859e+02 1.8888e+02 5.6221e-04
3.0218e+02 1.8836e+02 4.0341e+02 2.2691e+02 5.6109e-04
4.6011e+02 1.7424e+02 5.1880e+02 3.1563e+02 5.5946e-04
1.0961e+03 7.1430e+01 1.2420e+03 2.5184e+02 5.5928e-04
2.3566e+00 2.4153e+02 6.7674e+01 3.1911e+02 5.5920e-04
1.2362e+03 8.9694e+01 1.2420e+03 1.1915e+02 5.5878e-04
4.8032e+02 1.7016e+02 5.1821e+02 2.6078e+02 5.5862e-04
0.0000e+00 1.8312e+02 4.6003e+01 2.4110e+02 5.5851e-04
7.7117e+02 1.7481e+02 7.8976e+02 2.1379e+02 5.5820e-04
1.1493e+03 1.8784e+02 1.2282e+03 3.4339e+02 5.5810e-04
3.9522e+01 1.7206e+02 1.5410e+02 2.1018e+02 5.5512e-04
7.9569e+02 1.8342e+02 8.1288e+02 2.2671e+02 5.5377e-04
2.5643e+02 1.8248e+02 2.9406e+02 1.9901e+02 5.5279e-04
1.1801e+03 0.0000e+00 1.2420e+03 4.3498e+01 5.5262e-04
3.1225e+02 1.8057e+02 4.3059e+02 2.7203e+02 5.5244e-04
7.5912e+02 1.9819e+02 7.9679e+02 2.1819e+02 5.5188e-04
7.8032e+02 1.9525e+02 7.9691e+02 2.3023e+02 5.5169e-04
7.2459e+02 1.8659e+02 7.6655e+02 2.0559e+02 5.5113e-04
6.9570e+00 2.1166e+02 2.2941e+02 2.8124e+02 5.5023e-04
6.4849e+02 1.1824e+02 6.6350e+02 1.5574e+02 5.4827e-04
4.5857e+02 1.7911e+02 5.2780e+02 2.2370e+02 5.4778e-04
6.0194e+00 1.4724e+02 1.7406e+02 2.0869e+02 5.4727e-04
2.5046e+02 1.5700e+02 2.9539e+02 1.7756e+02 5.4691e-04
5.2618e+01 1.4327e+02 1.7129e+02 1.8092e+02 5.4638e-04
0.0000e+00 1.8898e+02 9.3949e+00 2.1773e+02 5.4554e-04
7.8374e+02 1.7602e+02 8.0053e+02 2.1868e+02 5.4458e-04
4.3227e+01 2.2065e+02 9.1988e+01 3.4007e+02 5.4448e-04
7.5347e+02 1.5555e+02 7.9687e+02 1.7386e+02 5.4084e-04
1.1277e+03 0.0000e+00 1.2420e+03 8.4848e+01 5.4058e-04
3.8394e-01 1.8433e+02 1.7803e+01 2.5393e+02 5.3972e-04
7.0214e+02 1.9322e+02 8.7532e+02 2.6230e+02 5.3860e-04
9.0470e+01 2.1481e+02 2.5720e+02 3.0635e+02 5.3649e-04
4.6309e+00 1.3366e+02 4.3474e+01 2.4347e+02 5.3533e-04
3.6693e+01 1.6532e+02 1.4706e+02 2.0314e+02 5.3532e-04
1.2134e+03 6.4197e+01 1.2420e+03 1.1279e+02 5.3335e-04
1.0104e+02 1.7126e+02 2.2288e+02 2.1012e+02 5.3249e-04
6.2809e+02 1.1766e+02 6.4435e+02 1.5620e+02 5.3143e-04
6.0824e+02 1.2960e+02 6.4540e+02 1.5031e+02 5.3142e-04
0.0000e+00 2.2455e+02 2.3463e+01 2.8618e+02 5.3108e-04
7.3825e+02 2.0110e+02 7.8278e+02 2.2100e+02 5.3074e-04
3.9265e+02 2.1514e+02 5.2526e+02 2.9712e+02 5.2341e-04
5.1562e+02 1.2093e+02 5.8070e+02 2.6564e+02 5.2270e-04
2.7450e+02 1.7412e+02 3.6402e+02 2.0671e+02 5.1748e-04
7.0805e+01 2.8273e+02 2.0152e+02 3.4412e+02 5.0972e-04
7.0265e+02 1.6691e+02 7.8795e+02 2.0016e+02 5.0741e-04
1.4093e+01 1.3544e+02 1.9446e+02 1.9346e+02 5.0513e-04
0.0000e+00 2.5281e+02 1.3452e+01 3.7500e+02 5.0230e-04
5.1096e+01 2.2517e+02 9.9161e+01 3.3634e+02 4.9794e-04
0.0000e+00 4.4906e+01 9.3007e+01 3.7500e+02 4.8821e-04
0.0000e+00 1.0811e+02 1.4992e+02 2.7346e+02 4.8654e-04
7.4105e+02 1.8074e+02 8.0816e+02 2.1900e+02 4.8503e-04
2.5207e+02 2.8442e+02 3.2014e+02 3.7500e+02 4.8439e-04
1.1298e+03 5.5892e+01 1.2420e+03 2.8617e+02 4.8438e-04
6.6745e+02 1.4205e+02 8.4706e+02 2.1431e+02 4.8064e-04
1.1461e+00 1.5864e+02 6.7291e+01 3.4888e+02 4.8022e-04
1.9630e+02 3.1892e+02 3.2790e+02 3.7500e+02 4.7843e-04
1.4181e+02 2.9482e+02 2.7498e+02 3.5586e+02 4.7745e-04
1.9391e+01 2.4933e+02 1.3136e+02 3.1605e+02 4.7611e-04
1.1468e+03 1.4391e+02 1.2269e+03 3.2826e+02 4.7554e-04
3.3780e+02 1.7027e+02 4.2330e+02 2.0198e+02 4.7355e-04
5.3960e+01 1.7556e+02 2.3694e+02 2.3667e+02 4.7262e-04
4.9738e+01 2.2115e+02 1.5066e+02 3.7500e+02 4.7183e-04
4.4466e+02 1.4889e+02 5.6609e+02 2.4133e+02 4.7090e-04
4.5988e+02 1.5816e+02 5.4490e+02 1.9504e+02 4.7076e-04
4.1186e+02 1.4623e+02 5.8438e+02 2.1482e+02 4.6832e-04

