5.6569e+02 1.7865e+02 6.7447e+02 2.8910e+02 9.9977e-01
1.0043e+03 1.8558e+02 1.1575e+03 2.3220e+02 9.9974e-01
3.8549e+02 1.9215e+02 4.3380e+02 2.1695e+02 9.9961e-01
2.1521e+02 2.0125e+02 2.7850e+02 2.3239e+02 9.9949e-01
3.4792e+02 1.9630e+02 3.8532e+02 2.1446e+02 9.9893e-01
2.9432e+02 1.9787e+02 3.5375e+02 2.2805e+02 9.9861e-01
2.1365e+02 1.9989e+02 2.8294e+02 2.3228e+02 9.9856e-01
3.9299e+02 1.9133e+02 4.4043e+02 2.1555e+02 9.9792e-01
3.8017e+02 1.9328e+02 4.2103e+02 2.1467e+02 9.9728e-01
4.0386e+02 1.9023e+02 4.4187e+02 2.1248e+02 9.9399e-01
2.9328e+02 1.9707e+02 3.5414e+02 2.2661e+02 9.9393e-01
9.9410e+02 1.8392e+02 1.1618e+03 2.3545e+02 9.9348e-01
2.2407e+02 2.0372e+02 2.8434e+02 2.3077e+02 9.9217e-01
3.4546e+02 1.9435e+02 3.8204e+02 2.1177e+02 9.8927e-01
3.8689e+02 1.9016e+02 4.2357e+02 2.1581e+02 9.8821e-01
3.0288e+02 1.9622e+02 3.5759e+02 2.2227e+02 9.8742e-01
3.4330e+02 1.9525e+02 3.7616e+02 2.1524e+02 9.8331e-01
3.5296e+02 1.9534e+02 3.8717e+02 2.1083e+02 9.7912e-01
5.8101e+02 1.6535e+02 6.6504e+02 3.0277e+02 9.6076e-01
2.9349e+02 1.9699e+02 3.4515e+02 2.2285e+02 9.5935e-01
3.7859e+02 1.9218e+02 4.1426e+02 2.1102e+02 9.5894e-01
4.1228e+02 1.9034e+02 4.4492e+02 2.1018e+02 9.5770e-01
2.9179e+02 2.0230e+02 3.4036e+02 2.2688e+02 9.5277e-01
3.5849e+02 1.9616e+02 3.9228e+02 2.1453e+02 9.5115e-01
2.3895e+02 2.0088e+02 2.8114e+02 2.2930e+02 9.4823e-01
3.7490e+02 1.9481e+02 4.0904e+02 2.1409e+02 9.4125e-01
3.6756e+02 1.9527e+02 4.0042e+02 2.1478e+02 9.2185e-01
3.3914e+02 1.9771e+02 3.6842e+02 2.1799e+02 9.0773e-01
1.2102e+03 1.8766e+02 1.2420e+03 2.2765e+02 9.0545e-01
5.8395e+02 1.7800e+02 6.6991e+02 2.6467e+02 9.0455e-01
4.1871e+02 1.9010e+02 4.4935e+02 2.0936e+02 8.9737e-01
3.2224e+02 1.9670e+02 3.5854e+02 2.1826e+02 8.9253e-01
3.3411e+02 1.9502e+02 3.6561e+02 2.1421e+02 8.8978e-01
3.0671e+02 1.9580e+02 3.5403e+02 2.1676e+02 8.7683e-01
3.2586e+02 1.9497e+02 3.6076e+02 2.1448e+02 8.6115e-01
3.9527e+02 1.8938e+02 4.3737e+02 2.0982e+02 8.3904e-01
1.2075e+03 1.8335e+02 1.2420e+03 2.3447e+02 8.3794e-01
3.6262e+02 1.9436e+02 3.9492e+02 2.1106e+02 8.3499e-01
3.7747e+02 1.9017e+02 4.3840e+02 2.2006e+02 8.2955e-01
1.2067e+03 1.9152e+02 1.2420e+03 2.1842e+02 8.1522e-01
3.9098e+02 1.9010e+02 4.2782e+02 2.0907e+02 8.1271e-01
3.4097e+02 1.9299e+02 3.7427e+02 2.1195e+02 8.1117e-01
1.0160e+03 1.9529e+02 1.1525e+03 2.3286e+02 7.8533e-01
5.7255e+02 1.8261e+02 6.9298e+02 2.7474e+02 7.8503e-01
3.0540e+02 1.9387e+02 3.6371e+02 2.2434e+02 7.8111e-01
1.0297e+03 1.8272e+02 1.1668e+03 2.2493e+02 7.7144e-01
3.0159e+02 1.9297e+02 3.4423e+02 2.2108e+02 7.7116e-01
3.8402e+02 1.9066e+02 4.1951e+02 2.0859e+02 7.7032e-01
3.3009e+02 1.9707e+02 3.6169e+02 2.1789e+02 7.3190e-01
3.8689e+02 1.9616e+02 4.2637e+02 2.1797e+02 7.2535e-01
5.7555e+02 1.8539e+02 6.7204e+02 2.7980e+02 7.1048e-01
3.4864e+02 1.9913e+02 3.8081e+02 2.1632e+02 6.9760e-01
2.8717e+02 1.9197e+02 3.4924e+02 2.2952e+02 6.9418e-01
3.4591e+02 1.9216e+02 3.8182e+02 2.0777e+02 6.7041e-01
1.2177e+03 1.9477e+02 1.2420e+03 2.2126e+02 6.5610e-01
2.8690e+02 2.0139e+02 3.3349e+02 2.2393e+02 6.5095e-01
1.2162e+03 1.9939e+02 1.2420e+03 2.2884e+02 6.4296e-01
9.9128e+02 1.8761e+02 1.1215e+03 2.2959e+02 6.3575e-01
5.9870e+02 1.6806e+02 6.6290e+02 2.8717e+02 6.2192e-01
2.3230e+02 1.9928e+02 2.8211e+02 2.2328e+02 6.2155e-01
5.9784e+02 1.7526e+02 6.7145e+02 2.4473e+02 6.1597e-01
5.9197e+02 1.8521e+02 6.8241e+02 2.4826e+02 5.9751e-01
2.0901e+02 2.0613e+02 2.6320e+02 2.3053e+02 5.7263e-01
1.2066e+03 1.9597e+02 1.2420e+03 2.2961e+02 5.5681e-01
3.3632e+02 1.9196e+02 3.6802e+02 2.1041e+02 5.5576e-01
5.8511e+02 1.7615e+02 6.5199e+02 2.9419e+02 5.4385e-01
1.0043e+03 1.7861e+02 1.1470e+03 2.2047e+02 5.3625e-01
5.6933e+02 1.7557e+02 5.9601e+02 1.9125e+02 5.3528e-01
1.0220e+03 1.8030e+02 1.1404e+03 2.3077e+02 5.3141e-01
2.9137e+02 1.9921e+02 3.3787e+02 2.2085e+02 5.2768e-01
2.2267e+02 2.0022e+02 2.7810e+02 2.2547e+02 5.2074e-01
1.2231e+03 1.9149e+02 1.2420e+03 2.2587e+02 4.8510e-01
1.2075e+03 1.9691e+02 1.2420e+03 2.3982e+02 4.4185e-01
5.9451e+02 1.8835e+02 6.7924e+02 2.7491e+02 4.1446e-01
3.8671e+02 1.8854e+02 4.4821e+02 2.1855e+02 4.1112e-01
3.9354e+02 1.9454e+02 4.3163e+02 2.1845e+02 4.0973e-01
2.8840e+02 2.0413e+02 3.2767e+02 2.2587e+02 3.9759e-01
1.2222e+03 1.9670e+02 1.2420e+03 2.3232e+02 3.9038e-01
5.7651e+02 1.8062e+02 6.4194e+02 3.0747e+02 3.7981e-01
3.7538e+02 1.9225e+02 4.0430e+02 2.1173e+02 3.6972e-01
2.9949e+02 1.9317e+02 3.4750e+02 2.1243e+02 3.6871e-01
1.2125e+03 1.7883e+02 1.2369e+03 2.3748e+02 3.5634e-01
1.2162e+03 1.7692e+02 1.2397e+03 2.3122e+02 3.5293e-01
4.0668e+02 1.8310e+02 4.2461e+02 2.2024e+02 3.3345e-01
2.9832e+02 2.0065e+02 3.4664e+02 2.3072e+02 3.3086e-01
3.6514e+02 1.8844e+02 4.3011e+02 2.1935e+02 3.2676e-01
2.1227e+02 2.0250e+02 2.6763e+02 2.2591e+02 3.2288e-01
3.5570e+02 1.9269e+02 3.8833e+02 2.0735e+02 3.1840e-01
5.7938e+02 1.9593e+02 6.8127e+02 2.6539e+02 3.1677e-01
5.5367e+02 2.0681e+02 6.8586e+02 2.9574e+02 3.1589e-01
3.3182e+02 1.9045e+02 3.9009e+02 2.1833e+02 3.1462e-01
5.8862e+02 1.7851e+02 6.7803e+02 2.3152e+02 3.1192e-01
3.2156e+02 1.9073e+02 3.7888e+02 2.1877e+02 3.1059e-01
3.4400e+02 1.9917e+02 3.7162e+02 2.1946e+02 2.9929e-01
1.2148e+03 1.9049e+02 1.2420e+03 2.4145e+02 2.9621e-01
3.1030e+02 1.9104e+02 3.7243e+02 2.2207e+02 2.8940e-01
2.0842e+02 1.9740e+02 2.7716e+02 2.3862e+02 2.8412e-01
3.9554e+02 1.8376e+02 4.1381e+02 2.1861e+02 2.8303e-01
5.7767e+02 1.9478e+02 6.8473e+02 2.8616e+02 2.8209e-01
6.1656e+02 1.7411e+02 6.7335e+02 2.8405e+02 2.6766e-01
4.1799e+02 1.8757e+02 4.4998e+02 2.0488e+02 2.6062e-01
1.2158e+03 1.7090e+02 1.2420e+03 2.4708e+02 2.5332e-01
4.0333e+02 1.8268e+02 4.2157e+02 2.1997e+02 2.5303e-01
9.7432e+02 1.7159e+02 1.1484e+03 2.3565e+02 2.4277e-01
6.1478e+02 1.6607e+02 6.6346e+02 2.6740e+02 2.3580e-01
4.1082e+02 1.8283e+02 4.2790e+02 2.2049e+02 2.3511e-01
2.5264e+02 1.9572e+02 2.7290e+02 2.3593e+02 2.3477e-01
5.7071e+02 1.7449e+02 5.9558e+02 1.8801e+02 2.2510e-01
3.2885e+02 1.9248e+02 3.6019e+02 2.1017e+02 2.2463e-01
1.2115e+03 1.8819e+02 1.2420e+03 2.1559e+02 2.2126e-01
2.4074e+02 1.9266e+02 2.6002e+02 2.3743e+02 2.1375e-01
1.0425e+03 1.8737e+02 1.1688e+03 2.3447e+02 2.0720e-01
3.9249e+02 1.8359e+02 4.1077e+02 2.1769e+02 2.0356e-01
1.2209e+03 2.0786e+02 1.2420e+03 2.3446e+02 2.0288e-01
1.2329e+03 1.7325e+02 1.2420e+03 2.3022e+02 2.0281e-01
5.7661e+02 1.7371e+02 6.5463e+02 2.5538e+02 2.0213e-01
1.2266e+03 1.8437e+02 1.2420e+03 2.1965e+02 2.0150e-01
5.8325e+02 1.7419e+02 6.6595e+02 2.3728e+02 1.9916e-01
4.1580e+02 1.8375e+02 4.3092e+02 2.1828e+02 1.9820e-01
6.0693e+02 1.7183e+02 6.8018e+02 3.0677e+02 1.9680e-01
1.2224e+03 1.8805e+02 1.2420e+03 2.1317e+02 1.9592e-01
3.9938e+02 1.8328e+02 4.1776e+02 2.1956e+02 1.9498e-01
3.1035e+02 1.8827e+02 3.3155e+02 2.3478e+02 1.9264e-01
3.3412e+02 1.9901e+02 3.6151e+02 2.2128e+02 1.8704e-01
6.3087e+02 1.7551e+02 6.7746e+02 2.8945e+02 1.8597e-01
4.2525e+02 1.8851e+02 4.4984e+02 2.0841e+02 1.8551e-01
2.3778e+02 1.9311e+02 2.5598e+02 2.3727e+02 1.8304e-01
3.5354e+02 2.0027e+02 3.8645e+02 2.1637e+02 1.7824e-01
5.6686e+02 1.6658e+02 6.7496e+02 2.6475e+02 1.7553e-01
6.4767e+02 1.8138e+02 6.6462e+02 2.2137e+02 1.7035e-01
5.6427e+02 1.8449e+02 6.6265e+02 2.5430e+02 1.6427e-01
6.5150e+02 1.8293e+02 6.6762e+02 2.1975e+02 1.5667e-01
4.0999e+02 1.8771e+02 4.4382e+02 2.0525e+02 1.5642e-01
3.1238e+02 1.9394e+02 3.5364e+02 2.1108e+02 1.5528e-01
4.1972e+02 1.8511e+02 4.3446e+02 2.1803e+02 1.5349e-01
3.6934e+02 1.9361e+02 3.9707e+02 2.1163e+02 1.5264e-01
2.4287e+02 2.0557e+02 2.8644e+02 2.2982e+02 1.4857e-01
3.5252e+02 1.8829e+02 4.1899e+02 2.1942e+02 1.4775e-01
5.7434e+02 1.7447e+02 7.1357e+02 2.5776e+02 1.4291e-01
3.3948e+02 1.8859e+02 4.0460e+02 2.1869e+02 1.4108e-01
5.8455e+02 1.6440e+02 6.3806e+02 2.8308e+02 1.3181e-01
3.1362e+02 1.8734e+02 3.3348e+02 2.2950e+02 1.3084e-01
5.7453e+02 1.7719e+02 6.3403e+02 2.9207e+02 1.3077e-01
5.8638e+02 1.7664e+02 6.2048e+02 1.9293e+02 1.2937e-01
3.8372e+02 1.9573e+02 4.1663e+02 2.1661e+02 1.2723e-01
6.2976e+02 1.7891e+02 6.5058e+02 2.4056e+02 1.2403e-01
1.2077e+03 1.8401e+02 1.2408e+03 2.2093e+02 1.2311e-01
4.0237e+02 1.8779e+02 4.1992e+02 2.2479e+02 1.2122e-01
3.7336e+02 1.9061e+02 4.0680e+02 2.0775e+02 1.2120e-01
1.2135e+03 2.0559e+02 1.2420e+03 2.3313e+02 1.2018e-01
1.2305e+03 1.8466e+02 1.2420e+03 2.3700e+02 1.1798e-01
3.8711e+02 2.0149e+02 4.2687e+02 2.2013e+02 1.1669e-01
5.7298e+02 1.4539e+02 6.5373e+02 2.9387e+02 1.1518e-01
2.4392e+02 1.9333e+02 2.6331e+02 2.3804e+02 1.1456e-01
6.3206e+02 1.8460e+02 6.5444e+02 2.4223e+02 1.1160e-01
5.7538e+02 1.7639e+02 6.0401e+02 1.9213e+02 1.1098e-01
2.4581e+02 2.0148e+02 2.8646e+02 2.2338e+02 1.0790e-01
1.2124e+03 1.7317e+02 1.2328e+03 2.2959e+02 1.0763e-01
5.8126e+02 1.7659e+02 6.1046e+02 1.9215e+02 1.0413e-01
6.2605e+02 1.9458e+02 6.6280e+02 2.2983e+02 1.0210e-01
4.1112e+02 1.9491e+02 4.4245e+02 2.1358e+02 1.0209e-01
6.4555e+02 1.8720e+02 6.6996e+02 2.1436e+02 1.0119e-01
6.0909e+02 1.8222e+02 6.7948e+02 2.2302e+02 1.0081e-01
6.2542e+02 1.8480e+02 6.7092e+02 2.1023e+02 9.7764e-02
1.2206e+03 1.7899e+02 1.2420e+03 2.4173e+02 9.5972e-02
4.2499e+02 1.8707e+02 4.3808e+02 2.1611e+02 9.5477e-02
6.4198e+02 1.8444e+02 6.6693e+02 2.1174e+02 9.3606e-02
6.3600e+02 1.8772e+02 6.5862e+02 2.4025e+02 9.0052e-02
6.5568e+02 1.8257e+02 6.7026e+02 2.1885e+02 8.9958e-02
1.2240e+03 1.6984e+02 1.2420e+03 2.3642e+02 8.8707e-02
9.7237e+02 1.8934e+02 1.1439e+03 2.4206e+02 8.7340e-02
3.4048e+02 1.9060e+02 3.7369e+02 2.0709e+02 8.7027e-02
3.1743e+02 1.8788e+02 3.3633e+02 2.2845e+02 8.4590e-02
2.1665e+02 2.0111e+02 2.7013e+02 2.2098e+02 8.3405e-02
1.2258e+03 2.0507e+02 1.2420e+03 2.3689e+02 8.2429e-02
3.0692e+02 1.8624e+02 3.2908e+02 2.2938e+02 8.0282e-02
3.8969e+02 1.8485e+02 4.0571e+02 2.1620e+02 7.9802e-02
6.2846e+02 1.8903e+02 6.6300e+02 2.2100e+02 7.9679e-02
2.3475e+02 1.8799e+02 2.6233e+02 2.4339e+02 7.7687e-02
4.0531e+02 1.8854e+02 4.2314e+02 2.2387e+02 7.6934e-02
6.2558e+02 1.9091e+02 6.7098e+02 2.1829e+02 7.4597e-02
5.7012e+02 1.7804e+02 5.9939e+02 1.9516e+02 7.4344e-02
4.0393e+02 1.8792e+02 4.3869e+02 2.0881e+02 7.2507e-02
2.4880e+02 1.9455e+02 2.6734e+02 2.3734e+02 7.1826e-02
6.2346e+02 1.7042e+02 6.6730e+02 2.6070e+02 7.1392e-02
2.3258e+02 1.9257e+02 2.5153e+02 2.3632e+02 6.9849e-02
9.9636e+02 1.9893e+02 1.1258e+03 2.3470e+02 6.6297e-02
1.2219e+03 1.7920e+02 1.2420e+03 2.5598e+02 6.6133e-02
1.2268e+03 1.8499e+02 1.2420e+03 2.0871e+02 6.5620e-02
6.4311e+02 1.7850e+02 6.6113e+02 2.2401e+02 6.5333e-02
3.6296e+02 1.9156e+02 3.9606e+02 2.0741e+02 6.5147e-02
1.2295e+03 1.8231e+02 1.2420e+03 2.1474e+02 6.5037e-02
6.2459e+02 1.8394e+02 6.6696e+02 2.0434e+02 6.4271e-02
3.1046e+02 1.9816e+02 3.5556e+02 2.2546e+02 6.4269e-02
4.2977e+02 1.8676e+02 4.4166e+02 2.1453e+02 6.3652e-02
6.4009e+02 1.8865e+02 6.6864e+02 2.1787e+02 6.3024e-02
3.9769e+02 1.9126e+02 4.1785e+02 2.2747e+02 6.2763e-02
3.0803e+02 1.8530e+02 3.3789e+02 2.3766e+02 6.0956e-02
1.0284e+03 1.9209e+02 1.1084e+03 2.2126e+02 6.0914e-02
6.3304e+02 1.8475e+02 6.6592e+02 2.1514e+02 6.0610e-02
5.6886e+02 1.7265e+02 5.9127e+02 1.8948e+02 5.9691e-02
6.2100e+02 1.9042e+02 6.6061e+02 2.2701e+02 5.9476e-02
1.0310e+03 1.9864e+02 1.1079e+03 2.2515e+02 5.9244e-02
2.1170e+02 2.0846e+02 2.4786e+02 2.3106e+02 5.8766e-02
3.5358e+02 1.8927e+02 3.6905e+02 2.1728e+02 5.8680e-02
3.9432e+02 1.9168e+02 4.1442e+02 2.2638e+02 5.6757e-02
3.9268e+02 1.8852e+02 4.0974e+02 2.2375e+02 5.6001e-02
2.9848e+02 1.9137e+02 3.2043e+02 2.2983e+02 5.5554e-02
6.3374e+02 1.8133e+02 6.5305e+02 2.3328e+02 5.5297e-02
1.1991e+03 1.9107e+02 1.2420e+03 2.3333e+02 5.4949e-02
3.2112e+02 1.8771e+02 3.3998e+02 2.2757e+02 5.4354e-02
4.3308e+02 1.8709e+02 4.4504e+02 2.1288e+02 5.3458e-02
5.9791e+02 1.3586e+02 6.7901e+02 2.9012e+02 5.2934e-02
2.3150e+02 1.8228e+02 2.6863e+02 2.3904e+02 5.2592e-02
6.3728e+02 1.8507e+02 6.7211e+02 2.0911e+02 5.2537e-02
6.5158e+02 1.8807e+02 6.6834e+02 2.2829e+02 5.1598e-02
5.7406e+02 1.7069e+02 5.8899e+02 1.9928e+02 5.1193e-02
1.0185e+03 1.8485e+02 1.1757e+03 2.4427e+02 5.1122e-02
6.1605e+02 1.9039e+02 6.8132e+02 2.7144e+02 5.0888e-02
6.1950e+02 1.8697e+02 6.7897e+02 2.4835e+02 4.8113e-02
1.2083e+03 2.0234e+02 1.2420e+03 2.3719e+02 4.7848e-02
4.1253e+02 1.8157e+02 4.2971e+02 2.1488e+02 4.7226e-02
6.2264e+02 1.9751e+02 6.6932e+02 2.2639e+02 4.6996e-02
2.0815e+02 2.0972e+02 2.5728e+02 2.3299e+02 4.6401e-02
5.8935e+02 1.7397e+02 6.1999e+02 1.8956e+02 4.5719e-02
5.5402e+02 1.6643e+02 7.0051e+02 2.4543e+02 4.5697e-02
5.7629e+02 1.7450e+02 6.0347e+02 1.8901e+02 4.5340e-02
6.3746e+02 1.8334e+02 6.5736e+02 2.3105e+02 4.4404e-02
4.2099e+02 1.8236e+02 4.3607e+02 2.1235e+02 4.4197e-02
6.1984e+02 1.9691e+02 6.6160e+02 2.3536e+02 4.2555e-02
2.2358e+02 1.9522e+02 2.9367e+02 2.2910e+02 4.2547e-02
5.7304e+02 1.7980e+02 6.5938e+02 2.3182e+02 4.2000e-02
3.5705e+02 1.8903e+02 3.7206e+02 2.1623e+02 4.1861e-02
4.1704e+02 1.8170e+02 4.3297e+02 2.1269e+02 4.1768e-02
2.9222e+02 1.9638e+02 3.3637e+02 2.1522e+02 4.1216e-02
3.4994e+02 1.8729e+02 3.6544e+02 2.1668e+02 4.0464e-02
3.7710e+02 1.8372e+02 4.4490e+02 2.1783e+02 4.0303e-02
3.9723e+02 1.8812e+02 4.3107e+02 2.0527e+02 4.0253e-02
3.2540e+02 1.8787e+02 3.4370e+02 2.2708e+02 3.9864e-02
1.2146e+03 1.8647e+02 1.2414e+03 2.4206e+02 3.9597e-02
2.2582e+02 1.8933e+02 2.5806e+02 2.4837e+02 3.9440e-02
6.3346e+02 1.9198e+02 6.6629e+02 2.2283e+02 3.8450e-02
1.2240e+03 2.1356e+02 1.2420e+03 2.3790e+02 3.8186e-02
3.4588e+02 1.8873e+02 3.8116e+02 2.0407e+02 3.8162e-02
1.2137e+03 1.6820e+02 1.2420e+03 2.2941e+02 3.8069e-02
6.4280e+02 1.8596e+02 6.6150e+02 2.3215e+02 3.7997e-02
3.8791e+02 1.8184e+02 4.5343e+02 2.1515e+02 3.7690e-02
9.9530e+02 1.9507e+02 1.0995e+03 2.3248e+02 3.7222e-02
5.8439e+02 1.7870e+02 6.2346e+02 1.9667e+02 3.6972e-02
4.2550e+02 1.8419e+02 4.3932e+02 2.1191e+02 3.6892e-02
5.8378e+02 1.7426e+02 6.1109e+02 1.8977e+02 3.6376e-02
3.1819e+02 2.0013e+02 3.5425e+02 2.2392e+02 3.4752e-02
6.3425e+02 1.8266e+02 6.6990e+02 2.0410e+02 3.4253e-02
6.1581e+02 2.0077e+02 6.6820e+02 2.3223e+02 3.3950e-02
2.4048e+02 1.8972e+02 2.6699e+02 2.4438e+02 3.3215e-02
1.2112e+03 2.0504e+02 1.2420e+03 2.4675e+02 3.2743e-02
6.0897e+02 1.6536e+02 6.5495e+02 2.5355e+02 3.2575e-02
1.2361e+03 1.7062e+02 1.2420e+03 2.2180e+02 3.2143e-02
5.7038e+02 1.7546e+02 6.1728e+02 2.9623e+02 3.0549e-02
3.8445e+02 1.8865e+02 4.1781e+02 2.0480e+02 3.0526e-02
6.5567e+02 1.8977e+02 6.7093e+02 2.2926e+02 3.0402e-02
3.5980e+02 1.9350e+02 3.8974e+02 2.0990e+02 2.9615e-02
6.3249e+02 1.8253e+02 6.6195e+02 2.0664e+02 2.9551e-02
1.2112e+03 1.8867e+02 1.2331e+03 2.3681e+02 2.9470e-02
6.4106e+02 1.8972e+02 6.6187e+02 2.4546e+02 2.9192e-02
3.8592e+02 1.8625e+02 4.0079e+02 2.1537e+02 2.9169e-02
3.6188e+02 1.8992e+02 3.7559e+02 2.1567e+02 2.9168e-02
3.3565e+02 1.8922e+02 3.6713e+02 2.0691e+02 2.8900e-02
6.4928e+02 1.7891e+02 6.6260e+02 2.1361e+02 2.7815e-02
3.9984e+02 1.9608e+02 4.3604e+02 2.1741e+02 2.7619e-02
5.8953e+02 1.7563e+02 6.2721e+02 1.9186e+02 2.7597e-02
3.0388e+02 1.8701e+02 3.2346e+02 2.2601e+02 2.7237e-02
3.0376e+02 1.8114e+02 3.4083e+02 2.3132e+02 2.6387e-02
3.2971e+02 1.8904e+02 3.4776e+02 2.2608e+02 2.6270e-02
5.9588e+02 1.7694e+02 6.7751e+02 2.1523e+02 2.6202e-02
2.8300e+02 2.0267e+02 3.1685e+02 2.2323e+02 2.6172e-02
3.3516e+02 1.9158e+02 3.5138e+02 2.2307e+02 2.6131e-02
1.0385e+03 1.8939e+02 1.1131e+03 2.1838e+02 2.6099e-02
6.5351e+02 1.7892e+02 6.6632e+02 2.1346e+02 2.5995e-02
1.0436e+03 1.9741e+02 1.1182e+03 2.2454e+02 2.5303e-02
3.1506e+02 1.9097e+02 3.3210e+02 2.3636e+02 2.5177e-02
6.3970e+02 1.7881e+02 6.5668e+02 2.2095e+02 2.5168e-02
2.5590e+02 1.9486e+02 2.7758e+02 2.3334e+02 2.5035e-02
1.2261e+03 1.8573e+02 1.2420e+03 2.4039e+02 2.4798e-02
9.6787e+02 1.6361e+02 1.1586e+03 2.2518e+02 2.4564e-02
5.6679e+02 2.0922e+02 6.7043e+02 2.7784e+02 2.4397e-02
6.2495e+02 1.7984e+02 6.4712e+02 2.4953e+02 2.3647e-02
2.8646e+02 2.0016e+02 3.2228e+02 2.1965e+02 2.3395e-02
6.2635e+02 1.9939e+02 6.6632e+02 2.3769e+02 2.3257e-02
3.0018e+02 1.9171e+02 3.4562e+02 2.0807e+02 2.2803e-02
1.1791e+03 1.6876e+02 1.2420e+03 2.4991e+02 2.2546e-02
6.4687e+02 1.8897e+02 6.6507e+02 2.3487e+02 2.2524e-02
1.2103e+03 1.7431e+02 1.2420e+03 2.1730e+02 2.2014e-02
6.2044e+02 1.6971e+02 6.5941e+02 2.4758e+02 2.1649e-02
5.7464e+02 1.7915e+02 6.0732e+02 1.9608e+02 2.1548e-02
6.4824e+02 1.8357e+02 6.7004e+02 2.0655e+02 2.1466e-02
3.6547e+02 1.9342e+02 3.7797e+02 2.1909e+02 2.1054e-02
5.2167e+02 1.4208e+02 7.3237e+02 3.3716e+02 2.0802e-02
6.2611e+02 1.8141e+02 6.6512e+02 1.9826e+02 2.0798e-02
6.1746e+02 1.8665e+02 6.7050e+02 2.1394e+02 2.0370e-02
6.1313e+02 1.9113e+02 6.8977e+02 2.3750e+02 2.0361e-02
6.5058e+02 1.9044e+02 6.7241e+02 2.1672e+02 2.0094e-02
6.2241e+02 1.8437e+02 6.6086e+02 2.1637e+02 2.0045e-02
2.7439e+02 1.8800e+02 3.4566e+02 2.2282e+02 1.9751e-02
1.2174e+03 1.9888e+02 1.2420e+03 2.4970e+02 1.9532e-02
1.0444e+03 1.8648e+02 1.1208e+03 2.0753e+02 1.9453e-02
6.5111e+02 1.8602e+02 6.7261e+02 2.1033e+02 1.9435e-02
1.2325e+03 1.9515e+02 1.2420e+03 2.4369e+02 1.9243e-02
3.0127e+02 1.8124e+02 3.3139e+02 2.3684e+02 1.9103e-02
1.0211e+03 1.9044e+02 1.0986e+03 2.1727e+02 1.9070e-02
3.0877e+02 1.9128e+02 3.2709e+02 2.3579e+02 1.8954e-02
2.4888e+02 1.9949e+02 2.8695e+02 2.1879e+02 1.8935e-02
1.2174e+03 1.8239e+02 1.2420e+03 2.1845e+02 1.8659e-02
2.9491e+02 1.9240e+02 3.1616e+02 2.2781e+02 1.8567e-02
5.9434e+02 1.6586e+02 6.4248e+02 2.5945e+02 1.8558e-02
3.2419e+02 1.9303e+02 3.5481e+02 2.1128e+02 1.8547e-02
6.4157e+02 1.8818e+02 6.7549e+02 2.1205e+02 1.8522e-02
1.2324e+03 1.7902e+02 1.2420e+03 2.1179e+02 1.8213e-02
6.4528e+02 1.7821e+02 6.5955e+02 2.1345e+02 1.8113e-02
1.2156e+03 1.8553e+02 1.2420e+03 2.1173e+02 1.7906e-02
1.0345e+03 1.8536e+02 1.1080e+03 2.0721e+02 1.7625e-02
2.4012e+02 1.9814e+02 2.8117e+02 2.1560e+02 1.7554e-02
6.3555e+02 1.9042e+02 6.7478e+02 2.1582e+02 1.7207e-02
1.2091e+03 1.4075e+02 1.2420e+03 2.9428e+02 1.6563e-02
5.6348e+02 1.9638e+02 6.5825e+02 2.6524e+02 1.6547e-02
6.5751e+02 1.7770e+02 6.7036e+02 2.1395e+02 1.6014e-02
6.4411e+02 1.9276e+02 6.7138e+02 2.2081e+02 1.6000e-02
6.3639e+02 1.7570e+02 6.7173e+02 2.5901e+02 1.5890e-02
3.6932e+02 1.9024e+02 3.8268e+02 2.1486e+02 1.5751e-02
2.5441e+02 1.9189e+02 2.7398e+02 2.2872e+02 1.5537e-02
1.1948e+03 1.5962e+02 1.2420e+03 2.5901e+02 1.5417e-02
1.2067e+03 1.1461e+02 1.2420e+03 2.6494e+02 1.5232e-02
4.2916e+02 1.8227e+02 4.4387e+02 2.0786e+02 1.5128e-02
3.8038e+02 1.8844e+02 4.1322e+02 2.0757e+02 1.4668e-02
1.0046e+03 1.7659e+02 1.1184e+03 2.3077e+02 1.4463e-02
9.8321e+02 1.9638e+02 1.1701e+03 2.4846e+02 1.4350e-02
5.6610e+02 1.0677e+02 7.0906e+02 3.7500e+02 1.4110e-02
1.0232e+03 1.9586e+02 1.0993e+03 2.2360e+02 1.4052e-02
1.2286e+03 2.1060e+02 1.2420e+03 2.3903e+02 1.3904e-02
3.3253e+02 1.8757e+02 3.4812e+02 2.1921e+02 1.3760e-02
1.7579e+02 1.7897e+02 3.2631e+02 2.4520e+02 1.3564e-02
6.0826e+02 1.9961e+02 6.9160e+02 2.5499e+02 1.2435e-02
5.7934e+02 2.0228e+02 6.7710e+02 2.8863e+02 1.2232e-02
5.7453e+02 1.6484e+02 6.1531e+02 2.7775e+02 1.1278e-02
5.8670e+02 2.0506e+02 6.8964e+02 2.7102e+02 1.0420e-02
6.4169e+02 1.6913e+02 6.8062e+02 2.9935e+02 9.4426e-03
1.6132e+02 1.8886e+02 3.1855e+02 2.4990e+02 9.3951e-03
1.0540e+03 1.9494e+02 1.1607e+03 2.3679e+02 9.0557e-03
9.9029e+02 1.7428e+02 1.1104e+03 2.1853e+02 9.0453e-03
1.2065e+03 1.6546e+02 1.2420e+03 2.4714e+02 8.9090e-03
2.3678e+02 1.9850e+02 3.0808e+02 2.2864e+02 8.7632e-03
5.6664e+02 2.0905e+02 6.6244e+02 2.9993e+02 8.7387e-03
6.1412e+02 1.7825e+02 6.8349e+02 2.1028e+02 8.6368e-03
1.1935e+03 1.9880e+02 1.2420e+03 2.3604e+02 8.4794e-03
1.1999e+03 1.7254e+02 1.2420e+03 2.3329e+02 8.4430e-03
5.7143e+02 1.6303e+02 7.3025e+02 2.3740e+02 8.1254e-03
4.9674e+02 1.3647e+02 7.8052e+02 2.9290e+02 7.8814e-03
3.5892e+02 1.8151e+02 4.3108e+02 2.1655e+02 7.8614e-03
5.6994e+02 1.7681e+02 6.3760e+02 2.6137e+02 7.8416e-03
1.0604e+03 1.6202e+02 1.0902e+03 2.3470e+02 7.7876e-03
2.1521e+02 1.7439e+02 3.7153e+02 2.3979e+02 7.6614e-03
1.0660e+03 1.6475e+02 1.0976e+03 2.3631e+02 7.6450e-03
2.3867e+02 1.7735e+02 3.9782e+02 2.3787e+02 7.6390e-03
5.8958e+02 1.7406e+02 6.6023e+02 2.2192e+02 7.5801e-03
3.9271e+02 1.8490e+02 4.4349e+02 2.1650e+02 7.4812e-03
1.0578e+03 1.7773e+02 1.1625e+03 2.2707e+02 7.4030e-03
6.4540e+02 1.7313e+02 6.7893e+02 2.7220e+02 7.1689e-03
3.3158e+02 1.8273e+02 4.0309e+02 2.1557e+02 7.1122e-03
5.6951e+02 1.3321e+02 6.3676e+02 2.8740e+02 6.9893e-03
3.1939e+02 1.8777e+02 3.4363e+02 2.3690e+02 6.7132e-03
1.2215e+03 1.4013e+02 1.2420e+03 2.3583e+02 6.6471e-03
6.0402e+02 1.8818e+02 6.6816e+02 2.9451e+02 6.3142e-03
2.7139e+02 1.9640e+02 3.3828e+02 2.2821e+02 6.1591e-03
1.2006e+03 1.8022e+02 1.2420e+03 2.2241e+02 6.0105e-03
1.9468e+02 1.9314e+02 2.7412e+02 2.3057e+02 5.8437e-03
6.2998e+02 1.7326e+02 6.6432e+02 2.4408e+02 5.8329e-03
2.4561e+02 1.9190e+02 2.7377e+02 2.4577e+02 5.6503e-03
0.0000e+00 2.8246e+02 3.0365e+01 3.7500e+02 5.6114e-03
3.9598e+02 1.7849e+02 4.2424e+02 2.2755e+02 5.3839e-03
1.8874e+02 1.8746e+02 3.4384e+02 2.5002e+02 5.2518e-03
1.0720e+03 1.7094e+02 1.1019e+03 2.5085e+02 5.2327e-03
6.3017e+02 1.8003e+02 6.9369e+02 2.1798e+02 4.9461e-03
5.8759e+02 2.0310e+02 6.9789e+02 3.0686e+02 4.8695e-03
3.0532e+02 1.8534e+02 3.3571e+02 2.5080e+02 4.8283e-03
1.0515e+03 1.6257e+02 1.0843e+03 2.3453e+02 4.6088e-03
1.1986e+03 2.0436e+02 1.2420e+03 2.4110e+02 4.4157e-03
5.5134e+02 1.7997e+02 6.4235e+02 2.9152e+02 4.3482e-03
6.1936e+02 1.3054e+02 6.8675e+02 2.8399e+02 4.3115e-03
5.8491e+02 1.5612e+02 7.0169e+02 2.5056e+02 4.1397e-03
5.6994e+02 1.9153e+02 6.4420e+02 2.8004e+02 4.0689e-03
5.7550e+02 1.7743e+02 6.5697e+02 2.1528e+02 4.0257e-03
1.1769e+03 1.8947e+02 1.2420e+03 2.7501e+02 3.8455e-03
0.0000e+00 9.1040e+01 3.1777e+01 3.0033e+02 3.7841e-03
2.0215e+02 2.0506e+02 2.8900e+02 2.4023e+02 3.7557e-03
1.0862e+03 0.0000e+00 1.2420e+03 3.6914e+02 3.7400e-03
9.8843e+02 1.8249e+02 1.0965e+03 2.2436e+02 3.6250e-03
6.4972e+02 1.7248e+02 6.7771e+02 2.5623e+02 3.6225e-03
4.0292e+02 1.7978e+02 4.3080e+02 2.2759e+02 3.6090e-03
9.4745e+02 0.0000e+00 1.2420e+03 1.4137e+02 3.5876e-03
3.1143e+02 1.8577e+02 3.4245e+02 2.5133e+02 3.5034e-03
1.0779e+03 1.7199e+02 1.1093e+03 2.5129e+02 3.4914e-03
2.1806e+02 1.8094e+02 2.5412e+02 2.4188e+02 3.4732e-03
1.0130e+03 2.0468e+02 1.1373e+03 2.3866e+02 3.4220e-03
1.2165e+03 1.5926e+02 1.2420e+03 2.1953e+02 3.3695e-03
1.0402e+03 1.7524e+02 1.1834e+03 2.4142e+02 3.2626e-03
1.7866e+02 1.8131e+02 2.9527e+02 2.5602e+02 3.2612e-03
1.0031e+03 1.7033e+02 1.1314e+03 2.1052e+02 3.1650e-03
1.2116e+03 1.6515e+02 1.2420e+03 2.0885e+02 3.1574e-03
6.1051e+02 1.7815e+02 6.9110e+02 3.3626e+02 3.1168e-03
1.1524e+03 0.0000e+00 1.2420e+03 1.7376e+02 3.1076e-03
1.0954e+03 0.0000e+00 1.2420e+03 6.5297e+01 3.0756e-03
1.1941e+03 1.7874e+02 1.2420e+03 2.8697e+02 3.0422e-03
1.0664e+03 1.7683e+02 1.0952e+03 2.5311e+02 3.0117e-03
9.5484e+02 1.5187e+02 1.1367e+03 2.2285e+02 2.9086e-03
5.6655e+02 2.2787e+02 6.6203e+02 2.8514e+02 2.9059e-03
3.1963e+02 1.8218e+02 3.8962e+02 2.1485e+02 2.8550e-03
5.8725e+02 1.7037e+02 7.3799e+02 2.4937e+02 2.8518e-03
1.0427e+03 1.6099e+02 1.0778e+03 2.3416e+02 2.8390e-03
2.5102e+02 1.6394e+02 4.0389e+02 2.3076e+02 2.8338e-03
6.3387e+02 1.7609e+02 6.9373e+02 2.0917e+02 2.8020e-03
5.3394e+02 1.6526e+02 6.8122e+02 2.3894e+02 2.7749e-03
1.0836e+03 1.7048e+02 1.1178e+03 2.5154e+02 2.7085e-03
2.1280e+02 1.9255e+02 2.8503e+02 2.2776e+02 2.6799e-03
9.9440e+02 0.0000e+00 1.2420e+03 1.9642e+02 2.6427e-03
5.8519e+02 1.6819e+02 6.2090e+02 2.5724e+02 2.6344e-03
2.4555e+02 1.8459e+02 2.7681e+02 2.3849e+02 2.6238e-03
1.1145e+03 0.0000e+00 1.2420e+03 8.9799e+01 2.4749e-03
5.7865e+02 2.0024e+02 6.4035e+02 2.9254e+02 2.4587e-03
5.6489e+02 1.8202e+02 6.4363e+02 2.2512e+02 2.4463e-03
2.2828e+02 1.8466e+02 3.8742e+02 2.4929e+02 2.4409e-03
1.0607e+03 1.7822e+02 1.0888e+03 2.5044e+02 2.4374e-03
1.1751e+03 1.9351e+02 1.2420e+03 2.3299e+02 2.4273e-03
1.2161e+03 2.1422e+02 1.2420e+03 2.5519e+02 2.4180e-03
1.2024e+03 2.8868e+02 1.2420e+03 3.7500e+02 2.3481e-03
5.5191e+02 1.5856e+02 6.5150e+02 2.5368e+02 2.2631e-03
6.4041e+02 1.7987e+02 7.0392e+02 2.1623e+02 2.2560e-03
0.0000e+00 3.1743e+02 4.2552e+01 3.7500e+02 2.2390e-03
1.2229e+03 3.3473e+02 1.2420e+03 3.7500e+02 2.2251e-03
6.0375e+02 1.7819e+02 7.0102e+02 2.7447e+02 2.1814e-03
5.6439e+02 1.5737e+02 6.2674e+02 3.0832e+02 2.1778e-03
2.5586e+02 1.9225e+02 3.2732e+02 2.2563e+02 2.1667e-03
1.0071e+03 1.6228e+02 1.1841e+03 2.2117e+02 2.1143e-03
3.1953e+02 1.8308e+02 3.4946e+02 2.2957e+02 2.0665e-03
6.2790e+02 1.9220e+02 6.8496e+02 2.6148e+02 2.0632e-03
5.8694e+02 1.8872e+02 7.1132e+02 2.7914e+02 2.0592e-03
2.9236e+02 1.7850e+02 3.2282e+02 2.3674e+02 2.0191e-03
1.2089e+03 1.7900e+02 1.2361e+03 2.4499e+02 2.0175e-03
1.2107e+03 1.8543e+02 1.2387e+03 2.6231e+02 1.9985e-03
5.8971e+02 1.0847e+02 6.6358e+02 2.8134e+02 1.9808e-03
0.0000e+00 0.0000e+00 1.2865e+02 3.7500e+02 1.9807e-03
6.3201e+02 1.8829e+02 6.8597e+02 2.4672e+02 1.9532e-03
1.2024e+03 0.0000e+00 1.2420e+03 8.6666e+01 1.9280e-03
2.3333e+02 1.9817e+02 2.9109e+02 2.3463e+02 1.9144e-03
6.0695e+02 1.6582e+02 6.4436e+02 2.4508e+02 1.8882e-03
2.1038e+02 1.5847e+02 2.7366e+02 3.0330e+02 1.8870e-03
0.0000e+00 3.2881e+02 1.4269e+01 3.7500e+02 1.8624e-03
1.0481e+03 1.5944e+02 1.1088e+03 2.4951e+02 1.8554e-03
1.9300e+02 1.6390e+02 3.5541e+02 2.3440e+02 1.8479e-03
1.2209e+03 3.5446e+02 1.2420e+03 3.7500e+02 1.8462e-03
6.4066e+02 1.7525e+02 6.6995e+02 2.4211e+02 1.8451e-03
2.5808e+02 1.7021e+02 3.7735e+02 2.4468e+02 1.8445e-03
1.1610e+03 1.8561e+02 1.2420e+03 2.5335e+02 1.8305e-03
5.7870e+02 1.7472e+02 6.4584e+02 2.2400e+02 1.8242e-03
1.2063e+03 1.5371e+02 1.2420e+03 3.4242e+02 1.8016e-03
1.2282e+03 1.9553e+02 1.2420e+03 2.7463e+02 1.7854e-03
6.2762e+02 1.8562e+02 6.9476e+02 2.2516e+02 1.7741e-03
1.1727e+03 1.3466e+02 1.2420e+03 2.2578e+02 1.7729e-03
1.1896e+03 3.2149e+02 1.2420e+03 3.7500e+02 1.7596e-03
5.8895e+02 1.7137e+02 6.6422e+02 2.0268e+02 1.7396e-03
0.0000e+00 1.9565e+02 5.3079e+01 3.7500e+02 1.7238e-03
2.6406e+02 1.7307e+02 4.2302e+02 2.3509e+02 1.7034e-03
6.3766e+02 1.6125e+02 6.9580e+02 3.0912e+02 1.6770e-03
6.0840e+02 1.9694e+02 6.8398e+02 2.8497e+02 1.6769e-03
4.7215e+02 1.3671e+02 7.3606e+02 3.1281e+02 1.6506e-03
2.6386e+02 1.8528e+02 3.3881e+02 2.2043e+02 1.6469e-03
1.0904e+03 1.7016e+02 1.1265e+03 2.4910e+02 1.5951e-03
1.1901e+03 1.2406e+02 1.2420e+03 2.4082e+02 1.5769e-03
1.2228e+03 2.0978e+02 1.2420e+03 2.5756e+02 1.5486e-03
1.0571e+03 1.5892e+02 1.0940e+03 2.2212e+02 1.5050e-03
6.3596e+02 1.8401e+02 6.8517e+02 2.3264e+02 1.4934e-03
3.8905e+02 1.7730e+02 4.1673e+02 2.2820e+02 1.4894e-03
1.1543e+03 1.8306e+02 1.2420e+03 3.7500e+02 1.4523e-03
2.9924e+02 1.8467e+02 3.3009e+02 2.5070e+02 1.4517e-03
5.6016e+02 2.3905e+02 6.6631e+02 2.9190e+02 1.4342e-03
2.2552e+02 1.6209e+02 2.8301e+02 2.8593e+02 1.4174e-03
2.7936e+02 1.9964e+02 3.5018e+02 2.3210e+02 1.4132e-03
1.0788e+03 1.6833e+02 1.1119e+03 2.3489e+02 1.4100e-03
1.1629e+03 3.9992e+01 1.2420e+03 3.7500e+02 1.4000e-03
0.0000e+00 1.4025e+02 1.5278e+01 2.6588e+02 1.3946e-03
1.0649e+03 1.6358e+02 1.1140e+03 2.5555e+02 1.3944e-03
0.0000e+00 2.5566e+01 6.8864e+01 3.7500e+02 1.3823e-03
3.9994e+02 1.7066e+02 4.3496e+02 2.2656e+02 1.3229e-03
1.2099e+03 1.4518e+02 1.2420e+03 1.9016e+02 1.3215e-03
1.2105e+03 1.5299e+02 1.2420e+03 1.9818e+02 1.3183e-03
5.7217e+02 1.6999e+02 6.0671e+02 2.7020e+02 1.3101e-03
1.0527e+03 1.7901e+02 1.0820e+03 2.4943e+02 1.2892e-03
1.0836e+03 2.6272e+02 1.2420e+03 3.7500e+02 1.2888e-03
2.8605e+02 1.8172e+02 3.5630e+02 2.1511e+02 1.2868e-03
9.4753e+02 1.5866e+02 1.1020e+03 2.3062e+02 1.2391e-03
5.9172e+02 1.6433e+02 6.2937e+02 2.5010e+02 1.2346e-03
0.0000e+00 1.1955e+02 1.5706e+01 2.3927e+02 1.2174e-03
5.9787e+02 6.9622e+01 7.3785e+02 3.6008e+02 1.1879e-03
1.0340e+03 1.3358e+02 1.1126e+03 2.4121e+02 1.1853e-03
0.0000e+00 0.0000e+00 3.2332e+01 8.4683e+01 1.1784e-03
3.9222e+02 1.7204e+02 4.2744e+02 2.2827e+02 1.1743e-03
0.0000e+00 2.5638e+02 8.9623e+01 3.7500e+02 1.1704e-03
5.3919e+02 1.7049e+02 6.8393e+02 2.5969e+02 1.1665e-03
1.1606e+03 1.5787e+02 1.2420e+03 2.3707e+02 1.1599e-03
1.2054e+03 7.1151e+01 1.2420e+03 2.5165e+02 1.1509e-03
0.0000e+00 2.6606e+02 1.4635e+02 3.7500e+02 1.1444e-03
2.3525e+02 1.7556e+02 2.7575e+02 2.4106e+02 1.1301e-03
1.1607e+03 0.0000e+00 1.2420e+03 3.3340e+01 1.1204e-03
1.0635e+03 1.6261e+02 1.1019e+03 2.2293e+02 1.1180e-03
3.0677e+02 1.8117e+02 3.7812e+02 2.1548e+02 1.1161e-03
0.0000e+00 9.3500e+01 2.0713e+02 3.7500e+02 1.1098e-03
2.2012e+02 1.7462e+02 2.6323e+02 2.4488e+02 1.1059e-03
1.0755e+03 1.1032e+02 1.2420e+03 2.8019e+02 1.1047e-03
6.0629e+02 1.0542e+02 6.7773e+02 2.7812e+02 1.1039e-03
9.9246e+02 2.0187e+02 1.0926e+03 2.3563e+02 1.0978e-03
5.6354e+02 1.7745e+02 6.3684e+02 2.1015e+02 1.0965e-03
1.6577e+02 1.9629e+02 3.3470e+02 2.6623e+02 1.0908e-03
1.2184e+03 1.4718e+02 1.2420e+03 2.0741e+02 1.0902e-03
0.0000e+00 3.2633e+02 5.7274e+01 3.7500e+02 1.0827e-03
1.0701e+03 1.8537e+02 1.1663e+03 2.3818e+02 1.0685e-03
5.7716e+02 1.7153e+02 6.4592e+02 2.0249e+02 1.0680e-03
1.2255e+03 1.2179e+02 1.2420e+03 2.1862e+02 1.0659e-03
2.0469e+02 1.6860e+02 3.2497e+02 2.4706e+02 1.0649e-03
9.6008e+02 1.7095e+02 1.0452e+03 2.1081e+02 1.0642e-03
3.9404e+02 1.8648e+02 4.6018e+02 2.1605e+02 1.0592e-03
5.7929e+02 1.7296e+02 6.0944e+02 2.5311e+02 1.0536e-03
9.4517e+02 1.0884e+02 1.2420e+03 3.7500e+02 1.0524e-03
1.0851e+03 1.6780e+02 1.1210e+03 2.3481e+02 1.0468e-03
5.6686e+02 2.2709e+02 6.7994e+02 3.1080e+02 1.0397e-03
0.0000e+00 1.0836e+02 2.8532e+02 3.7500e+02 1.0222e-03
1.0993e+03 1.6854e+02 1.1370e+03 2.4263e+02 1.0048e-03
0.0000e+00 0.0000e+00 7.2063e+01 1.5437e+02 1.0037e-03
2.9188e+02 1.4830e+02 3.5471e+02 2.7291e+02 9.7663e-04
9.5521e+02 1.7355e+02 1.0985e+03 2.3921e+02 9.6768e-04
4.0939e+02 1.7875e+02 4.3663e+02 2.2593e+02 9.6357e-04
4.8459e+02 0.0000e+00 7.8753e+02 3.7500e+02 9.4716e-04
5.7841e+02 1.0923e+02 6.4890e+02 2.7963e+02 9.4499e-04
6.0300e+02 1.7234e+02 6.7771e+02 2.0267e+02 9.3116e-04
1.0727e+03 1.6870e+02 1.1342e+03 2.6747e+02 9.2625e-04
3.9383e+02 1.6914e+02 4.7145e+02 2.0574e+02 9.1619e-04
5.6722e+02 1.7567e+02 6.2666e+02 2.3207e+02 9.1323e-04
1.1990e+03 1.4450e+02 1.2420e+03 2.8031e+02 9.1191e-04
1.6005e+02 1.6470e+02 3.1871e+02 2.3827e+02 8.9519e-04
9.0897e+02 2.0853e+02 9.9448e+02 2.3933e+02 8.8676e-04
9.5976e+02 1.9827e+02 1.1399e+03 2.5424e+02 8.6702e-04
1.1815e+03 2.0555e+02 1.2420e+03 2.9612e+02 8.6467e-04
6.4785e+02 1.7536e+02 7.1190e+02 2.1057e+02 8.6090e-04
9.8780e+02 1.6520e+02 1.1042e+03 2.0906e+02 8.4019e-04
0.0000e+00 3.4992e+02 2.2535e+01 3.7500e+02 8.3500e-04
1.0445e+03 1.7842e+02 1.0753e+03 2.4930e+02 8.3210e-04
1.0320e+03 1.6051e+02 1.0705e+03 2.3160e+02 8.3105e-04
2.6909e+02 1.8824e+02 3.3106e+02 2.2684e+02 8.3033e-04
6.4138e+02 1.4219e+02 7.0124e+02 2.9451e+02 8.2589e-04
2.3008e+02 1.8899e+02 2.6294e+02 2.5887e+02 8.1844e-04
5.5282e+02 1.4909e+02 7.3132e+02 2.1947e+02 8.1810e-04
6.5245e+02 1.7058e+02 6.7681e+02 2.3743e+02 8.1746e-04
2.0765e+02 1.2816e+02 2.7842e+02 2.7473e+02 8.1383e-04
6.3271e+02 1.6997e+02 7.0103e+02 2.0179e+02 8.0007e-04
5.8889e+02 1.8622e+02 6.5986e+02 3.3494e+02 7.9983e-04
1.0338e+03 1.5478e+02 1.0950e+03 2.4901e+02 7.9695e-04
5.3842e+02 1.2516e+02 7.6900e+02 3.1908e+02 7.9560e-04
0.0000e+00 1.2932e+02 2.9134e+01 3.2796e+02 7.9400e-04
9.8412e+02 1.8981e+02 1.0671e+03 2.2702e+02 7.6405e-04
5.2555e+02 5.0157e+01 6.5926e+02 3.7500e+02 7.5347e-04
1.1809e+03 0.0000e+00 1.2420e+03 4.4881e+01 7.5268e-04
1.9065e+02 1.8894e+02 3.0470e+02 2.7282e+02 7.4786e-04
5.7496e+02 1.7297e+02 6.3396e+02 2.1972e+02 7.4143e-04
6.5780e+02 1.7032e+02 6.8290e+02 2.5115e+02 7.3721e-04
1.0250e+03 1.9440e+02 1.1818e+03 2.5703e+02 7.3548e-04
8.9265e+02 2.1413e+02 9.8249e+02 2.4764e+02 7.3503e-04
1.1910e+03 1.7415e+02 1.2420e+03 2.1554e+02 7.3460e-04
1.0243e+03 1.2397e+02 1.0988e+03 2.4151e+02 7.2630e-04
5.6539e+02 1.7205e+02 6.3004e+02 1.9988e+02 7.2054e-04
1.0348e+03 1.6854e+02 1.0678e+03 2.3855e+02 7.1642e-04
1.9151e+02 1.9895e+02 2.6181e+02 2.3329e+02 7.1419e-04
0.0000e+00 1.6185e+02 2.6033e+01 3.6304e+02 7.1205e-04
3.6521e+02 1.9380e+02 4.3378e+02 2.2404e+02 7.0914e-04
8.7528e+02 3.0303e+02 9.5073e+02 3.7500e+02 7.0739e-04
9.2353e+02 1.9857e+02 1.0116e+03 2.3397e+02 7.0556e-04
4.5171e+02 1.1838e+02 7.5662e+02 2.8810e+02 7.0389e-04
0.0000e+00 1.7159e+02 1.4915e+01 2.8027e+02 7.0194e-04
2.4290e+02 1.5527e+02 3.6682e+02 2.3932e+02 6.9365e-04
6.3678e+02 1.8600e+02 7.0609e+02 2.2309e+02 6.8293e-04
1.8222e+02 1.5766e+02 3.0021e+02 2.4766e+02 6.8031e-04
1.0928e+03 1.6725e+02 1.1285e+03 2.3377e+02 6.7989e-04
3.3023e+02 1.8191e+02 3.5332e+02 2.3475e+02 6.7974e-04
9.3034e+02 1.7289e+02 1.0206e+03 2.1304e+02 6.6582e-04
3.9482e+02 1.8312e+02 4.2231e+02 2.4326e+02 6.6011e-04
8.6024e+02 2.9954e+02 9.3633e+02 3.7500e+02 6.5999e-04
8.9332e+02 2.0965e+02 9.7717e+02 2.3976e+02 6.5736e-04
1.2930e+02 1.8435e+02 3.0207e+02 2.5762e+02 6.5693e-04
6.4893e+02 1.8105e+02 7.1578e+02 2.1561e+02 6.4542e-04
2.8015e+02 1.6198e+02 4.4819e+02 2.2919e+02 6.4012e-04
2.6884e+02 1.5492e+02 3.8974e+02 2.3817e+02 6.3776e-04
1.2105e+03 1.4057e+02 1.2420e+03 2.4537e+02 6.3645e-04
5.6189e+02 1.4351e+02 6.8309e+02 2.3567e+02 6.3223e-04
3.9916e+02 1.7715e+02 4.7048e+02 2.1163e+02 6.3205e-04
9.2259e+02 2.0621e+02 1.0074e+03 2.4038e+02 6.3110e-04
2.2545e+02 1.6602e+02 3.5215e+02 2.4689e+02 6.2572e-04
9.8929e+02 1.9698e+02 1.0697e+03 2.3181e+02 6.2309e-04
1.9791e+02 1.5529e+02 2.6237e+02 2.9179e+02 6.0986e-04
1.0018e+03 2.0789e+02 1.1191e+03 2.4165e+02 6.0770e-04
1.1783e+03 1.7914e+02 1.2420e+03 2.2245e+02 6.0011e-04
2.4487e+02 1.7763e+02 3.5964e+02 2.5298e+02 5.8326e-04
3.8431e+02 1.5022e+02 4.6744e+02 1.8570e+02 5.7146e-04
0.0000e+00 0.0000e+00 1.4436e+01 5.2628e+01 5.6333e-04
6.3414e+02 1.7461e+02 6.9976e+02 3.3346e+02 5.6117e-04
3.0657e+02 1.3961e+02 3.6381e+02 2.7123e+02 5.5360e-04
4.1254e+02 2.9230e+02 4.8618e+02 3.7500e+02 5.5339e-04
1.1371e+03 1.0977e+02 1.2420e+03 3.2813e+02 5.5300e-04
2.2373e+02 1.2908e+02 2.8845e+02 2.7043e+02 5.5050e-04
6.2384e+02 9.9652e+01 6.9112e+02 2.7197e+02 5.4873e-04
3.9761e+02 2.9193e+02 4.7068e+02 3.7500e+02 5.4684e-04
9.2267e+02 1.7973e+02 1.0154e+03 2.1855e+02 5.4351e-04
0.0000e+00 2.5558e+02 2.6501e+01 3.7500e+02 5.4290e-04
1.2269e+03 0.0000e+00 1.2420e+03 4.7532e+01 5.4249e-04
9.7304e+02 1.7260e+02 1.0671e+03 2.1271e+02 5.4129e-04
2.3073e+02 1.8674e+02 3.0329e+02 2.2157e+02 5.4092e-04
5.8140e+02 2.3789e+02 6.8106e+02 2.9205e+02 5.4076e-04
2.7913e+02 1.4654e+02 3.4140e+02 2.7458e+02 5.3101e-04
4.0673e+02 1.7184e+02 4.4066e+02 2.2284e+02 5.2630e-04
1.0722e+03 1.7703e+02 1.1713e+03 2.1877e+02 5.2494e-04
0.0000e+00 0.0000e+00 1.1029e+02 7.9213e+01 5.2477e-04
6.4516e+02 1.6672e+02 7.1961e+02 2.0259e+02 5.2202e-04
9.8002e+02 1.8144e+02 1.0663e+03 2.2266e+02 5.2013e-04
3.8180e+02 2.9292e+02 4.5592e+02 3.7500e+02 5.1771e-04
1.0709e+03 1.6076e+02 1.1314e+03 2.4835e+02 5.1267e-04
3.4877e+02 1.7837e+02 3.7446e+02 2.2871e+02 5.1133e-04
9.1096e+02 2.0031e+02 9.9787e+02 2.3312e+02 5.0492e-04
1.1068e+03 1.6946e+02 1.1449e+03 2.4246e+02 5.0048e-04
1.1585e+03 2.0348e+02 1.2345e+03 2.3741e+02 4.9815e-04
8.9135e+02 3.0271e+02 9.6539e+02 3.7500e+02 4.9516e-04
1.0399e+03 2.0514e+02 1.1504e+03 2.4052e+02 4.9260e-04
1.2175e+03 2.2160e+02 1.2420e+03 2.6455e+02 4.7794e-04
1.0781e+03 7.4387e+01 1.2420e+03 2.5317e+02 4.7479e-04
1.2281e+03 2.0348e+02 1.2420e+03 3.0582e+02 4.7274e-04
1.1720e+03 1.1708e+02 1.2420e+03 2.0931e+02 4.6859e-04
5.7556e+02 4.6745e+01 7.0758e+02 3.3306e+02 4.6759e-04
5.6653e+02 1.7264e+02 6.2093e+02 2.1763e+02 4.6187e-04
3.5440e+02 1.7852e+02 3.8016e+02 2.3060e+02 4.6076e-04
2.4218e+02 1.5575e+02 3.0027e+02 2.8596e+02 4.6015e-04
1.1769e+03 1.2593e+02 1.2420e+03 2.6908e+02 4.5873e-04
0.0000e+00 1.3406e+02 1.5270e+02 3.0950e+02 4.5171e-04
0.0000e+00 1.0369e+02 1.4664e+02 2.7596e+02 4.5112e-04
3.8399e+02 1.7010e+02 4.1797e+02 2.3055e+02 4.4622e-04
3.9368e+02 1.5691e+02 4.7921e+02 1.9425e+02 4.4417e-04
9.4941e+02 1.6523e+02 1.0361e+03 2.0672e+02 4.3968e-04
2.5438e+02 1.8887e+02 2.8145e+02 2.4761e+02 4.3894e-04
4.2788e+02 2.9665e+02 5.0118e+02 3.7500e+02 4.3555e-04
2.6630e+02 1.7824e+02 3.4457e+02 2.1251e+02 4.3433e-04
5.5486e+02 4.8051e+01 6.8185e+02 3.5226e+02 4.3371e-04
3.1980e+02 1.7126e+02 4.8123e+02 2.3881e+02 4.2819e-04
1.0497e+03 1.3340e+02 1.1255e+03 2.3613e+02 4.2305e-04
6.0650e+02 1.8907e+02 6.7494e+02 3.3994e+02 4.2156e-04
9.9310e+02 1.5656e+02 1.1110e+03 1.9782e+02 4.2128e-04
9.8374e+02 1.2671e+01 1.2420e+03 3.6278e+02 4.2033e-04
6.0248e+02 1.5086e+02 7.2240e+02 2.4315e+02 4.1645e-04
1.2275e+03 2.1842e+02 1.2420e+03 3.2759e+02 4.1579e-04
2.3965e+02 1.8837e+02 2.6951e+02 2.6017e+02 4.1531e-04
6.5313e+02 1.7942e+02 6.8280e+02 2.8179e+02 4.1057e-04
1.2236e+03 2.1676e+02 1.2420e+03 2.6782e+02 4.0936e-04
0.0000e+00 0.0000e+00 1.6208e+02 7.2893e+01 4.0910e-04
1.1422e+03 1.7289e+02 1.2420e+03 2.4379e+02 4.0826e-04
0.0000e+00 8.3793e+01 8.9064e+01 3.0681e+02 4.0542e-04
3.6439e+02 2.9183e+02 4.4148e+02 3.7500e+02 4.0316e-04
2.2696e+02 2.0309e+02 2.8858e+02 2.4060e+02 3.9861e-04
8.4577e+02 2.9331e+02 9.2194e+02 3.7500e+02 3.9726e-04
5.8855e+02 2.2560e+02 6.8659e+02 2.8632e+02 3.9295e-04
3.3590e+02 1.9477e+02 3.9995e+02 2.2268e+02 3.9154e-04
0.0000e+00 9.5349e+01 1.5518e+01 2.1582e+02 3.8939e-04
0.0000e+00 2.9364e+02 4.8204e+01 3.7500e+02 3.8221e-04
0.0000e+00 0.0000e+00 2.2719e+02 1.6149e+02 3.8205e-04
5.8365e+02 1.6010e+02 6.7080e+02 1.9275e+02 3.8202e-04
9.4447e+02 1.8497e+02 1.0907e+03 2.5085e+02 3.8174e-04
6.4166e+02 1.5774e+02 7.2292e+02 1.9390e+02 3.7859e-04
1.0112e+03 1.6705e+02 1.1069e+03 2.1482e+02 3.7732e-04
3.4889e+02 1.9438e+02 4.1955e+02 2.2423e+02 3.7546e-04
6.0304e+02 1.5501e+02 7.7004e+02 2.2966e+02 3.7409e-04
1.1946e+03 1.5106e+02 1.2420e+03 3.1678e+02 3.7336e-04
5.8367e+02 1.4181e+02 7.5737e+02 2.1313e+02 3.7300e-04
5.6874e+02 2.1938e+02 6.4425e+02 2.9302e+02 3.7097e-04
8.4566e+02 3.3002e+02 9.7309e+02 3.7500e+02 3.6850e-04
1.2093e+03 1.8578e+02 1.2420e+03 3.7346e+02 3.6476e-04
5.4765e+02 2.3873e+02 6.8392e+02 3.1527e+02 3.6359e-04
0.0000e+00 1.2923e+02 4.4802e+01 2.5103e+02 3.6297e-04
3.7790e+02 1.6972e+02 4.5550e+02 2.0783e+02 3.5854e-04
6.4393e+02 1.6974e+02 6.7129e+02 2.2940e+02 3.4740e-04
4.4278e+02 2.9348e+02 5.1729e+02 3.7500e+02 3.4323e-04
2.7101e+02 1.8027e+02 3.7870e+02 2.5360e+02 3.4290e-04
6.4446e+02 1.8519e+02 6.9383e+02 2.3025e+02 3.4231e-04
0.0000e+00 0.0000e+00 3.3070e+02 1.4452e+02 3.4198e-04
2.2398e+02 2.0973e+02 3.0707e+02 2.4317e+02 3.4013e-04
5.4280e+02 1.6223e+02 6.4341e+02 2.7115e+02 3.3537e-04
5.2963e+02 1.5021e+02 7.0044e+02 2.2388e+02 3.3507e-04
9.6105e+02 1.3552e+02 1.1509e+03 2.0824e+02 3.3497e-04
9.2345e+02 1.8861e+02 1.0150e+03 2.2600e+02 3.3448e-04
1.0898e+03 1.6667e+02 1.1496e+03 2.7190e+02 3.3335e-04
0.0000e+00 7.7323e+01 4.6108e+01 3.1143e+02 3.2745e-04
1.6825e+02 1.8675e+02 2.8387e+02 2.7746e+02 3.2706e-04
3.1977e+02 1.8775e+02 3.4606e+02 2.5907e+02 3.2531e-04
1.0672e+03 1.8146e+02 1.1055e+03 2.5687e+02 3.2421e-04
9.3813e+02 1.7896e+02 1.0310e+03 2.1867e+02 3.2227e-04
0.0000e+00 0.0000e+00 5.1601e+01 4.4242e+01 3.1946e-04
9.6667e+02 1.6525e+02 1.0654e+03 2.0621e+02 3.1558e-04
9.0690e+02 3.0208e+02 9.7947e+02 3.7500e+02 3.1459e-04
5.7563e+02 1.7531e+02 6.0215e+02 2.5096e+02 3.1428e-04
3.4065e+02 1.8087e+02 3.6492e+02 2.2938e+02 3.1423e-04
9.2859e+02 1.6454e+02 1.0212e+03 2.0623e+02 3.1390e-04
3.8390e+02 1.0242e+02 8.7200e+02 3.7500e+02 3.0692e-04
1.9478e+02 1.8648e+02 2.7381e+02 2.2357e+02 3.0376e-04
2.2539e+02 1.9546e+02 3.8453e+02 2.6469e+02 3.0102e-04
2.6218e+02 1.8484e+02 4.3034e+02 2.4903e+02 3.0100e-04
1.8217e+02 1.9085e+02 2.6097e+02 2.2848e+02 3.0062e-04
4.7764e+02 1.0781e+02 7.9705e+02 2.5625e+02 2.9923e-04
8.2085e+02 3.3507e+02 9.9806e+02 3.7500e+02 2.9866e-04
3.2828e+02 1.5914e+02 4.9353e+02 2.2794e+02 2.9037e-04
1.9413e+02 1.1343e+02 2.6369e+02 2.7312e+02 2.8935e-04
3.9676e+02 1.5170e+02 4.8366e+02 1.8760e+02 2.8793e-04
2.8560e+02 9.8619e+01 3.5909e+02 2.6917e+02 2.8748e-04
4.7369e+02 2.8978e+02 5.5104e+02 3.7500e+02 2.8561e-04
1.2019e+03 1.4237e+02 1.2386e+03 2.4261e+02 2.8445e-04
4.0112e+02 1.8028e+02 4.2809e+02 2.4427e+02 2.8377e-04
6.4226e+02 9.1291e+01 7.0713e+02 2.6620e+02 2.8068e-04
4.8971e+02 2.9127e+02 5.6867e+02 3.7500e+02 2.8010e-04
1.0704e+03 1.6420e+02 1.1092e+03 2.2356e+02 2.7834e-04
9.7651e+02 1.5505e+02 1.0929e+03 1.9655e+02 2.7798e-04
9.6457e+02 1.7865e+02 1.0453e+03 2.1927e+02 2.7707e-04
2.5977e+02 1.5200e+02 3.1689e+02 2.8288e+02 2.7533e-04
6.1378e+02 1.9617e+02 7.0588e+02 3.0281e+02 2.7510e-04
0.0000e+00 1.8600e+02 1.3632e+01 3.0133e+02 2.7490e-04
2.4093e+02 1.8537e+02 3.1777e+02 2.2077e+02 2.7417e-04
8.9144e+02 3.3944e+02 9.2930e+02 3.7500e+02 2.7322e-04
1.1652e+03 2.8955e+02 1.2388e+03 3.7500e+02 2.7120e-04
1.2189e+03 1.3442e+02 1.2420e+03 1.9145e+02 2.7006e-04
2.1072e+02 1.7697e+02 2.4204e+02 2.4119e+02 2.6987e-04
5.0598e+02 2.9017e+02 5.8411e+02 3.7500e+02 2.6934e-04
3.0842e+02 1.6955e+02 3.4737e+02 2.3140e+02 2.6865e-04
1.1891e+03 2.2325e+02 1.2420e+03 3.1651e+02 2.6648e-04
9.3941e+02 2.0581e+02 1.0175e+03 2.3949e+02 2.6458e-04
1.0363e+03 1.4946e+02 1.0758e+03 2.1941e+02 2.6363e-04
9.5740e+02 1.5650e+02 1.0485e+03 1.9785e+02 2.6331e-04
5.6031e+02 1.6326e+02 6.3222e+02 1.9414e+02 2.6142e-04
1.2037e+03 1.8882e+02 1.2326e+03 2.6695e+02 2.6127e-04
5.6614e+02 2.4298e+02 6.4416e+02 2.9214e+02 2.6071e-04
4.5865e+02 2.9127e+02 5.3364e+02 3.7500e+02 2.5886e-04
5.7180e+02 1.6025e+02 6.4914e+02 1.9326e+02 2.5835e-04
9.2244e+02 1.7037e+02 1.0729e+03 2.4170e+02 2.5811e-04
6.2815e+02 1.5904e+02 7.0692e+02 1.9501e+02 2.5787e-04
1.2107e+03 0.0000e+00 1.2420e+03 1.4991e+01 2.5440e-04
1.1921e+03 1.0568e+02 1.2420e+03 2.7046e+02 2.5367e-04
1.1993e+03 2.1149e+02 1.2420e+03 3.2860e+02 2.5244e-04
1.1230e+03 5.6011e+01 1.2420e+03 2.8218e+02 2.4955e-04
5.5775e+02 1.2927e+02 6.1981e+02 2.7757e+02 2.4875e-04
3.4757e+02 2.9376e+02 4.2470e+02 3.7500e+02 2.4544e-04
5.8684e+02 1.3547e+02 7.1505e+02 2.3011e+02 2.4372e-04
1.0591e+03 1.6339e+02 1.1202e+03 2.7903e+02 2.4173e-04
8.9780e+02 1.5479e+02 1.0648e+03 2.2811e+02 2.3376e-04
1.2105e+03 2.4939e+02 1.2420e+03 3.7500e+02 2.2964e-04
2.7143e+02 9.9470e+01 3.4510e+02 2.6909e+02 2.2943e-04
3.1976e+02 1.8451e+02 4.8273e+02 2.5675e+02 2.2664e-04
5.1347e+02 1.0220e+02 7.4575e+02 2.7636e+02 2.2524e-04
1.2046e+02 1.1958e+02 5.1212e+02 2.8377e+02 2.2499e-04
1.1833e+03 2.8495e+02 1.2420e+03 3.7500e+02 2.2415e-04
1.1492e+03 2.9155e+02 1.2252e+03 3.7500e+02 2.2318e-04
2.3351e+02 1.4342e+02 3.9780e+02 2.2020e+02 2.1874e-04
5.2298e+02 2.8947e+02 5.9866e+02 3.7500e+02 2.1481e-04
9.3502e+02 1.4168e+02 1.1018e+03 2.1858e+02 2.1436e-04
8.2954e+02 2.9409e+02 9.0624e+02 3.7500e+02 2.1433e-04
5.3320e+02 0.0000e+00 8.5132e+02 3.7500e+02 2.1135e-04
9.2190e+02 2.9958e+02 9.9645e+02 3.7500e+02 2.0940e-04
3.4942e+02 3.2549e+02 4.7949e+02 3.7500e+02 2.0895e-04
3.8203e+02 1.4259e+02 4.4772e+02 3.0243e+02 2.0531e-04
2.4098e+02 1.1740e+02 3.0400e+02 2.6808e+02 2.0498e-04
2.8324e+02 1.6662e+02 4.0175e+02 2.4037e+02 2.0304e-04
1.1552e+03 1.9447e+02 1.2420e+03 2.6811e+02 2.0124e-04
1.0466e+03 1.8644e+02 1.1675e+03 2.5881e+02 1.9936e-04
3.7028e+02 1.4583e+02 4.3130e+02 2.9847e+02 1.9826e-04
8.2977e+02 0.0000e+00 1.2420e+03 1.3328e+02 1.9763e-04
1.1350e+03 0.0000e+00 1.2420e+03 3.7500e+02 1.9746e-04
1.0096e+03 1.1608e+02 1.0819e+03 2.4587e+02 1.9730e-04
0.0000e+00 0.0000e+00 7.6387e+01 4.2848e+01 1.9389e-04
1.1673e+03 0.0000e+00 1.2420e+03 2.9382e+02 1.9202e-04
2.5989e+02 1.1470e+02 3.2401e+02 2.7036e+02 1.9197e-04
0.0000e+00 5.4037e+01 2.9244e+01 2.4602e+02 1.9040e-04
0.0000e+00 1.4235e+02 7.1956e+01 2.3448e+02 1.9038e-04
3.0168e+02 3.3287e+02 4.8784e+02 3.7500e+02 1.9004e-04
0.0000e+00 1.5986e+02 1.3322e+02 3.4243e+02 1.8980e-04
2.7555e+02 1.5418e+02 3.3277e+02 3.0568e+02 1.8858e-04
3.5562e+02 0.0000e+00 6.9354e+02 3.7500e+02 1.8578e-04
3.3227e+02 3.3218e+02 5.2199e+02 3.7500e+02 1.8354e-04
1.1187e+03 0.0000e+00 1.2420e+03 1.6307e+02 1.8210e-04
9.2124e+02 1.8516e+02 1.0701e+03 2.5719e+02 1.8112e-04
9.7449e+00 1.7049e+02 8.0971e+01 3.6792e+02 1.8087e-04
1.0385e+03 0.0000e+00 1.2420e+03 2.6590e+02 1.7847e-04
1.3519e+02 1.9541e+02 2.9479e+02 2.7141e+02 1.7835e-04
3.8224e+02 3.2744e+02 5.1148e+02 3.7500e+02 1.7834e-04
2.4505e+02 2.7493e+02 5.9330e+02 3.7500e+02 1.7779e-04
0.0000e+00 2.9135e+02 7.1183e+01 3.7500e+02 1.7494e-04
2.9989e+02 9.8976e+01 3.7294e+02 2.6814e+02 1.7327e-04
8.1670e+02 3.2648e+02 9.4407e+02 3.7500e+02 1.6983e-04
1.0477e+03 0.0000e+00 1.2008e+03 1.4921e+02 1.6973e-04
6.5788e+02 9.4777e+01 7.2463e+02 2.6513e+02 1.6733e-04
5.3932e+02 2.9040e+02 6.1555e+02 3.7500e+02 1.6418e-04
1.2733e+01 2.9494e+02 8.8173e+01 3.7500e+02 1.6372e-04
0.0000e+00 1.4766e+02 8.3147e+01 3.6647e+02 1.6203e-04
1.1043e+03 1.4940e+02 1.2420e+03 3.3765e+02 1.6141e-04
9.3699e+02 2.9618e+02 1.0134e+03 3.7500e+02 1.6015e-04
8.1136e+02 2.9033e+02 8.8905e+02 3.7500e+02 1.5884e-04
1.7565e+00 1.7149e+02 6.5243e+01 3.7500e+02 1.5739e-04
1.0434e+03 1.6191e+02 1.1019e+03 2.8263e+02 1.5536e-04
1.0187e+03 1.4367e+02 1.0771e+03 2.4525e+02 1.5430e-04
7.9419e+02 2.9085e+02 8.7312e+02 3.7500e+02 1.5289e-04
1.0837e+03 0.0000e+00 1.2318e+03 1.5063e+02 1.5243e-04
2.5332e+02 1.3486e+02 3.7656e+02 2.2887e+02 1.5069e-04
1.2239e+02 1.5870e+02 3.0773e+02 2.3790e+02 1.5032e-04
3.3206e+02 2.9123e+02 4.0775e+02 3.7500e+02 1.4878e-04
9.0270e+02 1.4721e+02 1.2196e+03 2.6546e+02 1.4565e-04
0.0000e+00 1.2857e+02 6.8391e+01 2.1939e+02 1.4483e-04
1.0152e+03 0.0000e+00 1.1691e+03 1.5197e+02 1.4441e-04
5.8250e+02 1.2341e+02 7.6408e+02 2.0016e+02 1.4436e-04
5.5523e+02 2.9332e+02 6.3191e+02 3.7500e+02 1.4161e-04
1.0434e+03 0.0000e+00 1.2420e+03 6.0348e+01 1.4151e-04
8.7541e+02 3.2963e+02 1.0010e+03 3.7500e+02 1.4091e-04
7.8638e+02 3.3294e+02 9.6626e+02 3.7500e+02 1.4044e-04
6.5643e+02 1.4793e+02 7.1738e+02 3.1113e+02 1.4030e-04
6.7174e+02 7.5443e+01 7.4483e+02 2.5193e+02 1.3988e-04
3.5284e+02 2.2774e+02 4.8283e+02 3.7500e+02 1.3966e-04
2.5875e+02 1.4319e+02 4.3345e+02 2.1932e+02 1.3921e-04
3.1102e+02 3.2784e+02 4.4977e+02 3.7500e+02 1.3789e-04
1.1743e+03 1.4556e+02 1.2378e+03 3.1423e+02 1.3745e-04
1.7178e+00 8.4991e+01 6.3147e+01 3.0926e+02 1.3714e-04
9.5410e+02 2.9421e+02 1.0303e+03 3.7500e+02 1.3585e-04
4.1563e+02 1.3332e+02 7.0154e+02 3.0859e+02 1.3543e-04
2.6016e+02 1.2340e+02 7.8774e+02 3.7500e+02 1.3274e-04
0.0000e+00 1.5822e+02 7.0259e+01 2.5229e+02 1.3238e-04
2.4998e+02 1.9921e+02 4.1525e+02 2.6787e+02 1.3234e-04
1.7770e+02 1.4580e+02 2.4420e+02 2.9593e+02 1.3207e-04
5.7173e+02 2.9289e+02 6.4857e+02 3.7500e+02 1.3148e-04
8.8193e+02 1.8661e+02 1.0481e+03 2.5599e+02 1.2994e-04
3.0364e+02 1.4923e+02 3.6531e+02 3.0982e+02 1.2943e-04
8.8125e+02 1.6934e+02 1.0438e+03 2.3877e+02 1.2900e-04
1.0612e+03 1.8015e+02 1.1817e+03 2.5087e+02 1.2817e-04
2.0184e+02 1.4235e+02 3.7307e+02 2.1826e+02 1.2817e-04
6.3570e+02 4.3921e+01 7.7775e+02 3.6684e+02 1.2745e-04
4.6147e+02 3.2956e+02 5.8625e+02 3.7500e+02 1.2701e-04
9.4541e+02 1.1222e+02 1.0160e+03 2.7490e+02 1.2612e-04
8.5034e+02 2.1225e+02 1.0022e+03 3.7500e+02 1.2550e-04
5.8750e+02 2.9137e+02 6.6338e+02 3.7500e+02 1.2426e-04
3.2204e+02 1.3685e+02 3.7862e+02 2.7563e+02 1.2296e-04
9.3303e+02 0.0000e+00 1.2420e+03 5.8746e+01 1.2286e-04
4.8196e+01 1.2391e+02 4.1026e+02 2.8520e+02 1.2246e-04
0.0000e+00 1.0238e+02 3.9657e+01 2.1723e+02 1.2101e-04
1.0744e+03 1.7158e+02 1.2174e+03 2.4067e+02 1.1978e-04
2.5912e+02 1.8745e+02 3.7478e+02 2.7232e+02 1.1909e-04
1.1323e+03 2.9356e+02 1.2095e+03 3.7500e+02 1.1839e-04
7.5301e+02 1.1107e+02 8.2230e+02 2.7744e+02 1.1817e-04
3.7844e+02 2.2202e+02 5.1407e+02 3.7500e+02 1.1807e-04
1.0970e+03 3.4449e+01 1.2420e+03 2.1567e+02 1.1680e-04
3.6271e+02 3.3379e+02 5.5263e+02 3.7500e+02 1.1674e-04
7.3892e+02 0.0000e+00 1.0656e+03 3.7500e+02 1.1540e-04
5.9106e+02 2.3097e+02 7.0363e+02 3.2018e+02 1.1460e-04
6.1025e+02 1.7936e+02 7.5116e+02 2.6071e+02 1.1271e-04
9.4649e+02 1.4387e+02 1.0141e+03 2.9608e+02 1.1236e-04
0.0000e+00 2.2631e+02 1.2755e+02 3.7500e+02 1.1051e-04
1.4616e+02 1.7346e+02 2.7347e+02 2.6820e+02 1.1033e-04
7.7864e+02 2.9123e+02 8.5695e+02 3.7500e+02 1.0940e-04
6.2213e+02 1.3724e+02 7.8893e+02 2.1376e+02 1.0839e-04
3.3872e+02 1.6562e+02 4.5816e+02 2.4437e+02 1.0755e-04
1.2030e+03 2.2872e+02 1.2420e+03 3.4737e+02 1.0726e-04
1.1911e+03 2.3698e+02 1.2420e+03 3.3341e+02 1.0702e-04
2.6800e+01 2.9378e+02 1.0436e+02 3.7500e+02 1.0675e-04
1.1895e+03 2.6658e+02 1.2420e+03 3.6802e+02 1.0662e-04
3.3888e+02 1.7683e+02 4.5313e+02 2.6174e+02 1.0641e-04
4.1372e+02 3.2809e+02 5.3969e+02 3.7500e+02 1.0634e-04
1.1577e+03 1.1618e+02 1.2290e+03 2.6951e+02 1.0573e-04
3.1520e+02 2.9068e+02 3.9302e+02 3.7500e+02 1.0545e-04
9.7175e+02 2.9437e+02 1.0467e+03 3.7500e+02 1.0494e-04
8.6298e+02 1.4253e+00 1.1878e+03 3.7500e+02 1.0409e-04
1.1679e+03 1.3048e+02 1.2420e+03 3.7500e+02 1.0249e-04
8.2131e+02 2.1257e+02 9.6974e+02 3.7500e+02 1.0052e-04
0.0000e+00 1.6563e+02 3.8260e+01 2.7998e+02 9.9841e-05
2.1988e+02 8.9363e+01 2.9557e+02 2.6931e+02 9.9693e-05
1.6529e+02 2.7205e+02 5.3585e+02 3.7500e+02 9.9499e-05
5.5147e+02 1.2664e+02 7.3461e+02 2.0218e+02 9.8870e-05
8.6474e+02 1.5500e+02 1.0358e+03 2.2605e+02 9.7533e-05
6.2203e+02 1.4614e+02 7.4197e+02 2.4157e+02 9.7382e-05
8.8062e+02 1.3911e+02 1.0483e+03 2.1553e+02 9.7181e-05
2.2755e+02 1.8820e+02 3.4387e+02 2.7194e+02 9.6998e-05
9.8360e+02 0.0000e+00 1.1370e+03 1.5365e+02 9.6562e-05
0.0000e+00 1.1518e+02 5.7973e+01 3.7500e+02 9.5697e-05
6.0421e+02 2.9195e+02 6.7840e+02 3.7500e+02 9.4897e-05
4.9361e+02 3.2942e+02 6.1630e+02 3.7500e+02 9.4833e-05
1.1188e+03 1.5659e+02 1.2420e+03 2.3544e+02 9.4113e-05
9.2870e+02 1.1108e+02 1.0003e+03 2.7314e+02 9.3568e-05
1.1417e+03 0.0000e+00 1.2420e+03 1.2622e+02 9.3305e-05
0.0000e+00 2.6255e+02 3.7377e+01 3.7454e+02 9.3273e-05
7.6178e+02 2.9010e+02 8.4086e+02 3.7500e+02 9.0722e-05
5.4539e+02 1.1827e+02 8.5917e+02 2.9132e+02 9.0701e-05
7.6608e+02 1.0906e+02 8.3759e+02 2.7619e+02 9.0652e-05
1.0679e+03 2.8971e+02 1.1434e+03 3.7500e+02 8.9156e-05
6.4321e+01 1.4983e+02 1.3671e+02 3.2029e+02 8.8706e-05
2.9739e+02 1.5276e+02 4.2564e+02 2.3646e+02 8.8688e-05
9.8833e+02 2.9304e+02 1.0626e+03 3.7500e+02 8.8474e-05
6.8745e+02 9.3547e+01 7.6104e+02 2.6715e+02 8.7982e-05
3.5653e+02 1.4620e+02 4.1630e+02 2.9429e+02 8.7338e-05
5.5749e+02 1.7627e+02 6.1839e+02 3.2973e+02 8.6621e-05
0.0000e+00 7.2020e+01 1.3958e+02 2.4537e+02 8.6403e-05
1.1073e+02 1.7220e+02 2.8178e+02 2.4671e+02 8.6240e-05
1.1767e+03 9.5406e+01 1.2420e+03 1.9307e+02 8.6174e-05
2.5017e+01 1.5734e+02 1.0288e+02 3.4613e+02 8.5790e-05
1.0519e+03 2.9011e+02 1.1272e+03 3.7500e+02 8.5591e-05
6.2520e+02 1.2991e+02 7.4686e+02 2.2508e+02 8.5500e-05
1.0874e+03 1.5035e+02 1.1461e+03 2.4644e+02 8.5237e-05
1.0836e+03 2.9001e+02 1.1592e+03 3.7500e+02 8.4653e-05
1.0658e+03 1.3206e+02 1.1411e+03 2.3821e+02 8.4407e-05
4.6050e+01 1.5130e+02 1.2063e+02 3.2545e+02 8.4327e-05
2.7378e+02 0.0000e+00 6.2362e+02 3.7500e+02 8.4261e-05
7.8811e+01 1.5244e+02 1.5148e+02 3.1974e+02 8.4129e-05
5.3161e+02 2.0068e+02 6.8247e+02 3.7500e+02 8.3777e-05
1.9292e+02 1.1016e+02 5.6408e+02 2.8376e+02 8.3735e-05
1.0179e+03 1.5973e+02 1.0723e+03 2.6979e+02 8.3733e-05
1.0029e+02 1.3788e+02 4.6141e+02 3.0235e+02 8.2924e-05
2.6493e+02 3.3356e+02 4.5788e+02 3.7500e+02 8.2681e-05
4.3432e+02 3.3382e+02 6.0498e+02 3.7500e+02 8.2566e-05
5.6388e+02 2.0000e+02 7.1223e+02 3.7500e+02 8.2310e-05
1.1155e+03 2.9227e+02 1.1928e+03 3.7500e+02 8.1900e-05
7.9123e+02 1.1765e+01 1.1269e+03 3.7500e+02 8.1890e-05
1.2098e+03 0.0000e+00 1.2420e+03 1.6908e+02 8.1807e-05
8.7984e+02 2.1467e+02 1.0307e+03 3.7500e+02 8.1600e-05
1.0364e+03 2.9087e+02 1.1117e+03 3.7500e+02 8.0890e-05
1.4844e+01 1.4264e+02 8.3060e+01 3.3886e+02 8.0565e-05
3.2048e+02 2.2063e+02 4.5118e+02 3.7500e+02 8.0482e-05
0.0000e+00 1.9914e+02 3.7438e+01 3.1095e+02 7.9020e-05
4.2490e+01 2.9380e+02 1.2102e+02 3.7500e+02 7.8647e-05
2.9830e+02 2.9056e+02 3.7784e+02 3.7500e+02 7.8422e-05
6.6998e+02 1.1084e+02 7.4225e+02 2.7595e+02 7.8178e-05
1.1018e+03 2.1833e+02 1.2420e+03 3.7500e+02 7.7655e-05
9.1120e+02 1.4549e+02 1.0358e+03 2.3795e+02 7.6830e-05
4.8179e+02 1.4966e+02 6.9853e+02 3.3791e+02 7.6216e-05
2.8067e+02 2.8878e+02 3.6143e+02 3.7500e+02 7.6177e-05
7.3795e+02 9.1323e+01 8.0731e+02 2.6357e+02 7.6096e-05
3.2047e+02 2.0202e+02 4.8554e+02 2.7706e+02 7.5871e-05
5.3095e+02 1.5245e+02 6.4002e+02 2.4465e+02 7.5738e-05
2.8722e+02 1.7733e+02 3.9766e+02 2.5525e+02 7.5723e-05
3.9519e+02 1.4034e+02 4.6640e+02 3.0492e+02 7.5668e-05
9.3193e+02 1.4790e+02 9.9713e+02 2.8949e+02 7.4628e-05
1.0998e+03 2.9061e+02 1.1752e+03 3.7500e+02 7.4615e-05
1.1591e+03 3.2683e+02 1.2420e+03 3.7500e+02 7.4358e-05
3.4019e+02 1.3485e+02 3.9944e+02 2.7583e+02 7.4095e-05
9.6578e+02 1.4366e+02 1.0263e+03 2.9313e+02 7.4028e-05
1.1186e+03 1.8368e+02 1.2420e+03 2.5342e+02 7.3630e-05
6.4273e+02 1.5099e+02 8.0564e+02 2.3062e+02 7.3587e-05
1.2067e+03 1.6510e+01 1.2420e+03 2.1607e+02 7.2927e-05
4.8678e+02 3.4126e+01 6.2898e+02 3.7500e+02 7.2486e-05
6.2538e+02 1.6081e+02 7.3726e+02 2.5605e+02 7.2459e-05
7.4628e+02 2.9041e+02 8.2573e+02 3.7500e+02 7.2196e-05
1.0211e+03 2.9153e+02 1.0967e+03 3.7500e+02 7.1780e-05
1.7504e+02 1.0832e+02 2.4843e+02 2.7881e+02 7.1700e-05
3.1272e+02 2.7180e+01 4.6619e+02 3.6761e+02 7.1463e-05
1.1559e+03 0.0000e+00 1.2230e+03 7.0543e+01 7.1112e-05
0.0000e+00 2.2934e+02 3.6171e+01 3.4716e+02 7.1042e-05
7.7994e+02 3.2728e+02 9.1069e+02 3.7500e+02 7.0606e-05
3.2800e+02 1.4287e+02 4.9994e+02 2.1579e+02 6.9931e-05
7.0621e+02 9.4955e+01 7.7515e+02 2.6402e+02 6.9768e-05
1.0294e+03 1.5975e+02 1.0875e+03 2.8396e+02 6.9740e-05
1.0055e+03 2.9375e+02 1.0800e+03 3.7500e+02 6.9685e-05
8.6282e+02 3.3387e+02 1.0419e+03 3.7500e+02 6.9160e-05
9.0617e+02 3.2986e+02 1.0331e+03 3.7500e+02 6.8694e-05
9.7731e+02 1.8938e+02 1.1150e+03 2.5727e+02 6.8083e-05
4.0000e+02 3.3439e+02 5.7891e+02 3.7500e+02 6.7708e-05
6.1994e+02 2.9192e+02 6.9310e+02 3.7500e+02 6.7615e-05
1.1393e+03 0.0000e+00 1.2070e+03 6.7717e+01 6.6953e-05
1.1278e+03 1.5947e+01 1.2420e+03 2.4361e+02 6.6885e-05
1.8250e+02 4.0859e+01 3.3290e+02 3.5247e+02 6.6735e-05
5.4241e+02 1.4522e+02 6.0414e+02 3.2154e+02 6.6387e-05
0.0000e+00 1.7578e+02 6.4137e+01 2.6844e+02 6.5932e-05
9.5425e+01 1.4931e+02 1.6694e+02 3.1949e+02 6.5808e-05
3.4503e+02 1.5102e+02 4.7380e+02 2.3859e+02 6.5585e-05
3.8480e+02 1.2142e+02 4.4983e+02 2.7200e+02 6.5576e-05
2.6505e+02 2.8803e+02 3.4529e+02 3.7500e+02 6.5443e-05
6.0457e+01 2.9464e+02 1.3706e+02 3.7500e+02 6.4987e-05
2.7997e+02 3.5969e+01 4.3337e+02 3.6776e+02 6.4361e-05
5.2820e+02 3.3010e+02 6.5048e+02 3.7500e+02 6.3981e-05
4.0663e+02 2.1685e+02 5.4507e+02 3.7500e+02 6.3977e-05
2.1706e+02 4.1587e+01 3.6802e+02 3.5076e+02 6.3817e-05
4.2928e+02 9.5352e+01 7.5171e+02 2.6062e+02 6.3718e-05
1.1570e+03 1.3849e+02 1.2220e+03 2.9024e+02 6.3712e-05
9.5213e+02 0.0000e+00 1.1059e+03 1.5086e+02 6.3267e-05
7.2351e+02 9.5408e+01 7.9109e+02 2.6314e+02 6.3118e-05
1.1213e+03 3.2826e+02 1.2374e+03 3.7500e+02 6.3015e-05
9.6623e+02 1.1842e+02 1.0256e+03 2.6722e+02 6.2249e-05
1.5850e+01 9.6516e+01 8.1964e+01 2.9904e+02 6.2022e-05
2.9166e+02 1.4471e+02 4.6470e+02 2.1856e+02 6.1705e-05
1.1235e+03 0.0000e+00 1.1898e+03 6.5003e+01 6.1701e-05
9.4084e+02 1.3309e+02 1.1128e+03 2.0699e+02 6.1680e-05
1.7498e+02 2.1252e+02 3.3546e+02 2.8622e+02 6.1621e-05

