9.3385e+02 1.4500e+02 1.0227e+03 3.2568e+02 9.9933e-01
9.1851e+02 1.5108e+02 1.0421e+03 3.1064e+02 9.9640e-01
9.4946e+02 1.5009e+02 1.0339e+03 3.2052e+02 9.8872e-01
9.5617e+02 1.5428e+02 1.0147e+03 2.9608e+02 9.2349e-01
9.2221e+02 1.8213e+02 1.0482e+03 3.2822e+02 9.1730e-01
9.2759e+02 1.4471e+02 1.0429e+03 2.7633e+02 8.1574e-01
9.3539e+02 1.8829e+02 1.0167e+03 3.3046e+02 6.6078e-01
9.5241e+02 1.4915e+02 1.0053e+03 2.7848e+02 6.1696e-01
9.6605e+02 1.5186e+02 1.0278e+03 2.8649e+02 6.1684e-01
8.8181e+02 1.6902e+02 1.0594e+03 2.7949e+02 6.0930e-01
9.2179e+02 1.4150e+02 1.0428e+03 3.6167e+02 5.9756e-01
8.8582e+02 1.3438e+02 1.0691e+03 3.4025e+02 5.6437e-01
9.1352e+02 1.6169e+02 9.9804e+02 3.2151e+02 5.4181e-01
8.8802e+02 1.5975e+02 1.0269e+03 3.0548e+02 5.3818e-01
9.5868e+02 1.4503e+02 1.0385e+03 2.9307e+02 5.3426e-01
9.1047e+02 2.1968e+02 1.0406e+03 3.2899e+02 5.1463e-01
8.8286e+02 1.8904e+02 1.0625e+03 2.9760e+02 4.9707e-01
9.6386e+02 1.5015e+02 1.0173e+03 2.6518e+02 3.9587e-01
9.4959e+02 1.5867e+02 1.0226e+03 2.4683e+02 3.5692e-01
9.0263e+02 1.6462e+02 1.0702e+03 2.5802e+02 3.0166e-01
9.4220e+02 1.5573e+02 9.9836e+02 2.9271e+02 2.9638e-01
9.4591e+02 1.6367e+02 1.0261e+03 2.6738e+02 2.8271e-01
8.9389e+02 2.0636e+02 1.0698e+03 3.1024e+02 2.8032e-01
9.0102e+02 1.0193e+02 1.0412e+03 3.4456e+02 2.6827e-01
9.7622e+02 1.5451e+02 1.0488e+03 3.2673e+02 2.5466e-01
9.7827e+02 1.5777e+02 1.0338e+03 2.8691e+02 2.5200e-01
9.4762e+02 1.6680e+02 1.0175e+03 3.1261e+02 1.7830e-01
9.0762e+02 1.5334e+02 1.0657e+03 2.4062e+02 1.6094e-01
8.9056e+02 2.3291e+02 1.0565e+03 3.1422e+02 1.3707e-01
8.4784e+02 1.4300e+02 1.0975e+03 3.0407e+02 1.2379e-01
9.5552e+02 1.4601e+02 1.0009e+03 2.5340e+02 8.7179e-02
8.9677e+02 1.9223e+02 1.0345e+03 3.3708e+02 8.3477e-02
9.3885e+02 1.4281e+02 1.0193e+03 2.8201e+02 7.4091e-02
9.3732e+02 1.7834e+02 1.0282e+03 2.8799e+02 7.2961e-02
9.3814e+02 1.7382e+02 1.0474e+03 2.2698e+02 7.2850e-02
9.6051e+02 1.8686e+02 1.0457e+03 3.3778e+02 7.2641e-02
9.4692e+02 1.2806e+02 1.0730e+03 3.6892e+02 6.6245e-02
9.7325e+02 1.5209e+02 1.0231e+03 2.5766e+02 6.6178e-02
9.3577e+02 1.6545e+02 1.0072e+03 3.0515e+02 6.1796e-02
9.3627e+02 1.6332e+02 9.8756e+02 2.9039e+02 5.9379e-02
8.6677e+02 1.5597e+02 1.0393e+03 2.4407e+02 5.8019e-02
9.4631e+02 1.4705e+02 9.9242e+02 2.6475e+02 4.5709e-02
1.0159e+03 1.8152e+02 1.1288e+03 2.1976e+02 4.2570e-02
9.3982e+02 1.5951e+02 1.0688e+03 3.0271e+02 4.1194e-02
8.8052e+02 1.4201e+02 1.0136e+03 2.6769e+02 4.0038e-02
9.0837e+02 1.3420e+02 9.8924e+02 3.0664e+02 3.5789e-02
8.9752e+02 2.4285e+02 1.0460e+03 3.3075e+02 3.2496e-02
1.1106e+03 1.8755e+02 1.2252e+03 2.2913e+02 2.9496e-02
1.0169e+03 1.8882e+02 1.1288e+03 2.2555e+02 2.8894e-02
1.0377e+03 1.7854e+02 1.1568e+03 2.2048e+02 2.8133e-02
9.2567e+02 1.8327e+02 1.0474e+03 2.4232e+02 2.7945e-02
9.1675e+02 1.7714e+02 1.0946e+03 2.7546e+02 2.7676e-02
9.5357e+02 2.0051e+02 1.0293e+03 3.4057e+02 2.4288e-02
9.5205e+02 1.5073e+02 1.0233e+03 2.2487e+02 2.4260e-02
9.8402e+02 1.7319e+02 1.0596e+03 3.3297e+02 2.4069e-02
8.4688e+02 0.0000e+00 1.1134e+03 3.7500e+02 2.2015e-02
9.5533e+02 1.9439e+02 1.0223e+03 3.0953e+02 2.0405e-02
8.9806e+02 1.2860e+02 1.1055e+03 3.2148e+02 1.9081e-02
9.2686e+02 1.2981e+02 1.0021e+03 2.8088e+02 1.8426e-02
8.3077e+02 1.2754e+02 1.1150e+03 2.7991e+02 1.8006e-02
9.8605e+02 1.5049e+02 1.0379e+03 2.7478e+02 1.7982e-02
9.4280e+02 1.8760e+02 1.0091e+03 3.1709e+02 1.7881e-02
8.5252e+02 1.5024e+02 9.5885e+02 1.8701e+02 1.7735e-02
1.2231e+03 1.5193e+02 1.2410e+03 2.5365e+02 1.7011e-02
1.1032e+03 1.8032e+02 1.2157e+03 2.2156e+02 1.6047e-02
8.6181e+02 1.6984e+02 1.0305e+03 2.5746e+02 1.5509e-02
1.0065e+03 1.7947e+02 1.1695e+03 2.3901e+02 1.4892e-02
1.2361e+03 1.8607e+02 1.2410e+03 2.4338e+02 1.4882e-02
1.0124e+03 1.7427e+02 1.1238e+03 2.1544e+02 1.4080e-02
1.0028e+03 1.6397e+02 1.1682e+03 2.2613e+02 1.3495e-02
1.2239e+03 1.2827e+02 1.2410e+03 2.3075e+02 1.3487e-02
9.6261e+02 1.4166e+02 1.0059e+03 2.3968e+02 1.3373e-02
9.1634e+02 1.4594e+02 1.0667e+03 2.1959e+02 1.2963e-02
8.7846e+02 9.3871e+01 1.0213e+03 3.7500e+02 1.2800e-02
7.8127e+02 1.5111e+02 8.7913e+02 1.8844e+02 1.2519e-02
9.5124e+02 2.0423e+02 1.0140e+03 3.2467e+02 1.2440e-02
9.2956e+02 1.6701e+02 1.0345e+03 2.1601e+02 1.1541e-02
9.2996e+02 1.9648e+02 1.0289e+03 3.0502e+02 1.1277e-02
1.1331e+03 1.8465e+02 1.2409e+03 2.2932e+02 1.0981e-02
8.8409e+02 1.7552e+02 1.1152e+03 3.1584e+02 1.0863e-02
1.2359e+03 1.7335e+02 1.2410e+03 2.3173e+02 1.0823e-02
9.2209e+02 1.7823e+02 1.0373e+03 2.3253e+02 1.0529e-02
1.0853e+03 1.8812e+02 1.2014e+03 2.2808e+02 1.0417e-02
9.0470e+02 1.4041e+02 1.0251e+03 2.4518e+02 1.0171e-02
1.0288e+03 1.7179e+02 1.1460e+03 2.1471e+02 1.0122e-02
1.0580e+03 1.7830e+02 1.1784e+03 2.2019e+02 9.9610e-03
8.5879e+02 1.5582e+02 9.6545e+02 1.9413e+02 9.9536e-03
1.0523e+03 1.8566e+02 1.1740e+03 2.2668e+02 9.4220e-03
9.6961e+02 1.5540e+02 9.9086e+02 2.0823e+02 9.2760e-03
8.3025e+02 1.4713e+02 1.0023e+03 2.1489e+02 9.1821e-03
8.6198e+02 1.4677e+02 1.0396e+03 2.1993e+02 8.8980e-03
9.2588e+02 2.0150e+02 1.0002e+03 3.3530e+02 8.7169e-03
8.9095e+02 1.5511e+02 9.7634e+02 3.1582e+02 8.6078e-03
8.7882e+02 1.5032e+02 9.7954e+02 1.8798e+02 8.5456e-03
1.2024e+03 1.8552e+02 1.2410e+03 2.2954e+02 8.5286e-03
9.8365e+02 1.3944e+02 1.0531e+03 2.9233e+02 8.4832e-03
8.3589e+02 1.5760e+02 1.0101e+03 2.3419e+02 8.3197e-03
7.7070e+02 1.5609e+02 8.7688e+02 1.9568e+02 8.1838e-03
1.2051e+03 1.5432e+02 1.2410e+03 1.9760e+02 8.1822e-03
1.0181e+03 1.9651e+02 1.1280e+03 2.3263e+02 8.1061e-03
9.5833e+02 1.6596e+02 1.0407e+03 2.5803e+02 8.0576e-03
1.2358e+03 1.6172e+02 1.2410e+03 2.1858e+02 7.7617e-03
9.3147e+02 1.5782e+02 9.7580e+02 2.8946e+02 7.7018e-03
1.2045e+03 1.7862e+02 1.2410e+03 2.2191e+02 7.6416e-03
1.2009e+03 7.8876e+01 1.2410e+03 2.7030e+02 7.5717e-03
1.2358e+03 1.5004e+02 1.2410e+03 2.0656e+02 7.5164e-03
9.6976e+02 1.4186e+02 1.0136e+03 2.3515e+02 7.4820e-03
1.2043e+03 1.6219e+02 1.2410e+03 2.0552e+02 7.3350e-03
8.2955e+02 1.1813e+02 1.0641e+03 3.1360e+02 7.3165e-03
9.6350e+02 1.8087e+02 1.0302e+03 3.0035e+02 7.2853e-03
1.0409e+03 1.9174e+02 1.1111e+03 2.1311e+02 7.1876e-03
9.3580e+02 1.4855e+02 1.1101e+03 2.1755e+02 7.1189e-03
9.1800e+02 1.9301e+02 1.0452e+03 2.5425e+02 7.0644e-03
1.2052e+03 1.7038e+02 1.2410e+03 2.1379e+02 6.9225e-03
8.6469e+02 1.7036e+02 1.0013e+03 2.9850e+02 6.8067e-03
1.0282e+03 1.9299e+02 1.1476e+03 2.3389e+02 6.7404e-03
9.3992e+02 1.4607e+02 1.0815e+03 2.5862e+02 6.6907e-03
1.0361e+03 1.8939e+02 1.1073e+03 2.0935e+02 6.6739e-03
1.2161e+03 1.7156e+02 1.2410e+03 2.3207e+02 6.6357e-03
1.2063e+03 1.4737e+02 1.2410e+03 1.9037e+02 6.5891e-03
1.2167e+03 1.4787e+02 1.2410e+03 2.0719e+02 6.5338e-03
1.0514e+03 1.7154e+02 1.1732e+03 2.1512e+02 6.4978e-03
9.5807e+02 1.4177e+02 9.9780e+02 2.3382e+02 6.4619e-03
9.6032e+02 2.1718e+02 1.0184e+03 3.1994e+02 6.4242e-03
9.3893e+02 1.6199e+02 1.0421e+03 2.0887e+02 6.2734e-03
1.2091e+03 1.3559e+02 1.2410e+03 2.6135e+02 6.1859e-03
1.2002e+03 1.4971e+02 1.2350e+03 2.6443e+02 6.1435e-03
9.6659e+02 1.6347e+02 1.1477e+03 2.2821e+02 6.0778e-03
8.5150e+02 1.6326e+02 9.5967e+02 2.0199e+02 6.0723e-03
9.4063e+02 1.4897e+02 9.8249e+02 2.5886e+02 6.0486e-03
9.1597e+02 2.0507e+02 1.0952e+03 2.9707e+02 6.0293e-03
1.1017e+03 1.9370e+02 1.2176e+03 2.3288e+02 6.0252e-03
7.7988e+02 1.6357e+02 8.7844e+02 2.0242e+02 5.9335e-03
8.6065e+02 1.9548e+02 9.5695e+02 2.3348e+02 5.7419e-03
1.0089e+03 1.9408e+02 1.1711e+03 2.5435e+02 5.7044e-03
1.1888e+03 1.5309e+02 1.2298e+03 2.6075e+02 5.3291e-03
1.1608e+03 1.4260e+02 1.2410e+03 2.3916e+02 5.2544e-03
9.2205e+02 1.7314e+02 1.0247e+03 2.2400e+02 5.2043e-03
1.0288e+03 1.5942e+02 1.2057e+03 2.2875e+02 5.1248e-03
7.3922e+02 1.4579e+02 9.1601e+02 2.0946e+02 5.1221e-03
1.1657e+03 1.2947e+02 1.2410e+03 2.2318e+02 5.0479e-03
9.4701e+02 2.1716e+02 1.0035e+03 3.2823e+02 4.9183e-03
8.7131e+02 1.8160e+02 1.0823e+03 3.4309e+02 4.8812e-03
8.0187e+02 1.4463e+02 9.7014e+02 2.0998e+02 4.8078e-03
7.9755e+02 1.5093e+02 8.9404e+02 1.8664e+02 4.7654e-03
1.1793e+03 1.5464e+02 1.2223e+03 2.5563e+02 4.5303e-03
1.2334e+03 1.9544e+02 1.2410e+03 2.2962e+02 4.5020e-03
1.1990e+03 2.8563e+02 1.2410e+03 3.7500e+02 4.4966e-03
8.5665e+02 1.8783e+02 9.5574e+02 2.2688e+02 4.2852e-03
1.0762e+03 1.9513e+02 1.1915e+03 2.3406e+02 4.1031e-03
7.1923e+02 1.0058e+02 1.2410e+03 3.7308e+02 4.0091e-03
9.3853e+02 1.7099e+02 1.1301e+03 2.4652e+02 3.9476e-03
9.3147e+02 1.9770e+02 9.9677e+02 3.0714e+02 3.9371e-03
8.4070e+02 1.5553e+02 9.4275e+02 1.9283e+02 3.9330e-03
1.1029e+03 1.7297e+02 1.2152e+03 2.1393e+02 3.9199e-03
9.9217e+02 1.5268e+02 1.1550e+03 2.1596e+02 3.8745e-03
9.7024e+02 1.7761e+02 1.1425e+03 2.4040e+02 3.8695e-03
9.7374e+02 1.5456e+02 9.9375e+02 2.0783e+02 3.8520e-03
1.1835e+03 1.1711e+02 1.2410e+03 2.3942e+02 3.7653e-03
1.0377e+03 1.9555e+02 1.1049e+03 2.1645e+02 3.7211e-03
1.2028e+03 1.7308e+02 1.2225e+03 2.4563e+02 3.6668e-03
1.0617e+03 1.5658e+02 1.2410e+03 2.3237e+02 3.6654e-03
9.5064e+02 1.6746e+02 1.0495e+03 2.1592e+02 3.6352e-03
9.6553e+02 2.3347e+02 1.0158e+03 3.2592e+02 3.6094e-03
1.2242e+03 3.3463e+02 1.2410e+03 3.7500e+02 3.5989e-03
1.2302e+03 1.9846e+02 1.2410e+03 2.2442e+02 3.4661e-03
1.2331e+03 1.8730e+02 1.2410e+03 2.2191e+02 3.4627e-03
1.1868e+03 3.1914e+02 1.2410e+03 3.7500e+02 3.4487e-03
9.2015e+02 2.0677e+02 1.0377e+03 2.7753e+02 3.3621e-03
1.2059e+03 1.4016e+02 1.2410e+03 1.8193e+02 3.3142e-03
1.2233e+03 1.7434e+02 1.2410e+03 2.5698e+02 3.3004e-03
1.1816e+03 1.7945e+02 1.2028e+03 2.4446e+02 3.2845e-03
9.4046e+02 1.5208e+02 1.0122e+03 2.3612e+02 3.2639e-03
9.6676e+02 1.5439e+02 9.8719e+02 2.0234e+02 3.2574e-03
1.0512e+03 1.9323e+02 1.1729e+03 2.3370e+02 3.2456e-03
1.0031e+03 1.7016e+02 1.0704e+03 3.2540e+02 3.1950e-03
9.3088e+02 2.3444e+02 1.0241e+03 3.2178e+02 3.1923e-03
1.0049e+03 1.7932e+02 1.1068e+03 2.1876e+02 3.1906e-03
1.1989e+03 1.7870e+02 1.2187e+03 2.4530e+02 3.1633e-03
9.4574e+02 1.8549e+02 1.1250e+03 2.6456e+02 3.0672e-03
0.0000e+00 2.8750e+02 2.8670e+01 3.7500e+02 3.0257e-03
1.2335e+03 1.6003e+02 1.2410e+03 1.9254e+02 3.0195e-03
9.4673e+02 2.0295e+02 1.0774e+03 3.2922e+02 3.0109e-03
1.0294e+03 1.7437e+02 1.2057e+03 2.4104e+02 2.9924e-03
1.2141e+03 1.2556e+02 1.2410e+03 2.4024e+02 2.9882e-03
1.2188e+03 1.7486e+02 1.2380e+03 2.5618e+02 2.9567e-03
1.2008e+03 1.2920e+02 1.2359e+03 2.3921e+02 2.9239e-03
9.1056e+02 2.0111e+02 1.0372e+03 2.6363e+02 2.8709e-03
0.0000e+00 5.6968e+01 1.6395e+01 1.7535e+02 2.8562e-03
8.5932e+02 1.4339e+02 9.6434e+02 1.8082e+02 2.8424e-03
1.2298e+03 1.9049e+02 1.2410e+03 2.1644e+02 2.8269e-03
1.2336e+03 1.6788e+02 1.2410e+03 2.0067e+02 2.7830e-03
1.0013e+03 1.7265e+02 1.1041e+03 2.1302e+02 2.7798e-03
1.2296e+03 1.6289e+02 1.2410e+03 1.8818e+02 2.7698e-03
7.3939e+02 1.5703e+02 9.1859e+02 2.2330e+02 2.7684e-03
8.8714e+02 1.5529e+02 9.8651e+02 1.9349e+02 2.7583e-03
1.0216e+03 1.4847e+02 1.1882e+03 2.1541e+02 2.7390e-03
1.2193e+03 3.5370e+02 1.2410e+03 3.7500e+02 2.7087e-03
9.1307e+02 1.2276e+02 9.8583e+02 2.7609e+02 2.6778e-03
1.2332e+03 1.7958e+02 1.2410e+03 2.1374e+02 2.6480e-03
8.0610e+02 1.5741e+02 9.7409e+02 2.2841e+02 2.6378e-03
1.2365e+03 1.3911e+02 1.2410e+03 1.9457e+02 2.6245e-03
8.2641e+02 1.3457e+02 9.9826e+02 1.9846e+02 2.6123e-03
1.0765e+03 1.7272e+02 1.1925e+03 2.1383e+02 2.6108e-03
1.2143e+03 1.7616e+02 1.2346e+03 2.5579e+02 2.5879e-03
7.7884e+02 1.4386e+02 8.8264e+02 1.8115e+02 2.5763e-03
8.3365e+02 1.9894e+02 1.1226e+03 3.3489e+02 2.5599e-03
7.9927e+02 1.3259e+02 9.6667e+02 1.9474e+02 2.5474e-03
1.1724e+03 1.5770e+02 1.2129e+03 2.5366e+02 2.5333e-03
1.2336e+03 1.5202e+02 1.2410e+03 1.8448e+02 2.5304e-03
1.2069e+03 1.7271e+02 1.2263e+03 2.4853e+02 2.5043e-03
1.1697e+03 1.1482e+02 1.2410e+03 2.0604e+02 2.4950e-03
1.2298e+03 1.7080e+02 1.2410e+03 1.9590e+02 2.4909e-03
7.4095e+02 1.3254e+02 9.2028e+02 1.9585e+02 2.4370e-03
1.1655e+03 1.0827e+02 1.2400e+03 2.8101e+02 2.4216e-03
1.1783e+03 1.8034e+02 1.1990e+03 2.4287e+02 2.4163e-03
7.7516e+02 1.7034e+02 8.7033e+02 2.1075e+02 2.3806e-03
1.1546e+03 1.8873e+02 1.2410e+03 3.7500e+02 2.3734e-03
1.1859e+03 1.7876e+02 1.2064e+03 2.4529e+02 2.3630e-03
1.0041e+03 1.6488e+02 1.1113e+03 2.0616e+02 2.3432e-03
1.2300e+03 1.5486e+02 1.2410e+03 1.8022e+02 2.3297e-03
7.5128e+02 1.5066e+02 8.6030e+02 1.8916e+02 2.3170e-03
7.9500e+02 1.5665e+02 8.9393e+02 1.9346e+02 2.3120e-03
9.9025e+02 1.5591e+02 1.0340e+03 2.5413e+02 2.3107e-03
1.2160e+03 1.3491e+02 1.2410e+03 1.9041e+02 2.2957e-03
8.5201e+02 1.7046e+02 9.5701e+02 2.1124e+02 2.2856e-03
8.3415e+02 1.4998e+02 9.2981e+02 1.8666e+02 2.2692e-03
1.1491e+03 1.7716e+02 1.2410e+03 2.2444e+02 2.2584e-03
0.0000e+00 0.0000e+00 1.3978e+02 3.0656e+02 2.2334e-03
9.3342e+02 2.1847e+02 1.0356e+03 3.1029e+02 2.2142e-03
1.2300e+03 1.8256e+02 1.2410e+03 2.0840e+02 2.2119e-03
9.2284e+02 2.4777e+02 1.0340e+03 3.0803e+02 2.1755e-03
0.0000e+00 7.8784e+01 1.6855e+01 1.9938e+02 2.1684e-03
9.2601e+02 7.7853e+01 1.0648e+03 3.3810e+02 2.1347e-03
1.2130e+03 3.5666e+02 1.2410e+03 3.7500e+02 2.1139e-03
9.2395e+02 2.4273e+02 1.0683e+03 3.3987e+02 2.0725e-03
1.2106e+03 1.7699e+02 1.2306e+03 2.5344e+02 2.0467e-03
1.2230e+03 1.0431e+02 1.2410e+03 2.0367e+02 2.0296e-03
1.2312e+03 2.0213e+02 1.2410e+03 2.2831e+02 2.0183e-03
8.5348e+02 1.7824e+02 9.5628e+02 2.1889e+02 2.0160e-03
1.1947e+03 1.7949e+02 1.2147e+03 2.4423e+02 1.9825e-03
1.0268e+03 1.8785e+02 1.0968e+03 2.0961e+02 1.9765e-03
9.5870e+02 1.8302e+02 1.0455e+03 2.8425e+02 1.9451e-03
9.0023e+02 1.4649e+02 1.1819e+03 3.0816e+02 1.8986e-03
1.1905e+03 1.7885e+02 1.2104e+03 2.4463e+02 1.8841e-03
8.3621e+02 1.4243e+02 9.4045e+02 1.8031e+02 1.8675e-03
9.2502e+02 2.2451e+02 1.0387e+03 2.9202e+02 1.8517e-03
1.0274e+03 1.9155e+02 1.0969e+03 2.1354e+02 1.8396e-03
8.7025e+02 2.0197e+02 9.6476e+02 2.4025e+02 1.8337e-03
8.6257e+02 1.3578e+02 9.9403e+02 2.3464e+02 1.7928e-03
1.0823e+03 2.6512e+02 1.2410e+03 3.7500e+02 1.7822e-03
9.4956e+02 1.4136e+02 9.8862e+02 2.2947e+02 1.7800e-03
1.2148e+03 1.8437e+02 1.2410e+03 2.4484e+02 1.7525e-03
0.0000e+00 1.7693e+02 2.9238e+01 3.7276e+02 1.7338e-03
1.1748e+03 1.8162e+02 1.1948e+03 2.4193e+02 1.7074e-03
1.2058e+03 1.3168e+02 1.2410e+03 1.7304e+02 1.6877e-03
1.0344e+03 1.8590e+02 1.1035e+03 2.0608e+02 1.6733e-03
1.1818e+03 1.6708e+02 1.2029e+03 2.3226e+02 1.6480e-03
1.1211e+03 2.5231e+02 1.2410e+03 3.7500e+02 1.6286e-03
1.1368e+03 1.7937e+02 1.2154e+03 2.3420e+02 1.6099e-03
9.4895e+02 1.8218e+02 1.0616e+03 2.3620e+02 1.5893e-03
8.9499e+02 1.1438e+02 9.6854e+02 2.7138e+02 1.5625e-03
9.0535e+02 1.5111e+02 1.0012e+03 1.8939e+02 1.5616e-03
8.4633e+02 1.4723e+02 9.8183e+02 2.4824e+02 1.5581e-03
1.1568e+03 1.7581e+02 1.2261e+03 2.3738e+02 1.5409e-03
9.7280e+02 1.9174e+02 1.1423e+03 2.5553e+02 1.5352e-03
8.7853e+02 1.6295e+02 9.8236e+02 2.0076e+02 1.5295e-03
9.3235e+02 2.2024e+02 9.9006e+02 3.2248e+02 1.5220e-03
1.2028e+03 0.0000e+00 1.2410e+03 8.6263e+01 1.4818e-03
1.2323e+03 1.7907e+02 1.2410e+03 2.5276e+02 1.4762e-03
1.2275e+03 1.6571e+02 1.2410e+03 2.5303e+02 1.4700e-03
1.0418e+03 1.6327e+02 1.1555e+03 2.0831e+02 1.4582e-03
9.5455e+02 1.4783e+02 1.0287e+03 2.0949e+02 1.4491e-03
8.1572e+02 1.4945e+02 9.0810e+02 1.8590e+02 1.4433e-03
1.1816e+03 8.3992e+01 1.2410e+03 2.7881e+02 1.4420e-03
1.1144e+03 1.4107e+02 1.2410e+03 2.4522e+02 1.4403e-03
9.2325e+02 2.6299e+02 1.0404e+03 3.1372e+02 1.4372e-03
1.1948e+03 1.6738e+02 1.2149e+03 2.3246e+02 1.4350e-03
1.1858e+03 1.6685e+02 1.2070e+03 2.3221e+02 1.4270e-03
0.0000e+00 3.2829e+02 1.2240e+01 3.7500e+02 1.4183e-03
1.0381e+03 1.9981e+02 1.1045e+03 2.2016e+02 1.4140e-03
1.1613e+03 0.0000e+00 1.2410e+03 1.7600e+02 1.4121e-03
9.4769e+02 1.4098e+02 1.0867e+03 2.3328e+02 1.4094e-03
9.1571e+02 1.9986e+02 1.0622e+03 3.7500e+02 1.3914e-03
8.3165e+02 1.7236e+02 1.0026e+03 2.4765e+02 1.3910e-03
0.0000e+00 0.0000e+00 3.4446e+02 1.5309e+02 1.3850e-03
1.1661e+03 1.5753e+02 1.2058e+03 2.5007e+02 1.3678e-03
8.0661e+02 1.4409e+02 9.0221e+02 1.8016e+02 1.3629e-03
9.7207e+02 2.2108e+02 1.0236e+03 3.1872e+02 1.3589e-03
0.0000e+00 3.2034e+01 3.1513e+01 2.3350e+02 1.3479e-03
1.0160e+03 2.0452e+02 1.1262e+03 2.4225e+02 1.3420e-03
1.0791e+03 1.6772e+02 1.2410e+03 2.4431e+02 1.3373e-03
9.3357e+02 1.4841e+02 9.7395e+02 2.5553e+02 1.3222e-03
1.1503e+03 1.1475e+02 1.2259e+03 2.7354e+02 1.3207e-03
9.4164e+02 1.1679e+02 1.0137e+03 2.5573e+02 1.3201e-03
0.0000e+00 0.0000e+00 6.6692e+01 1.5644e+02 1.3107e-03
1.1730e+03 1.6991e+02 1.2385e+03 2.3600e+02 1.3081e-03
1.1314e+03 1.7107e+02 1.2367e+03 2.1476e+02 1.2951e-03
0.0000e+00 0.0000e+00 2.4382e+02 1.7188e+02 1.2888e-03
8.7247e+02 1.9229e+02 1.0090e+03 3.2788e+02 1.2868e-03
1.1995e+03 1.6460e+02 1.2186e+03 2.3093e+02 1.2722e-03
9.5408e+02 1.2133e+02 1.0279e+03 2.5669e+02 1.2573e-03
0.0000e+00 3.5822e+02 5.5772e+00 3.7500e+02 1.2525e-03
1.1783e+03 1.6826e+02 1.1987e+03 2.3173e+02 1.2423e-03
1.0504e+03 1.4631e+02 1.2249e+03 2.1736e+02 1.2282e-03
9.3190e+02 1.6922e+02 1.0111e+03 2.6167e+02 1.2282e-03
9.1496e+02 1.7123e+02 9.5700e+02 2.8649e+02 1.2214e-03
1.1266e+03 1.7508e+02 1.2060e+03 2.2682e+02 1.2193e-03
0.0000e+00 3.2081e+02 4.0391e+01 3.7500e+02 1.2144e-03
9.3337e+02 2.0233e+02 1.0537e+03 2.5890e+02 1.2046e-03
9.7738e+02 1.4309e+02 1.0203e+03 2.3052e+02 1.2037e-03
1.2261e+03 0.0000e+00 1.2410e+03 4.7588e+01 1.2008e-03
1.1902e+03 1.6716e+02 1.2109e+03 2.3230e+02 1.1939e-03
8.7856e+02 1.2708e+02 9.5460e+02 2.8111e+02 1.1877e-03
1.1581e+03 0.0000e+00 1.2410e+03 3.6995e+02 1.1840e-03
9.4280e+02 0.0000e+00 1.2410e+03 1.3890e+02 1.1834e-03
1.1700e+03 1.8460e+02 1.2410e+03 2.3103e+02 1.1701e-03
1.6699e+02 2.0839e+02 1.8560e+02 2.5767e+02 1.1619e-03
7.4774e+02 1.5480e+02 8.5245e+02 1.9656e+02 1.1600e-03
1.0686e+03 2.0173e+02 1.1845e+03 2.4163e+02 1.1555e-03
0.0000e+00 1.4288e+02 3.2218e+01 3.4553e+02 1.1479e-03
1.2150e+03 1.2608e+02 1.2410e+03 1.8149e+02 1.1412e-03
9.2741e+02 1.6128e+02 1.0230e+03 2.0501e+02 1.1304e-03
9.4204e+02 2.5465e+02 1.0305e+03 3.2257e+02 1.1160e-03
1.1478e+03 1.7171e+02 1.2202e+03 2.3137e+02 1.1106e-03
1.2077e+03 1.6042e+02 1.2262e+03 2.3684e+02 1.1027e-03
9.5631e+02 2.8048e+02 1.0174e+03 3.0696e+02 1.0995e-03
0.0000e+00 0.0000e+00 3.3719e+01 8.7066e+01 1.0991e-03
9.4649e+02 1.4825e+02 1.0127e+03 2.0704e+02 1.0766e-03
1.1616e+03 0.0000e+00 1.2410e+03 3.1671e+01 1.0741e-03
8.7169e+02 2.5893e+02 1.0310e+03 3.3310e+02 1.0733e-03
1.0153e+03 1.5484e+02 1.1514e+03 2.3165e+02 1.0553e-03
1.0032e+03 1.5544e+02 1.1123e+03 1.9756e+02 1.0531e-03
1.0346e+03 2.0018e+02 1.1563e+03 2.4220e+02 1.0422e-03
9.8569e+02 1.4820e+02 1.0250e+03 2.3861e+02 1.0312e-03
8.8873e+02 1.9321e+02 1.0352e+03 3.7500e+02 1.0209e-03
1.1003e+03 0.0000e+00 1.2410e+03 3.7500e+02 1.0069e-03
1.1268e+03 1.9972e+02 1.1911e+03 2.2329e+02 1.0028e-03
9.0684e+02 1.7524e+02 9.4919e+02 2.7998e+02 9.8138e-04
1.2243e+03 1.7185e+02 1.2410e+03 2.7434e+02 9.7085e-04
0.0000e+00 2.1071e+02 1.4202e+01 3.3634e+02 9.6739e-04
9.9105e+02 1.2705e+02 1.0566e+03 2.6459e+02 9.5572e-04
0.0000e+00 2.0397e+02 4.9696e+01 3.7500e+02 9.5441e-04
1.2049e+03 1.2346e+02 1.2410e+03 1.6412e+02 9.5181e-04
1.1784e+03 1.4255e+02 1.2410e+03 2.6344e+02 9.5117e-04
1.0478e+03 1.8842e+02 1.1166e+03 2.1023e+02 9.4994e-04
1.2355e+03 3.5787e+02 1.2410e+03 3.7500e+02 9.4991e-04
1.0610e+03 1.6346e+02 1.1778e+03 2.0703e+02 9.4220e-04
9.4224e+02 1.9845e+02 1.1219e+03 2.8051e+02 9.3965e-04
9.3003e+02 1.6058e+02 1.0063e+03 2.4068e+02 9.2688e-04
7.5842e+02 1.6339e+02 8.6033e+02 2.0551e+02 9.2407e-04
9.8935e+02 1.0616e+02 1.1206e+03 3.7500e+02 9.1396e-04
8.0992e+02 1.6442e+02 8.6415e+02 1.8575e+02 9.0801e-04
8.0414e+02 1.6004e+02 8.6089e+02 1.8202e+02 9.0316e-04
7.7672e+02 1.7745e+02 8.6723e+02 2.1961e+02 9.0092e-04
1.1042e+03 1.6425e+02 1.2143e+03 2.0483e+02 8.9544e-04
9.4252e+02 1.5518e+02 1.0366e+03 1.9883e+02 8.9254e-04
1.0055e+03 1.4669e+02 1.0730e+03 3.0149e+02 8.8335e-04
1.1898e+03 1.2948e+02 1.2303e+03 2.3607e+02 8.7773e-04
9.8892e+02 1.7234e+02 1.0397e+03 2.9415e+02 8.7575e-04
1.2325e+03 3.6819e+02 1.2410e+03 3.7500e+02 8.7493e-04
8.9049e+02 1.2588e+02 1.1989e+03 2.8430e+02 8.7215e-04
8.6983e+02 2.0058e+02 9.2319e+02 2.2266e+02 8.6881e-04
1.2320e+03 1.6632e+02 1.2410e+03 2.4132e+02 8.6514e-04
1.1579e+03 1.6958e+02 1.2410e+03 2.1728e+02 8.5692e-04
1.7075e+02 2.0821e+02 1.8903e+02 2.5770e+02 8.5352e-04
1.2235e+03 1.5993e+02 1.2410e+03 2.4121e+02 8.5322e-04
1.1014e+03 1.3902e+02 1.2410e+03 2.1969e+02 8.5107e-04
1.2036e+03 1.5805e+02 1.2221e+03 2.3014e+02 8.4491e-04
8.3461e+02 1.3680e+02 9.6533e+02 2.2257e+02 8.4227e-04
0.0000e+00 9.0615e+01 7.4053e+00 1.5422e+02 8.3615e-04
8.8562e+02 1.4457e+02 9.8602e+02 1.8086e+02 8.3385e-04
8.5175e+02 1.3459e+02 1.0292e+03 2.0201e+02 8.2674e-04
1.2065e+03 5.0121e+01 1.2410e+03 2.3273e+02 8.2436e-04
1.1743e+03 1.7025e+02 1.1943e+03 2.3017e+02 8.1291e-04
9.4193e+02 1.4246e+02 9.7882e+02 2.2643e+02 8.0655e-04
9.0116e+02 1.6307e+02 9.9617e+02 2.0301e+02 8.0451e-04
0.0000e+00 1.8288e+02 1.5771e+01 3.0040e+02 8.0337e-04
9.4861e+02 1.9467e+02 1.0612e+03 2.4965e+02 8.0290e-04
7.1092e+02 1.2978e+02 8.9120e+02 1.9834e+02 7.9376e-04
1.1899e+03 1.5404e+02 1.2410e+03 1.9817e+02 7.9161e-04
0.0000e+00 1.0188e+02 1.9144e+02 3.7500e+02 7.8694e-04
9.1384e+02 2.0930e+02 9.8341e+02 3.4311e+02 7.8691e-04
9.3268e+02 2.7873e+02 9.9325e+02 3.0844e+02 7.8395e-04
1.0016e+03 1.7254e+02 1.1344e+03 2.4787e+02 7.8326e-04
7.9736e+02 1.7159e+02 8.9127e+02 2.1001e+02 7.8246e-04
9.3992e+02 1.3743e+02 1.1093e+03 1.9825e+02 7.6963e-04
8.5614e+02 2.0123e+02 9.4697e+02 2.4064e+02 7.6958e-04
1.0915e+03 0.0000e+00 1.2410e+03 5.9693e+01 7.6422e-04
1.1705e+03 1.8391e+02 1.1906e+03 2.3960e+02 7.6245e-04
1.1850e+03 1.6212e+02 1.2408e+03 2.2614e+02 7.5124e-04
0.0000e+00 4.8570e+01 2.6446e+01 1.8643e+02 7.4541e-04
9.6480e+02 1.5688e+02 9.9705e+02 1.9103e+02 7.4463e-04
9.5851e+02 2.4218e+02 1.0061e+03 3.2618e+02 7.4277e-04
9.2474e+02 1.1189e+02 9.9613e+02 2.5033e+02 7.4224e-04
1.0397e+03 2.0408e+02 1.1038e+03 2.2409e+02 7.4186e-04
9.5970e+02 1.4863e+02 1.1085e+03 2.4820e+02 7.4011e-04
7.5146e+02 1.4382e+02 8.6188e+02 1.8184e+02 7.3611e-04
9.6120e+02 1.5829e+02 1.0399e+03 2.2839e+02 7.3564e-04
1.0005e+03 1.8658e+02 1.1065e+03 2.2682e+02 7.2858e-04
9.2575e+02 1.6744e+02 9.6301e+02 2.7716e+02 7.2764e-04
9.7778e+02 1.5383e+02 9.9806e+02 2.0677e+02 7.2719e-04
1.1549e+03 1.8873e+02 1.2410e+03 2.3576e+02 7.2529e-04
9.6031e+02 1.7544e+02 1.0953e+03 2.8700e+02 7.2424e-04
1.1897e+03 1.7830e+02 1.2410e+03 2.2277e+02 7.1502e-04
1.1863e+03 1.7768e+02 1.2402e+03 2.3894e+02 7.1297e-04
1.0179e+03 1.5626e+02 1.1305e+03 1.9969e+02 7.1088e-04
8.6345e+02 1.5044e+02 9.4452e+02 1.9733e+02 7.0147e-04
2.0291e+02 2.0730e+02 2.2136e+02 2.5947e+02 6.9275e-04
9.9240e+02 2.0937e+02 1.1492e+03 2.7035e+02 6.8849e-04
1.6351e+02 2.0904e+02 1.8195e+02 2.5703e+02 6.8830e-04
9.9096e+02 1.6342e+02 1.0951e+03 2.0292e+02 6.8668e-04
8.3165e+02 1.6358e+02 9.3396e+02 2.0343e+02 6.8569e-04
1.1105e+03 1.7428e+02 1.1939e+03 2.2554e+02 6.8301e-04
1.2077e+03 1.9936e+02 1.2410e+03 2.4378e+02 6.8242e-04
1.2114e+03 1.6051e+02 1.2306e+03 2.3909e+02 6.8117e-04
9.9051e+02 2.0755e+02 1.0634e+03 3.4806e+02 6.7168e-04
8.1533e+02 1.3512e+02 9.1477e+02 1.7512e+02 6.7042e-04
1.0222e+03 2.1084e+02 1.1357e+03 2.5262e+02 6.6363e-04
1.1405e+03 1.9989e+02 1.2027e+03 2.2331e+02 6.6342e-04
1.0391e+03 2.0893e+02 1.1531e+03 2.5109e+02 6.6227e-04
1.8670e+02 2.0759e+02 2.0568e+02 2.5801e+02 6.6156e-04
8.7156e+02 1.4577e+02 9.5045e+02 1.8957e+02 6.5492e-04
1.8822e+02 1.1766e+02 5.4800e+02 2.8441e+02 6.5223e-04
8.7674e+02 2.1728e+02 1.0385e+03 3.1585e+02 6.5166e-04
1.0341e+03 1.8976e+02 1.2075e+03 2.5522e+02 6.5112e-04
8.6720e+02 1.9654e+02 9.1882e+02 2.1939e+02 6.4872e-04
9.8150e+02 1.5600e+02 1.1213e+03 2.3938e+02 6.4823e-04
8.9907e+02 1.8737e+02 9.4099e+02 2.7525e+02 6.4634e-04
0.0000e+00 8.8086e+01 2.3393e+01 1.5329e+02 6.4273e-04
8.6781e+02 1.8846e+02 9.4344e+02 2.3913e+02 6.3915e-04
1.0459e+03 1.8537e+02 1.1141e+03 2.0659e+02 6.3762e-04
9.2725e+02 2.1417e+02 9.8255e+02 3.1348e+02 6.3620e-04
1.1772e+03 0.0000e+00 1.2410e+03 4.3025e+01 6.3565e-04
1.1806e+03 2.8893e+02 1.2410e+03 3.7500e+02 6.2880e-04
1.1649e+03 1.6285e+02 1.2324e+03 2.2635e+02 6.2823e-04
0.0000e+00 0.0000e+00 1.0856e+02 7.8437e+01 6.2707e-04
1.0786e+03 1.4538e+02 1.2231e+03 2.4051e+02 6.2202e-04
1.2240e+03 8.5858e+01 1.2410e+03 1.8722e+02 6.2042e-04
1.0005e+03 1.6592e+02 1.0417e+03 2.7840e+02 6.2036e-04
8.5887e+02 2.6569e+02 1.1165e+03 3.7500e+02 6.1484e-04
0.0000e+00 3.8914e+01 6.6037e+01 3.6858e+02 6.1218e-04
8.9854e+02 1.7440e+02 9.4100e+02 2.5620e+02 6.1033e-04
1.2191e+03 1.6028e+02 1.2380e+03 2.4006e+02 6.0895e-04
9.4681e+02 1.3217e+02 1.2410e+03 3.7500e+02 6.0732e-04
0.0000e+00 1.1730e+02 2.9221e+01 3.0747e+02 6.0500e-04
8.7439e+02 2.0886e+02 9.6438e+02 2.5030e+02 6.0317e-04
9.7762e+02 2.4624e+02 1.0186e+03 3.2760e+02 6.0309e-04
1.1233e+03 0.0000e+00 1.2410e+03 8.6046e+01 6.0128e-04
7.9942e+02 1.6369e+02 8.5664e+02 1.8523e+02 6.0071e-04
9.0992e+02 1.8688e+02 1.0208e+03 2.3857e+02 5.9719e-04
9.9335e+02 1.4029e+02 1.1517e+03 1.9941e+02 5.9639e-04
1.2048e+03 1.1821e+02 1.2410e+03 3.1508e+02 5.9568e-04
8.2451e+02 1.5556e+02 9.2031e+02 1.9276e+02 5.9162e-04
9.2998e+02 1.7661e+02 1.1730e+03 3.2274e+02 5.9079e-04
1.8317e+02 2.0741e+02 2.0178e+02 2.5765e+02 5.8890e-04
8.6465e+02 2.0460e+02 9.1924e+02 2.2620e+02 5.8732e-04
8.0893e+02 1.6797e+02 8.6457e+02 1.8928e+02 5.8198e-04
1.9921e+02 2.0750e+02 2.1735e+02 2.5923e+02 5.8087e-04
9.6318e+02 1.5732e+02 9.8351e+02 2.0547e+02 5.8069e-04
9.1583e+02 1.5460e+02 1.0100e+03 1.9568e+02 5.7786e-04
0.0000e+00 1.1630e+02 2.8104e+02 3.7500e+02 5.7687e-04
1.1953e+03 1.4833e+02 1.2410e+03 2.0885e+02 5.7662e-04
1.2148e+03 1.5544e+02 1.2347e+03 2.3648e+02 5.7601e-04
1.9072e+02 2.0741e+02 2.0965e+02 2.5892e+02 5.7331e-04
1.9513e+02 2.0796e+02 2.1336e+02 2.5991e+02 5.7121e-04
0.0000e+00 1.3395e+02 1.5022e+01 2.5403e+02 5.6520e-04
0.0000e+00 3.1071e+01 1.3715e+01 1.5490e+02 5.6432e-04
9.2953e+02 2.7381e+02 1.0357e+03 3.2062e+02 5.6422e-04
1.1305e+03 1.9569e+02 1.1952e+03 2.1921e+02 5.6226e-04
0.0000e+00 3.2886e+02 5.2932e+01 3.7500e+02 5.5816e-04
1.1340e+03 1.2391e+02 1.2410e+03 2.3607e+02 5.5546e-04
8.4695e+02 1.8465e+02 1.0119e+03 2.6467e+02 5.5527e-04
1.0785e+03 1.0372e+02 1.2410e+03 2.7497e+02 5.5249e-04
0.0000e+00 0.0000e+00 1.6456e+02 7.0946e+01 5.5033e-04
1.2308e+03 1.4756e+02 1.2410e+03 1.7299e+02 5.4782e-04
0.0000e+00 2.6281e+02 8.2096e+01 3.7500e+02 5.4192e-04
9.7008e+02 1.4903e+02 9.9006e+02 1.9433e+02 5.3265e-04
1.0427e+03 1.5001e+02 1.1864e+03 2.3609e+02 5.3165e-04
9.1278e+02 1.3577e+02 1.0392e+03 2.2354e+02 5.3069e-04
1.2071e+03 1.1551e+02 1.2410e+03 1.5687e+02 5.3064e-04
1.0063e+03 0.0000e+00 1.2410e+03 1.8753e+02 5.3060e-04
1.0485e+03 1.9440e+02 1.1151e+03 2.1757e+02 5.2592e-04
0.0000e+00 1.0054e+02 1.5973e+01 2.2353e+02 5.1907e-04
7.4568e+02 1.7180e+02 9.1790e+02 2.3997e+02 5.1862e-04
2.4179e+02 1.2374e+02 6.1921e+02 2.8278e+02 5.1859e-04
0.0000e+00 2.3091e+02 5.4395e+00 2.9646e+02 5.1762e-04
9.6281e+02 2.8473e+02 1.0230e+03 3.1127e+02 5.1698e-04
7.9961e+02 1.8007e+02 8.9012e+02 2.1935e+02 5.1574e-04
9.3608e+02 1.3938e+02 9.7048e+02 2.2063e+02 5.1422e-04
0.0000e+00 4.7817e+01 3.7243e+01 1.9017e+02 5.1284e-04
9.1415e+02 1.3699e+02 1.0732e+03 2.0158e+02 5.1166e-04
1.0382e+03 1.7291e+02 1.1337e+03 2.2264e+02 5.1051e-04
1.1765e+03 9.9579e+01 1.2410e+03 1.8895e+02 5.0996e-04
1.1340e+03 1.1733e+02 1.2098e+03 2.7115e+02 5.0546e-04
8.0375e+02 1.5608e+02 8.6105e+02 1.7764e+02 5.0532e-04
8.2963e+02 1.3344e+02 9.3056e+02 1.7412e+02 5.0174e-04
9.1073e+02 2.5621e+02 1.0277e+03 3.1546e+02 5.0159e-04
0.0000e+00 2.4391e+02 5.8378e+00 3.0779e+02 5.0096e-04
0.0000e+00 3.5156e+02 2.0334e+01 3.7500e+02 5.0007e-04
8.0422e+02 1.6404e+02 9.0013e+02 2.0103e+02 4.9987e-04
0.0000e+00 1.0222e+02 2.3403e+01 1.6840e+02 4.9127e-04
1.0248e+03 1.3711e+02 1.1900e+03 1.9888e+02 4.9061e-04
9.5828e+02 1.6193e+02 1.0577e+03 2.0452e+02 4.8963e-04
9.8455e+02 1.5509e+02 1.0860e+03 1.9486e+02 4.8905e-04
7.5714e+02 1.3629e+02 8.9634e+02 2.1786e+02 4.8411e-04
1.1701e+03 1.6182e+02 1.2410e+03 2.0690e+02 4.8214e-04
1.7526e+02 2.0719e+02 1.9289e+02 2.5827e+02 4.8007e-04
1.2070e+03 2.4954e+02 1.2410e+03 3.7500e+02 4.7991e-04
0.0000e+00 7.7884e+01 6.8725e+00 1.4287e+02 4.7973e-04
1.1576e+03 1.5872e+02 1.1971e+03 2.4655e+02 4.7774e-04
1.0614e+03 2.0934e+02 1.1738e+03 2.5168e+02 4.7699e-04
1.0629e+03 1.7057e+02 1.1613e+03 2.2422e+02 4.7555e-04
8.8810e+02 1.4674e+02 9.6570e+02 1.9127e+02 4.7199e-04
8.4270e+02 1.2564e+02 9.7740e+02 2.0675e+02 4.7123e-04
0.0000e+00 2.7001e+02 1.3675e+02 3.7500e+02 4.7023e-04
9.2737e+02 1.5541e+02 9.9724e+02 2.1716e+02 4.6990e-04
1.2342e+03 2.0257e+02 1.2410e+03 2.3568e+02 4.6711e-04
9.4961e+02 2.0698e+02 1.0896e+03 3.7500e+02 4.6710e-04
8.6387e+02 1.5765e+02 9.4428e+02 2.0699e+02 4.6625e-04
1.1320e+03 2.0272e+02 1.1961e+03 2.2717e+02 4.6414e-04
1.2319e+03 1.4462e+02 1.2410e+03 2.1442e+02 4.5935e-04
0.0000e+00 9.3942e+01 3.1041e+01 1.4456e+02 4.5360e-04
1.1067e+03 1.5532e+02 1.2132e+03 1.9481e+02 4.4895e-04
1.2824e+02 2.1232e+02 2.2325e+02 2.5261e+02 4.4468e-04
1.4812e+02 2.2218e+02 1.6485e+02 2.6832e+02 4.4426e-04
1.2862e+02 2.1425e+02 1.4512e+02 2.5933e+02 4.4388e-04
7.8839e+02 1.5220e+02 8.6906e+02 1.9879e+02 4.4253e-04
1.2787e+02 2.2179e+02 1.4537e+02 2.6587e+02 4.3745e-04
1.1662e+03 1.8549e+02 1.1864e+03 2.3848e+02 4.3488e-04
9.6823e+02 1.4033e+02 1.1070e+03 2.2630e+02 4.2866e-04
8.8144e+02 1.5751e+02 9.5555e+02 3.1033e+02 4.2840e-04
1.0257e+03 1.8154e+02 1.0897e+03 3.1703e+02 4.2767e-04
1.2275e+03 1.5184e+02 1.2410e+03 2.3316e+02 4.2740e-04
0.0000e+00 0.0000e+00 5.3338e+01 4.5939e+01 4.2729e-04
1.7934e+02 2.0709e+02 1.9726e+02 2.5864e+02 4.2415e-04
9.9987e+02 1.8910e+02 1.1331e+03 2.6734e+02 4.2139e-04
1.2232e+03 1.3858e+02 1.2410e+03 2.1468e+02 4.1994e-04
1.6661e+02 2.1653e+02 1.8520e+02 2.6600e+02 4.1851e-04
1.2108e+03 0.0000e+00 1.2410e+03 1.5671e+01 4.1701e-04
1.0235e+03 2.1873e+02 1.1314e+03 2.5948e+02 4.1636e-04
9.5383e+02 1.6595e+02 1.0077e+03 1.9194e+02 4.1477e-04
2.0681e+02 2.0788e+02 2.2519e+02 2.5941e+02 4.1340e-04
7.9399e+02 1.8634e+02 8.8178e+02 2.2666e+02 4.1015e-04
8.6604e+02 1.0979e+02 9.3544e+02 2.5519e+02 4.0996e-04
1.4473e+02 2.2516e+02 1.6085e+02 2.7208e+02 4.0928e-04
1.2331e+03 1.4489e+02 1.2410e+03 1.7704e+02 4.0926e-04
8.7955e+02 1.5124e+02 9.5770e+02 1.9899e+02 4.0695e-04
1.1458e+03 1.9557e+02 1.2072e+03 2.1976e+02 4.0601e-04
1.0031e+03 1.4589e+02 1.1335e+03 2.2299e+02 4.0473e-04
0.0000e+00 7.1816e+01 2.1468e+01 1.3688e+02 4.0377e-04
9.7329e+02 1.1670e+02 1.0421e+03 2.5082e+02 4.0227e-04
1.2109e+03 1.4617e+02 1.2301e+03 2.2125e+02 4.0164e-04
1.1475e+03 2.9775e+02 1.2242e+03 3.7500e+02 3.9704e-04
8.5540e+02 1.4511e+02 9.3641e+02 1.8922e+02 3.9646e-04
9.2731e+02 1.4496e+02 9.6421e+02 2.2798e+02 3.9618e-04
8.1863e+02 1.6073e+02 8.7043e+02 1.8114e+02 3.9576e-04
1.2142e+03 1.4222e+02 1.2347e+03 2.1953e+02 3.9412e-04
1.1710e+03 1.7442e+02 1.2410e+03 2.6335e+02 3.9370e-04
0.0000e+00 2.3329e+02 1.4797e+01 3.6118e+02 3.9350e-04
6.9954e+02 1.4304e+02 8.7661e+02 2.1462e+02 3.9268e-04
0.0000e+00 1.0048e+02 1.5579e+02 2.7703e+02 3.9178e-04
8.9618e+02 1.2963e+02 1.0228e+03 2.1797e+02 3.9158e-04
1.1260e+03 1.9196e+02 1.1919e+03 2.1511e+02 3.9038e-04
1.0524e+03 1.9055e+02 1.1198e+03 2.1490e+02 3.9023e-04
1.2190e+03 0.0000e+00 1.2410e+03 2.0114e+01 3.8847e-04
8.0518e+02 1.7204e+02 8.5980e+02 1.9419e+02 3.8783e-04
1.2185e+03 1.9323e+02 1.2410e+03 2.5153e+02 3.8649e-04
9.5358e+02 6.9814e+01 1.0979e+03 3.2592e+02 3.8647e-04
8.7559e+02 1.9226e+02 9.8278e+02 2.3568e+02 3.8469e-04
8.0461e+02 2.7032e+02 1.1718e+03 3.7500e+02 3.8165e-04
1.6296e+02 2.1638e+02 1.8158e+02 2.6645e+02 3.8136e-04
9.8563e+02 1.5006e+02 1.0816e+03 1.8754e+02 3.8094e-04
1.2276e+03 1.3375e+02 1.2410e+03 2.1200e+02 3.8048e-04
8.7977e+02 1.8555e+02 9.5544e+02 2.4284e+02 3.8030e-04
9.6704e+02 2.8104e+02 1.0257e+03 3.0804e+02 3.7530e-04
9.5979e+02 2.2357e+02 1.0267e+03 3.5978e+02 3.7329e-04
1.0259e+03 1.3782e+02 1.0906e+03 2.6792e+02 3.7325e-04
7.9947e+02 1.3595e+02 8.9510e+02 1.7436e+02 3.7195e-04
1.2370e+03 0.0000e+00 1.2410e+03 2.2312e+01 3.7163e-04
8.6720e+02 3.2069e+01 1.0121e+03 3.3098e+02 3.7107e-04
1.0030e+03 1.5511e+02 1.0402e+03 2.5921e+02 3.6829e-04
1.1808e+03 1.2967e+02 1.2220e+03 2.3132e+02 3.6820e-04
1.0262e+03 1.9523e+02 1.0917e+03 2.1640e+02 3.6588e-04
9.1940e+02 3.4441e+00 1.2345e+03 3.7500e+02 3.6455e-04
8.3263e+02 1.7115e+02 9.3014e+02 2.1224e+02 3.6452e-04
8.4449e+02 1.3483e+02 9.4661e+02 1.7297e+02 3.6396e-04
8.6218e+02 1.7083e+02 9.4381e+02 2.2643e+02 3.6203e-04
0.0000e+00 0.0000e+00 1.5350e+01 5.1371e+01 3.6109e-04
1.0063e+03 1.4924e+02 1.1107e+03 1.8984e+02 3.6087e-04
2.2187e+02 1.6347e+02 3.1688e+02 2.0291e+02 3.5984e-04
9.0997e+02 1.0436e+02 9.8005e+02 2.4969e+02 3.5955e-04
8.0553e+02 1.7618e+02 8.5943e+02 1.9808e+02 3.5919e-04
1.3163e+02 2.2183e+02 1.4888e+02 2.6644e+02 3.5796e-04
1.0314e+03 1.6692e+02 1.1236e+03 2.1838e+02 3.5745e-04
8.7742e+02 1.7028e+02 9.7794e+02 2.1306e+02 3.5658e-04
1.1180e+03 1.6807e+02 1.1977e+03 2.1832e+02 3.5563e-04
1.1701e+03 1.7188e+02 1.1904e+03 2.2698e+02 3.5468e-04
1.1743e+03 1.5518e+02 1.2388e+03 2.1873e+02 3.5263e-04
1.1367e+03 1.6838e+02 1.2126e+03 2.2072e+02 3.5255e-04
9.4101e+02 2.3843e+02 9.9108e+02 3.2604e+02 3.5233e-04
9.2064e+02 2.3755e+02 1.0947e+03 3.2087e+02 3.5092e-04
9.2313e+02 1.5615e+02 9.7448e+02 1.7656e+02 3.5019e-04
8.9269e+02 1.9146e+02 9.3351e+02 2.6845e+02 3.4979e-04
9.8577e+02 2.3387e+02 1.0284e+03 3.2601e+02 3.4867e-04
9.2755e+02 2.6256e+02 1.0208e+03 3.2519e+02 3.4610e-04
7.8709e+02 1.7151e+02 9.5742e+02 2.4263e+02 3.4544e-04
1.1491e+03 1.5970e+02 1.1885e+03 2.4360e+02 3.4152e-04
9.4367e+02 2.7774e+02 1.0094e+03 3.0789e+02 3.4075e-04
7.3283e+02 1.5117e+02 8.3573e+02 1.8909e+02 3.4004e-04
1.0314e+03 1.8010e+02 1.1251e+03 2.2778e+02 3.3828e-04
1.0447e+03 1.5439e+02 1.1538e+03 2.0017e+02 3.3747e-04
1.2395e+02 2.2189e+02 1.4206e+02 2.6688e+02 3.3741e-04
8.7558e+02 2.7053e+02 1.0578e+03 3.3966e+02 3.3719e-04
2.7491e+02 1.4839e+02 6.1324e+02 2.9877e+02 3.3650e-04
1.1178e+03 7.2132e+01 1.2410e+03 3.0968e+02 3.3594e-04
1.2187e+03 1.3851e+02 1.2380e+03 2.1470e+02 3.3041e-04
8.3780e+02 1.8746e+02 9.3071e+02 2.2773e+02 3.3027e-04
1.1407e+03 1.9158e+02 1.2026e+03 2.1502e+02 3.2922e-04
1.5919e+02 2.1641e+02 1.7762e+02 2.6641e+02 3.2883e-04
8.3484e+02 1.7948e+02 9.3002e+02 2.2095e+02 3.2844e-04
1.2130e+03 1.5416e+02 1.2410e+03 2.7754e+02 3.2677e-04
9.1769e+02 1.5015e+02 9.8652e+02 1.9989e+02 3.2629e-04
1.0996e+03 1.8147e+02 1.1870e+03 2.3164e+02 3.2085e-04
9.4713e+02 2.6489e+02 9.7289e+02 3.1265e+02 3.1869e-04
1.1579e+03 1.8657e+02 1.1784e+03 2.3762e+02 3.1810e-04
1.1496e+03 1.8735e+02 1.1703e+03 2.3775e+02 3.1702e-04
1.0565e+03 1.6280e+02 1.1524e+03 2.1938e+02 3.1701e-04
0.0000e+00 7.4151e+01 2.7091e+01 2.2037e+02 3.1626e-04
8.2462e+02 1.2557e+02 9.2138e+02 1.6488e+02 3.1606e-04
1.2454e+02 2.0995e+02 1.4161e+02 2.5649e+02 3.1428e-04
7.9619e+02 1.1785e+02 9.6696e+02 1.8492e+02 3.1381e-04
9.2515e+02 1.5960e+02 9.7778e+02 1.8060e+02 3.1377e-04
9.6592e+02 1.4119e+02 1.0043e+03 2.1508e+02 3.1362e-04
0.0000e+00 1.6123e+02 1.5369e+01 2.7624e+02 3.1225e-04
1.2259e+03 2.0532e+02 1.2410e+03 3.0645e+02 3.1181e-04
1.1538e+03 1.8676e+02 1.1744e+03 2.3778e+02 3.1172e-04
1.5166e+02 2.2133e+02 1.6901e+02 2.6919e+02 3.1157e-04
1.7963e+02 2.1599e+02 1.9705e+02 2.6657e+02 3.1145e-04
7.9210e+02 1.5659e+02 8.4816e+02 1.7791e+02 3.1076e-04
9.0700e+02 1.4720e+02 9.7937e+02 1.9078e+02 3.1032e-04
1.1901e+03 8.8299e+01 1.2410e+03 2.0553e+02 3.0973e-04
0.0000e+00 3.6849e+02 9.0264e+00 3.7500e+02 3.0859e-04
0.0000e+00 1.0851e+02 3.2130e+01 1.6021e+02 3.0844e-04
9.0754e+02 1.6074e+02 9.4929e+02 2.5629e+02 3.0755e-04
0.0000e+00 0.0000e+00 7.4697e+01 4.3418e+01 3.0646e-04
8.8441e+02 2.0806e+02 9.4576e+02 2.3147e+02 3.0572e-04
8.9004e+02 1.6726e+02 9.3470e+02 2.4705e+02 3.0497e-04
9.3677e+02 1.5239e+02 1.0263e+03 1.9231e+02 3.0437e-04
0.0000e+00 6.9233e+01 1.5050e+02 2.4675e+02 3.0406e-04
1.2818e+02 2.0507e+02 2.2505e+02 2.4469e+02 3.0333e-04
7.8176e+02 1.5411e+02 8.0117e+02 2.0680e+02 3.0298e-04
1.2162e+03 1.0957e+02 1.2410e+03 1.6539e+02 3.0289e-04
1.0441e+03 1.3691e+02 1.1057e+03 2.5994e+02 3.0106e-04
9.1258e+02 2.4584e+02 1.0192e+03 3.2846e+02 3.0102e-04
2.1409e+02 1.5500e+02 3.0978e+02 1.9557e+02 3.0000e-04
1.0116e+03 1.2215e+02 1.0720e+03 2.5640e+02 2.9973e-04
1.1409e+03 1.8749e+02 1.2027e+03 2.1085e+02 2.9652e-04
1.2575e+02 2.1981e+02 2.1178e+02 2.5901e+02 2.9550e-04
8.3843e+02 1.9488e+02 9.3126e+02 2.3554e+02 2.9309e-04
8.6115e+02 1.8152e+02 9.3579e+02 2.3123e+02 2.9297e-04
7.9605e+02 1.3629e+02 9.2978e+02 2.1590e+02 2.9197e-04
7.8329e+02 1.5997e+02 8.6251e+02 2.0741e+02 2.9159e-04
1.1393e+03 1.6227e+02 1.2410e+03 2.0666e+02 2.9136e-04
9.1940e+02 1.5604e+02 9.8761e+02 2.1103e+02 2.9079e-04
1.1458e+03 1.8718e+02 1.1668e+03 2.3718e+02 2.8879e-04
0.0000e+00 7.7432e+01 2.9058e+01 1.2808e+02 2.8775e-04
0.0000e+00 2.2942e+02 2.6578e+01 3.7500e+02 2.8721e-04
9.0093e+02 1.4440e+02 9.3995e+02 2.2570e+02 2.8679e-04
1.1617e+03 1.5369e+02 1.2410e+03 1.9875e+02 2.8564e-04
1.1261e+03 1.8789e+02 1.1915e+03 2.1090e+02 2.8534e-04
8.9724e+02 1.5081e+02 9.7210e+02 1.9685e+02 2.8404e-04
8.7936e+02 9.9083e+01 9.4760e+02 2.4040e+02 2.8367e-04
9.8429e+02 1.7007e+02 1.0883e+03 2.0983e+02 2.8343e-04
0.0000e+00 1.0058e+02 7.0365e+00 1.6494e+02 2.8248e-04
9.2031e+02 2.6125e+02 1.0552e+03 3.4316e+02 2.8137e-04
1.1186e+03 1.1759e+02 1.1923e+03 2.6787e+02 2.7906e-04
1.1621e+03 1.8683e+02 1.1825e+03 2.3780e+02 2.7847e-04
1.2077e+03 1.4566e+02 1.2260e+03 2.1813e+02 2.7766e-04
8.5381e+02 2.0000e+02 1.0036e+03 3.7500e+02 2.7647e-04
0.0000e+00 2.0064e+02 7.5091e+00 2.5612e+02 2.7571e-04
9.4249e+02 2.2052e+02 1.0083e+03 3.5560e+02 2.7529e-04
8.3037e+02 1.5722e+02 8.7933e+02 1.7841e+02 2.7504e-04
8.9930e+02 1.5640e+02 9.4295e+02 2.4359e+02 2.7496e-04
1.1446e+03 2.0243e+02 1.2077e+03 2.2780e+02 2.7036e-04
1.1238e+02 2.3550e+02 1.5893e+02 2.5813e+02 2.6945e-04
1.1207e+03 2.0261e+02 1.1854e+03 2.2659e+02 2.6920e-04
8.6556e+02 2.1289e+02 1.1014e+03 3.6598e+02 2.6888e-04
8.6560e+02 1.9185e+02 9.1722e+02 2.1568e+02 2.6848e-04
0.0000e+00 1.1300e+02 7.1707e+00 1.7724e+02 2.6840e-04
8.7523e+02 1.2528e+02 1.0052e+03 2.1216e+02 2.6819e-04
9.2672e+02 2.8299e+02 9.9055e+02 3.1231e+02 2.6773e-04
1.1666e+03 7.7812e+01 1.2404e+03 2.4707e+02 2.6550e-04
9.1021e+02 1.5604e+02 9.6269e+02 1.7677e+02 2.6446e-04
1.1572e+03 3.2680e+02 1.2410e+03 3.7500e+02 2.6430e-04
1.3174e+02 2.1090e+02 1.4868e+02 2.5515e+02 2.6322e-04
1.5139e+02 1.8938e+02 2.5138e+02 2.2909e+02 2.6278e-04
8.1895e+02 1.5695e+02 8.7084e+02 1.7761e+02 2.6254e-04
1.0480e+03 1.7726e+02 1.1449e+03 2.3016e+02 2.6204e-04
9.6727e+02 1.5927e+02 1.0024e+03 1.9605e+02 2.6127e-04
0.0000e+00 2.5465e+02 5.5527e+00 3.2072e+02 2.6120e-04
1.2141e+03 3.3311e+02 1.2410e+03 3.7500e+02 2.5944e-04
8.8159e+02 2.0514e+02 9.3927e+02 2.2677e+02 2.5916e-04
1.0453e+03 2.1772e+02 1.1590e+03 2.5956e+02 2.5814e-04
9.1658e+02 1.5590e+02 9.5742e+02 2.5899e+02 2.5752e-04
1.8351e+02 2.1507e+02 2.0133e+02 2.6698e+02 2.5724e-04
7.7927e+02 1.5749e+02 7.9733e+02 2.1033e+02 2.5592e-04
2.0475e+02 1.7269e+02 3.0427e+02 2.1035e+02 2.5584e-04
9.5374e+02 2.6848e+02 1.0352e+03 3.2492e+02 2.5576e-04
1.5544e+02 2.1980e+02 1.7313e+02 2.6982e+02 2.5491e-04
1.7099e+02 2.2029e+02 1.8857e+02 2.6933e+02 2.5361e-04
1.1727e+03 1.3814e+02 1.2130e+03 2.3745e+02 2.5306e-04
1.2105e+03 1.0803e+02 1.2410e+03 1.4999e+02 2.5294e-04
1.0269e+03 2.0539e+02 1.1907e+03 2.6916e+02 2.5261e-04
8.6834e+02 1.6307e+02 9.5190e+02 2.1934e+02 2.5232e-04
1.4410e+02 1.9731e+02 2.4278e+02 2.3729e+02 2.5224e-04
1.0927e+03 2.0006e+02 1.2054e+03 2.3926e+02 2.5201e-04
1.0689e+02 1.7416e+02 2.8141e+02 2.4415e+02 2.5097e-04
1.1160e+03 1.4939e+02 1.2194e+03 1.8774e+02 2.5044e-04
0.0000e+00 0.0000e+00 2.8610e+01 1.8819e+02 2.5037e-04
1.1402e+03 1.5958e+02 1.1807e+03 2.4202e+02 2.5008e-04
1.2122e+03 2.1019e+02 1.2410e+03 2.5254e+02 2.4988e-04
8.0970e+02 1.5315e+02 8.6439e+02 1.7402e+02 2.4970e-04
1.0709e+03 1.7814e+02 1.1669e+03 2.3115e+02 2.4695e-04
8.8974e+02 1.4785e+02 9.3458e+02 2.3328e+02 2.4652e-04
9.0799e+02 1.6820e+02 1.0078e+03 2.1354e+02 2.4650e-04
1.2083e+03 1.1327e+02 1.2410e+03 2.2517e+02 2.4352e-04
9.0997e+02 1.4470e+02 9.4770e+02 2.2658e+02 2.4171e-04
9.6236e+02 1.7420e+02 1.0634e+03 2.2240e+02 2.4153e-04
8.1424e+02 1.2539e+02 9.4799e+02 2.0128e+02 2.3888e-04
9.6901e+02 1.6668e+02 1.0470e+03 2.3686e+02 2.3884e-04
0.0000e+00 8.5116e+01 9.7594e+01 3.0164e+02 2.3878e-04
8.8087e+02 1.5793e+02 9.2736e+02 2.3979e+02 2.3744e-04
1.0370e+03 1.8187e+02 1.1023e+03 2.0331e+02 2.3721e-04
7.9524e+02 1.6782e+02 8.5237e+02 1.8927e+02 2.3688e-04
1.0392e+03 2.0718e+02 1.1027e+03 2.2843e+02 2.3254e-04
7.5669e+02 1.2332e+02 8.9935e+02 2.0338e+02 2.3027e-04
7.9604e+02 1.5385e+02 8.5264e+02 1.7404e+02 2.2937e-04
1.2622e+02 2.3597e+02 1.7091e+02 2.5812e+02 2.2833e-04
8.7559e+02 1.5332e+02 9.3364e+02 1.7420e+02 2.2679e-04
9.7118e+02 2.8910e+02 1.0484e+03 3.7500e+02 2.2607e-04
8.8650e+02 1.9090e+02 9.0657e+02 2.3668e+02 2.2570e-04
0.0000e+00 1.6865e+02 7.7617e+00 2.2518e+02 2.2520e-04
8.1700e+02 1.4965e+02 9.5047e+02 2.3771e+02 2.2442e-04
7.7435e+02 1.4732e+02 9.0868e+02 2.3250e+02 2.2389e-04
1.0131e+03 2.0353e+02 1.1581e+03 3.7500e+02 2.2372e-04
1.7536e+02 2.1967e+02 1.9239e+02 2.6972e+02 2.2297e-04
3.7187e+02 0.0000e+00 4.3778e+02 6.8446e+01 2.2103e-04
9.2263e+02 2.8706e+02 9.8613e+02 3.1699e+02 2.1998e-04
0.0000e+00 1.9550e+02 4.4459e+01 3.1368e+02 2.1990e-04
9.2620e+02 1.6336e+02 9.7794e+02 1.8458e+02 2.1977e-04
7.2916e+02 1.2508e+02 1.0487e+03 2.7371e+02 2.1931e-04
7.8709e+02 1.5978e+02 8.4331e+02 1.8182e+02 2.1668e-04
8.2397e+02 1.6451e+02 8.7286e+02 1.8454e+02 2.1619e-04
8.8354e+02 1.8890e+02 9.0295e+02 2.3340e+02 2.1353e-04
1.0033e+03 2.0407e+02 1.0768e+03 3.5128e+02 2.1352e-04
1.4084e+02 2.2500e+02 1.5639e+02 2.7190e+02 2.1327e-04
1.3609e+02 2.2187e+02 1.5185e+02 2.6719e+02 2.1261e-04
1.0493e+03 1.9884e+02 1.1143e+03 2.2193e+02 2.1257e-04
0.0000e+00 5.2530e+01 9.0763e+01 2.6853e+02 2.1090e-04
8.0195e+02 1.3743e+02 1.0232e+03 3.2105e+02 2.1090e-04
0.0000e+00 6.9755e+01 4.1217e+01 1.8465e+02 2.1085e-04
0.0000e+00 1.0376e+01 2.8049e+02 3.5397e+02 2.0934e-04
1.0263e+03 7.5220e+01 1.1630e+03 3.4796e+02 2.0871e-04
6.9875e+02 1.5657e+02 8.7757e+02 2.3021e+02 2.0804e-04
3.8753e+02 0.0000e+00 4.5344e+02 6.7187e+01 2.0227e-04
8.4214e+02 6.6862e+01 9.8043e+02 3.4620e+02 2.0107e-04
7.6041e+02 1.1874e+02 9.3910e+02 1.8457e+02 2.0000e-04
9.2599e+02 1.6785e+02 9.7812e+02 1.8892e+02 1.9892e-04
8.0128e+02 1.7855e+02 8.5709e+02 2.0247e+02 1.9883e-04
9.8941e+02 2.6513e+02 1.0109e+03 3.1150e+02 1.9870e-04
9.7399e+02 2.2959e+02 1.0453e+03 3.6360e+02 1.9862e-04
7.7859e+02 1.5015e+02 7.9842e+02 2.0274e+02 1.9858e-04
1.0252e+03 1.8449e+02 1.0915e+03 2.0617e+02 1.9807e-04
1.2076e+03 1.3441e+02 1.2251e+03 2.0663e+02 1.9792e-04
1.2375e+03 1.9416e+02 1.2410e+03 2.5506e+02 1.9523e-04
9.8081e+02 2.6574e+02 1.0036e+03 3.1099e+02 1.9473e-04
1.2119e+02 1.5742e+02 2.9981e+02 2.2824e+02 1.9466e-04
1.0594e+03 1.3355e+02 1.1206e+03 2.5406e+02 1.9371e-04
1.0725e+03 1.3019e+02 1.1389e+03 2.5954e+02 1.9341e-04
8.7539e+02 1.9690e+02 9.1390e+02 2.2574e+02 1.9225e-04
1.1207e+03 3.2997e+02 1.2410e+03 3.7500e+02 1.9167e-04
8.0655e+02 1.0686e+02 1.1662e+03 2.5473e+02 1.9137e-04
9.8287e+02 2.0805e+02 1.1225e+03 3.7500e+02 1.9003e-04
3.5662e+02 0.0000e+00 4.2175e+02 6.6100e+01 1.8994e-04
9.5568e+02 2.9133e+02 1.0346e+03 3.7500e+02 1.8807e-04
9.8869e+02 2.9108e+02 1.0624e+03 3.7500e+02 1.8714e-04
8.3382e+02 2.2245e+02 8.8112e+02 2.5420e+02 1.8701e-04
1.2339e+03 0.0000e+00 1.2410e+03 8.7974e+00 1.8614e-04
9.4879e+02 1.6289e+02 1.0042e+03 1.8897e+02 1.8505e-04
1.0860e+03 1.2609e+02 1.1556e+03 2.6460e+02 1.8306e-04
8.6176e+02 2.0152e+02 9.1367e+02 2.2330e+02 1.8247e-04
2.0353e+02 2.2025e+02 2.2079e+02 2.6838e+02 1.8193e-04
1.0267e+03 2.0752e+02 1.0933e+03 2.2875e+02 1.8115e-04
1.0408e+03 2.1070e+02 1.1911e+03 3.7500e+02 1.8093e-04
8.9719e+02 1.9041e+02 9.7063e+02 3.4408e+02 1.8058e-04
1.0656e+03 1.3664e+02 1.2044e+03 2.2499e+02 1.8019e-04
8.0988e+02 2.0448e+02 8.5472e+02 2.2516e+02 1.7917e-04
8.8189e+02 2.1056e+02 9.4218e+02 2.3575e+02 1.7804e-04
0.0000e+00 2.2201e+02 6.8035e+00 2.8247e+02 1.7778e-04
7.7618e+02 1.5823e+02 7.9358e+02 2.0923e+02 1.7726e-04
0.0000e+00 0.0000e+00 6.7264e+00 2.3229e+01 1.7662e-04
8.3316e+02 1.6172e+02 9.6940e+02 2.5804e+02 1.7636e-04
8.5277e+02 1.1081e+02 9.1758e+02 2.4994e+02 1.7622e-04
1.1372e+03 1.9597e+02 1.1799e+03 2.2787e+02 1.7619e-04
1.1943e+03 1.9077e+02 1.2269e+03 2.3359e+02 1.7557e-04
1.0406e+03 1.8371e+02 1.1056e+03 3.1142e+02 1.7532e-04
7.5478e+02 7.0319e+01 1.1523e+03 3.7500e+02 1.7524e-04
1.1311e+02 2.1533e+02 1.6004e+02 2.3836e+02 1.7493e-04
1.0541e+03 2.1966e+02 1.0732e+03 2.7236e+02 1.7406e-04
1.2293e+03 0.0000e+00 1.2410e+03 6.7071e+00 1.7375e-04
8.8712e+02 1.7305e+02 9.4882e+02 3.2314e+02 1.7335e-04
1.5190e+02 2.1786e+02 2.0128e+02 2.4347e+02 1.7322e-04
9.4430e+02 2.6864e+02 9.6859e+02 3.1554e+02 1.7271e-04
1.1373e+03 1.1887e+02 1.2410e+03 2.0374e+02 1.7229e-04
9.6372e+02 1.9809e+02 1.0930e+03 3.1783e+02 1.7128e-04
2.3294e+02 1.5614e+02 2.7789e+02 1.7787e+02 1.7018e-04
7.1584e+02 1.7129e+02 8.9149e+02 2.4353e+02 1.6958e-04
4.0363e+02 0.0000e+00 4.7004e+02 6.7552e+01 1.6934e-04
8.2922e+02 1.1958e+02 1.0012e+03 1.8647e+02 1.6909e-04
1.1026e+03 1.2192e+02 1.1728e+03 2.6627e+02 1.6857e-04
1.1658e+03 1.2916e+02 1.2410e+03 3.7500e+02 1.6848e-04
7.4815e+02 1.4911e+02 8.8119e+02 2.3559e+02 1.6837e-04
9.2737e+02 1.5363e+02 9.7831e+02 1.7415e+02 1.6782e-04
7.9058e+02 1.7176e+02 8.4739e+02 1.9359e+02 1.6768e-04
1.0510e+03 1.3322e+02 1.2236e+03 1.9959e+02 1.6605e-04
7.8489e+02 1.5568e+02 8.3846e+02 1.7826e+02 1.6597e-04
8.5346e+02 1.7486e+02 9.7746e+02 2.8307e+02 1.6579e-04
7.9996e+02 1.1326e+02 8.6806e+02 2.4969e+02 1.6500e-04
9.8546e+02 2.6619e+02 1.0067e+03 3.1184e+02 1.6483e-04
9.1939e+02 2.9131e+02 9.8460e+02 3.2150e+02 1.6394e-04
1.5956e+02 2.1380e+02 1.9118e+02 2.4723e+02 1.6368e-04
7.9156e+02 1.7505e+02 8.4841e+02 1.9799e+02 1.6342e-04
8.8029e+02 1.8465e+02 8.9851e+02 2.3102e+02 1.6325e-04
6.5293e+02 1.9047e+02 8.2235e+02 2.6045e+02 1.6292e-04
1.1936e+02 2.2847e+02 1.5088e+02 2.5803e+02 1.6290e-04
1.1663e+03 1.7248e+02 1.1865e+03 2.2535e+02 1.6286e-04
1.2029e+03 1.8739e+02 1.2410e+03 3.7270e+02 1.6280e-04
9.6821e+02 1.5585e+02 9.8579e+02 2.1924e+02 1.6154e-04
1.3709e+02 2.3499e+02 1.8157e+02 2.5892e+02 1.6030e-04
1.0079e+02 1.8887e+02 2.6312e+02 2.5949e+02 1.5851e-04
1.1302e+03 2.9776e+02 1.2084e+03 3.7500e+02 1.5850e-04
1.9904e+02 2.1986e+02 2.1683e+02 2.6876e+02 1.5776e-04
7.8737e+02 1.6379e+02 8.4344e+02 1.8553e+02 1.5749e-04
0.0000e+00 2.2920e+02 3.8357e+01 3.4496e+02 1.5739e-04
8.7810e+02 1.5587e+02 9.3721e+02 1.7743e+02 1.5690e-04
1.1406e+02 2.1900e+02 1.5974e+02 2.4261e+02 1.5606e-04
1.4865e+02 2.1510e+02 1.6506e+02 2.6067e+02 1.5601e-04
9.1423e+02 1.5949e+02 9.6530e+02 1.8086e+02 1.5565e-04
9.0576e+02 2.0747e+02 9.2628e+02 2.6154e+02 1.5463e-04
1.1461e+03 1.8369e+02 1.2060e+03 2.0802e+02 1.5363e-04
0.0000e+00 1.6284e+02 4.5922e+01 2.8269e+02 1.5271e-04
0.0000e+00 1.2540e+02 7.0225e+00 1.8876e+02 1.5250e-04
3.4090e+02 0.0000e+00 4.0564e+02 6.4340e+01 1.5167e-04
1.3741e+02 2.3194e+02 1.6639e+02 2.6124e+02 1.5160e-04
8.7135e+02 1.9360e+02 9.0993e+02 2.2157e+02 1.5160e-04
0.0000e+00 1.7858e+02 7.2322e+00 2.3145e+02 1.5152e-04
0.0000e+00 2.9897e+02 4.6732e+01 3.7500e+02 1.5032e-04
7.2674e+02 1.3414e+02 8.7311e+02 2.2314e+02 1.4920e-04
8.9814e+02 2.0966e+02 9.1728e+02 2.6031e+02 1.4881e-04
2.6862e+02 1.8645e+02 2.8550e+02 2.3345e+02 1.4860e-04
8.2893e+02 1.4895e+02 8.4565e+02 1.9311e+02 1.4856e-04
7.6690e+02 1.4627e+02 7.8573e+02 1.9784e+02 1.4780e-04
1.1668e+02 2.3231e+02 1.6220e+02 2.5499e+02 1.4770e-04
1.0674e+03 2.9336e+02 1.1437e+03 3.7500e+02 1.4713e-04
9.0212e+02 2.0904e+02 9.2174e+02 2.6100e+02 1.4697e-04
1.1453e+03 1.9588e+02 1.1875e+03 2.2782e+02 1.4654e-04
9.0892e+02 2.7259e+02 1.0805e+03 3.4835e+02 1.4651e-04
1.2069e+03 1.5806e+02 1.2410e+03 3.5088e+02 1.4637e-04
1.0840e+03 2.9400e+02 1.1604e+03 3.7500e+02 1.4604e-04
8.2568e+02 1.5337e+02 8.7500e+02 1.7520e+02 1.4587e-04
1.0018e+03 2.0079e+02 1.1312e+03 2.8541e+02 1.4565e-04
3.8436e+02 2.0250e+02 4.0053e+02 2.3929e+02 1.4554e-04
1.0746e+03 2.1377e+02 1.2257e+03 3.7500e+02 1.4511e-04
1.1033e+03 1.3350e+02 1.2410e+03 3.0098e+02 1.4458e-04
9.5337e+02 1.3221e+02 1.0852e+03 2.0914e+02 1.4452e-04
1.0987e+03 2.9623e+02 1.1762e+03 3.7500e+02 1.4438e-04
1.2072e+02 1.1576e+02 4.7732e+02 2.8476e+02 1.4407e-04
1.1536e+03 1.9860e+02 1.2149e+03 2.2485e+02 1.4362e-04
9.4233e+02 1.4432e+02 9.6212e+02 1.8741e+02 1.4329e-04
0.0000e+00 1.5942e+02 4.8679e+01 3.7500e+02 1.4323e-04
7.6297e+02 1.4198e+02 7.8144e+02 1.9626e+02 1.4235e-04
1.2265e+03 1.9423e+02 1.2410e+03 2.3114e+02 1.4205e-04
8.3253e+02 1.5080e+02 8.4909e+02 1.9222e+02 1.4138e-04
1.0262e+03 1.9965e+02 1.0903e+03 2.2052e+02 1.4021e-04
0.0000e+00 2.1105e+02 6.8969e+00 2.6983e+02 1.4002e-04
1.0561e+03 1.5893e+02 1.2084e+03 2.4916e+02 1.3973e-04
1.7423e+02 2.1912e+02 2.2463e+02 2.4355e+02 1.3968e-04
1.1540e+03 1.9005e+02 1.2135e+03 2.1618e+02 1.3899e-04
1.3089e+02 2.3250e+02 1.7583e+02 2.5434e+02 1.3895e-04
1.1944e+03 1.8240e+02 1.2268e+03 2.2569e+02 1.3852e-04
1.3582e+02 2.1033e+02 1.5265e+02 2.5553e+02 1.3814e-04
8.8446e+02 1.8462e+02 9.0829e+02 2.3075e+02 1.3760e-04
1.1551e+03 1.9509e+02 1.1952e+03 2.2886e+02 1.3756e-04
8.0196e+02 2.6252e+02 1.0617e+03 3.7500e+02 1.3639e-04
3.8115e+02 2.0081e+02 3.9747e+02 2.4173e+02 1.3539e-04
2.0714e+02 2.2040e+02 2.2483e+02 2.6798e+02 1.3505e-04
0.0000e+00 6.6197e+01 6.5134e+00 1.3125e+02 1.3470e-04
9.0052e+02 1.5638e+02 9.5525e+02 1.7738e+02 1.3455e-04
7.8493e+02 1.1058e+02 8.5445e+02 2.5178e+02 1.3451e-04
9.3553e+02 2.7168e+02 9.9458e+02 3.0515e+02 1.3344e-04
8.3315e+02 2.2498e+02 1.1397e+03 3.6045e+02 1.3324e-04
0.0000e+00 1.0415e+02 1.0790e+01 1.3632e+02 1.3188e-04
9.4629e+02 1.4870e+02 9.6553e+02 1.9252e+02 1.3184e-04
8.1315e+02 0.0000e+00 1.0567e+03 3.7500e+02 1.3157e-04
8.4886e+02 1.5153e+02 8.6500e+02 1.9150e+02 1.3090e-04
8.1845e+02 1.1211e+02 8.8276e+02 2.4890e+02 1.3075e-04
1.1157e+03 1.9562e+02 1.1815e+03 2.1912e+02 1.3055e-04
1.1373e+02 2.2793e+02 1.5963e+02 2.5047e+02 1.2974e-04
0.0000e+00 1.5874e+02 1.3745e+02 3.3842e+02 1.2950e-04
8.5611e+02 2.0519e+02 9.0941e+02 2.2662e+02 1.2947e-04
3.2534e+02 0.0000e+00 3.8889e+02 6.4525e+01 1.2913e-04
7.8207e+02 1.4410e+02 8.0161e+02 1.9319e+02 1.2888e-04
8.9493e+02 2.1023e+02 9.1379e+02 2.6035e+02 1.2886e-04
9.3088e-01 1.6307e+02 6.7682e+01 3.7323e+02 1.2885e-04
1.1481e+02 2.2298e+02 1.6064e+02 2.4655e+02 1.2884e-04
0.0000e+00 1.9049e+02 7.3345e+00 2.4452e+02 1.2878e-04
0.0000e+00 3.8887e+01 3.7947e+01 1.5376e+02 1.2734e-04
1.1148e+03 2.9794e+02 1.1921e+03 3.7500e+02 1.2731e-04
1.9913e+02 1.9925e+02 2.1760e+02 2.4982e+02 1.2718e-04
1.1905e+03 1.8670e+02 1.2235e+03 2.2956e+02 1.2712e-04
2.4792e+02 1.0803e+02 5.2253e+02 3.0493e+02 1.2605e-04
9.7472e+02 2.7810e+02 1.0225e+03 3.1077e+02 1.2541e-04
9.9600e+02 1.0894e+02 1.0562e+03 2.4215e+02 1.2524e-04
8.6570e+02 1.3846e+02 9.3982e+02 2.8802e+02 1.2507e-04
1.5984e+02 2.0564e+02 1.7844e+02 2.5403e+02 1.2436e-04
9.5873e+02 2.8902e+02 1.0183e+03 3.1355e+02 1.2405e-04
1.1645e+03 1.8895e+02 1.2016e+03 2.2620e+02 1.2380e-04
1.0838e+03 1.2856e+02 1.2410e+03 1.9935e+02 1.2377e-04
8.9966e+02 1.6040e+02 9.5515e+02 1.8092e+02 1.2374e-04
1.0049e+03 2.9321e+02 1.0775e+03 3.7500e+02 1.2344e-04
9.4094e+02 2.9398e+02 1.0177e+03 3.7500e+02 1.2330e-04
0.0000e+00 2.7256e+02 6.1753e+00 3.3690e+02 1.2318e-04
1.4059e+02 2.1928e+02 1.5592e+02 2.6308e+02 1.2314e-04
1.2021e+02 2.1537e+02 1.5097e+02 2.4534e+02 1.2228e-04
1.1317e+03 1.8433e+02 1.1941e+03 2.0742e+02 1.2224e-04
1.1421e+03 1.8599e+02 1.1629e+03 2.3704e+02 1.2169e-04
5.3832e+02 0.0000e+00 6.9093e+02 1.6979e+02 1.2119e-04
8.3353e+02 1.6082e+02 8.7841e+02 1.8093e+02 1.2093e-04
1.0821e+02 2.3274e+02 1.5424e+02 2.5584e+02 1.2079e-04
1.6302e+02 2.0184e+02 1.8265e+02 2.4972e+02 1.1979e-04
9.2122e+02 2.6750e+02 1.1819e+03 3.7500e+02 1.1971e-04
2.3153e+02 1.5960e+02 2.7725e+02 1.8212e+02 1.1958e-04
9.2936e+02 2.2058e+02 9.8975e+02 3.5329e+02 1.1950e-04
2.0999e+02 2.1098e+02 2.2911e+02 2.6282e+02 1.1881e-04
9.4652e+02 2.5672e+02 9.7449e+02 3.0642e+02 1.1826e-04
7.3067e+02 1.1586e+02 9.0892e+02 1.8434e+02 1.1810e-04
1.1982e+03 1.8655e+02 1.2302e+03 2.3065e+02 1.1589e-04
0.0000e+00 1.4771e+02 8.5667e+01 3.6161e+02 1.1584e-04
1.2061e+03 1.9097e+02 1.2383e+03 2.3516e+02 1.1574e-04
1.1907e+03 1.7869e+02 1.2235e+03 2.2134e+02 1.1535e-04
9.3727e+02 2.8122e+02 1.0047e+03 3.1132e+02 1.1534e-04
8.7410e+02 1.5998e+02 9.3297e+02 1.8097e+02 1.1464e-04
5.0828e+02 0.0000e+00 6.5876e+02 1.7788e+02 1.1351e-04
1.0513e+03 2.9202e+02 1.1285e+03 3.7500e+02 1.1334e-04
1.3969e+02 2.2825e+02 1.6995e+02 2.5772e+02 1.1307e-04
1.4427e+02 2.1434e+02 1.6101e+02 2.6051e+02 1.1282e-04
3.0904e+02 0.0000e+00 3.7230e+02 6.3457e+01 1.1258e-04
0.0000e+00 0.0000e+00 1.9802e+02 3.1296e+02 1.1243e-04
1.2726e+02 1.8682e+02 2.9497e+02 2.5772e+02 1.1221e-04
8.8132e+02 1.9138e+02 8.9750e+02 2.3831e+02 1.1209e-04
1.4954e+02 2.1498e+02 1.9815e+02 2.3945e+02 1.1155e-04
8.1700e+02 1.6059e+02 8.5518e+02 1.8878e+02 1.1154e-04
9.5234e+02 2.7364e+02 1.0141e+03 3.0321e+02 1.1126e-04
0.0000e+00 1.7461e+02 6.9419e+01 2.6966e+02 1.1122e-04
1.0276e+03 1.8198e+02 1.1704e+03 2.6205e+02 1.1121e-04
2.6512e+02 1.8666e+02 2.8202e+02 2.3356e+02 1.1109e-04
0.0000e+00 1.8948e+02 6.6152e+01 2.8468e+02 1.1109e-04
1.0510e+03 2.1766e+02 1.0701e+03 2.7229e+02 1.1108e-04
9.7921e+02 1.5756e+02 9.9920e+02 2.1662e+02 1.1078e-04
9.0129e+01 1.5771e+02 2.6386e+02 2.3033e+02 1.1048e-04
1.9514e+02 2.1949e+02 2.1312e+02 2.6874e+02 1.1034e-04
1.7927e+02 2.1457e+02 2.1234e+02 2.4846e+02 1.0963e-04
1.1512e+02 2.3151e+02 1.4884e+02 2.6123e+02 1.0956e-04
2.5969e+02 1.6765e+02 2.7764e+02 2.1423e+02 1.0935e-04
2.0277e+02 1.9975e+02 2.2104e+02 2.4877e+02 1.0918e-04
8.3606e+02 1.1238e+02 8.9924e+02 2.4929e+02 1.0848e-04
9.3863e+02 1.4476e+02 9.5831e+02 1.8718e+02 1.0845e-04
1.6849e+02 1.9517e+02 2.2029e+02 2.1844e+02 1.0830e-04
0.0000e+00 2.0506e+02 6.5261e+01 3.0249e+02 1.0819e-04
9.4422e+02 2.2653e+02 1.1154e+03 3.0671e+02 1.0781e-04
7.8321e+01 1.7367e+02 2.4911e+02 2.4547e+02 1.0758e-04
1.2041e+03 1.4056e+02 1.2218e+03 2.0729e+02 1.0730e-04
6.6141e+02 1.2144e+02 9.6536e+02 2.7399e+02 1.0724e-04
1.1519e+03 8.2611e+01 1.2259e+03 2.3782e+02 1.0636e-04
0.0000e+00 8.0013e+01 6.2652e+01 1.7229e+02 1.0600e-04
7.8605e+02 1.5093e+02 8.0508e+02 2.0062e+02 1.0598e-04
9.3823e+02 3.2694e+02 1.0697e+03 3.7500e+02 1.0597e-04
8.6777e+02 2.0711e+02 9.2244e+02 2.2949e+02 1.0589e-04
6.1743e+02 1.8894e+02 7.8994e+02 2.6149e+02 1.0560e-04
1.2023e+02 2.2284e+02 1.3849e+02 2.6829e+02 1.0543e-04
1.1498e+03 1.7478e+02 1.1701e+03 2.2528e+02 1.0537e-04
7.7251e+02 1.5970e+02 8.2657e+02 1.8264e+02 1.0510e-04
8.2370e+02 1.5200e+02 8.4189e+02 1.9728e+02 1.0477e-04
2.3575e+02 1.6743e+02 2.8140e+02 1.8927e+02 1.0467e-04
1.1545e+03 1.0993e+02 1.2410e+03 2.1800e+02 1.0457e-04
1.1408e+03 1.9187e+02 1.1838e+03 2.2375e+02 1.0444e-04
8.6007e+02 2.0811e+02 9.1332e+02 2.3031e+02 1.0416e-04
9.6249e+02 1.5241e+02 9.9576e+02 1.8199e+02 1.0373e-04
8.2387e+02 1.8998e+02 8.4108e+02 2.3220e+02 1.0368e-04

