5.7400e+02 1.7425e+02 6.6551e+02 2.5500e+02 9.9969e-01
5.7191e+02 1.7532e+02 6.6902e+02 2.5584e+02 9.9611e-01
5.8744e+02 1.7381e+02 6.6175e+02 2.4143e+02 9.8870e-01
5.8448e+02 1.7427e+02 6.1822e+02 1.9163e+02 9.7907e-01
5.6685e+02 1.7724e+02 6.5368e+02 2.3833e+02 9.6270e-01
5.8296e+02 1.7686e+02 6.2262e+02 1.9817e+02 9.4947e-01
5.9052e+02 1.7397e+02 6.2060e+02 1.8860e+02 9.4332e-01
5.8860e+02 1.7324e+02 6.2395e+02 1.9206e+02 9.3612e-01
5.8581e+02 1.6823e+02 6.4874e+02 2.6310e+02 9.3211e-01
6.0423e+02 1.7316e+02 6.6471e+02 2.3203e+02 9.1221e-01
5.8176e+02 1.7103e+02 6.4734e+02 2.3175e+02 8.8815e-01
5.9594e+02 1.6559e+02 6.5760e+02 2.5858e+02 8.6452e-01
6.0602e+02 1.7635e+02 6.7458e+02 2.2399e+02 8.2017e-01
5.8868e+02 1.5825e+02 6.4926e+02 2.6757e+02 8.0787e-01
5.8474e+02 1.7618e+02 6.1220e+02 1.9713e+02 7.9672e-01
5.8630e+02 1.7563e+02 6.3051e+02 2.0025e+02 7.8437e-01
5.9734e+02 1.7243e+02 6.2467e+02 1.9499e+02 7.2897e-01
5.7368e+02 1.7360e+02 6.4369e+02 2.1926e+02 6.7605e-01
6.3626e+02 1.7784e+02 6.8468e+02 2.0246e+02 6.6679e-01
5.8860e+02 1.7417e+02 6.5539e+02 2.1862e+02 6.6622e-01
5.9087e+02 1.7384e+02 6.2465e+02 2.0181e+02 6.6082e-01
8.1742e+02 1.5757e+02 8.3905e+02 2.2099e+02 6.5253e-01
6.1219e+02 1.6873e+02 6.5915e+02 2.5380e+02 6.2054e-01
8.1487e+02 1.5734e+02 8.3364e+02 2.1932e+02 6.1845e-01
5.8316e+02 1.7440e+02 6.1026e+02 1.8988e+02 5.9700e-01
6.1752e+02 1.7611e+02 6.8152e+02 2.1794e+02 5.8600e-01
5.9843e+02 1.7378e+02 6.3163e+02 1.9204e+02 5.6479e-01
6.2289e+02 1.7527e+02 6.8240e+02 2.0891e+02 4.9621e-01
6.1933e+02 1.6618e+02 6.5701e+02 2.4336e+02 4.7892e-01
5.8077e+02 1.8161e+02 6.4075e+02 2.6794e+02 4.5573e-01
5.7892e+02 1.7414e+02 6.0606e+02 1.9197e+02 4.5065e-01
5.9655e+02 1.7633e+02 6.3744e+02 1.9958e+02 4.2752e-01
5.7925e+02 1.7731e+02 6.2950e+02 2.0592e+02 4.1735e-01
5.7802e+02 1.6904e+02 6.3436e+02 2.5767e+02 3.8704e-01
6.0162e+02 1.7525e+02 6.3146e+02 2.0142e+02 3.8617e-01
5.6153e+02 1.7299e+02 6.7867e+02 2.3769e+02 3.7857e-01
6.1351e+02 1.7586e+02 6.7307e+02 2.1150e+02 3.7629e-01
1.6418e+01 1.1995e+02 3.9206e+02 3.3504e+02 3.7045e-01
6.4006e+02 1.7587e+02 6.7864e+02 2.0559e+02 3.6443e-01
8.1353e+02 1.6115e+02 8.3030e+02 2.1362e+02 3.6215e-01
6.0135e+02 1.7509e+02 6.6522e+02 2.1590e+02 3.5416e-01
5.7713e+02 1.7687e+02 6.0730e+02 1.9602e+02 3.1701e-01
8.2013e+02 1.5684e+02 8.4393e+02 2.2390e+02 2.8928e-01
5.8596e+02 1.7293e+02 6.1453e+02 1.8738e+02 2.8283e-01
6.0199e+02 1.7475e+02 6.2603e+02 1.9265e+02 2.7668e-01
6.2615e+02 1.6785e+02 6.4717e+02 2.2659e+02 2.7199e-01
5.9330e+02 1.6430e+02 6.4148e+02 2.4658e+02 2.6543e-01
6.4768e+02 1.7376e+02 6.8011e+02 2.0374e+02 2.5007e-01
6.0544e+02 1.7436e+02 6.3061e+02 1.9514e+02 2.4215e-01
5.8468e+02 1.7489e+02 6.2247e+02 2.0716e+02 2.3907e-01
0.0000e+00 1.4589e+02 3.5361e+02 3.6115e+02 2.3838e-01
6.0265e+02 1.7495e+02 6.3224e+02 1.8931e+02 2.3035e-01
6.0474e+02 1.6547e+02 6.1962e+02 1.9999e+02 2.1982e-01
6.0309e+02 1.6469e+02 6.4593e+02 2.4243e+02 2.1690e-01
6.2926e+02 1.6875e+02 6.5117e+02 2.2468e+02 2.1337e-01
5.9843e+02 1.6184e+02 6.5574e+02 2.7449e+02 2.1244e-01
6.2915e+02 1.6562e+02 6.6377e+02 2.5065e+02 1.9939e-01
5.7201e+02 1.7367e+02 6.3633e+02 2.4212e+02 1.9579e-01
6.2282e+02 1.6832e+02 6.4290e+02 2.2673e+02 1.9343e-01
6.0395e+02 1.6504e+02 6.2110e+02 2.1005e+02 1.9251e-01
3.2528e+02 2.0871e+02 3.6020e+02 2.2471e+02 1.8967e-01
7.6558e+01 1.2858e+02 4.5739e+02 3.6039e+02 1.8783e-01
6.4170e+02 1.7573e+02 6.8674e+02 1.9678e+02 1.8328e-01
6.0858e+02 1.6536e+02 6.2438e+02 2.0902e+02 1.8110e-01
6.5977e+02 1.6618e+02 6.7654e+02 2.0532e+02 1.8059e-01
6.0009e+02 1.6572e+02 6.1564e+02 1.9994e+02 1.7872e-01
5.5884e+02 1.8797e+02 6.7779e+02 2.6118e+02 1.7850e-01
6.0466e+02 1.7733e+02 6.4329e+02 1.9990e+02 1.7738e-01
6.0596e+02 1.7489e+02 6.3926e+02 1.9263e+02 1.6458e-01
3.2511e+02 2.1176e+02 3.6047e+02 2.2827e+02 1.6412e-01
3.3442e+02 2.1234e+02 3.4582e+02 2.4591e+02 1.6211e-01
3.2489e+02 2.1542e+02 3.6035e+02 2.3245e+02 1.5830e-01
6.4664e+02 1.7767e+02 6.8736e+02 2.0037e+02 1.5477e-01
6.1245e+02 1.6670e+02 6.5136e+02 2.4043e+02 1.5160e-01
5.8026e+02 1.7424e+02 6.3136e+02 2.0969e+02 1.5036e-01
6.2045e+02 1.7622e+02 6.5339e+02 2.0929e+02 1.4864e-01
3.2450e+02 2.1934e+02 3.6080e+02 2.3652e+02 1.4804e-01
3.2509e+02 2.0488e+02 3.6119e+02 2.2163e+02 1.4625e-01
5.7346e+02 1.9292e+02 6.6101e+02 2.6058e+02 1.4605e-01
5.9552e+02 1.7189e+02 6.2468e+02 1.8746e+02 1.4476e-01
3.2443e+02 2.2336e+02 3.6059e+02 2.4095e+02 1.4394e-01
6.5834e+02 1.6538e+02 6.7286e+02 2.0643e+02 1.4259e-01
5.7436e+02 1.7324e+02 6.2932e+02 2.2911e+02 1.4190e-01
3.2525e+02 2.2746e+02 3.6046e+02 2.4478e+02 1.4185e-01
3.3771e+02 2.1218e+02 3.4963e+02 2.4666e+02 1.4154e-01
5.8714e+02 1.7556e+02 6.3958e+02 2.1177e+02 1.3879e-01
5.9895e+02 1.6527e+02 6.1742e+02 2.0915e+02 1.3806e-01
6.0707e+02 1.7985e+02 6.6976e+02 2.4548e+02 1.3500e-01
3.2939e+02 2.1745e+02 3.5121e+02 2.3892e+02 1.3462e-01
5.7405e+02 1.7501e+02 6.0047e+02 1.9241e+02 1.3377e-01
5.8144e+02 1.7254e+02 6.3465e+02 2.0158e+02 1.3352e-01
3.2493e+02 2.3173e+02 3.6100e+02 2.4846e+02 1.3330e-01
5.9613e+02 1.6661e+02 6.1208e+02 1.9775e+02 1.3212e-01
3.2934e+02 2.2147e+02 3.5128e+02 2.4327e+02 1.3031e-01
3.2948e+02 2.1415e+02 3.5109e+02 2.3462e+02 1.2742e-01
3.2998e+02 2.1198e+02 3.4272e+02 2.4610e+02 1.2691e-01
2.8550e+02 2.1811e+02 3.7906e+02 2.4829e+02 1.2671e-01
3.2934e+02 2.2574e+02 3.5125e+02 2.4684e+02 1.2663e-01
5.9037e+02 1.7533e+02 6.3043e+02 2.0967e+02 1.2440e-01
3.3405e+02 2.1998e+02 3.4578e+02 2.5328e+02 1.2296e-01
5.9222e+02 1.6788e+02 6.0908e+02 2.0606e+02 1.2157e-01
5.9531e+02 1.6695e+02 6.1319e+02 2.0673e+02 1.2043e-01
6.5403e+02 1.7342e+02 6.7973e+02 1.9871e+02 1.1891e-01
5.9351e+02 1.6815e+02 6.0856e+02 1.9776e+02 1.1756e-01
3.2977e+02 2.1990e+02 3.4241e+02 2.5303e+02 1.1221e-01
3.2969e+02 2.0815e+02 3.5036e+02 2.2661e+02 1.1176e-01
3.2880e+02 2.2993e+02 3.5181e+02 2.5065e+02 1.0908e-01
3.2507e+02 2.1753e+02 3.4782e+02 2.3936e+02 1.0770e-01
6.1166e+02 1.6569e+02 6.2838e+02 2.1780e+02 1.0742e-01
0.0000e+00 9.6211e+01 5.5289e+02 3.7500e+02 1.0433e-01
6.0978e+02 1.7674e+02 6.3832e+02 2.0112e+02 1.0271e-01
5.9752e+02 1.7357e+02 6.2179e+02 1.9104e+02 1.0045e-01
3.2979e+02 2.1132e+02 3.5073e+02 2.3050e+02 9.8393e-02
5.8932e+02 1.7031e+02 6.0448e+02 2.0552e+02 9.7631e-02
3.1180e+02 2.3169e+02 3.4890e+02 2.4920e+02 9.6048e-02
3.3377e+02 2.1397e+02 3.5476e+02 2.3444e+02 9.4626e-02
3.1177e+02 2.2389e+02 3.4880e+02 2.4140e+02 9.4587e-02
3.1589e+02 2.1627e+02 3.5333e+02 2.3312e+02 9.4328e-02
3.1178e+02 2.2769e+02 3.4827e+02 2.4530e+02 9.4287e-02
3.2494e+02 2.1428e+02 3.4762e+02 2.3494e+02 9.3807e-02
3.1589e+02 2.1233e+02 3.5454e+02 2.2861e+02 9.2675e-02
3.1555e+02 2.0894e+02 3.5411e+02 2.2509e+02 9.2580e-02
3.2091e+02 2.2570e+02 3.4414e+02 2.4696e+02 9.1276e-02
3.1615e+02 2.2007e+02 3.5352e+02 2.3714e+02 9.0251e-02
3.2074e+02 2.2181e+02 3.4445e+02 2.4353e+02 8.9153e-02
5.7281e+02 1.7762e+02 6.0130e+02 1.9680e+02 8.8352e-02
6.3302e+02 1.6546e+02 6.6189e+02 2.3625e+02 8.8084e-02
3.3847e+02 2.0807e+02 3.4913e+02 2.3883e+02 8.6961e-02
3.3527e+02 2.0815e+02 3.4522e+02 2.3765e+02 8.6926e-02
3.2107e+02 2.2936e+02 3.4451e+02 2.5066e+02 8.5928e-02
3.3341e+02 2.1722e+02 3.5476e+02 2.3874e+02 8.5018e-02
2.8363e+02 2.0974e+02 3.7806e+02 2.4163e+02 8.4849e-02
3.2540e+02 2.0813e+02 3.4723e+02 2.2646e+02 8.4613e-02
3.2958e+02 2.0458e+02 3.5067e+02 2.2344e+02 8.2480e-02
8.1428e+02 1.4950e+02 8.5114e+02 2.3488e+02 8.2402e-02
3.3352e+02 2.2486e+02 3.4664e+02 2.5763e+02 8.1464e-02
3.3404e+02 2.0792e+02 3.5388e+02 2.2691e+02 8.0721e-02
3.2517e+02 2.2444e+02 3.3909e+02 2.5796e+02 7.7716e-02
6.1555e+02 1.6625e+02 6.3237e+02 2.1865e+02 7.5942e-02
2.8669e+02 2.2546e+02 3.7849e+02 2.5453e+02 7.5870e-02
5.8699e+02 1.6841e+02 6.0657e+02 2.2007e+02 7.4972e-02
3.2564e+02 2.1255e+02 3.3922e+02 2.4619e+02 7.4797e-02
3.3415e+02 2.1115e+02 3.5428e+02 2.3067e+02 7.3555e-02
3.1336e+02 2.2635e+02 3.3683e+02 2.4753e+02 7.1180e-02
5.8054e+02 1.7167e+02 6.0831e+02 1.8750e+02 7.0341e-02
3.2415e+02 2.3600e+02 3.6065e+02 2.5200e+02 6.9877e-02
1.3213e+02 1.2450e+02 5.1400e+02 3.2548e+02 6.9843e-02
3.3098e+02 2.0721e+02 3.4203e+02 2.3704e+02 6.9125e-02
6.2357e+02 1.7790e+02 6.5007e+02 2.0193e+02 6.8612e-02
3.1667e+02 2.1807e+02 3.4121e+02 2.3944e+02 6.8583e-02
3.2491e+02 2.0087e+02 3.6190e+02 2.1815e+02 6.8287e-02
3.1561e+02 2.0532e+02 3.5404e+02 2.2205e+02 6.7221e-02
6.0966e+02 1.7489e+02 6.3479e+02 1.9490e+02 6.6145e-02
3.1652e+02 2.2053e+02 3.3095e+02 2.5346e+02 6.5575e-02
3.3758e+02 2.1935e+02 3.5025e+02 2.5414e+02 6.5459e-02
3.1346e+02 2.2240e+02 3.3721e+02 2.4396e+02 6.5048e-02
5.9023e+02 1.6918e+02 6.0399e+02 1.9759e+02 6.5005e-02
3.1331e+02 2.3010e+02 3.3667e+02 2.5135e+02 6.4679e-02
3.2519e+02 2.0480e+02 3.4751e+02 2.2352e+02 6.4292e-02
6.1240e+02 1.6648e+02 6.2606e+02 2.0067e+02 6.3053e-02
3.3791e+02 2.0078e+02 3.4838e+02 2.3214e+02 6.2690e-02
3.2927e+02 2.2858e+02 3.4312e+02 2.6105e+02 6.2637e-02
7.6924e+02 1.6227e+02 7.8153e+02 2.0256e+02 6.2420e-02
3.3335e+02 2.2125e+02 3.5525e+02 2.4304e+02 6.2336e-02
3.3493e+02 2.0117e+02 3.4466e+02 2.3069e+02 6.2300e-02
6.4741e+02 1.6857e+02 6.6615e+02 2.1174e+02 6.2262e-02
3.2107e+02 2.3371e+02 3.4413e+02 2.5484e+02 6.2024e-02
3.2516e+02 2.3426e+02 3.4786e+02 2.5476e+02 6.1739e-02
6.5244e+02 1.6760e+02 6.6807e+02 2.0771e+02 6.1536e-02
3.3386e+02 2.0424e+02 3.5420e+02 2.2360e+02 6.1379e-02
3.1182e+02 2.3558e+02 3.4866e+02 2.5289e+02 6.0866e-02
6.1432e+02 1.7777e+02 6.4228e+02 2.0187e+02 6.0618e-02
3.2113e+02 2.2072e+02 3.3498e+02 2.5361e+02 5.9608e-02
5.7478e+02 1.7261e+02 6.0196e+02 1.8973e+02 5.9246e-02
6.3177e+02 1.7700e+02 6.7099e+02 1.9986e+02 5.8453e-02
3.2078e+02 2.2851e+02 3.3532e+02 2.6165e+02 5.6378e-02
3.0412e+02 2.2746e+02 3.4039e+02 2.4495e+02 5.5070e-02
3.0366e+02 2.3128e+02 3.3966e+02 2.4863e+02 5.4900e-02
5.8799e+02 1.7756e+02 6.3967e+02 2.0742e+02 5.4737e-02
6.2029e+02 1.7817e+02 6.5562e+02 2.0005e+02 5.4149e-02
3.3332e+02 2.2556e+02 3.5544e+02 2.4659e+02 5.3487e-02
2.7489e+02 2.1654e+02 3.6154e+02 2.4945e+02 5.3305e-02
5.8083e+02 1.5356e+02 6.3606e+02 2.6488e+02 5.3024e-02
6.2021e+02 1.6664e+02 6.3609e+02 2.1835e+02 5.1455e-02
3.1626e+02 2.2790e+02 3.3081e+02 2.6137e+02 5.1276e-02
3.1659e+02 2.1284e+02 3.3122e+02 2.4623e+02 5.1174e-02
5.9841e+02 1.7458e+02 6.3742e+02 2.0946e+02 5.1013e-02
3.2112e+02 2.1318e+02 3.3550e+02 2.4626e+02 5.0966e-02
8.1260e+02 1.6280e+02 8.3855e+02 2.0315e+02 5.0034e-02
3.4088e+02 2.1149e+02 3.5434e+02 2.4730e+02 4.9919e-02
3.4180e+02 2.0390e+02 3.5293e+02 2.3521e+02 4.9386e-02
3.1644e+02 2.1474e+02 3.4100e+02 2.3506e+02 4.8853e-02
3.0376e+02 2.2356e+02 3.4065e+02 2.4112e+02 4.8825e-02
6.0125e+02 1.6803e+02 6.1467e+02 1.9425e+02 4.8217e-02
3.0928e+02 2.2646e+02 3.3222e+02 2.4768e+02 4.7478e-02
5.7456e+02 1.7015e+02 6.1725e+02 2.5668e+02 4.6956e-02
2.7074e+02 2.0815e+02 3.6040e+02 2.4227e+02 4.6470e-02
3.0795e+02 2.1643e+02 3.4568e+02 2.3325e+02 4.6252e-02
3.1311e+02 2.3382e+02 3.3622e+02 2.5529e+02 4.6220e-02
5.9103e+02 1.6720e+02 6.0963e+02 2.1813e+02 4.6023e-02
3.2551e+02 2.4014e+02 3.5878e+02 2.5506e+02 4.5739e-02
5.9625e+02 1.7296e+02 6.5109e+02 2.0261e+02 4.5465e-02
3.0861e+02 2.2030e+02 3.4563e+02 2.3722e+02 4.5306e-02
3.2094e+02 2.1128e+02 3.4476e+02 2.3061e+02 4.5056e-02
3.3055e+02 2.0055e+02 3.4109e+02 2.3030e+02 4.4922e-02
3.2052e+02 2.0777e+02 3.4433e+02 2.2676e+02 4.4807e-02
3.0914e+02 2.3008e+02 3.3186e+02 2.5137e+02 4.4011e-02
6.3509e+02 1.7008e+02 6.5222e+02 2.2007e+02 4.3022e-02
7.6654e+02 1.6137e+02 7.7874e+02 2.0376e+02 4.2826e-02
5.7052e+02 1.8648e+02 6.5624e+02 2.4899e+02 4.2812e-02
3.7614e+01 1.6650e+02 4.0169e+02 3.7500e+02 4.2731e-02
6.0684e+02 1.6726e+02 6.2584e+02 2.2276e+02 4.1973e-02
6.1636e+02 1.7809e+02 6.6002e+02 2.0637e+02 4.1715e-02
3.0775e+02 2.1258e+02 3.4649e+02 2.2858e+02 4.1387e-02
0.0000e+00 1.3597e+02 2.6686e+02 3.3470e+02 4.1089e-02
6.0560e+02 1.6852e+02 6.1821e+02 1.9449e+02 4.1043e-02
2.7892e+02 2.0128e+02 3.8263e+02 2.3375e+02 4.0994e-02
6.2803e+02 1.7039e+02 6.9310e+02 2.0285e+02 4.0529e-02
3.1739e+02 2.4011e+02 3.5154e+02 2.5564e+02 4.0226e-02
3.0954e+02 2.2248e+02 3.3266e+02 2.4418e+02 4.0159e-02
5.3079e+01 1.0379e+02 4.6912e+02 3.0974e+02 4.0002e-02
3.1218e+02 2.2062e+02 3.2564e+02 2.5422e+02 3.9544e-02
6.5002e+02 1.6923e+02 6.6944e+02 2.1368e+02 3.9308e-02
6.3001e+02 1.7865e+02 6.7307e+02 2.0489e+02 3.9265e-02
6.2983e+02 1.6896e+02 6.4424e+02 2.1112e+02 3.9192e-02
5.8414e+02 1.6612e+02 6.2364e+02 2.4134e+02 3.9163e-02
3.0786e+02 2.0938e+02 3.4623e+02 2.2486e+02 3.8702e-02
2.5403e+02 1.9319e+02 3.5764e+02 2.2836e+02 3.8482e-02
3.0868e+02 2.1942e+02 3.2159e+02 2.5703e+02 3.8007e-02
3.0311e+02 2.3523e+02 3.3923e+02 2.5237e+02 3.7821e-02
6.4261e+02 1.7511e+02 6.7424e+02 2.0054e+02 3.7372e-02
2.5459e+02 1.9907e+02 3.5634e+02 2.3480e+02 3.7368e-02
6.2529e+02 1.6685e+02 6.5554e+02 2.3339e+02 3.6965e-02
3.2127e+02 2.3810e+02 3.4320e+02 2.5693e+02 3.6377e-02
3.2523e+02 2.3868e+02 3.4676e+02 2.5671e+02 3.5949e-02
3.2954e+02 2.0063e+02 3.5042e+02 2.1996e+02 3.4966e-02
6.1131e+02 1.7571e+02 6.4764e+02 2.0971e+02 3.4924e-02
3.2907e+02 2.3871e+02 3.5092e+02 2.5670e+02 3.4651e-02
3.2656e+02 2.0733e+02 3.3832e+02 2.3734e+02 3.4193e-02
6.0589e+02 1.7741e+02 6.5265e+02 2.0644e+02 3.4171e-02
2.7622e+02 2.2459e+02 3.6266e+02 2.5633e+02 3.3567e-02
5.7135e+02 1.7159e+02 6.2275e+02 2.1592e+02 3.3176e-02
3.1739e+02 2.3794e+02 3.3952e+02 2.5683e+02 3.2689e-02
3.0518e+02 2.1861e+02 3.1882e+02 2.5839e+02 3.2630e-02
6.3302e+02 1.7066e+02 6.4791e+02 2.1094e+02 3.2587e-02
6.0269e+02 1.6838e+02 6.2254e+02 2.2304e+02 3.2401e-02
5.5889e+02 1.6369e+02 6.5339e+02 2.4681e+02 3.2202e-02
3.1206e+02 2.2765e+02 3.2543e+02 2.6200e+02 3.0893e-02
5.7938e+02 1.7755e+02 7.0181e+02 2.5713e+02 3.0801e-02
6.6255e+02 1.6783e+02 6.7907e+02 2.0601e+02 3.0445e-02
3.3768e+02 2.0762e+02 3.5776e+02 2.2706e+02 3.0360e-02
6.2609e+02 1.6790e+02 6.4061e+02 2.1163e+02 3.0286e-02
3.0904e+02 2.3365e+02 3.3158e+02 2.5504e+02 2.9832e-02
6.0918e+02 1.6890e+02 6.2207e+02 1.9665e+02 2.9684e-02
3.1605e+02 2.0140e+02 3.5470e+02 2.1840e+02 2.9623e-02
3.0852e+02 2.2655e+02 3.2155e+02 2.6465e+02 2.9563e-02
5.8190e+02 1.7944e+02 6.3507e+02 2.1149e+02 2.9546e-02
3.1228e+02 2.1239e+02 3.2602e+02 2.4730e+02 2.9316e-02
3.2454e+02 1.9711e+02 3.6152e+02 2.1414e+02 2.9011e-02
6.1425e+02 1.7548e+02 6.3951e+02 1.9537e+02 2.8796e-02
3.0760e+02 2.0570e+02 3.4715e+02 2.2176e+02 2.8395e-02
3.2536e+02 2.0101e+02 3.4730e+02 2.2004e+02 2.8310e-02
6.5483e+02 1.6926e+02 6.7888e+02 1.9303e+02 2.8196e-02
3.0910e+02 2.1838e+02 3.3287e+02 2.4048e+02 2.7551e-02
3.2526e+02 2.3148e+02 3.3840e+02 2.6257e+02 2.7042e-02
5.7730e+02 1.7796e+02 6.1907e+02 2.0291e+02 2.6833e-02
2.6736e+02 2.1299e+02 2.8384e+02 2.6442e+02 2.6715e-02
3.0498e+02 2.2551e+02 3.1877e+02 2.6592e+02 2.6689e-02
3.3379e+02 2.0025e+02 3.5428e+02 2.2010e+02 2.6504e-02
3.3753e+02 2.1091e+02 3.5821e+02 2.3068e+02 2.6310e-02
7.7365e+02 1.6316e+02 7.8566e+02 2.0128e+02 2.6260e-02
6.0292e+02 1.5065e+02 6.6668e+02 2.6318e+02 2.5970e-02
0.0000e+00 1.8267e+02 2.8159e+02 3.7500e+02 2.5937e-02
6.3223e+02 1.6778e+02 6.5630e+02 2.2679e+02 2.5455e-02
6.3390e+02 1.7579e+02 6.7740e+02 1.9610e+02 2.4721e-02
5.9464e+02 1.8788e+02 6.4928e+02 2.6759e+02 2.4682e-02
6.3773e+02 1.6713e+02 6.6885e+02 2.4715e+02 2.3526e-02
3.0846e+02 2.1088e+02 3.2187e+02 2.4969e+02 2.3429e-02
2.6805e+02 1.9434e+02 2.8245e+02 2.3905e+02 2.3426e-02
3.2597e+02 2.0051e+02 3.3719e+02 2.3092e+02 2.3189e-02
6.3627e+02 1.7541e+02 6.6003e+02 2.2988e+02 2.3126e-02
2.7756e+02 1.9512e+02 3.8409e+02 2.2686e+02 2.3085e-02
6.1232e+02 1.7485e+02 6.4129e+02 1.8892e+02 2.2989e-02
3.0912e+02 2.3940e+02 3.4349e+02 2.5502e+02 2.2806e-02
0.0000e+00 9.5110e+01 3.5607e+02 3.7500e+02 2.2643e-02
5.6819e+02 1.7488e+02 5.9502e+02 1.9266e+02 2.2626e-02
5.9793e+02 1.6921e+02 6.1888e+02 2.2429e+02 2.2437e-02
3.3764e+02 2.0360e+02 3.5844e+02 2.2377e+02 2.2354e-02
6.1570e+02 1.7536e+02 6.4722e+02 1.9332e+02 2.2333e-02
3.3400e+02 2.3267e+02 3.4615e+02 2.6223e+02 2.2307e-02
3.4139e+02 1.9562e+02 3.5319e+02 2.3001e+02 2.2278e-02
3.0517e+02 2.2521e+02 3.2712e+02 2.4824e+02 2.2116e-02
2.6349e+02 2.0508e+02 2.8042e+02 2.5510e+02 2.1948e-02
6.3666e+02 1.8452e+02 6.5867e+02 2.4288e+02 2.1721e-02
3.1626e+02 2.0501e+02 3.4093e+02 2.2402e+02 2.1540e-02
5.8673e+02 1.7016e+02 5.9922e+02 2.0557e+02 2.1494e-02
6.3775e+02 1.7153e+02 6.5730e+02 2.2164e+02 2.1477e-02
6.1105e+02 1.8317e+02 6.6066e+02 2.6722e+02 2.1252e-02
3.0904e+02 2.1514e+02 3.3293e+02 2.3614e+02 2.1131e-02
5.8204e+02 1.7629e+02 6.1038e+02 2.0438e+02 2.0691e-02
2.3883e+02 1.9351e+02 3.3011e+02 2.2735e+02 2.0637e-02
3.0491e+02 2.1018e+02 3.1904e+02 2.5098e+02 2.0328e-02
6.4942e+02 1.7165e+02 6.8914e+02 1.8989e+02 1.9913e-02
2.9880e+02 2.1515e+02 3.3741e+02 2.3369e+02 1.9866e-02
5.7078e+02 1.7060e+02 6.2711e+02 2.0030e+02 1.9650e-02
2.6434e+02 1.9444e+02 2.7940e+02 2.3813e+02 1.9527e-02
3.3658e+02 2.2799e+02 3.5093e+02 2.6161e+02 1.9104e-02
1.4695e+02 1.0284e+02 5.6334e+02 3.0156e+02 1.9049e-02
8.1481e+02 1.6324e+02 8.4547e+02 2.1027e+02 1.8873e-02
3.3156e+02 2.3438e+02 3.5593e+02 2.5442e+02 1.8860e-02
2.6777e+02 2.0107e+02 2.8315e+02 2.4716e+02 1.8686e-02
6.3685e+02 1.7837e+02 6.7421e+02 2.1067e+02 1.8360e-02
3.2233e+02 2.0827e+02 3.3439e+02 2.3746e+02 1.8345e-02
3.0143e+02 2.1705e+02 3.1572e+02 2.5884e+02 1.8288e-02
2.3902e+02 1.9924e+02 3.2987e+02 2.3483e+02 1.7891e-02
2.7134e+02 2.1485e+02 2.8654e+02 2.6406e+02 1.7686e-02
6.5503e+02 1.7669e+02 6.8212e+02 2.0183e+02 1.7676e-02
2.9864e+02 2.1883e+02 3.3719e+02 2.3777e+02 1.7603e-02
4.8887e+01 6.3360e+01 2.2972e+02 3.7500e+02 1.7593e-02
5.9397e+02 1.6884e+02 6.1480e+02 2.2239e+02 1.7411e-02
5.7601e+02 1.6965e+02 6.0496e+02 1.8669e+02 1.7399e-02
6.0426e+02 1.7704e+02 6.4713e+02 2.1463e+02 1.7165e-02
2.9958e+02 2.1152e+02 3.3805e+02 2.2903e+02 1.6959e-02
2.9189e+02 2.1360e+02 3.0812e+02 2.5560e+02 1.6930e-02
3.3256e+02 2.0837e+02 3.6483e+02 2.2572e+02 1.6858e-02
3.4070e+02 2.1906e+02 3.5507e+02 2.5569e+02 1.6636e-02
3.1363e+02 2.1208e+02 3.3766e+02 2.3132e+02 1.6606e-02
6.2669e+02 1.7638e+02 6.5921e+02 2.0808e+02 1.6560e-02
6.4279e+02 1.7213e+02 6.6284e+02 2.1717e+02 1.6431e-02
2.3082e+02 2.2528e+02 3.1371e+02 2.5977e+02 1.6346e-02
6.1690e+02 1.6690e+02 6.3026e+02 2.0193e+02 1.6302e-02
2.9882e+02 2.0831e+02 3.3767e+02 2.2496e+02 1.6273e-02
6.1327e+02 1.6323e+02 6.3430e+02 2.2750e+02 1.6253e-02
6.4312e+02 1.7987e+02 6.9017e+02 2.0716e+02 1.6223e-02
2.9653e+02 2.1336e+02 3.1174e+02 2.5492e+02 1.6097e-02
3.2071e+02 2.0087e+02 3.4400e+02 2.2007e+02 1.6082e-02
3.3236e+02 2.1181e+02 3.6573e+02 2.2911e+02 1.5979e-02
3.0472e+02 2.3240e+02 3.2695e+02 2.5579e+02 1.5938e-02
3.2419e+02 1.9291e+02 3.6173e+02 2.0923e+02 1.5367e-02
2.8806e+02 2.1307e+02 3.0451e+02 2.5669e+02 1.5333e-02
2.6398e+02 2.1287e+02 2.7991e+02 2.6265e+02 1.5243e-02
2.9992e+02 2.1148e+02 3.5790e+02 2.5465e+02 1.5183e-02
2.0908e+01 5.3308e+01 1.8591e+02 3.7500e+02 1.5165e-02
3.3086e+02 2.1533e+02 3.6570e+02 2.3342e+02 1.5109e-02
5.8460e+02 1.6743e+02 6.0071e+02 2.1969e+02 1.5068e-02
6.5490e+02 1.7064e+02 6.7328e+02 2.1372e+02 1.5011e-02
3.0139e+02 2.2365e+02 3.1601e+02 2.6676e+02 1.4886e-02
2.5404e+02 2.0691e+02 3.4552e+02 2.4152e+02 1.4614e-02
3.1551e+02 1.9744e+02 3.5459e+02 2.1385e+02 1.4610e-02
5.8989e+02 1.7056e+02 6.1584e+02 1.8690e+02 1.4551e-02
5.8767e+02 1.6895e+02 5.9891e+02 1.9798e+02 1.4464e-02
6.6361e+02 1.7363e+02 6.8096e+02 2.1105e+02 1.4432e-02
5.6788e+02 1.7742e+02 5.9598e+02 1.9688e+02 1.4394e-02
3.1345e+02 2.0867e+02 3.3720e+02 2.2743e+02 1.3874e-02
3.1792e+02 2.0773e+02 3.3029e+02 2.3734e+02 1.3866e-02
7.6579e+02 1.5298e+02 7.7958e+02 1.9677e+02 1.3832e-02
2.9171e+02 2.2085e+02 3.0837e+02 2.6325e+02 1.3590e-02
7.6924e+02 1.5354e+02 7.8233e+02 1.9657e+02 1.3498e-02
6.5913e+02 1.5699e+02 6.7445e+02 2.0066e+02 1.3353e-02
2.7616e+02 2.0772e+02 3.2039e+02 2.2559e+02 1.3296e-02
8.1249e+02 1.5389e+02 8.4320e+02 2.3228e+02 1.3275e-02
7.6603e+02 1.7245e+02 7.8508e+02 1.9770e+02 1.3219e-02
2.9656e+02 2.2086e+02 3.1178e+02 2.6256e+02 1.3201e-02
6.3735e+02 1.6460e+02 6.6167e+02 2.2350e+02 1.3102e-02
3.0732e+02 2.0178e+02 3.4743e+02 2.1797e+02 1.3073e-02
9.5610e+00 2.3181e+02 2.2894e+02 3.2172e+02 1.3053e-02
3.0135e+02 2.2421e+02 3.2348e+02 2.4891e+02 1.2787e-02
7.5685e+01 2.4662e+02 1.9557e+02 2.8766e+02 1.2720e-02
6.2535e+02 1.7318e+02 6.6371e+02 2.6723e+02 1.2697e-02
6.1752e+02 1.6328e+02 6.3842e+02 2.2789e+02 1.2597e-02
2.7553e+02 2.1413e+02 3.2006e+02 2.3389e+02 1.2584e-02
3.0439e+02 2.1706e+02 3.2772e+02 2.4102e+02 1.2544e-02
6.3395e+02 1.7724e+02 6.6625e+02 2.0637e+02 1.2451e-02
2.7668e+02 2.1094e+02 3.2085e+02 2.2951e+02 1.2448e-02
2.8438e+02 2.1243e+02 2.9995e+02 2.5736e+02 1.2406e-02
5.9159e+02 1.6372e+02 6.2661e+02 2.2674e+02 1.2395e-02
2.1996e+02 2.1665e+02 3.0698e+02 2.5118e+02 1.2272e-02
6.2524e+02 1.7751e+02 6.9357e+02 2.1453e+02 1.2199e-02
3.3216e+02 2.0429e+02 3.6632e+02 2.2230e+02 1.2144e-02
6.4862e+02 1.7762e+02 6.8462e+02 2.0886e+02 1.2099e-02
3.0087e+02 2.0922e+02 3.1609e+02 2.5146e+02 1.2085e-02
3.3747e+02 1.9978e+02 3.5860e+02 2.2004e+02 1.1980e-02
2.8793e+02 2.2051e+02 3.0473e+02 2.6449e+02 1.1852e-02
2.7223e+02 2.0332e+02 3.1764e+02 2.2205e+02 1.1837e-02
2.2372e+02 2.0833e+02 3.0815e+02 2.4294e+02 1.1799e-02
3.2190e+02 2.0050e+02 3.3368e+02 2.3133e+02 1.1745e-02
2.9673e+02 2.2991e+02 3.3231e+02 2.4994e+02 1.1733e-02
5.8903e+02 1.6879e+02 6.1919e+02 1.8277e+02 1.1683e-02
5.9849e+02 1.6624e+02 6.3412e+02 2.2646e+02 1.1682e-02
2.7574e+02 2.1409e+02 2.9069e+02 2.6471e+02 1.1561e-02
2.9648e+02 2.2591e+02 3.3293e+02 2.4591e+02 1.1558e-02
3.0843e+02 2.0399e+02 3.6532e+02 2.4816e+02 1.1292e-02
2.3648e+02 2.0721e+02 3.2813e+02 2.4259e+02 1.1232e-02
6.1328e+02 1.7380e+02 6.7117e+02 2.0298e+02 1.1164e-02
2.9564e+02 2.2202e+02 3.3277e+02 2.4205e+02 1.1158e-02
3.3459e+02 1.9329e+02 3.4446e+02 2.2450e+02 1.0940e-02
2.5563e+02 2.1589e+02 3.4320e+02 2.5001e+02 1.0896e-02
6.3197e+02 1.7796e+02 6.5698e+02 2.3994e+02 1.0827e-02
3.0540e+02 2.0406e+02 3.1842e+02 2.3997e+02 1.0817e-02
3.0927e+02 2.1196e+02 3.3302e+02 2.3160e+02 1.0809e-02
7.7745e+02 1.6202e+02 7.9049e+02 2.0131e+02 1.0804e-02
3.1641e+02 2.0127e+02 3.4045e+02 2.2018e+02 1.0784e-02
5.6842e+02 1.7193e+02 5.9635e+02 1.8904e+02 1.0717e-02
2.5403e+02 1.8628e+02 3.5385e+02 2.2008e+02 1.0688e-02
3.1538e+02 1.9310e+02 3.5406e+02 2.0880e+02 1.0608e-02
3.2958e+02 1.9706e+02 3.5025e+02 2.1596e+02 1.0558e-02
2.7329e+02 1.9947e+02 3.1792e+02 2.1828e+02 1.0519e-02
6.0954e+02 1.6319e+02 6.3049e+02 2.2716e+02 1.0331e-02
3.3811e+02 1.9269e+02 3.4847e+02 2.2540e+02 1.0329e-02
0.0000e+00 1.8021e+02 1.4638e+01 2.9140e+02 1.0302e-02
2.7163e+02 1.9294e+02 2.8509e+02 2.3914e+02 1.0248e-02
6.5871e+02 1.7118e+02 6.7832e+02 2.1440e+02 1.0172e-02
2.9822e+02 2.0426e+02 3.3873e+02 2.2124e+02 1.0096e-02
1.8783e+02 2.0503e+02 2.9699e+02 2.4288e+02 9.8775e-03
2.9175e+02 2.0663e+02 3.0853e+02 2.4623e+02 9.8766e-03
6.4526e+02 1.7172e+02 6.6716e+02 2.1858e+02 9.8315e-03
3.0105e+02 2.3125e+02 3.2333e+02 2.5665e+02 9.6256e-03
8.1756e+02 1.6605e+02 8.4215e+02 2.2963e+02 9.6116e-03
2.8057e+02 2.1508e+02 2.9529e+02 2.6212e+02 9.5934e-03
6.0276e+02 1.7702e+02 6.5451e+02 2.1141e+02 9.5908e-03
6.4031e+02 1.7638e+02 6.6245e+02 2.2613e+02 9.5812e-03
2.8407e+02 2.2007e+02 3.0000e+02 2.6534e+02 9.5600e-03
3.2502e+02 1.9716e+02 3.4691e+02 2.1569e+02 9.3660e-03
2.9606e+02 2.3367e+02 3.3236e+02 2.5379e+02 9.2373e-03
3.3018e+02 1.9311e+02 3.4076e+02 2.2368e+02 9.1753e-03
3.3019e+02 2.1911e+02 3.6620e+02 2.3773e+02 9.1570e-03
2.9644e+02 2.0631e+02 3.1206e+02 2.4551e+02 9.0561e-03
2.3162e+02 2.3039e+02 3.1636e+02 2.6746e+02 8.9925e-03
6.2774e+02 1.7642e+02 6.5295e+02 2.3859e+02 8.9688e-03
6.5517e+02 1.6050e+02 6.7007e+02 2.0494e+02 8.8670e-03
6.3279e+02 1.6717e+02 6.8639e+02 2.0807e+02 8.8644e-03
1.8916e+02 2.2412e+02 2.9418e+02 2.5917e+02 8.8598e-03
2.8627e+02 2.3062e+02 3.7948e+02 2.6152e+02 8.7569e-03
2.5975e+02 1.9472e+02 2.7506e+02 2.3881e+02 8.7504e-03
2.8859e+02 2.1418e+02 3.2960e+02 2.3433e+02 8.7315e-03
3.1340e+02 2.0697e+02 3.2533e+02 2.3761e+02 8.6838e-03
3.0887e+02 2.0873e+02 3.3224e+02 2.2757e+02 8.6758e-03
3.0922e+02 2.0508e+02 3.2136e+02 2.3936e+02 8.6390e-03
2.8820e+02 2.0619e+02 3.0491e+02 2.4657e+02 8.6370e-03
2.9611e+02 2.2278e+02 3.1997e+02 2.4917e+02 8.5852e-03
1.8895e+02 1.9848e+02 2.9436e+02 2.3511e+02 8.5730e-03
6.2308e+02 1.7599e+02 6.4862e+02 1.9552e+02 8.5623e-03
5.9692e+02 1.7964e+02 6.5184e+02 2.1109e+02 8.5617e-03
2.5090e+02 2.2424e+02 3.3242e+02 2.5733e+02 8.5317e-03
2.8455e+02 1.9475e+02 3.0015e+02 2.3451e+02 8.4939e-03
2.8433e+02 2.0530e+02 3.0081e+02 2.4729e+02 8.4897e-03
6.2181e+02 1.6727e+02 6.3485e+02 2.0353e+02 8.4711e-03
3.3421e+02 1.9671e+02 3.5465e+02 2.1585e+02 8.4375e-03
3.3216e+02 2.0042e+02 3.6717e+02 2.1892e+02 8.3282e-03
2.8420e+02 2.2531e+02 3.2376e+02 2.4573e+02 8.1298e-03
8.2169e+02 1.5601e+02 8.4038e+02 2.1174e+02 8.0613e-03
2.8434e+02 2.2149e+02 3.2385e+02 2.4159e+02 8.0473e-03
3.0046e+02 2.1612e+02 3.2397e+02 2.4161e+02 8.0047e-03
3.4500e+02 1.9727e+02 3.5810e+02 2.3569e+02 7.9846e-03
2.9079e+02 2.1892e+02 3.1596e+02 2.4493e+02 7.9761e-03
2.9967e+02 2.3805e+02 3.3561e+02 2.5602e+02 7.9447e-03
6.0824e+02 1.6451e+02 6.3996e+02 2.2636e+02 7.9195e-03
2.7160e+02 2.0377e+02 2.8612e+02 2.5126e+02 7.8300e-03
2.8882e+02 1.9958e+02 3.0405e+02 2.3540e+02 7.8061e-03
2.3714e+02 2.1675e+02 3.2593e+02 2.5131e+02 7.7827e-03
2.9231e+02 2.0051e+02 3.0725e+02 2.3513e+02 7.7404e-03
2.6493e+02 1.8743e+02 2.7939e+02 2.2862e+02 7.6894e-03
3.0961e+02 2.1963e+02 3.6381e+02 2.6025e+02 7.6580e-03
0.0000e+00 0.0000e+00 1.5479e+02 3.7500e+02 7.5872e-03
2.8638e+02 2.2292e+02 3.1253e+02 2.4922e+02 7.5773e-03
3.1787e+02 2.0038e+02 3.2977e+02 2.3074e+02 7.5651e-03
3.0518e+02 1.9797e+02 3.1804e+02 2.3304e+02 7.5570e-03
2.8894e+02 2.0744e+02 3.3033e+02 2.2541e+02 7.5098e-03
2.6849e+02 1.8741e+02 2.8253e+02 2.3049e+02 7.4637e-03
1.1396e+01 2.0980e+02 3.6132e+02 3.7500e+02 7.4458e-03
2.8851e+02 2.1763e+02 3.2907e+02 2.3831e+02 7.3489e-03
3.0702e+02 1.9766e+02 3.4735e+02 2.1357e+02 7.3195e-03
2.7991e+02 2.2146e+02 2.9565e+02 2.7000e+02 7.2797e-03
5.8866e+02 1.2631e+02 6.6361e+02 2.5953e+02 7.2495e-03
2.8020e+02 2.0689e+02 2.9570e+02 2.5399e+02 7.2446e-03
3.0180e+02 1.9991e+02 3.1489e+02 2.3589e+02 7.2253e-03
2.7578e+02 2.2565e+02 3.1848e+02 2.4615e+02 7.1979e-03
7.7346e+02 1.5449e+02 7.8610e+02 1.9524e+02 7.1945e-03
6.0208e+02 1.7190e+02 6.3248e+02 1.8707e+02 7.1691e-03
5.9222e+02 1.6447e+02 6.5671e+02 3.0218e+02 7.1546e-03
6.3627e+02 1.6885e+02 6.5010e+02 2.1198e+02 7.1433e-03
2.8919e+02 2.1073e+02 3.3066e+02 2.2953e+02 7.1238e-03
2.8277e+02 2.1896e+02 3.0961e+02 2.4542e+02 7.0887e-03
2.8407e+02 2.2905e+02 3.2391e+02 2.4990e+02 7.0247e-03
3.2583e+02 1.9307e+02 3.3694e+02 2.2333e+02 6.9989e-03
2.7510e+02 2.1767e+02 3.1922e+02 2.3801e+02 6.9859e-03
5.6425e+02 1.7453e+02 5.8865e+02 1.9488e+02 6.7717e-03
6.3377e+02 1.7256e+02 6.8397e+02 2.1707e+02 6.7525e-03
0.0000e+00 2.7697e+02 3.0050e+01 3.7500e+02 6.7276e-03
6.2618e+02 1.7506e+02 6.7683e+02 2.2899e+02 6.7259e-03
2.2348e+02 2.0034e+02 3.1224e+02 2.3468e+02 6.6804e-03
1.0578e+02 5.5080e+01 2.8931e+02 3.7500e+02 6.6688e-03
8.1165e+02 1.5948e+02 8.2757e+02 2.1016e+02 6.6265e-03
2.9702e+02 2.0024e+02 3.1076e+02 2.3541e+02 6.5967e-03
2.8214e+02 2.1108e+02 3.1090e+02 2.3739e+02 6.5345e-03
3.0901e+02 2.0512e+02 3.3257e+02 2.2389e+02 6.4798e-03
2.7593e+02 2.2171e+02 3.1855e+02 2.4195e+02 6.4749e-03
2.9054e+02 2.2648e+02 3.1597e+02 2.5314e+02 6.3233e-03
3.2130e+02 2.3403e+02 3.3494e+02 2.6698e+02 6.3201e-03
1.8982e+02 2.1390e+02 2.9530e+02 2.5112e+02 6.2956e-03
2.8598e+02 2.1459e+02 3.1333e+02 2.4144e+02 6.2538e-03
2.7984e+02 1.9357e+02 2.9577e+02 2.3737e+02 6.1935e-03
3.0446e+02 2.1036e+02 3.2815e+02 2.3219e+02 6.1776e-03
0.0000e+00 1.7805e+02 5.7722e+01 3.7500e+02 6.1536e-03
2.7453e+02 2.3292e+02 3.1983e+02 2.5431e+02 6.1220e-03
3.2500e+02 1.9277e+02 3.4651e+02 2.1082e+02 6.1066e-03
6.2009e+02 1.7017e+02 6.4528e+02 2.3600e+02 6.0120e-03
3.4561e+02 2.0594e+02 3.5840e+02 2.4091e+02 5.9972e-03
3.1912e+02 2.4364e+02 3.5500e+02 2.5863e+02 5.9843e-03
2.7589e+02 1.9360e+02 2.8993e+02 2.3810e+02 5.9524e-03
2.9518e+02 2.1487e+02 3.2064e+02 2.4190e+02 5.9160e-03
0.0000e+00 4.7210e+01 7.3922e+01 3.7500e+02 5.8981e-03
2.7266e+02 1.8800e+02 3.7242e+02 2.1927e+02 5.8971e-03
2.8256e+02 2.0510e+02 3.1067e+02 2.2922e+02 5.8698e-03
5.7723e+02 1.2370e+02 6.5113e+02 2.6695e+02 5.8624e-03
2.8239e+02 2.2629e+02 3.1005e+02 2.5383e+02 5.8281e-03
3.0752e+02 1.9321e+02 3.4704e+02 2.0857e+02 5.8126e-03
2.9581e+02 2.2962e+02 3.2018e+02 2.5726e+02 5.7906e-03
6.4827e+02 1.6874e+02 6.7504e+02 1.9351e+02 5.7666e-03
6.4303e+02 1.6483e+02 6.7087e+02 2.2123e+02 5.7464e-03
6.3071e+02 1.6751e+02 6.4335e+02 2.0334e+02 5.7293e-03
5.6904e+02 1.9514e+02 6.7040e+02 2.7452e+02 5.7280e-03
8.0504e+02 1.6870e+02 8.5021e+02 1.9626e+02 5.7048e-03
2.7621e+02 2.0373e+02 2.9094e+02 2.5086e+02 5.6937e-03
2.9007e+02 2.1145e+02 3.1708e+02 2.3732e+02 5.6256e-03
7.6935e+02 1.7186e+02 7.8904e+02 1.9613e+02 5.6196e-03
3.3206e+02 1.9684e+02 3.6703e+02 2.1462e+02 5.5872e-03
3.3788e+02 1.9636e+02 3.5893e+02 2.1565e+02 5.5685e-03
2.7051e+02 2.2341e+02 2.8764e+02 2.7467e+02 5.4986e-03
3.0423e+02 2.0720e+02 3.2726e+02 2.2814e+02 5.4740e-03
3.1696e+02 1.9721e+02 3.4055e+02 2.1554e+02 5.4455e-03
0.0000e+00 2.1462e+02 6.5918e+00 2.7041e+02 5.3212e-03
2.2737e+02 1.8764e+02 2.4267e+02 2.3104e+02 5.2990e-03
2.0775e+02 2.2994e+02 3.0645e+02 2.6676e+02 5.2731e-03
2.9199e+02 2.0311e+02 3.5253e+02 2.4773e+02 5.2674e-03
2.5698e+02 1.9070e+02 2.7060e+02 2.3215e+02 5.2473e-03
2.7864e+02 2.0084e+02 3.0725e+02 2.2609e+02 5.2236e-03
5.6261e+02 1.7203e+02 5.9222e+02 1.8971e+02 5.2200e-03
3.2961e+02 1.9274e+02 3.5048e+02 2.1102e+02 5.1654e-03
2.2325e+02 1.8765e+02 2.3874e+02 2.3001e+02 5.1646e-03
0.0000e+00 1.8802e+01 6.8812e+02 3.7500e+02 5.1259e-03
3.2442e+02 2.4103e+02 3.4757e+02 2.5980e+02 5.1215e-03
2.5986e+02 2.0335e+02 2.7580e+02 2.4911e+02 5.0894e-03
3.3425e+02 2.2937e+02 3.6023e+02 2.5025e+02 5.0889e-03
2.6756e+02 2.0631e+02 3.1368e+02 2.2649e+02 5.0859e-03
7.6390e+02 1.6118e+02 7.7637e+02 2.0253e+02 5.0795e-03
6.4530e+02 1.6706e+02 6.5932e+02 2.0738e+02 5.0679e-03
5.6723e+02 1.6847e+02 5.9813e+02 1.8620e+02 5.0616e-03
0.0000e+00 3.2774e+02 1.2098e+01 3.7500e+02 5.0424e-03
2.6066e+02 1.8801e+02 2.7515e+02 2.2859e+02 4.9745e-03
2.6360e+02 2.2032e+02 2.8081e+02 2.7084e+02 4.8814e-03
3.2982e+02 2.3335e+02 3.4260e+02 2.6687e+02 4.8471e-03
3.2179e+02 1.9291e+02 3.3348e+02 2.2310e+02 4.8418e-03
7.6796e+02 1.6732e+02 7.8080e+02 2.0628e+02 4.8386e-03
3.0902e+02 1.9845e+02 3.2075e+02 2.3158e+02 4.8344e-03
6.2046e+02 1.7526e+02 6.5814e+02 1.9365e+02 4.8243e-03
3.1215e+02 2.1175e+02 3.7294e+02 2.5572e+02 4.8226e-03
7.6293e+02 1.7020e+02 7.8256e+02 1.9543e+02 4.7821e-03
2.7120e+02 2.2897e+02 3.1587e+02 2.5092e+02 4.7543e-03
2.8866e+02 1.9217e+02 3.0369e+02 2.2942e+02 4.7064e-03
2.8060e+02 2.0047e+02 2.9609e+02 2.4347e+02 4.7059e-03
5.7929e+02 1.8924e+02 6.2804e+02 2.6365e+02 4.6815e-03
3.1328e+02 2.0017e+02 3.2474e+02 2.2996e+02 4.6695e-03
1.7984e+02 2.2952e+02 2.8671e+02 2.6745e+02 4.6687e-03
3.4000e+02 2.2732e+02 3.5606e+02 2.6224e+02 4.6543e-03
6.3410e+02 1.6710e+02 6.4670e+02 2.0342e+02 4.6511e-03
0.0000e+00 1.5402e+02 1.5104e+02 3.4518e+02 4.6422e-03
1.1567e+03 1.7874e+02 1.2420e+03 3.7500e+02 4.6304e-03
5.8173e+02 1.6767e+02 6.1322e+02 1.8332e+02 4.6303e-03
0.0000e+00 1.5352e+02 1.3654e+01 2.7016e+02 4.6049e-03
2.8623e+02 2.0797e+02 3.1474e+02 2.3305e+02 4.5774e-03
3.1252e+02 2.4361e+02 3.4692e+02 2.5874e+02 4.5746e-03
2.8549e+02 2.2964e+02 3.1308e+02 2.5736e+02 4.5502e-03
7.7693e+02 1.5279e+02 7.9111e+02 1.9560e+02 4.5398e-03
3.0074e+02 2.0943e+02 3.2418e+02 2.3286e+02 4.5316e-03
5.7628e+02 1.6403e+02 6.3222e+02 2.8617e+02 4.5160e-03
6.3607e+02 1.8242e+02 6.8437e+02 2.0871e+02 4.5026e-03
3.1733e+02 1.9277e+02 3.4076e+02 2.1087e+02 4.4980e-03
1.9022e+02 1.9284e+02 2.9326e+02 2.2746e+02 4.4942e-03
2.4016e+02 1.8785e+02 3.2771e+02 2.1944e+02 4.4863e-03
2.9431e+02 2.1898e+02 3.5288e+02 2.6073e+02 4.4799e-03
2.8248e+02 2.0336e+02 3.2718e+02 2.2172e+02 4.4735e-03
2.6887e+02 1.7796e+02 2.8312e+02 2.2342e+02 4.4602e-03
3.1689e+02 2.3342e+02 3.3075e+02 2.6745e+02 4.4415e-03
2.7952e+02 2.2254e+02 3.0583e+02 2.4980e+02 4.4308e-03
0.0000e+00 2.4065e+02 2.0612e+02 3.3418e+02 4.3954e-03
6.4865e+02 1.7008e+02 6.7737e+02 2.2652e+02 4.3472e-03
0.0000e+00 2.5761e+02 1.8158e+02 3.7500e+02 4.2083e-03
5.7142e+02 1.6443e+02 7.1778e+02 2.3015e+02 4.1022e-03
3.0810e+02 2.0626e+02 3.9636e+02 2.4265e+02 4.0896e-03
0.0000e+00 1.2902e+02 2.9208e+01 3.2675e+02 4.0770e-03
1.2015e+03 2.8534e+02 1.2420e+03 3.7500e+02 4.0391e-03
3.0680e+02 2.1425e+02 3.9704e+02 2.4953e+02 4.0253e-03
3.1316e+02 1.9948e+02 3.4153e+02 2.6155e+02 4.0175e-03
0.0000e+00 1.4213e+02 1.4922e+01 2.4981e+02 3.9969e-03
4.1533e-01 3.4303e+01 1.4927e+02 3.7500e+02 3.9853e-03
5.7869e+02 1.6806e+02 6.1054e+02 2.3847e+02 3.9244e-03
3.2257e+02 1.9204e+02 3.4984e+02 2.5259e+02 3.9178e-03
3.8066e+01 2.2681e+02 2.7213e+02 3.1379e+02 3.8426e-03
5.2509e+02 1.6083e+02 6.6084e+02 2.3294e+02 3.8332e-03
2.2343e+02 1.9441e+02 3.1321e+02 2.2603e+02 3.8323e-03
9.1667e+00 2.1665e+02 2.5434e+02 3.0604e+02 3.8317e-03
5.8554e+02 2.0388e+02 6.6251e+02 2.5756e+02 3.8011e-03
2.9669e+02 1.9531e+02 3.6126e+02 2.4211e+02 3.6516e-03
8.0876e+02 1.5774e+02 8.5629e+02 2.2249e+02 3.6051e-03
5.6183e+02 1.7200e+02 6.2139e+02 2.0864e+02 3.4928e-03
0.0000e+00 1.9837e+02 1.5281e+01 3.2086e+02 3.4739e-03
0.0000e+00 1.1256e+02 1.0482e+02 3.4359e+02 3.4569e-03
5.7438e+02 1.6249e+02 6.3498e+02 1.9281e+02 3.3566e-03
1.1790e+01 9.5859e+01 3.1761e+02 3.2671e+02 3.3271e-03
0.0000e+00 2.4705e+02 1.0697e+02 3.7500e+02 3.2996e-03
0.0000e+00 1.7580e+02 2.2913e+01 2.9768e+02 3.2987e-03
5.8212e+02 1.6146e+02 6.4413e+02 3.0420e+02 3.2919e-03
5.5508e+02 1.5518e+02 6.6420e+02 2.3630e+02 3.2729e-03
1.0846e+03 0.0000e+00 1.2420e+03 3.7500e+02 3.2648e-03
2.8476e+02 2.1042e+02 3.4362e+02 2.5389e+02 3.2046e-03
5.5688e+02 1.6848e+02 6.1888e+02 2.0004e+02 3.2035e-03
1.2232e+03 3.3395e+02 1.2420e+03 3.7500e+02 3.1406e-03
5.4074e+02 1.6044e+02 6.3661e+02 2.5216e+02 3.1030e-03
1.1877e+03 3.1849e+02 1.2420e+03 3.7500e+02 3.0966e-03
8.3885e+01 2.3901e+02 2.0124e+02 2.8114e+02 3.0876e-03
1.0004e+02 2.4462e+02 2.1382e+02 2.8670e+02 3.0788e-03
0.0000e+00 1.1569e+02 1.9919e+02 3.5918e+02 3.0330e-03
6.2405e+02 1.6071e+02 6.9754e+02 1.9477e+02 3.0010e-03
1.2041e+03 1.8220e+02 1.2420e+03 3.7500e+02 2.9287e-03
0.0000e+00 0.0000e+00 4.0762e+02 3.7500e+02 2.9172e-03
0.0000e+00 1.2553e+02 1.6580e+01 2.3621e+02 2.9171e-03
0.0000e+00 5.0505e+01 2.1962e+02 3.7500e+02 2.8913e-03
1.1474e+02 1.6964e+02 4.4976e+02 3.7342e+02 2.8698e-03
5.9991e+02 1.9730e+02 6.7430e+02 2.5376e+02 2.8249e-03
3.0816e+02 2.2263e+02 3.9664e+02 2.5542e+02 2.7955e-03
1.1268e+03 2.4628e+02 1.2420e+03 3.7500e+02 2.7946e-03
2.6537e+02 2.2971e+02 3.5366e+02 2.6451e+02 2.7289e-03
6.4752e+02 1.5081e+02 6.8062e+02 2.1747e+02 2.7216e-03
3.0903e+02 1.9924e+02 3.9910e+02 2.3456e+02 2.7168e-03
1.7581e+00 1.4698e+02 3.2817e+01 2.7935e+02 2.6942e-03
2.4916e+02 2.2905e+02 3.3564e+02 2.6482e+02 2.6918e-03
6.2173e+02 1.5050e+02 6.7517e+02 2.7855e+02 2.6583e-03
2.8653e+02 1.8964e+02 3.8433e+02 2.2135e+02 2.6300e-03
1.0837e+03 2.5852e+02 1.2420e+03 3.7500e+02 2.5499e-03
1.2242e+03 1.5857e+02 1.2420e+03 2.7343e+02 2.5467e-03
6.1776e+02 1.6522e+02 6.4707e+02 2.2429e+02 2.5337e-03
1.2201e+03 3.5297e+02 1.2420e+03 3.7500e+02 2.4853e-03
0.0000e+00 1.5840e+02 3.2973e+01 3.5729e+02 2.4812e-03
1.3828e+00 1.7889e+02 3.2687e+01 2.9819e+02 2.4418e-03
1.2284e+03 2.0158e+02 1.2420e+03 3.1175e+02 2.4007e-03
5.8683e+02 1.6278e+02 6.1864e+02 2.2434e+02 2.3937e-03
2.6358e+02 1.8759e+02 3.2784e+02 2.3392e+02 2.3900e-03
1.3683e+02 4.5612e+01 3.2800e+02 3.6830e+02 2.3767e-03
9.3764e+02 1.2056e+02 1.2420e+03 3.7500e+02 2.3748e-03
1.7964e+02 2.3549e+02 2.8383e+02 2.7708e+02 2.3358e-03
0.0000e+00 2.0110e+02 2.1233e+01 2.6191e+02 2.3191e-03
0.0000e+00 3.1704e+02 4.4549e+01 3.7500e+02 2.3001e-03
0.0000e+00 1.8402e+02 1.6040e+02 3.7308e+02 2.2962e-03
3.2368e+02 2.0871e+02 3.5027e+02 2.7041e+02 2.2549e-03
5.7400e+02 1.6866e+02 6.0402e+02 2.5121e+02 2.2086e-03
6.8625e+00 1.5415e+02 4.0341e+01 2.6888e+02 2.1419e-03
5.8709e+02 1.6480e+02 6.3824e+02 1.9936e+02 2.0839e-03
8.9419e+01 2.1667e+02 3.1874e+02 2.9384e+02 2.0770e-03
0.0000e+00 2.1981e+02 1.6294e+01 3.4774e+02 1.9942e-03
2.1836e+02 1.8730e+02 3.0354e+02 2.1633e+02 1.9587e-03
3.1294e+02 1.7977e+02 3.4181e+02 2.4752e+02 1.9538e-03
2.5763e+02 1.9234e+02 3.2007e+02 2.4074e+02 1.9485e-03
6.3480e+02 1.5889e+02 6.8966e+02 2.0239e+02 1.9473e-03
3.3032e+02 1.9052e+02 3.5923e+02 2.5483e+02 1.9351e-03
3.0572e+02 1.9102e+02 3.6732e+02 2.3545e+02 1.9343e-03
5.5309e+02 1.5418e+02 6.9673e+02 2.2342e+02 1.9300e-03
1.2236e+03 2.2318e+02 1.2420e+03 3.4180e+02 1.9278e-03
5.8667e+02 1.6248e+02 6.4513e+02 1.9027e+02 1.9146e-03
6.2276e+00 1.8166e+02 4.1867e+01 2.9624e+02 1.9108e-03
6.4703e+02 1.6787e+02 6.7515e+02 2.5078e+02 1.9035e-03
6.3532e+01 2.4982e+02 1.8790e+02 2.9529e+02 1.8753e-03
2.7317e+02 2.0129e+02 3.3442e+02 2.4783e+02 1.8634e-03
2.7515e+02 2.1109e+02 3.3321e+02 2.5543e+02 1.8380e-03
3.0539e+02 1.9944e+02 3.3567e+02 2.6179e+02 1.8130e-03
0.0000e+00 1.4609e+02 2.2568e+01 2.7706e+02 1.8057e-03
5.6434e+02 1.7714e+02 6.2508e+02 2.2053e+02 1.7937e-03
3.1109e+02 1.9724e+02 3.7522e+02 2.4296e+02 1.7914e-03
3.2086e+01 1.6693e+02 1.3334e+02 2.0514e+02 1.7869e-03
7.4674e+01 2.2517e+02 3.0393e+02 3.0707e+02 1.6948e-03
1.2252e+03 1.8299e+02 1.2420e+03 2.9585e+02 1.6555e-03
2.2514e+02 1.8510e+02 2.5374e+02 2.5975e+02 1.6514e-03
1.6634e+02 2.0591e+02 2.7702e+02 2.4229e+02 1.6233e-03
6.0889e+02 1.2203e+02 6.7551e+02 2.5610e+02 1.6146e-03
1.9418e+02 1.8622e+02 2.9449e+02 2.1701e+02 1.6047e-03
3.0768e+02 1.9303e+02 3.9939e+02 2.2727e+02 1.5944e-03
0.0000e+00 2.0765e+02 3.1973e+01 2.5382e+02 1.5756e-03
1.2076e+03 1.5015e+02 1.2420e+03 3.4607e+02 1.5688e-03
1.0658e+01 2.0893e+02 8.8587e+01 3.6833e+02 1.5423e-03
0.0000e+00 2.5613e+02 3.4416e+02 3.7500e+02 1.5189e-03
2.6920e+02 1.9225e+02 3.3716e+02 2.4162e+02 1.5122e-03
2.3602e+02 2.0344e+02 2.9218e+02 2.4813e+02 1.5113e-03
1.7014e+02 1.9833e+02 2.7506e+02 2.3314e+02 1.5092e-03
0.0000e+00 1.6274e+02 2.1874e+01 2.2099e+02 1.5068e-03
0.0000e+00 3.5201e+02 1.9622e+01 3.7500e+02 1.5055e-03
1.2947e+02 2.4440e+02 2.3925e+02 2.8615e+02 1.5040e-03
2.3212e+02 1.8633e+02 2.6227e+02 2.6032e+02 1.4584e-03
0.0000e+00 0.0000e+00 3.3213e+01 8.0593e+01 1.4371e-03
2.8972e+02 1.8824e+02 3.5344e+02 2.3313e+02 1.4220e-03
0.0000e+00 1.6834e+02 3.2634e+01 2.1393e+02 1.4151e-03
1.2259e+03 1.4152e+02 1.2420e+03 2.4444e+02 1.3982e-03
2.5193e+02 1.8730e+02 3.0821e+02 2.3341e+02 1.3870e-03
5.6333e+01 2.4702e+02 1.7194e+02 2.8873e+02 1.3792e-03
1.6907e+02 2.4314e+02 2.7578e+02 2.8581e+02 1.3715e-03
5.6806e+02 1.7189e+02 6.1467e+02 2.2429e+02 1.3624e-03
1.2227e+02 2.3895e+02 2.2902e+02 2.7992e+02 1.3618e-03
1.3639e+02 2.3828e+02 2.4865e+02 2.7774e+02 1.3602e-03
0.0000e+00 2.1497e+02 3.3615e+01 2.6241e+02 1.3586e-03
8.7440e+01 2.4996e+02 2.0899e+02 2.9382e+02 1.3524e-03
3.2307e+02 1.7573e+02 3.4993e+02 2.3785e+02 1.3343e-03
2.5953e+02 2.0085e+02 3.2024e+02 2.4776e+02 1.3282e-03
2.0819e+02 1.9842e+02 2.7320e+02 2.4866e+02 1.3230e-03
5.5557e+02 2.0493e+02 6.8776e+02 2.7737e+02 1.3091e-03
0.0000e+00 8.8458e+01 2.9438e+01 2.7451e+02 1.2822e-03
1.9811e+02 5.8944e+01 3.8368e+02 3.7500e+02 1.2810e-03
0.0000e+00 2.1362e+02 3.4276e+01 3.7500e+02 1.2776e-03
1.2265e+03 1.2722e+02 1.2420e+03 2.2450e+02 1.2668e-03
5.9962e+02 1.5475e+02 6.3108e+02 2.1995e+02 1.2608e-03
2.4303e+02 2.2000e+02 3.0113e+02 2.6331e+02 1.2446e-03
2.2527e+02 2.0114e+02 2.8491e+02 2.4885e+02 1.2399e-03
7.0115e-01 1.3004e+02 3.6334e+01 2.4869e+02 1.2279e-03
6.0819e+02 1.7057e+02 6.6705e+02 3.0946e+02 1.2058e-03
1.2133e+03 1.5318e+02 1.2420e+03 1.9664e+02 1.2057e-03
0.0000e+00 3.2599e+02 5.7742e+01 3.7500e+02 1.2049e-03
0.0000e+00 1.2929e+02 2.5890e+01 2.4761e+02 1.1887e-03
1.8567e+01 1.7209e+02 1.1805e+02 2.0839e+02 1.1769e-03
9.6609e+01 7.1754e+01 5.2164e+02 2.7849e+02 1.1658e-03
5.8751e+02 1.6029e+02 6.9728e+02 2.3960e+02 1.1333e-03
1.5644e+02 2.3571e+02 2.7348e+02 2.7997e+02 1.1327e-03
6.3920e+02 1.7482e+02 7.1011e+02 2.0833e+02 1.1247e-03
3.0233e+02 2.2297e+02 3.5828e+02 2.6652e+02 1.1205e-03
3.0415e+02 1.7967e+02 3.3430e+02 2.4645e+02 1.1181e-03
1.2031e+03 0.0000e+00 1.2420e+03 8.3961e+01 1.1039e-03
1.2081e+03 8.2930e+01 1.2420e+03 2.6333e+02 1.0987e-03
2.7657e+02 2.1894e+02 3.3389e+02 2.6235e+02 1.0957e-03
3.0660e+02 2.3001e+02 3.9419e+02 2.6102e+02 1.0835e-03
0.0000e+00 2.1469e+02 2.1522e+01 2.7912e+02 1.0822e-03
7.5607e+00 1.1854e+02 8.1347e+01 3.3420e+02 1.0814e-03
1.2225e+03 2.4302e+02 1.2420e+03 3.6371e+02 1.0803e-03
5.9556e+02 1.8409e+02 6.9196e+02 2.7246e+02 1.0725e-03
2.3298e+02 2.1123e+02 2.9185e+02 2.5634e+02 1.0714e-03
4.8188e+01 1.6524e+02 1.5094e+02 2.0377e+02 1.0658e-03
2.1717e+02 1.8579e+02 2.4664e+02 2.5878e+02 1.0654e-03
5.9212e+02 1.5323e+02 6.2524e+02 2.1467e+02 1.0646e-03
0.0000e+00 1.0538e+02 1.5673e+02 2.8546e+02 1.0632e-03
5.6929e+02 1.7660e+02 6.1788e+02 2.3474e+02 1.0626e-03
1.5772e+02 2.3112e+02 2.7585e+02 2.6961e+02 1.0348e-03
2.4281e+02 1.9418e+02 3.0060e+02 2.4154e+02 1.0190e-03
6.2313e+02 1.8127e+02 6.7643e+02 2.4046e+02 9.9557e-04
2.5979e+02 2.0949e+02 3.1872e+02 2.5574e+02 9.8138e-04
0.0000e+00 0.0000e+00 6.7734e+01 1.5058e+02 9.7766e-04
2.6021e+02 2.1807e+02 3.1704e+02 2.6247e+02 9.6094e-04
3.3349e+02 1.9335e+02 4.2354e+02 2.2794e+02 9.5276e-04
2.1925e+02 2.3634e+02 3.1028e+02 2.7574e+02 9.5010e-04
5.5642e+02 1.6224e+02 6.1810e+02 1.9421e+02 9.4965e-04
2.4862e+02 2.0160e+02 3.1091e+02 2.5041e+02 9.3495e-04
3.3093e+02 2.0446e+02 3.5913e+02 2.7138e+02 9.3322e-04
1.1069e+03 1.6422e+02 1.2420e+03 3.3885e+02 9.0501e-04
6.2831e+02 1.6298e+02 6.5374e+02 2.2013e+02 9.0247e-04
0.0000e+00 1.4640e+02 2.2395e+01 2.0734e+02 9.0024e-04
3.2561e+02 1.9825e+02 4.1651e+02 2.3432e+02 8.9768e-04
2.4049e+02 1.8849e+02 2.7077e+02 2.6039e+02 8.9717e-04
5.6174e+02 1.3725e+02 6.1402e+02 2.7421e+02 8.9001e-04
9.3536e+01 2.3751e+02 1.7830e+02 2.9584e+02 8.8086e-04
1.9092e+02 1.6459e+02 4.3773e+02 2.4207e+02 8.6583e-04
2.7368e+02 1.7903e+02 3.0309e+02 2.4990e+02 8.5240e-04
1.5988e+02 2.1398e+02 2.8133e+02 2.5088e+02 8.5168e-04
0.0000e+00 1.8555e+02 2.0906e+01 2.4551e+02 8.4901e-04
0.0000e+00 1.5191e+02 3.2848e+01 1.9956e+02 8.4864e-04
1.0567e+02 2.0421e+02 3.3911e+02 2.8248e+02 8.4513e-04
2.8155e+02 1.7984e+02 3.1179e+02 2.5169e+02 8.4051e-04
0.0000e+00 1.8912e+02 2.3681e+01 3.3419e+02 8.3023e-04
1.1755e+02 2.2212e+02 1.5209e+02 3.0505e+02 8.2587e-04
1.2126e+03 1.6129e+02 1.2420e+03 2.0410e+02 8.1924e-04
1.2069e+03 1.1731e+02 1.2420e+03 2.9336e+02 8.1646e-04
2.1838e+02 1.6566e+02 2.4685e+02 2.3947e+02 8.1381e-04
1.1722e+03 0.0000e+00 1.2420e+03 3.3389e+01 8.0927e-04
1.9851e+02 1.9123e+02 2.6405e+02 2.4105e+02 8.0145e-04
2.2732e+02 1.6750e+02 2.5351e+02 2.3959e+02 7.9638e-04
5.3275e+00 2.0349e+02 2.5063e+02 2.8459e+02 7.8933e-04
1.2577e+02 2.1502e+02 1.5991e+02 2.9590e+02 7.7747e-04
1.3830e+02 2.3314e+02 2.5085e+02 2.6981e+02 7.7557e-04
6.4228e+02 1.4794e+02 6.7384e+02 2.1344e+02 7.7258e-04
5.7517e+02 1.4824e+02 6.8848e+02 2.3015e+02 7.6412e-04
1.2191e+03 1.4907e+02 1.2420e+03 2.0387e+02 7.6312e-04
1.8881e+02 7.2806e+01 5.4401e+02 3.2874e+02 7.5995e-04
1.1959e+03 2.4029e+02 1.2420e+03 3.6996e+02 7.5854e-04
6.1957e+02 1.6506e+02 6.8287e+02 3.0326e+02 7.5349e-04
1.9512e+02 1.7752e+02 2.9377e+02 2.0805e+02 7.5341e-04
2.5807e+02 1.8080e+02 2.8543e+02 2.5287e+02 7.5291e-04
4.4210e+01 1.6944e+02 2.0938e+02 3.7500e+02 7.5166e-04
2.1397e+02 1.9223e+02 2.7768e+02 2.4198e+02 7.4702e-04
1.9927e+02 1.5892e+02 2.8677e+02 1.9296e+02 7.4522e-04
2.1500e+02 2.0728e+02 2.8177e+02 2.5652e+02 7.4014e-04
6.2221e+02 1.8113e+02 6.9544e+02 2.2241e+02 7.3722e-04
1.9793e+02 1.6731e+02 2.8805e+02 1.9959e+02 7.3720e-04
2.1419e+02 1.7770e+02 3.0522e+02 2.0660e+02 7.2682e-04
0.0000e+00 1.6548e+02 9.1112e+01 3.7500e+02 7.2653e-04
6.4011e+02 1.6920e+02 7.1046e+02 2.0197e+02 7.2343e-04
5.5596e+01 2.5184e+02 4.5346e+02 3.7500e+02 7.1526e-04
3.3096e+02 1.7441e+02 3.5960e+02 2.3693e+02 7.1516e-04
9.8965e+02 0.0000e+00 1.2420e+03 1.2618e+02 7.0480e-04
1.8822e+01 2.1063e+02 1.0789e+02 3.6378e+02 6.9997e-04
1.1770e+03 2.3548e+02 1.2420e+03 3.3388e+02 6.9776e-04
2.5932e+02 1.8275e+02 3.1547e+02 2.2794e+02 6.9575e-04
2.4984e+02 1.9033e+02 2.7696e+02 2.5928e+02 6.9535e-04
8.0566e+02 1.4501e+02 8.3933e+02 2.3577e+02 6.9119e-04
3.1469e+02 2.2495e+02 3.7140e+02 2.6715e+02 6.8296e-04
1.2237e+03 2.6592e+02 1.2420e+03 3.7500e+02 6.8171e-04
0.0000e+00 3.2783e+02 2.0596e+01 3.7500e+02 6.7941e-04
2.4903e+02 2.1154e+02 3.1034e+02 2.5723e+02 6.7865e-04
1.1759e+03 2.5112e+02 1.2420e+03 3.5200e+02 6.7400e-04
2.4231e+02 1.7898e+02 2.6881e+02 2.4926e+02 6.7113e-04
1.4540e+02 2.0662e+02 2.5131e+02 2.4247e+02 6.7073e-04
1.6065e+02 2.2340e+02 2.7588e+02 2.6051e+02 6.5965e-04
2.6724e+02 1.6731e+02 2.9197e+02 2.3711e+02 6.5561e-04
2.2078e+02 2.1889e+02 2.8433e+02 2.6413e+02 6.5083e-04
2.6022e+02 1.6573e+02 2.8405e+02 2.3608e+02 6.4965e-04
1.8931e+02 1.5176e+02 2.8144e+02 1.8681e+02 6.4811e-04
0.0000e+00 1.6358e+02 4.1496e+01 2.8289e+02 6.4684e-04
1.0947e+02 2.2232e+02 1.4507e+02 3.0529e+02 6.4552e-04
0.0000e+00 1.1694e+02 4.7025e+01 3.3186e+02 6.4549e-04
7.3979e+01 1.7042e+02 2.3989e+02 3.7500e+02 6.4144e-04
0.0000e+00 1.4417e+02 3.1563e+01 1.9189e+02 6.3813e-04
4.9978e+00 1.3562e+02 4.4402e+01 2.4165e+02 6.3765e-04
0.0000e+00 2.4881e+02 2.6061e+01 3.7500e+02 6.3739e-04
1.7226e+02 1.9069e+02 2.7429e+02 2.2758e+02 6.3441e-04
1.1773e+03 1.1399e+02 1.2420e+03 2.0317e+02 6.2902e-04
0.0000e+00 2.7868e+02 4.6955e+01 3.7500e+02 6.2246e-04
5.2175e+02 1.5098e+02 6.7730e+02 2.2159e+02 6.2236e-04
2.3229e+02 2.2427e+02 2.9607e+02 2.7209e+02 6.1971e-04
1.7957e+02 1.8487e+02 2.8034e+02 2.1929e+02 6.1643e-04
8.1465e+02 1.2490e+02 9.1818e+02 1.6171e+02 6.1515e-04
3.1851e+02 1.9933e+02 3.8159e+02 2.4881e+02 6.0916e-04
2.2394e+02 3.7663e+01 4.3543e+02 3.6395e+02 6.0855e-04
2.0656e+02 1.8571e+02 2.6965e+02 2.3464e+02 6.0713e-04
2.0503e+02 2.1690e+02 2.7517e+02 2.6505e+02 6.0686e-04
1.2064e+03 5.2055e+01 1.2420e+03 2.3346e+02 6.0312e-04
1.1824e+03 0.0000e+00 1.2420e+03 4.3164e+01 6.0169e-04
2.5468e+02 1.6762e+02 2.7719e+02 2.3589e+02 5.9654e-04
3.1311e+02 2.0940e+02 3.4339e+02 2.7612e+02 5.9239e-04
1.0604e+02 1.6626e+02 2.7218e+02 3.7500e+02 5.9173e-04
0.0000e+00 2.3853e+02 1.7319e+01 3.7229e+02 5.8870e-04
2.8876e+02 1.7703e+02 3.1702e+02 2.4755e+02 5.8469e-04
1.0948e+03 1.3832e+02 1.2420e+03 3.0827e+02 5.8148e-04
6.4064e+02 1.8044e+02 7.1462e+02 2.1514e+02 5.7935e-04
1.1603e+03 8.0557e+01 1.2420e+03 3.7500e+02 5.7787e-04
0.0000e+00 0.0000e+00 5.3297e+01 4.3972e+01 5.7613e-04
8.7724e+02 2.2143e+02 9.8075e+02 2.5915e+02 5.7348e-04
1.2233e+03 2.2773e+02 1.2420e+03 2.8482e+02 5.7342e-04
0.0000e+00 1.8334e+02 3.2168e+01 2.2972e+02 5.7292e-04
2.6560e+02 1.7857e+02 2.9353e+02 2.5183e+02 5.7291e-04
5.6906e+02 6.0157e+01 7.0820e+02 3.5143e+02 5.6898e-04
5.6995e+02 1.1157e+02 6.3405e+02 2.6649e+02 5.6838e-04
1.1607e+03 0.0000e+00 1.2420e+03 1.7226e+02 5.6621e-04
1.3794e+02 1.6500e+02 3.0378e+02 3.7500e+02 5.6551e-04
2.7633e+02 1.6826e+02 3.0097e+02 2.3664e+02 5.6328e-04
1.6401e+00 2.0639e+02 6.7519e+01 3.7500e+02 5.6277e-04
6.1107e+02 1.8653e+02 6.8396e+02 2.3298e+02 5.6164e-04
1.3398e+02 2.1610e+02 1.6876e+02 2.9517e+02 5.5714e-04
0.0000e+00 0.0000e+00 2.3252e+02 1.6759e+02 5.5611e-04
3.3483e+01 2.1438e+02 2.3448e+02 3.3401e+02 5.5527e-04
0.0000e+00 2.1212e+02 2.3176e+02 3.7500e+02 5.5083e-04
2.8348e+02 1.6942e+02 3.0954e+02 2.3804e+02 5.4512e-04
1.5204e+00 1.0512e+02 6.5088e+01 3.2417e+02 5.4452e-04
1.1742e+03 1.3028e+02 1.2420e+03 2.1849e+02 5.3509e-04
1.2158e+03 1.3871e+02 1.2420e+03 1.8199e+02 5.3451e-04
2.9660e+02 1.9984e+02 3.2534e+02 2.6049e+02 5.3191e-04
1.2071e+03 2.4751e+02 1.2420e+03 3.7500e+02 5.3055e-04
1.2270e+03 0.0000e+00 1.2420e+03 4.8350e+01 5.2614e-04
1.2001e+03 2.0958e+02 1.2420e+03 3.3556e+02 5.2477e-04
2.8187e+02 1.9854e+02 3.1282e+02 2.6551e+02 5.2183e-04
2.3818e+02 1.8905e+02 2.9114e+02 2.3185e+02 5.2171e-04
0.0000e+00 0.0000e+00 1.1453e+02 7.7576e+01 5.1701e-04
6.0741e+02 1.9074e+02 6.5166e+02 2.7556e+02 5.1542e-04
0.0000e+00 1.9189e+02 3.1711e+01 2.3821e+02 5.1539e-04
1.0361e+03 0.0000e+00 1.2420e+03 1.7441e+02 5.1015e-04
3.7812e+01 1.5626e+02 1.4341e+02 1.9924e+02 5.0879e-04
1.1650e+03 2.9196e+02 1.2394e+03 3.7500e+02 5.0732e-04
1.2154e+03 2.3310e+02 1.2420e+03 2.7591e+02 5.0485e-04
1.1826e+03 2.8479e+02 1.2420e+03 3.7500e+02 5.0311e-04
1.2125e+03 1.6903e+02 1.2420e+03 2.1325e+02 5.0031e-04
5.4613e+02 1.6942e+02 6.1166e+02 2.0190e+02 4.9980e-04
0.0000e+00 0.0000e+00 3.2356e+02 1.4834e+02 4.9967e-04
1.1810e+03 2.2362e+02 1.2420e+03 3.1604e+02 4.9431e-04
2.1329e+02 1.6815e+02 3.0362e+02 1.9978e+02 4.9296e-04
6.2088e+02 1.5117e+02 6.9576e+02 1.8441e+02 4.8948e-04
1.3351e+01 2.7837e+02 8.5854e+01 3.7500e+02 4.8797e-04
0.0000e+00 3.0869e+02 9.2891e+00 3.7500e+02 4.8637e-04
5.4528e+02 5.9039e+01 6.8113e+02 3.4042e+02 4.8404e-04
2.7032e+02 1.8223e+02 3.3175e+02 2.2795e+02 4.8345e-04
2.9575e+02 1.7970e+02 3.2484e+02 2.4648e+02 4.8112e-04
2.5924e+02 1.7937e+02 3.5472e+02 2.1262e+02 4.7901e-04
2.5485e+02 7.4577e+01 4.5034e+02 3.7500e+02 4.7753e-04
4.4454e+02 1.2286e+02 7.6064e+02 2.7781e+02 4.7728e-04
1.2209e+03 2.4866e+02 1.2420e+03 3.1379e+02 4.7525e-04
1.7007e+02 1.7037e+02 3.3362e+02 3.7500e+02 4.7377e-04
1.4491e+01 1.5250e+02 1.1013e+02 3.4854e+02 4.7341e-04
1.3771e+01 1.6307e+02 4.9671e+01 2.7391e+02 4.7154e-04
6.9605e+01 1.1392e+02 2.6158e+02 3.7500e+02 4.6776e-04
2.2448e+02 2.0440e+02 2.5378e+02 2.7502e+02 4.6462e-04
0.0000e+00 0.0000e+00 1.4520e+01 5.2975e+01 4.6312e-04
1.2439e+01 2.4558e+02 2.5356e+02 3.4301e+02 4.6130e-04
0.0000e+00 3.2716e+02 3.0679e+01 3.7500e+02 4.6076e-04
1.2272e+03 1.0215e+02 1.2420e+03 2.0116e+02 4.5685e-04
2.5085e+02 2.2413e+02 3.1002e+02 2.7267e+02 4.5623e-04
1.2186e+03 2.4122e+02 1.2420e+03 2.8542e+02 4.5602e-04
3.6126e+00 1.7237e+02 9.1129e+01 2.1123e+02 4.5314e-04
0.0000e+00 0.0000e+00 1.6435e+02 7.1973e+01 4.4779e-04
2.4353e+02 1.7924e+02 3.3582e+02 2.1092e+02 4.4622e-04
1.0974e+01 1.8503e+02 4.8524e+01 2.9993e+02 4.4594e-04
0.0000e+00 2.0729e+02 2.4754e+01 3.6413e+02 4.4249e-04
1.2218e+03 2.1785e+02 1.2420e+03 2.7779e+02 4.4235e-04
6.7411e+01 2.3699e+02 1.8382e+02 2.7998e+02 4.4010e-04
1.2190e+03 1.8258e+02 1.2420e+03 2.4989e+02 4.3915e-04
9.0788e-01 2.7766e+02 6.9765e+01 3.7500e+02 4.3909e-04
5.7306e+02 1.5598e+02 6.4406e+02 1.8812e+02 4.3833e-04
6.5588e+02 1.6595e+02 6.8135e+02 2.2905e+02 4.3828e-04
5.6713e+02 2.0526e+02 6.4594e+02 2.5920e+02 4.3513e-04
5.5296e+02 1.7305e+02 6.1220e+02 2.1028e+02 4.3434e-04
8.8798e+02 2.1533e+02 9.8503e+02 2.5031e+02 4.3418e-04
1.8732e+02 2.4299e+02 2.9136e+02 2.8314e+02 4.3327e-04
2.8859e+02 1.9890e+02 3.1700e+02 2.6243e+02 4.3303e-04
1.2127e+03 2.2445e+02 1.2420e+03 2.6902e+02 4.3111e-04
8.0126e+02 1.6424e+02 8.6730e+02 2.0299e+02 4.3013e-04
0.0000e+00 2.6461e+02 1.7929e+02 3.6316e+02 4.2991e-04
1.1918e+03 1.0348e+02 1.2420e+03 2.1512e+02 4.2719e-04
1.1353e+03 1.4909e+02 1.2420e+03 3.6810e+02 4.2655e-04
1.2134e+03 2.5539e+02 1.2420e+03 3.0359e+02 4.2610e-04
1.2197e+03 1.6375e+02 1.2420e+03 2.2205e+02 4.2416e-04
1.2573e+02 2.5151e+02 2.3824e+02 2.9421e+02 4.2059e-04
0.0000e+00 1.3537e+02 4.1542e+01 2.4884e+02 4.1872e-04
0.0000e+00 1.6764e+02 4.8475e+01 2.1861e+02 4.1735e-04
1.5629e+02 1.9984e+02 2.5255e+02 2.3323e+02 4.1335e-04
3.0671e+02 1.8712e+02 3.9926e+02 2.1961e+02 4.1259e-04
0.0000e+00 1.0142e+02 1.7297e+01 2.1400e+02 4.1256e-04
1.2072e+03 1.8336e+02 1.2420e+03 2.3184e+02 4.1073e-04
1.2111e+03 1.7609e+02 1.2420e+03 2.2292e+02 4.0975e-04
6.5394e+02 1.4538e+02 6.8534e+02 2.1608e+02 4.0624e-04
6.3405e+02 1.7374e+02 6.7012e+02 2.7220e+02 4.0546e-04
1.2155e+03 2.4865e+02 1.2420e+03 2.9524e+02 4.0280e-04
1.0303e+02 2.2959e+02 1.8290e+02 2.9079e+02 4.0274e-04
2.3351e+02 1.7194e+02 2.6004e+02 2.3995e+02 4.0061e-04
1.3787e+02 2.1480e+02 2.5395e+02 2.5141e+02 3.9919e-04
1.1021e+03 2.1098e+02 1.2420e+03 3.7500e+02 3.9848e-04
3.1480e+02 1.6606e+02 3.3966e+02 2.3249e+02 3.9727e-04
8.4955e+01 2.3016e+02 2.0460e+02 2.7106e+02 3.9628e-04
2.4408e+02 1.8245e+02 2.9768e+02 2.2597e+02 3.9606e-04
1.2118e+03 2.6155e+02 1.2420e+03 3.1298e+02 3.9295e-04
1.0830e+03 1.0835e+02 1.2420e+03 2.7449e+02 3.9061e-04
2.1739e+01 1.1935e+02 9.8557e+01 3.2870e+02 3.8992e-04
0.0000e+00 1.7609e+02 6.7293e+01 2.6871e+02 3.8878e-04
2.1475e+02 1.5845e+02 3.0385e+02 1.9261e+02 3.8806e-04
8.6847e+02 2.1415e+02 9.6199e+02 2.4785e+02 3.8708e-04
1.1095e+03 0.0000e+00 1.2420e+03 5.8986e+01 3.8574e-04
2.0001e+02 1.3637e+02 5.3299e+02 3.4740e+02 3.8367e-04
0.0000e+00 1.5063e+02 6.9827e+01 3.5408e+02 3.8341e-04
2.1738e+02 2.0851e+02 2.4479e+02 2.7377e+02 3.8217e-04
2.3203e+02 2.0724e+02 2.6352e+02 2.7554e+02 3.7906e-04
3.3719e+02 1.8752e+02 3.6799e+02 2.5912e+02 3.7788e-04
8.1781e+02 1.1807e+02 9.2286e+02 1.5657e+02 3.7391e-04
7.9546e+00 1.6442e+02 9.9874e+01 2.0766e+02 3.7197e-04
1.4062e+02 1.8365e+02 3.6936e+02 2.6043e+02 3.7086e-04
5.6326e+02 1.8440e+02 6.3049e+02 2.3765e+02 3.6771e-04
1.3863e+02 1.6677e+02 3.7085e+02 2.4448e+02 3.6720e-04
2.3698e+02 2.3504e+02 3.2441e+02 2.7491e+02 3.6628e-04
2.9727e+02 1.8359e+02 3.5704e+02 2.2769e+02 3.6432e-04
6.3817e+02 1.5974e+02 7.1684e+02 1.9458e+02 3.6317e-04
2.5258e+02 1.5720e+02 2.7836e+02 2.2965e+02 3.6089e-04
3.0594e+02 1.6621e+02 3.3194e+02 2.3157e+02 3.5765e-04
1.7380e+02 1.7542e+02 4.0960e+02 2.5526e+02 3.5650e-04
1.2266e+03 8.3503e+01 1.2420e+03 1.8541e+02 3.5639e-04
3.5581e+01 1.2815e+02 1.1701e+02 3.4041e+02 3.5544e-04
1.9886e+02 2.0875e+02 2.6618e+02 2.5646e+02 3.5366e-04
7.5326e+02 1.3548e+02 7.8500e+02 2.1895e+02 3.5365e-04
1.9307e+02 1.9969e+02 2.5765e+02 2.4723e+02 3.5258e-04
0.0000e+00 1.7214e+02 6.5187e+01 2.1204e+02 3.5228e-04
5.7363e+02 1.4895e+02 7.3457e+02 2.1633e+02 3.5190e-04
2.1074e+02 1.8612e+02 2.3897e+02 2.5887e+02 3.5156e-04
2.2999e+02 1.7730e+02 3.2179e+02 2.0824e+02 3.5103e-04
1.2202e+03 2.6252e+02 1.2420e+03 3.3013e+02 3.5069e-04
4.9704e+01 2.0270e+02 3.0698e+02 2.8415e+02 3.4995e-04
2.6922e+02 2.2243e+02 3.2581e+02 2.6965e+02 3.4988e-04
2.5618e+02 1.9778e+02 2.8630e+02 2.6917e+02 3.4390e-04
2.7333e+02 1.9754e+02 3.0437e+02 2.6484e+02 3.4284e-04
4.6930e+00 1.9244e+02 4.1504e+01 3.3028e+02 3.4227e-04
0.0000e+00 2.0691e+02 4.9107e+01 2.6275e+02 3.3849e-04
1.4789e+01 1.4894e+02 4.8505e+01 2.5053e+02 3.3842e-04
6.1807e+02 1.6257e+02 6.7710e+02 2.0191e+02 3.3635e-04
1.2007e+02 0.0000e+00 5.2737e+02 3.7500e+02 3.3531e-04
1.1705e+03 1.9602e+02 1.2420e+03 3.7500e+02 3.3497e-04
7.1635e+01 2.5514e+02 1.9954e+02 3.0221e+02 3.3425e-04
1.2210e+03 1.9962e+02 1.2420e+03 2.6485e+02 3.3223e-04
1.2011e+02 2.2556e+02 3.4472e+02 3.0533e+02 3.3111e-04
0.0000e+00 2.7916e+02 1.3141e+01 3.7500e+02 3.2916e-04
6.0404e+02 1.6251e+02 6.7461e+02 1.9390e+02 3.2779e-04
7.6071e+02 1.3804e+02 7.9204e+02 2.1996e+02 3.2613e-04
1.2211e+03 1.3379e+02 1.2420e+03 1.8875e+02 3.2587e-04
1.8003e+02 1.7606e+02 2.7898e+02 2.0864e+02 3.2551e-04
0.0000e+00 1.3091e+02 2.2265e+01 1.9248e+02 3.2484e-04

