5.8638e+02 1.7273e+02 6.0438e+02 2.2237e+02 9.9949e-01
7.4561e+02 1.7035e+02 7.5796e+02 2.0816e+02 9.9815e-01
5.9083e+02 1.7294e+02 6.0633e+02 2.2069e+02 9.9776e-01
7.4961e+02 1.7052e+02 7.6113e+02 2.0766e+02 9.9757e-01
5.9944e+02 1.7466e+02 6.1532e+02 2.2157e+02 9.9727e-01
5.9607e+02 1.7353e+02 6.1055e+02 2.2024e+02 9.9719e-01
9.5511e+02 1.3863e+02 1.0508e+03 3.6882e+02 9.9674e-01
7.4288e+02 1.7039e+02 7.5578e+02 2.0720e+02 9.9633e-01
7.5327e+02 1.7034e+02 7.6525e+02 2.0922e+02 9.9631e-01
7.6103e+02 1.6890e+02 7.7404e+02 2.0893e+02 9.9553e-01
7.6451e+02 1.6910e+02 7.7754e+02 2.0915e+02 9.9524e-01
7.5714e+02 1.6967e+02 7.6934e+02 2.0882e+02 9.9472e-01
6.0267e+02 1.7121e+02 6.1815e+02 2.1793e+02 9.9445e-01
8.4008e+02 1.8825e+02 9.1391e+02 3.6050e+02 9.9389e-01
8.4362e+02 1.8969e+02 8.9835e+02 3.2348e+02 9.9191e-01
5.8246e+02 1.7320e+02 6.0664e+02 2.1139e+02 9.8541e-01
7.6915e+02 1.6895e+02 7.8086e+02 2.0976e+02 9.8429e-01
7.7599e+02 1.6915e+02 7.9008e+02 2.1314e+02 9.8166e-01
7.4007e+02 1.6998e+02 7.5240e+02 2.0628e+02 9.8132e-01
7.7340e+02 1.6935e+02 7.8576e+02 2.1116e+02 9.8130e-01
5.8339e+02 1.6959e+02 5.9835e+02 2.1754e+02 9.7886e-01
9.6455e+02 1.4784e+02 1.0643e+03 3.4605e+02 9.7876e-01
6.0693e+02 1.7162e+02 6.2057e+02 2.1552e+02 9.7673e-01
9.4003e+02 1.5354e+02 1.0740e+03 3.1337e+02 9.6461e-01
8.3939e+02 1.9345e+02 8.8838e+02 3.4158e+02 9.6402e-01
7.4337e+02 1.6917e+02 7.6181e+02 2.0052e+02 9.6334e-01
5.8376e+02 1.6864e+02 6.0345e+02 2.1532e+02 9.6177e-01
9.3943e+02 1.4358e+02 1.0253e+03 3.7500e+02 9.5906e-01
8.5262e+02 1.9258e+02 9.0215e+02 3.4411e+02 9.4973e-01
8.5890e+02 1.8994e+02 9.1102e+02 3.2247e+02 9.4181e-01
7.7910e+02 1.6874e+02 7.9392e+02 2.1498e+02 9.4149e-01
5.9049e+02 1.7285e+02 6.1417e+02 2.1233e+02 9.3876e-01
6.0441e+02 1.7003e+02 6.1881e+02 2.0804e+02 9.3829e-01
7.4930e+02 1.6881e+02 7.6782e+02 2.0097e+02 9.3490e-01
7.4575e+02 1.7020e+02 7.6378e+02 2.0446e+02 9.3398e-01
6.0858e+02 1.7137e+02 6.2157e+02 2.0539e+02 8.9634e-01
6.0105e+02 1.6992e+02 6.1582e+02 2.1031e+02 8.9099e-01
7.5385e+02 1.6891e+02 7.7241e+02 2.0118e+02 8.8951e-01
8.5198e+02 1.8656e+02 9.0459e+02 2.9839e+02 8.8668e-01
5.9612e+02 1.7336e+02 6.1817e+02 2.1192e+02 8.8408e-01
7.3631e+02 1.6959e+02 7.4644e+02 2.0325e+02 8.7792e-01
7.4136e+02 1.7069e+02 7.5885e+02 2.0367e+02 8.7327e-01
8.3511e+02 1.9673e+02 9.0640e+02 2.7262e+02 8.7173e-01
6.1157e+02 1.7042e+02 6.2471e+02 2.1344e+02 8.6103e-01
5.8028e+02 1.7127e+02 6.0264e+02 2.0549e+02 8.2523e-01
7.5863e+02 1.6855e+02 7.7731e+02 2.0201e+02 8.1626e-01
7.8498e+02 1.7187e+02 7.9844e+02 2.1417e+02 8.1010e-01
6.0068e+02 1.7217e+02 6.2157e+02 2.0657e+02 8.0943e-01
5.7887e+02 1.6670e+02 5.9047e+02 2.1670e+02 7.9895e-01
7.6217e+02 1.6939e+02 7.8024e+02 2.0501e+02 7.9115e-01
7.3821e+02 1.7150e+02 7.5463e+02 1.9870e+02 7.8203e-01
8.7279e+02 1.8561e+02 9.1620e+02 3.2068e+02 7.7243e-01
5.8624e+02 1.7135e+02 6.0943e+02 2.0357e+02 7.6519e-01
5.8654e+02 1.7098e+02 6.1031e+02 2.2784e+02 7.6102e-01
6.1295e+02 1.7107e+02 6.2518e+02 2.0371e+02 7.5399e-01
6.0593e+02 1.7337e+02 6.2398e+02 2.0411e+02 7.5245e-01
5.9632e+02 1.7028e+02 6.1172e+02 2.1145e+02 7.2327e-01
5.8753e+02 1.7493e+02 6.0886e+02 2.1817e+02 7.1580e-01
8.6190e+02 1.8518e+02 9.1236e+02 2.8707e+02 7.1527e-01
8.3014e+02 1.9906e+02 9.0243e+02 2.9726e+02 6.9949e-01
7.7057e+02 1.7152e+02 7.8980e+02 2.0596e+02 6.8482e-01
5.7489e+02 1.6941e+02 5.8681e+02 2.1151e+02 6.8481e-01
7.6512e+02 1.7129e+02 7.8384e+02 2.0542e+02 6.8306e-01
8.2725e+02 1.8400e+02 9.2330e+02 3.4169e+02 6.7960e-01
5.9930e+02 1.7600e+02 6.2045e+02 2.1503e+02 6.6868e-01
7.3231e+02 1.6946e+02 7.4316e+02 2.0414e+02 6.6005e-01
7.3950e+02 1.6898e+02 7.5070e+02 2.0135e+02 6.5217e-01
9.4337e+02 1.6071e+02 1.0616e+03 3.7341e+02 6.3940e-01
5.7917e+02 1.7793e+02 6.1786e+02 2.0467e+02 6.3652e-01
5.9326e+02 1.7641e+02 6.1266e+02 2.1747e+02 6.1899e-01
7.8782e+02 1.7191e+02 8.0315e+02 2.1395e+02 6.1702e-01
5.9811e+02 1.7116e+02 6.1866e+02 2.0203e+02 6.1511e-01
6.2691e+02 1.7228e+02 6.3874e+02 2.0076e+02 5.8511e-01
7.7306e+02 1.7319e+02 7.9408e+02 2.0827e+02 5.7230e-01
7.7543e+02 1.6589e+02 7.9243e+02 2.1930e+02 5.5461e-01
5.9234e+02 1.7166e+02 6.1386e+02 2.0293e+02 5.5026e-01
6.0948e+02 1.7203e+02 6.2681e+02 1.9724e+02 5.4527e-01
9.2976e+02 1.4963e+02 1.0574e+03 3.4463e+02 5.2207e-01
5.8705e+02 1.6920e+02 6.0404e+02 2.0792e+02 4.9859e-01
5.7574e+02 1.7562e+02 6.1366e+02 2.0120e+02 4.7923e-01
5.7031e+02 1.6962e+02 5.8319e+02 2.1129e+02 4.7172e-01
8.3778e+02 1.9552e+02 8.8491e+02 3.0388e+02 4.5191e-01
7.7222e+02 1.6550e+02 7.8772e+02 2.1570e+02 4.5105e-01
5.8000e+02 1.7084e+02 6.1683e+02 2.1975e+02 4.3903e-01
6.1832e+02 1.7158e+02 6.2929e+02 2.0479e+02 4.2130e-01
9.8704e+02 1.5935e+02 1.0702e+03 3.4557e+02 4.1022e-01
5.9081e+02 1.6916e+02 6.1572e+02 2.3190e+02 4.0925e-01
8.4172e+02 1.8865e+02 8.9555e+02 2.8954e+02 3.9942e-01
5.8651e+02 1.7604e+02 6.2061e+02 2.0097e+02 3.8647e-01
6.2419e+02 1.7101e+02 6.3482e+02 2.0093e+02 3.7559e-01
7.3376e+02 1.7213e+02 7.4944e+02 1.9816e+02 3.7177e-01
5.8203e+02 1.7165e+02 6.0412e+02 1.9814e+02 3.7140e-01
5.7544e+02 1.7157e+02 5.9537e+02 2.0345e+02 3.6461e-01
6.0900e+02 1.7057e+02 6.2354e+02 2.2118e+02 3.6217e-01
9.7421e+02 1.6141e+02 1.0226e+03 3.2844e+02 3.6048e-01
7.4331e+02 1.7344e+02 7.6151e+02 2.1172e+02 3.5742e-01
8.8072e+02 1.8129e+02 9.2208e+02 3.1044e+02 3.4722e-01
8.2271e+02 2.0703e+02 9.2295e+02 2.5833e+02 3.4388e-01
9.1823e+02 1.7209e+02 1.1068e+03 2.7639e+02 3.3328e-01
6.1466e+02 1.7275e+02 6.3187e+02 1.9631e+02 3.2508e-01
9.8184e+02 1.5943e+02 1.0311e+03 3.2414e+02 3.1201e-01
6.2873e+02 1.6876e+02 6.4139e+02 1.9945e+02 3.1197e-01
7.6772e+02 1.6561e+02 7.8234e+02 2.1428e+02 3.0833e-01
7.7565e+02 1.7284e+02 7.9642e+02 2.0226e+02 2.9751e-01
9.4676e+02 1.5260e+02 1.0752e+03 2.6084e+02 2.9132e-01
7.4577e+02 1.7198e+02 7.7366e+02 1.9436e+02 2.8695e-01
6.2720e+02 1.6348e+02 6.3978e+02 1.9736e+02 2.8452e-01
9.2673e+02 1.5402e+02 1.0107e+03 3.7261e+02 2.8298e-01
6.2126e+02 1.7362e+02 6.3830e+02 1.9735e+02 2.8051e-01
8.4713e+02 1.8924e+02 9.2020e+02 2.6832e+02 2.7666e-01
5.8444e+02 1.7369e+02 6.1568e+02 1.9630e+02 2.7432e-01
7.8108e+02 1.7376e+02 8.0074e+02 2.0602e+02 2.7220e-01
9.6047e+02 1.7946e+02 1.0445e+03 3.5401e+02 2.6751e-01
7.4690e+02 1.7313e+02 7.6483e+02 2.1138e+02 2.6648e-01
7.3876e+02 1.7218e+02 7.6753e+02 1.9380e+02 2.6333e-01
7.4599e+02 1.6924e+02 7.6594e+02 1.9615e+02 2.4972e-01
5.8236e+02 1.6732e+02 5.9762e+02 2.0602e+02 2.4295e-01
8.4856e+02 1.8792e+02 8.9910e+02 2.7377e+02 2.3835e-01
7.3533e+02 1.7042e+02 7.4841e+02 2.1167e+02 2.3790e-01
8.2842e+02 1.8169e+02 9.2721e+02 2.9975e+02 2.3525e-01
5.8569e+02 1.6418e+02 6.1315e+02 2.3751e+02 2.3283e-01
7.3854e+02 1.7177e+02 7.5364e+02 2.1340e+02 2.2792e-01
8.5415e+02 1.7265e+02 9.2474e+02 3.3416e+02 2.2080e-01
6.0016e+02 1.8148e+02 6.1935e+02 2.2032e+02 2.1584e-01
5.9020e+02 1.7811e+02 6.0815e+02 2.2748e+02 2.1477e-01
9.1040e+02 1.4099e+02 1.0859e+03 3.5418e+02 2.1415e-01
5.7610e+02 1.7357e+02 6.0842e+02 1.9523e+02 2.0914e-01
9.3846e+02 1.6273e+02 1.1119e+03 2.5858e+02 2.0868e-01
8.2638e+02 1.9375e+02 8.9893e+02 3.5850e+02 1.9913e-01
4.0571e-01 1.6339e+02 3.5618e+01 3.2117e+02 1.9124e-01
7.3587e+02 1.7371e+02 7.6287e+02 1.9325e+02 1.9116e-01
7.9133e+02 1.7124e+02 8.0707e+02 2.1393e+02 1.8989e-01
9.8836e+02 1.6288e+02 1.0399e+03 3.1437e+02 1.8875e-01
5.8993e+02 1.7390e+02 6.2057e+02 1.9579e+02 1.8654e-01
9.6173e+02 1.4481e+02 1.0567e+03 2.9110e+02 1.8624e-01
6.2414e+02 1.7148e+02 6.4202e+02 1.9481e+02 1.8509e-01
5.9181e+02 1.6760e+02 6.0631e+02 2.0585e+02 1.8265e-01
6.0546e+02 1.7054e+02 6.2431e+02 1.9528e+02 1.7107e-01
7.4301e+02 1.7121e+02 7.6979e+02 1.9083e+02 1.6887e-01
7.7904e+02 1.6973e+02 7.9604e+02 2.2526e+02 1.6714e-01
5.7242e+02 1.7505e+02 6.0359e+02 1.9853e+02 1.6691e-01
7.2932e+02 1.7255e+02 7.4537e+02 1.9850e+02 1.6485e-01
9.1526e+02 1.3212e+02 1.0494e+03 3.7500e+02 1.6412e-01
6.0948e+02 1.7548e+02 6.2662e+02 2.0614e+02 1.6379e-01
6.2191e+02 1.6930e+02 6.3371e+02 2.0673e+02 1.5816e-01
7.8316e+02 1.7035e+02 7.9996e+02 2.1950e+02 1.5757e-01
5.8353e+02 1.7162e+02 6.2353e+02 2.2433e+02 1.5497e-01
7.3699e+02 1.7527e+02 7.5691e+02 2.0940e+02 1.5345e-01
9.6040e+02 1.7261e+02 1.0073e+03 3.2844e+02 1.5269e-01
7.5022e+02 1.7244e+02 7.6858e+02 2.1205e+02 1.5083e-01
6.2920e+02 1.6339e+02 6.4224e+02 1.9635e+02 1.4967e-01
6.0337e+02 1.7372e+02 6.3054e+02 1.9205e+02 1.4847e-01
9.9769e+02 1.6797e+02 1.0464e+03 3.1167e+02 1.4416e-01
7.3954e+02 1.7431e+02 7.7013e+02 1.9761e+02 1.4379e-01
2.0444e-01 1.9122e+02 3.5442e+01 3.6433e+02 1.4351e-01
0.0000e+00 1.6041e+02 2.5024e+01 3.2062e+02 1.4216e-01
5.9150e+02 1.7622e+02 6.2570e+02 1.9896e+02 1.3863e-01
7.7518e+02 1.7504e+02 7.9918e+02 2.1227e+02 1.3859e-01
5.7194e+02 1.7234e+02 5.8975e+02 1.9995e+02 1.3854e-01
8.7149e+02 1.8195e+02 9.1777e+02 2.7498e+02 1.3576e-01
3.1658e+00 1.7239e+02 4.3365e+01 3.0923e+02 1.3544e-01
8.3174e+02 2.0049e+02 8.6907e+02 3.1673e+02 1.3151e-01
6.2509e+02 1.7113e+02 6.3741e+02 2.0527e+02 1.3150e-01
9.9185e+02 1.6446e+02 1.0527e+03 2.8707e+02 1.3064e-01
8.4271e+02 1.9625e+02 9.1671e+02 2.9502e+02 1.3049e-01
7.5074e+02 1.7091e+02 7.7689e+02 1.9111e+02 1.3040e-01
5.9527e+02 1.7825e+02 6.1230e+02 2.2889e+02 1.2841e-01
2.6577e+00 1.8747e+02 4.5273e+01 3.4174e+02 1.2580e-01
6.1195e+02 1.7473e+02 6.3749e+02 1.9255e+02 1.2569e-01
7.6955e+02 1.7075e+02 7.8835e+02 1.9814e+02 1.2491e-01
6.1859e+02 1.7534e+02 6.4390e+02 1.9355e+02 1.1900e-01
5.7792e+02 1.6604e+02 5.9144e+02 2.0613e+02 1.1783e-01
5.6671e+02 1.6836e+02 5.7975e+02 2.0879e+02 1.1736e-01
6.0211e+02 1.7628e+02 6.3134e+02 1.9659e+02 1.1319e-01
5.8475e+02 1.6589e+02 6.0108e+02 2.0552e+02 1.1062e-01
8.6067e+02 2.1506e+01 1.1136e+03 3.7500e+02 1.0987e-01
7.3316e+02 1.7617e+02 7.6259e+02 1.9650e+02 1.0776e-01
5.8369e+02 1.8069e+02 6.2277e+02 2.0610e+02 1.0597e-01
7.3439e+02 1.7398e+02 7.5199e+02 2.0359e+02 1.0422e-01
7.2808e+02 1.7096e+02 7.3982e+02 2.0452e+02 1.0212e-01
8.8349e+02 1.8307e+02 9.1941e+02 3.4476e+02 1.0115e-01
7.4815e+02 1.7407e+02 7.7917e+02 1.9756e+02 9.8330e-02
7.3019e+02 1.6297e+02 7.4285e+02 2.0400e+02 9.7352e-02
5.8479e+02 1.7707e+02 6.0212e+02 2.3123e+02 9.6689e-02
5.9779e+02 1.7377e+02 6.2818e+02 1.9375e+02 9.5356e-02
7.8463e+02 1.7435e+02 8.0559e+02 2.0594e+02 9.4673e-02
7.4773e+02 1.6217e+02 7.7010e+02 2.1650e+02 9.3803e-02
6.1508e+02 1.7129e+02 6.2856e+02 2.1785e+02 9.2686e-02
5.6804e+02 1.7325e+02 5.8603e+02 1.9993e+02 9.2073e-02
7.5896e+02 1.7519e+02 7.9231e+02 1.9838e+02 8.9880e-02
6.0636e+02 1.7670e+02 6.2052e+02 2.2571e+02 8.8701e-02
8.1497e+02 2.1645e+02 9.2553e+02 2.7354e+02 8.8479e-02
8.3036e+02 2.0115e+02 9.2758e+02 2.5024e+02 8.8051e-02
1.0024e+03 1.5800e+02 1.0592e+03 2.7455e+02 8.7629e-02
7.6076e+02 1.6869e+02 7.8100e+02 1.9607e+02 8.6039e-02
2.3064e-01 1.9882e+02 2.5349e+01 3.6785e+02 8.6014e-02
7.3567e+02 1.7226e+02 7.5999e+02 1.8988e+02 8.5781e-02
7.7291e+02 1.7101e+02 7.9328e+02 1.9792e+02 8.4716e-02
7.4208e+02 1.6137e+02 7.6488e+02 2.1523e+02 8.4629e-02
7.6825e+02 1.7800e+02 8.0658e+02 2.0281e+02 8.1608e-02
7.5327e+02 1.7241e+02 7.8321e+02 1.9433e+02 7.8977e-02
7.6288e+02 1.7317e+02 7.8124e+02 2.1187e+02 7.8169e-02
1.0077e+03 1.7108e+02 1.0552e+03 3.0655e+02 7.6943e-02
8.3936e+02 1.8912e+02 9.0967e+02 2.5670e+02 7.3074e-02
0.0000e+00 1.6874e+02 1.8350e+01 2.9410e+02 7.1291e-02
7.5405e+02 1.7253e+02 7.7242e+02 2.1161e+02 7.1178e-02
5.8189e+02 1.6888e+02 6.0711e+02 2.3653e+02 7.0043e-02
9.5184e+02 1.7556e+02 9.9907e+02 3.2980e+02 6.8402e-02
6.1000e+02 1.7180e+02 6.3756e+02 1.9011e+02 6.5847e-02
6.5596e+02 1.8254e+02 6.7479e+02 2.0232e+02 6.5376e-02
7.6640e+02 1.7275e+02 7.8550e+02 2.1207e+02 6.5309e-02
6.2497e+02 1.6674e+02 6.4302e+02 1.9061e+02 6.4726e-02
5.6915e+02 1.7374e+02 6.2046e+02 2.1079e+02 6.4077e-02
8.7259e+02 1.6815e+02 9.3548e+02 3.7500e+02 6.3182e-02
5.9392e+02 1.7929e+02 6.2911e+02 2.0249e+02 6.3148e-02
7.5877e+02 1.7288e+02 7.7759e+02 2.1203e+02 6.2901e-02
5.8432e+02 1.8320e+02 6.0717e+02 2.2459e+02 6.2177e-02
6.1657e+02 1.7176e+02 6.4374e+02 1.9066e+02 6.2047e-02
7.4140e+02 1.7428e+02 7.5681e+02 2.1557e+02 6.1349e-02
6.0757e+02 1.7822e+02 6.2592e+02 2.1155e+02 5.8880e-02
7.7145e+02 1.6481e+02 7.8620e+02 2.0502e+02 5.7788e-02
7.6526e+02 1.7409e+02 7.9517e+02 1.9568e+02 5.7135e-02
6.1783e+02 1.6566e+02 6.2961e+02 2.0023e+02 5.4848e-02
6.2095e+02 1.6706e+02 6.3863e+02 1.9071e+02 5.4406e-02
5.9690e+02 1.6680e+02 6.2435e+02 2.2939e+02 5.2747e-02
6.6146e+02 1.7814e+02 6.7329e+02 2.0394e+02 5.2348e-02
7.7980e+02 1.7569e+02 8.0375e+02 2.1178e+02 5.1565e-02
8.1683e+02 2.1163e+02 9.1461e+02 3.5765e+02 5.1018e-02
0.0000e+00 1.9073e+02 9.5105e+00 2.6220e+02 5.0955e-02
6.0306e+02 1.7848e+02 6.1822e+02 2.2836e+02 4.8349e-02
7.3160e+02 1.7430e+02 7.5811e+02 1.9304e+02 4.8333e-02
6.9750e+02 1.7627e+02 7.1761e+02 1.9673e+02 4.6903e-02
6.1373e+02 1.6783e+02 6.3209e+02 1.9114e+02 4.5718e-02
7.5809e+02 1.7144e+02 7.8561e+02 1.9168e+02 4.4736e-02
7.0136e+02 1.7176e+02 7.1488e+02 2.0202e+02 4.4254e-02
6.0863e+02 1.6868e+02 6.2775e+02 1.9223e+02 4.3598e-02
5.7803e+02 1.7182e+02 6.0763e+02 1.9102e+02 4.3044e-02
8.2555e+02 2.0100e+02 8.7431e+02 3.2881e+02 4.2721e-02
1.0145e+03 1.6125e+02 1.0616e+03 2.8771e+02 4.2566e-02
7.6637e+02 1.7629e+02 7.9958e+02 1.9937e+02 4.1481e-02
5.7472e+02 1.7153e+02 5.8536e+02 2.2411e+02 4.1205e-02
7.5651e+02 1.6370e+02 7.7719e+02 2.1707e+02 4.0981e-02
6.0511e+02 1.7190e+02 6.3291e+02 1.8936e+02 3.9961e-02
7.7703e+02 1.7769e+02 8.0781e+02 1.9825e+02 3.9925e-02
6.9858e+02 1.7526e+02 7.1226e+02 2.0774e+02 3.9865e-02
8.5681e+02 1.9161e+02 9.2457e+02 2.8105e+02 3.9250e-02
5.7879e+02 1.8236e+02 6.1958e+02 2.0890e+02 3.8916e-02
8.4191e+02 1.6889e+02 9.1862e+02 3.0943e+02 3.8428e-02
6.5189e+02 1.8206e+02 6.7079e+02 2.0181e+02 3.7570e-02
6.5956e+02 1.7877e+02 6.7053e+02 2.0460e+02 3.7523e-02
7.5230e+02 1.6040e+02 7.6788e+02 2.0210e+02 3.7339e-02
7.7324e+02 1.6473e+02 7.9696e+02 2.2667e+02 3.6897e-02
8.2138e+02 1.2835e+02 9.6067e+02 3.7500e+02 3.6321e-02
7.0103e+02 1.7867e+02 7.2130e+02 1.9871e+02 3.6107e-02
7.8047e+02 8.3718e+01 1.1779e+03 3.7500e+02 3.5900e-02
5.7365e+02 1.6145e+02 5.8646e+02 2.0403e+02 3.5870e-02
6.1434e+02 1.7578e+02 6.3169e+02 2.0226e+02 3.5000e-02
7.4890e+02 1.6137e+02 7.6405e+02 2.0186e+02 3.4974e-02
5.8575e+00 1.7232e+02 5.6383e+01 2.9345e+02 3.3842e-02
7.7523e+02 1.6476e+02 7.9076e+02 2.0481e+02 3.2026e-02
7.0194e+02 1.7562e+02 7.1516e+02 2.0743e+02 3.1923e-02
0.0000e+00 1.8673e+02 1.0146e+01 2.4540e+02 3.1366e-02
9.7724e+00 1.7839e+02 3.1669e+01 2.6322e+02 3.0989e-02
0.0000e+00 2.0446e+02 1.8055e+01 3.4326e+02 3.0891e-02
7.0476e+02 1.6972e+02 7.1822e+02 2.0151e+02 3.0750e-02
9.5903e+02 1.6530e+02 1.0120e+03 2.8861e+02 3.0576e-02
0.0000e+00 1.8413e+02 1.3643e+01 2.6125e+02 3.0523e-02
7.3850e+02 1.8065e+02 7.5985e+02 2.1379e+02 2.9973e-02
6.0329e+02 1.6831e+02 6.2226e+02 1.9277e+02 2.9403e-02
8.6256e+02 2.1079e+02 9.0805e+02 3.4248e+02 2.9189e-02
7.6452e+02 1.6313e+02 7.8602e+02 2.1758e+02 2.9078e-02
5.6906e+02 1.7670e+02 6.2812e+02 2.1865e+02 2.8929e-02
5.9312e+02 1.8208e+02 6.1447e+02 2.2458e+02 2.8436e-02
9.7619e+02 1.6293e+02 1.0387e+03 2.8721e+02 2.7700e-02
9.8068e+02 1.8117e+02 1.0543e+03 3.5277e+02 2.7605e-02
7.4130e+02 1.6581e+02 7.7819e+02 2.1223e+02 2.7305e-02
6.5360e+02 1.8464e+02 6.7850e+02 2.0119e+02 2.6951e-02
6.1677e+02 1.6734e+02 6.4404e+02 1.8656e+02 2.6760e-02
7.7835e+02 1.6638e+02 8.0419e+02 2.2893e+02 2.6365e-02
6.1043e+02 1.6797e+02 6.3800e+02 1.8702e+02 2.6207e-02
5.7848e+02 1.7292e+02 5.9126e+02 2.2818e+02 2.6100e-02
8.4982e+02 2.0680e+02 8.7913e+02 2.7936e+02 2.6024e-02
9.1350e+02 1.6179e+02 9.8806e+02 3.7167e+02 2.5726e-02
6.6695e+00 1.7822e+02 2.7515e+01 2.6455e+02 2.5642e-02
7.4183e+02 1.7622e+02 7.7512e+02 1.9942e+02 2.5567e-02
7.5590e+02 1.6024e+02 7.7165e+02 2.0117e+02 2.5331e-02
8.5692e+02 1.8600e+02 9.2686e+02 2.5626e+02 2.5330e-02
7.6449e+02 1.6863e+02 7.8478e+02 1.9517e+02 2.5155e-02
5.7281e+02 1.7392e+02 5.8832e+02 2.0569e+02 2.4931e-02
8.8114e+02 1.7703e+02 9.2351e+02 2.7520e+02 2.4872e-02
5.4552e+00 1.9069e+02 5.5364e+01 3.2129e+02 2.4396e-02
8.5054e+02 2.0514e+02 9.4070e+02 2.5111e+02 2.2671e-02
1.2225e+03 1.0146e+02 1.2420e+03 2.2150e+02 2.2648e-02
8.6570e+02 1.7933e+02 9.0984e+02 2.6812e+02 2.2505e-02
9.4990e+02 1.5409e+02 1.1244e+03 2.4345e+02 2.2356e-02
7.3492e+02 1.5879e+02 7.5877e+02 2.1893e+02 2.1942e-02
5.1234e+00 1.5979e+02 4.6393e+01 2.8334e+02 2.1908e-02
9.9522e+02 1.5468e+02 1.0522e+03 2.5568e+02 2.1877e-02
5.7145e+02 1.6723e+02 6.1475e+02 2.1466e+02 2.1704e-02
7.3520e+02 1.6992e+02 7.5233e+02 1.9410e+02 2.1670e-02
5.8735e+02 1.8396e+02 6.2459e+02 2.0904e+02 2.1594e-02
8.0959e+02 1.9672e+02 9.5524e+02 2.8368e+02 2.1262e-02
9.7568e+02 1.4569e+02 1.1042e+03 3.7500e+02 2.0798e-02
9.9061e+02 1.3819e+02 1.0758e+03 2.9417e+02 2.0620e-02
6.5614e+02 1.7628e+02 6.6723e+02 2.0498e+02 2.0442e-02
6.9387e+02 1.8018e+02 7.2245e+02 1.9612e+02 2.0438e-02
9.3238e+02 1.3880e+02 1.0608e+03 2.9347e+02 2.0265e-02
4.2348e+00 1.7823e+02 2.2047e+01 2.6522e+02 2.0214e-02
1.2071e+03 9.9401e+01 1.2420e+03 2.4373e+02 1.9981e-02
7.0861e+02 1.6955e+02 7.2297e+02 2.0243e+02 1.9941e-02
7.2496e+02 1.7366e+02 7.4236e+02 1.9707e+02 1.9894e-02
6.3215e+02 1.7207e+02 6.4240e+02 2.0187e+02 1.9550e-02
6.0014e+02 1.7193e+02 6.2877e+02 1.9021e+02 1.9333e-02
6.5958e+02 1.8075e+02 6.7833e+02 2.0155e+02 1.9327e-02
7.7324e+02 1.7539e+02 8.0378e+02 1.9506e+02 1.9251e-02
7.7375e+02 4.2358e+01 1.0636e+03 3.7500e+02 1.8986e-02
5.7320e+02 1.7146e+02 6.0232e+02 1.9138e+02 1.8934e-02
5.8799e+02 1.6919e+02 6.3096e+02 2.1870e+02 1.8888e-02
7.0551e+02 1.7960e+02 7.2573e+02 1.9944e+02 1.8836e-02
5.7002e+02 1.7389e+02 5.9739e+02 1.9417e+02 1.8659e-02
8.2792e+02 2.1001e+02 9.0709e+02 3.2599e+02 1.8614e-02
5.7632e+02 1.7478e+02 5.9470e+02 2.1126e+02 1.8336e-02
6.0849e+02 1.5970e+02 6.2308e+02 1.9907e+02 1.8298e-02
5.6958e+02 1.6207e+02 5.8275e+02 2.0443e+02 1.8098e-02
9.6625e+02 1.6233e+02 1.0214e+03 2.7855e+02 1.7841e-02
9.0028e+02 1.8755e+02 1.1058e+03 2.9928e+02 1.7072e-02
7.2655e+02 1.6253e+02 7.3972e+02 2.0236e+02 1.7040e-02
5.6328e+02 1.6802e+02 5.7676e+02 2.0840e+02 1.6762e-02
7.8924e+02 1.6707e+02 8.0334e+02 2.0535e+02 1.6726e-02
7.7199e+02 1.7833e+02 7.9562e+02 2.1550e+02 1.6534e-02
7.6493e+02 1.7189e+02 7.9334e+02 1.9148e+02 1.6518e-02
6.2384e+02 1.7602e+02 6.4138e+02 1.9884e+02 1.6496e-02
5.7719e+02 1.6342e+02 6.0081e+02 2.2512e+02 1.6391e-02
7.4569e+02 1.6071e+02 7.5993e+02 2.0065e+02 1.6225e-02
6.9464e+02 1.8000e+02 7.1541e+02 2.0105e+02 1.6153e-02
5.8364e+02 1.6957e+02 6.0485e+02 1.9368e+02 1.6055e-02
7.0475e+02 1.7503e+02 7.2531e+02 1.9582e+02 1.5656e-02
7.7969e+02 1.6494e+02 7.9514e+02 2.0544e+02 1.5607e-02
5.9793e+02 1.6496e+02 6.1130e+02 2.0568e+02 1.5449e-02
7.4803e+02 1.6862e+02 7.8623e+02 2.1318e+02 1.5442e-02
7.2260e+02 1.7087e+02 7.3606e+02 2.0397e+02 1.5203e-02
6.6594e+02 1.7359e+02 6.7684e+02 2.0376e+02 1.5069e-02
9.7403e+02 1.6935e+02 1.0575e+03 2.5124e+02 1.5038e-02
5.6325e+02 1.7297e+02 5.8267e+02 1.9922e+02 1.4922e-02
7.7583e+02 1.7835e+02 8.1322e+02 2.0281e+02 1.4737e-02
6.1268e+02 1.5941e+02 6.2652e+02 1.9797e+02 1.4656e-02
8.8967e+02 1.7930e+02 9.2689e+02 3.1093e+02 1.4616e-02
6.4843e+02 1.8229e+02 6.6747e+02 2.0127e+02 1.4535e-02
0.0000e+00 1.7080e+02 3.3955e+01 3.6012e+02 1.4416e-02
0.0000e+00 1.4249e+02 3.1571e+01 3.3199e+02 1.4345e-02
9.1373e+02 1.7203e+02 1.0508e+03 3.6137e+02 1.4334e-02
9.3989e+02 1.9663e+02 1.0239e+03 3.6104e+02 1.4231e-02
6.0488e+02 1.5928e+02 6.1902e+02 1.9953e+02 1.4070e-02
8.6762e+02 1.5020e+02 1.1298e+03 3.0763e+02 1.4023e-02
5.7911e+02 1.6795e+02 6.0007e+02 1.9239e+02 1.4013e-02
9.5254e+02 1.6415e+02 1.0003e+03 2.9122e+02 1.3782e-02
8.4459e+02 1.9567e+02 9.3471e+02 2.4191e+02 1.3778e-02
6.5875e+02 1.7145e+02 6.6979e+02 2.0443e+02 1.3761e-02
7.2611e+02 1.7723e+02 7.5387e+02 1.9676e+02 1.3626e-02
6.2372e+02 1.6377e+02 6.4386e+02 1.8658e+02 1.3612e-02
7.6009e+02 1.6077e+02 7.7548e+02 2.0119e+02 1.3546e-02
6.5160e+02 1.7398e+02 6.6338e+02 2.0460e+02 1.3430e-02
5.7016e+02 1.7358e+02 5.8194e+02 2.2442e+02 1.3416e-02
5.6649e+02 1.7341e+02 5.8032e+02 2.2402e+02 1.2994e-02
1.3029e+01 1.7708e+02 3.5554e+01 2.5871e+02 1.2965e-02
6.2015e+02 1.7048e+02 6.3269e+02 2.1675e+02 1.2942e-02
1.1968e+03 1.0396e+02 1.2373e+03 2.3560e+02 1.2888e-02
9.6571e+02 1.8455e+02 1.0171e+03 3.2875e+02 1.2868e-02
6.6430e+02 1.7597e+02 6.7554e+02 2.0466e+02 1.2532e-02
7.3048e+02 1.7186e+02 7.5599e+02 1.9079e+02 1.2192e-02
1.2219e+03 1.2397e+02 1.2420e+03 2.4021e+02 1.2183e-02
1.5374e+00 2.1353e+02 4.5303e+01 3.6791e+02 1.2179e-02
7.0633e+02 1.7554e+02 7.1894e+02 2.0688e+02 1.2162e-02
8.8534e+02 1.7420e+02 1.1175e+03 3.2431e+02 1.1885e-02
7.5056e+02 1.7556e+02 7.8450e+02 2.0060e+02 1.1831e-02
8.8149e+02 1.4191e+02 9.9037e+02 3.7500e+02 1.1768e-02
6.3327e+02 1.6826e+02 6.4372e+02 2.0019e+02 1.1764e-02
6.9502e+02 1.7709e+02 7.2201e+02 1.9280e+02 1.1703e-02
7.4752e+02 1.6966e+02 7.7341e+02 1.8907e+02 1.1701e-02
1.4686e+01 1.7609e+02 6.5383e+01 2.8863e+02 1.1675e-02
7.6433e+02 1.6048e+02 7.7936e+02 2.0234e+02 1.1652e-02
5.9933e+02 1.6863e+02 6.1856e+02 1.9278e+02 1.1587e-02
6.2303e+02 1.5794e+02 6.3442e+02 1.9331e+02 1.1405e-02
0.0000e+00 1.7877e+02 1.6610e+01 2.7913e+02 1.1379e-02
7.3134e+02 1.6835e+02 7.4842e+02 1.9323e+02 1.1278e-02
5.6583e+02 1.7423e+02 5.9250e+02 1.9430e+02 1.1232e-02
5.7564e+02 1.8544e+02 6.1655e+02 2.1221e+02 1.1122e-02
7.7910e+02 1.7548e+02 8.0692e+02 1.9398e+02 1.1090e-02
7.8105e+02 1.7222e+02 8.0021e+02 1.9664e+02 1.0940e-02
7.6196e+02 1.7006e+02 8.0516e+02 2.1438e+02 1.0899e-02
9.4435e+02 1.8413e+02 9.9268e+02 3.3582e+02 1.0863e-02
7.5546e+02 1.6807e+02 7.9591e+02 2.1352e+02 1.0851e-02
7.6213e+02 1.7975e+02 8.0303e+02 2.0500e+02 1.0729e-02
9.5919e+02 1.5566e+02 1.0111e+03 2.5733e+02 1.0535e-02
9.7279e+02 1.6208e+02 1.0637e+03 2.3409e+02 1.0492e-02
0.0000e+00 2.7724e+02 2.9476e+01 3.7500e+02 1.0388e-02
1.0132e+03 1.5213e+02 1.0628e+03 2.5323e+02 1.0384e-02
8.5080e+02 1.9719e+02 8.7825e+02 2.6584e+02 1.0363e-02
6.2554e+02 1.5269e+02 6.3917e+02 1.9165e+02 1.0310e-02
7.1315e-01 1.8971e+02 5.1780e+01 2.6265e+02 1.0168e-02
1.2230e+03 8.3835e+01 1.2420e+03 1.9363e+02 1.0167e-02
6.2783e+02 1.7636e+02 6.4462e+02 1.9845e+02 1.0079e-02
4.7073e+00 2.1812e+02 6.3512e+01 3.7500e+02 1.0055e-02
7.3035e+02 1.7074e+02 7.4438e+02 2.1267e+02 9.9765e-03
7.2940e+02 1.7853e+02 7.6008e+02 1.9929e+02 9.9329e-03
8.2325e+02 1.7288e+02 9.3204e+02 2.7656e+02 9.9320e-03
7.2669e+02 1.6767e+02 7.4459e+02 1.9338e+02 9.8654e-03
7.3385e+02 1.6429e+02 7.7264e+02 2.0942e+02 9.8174e-03
7.3263e+02 1.7770e+02 7.5292e+02 2.0785e+02 9.6880e-03
8.5306e+02 2.0296e+02 8.8303e+02 2.7190e+02 9.6461e-03
6.6243e+02 1.7836e+02 6.8012e+02 2.0127e+02 9.6376e-03
0.0000e+00 1.4348e+02 9.6271e+00 1.9833e+02 9.5391e-03
6.3395e+02 1.6404e+02 6.4541e+02 1.9697e+02 9.4183e-03
6.4551e+02 1.6229e+02 6.5776e+02 1.9929e+02 9.3830e-03
7.9470e+02 1.6989e+02 8.0998e+02 2.1410e+02 9.3109e-03
8.7467e+02 1.5744e+02 9.4236e+02 3.3880e+02 9.2729e-03
7.2892e+02 1.7547e+02 7.4803e+02 2.0258e+02 9.1585e-03
7.0096e+02 1.7157e+02 7.2228e+02 1.9462e+02 9.1107e-03
8.5625e+02 2.0282e+02 9.1955e+02 3.7462e+02 9.0757e-03
0.0000e+00 1.4347e+02 1.8644e+01 2.7037e+02 8.8889e-03
7.4992e+02 1.6573e+02 7.7120e+02 1.9034e+02 8.6236e-03
6.5505e+02 1.8060e+02 6.6793e+02 2.0720e+02 8.5688e-03
7.1427e+02 1.7401e+02 7.2702e+02 2.0521e+02 8.4811e-03
6.0504e+02 1.6882e+02 6.3400e+02 1.8673e+02 8.2695e-03
6.1997e+02 1.6342e+02 6.3914e+02 1.8518e+02 8.2030e-03
6.1726e+02 1.6355e+02 6.4565e+02 1.8155e+02 8.1735e-03
6.2786e+02 1.5477e+02 6.4306e+02 1.9138e+02 8.1393e-03
7.3216e+02 1.7954e+02 7.6881e+02 2.0380e+02 8.1067e-03
0.0000e+00 2.1362e+02 3.2502e+01 3.7500e+02 7.9821e-03
9.6881e+02 1.5135e+02 1.0173e+03 2.5383e+02 7.9751e-03
9.6518e+02 1.7344e+02 1.0774e+03 2.2780e+02 7.8647e-03
0.0000e+00 1.1088e+02 3.2701e+01 2.9414e+02 7.8171e-03
1.2037e+03 8.2384e+01 1.2420e+03 2.7053e+02 7.7185e-03
1.5014e+01 1.9217e+02 6.5684e+01 3.1865e+02 7.6366e-03
8.1527e+02 1.8539e+02 9.6209e+02 2.7051e+02 7.6274e-03
0.0000e+00 1.8873e+02 2.4079e+01 2.5875e+02 7.5651e-03
6.4600e+02 1.8417e+02 6.7259e+02 1.9968e+02 7.4839e-03
5.5866e+00 2.1097e+02 5.4762e+01 3.5599e+02 7.4308e-03
7.1065e+02 1.7611e+02 7.2354e+02 2.0828e+02 7.3824e-03
8.4869e+02 2.0793e+02 8.7239e+02 2.8749e+02 7.3132e-03
7.7628e+02 1.6008e+02 8.0571e+02 2.2044e+02 7.2838e-03
7.1985e+00 1.9095e+02 6.6288e+01 3.5454e+02 7.2819e-03
6.8372e+02 1.7993e+02 7.1235e+02 1.9660e+02 7.1384e-03
7.9905e+02 2.0602e+02 9.3431e+02 3.7500e+02 7.0427e-03
5.9044e+02 1.8694e+02 6.2787e+02 2.1288e+02 6.9823e-03
7.7702e+02 1.7511e+02 7.9254e+02 2.3093e+02 6.9739e-03
7.4735e+02 1.6682e+02 7.6734e+02 1.9062e+02 6.9706e-03
7.4426e+02 1.7242e+02 8.0284e+02 2.0858e+02 6.9047e-03
7.1429e+02 1.1107e+02 1.2420e+03 3.7500e+02 6.8940e-03
9.8212e+02 1.5668e+02 1.0359e+03 2.6148e+02 6.8716e-03
5.7487e+02 1.6897e+02 6.3754e+02 2.0557e+02 6.8696e-03
5.8505e+02 1.5882e+02 5.9940e+02 2.0054e+02 6.8287e-03
8.3031e+02 1.9934e+02 9.6526e+02 3.7500e+02 6.8275e-03
6.9164e+02 1.8077e+02 7.1214e+02 2.0037e+02 6.8225e-03
8.0814e+02 2.1805e+02 9.4625e+02 3.0949e+02 6.7750e-03
7.8605e+02 1.7498e+02 8.0451e+02 2.2315e+02 6.7147e-03
6.6443e+02 1.7936e+02 6.8379e+02 1.9995e+02 6.6669e-03
6.9592e+02 1.7628e+02 7.0792e+02 2.0831e+02 6.6647e-03
5.9809e+02 1.6187e+02 6.2575e+02 2.4471e+02 6.6531e-03
5.7528e+02 1.7567e+02 6.1690e+02 2.2925e+02 6.6515e-03
9.4836e+02 1.6014e+02 9.9024e+02 2.9409e+02 6.6212e-03
1.6150e+01 1.7952e+02 3.9118e+01 2.5445e+02 6.5374e-03
9.7748e+02 1.5264e+02 1.0255e+03 2.5442e+02 6.4856e-03
1.1855e+03 1.0593e+02 1.2311e+03 2.3705e+02 6.4832e-03
5.7426e+02 1.6713e+02 5.9457e+02 1.9184e+02 6.4344e-03
5.6576e+02 1.6172e+02 5.7897e+02 2.0384e+02 6.4230e-03
7.2985e+02 1.7053e+02 7.8525e+02 2.0736e+02 6.3940e-03
0.0000e+00 3.2487e+02 1.3479e+01 3.7500e+02 6.3391e-03
5.6614e+02 1.6997e+02 6.2446e+02 2.0542e+02 6.3372e-03
6.4249e+02 1.6144e+02 6.5473e+02 1.9932e+02 6.3020e-03
6.0555e+02 1.6436e+02 6.2620e+02 1.8794e+02 6.2620e-03
6.6944e+02 1.7241e+02 6.8145e+02 2.0431e+02 6.2172e-03
0.0000e+00 1.1808e+02 1.6732e+01 2.4098e+02 6.1972e-03
7.4622e+02 1.5766e+02 7.7509e+02 2.1845e+02 6.1735e-03
7.7174e+02 1.6792e+02 7.9276e+02 1.9312e+02 6.1628e-03
7.0842e+02 1.6191e+02 7.2370e+02 1.9780e+02 6.1113e-03
6.8886e+02 1.8316e+02 7.1874e+02 1.9818e+02 6.1045e-03
8.9619e+02 1.6474e+02 9.6440e+02 3.7454e+02 6.0999e-03
6.9354e+02 1.8504e+02 7.1551e+02 2.0677e+02 6.0414e-03
7.6488e+02 1.6698e+02 7.8907e+02 2.4023e+02 6.0187e-03
6.2150e+02 1.7237e+02 6.4844e+02 1.8967e+02 5.9724e-03
6.4897e+02 1.6184e+02 6.6136e+02 2.0127e+02 5.9630e-03
7.5489e+02 1.6934e+02 7.8297e+02 1.8873e+02 5.9598e-03
5.8113e+02 1.5762e+02 5.9542e+02 2.0117e+02 5.9564e-03
7.1951e+02 1.7449e+02 7.3946e+02 1.9681e+02 5.8523e-03
2.6375e+00 1.8056e+02 4.7777e+01 3.5317e+02 5.7758e-03
7.8248e+02 1.7608e+02 7.9774e+02 2.2852e+02 5.7508e-03
2.5872e+01 1.7589e+02 7.2194e+01 2.8771e+02 5.7420e-03
8.2499e+02 2.0230e+02 8.6259e+02 3.1909e+02 5.7179e-03
8.2415e+02 1.5800e+02 8.9437e+02 3.3353e+02 5.7043e-03
7.9333e+02 1.6529e+02 8.0782e+02 2.0617e+02 5.7038e-03
6.1980e+02 1.7754e+02 6.4686e+02 1.9648e+02 5.6967e-03
5.8376e+02 1.5335e+02 6.1535e+02 2.2555e+02 5.6656e-03
8.6297e+02 1.9735e+02 9.9220e+02 3.7500e+02 5.6626e-03
8.4555e+02 1.6784e+02 1.0118e+03 3.7500e+02 5.6178e-03
6.9327e+02 1.8309e+02 7.2530e+02 1.9789e+02 5.5828e-03
5.7084e+02 1.6705e+02 5.8942e+02 1.9203e+02 5.5688e-03
7.6743e+02 1.6012e+02 7.8231e+02 2.0219e+02 5.5037e-03
6.0166e+02 1.5899e+02 6.1542e+02 2.0006e+02 5.4765e-03
8.4759e+02 2.0325e+02 8.7387e+02 2.7067e+02 5.4509e-03
7.4161e+02 1.6982e+02 7.6596e+02 1.8831e+02 5.4036e-03
7.7929e+02 1.8037e+02 7.9519e+02 2.3636e+02 5.3735e-03
1.2237e+03 1.4129e+02 1.2420e+03 2.5560e+02 5.3612e-03
9.2881e+02 1.3786e+02 1.0026e+03 3.1499e+02 5.3550e-03
5.5083e+02 1.6748e+02 5.6388e+02 2.1267e+02 5.3301e-03
7.4774e+02 1.6366e+02 7.7325e+02 2.3845e+02 5.3271e-03
5.9992e+02 1.6849e+02 6.2855e+02 1.8690e+02 5.3200e-03
7.4461e+02 1.8290e+02 7.6649e+02 2.1455e+02 5.3166e-03
5.4628e+02 1.6593e+02 5.5844e+02 2.0773e+02 5.3048e-03
6.2847e+02 1.6643e+02 6.4740e+02 1.8924e+02 5.2973e-03
9.6522e+02 1.8356e+02 1.0803e+03 2.3928e+02 5.2874e-03
1.0078e+03 1.5642e+02 1.0570e+03 2.4119e+02 5.2870e-03
8.9804e+02 1.8219e+02 1.0751e+03 3.6952e+02 5.2864e-03
0.0000e+00 1.5478e+02 8.8808e+00 2.1020e+02 5.2819e-03
8.4529e+02 1.8333e+02 9.1719e+02 2.4430e+02 5.2801e-03
0.0000e+00 1.9476e+02 9.6304e+01 2.3798e+02 5.2767e-03
8.6891e+02 1.8869e+02 8.9236e+02 2.4346e+02 5.2203e-03
9.4315e+02 1.3288e+02 1.0176e+03 3.0061e+02 5.2019e-03
7.0450e+02 1.6207e+02 7.2008e+02 1.9878e+02 5.1965e-03
1.2133e+03 8.9992e+01 1.2420e+03 2.2586e+02 5.1648e-03
1.2079e+03 1.2486e+02 1.2411e+03 2.6259e+02 5.1613e-03
5.7698e+02 1.5585e+02 5.9050e+02 2.0060e+02 5.1587e-03
1.1317e+01 1.6108e+02 3.1002e+01 2.5074e+02 5.0432e-03
5.8800e+02 1.6960e+02 6.0855e+02 1.9317e+02 5.0377e-03
0.0000e+00 1.7403e+02 8.8501e+00 2.3290e+02 5.0274e-03
0.0000e+00 1.5307e+02 4.5989e+01 3.3161e+02 5.0243e-03
7.0844e+02 1.7500e+02 7.2890e+02 1.9567e+02 4.9927e-03
6.4697e+02 1.7284e+02 6.5923e+02 2.0366e+02 4.9791e-03
1.2207e+03 1.2019e+02 1.2420e+03 1.8849e+02 4.9260e-03
9.7793e+02 1.3700e+02 1.0692e+03 2.6814e+02 4.9138e-03
8.3456e+02 1.8551e+02 1.0792e+03 3.4164e+02 4.9113e-03
3.4696e-01 2.0588e+02 4.5920e+01 3.7500e+02 4.9028e-03
5.4158e+02 1.6557e+02 5.5474e+02 2.0825e+02 4.8773e-03
6.8581e+02 1.8105e+02 7.0726e+02 1.9984e+02 4.8653e-03
8.4544e+02 1.7697e+02 8.8798e+02 2.6060e+02 4.8463e-03
7.8493e+02 1.6521e+02 7.9997e+02 2.0471e+02 4.8336e-03
8.8341e+02 1.8938e+02 9.0894e+02 2.6089e+02 4.7403e-03
0.0000e+00 1.9930e+02 1.2730e+01 2.3425e+02 4.7223e-03
6.2458e+02 1.6060e+02 6.4717e+02 1.8308e+02 4.7093e-03
1.1684e+03 8.2473e+01 1.2347e+03 2.7204e+02 4.6601e-03
7.3277e+02 1.5923e+02 7.4599e+02 1.9978e+02 4.6441e-03
6.9798e+02 1.6791e+02 7.1321e+02 2.0217e+02 4.6384e-03
5.9120e+02 1.6675e+02 6.1863e+02 2.5195e+02 4.6361e-03
7.0117e+02 1.8086e+02 7.3011e+02 1.9612e+02 4.6116e-03
1.0867e+03 0.0000e+00 1.2420e+03 3.7500e+02 4.6034e-03
5.6908e+02 1.7133e+02 5.9644e+02 1.9056e+02 4.5685e-03
8.5819e+02 2.0879e+02 8.8528e+02 2.7761e+02 4.5439e-03
9.2583e+02 2.0632e+02 1.0084e+03 3.6171e+02 4.5199e-03
7.8782e+02 1.7345e+02 8.0914e+02 2.0027e+02 4.5114e-03
1.2203e+03 1.0728e+02 1.2420e+03 1.6838e+02 4.4965e-03
0.0000e+00 1.6536e+02 7.4935e+00 2.2786e+02 4.4840e-03
6.2909e+02 1.7082e+02 6.4623e+02 1.9334e+02 4.4351e-03
6.2135e+02 1.6774e+02 6.4955e+02 1.8568e+02 4.4296e-03
7.4183e+02 1.5969e+02 7.5546e+02 2.0121e+02 4.4129e-03
5.9433e+02 1.6877e+02 6.1378e+02 1.9236e+02 4.3876e-03
6.2429e+02 1.7255e+02 6.3649e+02 2.1318e+02 4.3818e-03
7.1261e+02 1.6631e+02 7.2715e+02 2.0171e+02 4.3794e-03
7.2159e+02 1.6163e+02 7.3604e+02 1.9993e+02 4.3759e-03
7.1794e+02 1.7031e+02 7.3115e+02 2.0409e+02 4.3657e-03
9.5354e+02 1.6707e+02 1.0819e+03 3.3813e+02 4.3340e-03
6.1493e+02 1.7911e+02 6.4201e+02 1.9661e+02 4.3001e-03
6.2836e+00 1.6406e+02 6.4949e+01 3.2660e+02 4.2629e-03
7.6823e+02 1.7478e+02 8.1081e+02 2.1991e+02 4.2517e-03
5.7823e+02 1.5256e+02 6.0974e+02 2.2644e+02 4.2488e-03
5.8819e+02 1.6031e+02 6.0241e+02 2.0110e+02 4.2435e-03
8.0793e+02 2.3105e+02 9.2494e+02 2.8481e+02 4.2435e-03
8.7413e+02 2.0616e+02 9.0219e+02 2.7541e+02 4.2434e-03
1.2182e+03 1.4284e+02 1.2420e+03 2.1139e+02 4.2396e-03
6.2389e+02 1.6474e+02 6.5354e+02 1.8315e+02 4.2241e-03
6.5842e+02 1.7973e+02 6.8493e+02 1.9840e+02 4.2181e-03
6.1136e+02 1.7926e+02 6.3037e+02 2.0789e+02 4.1708e-03
7.7338e+02 1.7261e+02 8.0247e+02 1.9116e+02 4.1505e-03
1.0119e+03 1.5718e+02 1.0864e+03 3.2245e+02 4.1431e-03
6.5048e+02 1.8008e+02 6.6463e+02 2.0854e+02 4.1360e-03
6.0992e+02 1.7562e+02 6.2448e+02 2.2948e+02 4.1314e-03
7.5543e+02 1.6479e+02 7.7974e+02 2.4156e+02 4.1300e-03
7.3722e+02 1.5916e+02 7.5000e+02 2.0107e+02 4.1255e-03
8.5613e+02 1.9589e+02 8.7965e+02 2.5270e+02 4.1119e-03
8.7166e+00 2.2712e+02 8.4845e+01 3.7107e+02 4.1071e-03
5.4845e+02 1.6702e+02 5.6500e+02 2.1860e+02 4.0955e-03
2.3375e+00 1.8741e+02 6.4456e+01 2.5370e+02 4.0696e-03
6.5294e+02 1.8071e+02 6.7825e+02 1.9809e+02 4.0231e-03
6.1371e+02 1.6350e+02 6.3311e+02 1.8645e+02 4.0094e-03
0.0000e+00 1.9425e+02 5.2662e+01 3.7500e+02 3.9879e-03
0.0000e+00 1.4527e+02 3.7284e+01 2.8658e+02 3.9671e-03
2.4428e+01 1.9193e+02 7.4391e+01 3.1561e+02 3.9515e-03
1.2018e+03 2.8666e+02 1.2420e+03 3.7500e+02 3.9334e-03
1.2250e+03 1.6945e+02 1.2420e+03 2.7109e+02 3.8745e-03
1.1988e+03 1.2802e+02 1.2365e+03 2.5249e+02 3.7999e-03
7.7564e+02 1.8379e+02 7.9979e+02 2.1766e+02 3.7804e-03
8.7286e+02 1.8609e+02 8.9468e+02 2.4092e+02 3.7796e-03
1.1757e+03 1.0311e+02 1.2261e+03 2.2855e+02 3.6899e-03
0.0000e+00 3.5571e+02 5.9982e+00 3.7500e+02 3.6871e-03
7.2630e+02 1.6680e+02 7.6781e+02 2.1347e+02 3.6460e-03
7.5253e+02 1.5775e+02 7.8188e+02 2.2017e+02 3.6404e-03
6.2716e+02 1.6364e+02 6.4908e+02 1.8600e+02 3.6297e-03
0.0000e+00 2.2644e+02 1.6827e+01 3.6577e+02 3.6278e-03
6.1177e+02 1.6358e+02 6.4098e+02 1.8264e+02 3.6111e-03
6.8144e+02 1.8121e+02 7.0271e+02 1.9928e+02 3.5989e-03
0.0000e+00 1.9256e+02 4.2063e+01 2.7586e+02 3.5921e-03
5.5456e+02 1.6790e+02 5.6780e+02 2.1265e+02 3.5554e-03
0.0000e+00 3.1672e+02 4.3728e+01 3.7500e+02 3.5499e-03
5.7998e+02 1.6876e+02 6.0948e+02 1.8783e+02 3.5478e-03
9.3670e+02 1.8265e+02 1.1292e+03 2.9013e+02 3.5304e-03
6.0831e+02 1.7930e+02 6.3620e+02 1.9770e+02 3.5237e-03
1.2132e+03 1.1375e+02 1.2420e+03 1.5870e+02 3.4961e-03
5.8317e+02 1.7867e+02 5.9755e+02 2.3463e+02 3.4682e-03
7.4010e+02 1.6412e+02 7.6552e+02 2.3625e+02 3.4543e-03
5.7321e+02 1.4966e+02 5.8640e+02 1.9488e+02 3.4123e-03
0.0000e+00 1.9808e+02 3.7578e+01 2.4652e+02 3.4063e-03
0.0000e+00 2.0395e+02 1.2913e+01 2.4309e+02 3.3866e-03
8.9817e+02 0.0000e+00 1.2317e+03 3.7500e+02 3.3739e-03
7.4436e+02 1.6682e+02 7.6337e+02 1.8952e+02 3.3705e-03
1.1528e+03 0.0000e+00 1.2420e+03 1.8255e+02 3.3675e-03
8.9570e+02 2.0281e+02 1.0242e+03 3.7500e+02 3.3241e-03
7.8457e+02 1.7143e+02 8.0530e+02 1.9586e+02 3.2985e-03
9.2982e+02 7.7117e+01 1.0729e+03 3.5447e+02 3.2945e-03
8.1766e+02 2.1095e+02 8.6731e+02 3.3066e+02 3.2938e-03
1.2113e+03 1.2819e+02 1.2420e+03 1.7677e+02 3.2789e-03
6.9500e+02 1.7271e+02 7.1622e+02 1.9426e+02 3.2433e-03
7.5526e+02 1.7552e+02 8.1624e+02 2.0906e+02 3.2416e-03
4.0799e-01 1.6767e+02 1.7648e+01 2.5667e+02 3.2095e-03
0.0000e+00 1.9279e+02 1.1951e+01 2.2580e+02 3.2078e-03
7.7563e+02 1.6833e+02 7.9717e+02 1.9303e+02 3.1930e-03
7.6135e+02 1.6888e+02 7.9115e+02 1.8884e+02 3.1811e-03
1.2077e+03 1.3473e+02 1.2420e+03 1.8535e+02 3.1775e-03
6.5205e+02 1.8651e+02 6.7504e+02 2.0504e+02 3.1466e-03
7.0041e+02 1.7616e+02 7.2893e+02 1.9211e+02 3.1463e-03
0.0000e+00 1.4271e+02 2.4922e+01 2.8068e+02 3.1245e-03
5.9287e+02 1.5278e+02 6.2324e+02 2.2541e+02 3.1000e-03
8.2214e+00 1.5419e+02 5.5241e+01 2.7252e+02 3.0684e-03
1.1509e+03 7.9856e+01 1.2282e+03 2.6525e+02 3.0619e-03
1.2138e+03 1.2121e+02 1.2420e+03 1.6788e+02 3.0424e-03
7.3952e+02 1.5436e+02 7.6842e+02 2.1839e+02 3.0393e-03
7.6012e+02 1.5697e+02 7.8937e+02 2.1895e+02 3.0386e-03
9.1325e+02 0.0000e+00 1.2420e+03 1.4477e+02 3.0325e-03
1.2091e+03 1.5121e+02 1.2420e+03 1.9993e+02 2.8050e-03
9.6270e+02 1.6826e+02 1.1468e+03 2.4804e+02 2.7908e-03
1.1847e+03 8.2521e+01 1.2385e+03 2.7810e+02 2.7860e-03
0.0000e+00 8.0009e+01 3.0752e+01 2.6030e+02 2.7761e-03
1.0220e+03 1.8056e+02 1.0670e+03 3.1245e+02 2.7666e-03
8.9145e+02 1.7790e+02 9.2508e+02 3.5850e+02 2.7580e-03
1.1915e+03 3.1942e+02 1.2420e+03 3.7500e+02 2.7546e-03
8.6711e+02 1.1717e+02 1.0791e+03 3.2836e+02 2.7446e-03
0.0000e+00 1.6337e+01 1.3348e+02 3.7500e+02 2.7149e-03
0.0000e+00 1.8664e+02 4.2534e+01 2.5501e+02 2.7071e-03
1.2226e+03 6.2581e+01 1.2420e+03 1.7018e+02 2.6917e-03
8.2413e+02 1.2601e+02 1.1503e+03 2.9990e+02 2.6457e-03
1.2037e+03 3.4218e+01 1.2420e+03 2.3037e+02 2.6346e-03
0.0000e+00 1.9830e+02 8.6117e+01 2.4867e+02 2.5898e-03
7.8410e+02 1.6403e+02 8.1114e+02 2.3326e+02 2.5488e-03
1.0744e+03 0.0000e+00 1.2420e+03 6.5660e+01 2.4742e-03
0.0000e+00 1.7717e+02 2.2837e+01 2.4326e+02 2.4215e-03
3.4331e+01 1.7837e+02 7.7415e+01 2.9349e+02 2.4127e-03
9.3821e+02 1.7795e+02 9.8272e+02 3.3605e+02 2.4072e-03
7.7740e+02 8.6490e+01 9.2370e+02 3.7500e+02 2.3921e-03
1.2255e+03 2.1949e+02 1.2420e+03 3.2399e+02 2.3843e-03
1.1549e+03 1.7693e+02 1.2420e+03 3.7500e+02 2.3503e-03
5.7264e+02 1.6573e+02 5.9802e+02 2.4174e+02 2.3255e-03
9.6739e+02 1.7835e+02 1.0535e+03 2.6884e+02 2.3122e-03
8.4080e+02 1.8897e+02 9.3131e+02 2.3240e+02 2.2976e-03
1.1366e+01 3.2917e+02 5.1169e+01 3.7500e+02 2.2916e-03
1.0261e+03 1.5940e+02 1.0653e+03 2.8303e+02 2.2878e-03
7.9301e+02 2.6131e+02 1.0162e+03 3.7500e+02 2.2120e-03
9.9377e+02 0.0000e+00 1.2420e+03 2.0042e+02 2.2087e-03
0.0000e+00 2.6072e+02 9.4003e+01 3.7500e+02 2.1797e-03
1.8142e+01 3.3122e+02 5.8514e+01 3.7500e+02 2.1607e-03
1.5575e+01 2.0206e+02 8.5169e+01 3.4806e+02 2.1578e-03
8.1009e-01 1.9453e+02 6.2836e+01 2.7314e+02 2.1546e-03
8.2844e+02 1.9795e+02 8.5816e+02 2.9571e+02 2.1360e-03
8.6846e+02 2.0159e+02 1.1086e+03 3.4460e+02 2.1131e-03
0.0000e+00 2.6620e+02 1.5538e+02 3.7500e+02 2.1120e-03
9.6013e+02 1.6815e+02 1.0677e+03 2.1610e+02 2.0971e-03
7.6534e+02 1.6622e+02 8.1386e+02 2.1201e+02 2.0864e-03
1.2233e+03 3.3093e+02 1.2420e+03 3.7500e+02 2.0850e-03
5.5179e-01 2.8894e+02 6.9854e+01 3.7500e+02 2.0838e-03
0.0000e+00 2.0104e+02 2.3615e+01 2.7675e+02 2.0617e-03
1.2036e+03 0.0000e+00 1.2420e+03 9.3156e+01 2.0463e-03
1.1556e+03 0.0000e+00 1.2420e+03 3.3865e+02 2.0342e-03
7.6697e+02 2.0735e+02 9.0642e+02 3.7500e+02 2.0283e-03
0.0000e+00 2.8465e+02 4.9415e+01 3.7500e+02 2.0041e-03
8.1078e+02 1.7651e+02 9.5808e+02 2.5259e+02 1.9899e-03
1.2093e+03 1.5277e+02 1.2394e+03 2.6899e+02 1.9478e-03
9.6104e+02 1.6010e+02 1.0458e+03 2.3819e+02 1.9387e-03
7.8382e+02 1.8616e+02 1.0120e+03 3.4746e+02 1.9084e-03
1.1897e+01 2.9071e+02 8.4754e+01 3.7500e+02 1.8845e-03
9.0740e+02 1.5894e+02 1.0358e+03 3.3249e+02 1.8831e-03
1.2192e+03 9.2574e+01 1.2420e+03 1.5256e+02 1.8589e-03
7.2528e+02 1.5636e+02 7.5081e+02 2.2347e+02 1.8589e-03
8.0447e+02 2.2023e+02 9.8679e+02 3.7500e+02 1.8562e-03
5.8038e+00 3.2719e+02 4.2261e+01 3.7500e+02 1.8547e-03
0.0000e+00 2.3415e+02 2.3312e+01 3.0900e+02 1.8032e-03
1.2138e+03 9.9297e+01 1.2420e+03 1.4318e+02 1.8019e-03
1.1128e+03 0.0000e+00 1.2420e+03 9.0505e+01 1.7916e-03
0.0000e+00 3.5069e+02 2.0181e+01 3.7500e+02 1.7891e-03
8.6393e+02 2.1439e+02 1.0592e+03 3.7500e+02 1.7840e-03
0.0000e+00 1.9877e+02 4.9568e+01 2.8782e+02 1.7673e-03
0.0000e+00 3.2608e+02 5.8473e+01 3.7500e+02 1.7547e-03
0.0000e+00 9.8064e+01 1.6601e+01 2.1214e+02 1.7393e-03
6.0617e+02 1.6076e+02 6.3282e+02 2.3122e+02 1.7045e-03
8.0516e+02 1.8090e+02 8.7964e+02 3.5851e+02 1.6963e-03
0.0000e+00 1.2330e+02 2.0068e+02 3.7500e+02 1.6954e-03
2.6753e+01 3.3281e+02 6.6051e+01 3.7500e+02 1.6816e-03
0.0000e+00 1.5581e+02 4.1238e+01 2.6659e+02 1.6797e-03
0.0000e+00 1.3258e+02 2.8422e+02 3.7500e+02 1.6672e-03
8.7254e+02 2.0711e+02 9.1081e+02 3.4935e+02 1.6656e-03
7.4760e+02 1.6883e+02 8.1252e+02 2.0564e+02 1.6435e-03
1.7189e+01 1.5672e+02 6.3968e+01 2.6782e+02 1.6431e-03
9.2621e+02 1.9781e+02 1.0539e+03 3.7500e+02 1.6382e-03
1.2108e+03 2.0136e+02 1.2420e+03 2.4461e+02 1.6235e-03
1.2196e+03 1.5765e+02 1.2420e+03 2.2399e+02 1.6193e-03
7.4035e+00 1.8085e+02 7.6851e+01 2.4636e+02 1.6116e-03
9.4232e+02 1.7308e+02 1.0556e+03 2.2639e+02 1.5583e-03
9.0001e+02 7.7369e+01 1.0908e+03 3.7500e+02 1.5459e-03
1.0771e+03 2.6092e+02 1.2420e+03 3.7500e+02 1.5420e-03
7.3113e+02 1.6410e+02 7.5976e+02 2.3872e+02 1.5378e-03
9.4100e+02 1.6528e+02 9.7939e+02 2.8779e+02 1.5204e-03
1.2137e+03 9.0384e+01 1.2420e+03 1.3508e+02 1.5028e-03
1.2265e+03 0.0000e+00 1.2420e+03 5.0093e+01 1.4957e-03
7.6776e+02 1.5588e+02 7.9973e+02 2.2085e+02 1.4804e-03
0.0000e+00 3.2357e+02 3.3596e+01 3.7500e+02 1.4348e-03
9.1385e+02 1.4660e+02 1.0892e+03 2.5176e+02 1.4297e-03
1.5592e+01 1.8819e+02 8.5326e+01 2.5110e+02 1.4294e-03
9.1370e+02 1.3779e+02 9.8341e+02 3.0973e+02 1.4286e-03
5.7082e+02 1.5219e+02 6.0025e+02 2.2198e+02 1.4170e-03
1.2203e+03 1.8493e+02 1.2420e+03 2.4767e+02 1.3723e-03
1.1973e+03 1.1469e+02 1.2420e+03 2.4422e+02 1.3678e-03
1.0244e+03 1.5460e+02 1.0659e+03 2.4779e+02 1.3625e-03
5.7277e+02 1.6119e+02 6.2304e+02 2.1078e+02 1.3618e-03
6.0067e+02 1.5291e+02 6.2983e+02 2.2368e+02 1.3539e-03
1.2253e+03 1.9029e+02 1.2420e+03 2.8739e+02 1.3488e-03
1.1214e+03 2.4759e+02 1.2420e+03 3.7500e+02 1.3391e-03
7.8364e+02 1.5809e+02 8.1382e+02 2.2167e+02 1.3370e-03
1.2206e+03 3.5298e+02 1.2420e+03 3.7500e+02 1.3242e-03
0.0000e+00 3.2582e+02 2.2169e+01 3.7500e+02 1.3222e-03
8.5588e+02 2.0033e+02 9.1991e+02 3.0775e+02 1.3202e-03
7.3737e+02 1.6004e+02 7.8400e+02 2.0804e+02 1.3126e-03
9.6457e+02 1.4374e+02 1.0083e+03 2.4271e+02 1.2992e-03
1.2249e+03 0.0000e+00 1.2420e+03 1.0932e+02 1.2825e-03
5.6621e-01 2.1208e+02 5.2829e+01 3.0762e+02 1.2745e-03
9.9277e+02 1.6972e+02 1.0678e+03 2.5391e+02 1.2718e-03
1.1636e+03 0.0000e+00 1.2420e+03 3.5142e+01 1.2587e-03
5.7922e+02 1.3651e+02 6.3599e+02 2.8179e+02 1.2575e-03
2.4028e+01 2.0738e+02 7.4257e+01 3.4515e+02 1.2339e-03
1.2092e+03 1.6600e+02 1.2420e+03 2.1307e+02 1.2209e-03
1.2139e+03 7.1772e+01 1.2420e+03 1.9944e+02 1.2153e-03
1.4456e+01 2.1443e+02 6.4295e+01 3.5232e+02 1.2124e-03
1.8029e+01 1.7138e+02 8.2383e+01 3.1738e+02 1.2008e-03
8.3160e+02 2.0186e+02 8.6576e+02 2.8213e+02 1.1933e-03
9.5306e+02 1.3610e+02 1.0353e+03 2.6362e+02 1.1919e-03
9.8864e+02 1.4620e+02 1.0304e+03 2.3052e+02 1.1876e-03
7.7547e+02 1.6208e+02 9.5416e+02 3.7500e+02 1.1694e-03
0.0000e+00 0.0000e+00 6.6041e+01 1.5311e+02 1.1641e-03
8.2832e+02 2.2414e+02 9.4264e+02 2.7483e+02 1.1589e-03
9.7698e+02 1.7076e+02 1.0885e+03 2.1757e+02 1.1544e-03
7.7097e+02 1.7268e+02 7.9830e+02 2.5504e+02 1.1481e-03
8.4699e+02 2.6735e+02 1.0753e+03 3.7500e+02 1.1462e-03
1.0178e+03 1.3670e+02 1.0908e+03 2.9026e+02 1.1379e-03
8.0144e+02 2.3319e+02 9.3814e+02 3.2533e+02 1.1365e-03
0.0000e+00 1.1480e+02 4.6957e+01 2.9510e+02 1.1289e-03
9.4924e+02 1.5503e+02 9.9281e+02 2.5564e+02 1.1258e-03
2.6333e+01 1.5627e+02 7.1463e+01 2.6612e+02 1.1233e-03
9.1583e+02 2.1421e+02 9.8333e+02 3.6483e+02 1.1099e-03
7.7143e+02 1.7032e+02 8.1861e+02 2.1475e+02 1.1065e-03
8.2885e+02 1.3308e+02 9.0354e+02 3.0157e+02 1.0993e-03
9.5155e+02 1.8956e+02 1.0711e+03 2.4728e+02 1.0954e-03
7.1773e+02 1.6737e+02 7.7955e+02 2.0403e+02 1.0900e-03
9.8412e+02 1.6026e+02 1.0700e+03 2.2440e+02 1.0885e-03
0.0000e+00 1.3627e+02 2.2834e+01 1.9996e+02 1.0653e-03
8.1844e+02 1.7200e+02 9.4130e+02 3.7500e+02 1.0639e-03
0.0000e+00 1.1453e+02 2.4084e+01 2.4928e+02 1.0632e-03
8.3820e+02 1.8178e+02 8.8155e+02 2.6665e+02 1.0622e-03
3.3720e+01 3.3231e+02 7.2925e+01 3.7500e+02 1.0456e-03
0.0000e+00 1.9901e+02 5.9945e+01 2.4680e+02 1.0365e-03
0.0000e+00 1.8403e+02 3.9195e+01 2.3162e+02 1.0333e-03
8.6576e+02 1.9658e+02 9.2903e+02 2.9531e+02 1.0317e-03
9.5855e+02 1.6483e+02 1.0405e+03 2.5739e+02 1.0280e-03
1.1782e+03 1.1153e+02 1.2420e+03 2.0740e+02 1.0244e-03
0.0000e+00 1.2284e+02 4.3054e+01 2.3100e+02 1.0185e-03
8.4713e+02 2.2681e+02 8.9994e+02 3.4518e+02 1.0166e-03
5.6312e+02 1.8346e+02 6.2557e+02 2.2291e+02 1.0043e-03
1.2537e+00 2.3331e+02 3.7779e+01 3.7500e+02 9.9042e-04
0.0000e+00 0.0000e+00 3.2496e+01 7.7220e+01 9.8168e-04
9.9872e+02 1.8966e+02 1.0674e+03 3.5872e+02 9.7781e-04
8.5701e+02 1.9412e+02 9.4796e+02 2.3814e+02 9.7626e-04
0.0000e+00 2.2900e+02 4.1835e+01 3.4910e+02 9.6790e-04
8.4246e+02 2.1134e+02 9.1293e+02 3.3956e+02 9.6784e-04
7.4396e+02 1.5781e+02 1.0247e+03 3.2546e+02 9.6558e-04
1.1682e+03 1.1000e+02 1.2205e+03 2.3993e+02 9.6048e-04
8.3591e+02 1.8233e+02 9.0110e+02 2.4001e+02 9.5020e-04
9.7532e+02 1.5465e+02 1.1057e+03 2.6617e+02 9.4440e-04
0.0000e+00 2.0645e+02 9.8474e+01 2.5691e+02 9.3922e-04
8.4090e+02 2.1525e+02 9.4914e+02 2.6622e+02 9.3595e-04
5.6465e+02 1.6113e+02 5.8817e+02 2.2923e+02 9.2386e-04
9.9439e+02 1.5045e+02 1.0404e+03 2.3369e+02 9.1957e-04
8.3127e+02 2.2100e+02 8.8552e+02 3.4270e+02 9.1262e-04
5.8024e+02 1.5993e+02 6.3168e+02 2.0811e+02 9.1179e-04
1.2062e+03 1.2613e+02 1.2420e+03 3.0735e+02 9.0243e-04
8.9539e+02 1.3140e+02 9.6877e+02 3.1107e+02 9.0028e-04
5.6743e+02 1.3776e+02 6.2448e+02 2.8559e+02 8.8719e-04
0.0000e+00 1.6602e+02 7.6067e+01 2.5264e+02 8.8374e-04
9.5746e+02 1.9874e+02 1.0126e+03 3.3533e+02 8.8082e-04
7.2555e+02 1.7644e+02 7.8746e+02 2.1234e+02 8.7987e-04
1.2124e+03 2.0920e+02 1.2420e+03 2.5133e+02 8.6691e-04
2.6026e+00 2.4980e+02 4.7525e+01 3.7500e+02 8.6674e-04
0.0000e+00 1.4817e+02 7.3861e+01 2.3688e+02 8.6304e-04
0.0000e+00 2.0385e+02 7.0699e+01 2.5853e+02 8.5843e-04
3.4402e+00 1.2338e+02 6.5015e+01 2.9137e+02 8.4074e-04
8.6191e+02 8.1754e+01 1.0042e+03 3.7500e+02 8.3825e-04
1.0116e+03 9.5525e+01 1.2420e+03 3.7500e+02 8.2956e-04
8.9120e+02 1.8915e+02 9.8801e+02 2.2428e+02 8.2953e-04
1.1787e+03 0.0000e+00 1.2420e+03 4.5162e+01 8.2814e-04
9.0738e+02 2.8683e+02 9.8099e+02 3.7500e+02 8.2739e-04
0.0000e+00 1.4329e+02 3.6375e+01 1.9167e+02 8.2505e-04
7.7782e+02 1.7555e+02 8.0598e+02 2.5435e+02 8.2295e-04
9.3610e+02 1.2144e+02 1.2420e+03 3.7500e+02 8.1948e-04
8.8654e+02 2.0537e+02 1.0985e+03 3.1607e+02 8.1812e-04
1.2147e+03 8.2072e+01 1.2420e+03 1.2707e+02 8.1257e-04
0.0000e+00 1.8420e+02 3.9411e+01 3.0152e+02 8.1237e-04
5.8907e+02 1.7699e+02 6.3443e+02 2.2955e+02 8.0929e-04
0.0000e+00 2.2671e+02 4.0407e+01 3.2036e+02 8.0894e-04
0.0000e+00 2.1710e+02 2.2832e+01 2.9349e+02 8.0360e-04
1.1846e+03 1.4280e+02 1.2420e+03 2.3377e+02 8.0175e-04
8.9127e+02 2.8644e+02 9.6394e+02 3.7500e+02 7.9900e-04
8.6435e+02 1.7954e+02 9.3202e+02 2.4653e+02 7.9786e-04
7.6695e+02 1.8131e+02 8.1119e+02 2.2871e+02 7.8904e-04
2.7265e+01 2.9267e+02 1.0072e+02 3.7500e+02 7.8501e-04
0.0000e+00 2.5844e+02 1.4973e+01 3.7500e+02 7.8177e-04
1.2115e+03 0.0000e+00 1.2420e+03 1.5271e+01 7.7143e-04
1.1981e+03 8.7794e+01 1.2420e+03 2.1559e+02 7.6544e-04
3.0361e+01 2.0150e+02 8.1040e+01 3.3618e+02 7.5962e-04
1.1999e+03 8.3438e+01 1.2377e+03 2.0549e+02 7.5723e-04
9.2743e+02 1.6777e+02 9.6386e+02 2.5673e+02 7.4838e-04
8.2759e+02 2.0415e+02 8.8449e+02 2.9295e+02 7.4807e-04
8.4335e+02 1.7456e+02 9.5651e+02 2.9493e+02 7.4765e-04
1.0024e+03 1.5059e+02 1.0474e+03 2.3065e+02 7.4689e-04
5.7691e+02 1.0776e+02 6.3886e+02 2.6197e+02 7.4178e-04
1.0149e+03 1.8974e+02 1.0583e+03 3.2085e+02 7.3586e-04
1.3360e+01 1.9656e+02 8.6359e+01 2.7019e+02 7.2495e-04
5.8650e+00 3.5346e+02 7.3151e+01 3.7500e+02 7.1313e-04
8.3119e+02 2.2513e+02 9.0068e+02 3.7500e+02 7.0760e-04
7.3171e+02 2.6289e+02 9.5520e+02 3.7500e+02 7.0560e-04
0.0000e+00 1.5159e+02 2.3232e+01 2.1778e+02 7.0299e-04
1.2267e+03 2.5500e+02 1.2420e+03 3.6829e+02 7.0085e-04
9.4313e+02 1.8375e+02 1.0614e+03 2.3846e+02 6.9977e-04
7.4967e+02 1.5980e+02 7.9994e+02 2.0810e+02 6.9139e-04
5.8158e+00 1.3156e+02 4.6207e+01 2.6161e+02 6.8828e-04
9.6054e+02 1.7766e+02 1.1459e+03 2.6851e+02 6.8220e-04
1.2212e+03 2.0172e+02 1.2420e+03 2.5987e+02 6.7910e-04
1.2133e+03 1.8491e+02 1.2420e+03 2.3147e+02 6.7845e-04
8.7627e+02 6.9747e+01 1.1622e+03 3.7500e+02 6.6658e-04
1.2196e+03 7.5423e+01 1.2420e+03 1.3467e+02 6.5163e-04
1.2112e+03 1.7587e+02 1.2420e+03 2.2079e+02 6.5139e-04
8.7714e+02 1.7396e+02 9.1722e+02 2.5259e+02 6.4991e-04
9.5299e+02 1.9700e+02 1.0893e+03 3.7500e+02 6.4938e-04
0.0000e+00 1.9500e+02 4.5865e+01 2.3839e+02 6.4772e-04
9.8107e+02 1.7795e+02 1.0953e+03 2.2728e+02 6.4713e-04
0.0000e+00 3.0722e+02 1.1382e+01 3.7500e+02 6.4413e-04
5.8410e+02 1.7641e+02 6.1348e+02 2.6726e+02 6.4247e-04
1.2189e+03 0.0000e+00 1.2420e+03 1.9205e+01 6.4205e-04
8.7581e+02 2.8408e+02 9.4671e+02 3.7500e+02 6.3958e-04
7.5053e+02 2.6357e+02 1.0748e+03 3.7500e+02 6.3081e-04
9.2514e+02 1.5584e+02 9.6297e+02 2.4376e+02 6.2979e-04
0.0000e+00 1.3188e+02 7.2222e+01 2.1982e+02 6.2753e-04
0.0000e+00 1.9890e+02 3.1277e+01 2.8380e+02 6.2708e-04
2.5270e+02 2.8931e+02 3.2676e+02 3.7500e+02 6.2658e-04
0.0000e+00 2.1138e+02 3.6461e+01 2.6251e+02 6.2199e-04
8.9124e+02 1.7342e+02 9.2893e+02 2.6410e+02 6.1827e-04
9.1797e+02 1.5419e+02 9.5424e+02 2.3913e+02 6.1038e-04
1.2240e+03 4.3071e+01 1.2420e+03 1.5378e+02 6.0804e-04
3.3717e+01 1.6346e+02 7.7697e+01 2.6825e+02 6.0578e-04
6.3634e+02 1.1871e+02 1.0958e+03 3.7500e+02 6.0001e-04
7.4514e+02 1.6799e+02 7.7516e+02 2.5771e+02 5.9499e-04
8.4564e+02 2.8181e+02 9.1275e+02 3.7500e+02 5.9024e-04
0.0000e+00 0.0000e+00 1.1205e+02 7.5264e+01 5.8823e-04
0.0000e+00 4.5319e+01 2.9697e+01 2.2922e+02 5.8765e-04
1.2046e+03 2.0291e+02 1.2420e+03 3.7500e+02 5.8696e-04
9.2549e+02 2.8842e+02 9.9656e+02 3.7500e+02 5.8275e-04
8.9882e+02 5.8113e+01 1.0414e+03 3.4721e+02 5.8225e-04
1.1945e+03 7.0411e+01 1.2420e+03 1.9581e+02 5.8216e-04
8.6062e+02 2.8414e+02 9.2938e+02 3.7500e+02 5.8092e-04
8.5508e+02 2.1047e+02 9.4826e+02 2.5878e+02 5.7164e-04
1.2224e+03 2.4163e+02 1.2420e+03 3.0132e+02 5.6630e-04
1.1752e+03 8.0775e+01 1.2420e+03 1.7461e+02 5.6446e-04
4.2916e+01 2.8731e+02 1.1901e+02 3.7500e+02 5.6167e-04
0.0000e+00 0.0000e+00 3.2108e+02 1.3687e+02 5.6115e-04
0.0000e+00 1.8799e+02 7.3076e+01 2.3478e+02 5.6097e-04
2.3528e+02 2.8898e+02 3.1057e+02 3.7500e+02 5.5813e-04
0.0000e+00 2.3153e+02 3.0624e+01 3.1652e+02 5.5538e-04
5.6716e+02 1.6205e+02 6.3452e+02 2.0022e+02 5.5507e-04
7.9744e+02 2.7103e+02 1.1342e+03 3.7500e+02 5.5375e-04
1.0161e+03 1.8082e+02 1.0822e+03 3.4755e+02 5.4895e-04
5.9437e+02 1.6858e+02 6.4021e+02 2.1401e+02 5.4768e-04
0.0000e+00 6.0929e+01 6.4854e+01 3.6898e+02 5.4736e-04
0.0000e+00 7.1683e+01 1.5819e+01 1.8961e+02 5.4580e-04
0.0000e+00 1.7925e+02 9.6748e+01 2.2573e+02 5.4577e-04
8.5584e+02 1.2479e+02 9.3822e+02 3.0043e+02 5.4561e-04
2.6871e+02 2.8949e+02 3.4181e+02 3.7500e+02 5.4400e-04
0.0000e+00 1.8866e+02 1.1318e+02 2.3137e+02 5.4142e-04
0.0000e+00 2.4321e+02 3.3142e+01 2.9638e+02 5.3885e-04
9.5889e+02 2.8375e+02 1.0260e+03 3.7500e+02 5.3845e-04
9.0295e+02 1.6371e+02 1.0755e+03 2.6104e+02 5.3532e-04
1.2067e+03 0.0000e+00 1.2420e+03 1.7680e+02 5.3442e-04
9.1163e+02 1.4592e+02 1.0324e+03 2.8168e+02 5.3329e-04
7.5738e+02 1.7991e+02 8.3062e+02 2.1281e+02 5.2963e-04
0.0000e+00 0.0000e+00 2.3299e+02 1.5891e+02 5.2498e-04
1.1681e+03 3.1815e+01 1.2418e+03 2.5620e+02 5.2314e-04
9.7395e+02 2.8447e+02 1.0416e+03 3.7500e+02 5.1826e-04
0.0000e+00 3.2566e+02 1.0925e+02 3.7500e+02 5.1767e-04
1.1607e+03 1.0132e+02 1.2143e+03 2.3184e+02 5.1635e-04
0.0000e+00 0.0000e+00 1.5719e+02 6.9642e+01 5.0952e-04
1.1332e+03 8.4896e+01 1.2154e+03 2.6363e+02 5.0105e-04
1.1814e+03 1.5784e+02 1.2420e+03 2.4868e+02 4.7007e-04
5.9067e+02 1.2183e+02 6.5067e+02 2.6867e+02 4.6988e-04
9.4360e+02 2.8565e+02 1.0111e+03 3.7500e+02 4.6825e-04
2.8454e+02 2.8885e+02 3.5635e+02 3.7500e+02 4.6386e-04
1.1660e+03 2.8927e+02 1.2394e+03 3.7500e+02 4.6139e-04
8.3025e+02 2.8207e+02 8.9769e+02 3.7500e+02 4.6041e-04
1.2085e+03 2.4867e+02 1.2420e+03 3.7500e+02 4.5846e-04
8.8188e+02 2.1108e+02 9.4307e+02 3.7458e+02 4.5690e-04
9.0841e+02 2.2064e+02 1.1055e+03 3.7500e+02 4.5482e-04
9.9021e+02 2.8532e+02 1.0587e+03 3.7500e+02 4.4465e-04
8.2674e+02 1.7300e+02 1.0027e+03 2.5383e+02 4.3921e-04
1.1836e+03 2.8329e+02 1.2420e+03 3.7500e+02 4.3623e-04
3.0029e+02 2.8955e+02 3.7320e+02 3.7500e+02 4.3416e-04
1.1951e+03 1.4649e+02 1.2420e+03 2.6953e+02 4.3262e-04
9.7152e+02 0.0000e+00 1.2420e+03 3.3093e+02 4.3194e-04
5.2818e+02 1.5536e+02 6.8271e+02 2.2878e+02 4.2525e-04
9.0956e+02 2.1363e+02 1.0282e+03 3.6738e+02 4.2242e-04
3.4731e+02 2.9174e+02 4.2141e+02 3.7500e+02 4.2152e-04
3.3205e+02 2.9050e+02 4.0604e+02 3.7500e+02 4.2146e-04
2.1892e+02 2.8741e+02 2.9454e+02 3.7500e+02 4.1910e-04
8.4820e+02 1.8541e+02 9.4778e+02 3.4491e+02 4.0750e-04
5.9056e+01 2.8607e+02 1.3523e+02 3.7500e+02 4.0580e-04
8.0871e+02 1.7413e+02 9.1682e+02 2.9395e+02 3.9973e-04
3.1588e+02 2.8930e+02 3.8955e+02 3.7500e+02 3.9328e-04
1.1488e+03 2.8920e+02 1.2248e+03 3.7500e+02 3.9122e-04
0.0000e+00 0.0000e+00 5.2060e+01 4.2572e+01 3.9042e-04
3.6353e+02 2.9206e+02 4.3689e+02 3.7500e+02 3.8856e-04
0.0000e+00 1.8591e+02 8.7768e+01 3.7500e+02 3.7887e-04
1.1350e+03 3.8569e+01 1.2420e+03 2.9440e+02 3.6761e-04
5.6361e+02 1.0740e+02 6.2526e+02 2.6292e+02 3.6758e-04
8.7025e+02 9.8201e+01 1.1033e+03 2.8848e+02 3.6266e-04
0.0000e+00 1.1760e+02 6.6786e+01 2.0519e+02 3.6122e-04
7.3347e+02 2.1093e+02 8.7382e+02 3.7500e+02 3.6091e-04
1.0447e+03 0.0000e+00 1.2420e+03 3.0510e+02 3.5495e-04
5.5139e+02 1.4651e+02 6.5702e+02 2.3950e+02 3.4121e-04
0.0000e+00 2.5999e+02 4.1568e+01 3.7500e+02 3.3890e-04
2.1382e+02 1.9173e+02 3.5680e+02 3.7500e+02 3.3887e-04
1.8282e+02 1.9141e+02 3.2932e+02 3.7500e+02 3.3277e-04
8.7224e+02 3.2773e+02 1.0019e+03 3.7500e+02 3.3138e-04
8.1417e+02 1.5893e+02 9.3675e+02 2.5680e+02 3.3096e-04
7.2305e+02 1.2867e+02 7.8011e+02 2.7215e+02 3.2292e-04
1.0051e+03 2.9211e+02 1.0758e+03 3.7500e+02 3.2093e-04
1.0404e+03 1.4883e+02 1.1074e+03 2.9079e+02 3.2020e-04
8.7481e+02 1.2001e+02 9.5255e+02 2.9362e+02 3.1962e-04
1.1828e+03 1.7626e+02 1.2420e+03 2.6308e+02 3.1734e-04
5.0453e+02 1.4252e+02 6.7410e+02 2.2043e+02 3.1370e-04
8.4215e+02 1.6253e+02 9.6901e+02 2.7454e+02 3.0492e-04
0.0000e+00 0.0000e+00 7.4864e+01 4.3415e+01 3.0298e-04
9.0419e+02 2.1954e+02 9.6426e+02 3.6913e+02 3.0291e-04
5.3682e+02 1.4320e+02 6.9625e+02 2.1587e+02 2.9838e-04
1.0926e+03 8.7889e+01 1.2420e+03 2.7978e+02 2.9761e-04
0.0000e+00 1.9528e+02 7.4698e+01 2.8534e+02 2.8958e-04
9.8624e+02 1.5984e+02 1.1648e+03 2.2888e+02 2.8827e-04
1.9306e+01 2.3634e+02 1.0162e+02 3.7500e+02 2.8482e-04
1.1776e+03 6.3760e+01 1.2420e+03 1.5993e+02 2.8414e-04
1.4931e+01 1.3128e+02 8.0240e+01 2.8415e+02 2.7665e-04
2.4679e+02 1.9195e+02 3.8735e+02 3.7500e+02 2.7344e-04
3.7968e+02 2.9292e+02 4.5171e+02 3.7500e+02 2.7163e-04
7.5264e+01 2.8794e+02 1.5094e+02 3.7500e+02 2.7007e-04
0.0000e+00 2.3868e+02 7.2578e+01 3.3475e+02 2.6922e-04
9.8353e+02 2.1373e+02 1.1241e+03 3.7500e+02 2.6875e-04
0.0000e+00 2.6441e+02 1.0516e+02 3.7500e+02 2.6528e-04
0.0000e+00 2.2468e+02 1.2852e+02 3.7500e+02 2.6387e-04
0.0000e+00 9.4660e+01 3.8185e+01 1.9707e+02 2.6386e-04
1.1828e+03 2.0902e+02 1.2420e+03 2.9616e+02 2.6161e-04
1.1470e+03 2.5651e+01 1.2356e+03 2.5813e+02 2.6068e-04
7.4145e+02 1.2677e+02 9.4062e+02 3.4815e+02 2.5788e-04
1.5163e+02 2.0535e+02 2.9849e+02 3.7500e+02 2.4842e-04
1.0203e+01 3.2343e+02 1.4319e+02 3.7500e+02 2.4583e-04
0.0000e+00 1.3552e+02 1.4585e+02 3.0911e+02 2.4035e-04
1.1788e+03 2.3785e+02 1.2420e+03 3.3121e+02 2.3981e-04
8.4493e+02 3.2691e+02 9.7486e+02 3.7500e+02 2.3872e-04
5.2827e+02 1.6790e+02 6.8589e+02 2.4327e+02 2.3788e-04
1.1822e+03 1.9198e+02 1.2420e+03 2.8017e+02 2.3666e-04
2.2251e+02 3.2878e+02 3.4511e+02 3.7500e+02 2.3665e-04
0.0000e+00 2.1317e+02 7.3619e+01 3.0124e+02 2.3464e-04
1.1807e+03 2.5430e+02 1.2420e+03 3.4990e+02 2.3018e-04
8.1893e+02 1.2602e+02 8.8629e+02 2.8917e+02 2.2751e-04
9.4392e+02 2.3595e+02 1.0191e+03 3.7500e+02 2.2207e-04
2.8117e+02 1.9931e+02 4.1695e+02 3.7500e+02 2.2101e-04
1.1320e+03 2.9198e+02 1.2084e+03 3.7500e+02 2.1822e-04
7.0516e+02 1.2554e+02 7.6775e+02 2.8348e+02 2.1671e-04
9.2921e+02 2.3660e+02 1.0032e+03 3.7500e+02 2.1513e-04
2.0376e+02 2.8569e+02 2.7975e+02 3.7500e+02 2.1285e-04
0.0000e+00 1.0800e+02 1.5279e+02 2.7603e+02 2.1232e-04
1.0550e+03 0.0000e+00 1.1962e+03 1.6582e+02 2.1097e-04
1.1970e+03 2.4490e+02 1.2420e+03 3.6326e+02 2.0824e-04
7.7056e+02 1.1687e+02 9.9446e+02 3.3606e+02 2.0699e-04

