1.1437e+02 1.9184e+02 2.3990e+02 2.4265e+02 9.9958e-01
1.0522e+02 1.8931e+02 2.4657e+02 2.4439e+02 9.8236e-01
1.4576e+02 1.9228e+02 2.4216e+02 2.3754e+02 9.2878e-01
6.5031e+02 1.8088e+02 6.8682e+02 1.9617e+02 6.0512e-01
1.1598e+02 2.0474e+02 2.2005e+02 2.4628e+02 5.8697e-01
1.1094e+02 1.8796e+02 2.2289e+02 2.3606e+02 4.5352e-01
6.5806e+02 1.8046e+02 6.9577e+02 1.9670e+02 3.4729e-01
6.5311e+02 1.7937e+02 6.8787e+02 1.9356e+02 3.4497e-01
1.3131e+02 1.9903e+02 2.4475e+02 2.4492e+02 2.3068e-01
5.9655e+02 1.7577e+02 6.2386e+02 1.9417e+02 1.3366e-01
6.4836e+02 1.8326e+02 6.8380e+02 1.9718e+02 1.0335e-01
6.4385e+02 1.8154e+02 6.7751e+02 1.9636e+02 9.4256e-02
1.2757e+02 1.8015e+02 2.5272e+02 2.5011e+02 7.2540e-02
1.5712e+02 1.7932e+02 1.9375e+02 2.5584e+02 7.1856e-02
1.0474e+02 1.7974e+02 2.6400e+02 2.3717e+02 6.9660e-02
1.2341e+02 1.8856e+02 2.3286e+02 2.2834e+02 6.7996e-02
1.5987e+02 1.8846e+02 2.5056e+02 2.3231e+02 5.5159e-02
6.5117e+02 1.7761e+02 6.8161e+02 1.9473e+02 4.4600e-02
1.1075e+02 1.9434e+02 2.0455e+02 2.4505e+02 4.1416e-02
1.4884e+02 1.6668e+02 2.0565e+02 2.7017e+02 3.8103e-02
8.3746e+02 1.5811e+02 8.5183e+02 1.9989e+02 3.7523e-02
9.5947e+01 1.8457e+02 2.1794e+02 2.5153e+02 3.5541e-02
1.6711e+02 1.7910e+02 2.0657e+02 2.5796e+02 3.4215e-02
1.4487e+02 1.7698e+02 1.8343e+02 2.5360e+02 3.3411e-02
8.3755e+02 1.5025e+02 8.5196e+02 1.9289e+02 3.1305e-02
8.3394e+02 1.4594e+02 8.4821e+02 1.8848e+02 2.9743e-02
1.2515e+02 2.0641e+02 1.9300e+02 2.3638e+02 2.8015e-02
1.5025e+02 1.8250e+02 1.8752e+02 2.6173e+02 2.4909e-02
6.6216e+02 1.7857e+02 6.9655e+02 1.9468e+02 2.4674e-02
1.6062e+02 1.6795e+02 2.1764e+02 2.7073e+02 2.3621e-02
8.3470e+02 1.5872e+02 8.4879e+02 2.0005e+02 2.3126e-02
1.6149e+02 1.8184e+02 1.9944e+02 2.6351e+02 2.1028e-02
1.5045e+02 1.7296e+02 1.9303e+02 2.4816e+02 1.9937e-02
6.4498e+02 1.7870e+02 6.7747e+02 1.9372e+02 1.9471e-02
6.3824e+02 1.8149e+02 6.6931e+02 1.9567e+02 1.8857e-02
1.7551e+02 1.7909e+02 2.1366e+02 2.5655e+02 1.7239e-02
9.5057e+01 1.7170e+02 2.4349e+02 2.4668e+02 1.7134e-02
1.3203e+02 1.7595e+02 2.7877e+02 2.4248e+02 1.5797e-02
6.8345e+01 1.7002e+02 2.3757e+02 2.3558e+02 1.5582e-02
6.5274e+02 1.7595e+02 6.8891e+02 1.8980e+02 1.3564e-02
1.0996e+02 2.0204e+02 1.9230e+02 2.4300e+02 1.3365e-02
1.7447e+02 1.9452e+02 2.3554e+02 2.2250e+02 1.3335e-02
8.4093e+02 1.5839e+02 8.5515e+02 1.9966e+02 1.3219e-02
1.3805e+02 1.6608e+02 1.9402e+02 2.7076e+02 1.2580e-02
8.4133e+02 1.5020e+02 8.5548e+02 1.9202e+02 1.2431e-02
8.3038e+02 1.4581e+02 8.4409e+02 1.8906e+02 1.2213e-02
1.5520e+02 1.6648e+02 2.2534e+02 2.8866e+02 1.0734e-02
8.3161e+02 1.6622e+02 8.5596e+02 1.9366e+02 1.0241e-02
8.6469e+01 1.9255e+02 2.3754e+02 2.5752e+02 8.9551e-03
1.3594e+02 1.7784e+02 1.7697e+02 2.5150e+02 8.8219e-03
1.2574e+02 2.1499e+02 1.9102e+02 2.4021e+02 8.5439e-03
1.8434e+02 1.8172e+02 2.2229e+02 2.5066e+02 8.5352e-03
1.4955e+02 1.9961e+02 2.2066e+02 2.3159e+02 8.2424e-03
1.1532e+02 1.8894e+02 2.6501e+02 2.6016e+02 8.0522e-03
8.6556e+02 1.4360e+02 8.8156e+02 1.9026e+02 7.6476e-03
8.2853e+02 1.5430e+02 8.5290e+02 1.8233e+02 7.5694e-03
1.1034e+02 2.1244e+02 2.0748e+02 2.4942e+02 7.4415e-03
6.3482e+02 1.8106e+02 6.6421e+02 1.9478e+02 6.9330e-03
8.4525e+02 1.4611e+02 8.5931e+02 1.8778e+02 6.8211e-03
8.2895e+02 1.6271e+02 8.5358e+02 1.9015e+02 6.6868e-03
8.2075e+02 1.6973e+02 8.6298e+02 1.9010e+02 6.6631e-03
8.2050e+02 1.5478e+02 8.6202e+02 1.7432e+02 6.2387e-03
6.5919e+02 1.7609e+02 6.9567e+02 1.9084e+02 5.9419e-03
8.3111e+02 1.5920e+02 8.4437e+02 2.0056e+02 5.9117e-03
8.4515e+02 1.5445e+02 8.5949e+02 1.9555e+02 5.7338e-03
0.0000e+00 2.7981e+02 2.9692e+01 3.7500e+02 5.7179e-03
7.6807e+02 1.4761e+02 7.8429e+02 1.8817e+02 5.6953e-03
8.2649e+02 1.4547e+02 8.3992e+02 1.8940e+02 5.6688e-03
8.3179e+02 1.5846e+02 8.5563e+02 1.8628e+02 5.6611e-03
6.0216e+02 1.7596e+02 6.3038e+02 1.9513e+02 5.4031e-03
8.1667e+02 1.5715e+02 8.5971e+02 1.7820e+02 5.2512e-03
1.2247e+03 1.4727e+02 1.2420e+03 2.5885e+02 5.1307e-03
1.5695e+02 1.9682e+02 2.2786e+02 2.2803e+02 5.1284e-03
1.2043e+03 1.1508e+02 1.2420e+03 3.0037e+02 5.0876e-03
8.2127e+02 1.6581e+02 8.6234e+02 1.8634e+02 5.0721e-03
1.8044e+02 1.9279e+02 2.4004e+02 2.1687e+02 4.8755e-03
1.3524e+02 2.0355e+02 1.9822e+02 2.3472e+02 4.8379e-03
1.2246e+03 9.9453e+01 1.2420e+03 2.0938e+02 4.7666e-03
8.1998e+02 1.7316e+02 8.6384e+02 1.9436e+02 4.6773e-03
1.1424e+02 1.8388e+02 2.1371e+02 2.2498e+02 4.4863e-03
8.1714e+02 1.6120e+02 8.5934e+02 1.8216e+02 4.4616e-03
8.4906e+02 1.4581e+02 8.6413e+02 1.8860e+02 4.4390e-03
1.2511e+02 2.0122e+02 1.9276e+02 2.3016e+02 4.3422e-03
6.3926e+02 1.7875e+02 6.6915e+02 1.9365e+02 4.1476e-03
8.6801e+02 1.4654e+02 8.8461e+02 1.9572e+02 3.9624e-03
1.1997e+03 2.8705e+02 1.2420e+03 3.7500e+02 3.9480e-03
7.5535e+02 1.6890e+02 7.9636e+02 1.9050e+02 3.9243e-03
1.6918e+02 1.9898e+02 2.3598e+02 2.2898e+02 3.8316e-03
7.5431e+02 1.6145e+02 7.9581e+02 1.8210e+02 3.6513e-03
1.4038e+02 1.8990e+02 1.8238e+02 2.6264e+02 3.6065e-03
7.7225e+02 1.4676e+02 7.8726e+02 1.8695e+02 3.5843e-03
8.1242e+02 1.4543e+02 8.2855e+02 1.9043e+02 3.5641e-03
7.6458e+02 1.4710e+02 7.8146e+02 1.8757e+02 3.5592e-03
8.2829e+02 1.6991e+02 8.5421e+02 1.9660e+02 3.4962e-03
8.2640e+02 1.5811e+02 8.4012e+02 2.0140e+02 3.4926e-03
6.5292e+02 1.7485e+02 6.8337e+02 1.9259e+02 3.4853e-03
1.2044e+03 6.0063e+01 1.2420e+03 2.6198e+02 3.4541e-03
7.5372e+02 1.5743e+02 7.9606e+02 1.7777e+02 3.3486e-03
8.3421e+02 1.6247e+02 8.5937e+02 1.9069e+02 3.3021e-03
1.2263e+03 1.3124e+02 1.2420e+03 2.4122e+02 3.2965e-03
1.4107e+02 1.5154e+02 2.1881e+02 2.6074e+02 3.2910e-03
7.5676e+02 1.7288e+02 7.9598e+02 1.9381e+02 3.2047e-03
1.1885e+03 3.2006e+02 1.2420e+03 3.7500e+02 3.1904e-03
7.6111e+02 1.5404e+02 7.8855e+02 1.8076e+02 3.1811e-03
8.3158e+02 1.5141e+02 8.5560e+02 1.7836e+02 3.1630e-03
7.5412e+02 1.6508e+02 7.9649e+02 1.8624e+02 3.1122e-03
7.6104e+02 1.6632e+02 7.9060e+02 1.9256e+02 3.1095e-03
8.5279e+02 1.4868e+02 8.6846e+02 1.9288e+02 3.0864e-03
7.7138e+02 1.5927e+02 7.8802e+02 1.9877e+02 2.9980e-03
7.7326e+02 1.6847e+02 8.1946e+02 1.9093e+02 2.9892e-03
7.6807e+02 1.5977e+02 7.8523e+02 1.9919e+02 2.9650e-03
8.1272e+02 1.5236e+02 8.2909e+02 1.9877e+02 2.9369e-03
1.3474e+02 1.9120e+02 1.7417e+02 2.5768e+02 2.9347e-03
1.7261e+02 1.6432e+02 2.3364e+02 2.7923e+02 2.9325e-03
6.3170e+02 1.8025e+02 6.6026e+02 1.9387e+02 2.9053e-03
8.2474e+02 1.5799e+02 8.4891e+02 1.8606e+02 2.7915e-03
1.3536e+02 1.6642e+02 2.9621e+02 2.3145e+02 2.7329e-03
1.1530e+03 1.7932e+02 1.2420e+03 3.7500e+02 2.7180e-03
7.6649e+02 1.6777e+02 8.0916e+02 1.9030e+02 2.7103e-03
8.4886e+02 1.5332e+02 8.6441e+02 1.9657e+02 2.7051e-03
1.2369e+03 1.2823e+02 1.2420e+03 1.8558e+02 2.6866e-03
1.2369e+03 1.1677e+02 1.2420e+03 1.7363e+02 2.6564e-03
1.0915e+03 0.0000e+00 1.2420e+03 3.7500e+02 2.6209e-03
8.3452e+02 1.5503e+02 8.5913e+02 1.8257e+02 2.6076e-03
8.6432e+02 1.4957e+02 8.8131e+02 1.9961e+02 2.5873e-03
8.1655e+02 1.5756e+02 8.3240e+02 2.0279e+02 2.5548e-03
1.7127e+02 1.9283e+02 2.2915e+02 2.1654e+02 2.5514e-03
1.2056e+03 1.4663e+02 1.2420e+03 3.3157e+02 2.4658e-03
5.9393e+02 1.7195e+02 6.1791e+02 1.9240e+02 2.4477e-03
8.2661e+02 1.5780e+02 8.6903e+02 1.7862e+02 2.4439e-03
1.1693e+03 1.6199e+02 1.2420e+03 2.5239e+02 2.4408e-03
8.2688e+02 1.6140e+02 8.6885e+02 1.8295e+02 2.4338e-03
8.1656e+02 1.4883e+02 8.3145e+02 1.9484e+02 2.4336e-03
1.2236e+03 3.3345e+02 1.2420e+03 3.7500e+02 2.4115e-03
8.2462e+02 1.6641e+02 8.4996e+02 1.9390e+02 2.3976e-03
8.3077e+02 1.6943e+02 8.7329e+02 1.9091e+02 2.3871e-03
1.2369e+03 1.7534e+02 1.2420e+03 2.3453e+02 2.3704e-03
8.2219e+02 1.4493e+02 8.3564e+02 1.9158e+02 2.3673e-03
8.7260e+02 1.4384e+02 8.8748e+02 1.9066e+02 2.3436e-03
8.2386e+02 1.5108e+02 8.4888e+02 1.7849e+02 2.3389e-03
8.2720e+02 1.5462e+02 8.6958e+02 1.7448e+02 2.3385e-03
6.6744e+02 1.7768e+02 6.9270e+02 1.9621e+02 2.3235e-03
6.4776e+02 1.7496e+02 6.8249e+02 1.8918e+02 2.3189e-03
8.6802e+02 1.5471e+02 8.8502e+02 2.0410e+02 2.3050e-03
0.0000e+00 9.4096e+01 3.0907e+01 2.9846e+02 2.2246e-03
1.8488e+02 1.9703e+02 2.4168e+02 2.2502e+02 2.1312e-03
8.2162e+02 1.5728e+02 8.3638e+02 2.0287e+02 2.1224e-03
1.2373e+03 1.6341e+02 1.2420e+03 2.2230e+02 2.0908e-03
1.4125e+02 2.0099e+02 2.0805e+02 2.3326e+02 2.0674e-03
7.6490e+02 1.7015e+02 7.9346e+02 1.9530e+02 2.0645e-03
1.1881e+03 1.3584e+02 1.2420e+03 2.5394e+02 2.0520e-03
8.3135e+02 1.6519e+02 8.7298e+02 1.8668e+02 2.0298e-03
1.8896e+02 1.9359e+02 2.4356e+02 2.2124e+02 2.0246e-03
1.2252e+03 1.6950e+02 1.2420e+03 2.7887e+02 2.0160e-03
8.0972e+02 1.4833e+02 8.2597e+02 1.9489e+02 1.9560e-03
8.6211e+02 1.4674e+02 8.7726e+02 1.9467e+02 1.9549e-03
8.3723e+02 1.4086e+02 8.5249e+02 1.8407e+02 1.9314e-03
7.7646e+02 1.4639e+02 7.9066e+02 1.8654e+02 1.9223e-03
8.5768e+02 1.5293e+02 9.0123e+02 1.7402e+02 1.9193e-03
1.2021e+03 0.0000e+00 1.2420e+03 8.2300e+01 1.9086e-03
0.0000e+00 3.2758e+02 1.3639e+01 3.7500e+02 1.9045e-03
0.0000e+00 3.1616e+02 4.2445e+01 3.7500e+02 1.8993e-03
1.2929e+02 1.9790e+02 1.9623e+02 2.2581e+02 1.8869e-03
1.7752e+02 2.0109e+02 2.4158e+02 2.3235e+02 1.8828e-03
7.6403e+02 1.6249e+02 7.9236e+02 1.8871e+02 1.8703e-03
8.3921e+02 1.5882e+02 8.6444e+02 1.8639e+02 1.8682e-03
1.2204e+03 1.2330e+02 1.2420e+03 1.8375e+02 1.8669e-03
1.1921e+02 2.1134e+02 1.8296e+02 2.3960e+02 1.8608e-03
8.4526e+02 1.4702e+02 9.3066e+02 1.8719e+02 1.8245e-03
1.2206e+03 3.5363e+02 1.2420e+03 3.7500e+02 1.8051e-03
1.2142e+03 1.2898e+02 1.2420e+03 1.7439e+02 1.7903e-03
8.7199e+02 1.5437e+02 8.8952e+02 2.0463e+02 1.7758e-03
8.3817e+02 1.6669e+02 8.6401e+02 1.9431e+02 1.7684e-03
7.6470e+02 1.5835e+02 7.9156e+02 1.8445e+02 1.7651e-03
1.1600e+03 5.1666e+00 1.2420e+03 3.7500e+02 1.7469e-03
1.2112e+03 1.8492e+02 1.2420e+03 2.2988e+02 1.7423e-03
7.5218e+02 1.5446e+02 7.9372e+02 1.7403e+02 1.7238e-03
1.2371e+03 1.8747e+02 1.2420e+03 2.4561e+02 1.7178e-03
1.2800e+02 1.4832e+02 2.0566e+02 2.6519e+02 1.7092e-03
8.3463e+02 1.5744e+02 8.7891e+02 1.7811e+02 1.7082e-03
5.9537e+02 1.7822e+02 6.1690e+02 1.9471e+02 1.7071e-03
6.2634e+02 1.7786e+02 6.5381e+02 1.9262e+02 1.6925e-03
1.2190e+03 1.7083e+02 1.2420e+03 2.3181e+02 1.6924e-03
1.2125e+03 1.7688e+02 1.2420e+03 2.2268e+02 1.6905e-03
1.2142e+03 1.2112e+02 1.2420e+03 1.6610e+02 1.6836e-03
1.2135e+03 1.3723e+02 1.2420e+03 1.8207e+02 1.6565e-03
7.7806e+02 1.5386e+02 8.7336e+02 1.9554e+02 1.6358e-03
8.1171e+02 1.5420e+02 8.5501e+02 1.7410e+02 1.6242e-03
7.9281e+02 1.4797e+02 8.9094e+02 1.8830e+02 1.6232e-03
7.7692e+02 1.7141e+02 8.2401e+02 1.9485e+02 1.6225e-03
8.6353e+02 1.5621e+02 9.0654e+02 1.7815e+02 1.6186e-03
1.1675e+03 0.0000e+00 1.2420e+03 3.2515e+01 1.6180e-03
7.5840e+02 1.5784e+02 7.8744e+02 1.8444e+02 1.6168e-03
1.2155e+03 1.1532e+02 1.2344e+03 1.8689e+02 1.6101e-03
1.1796e+02 2.0489e+02 1.8393e+02 2.3372e+02 1.5946e-03
6.6125e+02 1.7276e+02 6.7717e+02 1.9915e+02 1.5869e-03
1.2907e+02 1.8323e+02 1.6787e+02 2.5105e+02 1.5827e-03
8.3360e+02 1.6974e+02 8.5987e+02 1.9684e+02 1.5663e-03
1.5502e+02 1.9489e+02 2.1646e+02 2.2293e+02 1.5635e-03
8.3459e+02 1.5381e+02 8.8064e+02 1.7425e+02 1.5475e-03
6.0952e+02 1.7691e+02 6.3528e+02 1.9431e+02 1.5411e-03
8.5290e+02 1.5636e+02 8.6904e+02 2.0127e+02 1.5378e-03
7.7074e+02 1.7139e+02 8.1482e+02 1.9367e+02 1.5334e-03
8.3501e+02 1.6089e+02 8.7878e+02 1.8195e+02 1.5180e-03
1.1736e+03 1.3066e+02 1.2420e+03 2.2386e+02 1.5143e-03
0.0000e+00 1.4917e+02 7.3676e+00 2.0699e+02 1.5140e-03
1.0751e+02 1.9135e+02 1.8432e+02 2.4030e+02 1.5078e-03
7.7580e+02 1.5831e+02 7.9115e+02 1.9935e+02 1.4780e-03
1.2130e+03 1.6956e+02 1.2420e+03 2.1452e+02 1.4687e-03
8.6067e+02 1.5470e+02 8.7743e+02 2.0311e+02 1.4657e-03
7.6802e+02 1.6616e+02 7.9671e+02 1.9242e+02 1.4608e-03
6.4862e+02 1.8584e+02 6.8285e+02 1.9962e+02 1.4535e-03
1.1897e+03 1.6653e+02 1.2420e+03 2.8337e+02 1.4519e-03
8.0893e+02 1.5623e+02 8.2600e+02 2.0267e+02 1.4375e-03
8.8488e+02 1.5538e+02 9.0088e+02 2.0312e+02 1.4172e-03
1.2143e+03 1.6124e+02 1.2420e+03 2.0654e+02 1.3971e-03
1.2381e+03 1.5193e+02 1.2420e+03 2.0938e+02 1.3938e-03
1.1221e+03 2.4716e+02 1.2420e+03 3.7500e+02 1.3891e-03
8.1542e+02 1.5132e+02 8.5946e+02 1.7087e+02 1.3841e-03
8.8856e+02 1.5667e+02 9.0466e+02 2.0178e+02 1.3838e-03
6.5810e+02 1.7238e+02 6.7480e+02 1.9938e+02 1.3737e-03
8.7722e+02 1.4755e+02 8.9274e+02 1.9427e+02 1.3707e-03
1.2194e+03 1.1568e+02 1.2381e+03 1.8697e+02 1.3460e-03
1.2451e+02 1.6507e+02 1.7591e+02 2.7481e+02 1.3454e-03
0.0000e+00 1.7409e+02 7.1024e+00 2.2911e+02 1.3431e-03
1.2364e+03 1.0356e+02 1.2420e+03 1.6191e+02 1.3287e-03
7.8066e+02 1.4590e+02 7.9504e+02 1.8765e+02 1.3187e-03
8.4496e+02 1.6218e+02 8.5966e+02 2.0237e+02 1.3148e-03
0.0000e+00 3.5787e+02 6.1774e+00 3.7500e+02 1.3120e-03
8.6689e+02 1.5344e+02 9.1226e+02 1.7372e+02 1.3110e-03
8.4882e+02 1.5260e+02 8.9523e+02 1.7479e+02 1.3048e-03
1.0252e+03 9.0528e+01 1.2420e+03 3.7500e+02 1.3041e-03
0.0000e+00 1.6129e+02 7.1493e+00 2.1866e+02 1.3016e-03
8.7788e+02 1.6840e+02 9.2381e+02 1.9030e+02 1.2950e-03
8.1937e+02 1.4681e+02 9.0924e+02 1.8711e+02 1.2782e-03
1.2153e+03 1.5343e+02 1.2420e+03 1.9775e+02 1.2722e-03
1.2208e+03 1.5588e+02 1.2420e+03 2.1539e+02 1.2695e-03
8.6120e+02 1.5189e+02 8.8960e+02 1.8223e+02 1.2668e-03
1.3675e+02 2.0860e+02 2.4492e+02 2.5011e+02 1.2563e-03
8.1119e+02 1.7276e+02 8.5547e+02 1.9369e+02 1.2544e-03
8.7638e+02 1.5483e+02 8.9319e+02 2.0404e+02 1.2533e-03
8.4222e+02 1.5449e+02 8.6957e+02 1.8208e+02 1.2495e-03
1.1071e+02 2.0836e+02 1.7899e+02 2.3665e+02 1.2481e-03
8.2061e+02 1.5387e+02 8.4452e+02 1.8198e+02 1.2391e-03
1.2206e+03 1.3945e+02 1.2420e+03 1.9793e+02 1.2230e-03
8.1300e+02 1.6189e+02 8.2865e+02 2.0400e+02 1.2221e-03
1.0831e+03 2.5939e+02 1.2420e+03 3.7500e+02 1.2215e-03
1.4601e+02 1.9646e+02 2.1001e+02 2.2920e+02 1.2038e-03
0.0000e+00 1.8629e+02 6.9133e+00 2.4166e+02 1.2027e-03
7.6400e+02 1.5464e+02 8.5225e+02 1.9592e+02 1.2007e-03
1.9411e+02 1.7980e+02 2.2989e+02 2.4835e+02 1.1994e-03
8.6989e+02 1.6005e+02 9.1616e+02 1.8272e+02 1.1927e-03
1.2351e+03 1.2868e+02 1.2420e+03 1.5992e+02 1.1844e-03
0.0000e+00 1.4760e+02 1.5011e+01 2.5886e+02 1.1839e-03
1.6591e+02 2.0322e+02 2.2458e+02 2.3222e+02 1.1828e-03
1.5686e+02 1.4994e+02 2.2843e+02 2.5713e+02 1.1777e-03
8.5637e+02 1.5495e+02 8.7326e+02 2.0333e+02 1.1711e-03
8.0530e+02 1.5608e+02 8.5322e+02 1.7812e+02 1.1643e-03
1.2154e+03 1.1334e+02 1.2420e+03 1.5913e+02 1.1590e-03
8.3914e+02 1.5152e+02 8.6507e+02 1.7844e+02 1.1560e-03
7.6124e+02 1.6112e+02 8.0261e+02 1.8157e+02 1.1499e-03
1.2376e+03 1.3927e+02 1.2420e+03 1.9761e+02 1.1495e-03
7.7017e+02 1.6476e+02 8.1450e+02 1.8656e+02 1.1477e-03
1.2254e+03 1.9337e+02 1.2420e+03 3.0371e+02 1.1459e-03
1.2246e+03 7.5032e+01 1.2420e+03 1.8855e+02 1.1452e-03
8.9548e+02 1.4339e+02 1.0649e+03 2.0556e+02 1.1421e-03
1.1817e+03 0.0000e+00 1.2420e+03 4.2661e+01 1.1393e-03
8.5740e+02 1.4731e+02 8.7270e+02 1.9414e+02 1.1353e-03
7.6443e+02 1.5440e+02 7.8206e+02 1.9514e+02 1.1337e-03
8.6343e+02 1.4850e+02 9.5951e+02 1.8726e+02 1.1303e-03
8.5383e+02 1.5537e+02 8.9819e+02 1.7857e+02 1.1274e-03
1.2204e+03 1.0798e+02 1.2420e+03 1.6785e+02 1.1264e-03
1.2187e+03 1.8587e+02 1.2420e+03 2.4670e+02 1.1237e-03
5.9109e+02 1.7528e+02 6.1536e+02 1.9331e+02 1.1218e-03
8.9528e+02 1.2975e+02 1.0585e+03 1.9073e+02 1.1218e-03
1.1933e+03 1.0279e+02 1.2420e+03 2.2410e+02 1.1199e-03
8.8080e+02 1.5039e+02 8.9734e+02 1.9992e+02 1.1095e-03
7.9586e+02 1.5594e+02 8.1335e+02 2.0353e+02 1.1079e-03
8.7007e+02 1.5641e+02 9.1688e+02 1.7814e+02 1.1022e-03
8.9196e+02 1.5679e+02 9.0850e+02 2.0308e+02 1.0984e-03
1.1763e+03 1.1473e+02 1.2420e+03 2.0638e+02 1.0939e-03
8.0096e+02 1.5320e+02 8.4755e+02 1.7513e+02 1.0904e-03
5.9993e+02 1.7260e+02 6.1697e+02 2.0027e+02 1.0901e-03
8.5793e+02 1.5915e+02 9.0289e+02 1.8203e+02 1.0897e-03
7.8745e+02 1.5792e+02 8.0503e+02 2.0112e+02 1.0888e-03
7.7315e+02 1.6513e+02 8.0262e+02 1.9256e+02 1.0874e-03
1.2162e+03 1.8378e+02 1.2342e+03 2.5307e+02 1.0804e-03
3.9176e+01 1.8805e+02 1.2905e+02 2.2728e+02 1.0795e-03
5.5125e+01 1.7501e+02 2.0317e+02 2.4465e+02 1.0764e-03
0.0000e+00 1.2677e+02 2.8831e+01 3.3310e+02 1.0728e-03
1.0827e+03 1.0334e+02 1.2420e+03 2.8201e+02 1.0709e-03
1.2043e+03 1.8791e+02 1.2420e+03 3.7500e+02 1.0708e-03
1.2321e+03 1.3050e+02 1.2420e+03 1.5588e+02 1.0702e-03
7.8044e+02 1.6489e+02 8.1140e+02 1.9357e+02 1.0653e-03
8.1850e+02 1.2864e+02 9.7601e+02 1.9356e+02 1.0619e-03
8.1148e+02 1.6936e+02 8.5509e+02 1.8976e+02 1.0549e-03
7.1459e+02 1.5825e+02 7.5225e+02 1.7732e+02 1.0504e-03
8.6264e+02 1.4056e+02 8.7764e+02 1.8627e+02 1.0439e-03
7.5838e+02 1.5104e+02 7.8652e+02 1.7658e+02 1.0384e-03
1.2314e+03 1.3458e+02 1.2420e+03 1.5951e+02 1.0277e-03
7.9202e+02 1.5686e+02 8.0921e+02 2.0261e+02 1.0112e-03
1.2347e+03 1.3617e+02 1.2420e+03 1.6760e+02 1.0085e-03
8.3959e+01 1.8175e+02 1.9184e+02 2.5568e+02 9.9840e-04
1.2345e+03 1.2037e+02 1.2420e+03 1.5169e+02 9.9769e-04
0.0000e+00 1.9055e+02 5.0005e+01 3.7500e+02 9.9122e-04
1.2379e+03 1.9480e+02 1.2420e+03 2.5370e+02 9.9095e-04
7.8073e+02 1.6792e+02 8.2784e+02 1.9165e+02 9.8517e-04
8.4216e+02 1.6215e+02 8.6983e+02 1.8973e+02 9.6943e-04
1.2319e+03 1.2252e+02 1.2420e+03 1.4762e+02 9.6472e-04
5.8729e+02 1.7240e+02 6.1210e+02 1.9117e+02 9.6007e-04
8.4492e+02 1.3013e+02 1.0114e+03 1.9311e+02 9.5958e-04
1.2083e+03 1.4698e+02 1.2420e+03 2.7104e+02 9.5591e-04
8.0016e+02 1.5580e+02 8.1734e+02 2.0387e+02 9.5536e-04
8.6656e+02 1.6297e+02 9.1317e+02 1.8682e+02 9.4549e-04
2.1403e+02 1.8638e+02 2.3549e+02 2.3224e+02 9.3907e-04
8.6491e+02 1.5902e+02 8.8067e+02 2.0535e+02 9.3661e-04
7.8395e+02 1.5718e+02 8.0066e+02 2.0105e+02 9.3148e-04
5.9434e+02 1.8100e+02 6.2074e+02 1.9510e+02 9.2898e-04
7.6148e+02 1.5709e+02 8.0256e+02 1.7732e+02 9.2561e-04
7.8041e+02 1.5723e+02 7.9600e+02 2.0073e+02 9.2129e-04
1.1731e+03 1.9373e+02 1.2420e+03 2.8353e+02 9.1876e-04
7.9849e+02 1.7258e+02 8.4323e+02 1.9432e+02 9.1401e-04
1.1988e+03 1.5250e+02 1.2359e+03 2.6717e+02 9.1129e-04
8.3836e+02 1.6885e+02 8.8322e+02 1.9102e+02 9.0713e-04
3.0214e+01 1.8197e+02 1.2820e+02 2.2211e+02 9.0711e-04
0.0000e+00 3.2606e+02 5.6072e+01 3.7500e+02 9.0595e-04
0.0000e+00 0.0000e+00 1.3021e+02 3.7500e+02 9.0021e-04
7.4716e+02 1.5397e+02 8.3492e+02 1.9674e+02 8.9949e-04
9.5233e+02 1.4896e+02 1.0468e+03 1.8844e+02 8.8504e-04
2.0853e+02 1.8500e+02 2.3241e+02 2.3339e+02 8.8491e-04
6.2055e+02 1.7801e+02 6.4596e+02 1.9479e+02 8.8342e-04
8.2641e+02 1.5099e+02 8.7072e+02 1.7124e+02 8.8152e-04
8.4587e+02 1.5758e+02 8.7313e+02 1.8565e+02 8.7704e-04
1.6164e+02 1.9216e+02 2.2036e+02 2.1596e+02 8.6830e-04
7.8501e+02 1.7108e+02 8.3141e+02 1.9548e+02 8.6680e-04
8.4207e+02 1.5589e+02 8.8863e+02 1.7854e+02 8.6668e-04
7.7631e+02 1.6486e+02 8.2367e+02 1.8759e+02 8.6254e-04
7.9431e+02 1.6814e+02 8.4080e+02 1.9120e+02 8.4979e-04
8.3867e+02 1.6470e+02 8.8275e+02 1.8663e+02 8.4580e-04
7.8542e+02 1.4277e+02 7.9917e+02 1.8436e+02 8.4377e-04
8.1967e+02 1.6680e+02 8.4483e+02 1.9361e+02 8.4182e-04
7.8058e+02 1.2731e+02 9.4179e+02 1.9635e+02 8.3085e-04
1.5676e+02 1.7213e+02 1.9897e+02 2.3930e+02 8.2758e-04
8.4844e+02 1.5326e+02 9.4407e+02 1.9522e+02 8.2687e-04
8.8522e+02 1.4774e+02 9.0094e+02 1.9494e+02 8.2303e-04
8.3407e+02 1.5237e+02 9.2681e+02 1.9467e+02 8.2044e-04
1.2382e+03 2.1205e+02 1.2420e+03 2.6907e+02 8.1891e-04
8.1194e+02 1.6487e+02 8.5544e+02 1.8572e+02 8.1840e-04
1.2320e+03 1.4224e+02 1.2420e+03 1.6746e+02 8.1782e-04
8.7015e+02 1.6717e+02 9.1585e+02 1.9023e+02 8.1622e-04
7.4976e+02 1.7341e+02 7.8999e+02 1.9399e+02 8.1564e-04
8.2305e+02 1.3032e+02 8.5831e+02 2.1000e+02 8.1522e-04
7.5869e+02 1.7039e+02 7.8766e+02 1.9499e+02 8.0927e-04
7.1445e+02 1.6262e+02 7.5301e+02 1.8143e+02 8.0892e-04
8.0493e+02 1.5589e+02 8.2166e+02 2.0324e+02 8.0755e-04
8.4075e+02 1.6368e+02 8.5630e+02 2.0597e+02 8.0253e-04
1.2237e+03 1.1490e+02 1.2413e+03 1.8725e+02 7.9172e-04
1.2122e+03 1.1656e+02 1.2309e+03 1.8650e+02 7.8935e-04
7.9702e+02 1.5290e+02 8.9733e+02 1.9466e+02 7.8880e-04
6.6814e+02 1.7714e+02 6.9947e+02 1.9359e+02 7.8535e-04
8.0591e+02 1.5292e+02 8.3388e+02 1.8215e+02 7.8396e-04
0.0000e+00 0.0000e+00 3.2243e+01 8.0358e+01 7.8367e-04
1.1696e+03 1.1537e+02 1.2359e+03 2.9617e+02 7.8316e-04
8.8346e+02 1.6770e+02 9.3380e+02 1.9112e+02 7.8187e-04
1.2199e+03 1.7947e+02 1.2381e+03 2.4994e+02 7.7917e-04
8.4121e+02 1.4056e+02 8.5619e+02 1.8326e+02 7.7818e-04
6.6524e+02 1.7269e+02 6.8022e+02 1.9921e+02 7.7696e-04
8.1635e+02 1.3345e+02 8.5134e+02 2.1759e+02 7.7632e-04
8.5817e+02 1.5460e+02 8.8681e+02 1.8660e+02 7.6877e-04
0.0000e+00 2.4633e+01 7.1972e+01 3.7500e+02 7.5934e-04
7.6927e+02 1.5386e+02 7.9528e+02 1.7964e+02 7.5930e-04
8.0538e+02 1.5978e+02 8.5342e+02 1.8220e+02 7.5256e-04
1.0917e+03 1.3177e+02 1.2420e+03 3.1143e+02 7.4531e-04
1.2352e+03 1.4405e+02 1.2420e+03 1.7570e+02 7.4525e-04
1.2352e+03 1.8790e+02 1.2420e+03 2.2030e+02 7.4338e-04
5.9791e+02 1.7064e+02 6.1321e+02 1.9978e+02 7.4319e-04
8.4828e+02 1.5943e+02 8.9262e+02 1.8269e+02 7.4304e-04
7.6327e+02 1.5357e+02 8.0412e+02 1.7332e+02 7.3863e-04
1.2196e+03 1.0462e+02 1.2371e+03 1.7494e+02 7.3684e-04
9.9499e+02 0.0000e+00 1.2420e+03 1.2418e+02 7.3439e-04
1.6210e+02 1.7527e+02 2.0656e+02 2.3787e+02 7.3231e-04
1.8062e+02 1.8239e+02 2.5867e+02 2.2175e+02 7.2662e-04
1.2263e+03 0.0000e+00 1.2420e+03 4.7897e+01 7.2625e-04
1.2125e+03 1.8537e+02 1.2299e+03 2.5217e+02 7.2599e-04
1.2256e+03 2.1453e+02 1.2420e+03 3.2946e+02 7.2509e-04
1.1594e+03 0.0000e+00 1.2420e+03 1.6712e+02 7.2082e-04
7.7193e+02 1.4854e+02 8.6567e+02 1.8989e+02 7.1962e-04
8.2703e+02 1.4865e+02 8.5359e+02 1.7556e+02 7.1674e-04
8.7445e+02 1.7186e+02 9.1963e+02 1.9321e+02 7.1443e-04
6.5251e+02 1.7262e+02 6.8836e+02 1.8797e+02 7.1100e-04
1.5704e+02 1.7121e+02 3.0594e+02 2.3981e+02 7.0704e-04
9.2633e+02 1.4326e+02 1.0903e+03 2.0664e+02 7.0628e-04
1.8989e+02 1.8187e+02 2.1050e+02 2.2915e+02 7.0567e-04
1.2350e+03 1.7971e+02 1.2420e+03 2.1219e+02 7.0423e-04
0.0000e+00 1.3687e+02 7.2056e+00 1.9436e+02 7.0311e-04
6.1575e+02 1.7746e+02 6.4007e+02 1.9415e+02 7.0281e-04
8.4794e+02 1.4255e+02 1.0162e+03 2.0665e+02 7.0131e-04
7.2840e+02 1.4858e+02 7.4516e+02 1.8832e+02 6.9999e-04
8.4877e+02 1.3774e+02 8.6597e+02 1.8446e+02 6.9995e-04
7.9829e+02 1.5607e+02 8.4426e+02 1.7856e+02 6.9153e-04
8.4831e+02 1.4098e+02 9.3683e+02 1.7947e+02 6.9029e-04
8.5824e+02 1.6286e+02 9.0470e+02 1.8629e+02 6.8885e-04
1.2349e+03 1.9559e+02 1.2420e+03 2.2818e+02 6.8640e-04
1.1238e+03 8.0512e+01 1.2420e+03 3.1802e+02 6.8400e-04
8.8085e+02 1.7151e+02 9.2816e+02 1.9364e+02 6.8400e-04
7.5773e+02 1.7633e+02 7.9704e+02 1.9703e+02 6.8193e-04
7.6525e+02 1.5128e+02 7.9241e+02 1.7644e+02 6.8076e-04
1.5476e+02 1.6011e+02 3.1700e+02 2.2601e+02 6.7922e-04
1.0582e+03 1.6059e+02 1.2184e+03 2.2775e+02 6.7773e-04
1.9305e+02 1.8293e+02 2.1466e+02 2.2983e+02 6.7729e-04
8.0565e+02 1.6526e+02 8.3479e+02 1.9431e+02 6.7633e-04
1.2116e+03 1.9933e+02 1.2420e+03 2.4523e+02 6.7536e-04
6.1780e+02 1.8009e+02 6.4395e+02 1.9582e+02 6.7260e-04
8.4740e+02 1.4922e+02 8.9332e+02 1.7057e+02 6.6762e-04
8.3408e+02 1.7258e+02 8.7899e+02 1.9415e+02 6.5756e-04
1.1255e+03 1.8872e+02 1.2125e+03 2.2829e+02 6.5560e-04
8.6985e+02 1.5329e+02 8.9869e+02 1.8226e+02 6.4940e-04
6.4966e+02 1.7395e+02 6.7593e+02 1.9178e+02 6.4743e-04
2.0470e+02 1.8357e+02 2.2815e+02 2.3063e+02 6.4616e-04
0.0000e+00 2.6744e+02 1.4973e+02 3.7500e+02 6.4481e-04
1.1154e+03 1.8035e+02 1.2030e+03 2.1889e+02 6.4296e-04
1.2319e+03 1.9443e+02 1.2420e+03 2.1947e+02 6.4246e-04
8.5700e+02 1.5031e+02 9.0196e+02 1.6985e+02 6.3480e-04
7.8919e+02 1.4257e+02 8.0356e+02 1.8505e+02 6.3454e-04
0.0000e+00 1.2457e+02 1.6120e+01 2.3394e+02 6.3224e-04
8.1840e+02 1.4050e+02 9.8109e+02 2.0674e+02 6.3214e-04
1.1896e+03 1.5321e+02 1.2294e+03 2.6340e+02 6.3202e-04
1.2573e+02 1.9638e+02 1.9030e+02 2.2140e+02 6.3163e-04
0.0000e+00 3.5106e+02 2.0701e+01 3.7500e+02 6.2749e-04
8.6827e+02 1.3774e+02 8.8447e+02 1.8517e+02 6.1834e-04
8.7600e+02 1.6375e+02 9.2355e+02 1.8699e+02 6.1547e-04
8.4544e+02 1.6585e+02 8.7399e+02 1.9415e+02 6.1303e-04
8.4532e+02 1.3964e+02 8.6085e+02 1.8293e+02 6.1219e-04
8.6483e+02 1.5536e+02 8.9434e+02 1.8627e+02 6.1191e-04
8.1559e+02 1.7598e+02 8.6173e+02 1.9741e+02 6.0805e-04
1.1077e+03 0.0000e+00 1.2420e+03 6.0868e+01 6.0759e-04
1.2322e+03 1.8267e+02 1.2420e+03 2.0747e+02 6.0714e-04
7.6913e+02 1.6590e+02 7.8480e+02 2.0431e+02 6.0506e-04
1.8803e+02 1.8706e+02 2.6424e+02 2.2846e+02 6.0170e-04
7.4835e+02 1.2418e+02 9.1933e+02 1.9717e+02 5.9992e-04
8.6457e+02 1.5014e+02 8.9288e+02 1.7778e+02 5.9955e-04
1.2174e+02 1.9995e+02 1.8478e+02 2.2485e+02 5.9900e-04
0.0000e+00 2.5817e+02 8.9098e+01 3.7500e+02 5.9339e-04
7.5425e+02 1.5077e+02 7.9725e+02 1.6958e+02 5.9242e-04
1.2242e+03 1.7432e+02 1.2414e+03 2.4721e+02 5.8906e-04
1.2238e+03 1.0292e+02 1.2405e+03 1.7565e+02 5.8848e-04
7.8438e+02 1.4857e+02 8.0007e+02 1.9268e+02 5.8806e-04
7.9780e+02 1.6404e+02 8.4347e+02 1.8664e+02 5.8723e-04
0.0000e+00 1.0018e+02 1.9579e+02 3.7500e+02 5.8597e-04
7.1445e+02 1.2533e+02 8.9115e+02 1.9686e+02 5.8334e-04
1.1820e+03 1.5533e+02 1.2222e+03 2.5897e+02 5.7986e-04
1.2153e+03 1.6606e+02 1.2345e+03 2.3152e+02 5.7485e-04
1.2162e+03 1.0374e+02 1.2341e+03 1.7485e+02 5.7365e-04
1.8079e+02 1.8848e+02 2.4675e+02 2.3605e+02 5.7272e-04
6.7342e+02 1.7449e+02 6.8738e+02 2.0019e+02 5.7182e-04
1.1786e+03 2.0998e+02 1.2420e+03 2.9986e+02 5.7112e-04
8.9653e+02 1.5671e+02 9.1259e+02 2.0271e+02 5.7065e-04
9.2366e+02 1.2857e+02 1.0862e+03 1.9129e+02 5.6932e-04
1.7734e+02 1.9022e+02 2.3812e+02 2.1041e+02 5.6839e-04
8.5244e+02 1.3702e+02 8.6959e+02 1.8599e+02 5.6811e-04
7.9854e+02 1.6008e+02 8.4423e+02 1.8263e+02 5.6735e-04
8.3110e+02 1.3001e+02 8.6594e+02 2.0917e+02 5.6673e-04
8.0876e+02 1.3437e+02 8.4289e+02 2.1537e+02 5.6644e-04
1.1850e+03 1.0549e+02 1.2420e+03 2.9672e+02 5.6334e-04
7.6228e+02 1.4604e+02 7.7794e+02 1.8721e+02 5.5991e-04
8.7071e+02 1.4951e+02 9.1776e+02 1.7051e+02 5.5819e-04
9.5705e+02 1.5512e+02 1.0534e+03 1.9503e+02 5.5449e-04
8.5441e+02 1.6747e+02 9.0027e+02 1.9060e+02 5.5335e-04
1.0387e+03 0.0000e+00 1.2420e+03 1.6951e+02 5.4764e-04
8.8106e+02 1.6404e+02 9.1073e+02 1.9365e+02 5.4744e-04
1.9114e+02 1.9928e+02 2.4368e+02 2.2920e+02 5.4659e-04
7.8398e+02 1.6843e+02 8.1546e+02 1.9677e+02 5.4322e-04
8.4939e+02 1.6297e+02 8.9613e+02 1.8722e+02 5.4237e-04
7.2221e+02 1.5539e+02 7.5001e+02 1.8039e+02 5.4229e-04
8.0585e+02 1.4803e+02 8.2166e+02 1.9527e+02 5.4149e-04
1.1553e+03 1.2186e+02 1.2204e+03 2.8579e+02 5.4087e-04
7.1299e+02 1.7516e+02 7.5189e+02 1.9386e+02 5.3958e-04
1.2317e+03 2.0237e+02 1.2420e+03 2.2727e+02 5.3828e-04
8.0910e+02 1.4206e+02 8.2535e+02 1.8718e+02 5.3816e-04
8.7270e+02 1.5253e+02 9.2126e+02 1.7354e+02 5.3656e-04
8.0972e+02 1.5665e+02 8.3698e+02 1.8615e+02 5.3617e-04
1.1778e+03 9.7505e+01 1.2420e+03 1.9210e+02 5.3340e-04
8.8081e+02 1.5866e+02 8.9619e+02 2.0582e+02 5.2505e-04
8.6119e+02 1.6355e+02 8.9044e+02 1.9468e+02 5.2144e-04
8.1652e+02 9.1639e+01 8.8474e+02 2.4144e+02 5.2128e-04
8.4463e+02 1.4957e+02 8.7391e+02 1.7884e+02 5.1691e-04
7.8816e+02 1.6483e+02 8.1907e+02 1.9468e+02 5.1602e-04
8.3281e+02 1.5021e+02 8.8107e+02 1.7090e+02 5.1550e-04
7.7735e+02 1.6818e+02 8.0736e+02 1.9557e+02 5.1302e-04
7.7757e+02 1.6140e+02 8.0679e+02 1.8899e+02 5.1220e-04
1.2325e+03 1.5053e+02 1.2420e+03 1.7544e+02 5.1168e-04
1.2196e+03 1.3184e+02 1.2377e+03 2.0218e+02 5.1085e-04
7.6574e+02 1.6342e+02 7.8107e+02 2.0131e+02 5.0830e-04
3.9372e+01 1.5901e+02 2.0244e+02 2.2863e+02 5.0779e-04
1.2119e+03 1.6708e+02 1.2306e+03 2.3103e+02 5.0718e-04
0.0000e+00 1.3214e+02 4.4932e+01 2.4608e+02 5.0585e-04
1.2363e+03 1.7240e+02 1.2420e+03 2.0419e+02 5.0486e-04
8.0106e+02 8.9274e+01 8.6991e+02 2.3975e+02 5.0307e-04
0.0000e+00 2.8343e+02 4.7499e+01 3.7500e+02 5.0258e-04
0.0000e+00 0.0000e+00 7.0512e+01 1.4663e+02 5.0099e-04
7.7382e+02 1.5763e+02 8.0132e+02 1.8386e+02 4.9850e-04
9.0032e+02 1.5572e+02 9.1698e+02 2.0315e+02 4.9804e-04
7.7419e+02 1.5341e+02 8.0056e+02 1.7935e+02 4.9710e-04
7.6460e+02 1.6174e+02 8.5468e+02 2.0214e+02 4.9551e-04
7.7179e+02 1.5344e+02 8.1213e+02 1.7273e+02 4.9504e-04
1.2085e+03 1.8547e+02 1.2266e+03 2.5174e+02 4.9497e-04
1.1946e+03 1.9940e+02 1.2420e+03 3.1685e+02 4.9482e-04
8.9171e+02 1.4578e+02 9.0834e+02 1.9155e+02 4.9392e-04
1.1815e+03 2.9013e+02 1.2420e+03 3.7500e+02 4.9266e-04
8.8849e+02 1.4526e+02 9.0479e+02 1.9033e+02 4.9083e-04
8.2754e+02 1.3932e+02 9.1867e+02 1.8062e+02 4.8687e-04
8.0777e+02 1.4392e+02 8.7105e+02 1.9560e+02 4.8608e-04
7.5654e+02 1.4817e+02 8.4388e+02 1.9027e+02 4.8456e-04
7.6973e+02 1.6116e+02 8.1386e+02 1.8150e+02 4.8455e-04
6.5455e+02 1.7126e+02 6.6956e+02 1.9828e+02 4.8009e-04
4.2520e+01 1.9568e+02 1.2741e+02 2.3238e+02 4.7627e-04
7.9036e+02 1.6465e+02 8.3611e+02 1.8761e+02 4.7544e-04
1.2320e+03 1.1425e+02 1.2420e+03 1.4028e+02 4.7397e-04
7.9875e+02 1.4185e+02 8.9747e+02 1.8098e+02 4.7296e-04
7.3171e+02 1.4855e+02 7.4825e+02 1.8728e+02 4.7189e-04
1.2035e+03 1.7096e+02 1.2231e+03 2.3218e+02 4.7091e-04
1.1654e+03 2.9948e+02 1.2404e+03 3.7500e+02 4.6726e-04
0.0000e+00 0.0000e+00 1.5449e+01 5.6867e+01 4.6701e-04
9.2596e+02 1.5647e+02 1.0918e+03 2.2422e+02 4.6468e-04
7.8785e+02 1.4893e+02 8.0427e+02 1.9351e+02 4.6378e-04
1.3328e+02 2.1240e+02 1.9906e+02 2.3861e+02 4.6301e-04
1.1337e+03 1.7982e+02 1.2211e+03 2.2148e+02 4.6085e-04
1.2346e+03 1.1260e+02 1.2420e+03 1.4472e+02 4.5999e-04
8.4483e+02 1.6797e+02 8.9239e+02 1.9134e+02 4.5847e-04
0.0000e+00 1.6888e+02 1.3000e+01 2.8613e+02 4.5551e-04
8.5561e+02 1.5179e+02 8.8451e+02 1.8277e+02 4.5498e-04
0.0000e+00 0.0000e+00 3.2074e+02 1.3919e+02 4.5430e-04
1.2354e+03 1.5224e+02 1.2420e+03 1.8331e+02 4.4988e-04
6.1779e+01 1.8903e+02 1.3935e+02 2.2671e+02 4.4973e-04
8.1418e+02 1.6632e+02 8.4165e+02 1.9441e+02 4.4971e-04
1.2168e+03 1.4599e+02 1.2333e+03 2.1234e+02 4.4818e-04
7.2535e+02 1.4919e+02 7.4089e+02 1.8821e+02 4.4760e-04
7.9223e+02 1.6829e+02 8.2302e+02 1.9751e+02 4.4597e-04
1.2159e+03 1.3165e+02 1.2344e+03 2.0262e+02 4.4417e-04
6.8415e+02 1.2449e+02 8.5503e+02 1.9435e+02 4.4360e-04
8.8145e+02 1.4176e+02 8.9723e+02 1.8748e+02 4.4337e-04
8.5029e+02 1.7203e+02 8.9536e+02 1.9436e+02 4.4324e-04
8.6734e+02 1.5422e+02 9.7039e+02 1.9525e+02 4.4323e-04
1.1280e+03 0.0000e+00 1.2420e+03 8.2169e+01 4.4318e-04
8.1016e+02 1.6957e+02 8.3783e+02 1.9743e+02 4.4205e-04
1.2147e+03 9.3668e+01 1.2420e+03 2.1975e+02 4.4065e-04
8.7716e+02 1.5956e+02 9.0709e+02 1.8996e+02 4.4044e-04
0.0000e+00 0.0000e+00 2.2782e+02 1.5158e+02 4.3920e-04
0.0000e+00 2.5113e+02 2.3976e+01 3.7500e+02 4.3655e-04
1.2079e+03 1.6681e+02 1.2267e+03 2.3126e+02 4.3336e-04
9.5482e+02 1.6363e+02 1.0467e+03 2.0218e+02 4.3291e-04
1.3123e+02 2.0567e+02 1.9674e+02 2.4352e+02 4.3287e-04
9.6257e+02 2.2866e+01 1.2420e+03 3.7500e+02 4.3233e-04
7.0655e+02 1.5886e+02 7.4143e+02 1.7733e+02 4.3007e-04
1.2367e+03 1.6472e+02 1.2420e+03 1.9554e+02 4.2696e-04
1.2195e+03 1.6556e+02 1.2379e+03 2.3365e+02 4.2433e-04
1.1001e+03 1.5912e+02 1.2420e+03 3.3939e+02 4.2157e-04
5.9476e+01 1.8249e+02 1.4270e+02 2.2189e+02 4.2062e-04
1.1155e+03 1.7142e+02 1.2022e+03 2.1120e+02 4.1382e-04
8.0031e+02 1.4795e+02 8.6424e+02 2.0236e+02 4.1306e-04
1.2066e+03 1.6399e+01 1.2420e+03 2.1940e+02 4.0031e-04
1.1721e+03 1.4577e+02 1.2366e+03 3.2235e+02 3.9943e-04
7.9984e+02 1.3378e+02 8.3568e+02 2.1612e+02 3.9907e-04
1.2518e+02 1.7154e+02 1.6702e+02 2.4274e+02 3.9436e-04
7.8530e+02 1.6098e+02 8.8395e+02 2.0149e+02 3.8456e-04
1.2128e+03 2.0737e+02 1.2420e+03 2.5340e+02 3.8401e-04
1.1829e+03 2.2402e+02 1.2420e+03 3.1677e+02 3.8087e-04
8.6411e+02 1.4238e+02 9.5797e+02 1.7950e+02 3.7995e-04
7.4030e+02 1.4815e+02 8.2547e+02 1.8897e+02 3.6519e-04
2.4561e+01 1.7186e+02 1.7659e+02 2.4260e+02 3.6518e-04
1.1427e+03 1.8726e+02 1.2285e+03 2.2882e+02 3.6344e-04
6.3405e+02 1.7213e+02 7.0407e+02 1.9929e+02 3.6329e-04
1.1875e+03 1.3880e+02 1.2420e+03 3.2378e+02 3.5807e-04
0.0000e+00 1.6978e+02 2.1934e+01 2.3097e+02 3.5781e-04
1.2067e+03 2.5058e+02 1.2420e+03 3.7500e+02 3.5437e-04
8.3586e+02 1.0185e+02 9.0094e+02 2.5723e+02 3.5230e-04
1.6234e+01 1.2803e+02 3.6602e+02 2.6631e+02 3.4895e-04
1.0701e+02 2.1527e+02 1.8262e+02 2.5306e+02 3.4794e-04
1.7142e+02 1.7449e+02 2.1235e+02 2.3619e+02 3.4693e-04
1.0590e+03 1.7518e+02 1.2224e+03 2.4201e+02 3.4679e-04
0.0000e+00 1.7417e+02 3.1761e+01 2.2318e+02 3.4565e-04
1.1745e+03 1.5645e+02 1.2134e+03 2.5418e+02 3.4523e-04
8.4015e+02 1.3032e+02 8.7436e+02 2.0967e+02 3.4366e-04
0.0000e+00 1.4383e+02 6.6519e+01 2.3337e+02 3.4099e-04
8.6430e-01 2.8230e+02 7.0148e+01 3.7500e+02 3.3968e-04
7.3329e+02 1.5378e+02 8.1956e+02 1.9567e+02 3.3948e-04
1.2089e+03 1.0225e+02 1.2413e+03 2.3191e+02 3.3875e-04
7.6542e+02 1.3550e+02 9.3498e+02 2.0924e+02 3.3395e-04
1.2199e+03 2.0094e+02 1.2420e+03 2.6255e+02 3.3344e-04
9.7744e+02 1.1957e+02 1.0428e+03 2.7209e+02 3.3147e-04
8.5353e+02 1.4346e+02 9.2026e+02 1.9258e+02 3.3099e-04
1.0814e+03 1.4804e+02 1.1841e+03 1.8795e+02 3.2944e-04
1.0969e+03 1.7998e+02 1.1903e+03 2.1865e+02 3.2566e-04
9.5099e+02 1.4019e+02 1.0478e+03 1.8200e+02 3.2563e-04
9.3351e+02 1.5458e+02 1.0363e+03 1.9582e+02 3.2515e-04
1.4231e+02 1.5860e+02 2.1172e+02 3.1539e+02 3.2502e-04
7.8424e+02 1.1442e+02 9.0164e+02 2.0769e+02 3.2498e-04
1.2119e+03 0.0000e+00 1.2420e+03 1.5634e+01 3.2464e-04
8.5319e+02 1.0223e+02 9.1508e+02 2.5336e+02 3.2023e-04
1.1624e+03 1.1428e+02 1.2420e+03 3.7500e+02 3.1811e-04
7.8570e+02 1.4971e+02 8.4819e+02 2.0242e+02 3.1629e-04
1.0585e+03 1.4607e+02 1.2167e+03 2.1204e+02 3.1551e-04
1.7054e+02 1.8426e+02 2.4960e+02 2.2629e+02 3.0944e-04
1.0973e+03 1.7091e+02 1.1899e+03 2.1103e+02 3.0931e-04
7.9188e+02 1.3359e+02 8.2750e+02 2.1481e+02 3.0786e-04
0.0000e+00 4.8542e+01 2.9143e+01 2.5002e+02 3.0648e-04
1.7320e+02 1.4240e+02 2.3952e+02 2.6235e+02 3.0384e-04
1.1545e+02 1.3848e+02 1.8592e+02 2.6749e+02 3.0279e-04
1.4598e+01 2.8415e+02 8.7684e+01 3.7500e+02 2.9920e-04
1.1054e+03 1.8786e+02 1.1971e+03 2.2719e+02 2.9825e-04
7.8663e+02 8.6375e+01 8.5432e+02 2.3961e+02 2.9760e-04
9.9727e+01 1.8956e+02 1.8023e+02 2.3014e+02 2.9629e-04
8.9638e+02 1.5348e+02 1.0674e+03 2.2021e+02 2.9248e-04
0.0000e+00 0.0000e+00 1.0996e+02 7.5042e+01 2.9237e-04
7.4759e+01 1.8988e+02 1.5359e+02 2.2739e+02 2.9113e-04
1.1976e+03 7.1135e+01 1.2420e+03 1.9380e+02 2.8952e-04
7.9445e+02 1.4429e+02 8.5641e+02 1.9618e+02 2.8765e-04
1.2151e+03 1.5923e+02 1.2420e+03 2.8183e+02 2.8682e-04
1.2143e+03 1.2680e+02 1.2420e+03 2.5211e+02 2.8545e-04
1.1486e+03 2.9995e+02 1.2255e+03 3.7500e+02 2.8294e-04
1.4918e+02 1.5745e+02 2.8350e+02 2.3969e+02 2.8104e-04
1.1239e+03 1.9535e+02 1.2134e+03 2.3492e+02 2.7805e-04
1.7344e+01 1.8791e+02 1.1139e+02 2.2857e+02 2.7792e-04
7.7771e+02 1.4129e+02 8.7320e+02 1.8160e+02 2.7650e-04
8.5551e+02 1.3123e+02 8.9212e+02 2.2051e+02 2.7614e-04
1.0861e+03 1.6355e+02 1.1831e+03 2.0386e+02 2.7492e-04
1.2136e+03 2.1575e+02 1.2420e+03 2.6140e+02 2.7478e-04
8.2262e+02 1.4402e+02 8.8764e+02 1.9487e+02 2.7398e-04
1.1817e+03 8.1721e+01 1.2420e+03 1.7800e+02 2.7343e-04
1.2191e+03 0.0000e+00 1.2420e+03 2.0276e+01 2.7341e-04
8.6829e+02 1.0754e+02 9.3159e+02 2.4964e+02 2.7309e-04
8.4324e+02 1.3299e+02 9.3151e+02 1.7187e+02 2.7241e-04
1.0841e+03 1.5489e+02 1.1848e+03 1.9542e+02 2.7209e-04
1.2146e+02 1.8463e+02 1.5748e+02 2.4864e+02 2.6999e-04
1.2252e+03 2.3941e+02 1.2420e+03 3.5456e+02 2.6952e-04
7.6718e+02 1.5021e+02 8.3057e+02 2.0180e+02 2.6899e-04
1.1679e+03 1.5960e+02 1.2044e+03 2.5119e+02 2.6779e-04
1.1172e+03 1.6422e+02 1.2020e+03 2.0390e+02 2.6655e-04
0.0000e+00 0.0000e+00 1.5586e+02 7.1676e+01 2.6530e-04
9.6290e+02 1.7132e+02 1.0543e+03 2.1051e+02 2.6486e-04
9.6430e+02 1.1729e+02 1.0289e+03 2.7296e+02 2.6265e-04
6.9949e+02 1.3557e+02 8.7268e+02 2.0908e+02 2.6171e-04
0.0000e+00 0.0000e+00 5.1870e+01 4.4045e+01 2.6013e-04
7.8394e+02 1.3370e+02 8.1949e+02 2.1434e+02 2.5938e-04
8.1312e+01 1.5255e+02 2.5897e+02 2.1949e+02 2.5938e-04
1.2210e+03 2.1682e+02 1.2420e+03 2.7882e+02 2.5923e-04
7.5573e+02 9.2316e+01 8.2173e+02 2.6216e+02 2.5759e-04
1.0862e+03 1.5678e+02 1.2420e+03 2.2987e+02 2.5590e-04
0.0000e+00 7.4738e+01 2.7049e+02 3.7500e+02 2.5289e-04
8.8388e+02 1.4785e+02 9.8472e+02 1.8782e+02 2.5283e-04
1.1703e+03 7.1916e+01 1.2340e+03 2.7070e+02 2.5128e-04
1.1391e+03 1.2603e+02 1.2043e+03 2.7461e+02 2.5054e-04
7.6929e+02 8.6733e+01 8.3699e+02 2.4271e+02 2.4990e-04
1.1305e+02 1.9377e+02 2.3373e+02 2.7543e+02 2.4862e-04
0.0000e+00 8.1856e+01 9.1896e+01 3.0571e+02 2.4816e-04
8.3427e+02 1.2097e+02 9.5293e+02 2.0365e+02 2.4320e-04
3.6953e+01 1.7465e+02 1.3725e+02 2.1430e+02 2.4229e-04
0.0000e+00 1.5418e+02 2.2678e+01 2.1403e+02 2.4162e-04
8.4732e+02 1.3261e+02 8.8334e+02 2.1790e+02 2.4042e-04
0.0000e+00 1.5839e+02 3.2714e+01 2.0759e+02 2.3807e-04
6.5468e+01 1.9722e+02 1.4120e+02 2.3294e+02 2.3683e-04
1.1972e+03 2.2719e+02 1.2420e+03 3.5011e+02 2.3198e-04
1.1589e+03 1.5230e+02 1.2223e+03 3.1142e+02 2.2857e-04
8.1265e+02 1.4816e+02 8.7888e+02 2.0213e+02 2.2806e-04
8.6348e+02 1.3142e+02 8.9958e+02 2.1738e+02 2.2796e-04
8.3855e+02 1.4234e+02 9.0393e+02 1.9432e+02 2.2776e-04
1.1342e+03 1.7169e+02 1.2189e+03 2.1197e+02 2.2744e-04
0.0000e+00 1.5919e+02 6.5970e+01 2.5028e+02 2.2493e-04
1.1601e+03 3.2703e+02 1.2420e+03 3.7500e+02 2.2412e-04
1.2130e+03 2.3095e+02 1.2420e+03 2.7783e+02 2.2333e-04
0.0000e+00 1.0130e+02 1.4821e+02 2.8069e+02 2.2308e-04
1.2183e+03 9.6598e+01 1.2420e+03 1.4345e+02 2.2213e-04
1.9188e+02 1.5618e+02 2.4721e+02 2.8378e+02 2.2120e-04
1.1171e+03 1.5562e+02 1.2033e+03 1.9591e+02 2.2030e-04
7.4269e+02 1.6084e+02 8.2763e+02 2.0100e+02 2.1991e-04
7.3756e+02 8.0256e+01 8.0557e+02 2.4378e+02 2.1746e-04
1.2018e+03 1.2687e+02 1.2347e+03 2.4102e+02 2.1510e-04
6.9172e+02 1.5759e+02 7.7214e+02 1.9488e+02 2.1111e-04
1.1358e+03 1.3817e+02 1.2420e+03 3.7198e+02 2.1056e-04
9.9362e+02 1.1717e+02 1.0590e+03 2.7194e+02 2.0915e-04
9.3095e+02 1.3421e+02 1.0494e+03 2.1658e+02 2.0866e-04
1.0398e+02 2.0568e+02 2.6302e+02 2.7368e+02 2.0846e-04
8.7177e+02 1.3325e+02 9.0684e+02 2.1737e+02 2.0426e-04
9.2745e+02 1.4852e+02 1.0262e+03 1.9034e+02 2.0226e-04
7.8112e+01 1.9831e+02 1.5248e+02 2.3445e+02 2.0115e-04
2.0046e+02 1.7466e+02 2.7990e+02 2.1151e+02 1.9716e-04
9.0092e+01 1.9634e+02 1.6602e+02 2.3479e+02 1.9582e-04
1.1037e+03 1.4818e+02 1.1985e+03 1.8977e+02 1.9495e-04
1.0823e+03 1.7896e+02 1.1706e+03 2.1846e+02 1.9488e-04
7.7549e+02 1.3423e+02 8.1076e+02 2.1434e+02 1.9392e-04
1.1516e+03 1.7915e+02 1.2345e+03 2.2249e+02 1.9315e-04
0.0000e+00 1.0428e+02 4.2703e+01 2.1555e+02 1.9206e-04
0.0000e+00 1.5010e+02 3.1954e+01 1.9921e+02 1.9148e-04
9.4738e+02 1.4550e+02 1.0632e+03 2.3669e+02 1.9120e-04
0.0000e+00 1.8860e+02 1.1924e+01 3.1262e+02 1.8953e-04
1.0890e+03 1.4980e+02 1.2067e+03 2.3628e+02 1.8889e-04
1.2162e+02 1.7952e+02 2.1844e+02 2.1450e+02 1.8886e-04
1.2221e+03 9.1777e+01 1.2420e+03 1.5198e+02 1.8788e-04
1.0935e+02 1.6154e+02 1.5864e+02 2.8201e+02 1.8746e-04
1.1591e+03 1.5910e+02 1.1959e+03 2.4772e+02 1.8713e-04
8.2141e+02 1.2854e+02 9.3514e+02 2.1789e+02 1.8703e-04
6.6580e+02 1.3530e+02 8.4049e+02 2.0816e+02 1.8674e-04
0.0000e+00 9.6081e+01 1.4635e+01 2.1172e+02 1.8653e-04
1.2210e+03 2.3181e+02 1.2420e+03 2.9639e+02 1.8558e-04
7.5439e+02 1.1437e+02 8.7714e+02 2.0864e+02 1.8484e-04
0.0000e+00 0.0000e+00 7.3652e+01 4.3644e+01 1.8317e-04
9.6477e+02 1.7918e+02 1.0544e+03 2.1967e+02 1.8230e-04
9.3539e+02 1.6213e+02 1.0346e+03 2.0265e+02 1.8202e-04
1.2143e+03 2.3875e+02 1.2420e+03 2.8601e+02 1.8107e-04
0.0000e+00 1.8549e+02 2.1123e+01 2.4565e+02 1.7888e-04
8.4988e+02 1.6101e+02 9.4557e+02 2.0187e+02 1.7697e-04
1.0800e+03 1.6976e+02 1.1733e+03 2.0989e+02 1.7546e-04
0.0000e+00 5.3764e+01 8.6518e+01 2.6745e+02 1.7374e-04
8.4698e+02 1.4700e+02 9.1209e+02 2.0031e+02 1.7314e-04
7.7501e+02 1.4448e+02 8.3917e+02 1.9604e+02 1.7261e-04
1.2256e+03 4.6668e+01 1.2420e+03 1.6472e+02 1.7183e-04
8.5013e+02 1.3313e+02 9.6999e+02 2.1612e+02 1.7076e-04
1.1599e+03 1.8673e+02 1.2420e+03 2.3145e+02 1.7063e-04
8.0796e+01 1.8166e+02 1.6632e+02 2.2138e+02 1.7036e-04
0.0000e+00 1.9037e+02 2.9512e+01 2.3806e+02 1.7012e-04
9.6521e+02 1.8795e+02 1.0523e+03 2.2635e+02 1.6762e-04
6.0094e+01 1.6817e+02 1.7427e+02 2.5168e+02 1.6680e-04
1.0887e+03 1.7226e+02 1.2420e+03 2.4467e+02 1.6613e-04
8.8531e+02 1.0920e+02 9.4701e+02 2.4725e+02 1.6598e-04
1.1684e+03 1.7379e+02 1.2288e+03 2.3297e+02 1.6551e-04
0.0000e+00 3.2599e+02 2.2824e+01 3.7500e+02 1.6439e-04
1.2156e+03 2.4766e+02 1.2420e+03 2.9382e+02 1.6393e-04
1.0305e+03 1.5885e+02 1.1894e+03 2.2739e+02 1.6340e-04
0.0000e+00 1.5608e+02 1.6415e+02 2.2812e+02 1.6338e-04
0.0000e+00 1.6457e+02 4.2530e+01 2.7889e+02 1.6230e-04
1.0875e+03 1.8811e+02 1.1791e+03 2.2753e+02 1.6013e-04
1.1854e+03 1.7341e+02 1.2408e+03 2.3481e+02 1.5784e-04
0.0000e+00 1.6892e+02 2.7775e+01 3.7500e+02 1.5759e-04
1.2157e+03 2.5618e+02 1.2420e+03 3.0165e+02 1.5601e-04
1.1147e+03 1.9310e+02 1.2420e+03 3.7500e+02 1.5587e-04
1.1232e+03 1.2914e+02 1.1883e+03 2.6862e+02 1.5555e-04
8.1628e+02 1.1295e+02 8.8418e+02 2.7988e+02 1.5463e-04
7.2099e+02 1.1219e+02 8.4350e+02 2.0733e+02 1.5446e-04
8.6017e+02 1.4806e+02 9.3004e+02 2.0028e+02 1.5412e-04
8.0126e+02 1.1347e+02 8.6948e+02 2.7999e+02 1.5409e-04
4.5692e+01 1.4649e+02 2.3136e+02 2.1729e+02 1.5386e-04
4.7802e+01 1.1939e+02 1.1868e+02 3.0832e+02 1.5326e-04
1.2224e+03 2.4893e+02 1.2420e+03 3.1215e+02 1.5266e-04
1.1253e+03 1.4583e+02 1.2298e+03 2.4557e+02 1.5171e-04
7.8591e+02 1.1130e+02 8.5467e+02 2.7950e+02 1.5093e-04
1.1755e+03 1.8087e+02 1.2357e+03 2.4035e+02 1.5078e-04
1.1544e+03 8.2843e+01 1.2211e+03 2.5889e+02 1.5068e-04
1.1424e+03 1.7689e+02 1.2074e+03 2.2633e+02 1.5060e-04
0.0000e+00 8.3258e+01 4.9227e+01 3.0695e+02 1.4859e-04
7.2373e+02 8.1305e+01 7.8978e+02 2.4076e+02 1.4700e-04
7.5092e+02 1.4932e+02 8.1513e+02 1.9938e+02 1.4695e-04
2.5855e+01 1.8444e+02 1.7420e+02 2.5681e+02 1.4514e-04
0.0000e+00 7.0584e+01 1.3907e+02 2.4602e+02 1.4498e-04
9.0858e+02 1.4793e+02 1.0088e+03 1.8940e+02 1.4461e-04
1.1829e+03 2.5187e+02 1.2420e+03 3.5297e+02 1.4458e-04
2.0267e+02 1.8133e+02 2.7737e+02 2.1883e+02 1.4395e-04
8.7825e+02 1.3324e+02 9.1610e+02 2.1787e+02 1.4333e-04
9.2730e+02 1.2058e+02 1.0467e+03 2.0170e+02 1.4324e-04
1.0876e+03 1.4297e+02 1.2415e+03 2.1547e+02 1.4267e-04
0.0000e+00 1.3049e+02 1.4867e+02 3.1995e+02 1.4260e-04
1.0941e+03 4.0168e+01 1.2420e+03 2.2163e+02 1.4149e-04
1.8178e+02 1.7362e+02 2.1899e+02 2.3379e+02 1.4062e-04
2.0337e+02 1.6712e+02 2.9173e+02 2.0396e+02 1.4058e-04
9.2665e+02 1.7012e+02 1.0934e+03 2.4129e+02 1.3912e-04
7.7063e+02 1.2409e+02 8.9108e+02 2.2088e+02 1.3900e-04
8.3511e+02 1.2346e+02 9.2199e+02 1.6274e+02 1.3876e-04
1.2658e+02 1.5667e+02 1.9389e+02 3.1919e+02 1.3802e-04
8.4395e+02 1.3642e+02 9.1317e+02 1.8610e+02 1.3795e-04
7.7513e+02 1.5719e+02 8.4029e+02 2.0734e+02 1.3749e-04
1.1058e+03 1.9424e+02 1.1979e+03 2.3484e+02 1.3638e-04
1.1581e+02 1.4980e+02 2.9440e+02 2.1461e+02 1.3632e-04
7.6842e+02 1.1049e+02 8.3837e+02 2.7859e+02 1.3624e-04
1.2128e+03 3.3153e+02 1.2420e+03 3.7500e+02 1.3565e-04
1.0691e+03 1.5398e+02 1.1614e+03 1.9526e+02 1.3549e-04
7.5847e+02 1.4439e+02 8.2357e+02 1.9475e+02 1.3469e-04
8.2943e+02 1.4752e+02 8.9537e+02 2.0144e+02 1.3467e-04
8.0929e+02 1.5968e+02 9.0411e+02 2.0258e+02 1.3436e-04
0.0000e+00 1.3868e+02 2.2217e+01 1.9927e+02 1.3402e-04
1.1197e+03 3.3121e+02 1.2386e+03 3.7500e+02 1.3386e-04
9.3128e+02 0.0000e+00 9.9664e+02 6.1573e+01 1.3121e-04
8.6238e+02 1.2183e+02 9.8584e+02 2.0197e+02 1.2643e-04
1.2703e+02 1.8995e+02 1.6395e+02 2.6133e+02 1.2629e-04
7.6142e+02 1.4047e+02 8.5496e+02 1.8229e+02 1.2600e-04
8.6354e+02 1.3348e+02 9.5706e+02 1.7188e+02 1.2582e-04
2.1949e+02 1.7312e+02 3.1021e+02 2.1118e+02 1.2547e-04
1.2277e+03 3.1465e+02 1.2420e+03 3.7500e+02 1.2545e-04
9.1552e+02 0.0000e+00 9.8086e+02 6.1037e+01 1.2495e-04
1.1520e+03 1.8257e+02 1.2153e+03 2.3507e+02 1.2495e-04
8.6552e+02 1.4397e+02 9.3794e+02 1.9145e+02 1.2392e-04
2.7682e+01 2.8469e+02 1.0284e+02 3.7500e+02 1.2378e-04
1.1337e+03 1.8514e+02 1.2000e+03 2.3140e+02 1.2351e-04
9.8335e+01 1.8226e+02 1.8619e+02 2.2257e+02 1.2282e-04
1.1934e+02 5.3599e+01 2.6731e+02 3.3773e+02 1.2248e-04
8.1549e+02 1.3285e+02 9.1099e+02 1.7297e+02 1.2199e-04
1.0567e+03 1.5097e+02 1.1834e+03 2.3565e+02 1.2130e-04
0.0000e+00 1.3787e+02 2.4554e+01 2.6967e+02 1.2092e-04
8.2875e+02 1.1777e+02 9.9507e+02 1.8290e+02 1.2072e-04
1.1444e+03 1.5061e+02 1.2420e+03 2.3618e+02 1.1995e-04
7.1611e+02 1.5445e+02 8.0560e+02 1.9601e+02 1.1987e-04
1.2013e+03 1.0050e+02 1.2360e+03 2.1548e+02 1.1977e-04
1.8956e+02 1.7465e+02 2.2621e+02 2.3477e+02 1.1959e-04
1.9462e+02 1.2640e+02 2.5296e+02 2.6933e+02 1.1958e-04
8.9102e+02 1.5413e+02 9.9505e+02 1.9593e+02 1.1948e-04
8.5580e+00 1.8005e+02 1.0517e+02 2.2143e+02 1.1911e-04
0.0000e+00 1.1449e+02 6.0775e+01 2.0494e+02 1.1883e-04
7.6809e+02 1.3314e+02 8.0257e+02 2.1231e+02 1.1870e-04
1.1341e+03 1.6405e+02 1.2166e+03 2.0462e+02 1.1742e-04
1.1515e+03 1.5954e+02 1.1874e+03 2.4329e+02 1.1673e-04
1.2083e+03 7.9384e+01 1.2420e+03 2.0904e+02 1.1668e-04
9.2466e+02 3.6470e+01 1.0762e+03 3.7500e+02 1.1607e-04
6.3019e+02 1.6369e+02 7.0592e+02 1.9720e+02 1.1555e-04
1.1690e+03 1.7845e+02 1.2420e+03 2.2529e+02 1.1548e-04
9.4707e+02 0.0000e+00 1.0129e+03 6.1294e+01 1.1526e-04
1.1857e+03 6.3794e+01 1.2420e+03 1.6211e+02 1.1505e-04
7.4846e+02 2.8892e+02 8.2293e+02 3.7500e+02 1.1488e-04
9.7862e+02 1.6389e+02 1.0641e+03 2.0354e+02 1.1468e-04
8.1304e+02 1.3786e+02 8.7914e+02 1.8739e+02 1.1454e-04
8.2692e+02 1.5856e+02 9.1992e+02 2.0219e+02 1.1424e-04
1.1323e+03 2.9981e+02 1.2100e+03 3.7500e+02 1.1411e-04
2.0731e+02 1.7979e+02 2.3486e+02 2.4824e+02 1.1362e-04
1.6360e+02 1.9675e+02 2.4444e+02 2.4626e+02 1.1348e-04
1.2271e+03 2.5941e+02 1.2420e+03 3.7500e+02 1.1322e-04
3.1537e+01 1.1742e+02 1.0270e+02 3.1252e+02 1.1300e-04
1.1713e+03 1.7435e+02 1.2393e+03 3.5591e+02 1.1272e-04
8.9373e+02 1.1884e+02 1.0620e+03 1.8139e+02 1.1239e-04
1.2254e+03 2.1215e+01 1.2420e+03 1.4203e+02 1.1171e-04
9.5071e+02 1.0660e+02 1.0108e+03 2.4817e+02 1.1153e-04
9.7950e+02 9.5058e+01 1.0413e+03 2.3407e+02 1.1101e-04
1.1508e+03 1.9389e+02 1.2374e+03 2.3694e+02 1.1050e-04
9.4543e+02 1.7014e+02 1.0419e+03 2.1002e+02 1.1042e-04
8.4784e+02 1.2390e+02 9.3969e+02 1.6308e+02 1.1031e-04
9.1740e+00 1.4181e+02 1.8546e+02 2.1512e+02 1.1002e-04
6.5839e+01 1.2697e+02 1.3134e+02 2.9798e+02 1.0904e-04
4.7237e+02 2.7032e+02 8.6247e+02 3.7500e+02 1.0847e-04
1.1310e+03 2.5475e+01 1.2420e+03 2.5648e+02 1.0845e-04
8.8164e+01 1.4111e+02 1.4979e+02 2.8818e+02 1.0840e-04
8.9959e+02 0.0000e+00 9.6497e+02 6.0119e+01 1.0830e-04
1.1061e+03 1.2750e+02 1.1717e+03 2.6788e+02 1.0790e-04
1.2188e+03 8.8490e+01 1.2420e+03 1.3548e+02 1.0763e-04
7.0127e+02 1.5593e+02 7.8828e+02 1.9592e+02 1.0707e-04
8.9621e+02 1.3413e+02 1.0182e+03 2.1571e+02 1.0687e-04
8.4597e+02 1.1146e+02 1.1570e+03 2.7162e+02 1.0681e-04
9.6493e+02 9.3922e+01 1.0270e+03 2.3009e+02 1.0672e-04
8.5776e+02 1.1775e+02 1.0340e+03 1.8245e+02 1.0672e-04
1.0821e+03 1.4104e+02 1.1859e+03 1.8105e+02 1.0642e-04
7.3752e+02 1.2564e+02 8.5952e+02 2.2226e+02 1.0440e-04
7.6316e+02 2.8899e+02 8.3849e+02 3.7500e+02 1.0427e-04
0.0000e+00 0.0000e+00 3.0944e+01 2.7338e+01 1.0425e-04
7.6055e+02 1.5675e+02 8.2428e+02 2.0614e+02 1.0361e-04
7.9878e+02 1.3823e+02 8.6375e+02 1.8920e+02 1.0327e-04
6.8153e+01 1.7477e+02 1.5547e+02 2.1332e+02 1.0274e-04
7.9406e+02 1.5611e+02 8.5549e+02 2.0722e+02 1.0196e-04
0.0000e+00 3.0762e+02 1.0952e+01 3.7500e+02 1.0132e-04
1.4148e+02 1.7957e+02 2.3692e+02 2.1287e+02 1.0114e-04
2.1927e+02 1.6591e+02 3.1093e+02 2.0345e+02 1.0107e-04
6.5751e+02 1.2513e+02 8.2366e+02 1.9721e+02 1.0064e-04
9.6128e+02 1.5004e+02 1.0356e+03 1.9897e+02 9.9891e-05
1.1250e+03 1.4833e+02 1.2094e+03 1.8889e+02 9.9851e-05
0.0000e+00 1.7633e+02 6.5199e+01 2.6629e+02 9.9848e-05
1.0681e+03 1.2901e+02 1.2238e+03 1.9753e+02 9.9108e-05
1.5313e+01 1.1567e+02 8.3448e+01 3.1506e+02 9.9045e-05
8.5866e+02 1.3879e+02 9.2625e+02 1.8396e+02 9.9039e-05
6.2704e+02 2.1073e+02 7.7354e+02 3.7500e+02 9.8705e-05
8.9327e+02 1.2123e+02 1.0191e+03 2.0198e+02 9.8552e-05
1.1965e+03 3.3365e+02 1.2321e+03 3.7500e+02 9.8546e-05
5.4313e+02 2.7388e+02 9.1741e+02 3.7500e+02 9.8144e-05
8.7027e+02 1.2563e+02 9.0649e+02 2.0007e+02 9.7983e-05
1.2088e+03 0.0000e+00 1.2420e+03 1.6811e+02 9.7407e-05
1.0886e+03 1.3588e+02 1.2069e+03 2.2012e+02 9.6462e-05
8.6179e+02 1.5269e+02 1.0318e+03 2.1976e+02 9.5410e-05
1.1861e+03 4.3316e+01 1.2420e+03 2.6508e+02 9.5304e-05
1.3163e+00 1.0538e+02 6.6352e+01 3.2620e+02 9.5140e-05
8.5655e+02 1.2220e+02 8.9155e+02 2.0118e+02 9.4665e-05
9.6763e+02 1.4433e+02 1.0412e+03 1.9266e+02 9.4318e-05
4.8484e+01 1.7869e+02 1.2278e+02 2.2406e+02 9.4032e-05
1.7143e+02 1.6690e+02 2.4479e+02 3.1947e+02 9.3886e-05
8.8495e+02 1.4079e+02 9.8113e+02 1.8100e+02 9.3183e-05
9.0255e+02 1.1044e+02 9.6261e+02 2.4645e+02 9.2485e-05
1.0290e+03 1.4311e+02 1.1885e+03 2.0981e+02 9.2440e-05
5.9436e+02 2.0562e+02 7.4146e+02 3.7500e+02 9.2336e-05
1.1241e+03 1.7678e+02 1.1908e+03 2.2152e+02 9.1915e-05
0.0000e+00 1.6988e+02 1.4973e+02 2.4137e+02 9.1867e-05
9.7243e+02 1.3719e+02 1.0467e+03 3.1134e+02 9.1631e-05
1.0711e+03 1.6217e+02 1.1594e+03 2.0366e+02 9.1532e-05
4.4527e+01 1.1134e+02 3.1431e+02 2.8813e+02 9.1314e-05
1.1419e+03 1.5635e+02 1.2063e+03 3.0419e+02 9.1223e-05
3.5117e+01 1.6405e+02 1.5122e+02 2.5105e+02 9.0985e-05
2.1437e+01 1.9572e+02 1.0946e+02 2.3302e+02 9.0951e-05
1.5811e+02 1.8273e+02 2.6458e+02 2.6478e+02 9.0826e-05
1.7666e+02 1.6457e+02 2.9084e+02 2.4702e+02 9.0585e-05
1.0297e+03 1.7381e+02 1.1925e+03 2.4364e+02 9.0576e-05
6.6027e+02 2.0983e+02 8.0282e+02 3.7500e+02 9.0013e-05
9.5204e+02 1.3263e+02 1.0465e+03 1.7495e+02 8.9992e-05
7.3272e+02 2.8996e+02 8.0739e+02 3.7500e+02 8.9867e-05
1.1524e+03 1.7160e+02 1.2333e+03 2.1504e+02 8.9143e-05
6.8549e+02 1.6630e+02 7.6351e+02 1.9837e+02 8.9047e-05
9.1854e+02 1.0918e+02 9.7900e+02 2.4751e+02 8.8990e-05
1.1962e+03 1.7997e+02 1.2420e+03 2.4269e+02 8.8254e-05
9.6332e+02 0.0000e+00 1.0289e+03 6.0521e+01 8.8119e-05
1.0906e+03 1.2780e+02 1.1559e+03 2.6536e+02 8.7176e-05
0.0000e+00 3.2407e+02 3.3267e+01 3.7500e+02 8.7127e-05
9.7409e+02 1.5329e+02 1.0673e+03 1.9557e+02 8.7074e-05
5.6046e+02 1.6862e+02 7.2268e+02 2.3868e+02 8.6789e-05
7.3056e+02 1.4108e+02 8.1971e+02 1.8197e+02 8.6540e-05
5.1690e+00 1.4274e+02 4.4830e+01 2.6214e+02 8.6524e-05
9.3419e+02 1.0842e+02 9.9378e+02 2.4705e+02 8.6522e-05
1.4991e+02 1.4350e+02 3.2899e+02 2.1255e+02 8.5913e-05
7.4515e+02 1.4009e+02 8.3662e+02 1.8196e+02 8.5764e-05
1.7445e+02 1.5113e+02 2.9879e+02 2.3556e+02 8.5578e-05
7.0804e+02 9.3778e+01 7.7388e+02 2.5776e+02 8.5433e-05
5.6345e+01 2.0304e+02 1.3460e+02 2.3999e+02 8.5019e-05
5.5722e+02 1.5504e+02 7.2503e+02 2.2173e+02 8.4636e-05
5.2648e+02 2.0430e+02 6.8180e+02 3.7500e+02 8.4479e-05
1.1065e+03 1.6144e+02 1.2194e+03 2.5373e+02 8.4051e-05
5.5928e+02 2.0462e+02 7.1156e+02 3.7500e+02 8.3145e-05
3.7776e+02 2.7075e+02 7.7154e+02 3.7500e+02 8.3054e-05
9.6703e+02 1.9518e+02 1.0526e+03 2.3418e+02 8.2934e-05
1.3225e+02 1.1177e+02 2.2123e+02 2.6071e+02 8.2911e-05
8.0687e+02 1.5436e+02 8.7145e+02 2.0716e+02 8.2860e-05
5.2015e+01 1.5142e+02 1.7746e+02 2.3567e+02 8.2804e-05
7.8313e+02 1.3303e+02 8.8288e+02 1.7384e+02 8.2729e-05
9.9007e+02 1.7135e+02 1.0762e+03 2.1240e+02 8.2682e-05
7.4004e+02 1.0972e+02 8.0636e+02 2.7410e+02 8.2366e-05
1.0782e+02 1.7693e+02 2.0547e+02 2.1379e+02 8.2318e-05
1.1925e+03 1.2891e+02 1.2280e+03 2.3701e+02 8.2064e-05
7.0633e+02 1.2312e+02 8.2609e+02 2.2061e+02 8.1940e-05
1.1420e+03 1.5732e+02 1.2420e+03 2.6405e+02 8.1886e-05
1.0623e+03 1.9051e+02 1.2254e+03 2.5672e+02 8.1686e-05
2.0055e+02 1.8715e+02 2.7695e+02 2.2653e+02 8.1534e-05
6.1532e+01 1.9302e+02 1.2342e+02 2.3512e+02 8.1444e-05
4.9347e+02 1.5463e+02 6.6321e+02 2.2893e+02 8.1348e-05
0.0000e+00 3.2121e+02 1.1517e+02 3.7500e+02 8.1286e-05
0.0000e+00 0.0000e+00 6.1298e+01 3.0186e+02 8.1216e-05
0.0000e+00 1.3450e+02 2.9212e+01 1.8435e+02 8.0813e-05
9.2882e+01 2.0356e+02 1.6233e+02 2.4142e+02 8.0783e-05
8.9471e+02 3.9491e+01 1.0469e+03 3.7500e+02 8.0674e-05
1.0707e+03 1.8698e+02 1.1549e+03 2.2654e+02 8.0507e-05
6.9282e+02 1.1388e+02 8.1358e+02 2.0639e+02 8.0432e-05
5.9965e-02 1.3811e+02 3.6015e+01 2.6980e+02 8.0200e-05
9.7312e+02 1.4580e+02 1.0682e+03 1.8841e+02 8.0067e-05
9.5600e+02 5.2394e+01 1.1050e+03 3.7248e+02 8.0063e-05
1.7547e+02 1.6683e+02 3.3633e+02 2.4112e+02 7.9972e-05
1.0222e+02 1.2958e+02 1.6601e+02 2.6835e+02 7.9924e-05
1.1330e+03 1.6964e+02 1.1972e+03 2.1586e+02 7.9889e-05
1.0042e+02 4.5035e+01 2.4010e+02 3.2948e+02 7.9442e-05
2.2413e+02 1.1080e+02 2.8799e+02 2.7905e+02 7.9259e-05
1.1860e+03 1.7759e+02 1.2420e+03 3.7026e+02 7.9116e-05
9.4815e+02 1.5860e+02 1.0616e+03 2.5585e+02 7.9059e-05
1.0736e+03 1.6513e+02 1.1968e+03 2.4879e+02 7.8607e-05
1.1897e+03 1.7061e+02 1.2294e+03 2.8633e+02 7.8401e-05
0.0000e+00 1.9814e+02 2.7797e+01 2.4618e+02 7.8207e-05
1.8255e+02 1.5332e+02 3.6064e+02 2.2688e+02 7.8141e-05
1.2043e+03 1.2581e+02 1.2420e+03 1.8576e+02 7.8101e-05
1.0867e+03 1.9411e+02 1.1827e+03 2.3464e+02 7.7990e-05
7.7875e+02 2.9026e+02 8.5385e+02 3.7500e+02 7.7778e-05
1.9391e+02 1.5865e+02 2.8545e+02 1.9573e+02 7.7504e-05
6.1964e+02 2.9199e+02 6.9323e+02 3.7500e+02 7.7109e-05
3.2310e+01 1.4943e+02 1.5595e+02 2.3442e+02 7.6877e-05
9.9055e+02 1.4063e+02 1.0623e+03 3.0320e+02 7.6642e-05
5.3551e+01 1.6556e+02 1.5135e+02 2.0511e+02 7.6635e-05
9.8855e+02 1.7856e+02 1.0752e+03 2.2035e+02 7.6108e-05
0.0000e+00 0.0000e+00 3.4301e+01 2.0467e+01 7.6079e-05
8.8415e+02 0.0000e+00 9.4945e+02 5.9800e+01 7.5877e-05
2.1451e+02 1.8113e+02 2.9962e+02 2.1913e+02 7.5597e-05
8.2867e+02 1.3708e+02 8.9497e+02 1.8704e+02 7.5487e-05
0.0000e+00 1.0286e+02 3.5482e+02 2.4797e+02 7.5352e-05
0.0000e+00 1.4271e+02 3.1305e+02 3.0066e+02 7.5268e-05
1.2017e+03 1.7287e+02 1.2420e+03 2.3476e+02 7.5202e-05
8.8606e+02 1.3287e+02 9.2381e+02 2.1714e+02 7.4723e-05
7.4124e+02 1.4461e+02 8.0722e+02 1.9167e+02 7.4623e-05
1.1960e+02 1.0943e+02 2.0561e+02 2.6580e+02 7.3866e-05
1.0659e+03 2.8997e+02 1.1448e+03 3.7500e+02 7.3262e-05
1.0827e+03 2.9202e+02 1.1591e+03 3.7500e+02 7.3161e-05
0.0000e+00 0.0000e+00 3.2217e+02 3.7500e+02 7.3127e-05
8.0102e+02 1.1507e+02 9.5985e+02 1.8455e+02 7.2902e-05
1.0087e+03 1.1920e+02 1.0731e+03 2.6958e+02 7.2854e-05
1.5994e+01 1.7421e+02 1.1405e+02 2.1435e+02 7.2806e-05
1.8222e+02 1.7515e+02 2.6952e+02 2.1275e+02 7.2278e-05
2.0790e+02 1.5756e+02 3.0303e+02 1.9677e+02 7.2061e-05
1.0762e+03 2.0683e+02 1.2265e+03 3.7500e+02 7.2027e-05
1.1955e+03 1.7673e+02 1.2420e+03 2.2385e+02 7.1814e-05
2.1114e+02 1.3114e+02 2.6755e+02 2.8155e+02 7.1624e-05
6.0421e+02 2.9284e+02 6.7722e+02 3.7500e+02 7.1538e-05
1.0590e+03 1.4791e+02 1.1543e+03 1.8833e+02 7.1505e-05
2.3787e+02 1.0575e+02 3.0546e+02 2.8287e+02 7.0130e-05
6.9546e+02 2.1702e+02 8.3364e+02 3.7500e+02 6.9697e-05
1.1155e+03 2.9645e+02 1.1928e+03 3.7500e+02 6.9658e-05
7.5993e+02 1.3259e+02 7.9492e+02 2.1145e+02 6.9284e-05
8.7468e+02 1.5925e+02 9.8055e+02 2.0188e+02 6.9234e-05
1.1747e+03 1.6568e+02 1.2355e+03 2.2596e+02 6.9107e-05
4.9723e+02 2.0763e+02 6.4975e+02 3.7500e+02 6.9005e-05
7.6209e+02 1.1375e+02 9.2632e+02 1.8485e+02 6.8429e-05
9.4714e+02 1.7911e+02 1.0405e+03 2.2034e+02 6.8346e-05
9.8903e+02 1.3549e+02 1.0263e+03 2.1440e+02 6.8164e-05
1.0500e+03 2.8880e+02 1.1292e+03 3.7500e+02 6.7953e-05
1.1862e+03 3.3519e+02 1.2250e+03 3.7500e+02 6.7770e-05
7.0872e+02 1.4759e+02 7.9849e+02 1.9012e+02 6.7446e-05
6.9573e+02 1.6524e+02 7.7891e+02 1.9956e+02 6.7188e-05
5.1552e+00 3.2688e+02 4.1738e+01 3.7500e+02 6.6934e-05
8.2955e+02 1.5019e+02 1.0011e+03 2.2086e+02 6.6857e-05

