6.0012e+02 1.7592e+02 6.6116e+02 2.3348e+02 9.9991e-01
7.4916e+02 1.8160e+02 8.7455e+02 2.7233e+02 9.9972e-01
1.1647e+03 1.5914e+02 1.2420e+03 2.0718e+02 9.9807e-01
7.6298e+02 1.8576e+02 8.6857e+02 2.6785e+02 9.8626e-01
6.0879e+02 1.6915e+02 6.5209e+02 2.3558e+02 9.6932e-01
5.9807e+02 1.7341e+02 6.5112e+02 2.2540e+02 9.5235e-01
1.1847e+03 1.5434e+02 1.2420e+03 2.0701e+02 9.4561e-01
7.7717e+02 1.6921e+02 8.2726e+02 2.7820e+02 9.4546e-01
7.6931e+02 1.6568e+02 8.1768e+02 2.7733e+02 9.3093e-01
7.8934e+02 1.6938e+02 8.4625e+02 2.7767e+02 9.2636e-01
6.0620e+02 1.7904e+02 6.5959e+02 2.2765e+02 9.2188e-01
6.1064e+02 1.7646e+02 6.6617e+02 2.2099e+02 9.1740e-01
7.9016e+02 1.6793e+02 8.0735e+02 2.3443e+02 8.5765e-01
7.7738e+02 1.6490e+02 8.5385e+02 2.7826e+02 8.5631e-01
7.5930e+02 1.6533e+02 8.0676e+02 2.7667e+02 8.4251e-01
7.8756e+02 1.7094e+02 8.0389e+02 2.2448e+02 8.4201e-01
6.0833e+02 1.7703e+02 6.5435e+02 2.1896e+02 8.2849e-01
7.8534e+02 1.6339e+02 8.3253e+02 2.8464e+02 7.9677e-01
7.8253e+02 1.7709e+02 8.3765e+02 2.7247e+02 7.6761e-01
7.9436e+02 1.7095e+02 8.0994e+02 2.3408e+02 7.5295e-01
6.0667e+02 1.7752e+02 6.4603e+02 2.4233e+02 7.5224e-01
6.1499e+02 1.7672e+02 6.5469e+02 2.4377e+02 7.5117e-01
1.2014e+03 1.5233e+02 1.2420e+03 2.0065e+02 7.1145e-01
7.5621e+02 1.7233e+02 8.4454e+02 2.6968e+02 7.0693e-01
7.7670e+02 1.7200e+02 8.6416e+02 2.5717e+02 7.0419e-01
7.7083e+02 1.7413e+02 8.3615e+02 2.8976e+02 6.1601e-01
6.0373e+02 1.7077e+02 6.4147e+02 2.3658e+02 6.1542e-01
7.9038e+02 1.7062e+02 8.0519e+02 2.1547e+02 6.1168e-01
7.6465e+02 1.7672e+02 9.0126e+02 2.5735e+02 6.0418e-01
1.1986e+03 1.6306e+02 1.2420e+03 2.1170e+02 5.9793e-01
6.2268e+02 1.6919e+02 6.5898e+02 2.3847e+02 5.9752e-01
1.1588e+03 1.4122e+02 1.2420e+03 2.1706e+02 5.5741e-01
6.0339e+02 1.7482e+02 6.4550e+02 2.1460e+02 5.5043e-01
7.8819e+02 1.6996e+02 8.0310e+02 2.0884e+02 5.1537e-01
7.7558e+02 1.6592e+02 8.0715e+02 2.5859e+02 4.8784e-01
7.8608e+02 1.7208e+02 8.0530e+02 2.4059e+02 4.7577e-01
7.9003e+02 1.7766e+02 8.0805e+02 2.4967e+02 4.7166e-01
1.1405e+03 1.5271e+02 1.2420e+03 2.1540e+02 4.5711e-01
7.9409e+02 1.7878e+02 8.1103e+02 2.4764e+02 4.1404e-01
7.8690e+02 1.7602e+02 8.6781e+02 2.9485e+02 3.9966e-01
5.9649e+02 1.8885e+02 6.6907e+02 2.3453e+02 3.9679e-01
5.9868e+02 1.7636e+02 6.4353e+02 2.0358e+02 3.9227e-01
6.1665e+02 1.6686e+02 6.4685e+02 2.2689e+02 3.7067e-01
8.0458e+02 1.6513e+02 8.5719e+02 2.7651e+02 3.5951e-01
7.3484e+02 1.7322e+02 8.4454e+02 2.7986e+02 3.5175e-01
7.9847e+02 1.6903e+02 8.1239e+02 2.3172e+02 3.4896e-01
7.8703e+02 1.7224e+02 8.0138e+02 2.1418e+02 3.3684e-01
5.9374e+02 1.7769e+02 6.4182e+02 2.0971e+02 3.2764e-01
7.5937e+02 1.7544e+02 8.2466e+02 2.8368e+02 3.2492e-01
5.8363e+02 1.6783e+02 6.7334e+02 2.4688e+02 3.1502e-01
6.1247e+02 1.6878e+02 6.3904e+02 2.2552e+02 3.1467e-01
7.8242e+02 1.6655e+02 8.1447e+02 2.6352e+02 3.1235e-01
1.1934e+03 1.4293e+02 1.2363e+03 2.1772e+02 2.9581e-01
6.3601e+02 1.6924e+02 6.5944e+02 2.3236e+02 2.7768e-01
6.0509e+02 1.7406e+02 6.3887e+02 2.0668e+02 2.6841e-01
6.0105e+02 1.7585e+02 6.3139e+02 2.1139e+02 2.5880e-01
6.2518e+02 1.6789e+02 6.5252e+02 2.3074e+02 2.4940e-01
7.6645e+02 1.6531e+02 8.0138e+02 2.5724e+02 2.4883e-01
7.8325e+02 1.6931e+02 8.0140e+02 2.2733e+02 2.4481e-01
7.7982e+02 1.8573e+02 8.8798e+02 2.4842e+02 2.3280e-01
6.0111e+02 1.6951e+02 6.2437e+02 2.2377e+02 2.3175e-01
8.0368e+02 1.6741e+02 8.4474e+02 2.5968e+02 2.2814e-01
7.8413e+02 1.7707e+02 8.5824e+02 2.3692e+02 2.2614e-01
7.5985e+02 1.6485e+02 8.3208e+02 2.5967e+02 2.1679e-01
7.8973e+02 1.6838e+02 8.2444e+02 2.6497e+02 2.1612e-01
6.0811e+02 1.6891e+02 6.3467e+02 2.2339e+02 2.1395e-01
7.9594e+02 1.7054e+02 8.0944e+02 2.1788e+02 2.1291e-01
7.9874e+02 1.6539e+02 8.3479e+02 2.6202e+02 2.0137e-01
6.0992e+02 1.7905e+02 6.6166e+02 2.1333e+02 1.8146e-01
1.2015e+03 1.5086e+02 1.2384e+03 2.1911e+02 1.7599e-01
5.9631e+02 1.7285e+02 6.5451e+02 2.0944e+02 1.7077e-01
7.9837e+02 1.7851e+02 8.1645e+02 2.4911e+02 1.7051e-01
7.6892e+02 1.7959e+02 8.7562e+02 2.4452e+02 1.6963e-01
6.0748e+02 1.7637e+02 6.5197e+02 2.0501e+02 1.6409e-01
7.8307e+02 1.7426e+02 8.0650e+02 2.0230e+02 1.6387e-01
1.1925e+03 1.4885e+02 1.2269e+03 2.1684e+02 1.6328e-01
7.8758e+02 1.5240e+02 8.7006e+02 2.7314e+02 1.6081e-01
6.1854e+02 1.7486e+02 6.5637e+02 2.1416e+02 1.5317e-01
7.6273e+02 1.5820e+02 8.4246e+02 2.8228e+02 1.5187e-01
1.1629e+03 1.6952e+02 1.2420e+03 2.1285e+02 1.5124e-01
6.2064e+02 1.6872e+02 6.4358e+02 2.2324e+02 1.5086e-01
5.9880e+02 1.5436e+02 6.5842e+02 2.6178e+02 1.5042e-01
6.3110e+02 1.6668e+02 6.5601e+02 2.3257e+02 1.4471e-01
6.0317e+02 1.7652e+02 6.2790e+02 2.0372e+02 1.4464e-01
1.1771e+03 1.3363e+02 1.2420e+03 2.2128e+02 1.3744e-01
7.4758e+02 1.7200e+02 7.9667e+02 2.7427e+02 1.3252e-01
7.3680e+02 1.8409e+02 8.5770e+02 2.5150e+02 1.3188e-01
6.0281e+02 1.7455e+02 6.4063e+02 1.9621e+02 1.2065e-01
7.7714e+02 1.7908e+02 8.6956e+02 2.2639e+02 1.1512e-01
8.0331e+02 1.6756e+02 8.1743e+02 2.2975e+02 1.1469e-01
8.1553e+02 1.6402e+02 8.6172e+02 2.7194e+02 1.1359e-01
1.1827e+03 1.4342e+02 1.2262e+03 2.1945e+02 1.1033e-01
7.7451e+02 1.9089e+02 8.8866e+02 2.8468e+02 1.1013e-01
7.3657e+02 1.9889e+02 8.7743e+02 2.8003e+02 1.0236e-01
7.4435e+02 1.7117e+02 9.0126e+02 2.4451e+02 9.7623e-02
5.9990e+02 1.7715e+02 6.3418e+02 1.9997e+02 9.2059e-02
7.8217e+02 1.7425e+02 8.0135e+02 2.4150e+02 9.0715e-02
8.0478e+02 1.6023e+02 8.7338e+02 2.8113e+02 8.6605e-02
8.2167e+02 1.6796e+02 8.7033e+02 2.7627e+02 8.5596e-02
6.3931e+02 1.6805e+02 6.6286e+02 2.2814e+02 8.2509e-02
8.0192e+02 1.7869e+02 8.1934e+02 2.4878e+02 7.6745e-02
6.1800e+02 1.7779e+02 6.5934e+02 2.0287e+02 7.6308e-02
7.8403e+02 1.7415e+02 8.1005e+02 2.1071e+02 7.5955e-02
6.0468e+02 1.7085e+02 6.2175e+02 2.1540e+02 7.5687e-02
6.1038e+02 1.6636e+02 6.2992e+02 2.1727e+02 7.1947e-02
7.4494e+02 1.7013e+02 8.1856e+02 2.6837e+02 7.1935e-02
7.7476e+02 1.7276e+02 8.4292e+02 2.4076e+02 6.9896e-02
6.3290e+02 1.7499e+02 6.6151e+02 2.1139e+02 6.7706e-02
6.4174e+02 1.7100e+02 6.6057e+02 2.2340e+02 6.7194e-02
1.1273e+03 1.6376e+02 1.2296e+03 2.0596e+02 6.6707e-02
6.0690e+02 1.6685e+02 6.2568e+02 2.1579e+02 6.6526e-02
1.1627e+03 1.5362e+02 1.2420e+03 1.9738e+02 6.5700e-02
6.1837e+02 1.7386e+02 6.5103e+02 2.3321e+02 6.4520e-02
6.2065e+02 1.7561e+02 6.5317e+02 2.0604e+02 6.3771e-02
7.8226e+02 1.7234e+02 7.9612e+02 2.2034e+02 6.3692e-02
1.2115e+03 1.4709e+02 1.2420e+03 1.9236e+02 6.2023e-02
8.1210e+02 1.6685e+02 8.5128e+02 2.5518e+02 6.0623e-02
8.0104e+02 1.6984e+02 8.1445e+02 2.1887e+02 6.0431e-02
1.2066e+03 1.7000e+02 1.2420e+03 2.1746e+02 5.9466e-02
6.1414e+02 1.6554e+02 6.3394e+02 2.1743e+02 5.7226e-02
5.6829e+02 1.6605e+02 6.8226e+02 2.3764e+02 5.6378e-02
7.4800e+02 1.6320e+02 8.1449e+02 2.8955e+02 5.6114e-02
7.6551e+02 1.6914e+02 8.1867e+02 2.3827e+02 5.5529e-02
1.0948e+03 1.4734e+02 1.2420e+03 2.1106e+02 5.4483e-02
7.7960e+02 1.7004e+02 7.9639e+02 2.2761e+02 5.0964e-02
6.0016e+02 1.7189e+02 6.2957e+02 2.3751e+02 4.9998e-02
1.0974e+03 1.6388e+02 1.2073e+03 2.0500e+02 4.7539e-02
6.1869e+02 1.6657e+02 6.3809e+02 2.1632e+02 4.7230e-02
6.3368e+02 1.7752e+02 6.6367e+02 1.9851e+02 4.7091e-02
6.0914e+02 1.7314e+02 6.3979e+02 1.9905e+02 4.5634e-02
6.3491e+02 1.7671e+02 6.5921e+02 2.0253e+02 3.9667e-02
7.6755e+02 1.9228e+02 8.8490e+02 2.5898e+02 3.9347e-02
6.3279e+02 1.6757e+02 6.5059e+02 2.1606e+02 3.8889e-02
8.0773e+02 1.6891e+02 8.2282e+02 2.2872e+02 3.8872e-02
7.9886e+02 1.7918e+02 8.7820e+02 2.5374e+02 3.8801e-02
7.7824e+02 1.7444e+02 7.9712e+02 2.4093e+02 3.8582e-02
6.0932e+02 1.7435e+02 6.4245e+02 1.9083e+02 3.6382e-02
5.9325e+02 1.8468e+02 6.5717e+02 2.3928e+02 3.6015e-02
6.0037e+02 1.8520e+02 6.5364e+02 2.2307e+02 3.4925e-02
1.0911e+03 1.5578e+02 1.2044e+03 1.9780e+02 3.4478e-02
6.2266e+02 1.7630e+02 6.6763e+02 2.2610e+02 3.3787e-02
7.7700e+02 1.7477e+02 8.1080e+02 1.9364e+02 3.3604e-02
8.1550e+02 1.8081e+02 8.5877e+02 2.0006e+02 3.2985e-02
6.0922e+02 1.7434e+02 6.4681e+02 1.9582e+02 3.2901e-02
1.2220e+03 1.4337e+02 1.2420e+03 2.2337e+02 3.2848e-02
8.1307e+02 1.8162e+02 8.6235e+02 2.0543e+02 3.2301e-02
7.8439e+02 1.7220e+02 7.9719e+02 2.1157e+02 3.2222e-02
1.2103e+03 1.4906e+02 1.2420e+03 2.2159e+02 3.1553e-02
6.2688e+02 1.7496e+02 6.5897e+02 2.3368e+02 3.1142e-02
6.0326e+02 1.7121e+02 6.3091e+02 2.2518e+02 3.0693e-02
6.3650e+02 1.6849e+02 6.5319e+02 2.1557e+02 2.9437e-02
1.1031e+03 1.7162e+02 1.2088e+03 2.0951e+02 2.9185e-02
6.2223e+02 1.7759e+02 6.6592e+02 2.0846e+02 2.8898e-02
7.9128e+02 1.7563e+02 8.1300e+02 2.0360e+02 2.8897e-02
1.1695e+03 1.5497e+02 1.2420e+03 2.3553e+02 2.8620e-02
6.1166e+02 1.7743e+02 6.4866e+02 2.6526e+02 2.8418e-02
8.0385e+02 1.7201e+02 8.8045e+02 3.0406e+02 2.7520e-02
1.1145e+03 1.5757e+02 1.2234e+03 1.9902e+02 2.7467e-02
6.3988e+02 1.7174e+02 6.5519e+02 2.1467e+02 2.6828e-02
6.1242e+02 1.8695e+02 6.6625e+02 2.2283e+02 2.5479e-02
6.2347e+02 1.6638e+02 6.4261e+02 2.1503e+02 2.4963e-02
7.9382e+02 1.7903e+02 8.8306e+02 2.2402e+02 2.4831e-02
8.2161e+02 1.8030e+02 8.5035e+02 2.0052e+02 2.4629e-02
6.1158e+02 1.7316e+02 6.7124e+02 2.0894e+02 2.4503e-02
8.1174e+02 1.7006e+02 8.2661e+02 2.2734e+02 2.4114e-02
7.8411e+02 1.7329e+02 8.0566e+02 1.9460e+02 2.3815e-02
7.9344e+02 1.7795e+02 8.9175e+02 2.7340e+02 2.3498e-02
6.1299e+02 1.7431e+02 6.4436e+02 2.3177e+02 2.3300e-02
8.0730e+02 1.7689e+02 8.2396e+02 2.4143e+02 2.1939e-02
7.4470e+02 1.9890e+02 8.6527e+02 2.7037e+02 2.1880e-02
6.2833e+02 1.6618e+02 6.4665e+02 2.1587e+02 2.1849e-02
6.0774e+02 1.8808e+02 6.6043e+02 2.3422e+02 2.1644e-02
7.7774e+02 1.7349e+02 7.9240e+02 2.2020e+02 2.1613e-02
6.2677e+02 1.7952e+02 6.6446e+02 2.2609e+02 2.1452e-02
6.2460e+02 1.7468e+02 6.7636e+02 2.1075e+02 2.1201e-02
6.1127e+02 1.8404e+02 6.6291e+02 2.4007e+02 2.1093e-02
7.8077e+02 1.7106e+02 8.5302e+02 3.1206e+02 2.0892e-02
8.2537e+02 1.7151e+02 8.4148e+02 2.1901e+02 2.0841e-02
7.3888e+02 1.7745e+02 8.5159e+02 2.3935e+02 2.0465e-02
7.5599e+02 1.7701e+02 8.4878e+02 2.2726e+02 2.0442e-02
1.1791e+03 1.6579e+02 1.2420e+03 1.9989e+02 1.9674e-02
6.0062e+02 1.7616e+02 6.4214e+02 2.5246e+02 1.9653e-02
5.6750e+02 1.7430e+02 6.8837e+02 2.5285e+02 1.9634e-02
7.8777e+02 1.7603e+02 8.1520e+02 2.1579e+02 1.9136e-02
8.0368e+02 1.6885e+02 8.1912e+02 2.1205e+02 1.8544e-02
6.4566e+02 1.7056e+02 6.6346e+02 2.2166e+02 1.8329e-02
6.3214e+02 1.7533e+02 6.6235e+02 1.9335e+02 1.8099e-02
8.2063e+02 1.7159e+02 8.3655e+02 2.2557e+02 1.7909e-02
6.2051e+02 1.7475e+02 6.5745e+02 1.9431e+02 1.7869e-02
5.7430e+02 1.5634e+02 6.6510e+02 2.4147e+02 1.7524e-02
7.7438e+02 1.7637e+02 7.9366e+02 2.3896e+02 1.7447e-02
5.9154e+02 1.4762e+02 6.4882e+02 2.6431e+02 1.7414e-02
8.1552e+02 1.6769e+02 8.3183e+02 2.3001e+02 1.7160e-02
6.3320e+02 1.6430e+02 6.6255e+02 2.4864e+02 1.6270e-02
5.9593e+02 1.7886e+02 6.3269e+02 2.0640e+02 1.5414e-02
1.1853e+03 1.6679e+02 1.2420e+03 2.1435e+02 1.5324e-02
7.7904e+02 1.7630e+02 8.1772e+02 1.9886e+02 1.5102e-02
6.1783e+02 1.7671e+02 6.6261e+02 2.2283e+02 1.4792e-02
7.9963e+02 1.7641e+02 8.7043e+02 2.3049e+02 1.4745e-02
7.7960e+02 1.7423e+02 8.0198e+02 1.9597e+02 1.4637e-02
7.8933e+02 1.7334e+02 8.1275e+02 1.9853e+02 1.4251e-02
8.2924e+02 1.7153e+02 8.4485e+02 2.0944e+02 1.3967e-02
6.0221e+02 1.7852e+02 6.2339e+02 2.0167e+02 1.3893e-02
1.2018e+03 8.5397e+01 1.2420e+03 2.3570e+02 1.3880e-02
6.0159e+02 1.7774e+02 6.3676e+02 2.1942e+02 1.3637e-02
1.1919e+03 1.5088e+02 1.2420e+03 1.9387e+02 1.3404e-02
8.1942e+02 1.7985e+02 8.5386e+02 2.0625e+02 1.2540e-02
7.9150e+02 1.6952e+02 8.0378e+02 2.0199e+02 1.2243e-02
8.2131e+02 1.6673e+02 8.5904e+02 2.5250e+02 1.2082e-02
8.0759e+02 1.8304e+02 8.6609e+02 2.1084e+02 1.2046e-02
5.9407e+02 1.1424e+02 6.6204e+02 2.6780e+02 1.2021e-02
7.6485e+02 1.6707e+02 7.8004e+02 2.0620e+02 1.1829e-02
7.9141e+02 1.7708e+02 8.1547e+02 2.4813e+02 1.1800e-02
6.4324e+02 1.7327e+02 6.5722e+02 2.1395e+02 1.1575e-02
6.4125e+02 1.7808e+02 6.6767e+02 1.9884e+02 1.1414e-02
6.1548e+02 1.7456e+02 6.4884e+02 1.9124e+02 1.1365e-02
8.1008e+02 1.7879e+02 8.2745e+02 2.4507e+02 1.1144e-02
7.7606e+02 1.7244e+02 9.2721e+02 2.4968e+02 1.0827e-02
7.9190e+02 1.8189e+02 8.5792e+02 2.8268e+02 1.0627e-02
7.9327e+02 1.7586e+02 8.7603e+02 2.1264e+02 1.0620e-02
7.9651e+02 1.7626e+02 8.1978e+02 2.0223e+02 1.0462e-02
7.6814e+02 1.7051e+02 7.8380e+02 2.1368e+02 1.0326e-02
1.1476e+03 1.5915e+02 1.2320e+03 2.0817e+02 1.0035e-02
0.0000e+00 1.4172e+02 1.4638e+01 2.6425e+02 9.8247e-03
1.2041e+03 1.1167e+02 1.2420e+03 2.6190e+02 9.7352e-03
8.2401e+02 1.6843e+02 8.4190e+02 2.1007e+02 9.5455e-03
6.3005e+02 1.7535e+02 6.5739e+02 1.9769e+02 9.3768e-03
7.5364e+02 1.7188e+02 7.8805e+02 1.9087e+02 9.2451e-03
5.9586e+02 1.8386e+02 6.4653e+02 2.1698e+02 9.1517e-03
5.7509e+02 1.6075e+02 7.0129e+02 2.3040e+02 9.1187e-03
1.0006e+03 1.6068e+02 1.0562e+03 1.8387e+02 9.0067e-03
6.1715e+02 1.7399e+02 6.4822e+02 1.9841e+02 9.0050e-03
1.1860e+03 1.6261e+02 1.2415e+03 1.9345e+02 8.9866e-03
8.1766e+02 1.6444e+02 8.5096e+02 2.4072e+02 8.9483e-03
8.1408e+02 1.7853e+02 8.3244e+02 2.4498e+02 8.9313e-03
7.7289e+02 1.7097e+02 7.8851e+02 2.1405e+02 8.9136e-03
8.3340e+02 1.6428e+02 8.7356e+02 2.7810e+02 8.8381e-03
7.6641e+02 1.7403e+02 8.0233e+02 1.9345e+02 8.7333e-03
8.5286e+02 1.7999e+02 8.9280e+02 1.9699e+02 8.6825e-03
7.9364e+02 1.7566e+02 8.1867e+02 2.0910e+02 8.6667e-03
1.0987e+03 1.4979e+02 1.2047e+03 1.9157e+02 8.5817e-03
6.8401e+02 1.4611e+02 9.2975e+02 2.8355e+02 8.5371e-03
7.5953e+02 1.7253e+02 7.8494e+02 1.9392e+02 8.4814e-03
1.1770e+03 1.4361e+02 1.2159e+03 2.1513e+02 8.4578e-03
1.1824e+03 1.4535e+02 1.2420e+03 2.4312e+02 8.4486e-03
0.0000e+00 1.0586e+02 3.1907e+01 3.2147e+02 8.4173e-03
6.4607e+02 1.7871e+02 6.7173e+02 1.9893e+02 8.4143e-03
6.2733e+02 1.8112e+02 6.6961e+02 2.1017e+02 8.3886e-03
1.2351e+03 1.4990e+02 1.2420e+03 2.0758e+02 8.3479e-03
6.0627e+02 1.7645e+02 6.3704e+02 2.3170e+02 8.1393e-03
8.1820e+02 1.7145e+02 8.3222e+02 2.2284e+02 8.1030e-03
1.1996e+03 2.8351e+02 1.2420e+03 3.7500e+02 8.0645e-03
6.2002e+02 1.7467e+02 6.5374e+02 2.6792e+02 8.0271e-03
9.9170e+02 1.5814e+02 1.0682e+03 1.9182e+02 7.7938e-03
7.8315e+02 1.7345e+02 8.2136e+02 1.9476e+02 7.6508e-03
8.1931e+02 1.7606e+02 8.4893e+02 1.9783e+02 7.5652e-03
1.1860e+03 1.5335e+02 1.2209e+03 2.1717e+02 7.4499e-03
1.1694e+03 1.6954e+02 1.2383e+03 2.0339e+02 7.3372e-03
6.4135e+02 1.7569e+02 6.6834e+02 1.9326e+02 7.2318e-03
7.5450e+02 1.7404e+02 7.9445e+02 1.9297e+02 7.2234e-03
7.9720e+02 1.7376e+02 8.2336e+02 1.9680e+02 7.1792e-03
6.3774e+02 1.7684e+02 6.6249e+02 2.3844e+02 7.1171e-03
1.1241e+03 1.2963e+02 1.2420e+03 2.1001e+02 6.9802e-03
1.2015e+03 1.4522e+02 1.2237e+03 1.9871e+02 6.8122e-03
1.2253e+03 1.6766e+02 1.2420e+03 1.9613e+02 6.8043e-03
1.1543e+03 1.7611e+02 1.2420e+03 3.7500e+02 6.7570e-03
8.1757e+02 1.7874e+02 8.3706e+02 2.4551e+02 6.6574e-03
1.1873e+03 3.1796e+02 1.2420e+03 3.7500e+02 6.6020e-03
8.2233e+02 1.7049e+02 8.3787e+02 2.1332e+02 6.5792e-03
6.4546e+02 1.7614e+02 6.7260e+02 1.9390e+02 6.4654e-03
7.6341e+02 2.1242e+02 8.7414e+02 2.7343e+02 6.4466e-03
0.0000e+00 1.1368e+02 7.4668e+00 1.7090e+02 6.2085e-03
1.2146e+03 1.7931e+02 1.2420e+03 2.2472e+02 5.9600e-03
6.3449e+02 1.6855e+02 6.4995e+02 2.0704e+02 5.9064e-03
6.3448e+02 1.7926e+02 6.6941e+02 2.0558e+02 5.7929e-03
1.2246e+03 1.3168e+02 1.2420e+03 2.1370e+02 5.7657e-03
8.2424e+02 1.6319e+02 8.8605e+02 3.0035e+02 5.7552e-03
7.7486e+02 1.7768e+02 8.2211e+02 2.0363e+02 5.6773e-03
7.6151e+02 1.6541e+02 7.7614e+02 2.0569e+02 5.6365e-03
7.5662e+02 1.7083e+02 7.8092e+02 1.9244e+02 5.5696e-03
7.5957e+02 1.6719e+02 7.9725e+02 2.4883e+02 5.4584e-03
6.0068e+02 1.7849e+02 6.2683e+02 2.3409e+02 5.4538e-03
7.6568e+02 1.8659e+02 8.2203e+02 2.8166e+02 5.4257e-03
1.0685e+03 1.3178e+02 1.2393e+03 2.0169e+02 5.3943e-03
1.0744e+03 1.4873e+02 1.1864e+03 1.8966e+02 5.3466e-03
6.0309e+02 1.7123e+02 6.1639e+02 2.1288e+02 5.3427e-03
6.4144e+02 1.7798e+02 6.6612e+02 2.0813e+02 5.3405e-03
7.7938e+02 1.7348e+02 8.3731e+02 2.2608e+02 5.1613e-03
7.7129e+02 1.7408e+02 7.9501e+02 1.9507e+02 5.0931e-03
7.8171e+02 1.7396e+02 8.1260e+02 1.9124e+02 4.9230e-03
7.3255e+02 2.1189e+02 8.9169e+02 2.9063e+02 4.8908e-03
7.9726e+02 1.7654e+02 8.2479e+02 2.0904e+02 4.8893e-03
7.1102e+02 1.7024e+02 8.7935e+02 2.4912e+02 4.8547e-03
1.0676e+03 1.5545e+02 1.1824e+03 1.9534e+02 4.8532e-03
5.9491e+02 1.7841e+02 6.2218e+02 1.9902e+02 4.7787e-03
7.7031e+02 1.7642e+02 7.8999e+02 2.3995e+02 4.7222e-03
8.1606e+02 1.7625e+02 8.5728e+02 1.9552e+02 4.6997e-03
7.7861e+02 1.6952e+02 7.9178e+02 2.0738e+02 4.6934e-03
0.0000e+00 1.7297e+02 1.6637e+01 2.9805e+02 4.6790e-03
1.0779e+00 1.3687e+02 3.4807e+01 2.7839e+02 4.6722e-03
1.1725e+03 1.1249e+02 1.2382e+03 2.3338e+02 4.6493e-03
0.0000e+00 2.8020e+02 2.8692e+01 3.7500e+02 4.6399e-03
1.2362e+03 1.4285e+02 1.2420e+03 1.9899e+02 4.5684e-03
0.0000e+00 1.6355e+02 7.3199e+00 2.2337e+02 4.5649e-03
1.2283e+03 1.6076e+02 1.2420e+03 1.8881e+02 4.4439e-03
7.5119e+02 1.8098e+02 8.0708e+02 2.6648e+02 4.3922e-03
0.0000e+00 1.3052e+02 2.4203e+01 2.8011e+02 4.3886e-03
7.7231e+02 1.7186e+02 8.2547e+02 2.2579e+02 4.3456e-03
6.1663e+02 1.8238e+02 6.6836e+02 2.1634e+02 4.3171e-03
6.0481e+02 1.7422e+02 6.3180e+02 1.9469e+02 4.2563e-03
6.0024e+02 1.7617e+02 6.2701e+02 1.9529e+02 4.1799e-03
1.0968e+03 1.7919e+02 1.2093e+03 2.1882e+02 4.1533e-03
7.8666e+02 1.8023e+02 8.1878e+02 2.2538e+02 4.0952e-03
7.6426e+02 1.7323e+02 7.9116e+02 1.9482e+02 4.0921e-03
7.8949e+02 1.7755e+02 8.2729e+02 1.9905e+02 4.0766e-03
6.0659e+02 1.4729e+02 6.4275e+02 2.2874e+02 4.0692e-03
5.9717e+02 1.5028e+02 6.5740e+02 3.0112e+02 4.0553e-03
1.1437e+03 1.5099e+02 1.2377e+03 1.9274e+02 3.9766e-03
6.1318e+02 1.6547e+02 6.2910e+02 2.0227e+02 3.8996e-03
1.2121e+03 1.4756e+02 1.2360e+03 2.0326e+02 3.8563e-03
7.7351e+02 1.7681e+02 7.9734e+02 1.9963e+02 3.8532e-03
8.3266e+02 1.7197e+02 8.4841e+02 2.1447e+02 3.8322e-03
7.7250e+02 1.7378e+02 8.5219e+02 2.1415e+02 3.7536e-03
0.0000e+00 1.2429e+02 7.2217e+00 1.8316e+02 3.7358e-03
1.1140e+03 1.4989e+02 1.1906e+03 2.0218e+02 3.7312e-03
8.1416e+02 1.7907e+02 8.4749e+02 2.0797e+02 3.6717e-03
1.2040e+03 1.4768e+02 1.2278e+03 2.0136e+02 3.6674e-03
0.0000e+00 6.3656e+01 3.2879e+01 2.6738e+02 3.6357e-03
1.2009e+03 1.5703e+02 1.2420e+03 1.9582e+02 3.5977e-03
1.2233e+03 3.3199e+02 1.2420e+03 3.7500e+02 3.5950e-03
1.1721e+03 1.0368e+02 1.2420e+03 1.9369e+02 3.5799e-03
1.0774e+03 2.6407e+02 1.2420e+03 3.7500e+02 3.5634e-03
1.1232e+03 2.4674e+02 1.2420e+03 3.7500e+02 3.5352e-03
1.2298e+03 1.6165e+02 1.2420e+03 1.9765e+02 3.5346e-03
8.5377e+02 1.7684e+02 8.9119e+02 1.9368e+02 3.5188e-03
7.9576e+02 1.7776e+02 8.2747e+02 2.1567e+02 3.5136e-03
1.0741e+03 1.6163e+02 1.1901e+03 2.0413e+02 3.4620e-03
7.5768e+02 1.6444e+02 7.7196e+02 2.0219e+02 3.4120e-03
1.0664e+03 9.0528e+01 1.2420e+03 2.4266e+02 3.3896e-03
0.0000e+00 1.2403e+02 1.5207e+01 2.3835e+02 3.3630e-03
6.0852e+02 1.4847e+02 6.6718e+02 3.0171e+02 3.3436e-03
6.3806e+02 1.6644e+02 6.6530e+02 2.3256e+02 3.2267e-03
1.1985e+03 1.4445e+02 1.2194e+03 1.9681e+02 3.1940e-03
1.1869e+03 9.5586e+01 1.2420e+03 2.0591e+02 3.1780e-03
1.0023e+03 1.5732e+02 1.0898e+03 1.9270e+02 3.1691e-03
7.7875e+02 1.7485e+02 8.0945e+02 2.1644e+02 3.1509e-03
9.8334e+02 1.5244e+02 1.0544e+03 1.8708e+02 3.1374e-03
1.1946e+03 1.5494e+02 1.2355e+03 1.9078e+02 3.1172e-03
8.6044e+02 1.7956e+02 9.0240e+02 1.9841e+02 3.1162e-03
0.0000e+00 1.8804e+02 7.3496e+00 2.4769e+02 3.1053e-03
1.2193e+03 3.5173e+02 1.2420e+03 3.7500e+02 3.0771e-03
8.5236e+02 1.8184e+02 8.9377e+02 2.0106e+02 3.0631e-03
6.1768e+02 1.6592e+02 6.3250e+02 1.9975e+02 3.0580e-03
8.1800e+02 1.8292e+02 8.7236e+02 2.0910e+02 2.9525e-03
7.4983e+02 1.6964e+02 8.0938e+02 2.3842e+02 2.9506e-03
6.2158e+02 1.4606e+02 6.7370e+02 2.7196e+02 2.9231e-03
1.2132e+03 1.3977e+02 1.2420e+03 1.8335e+02 2.9175e-03
5.8496e+02 9.8210e+01 6.5176e+02 2.6719e+02 2.9160e-03
7.5288e+02 1.6942e+02 7.7683e+02 1.9303e+02 2.8989e-03
1.0941e+03 0.0000e+00 1.2420e+03 3.7500e+02 2.8947e-03
8.2300e+02 1.7390e+02 8.4063e+02 2.3154e+02 2.8827e-03
5.8763e+02 1.7050e+02 6.4637e+02 2.0497e+02 2.8697e-03
1.1508e+03 1.5407e+02 1.1701e+03 2.0462e+02 2.8478e-03
6.0055e+02 1.9207e+02 6.5713e+02 2.2786e+02 2.7948e-03
7.7405e+02 2.0032e+02 8.7912e+02 2.8101e+02 2.7851e-03
7.6835e+02 1.6740e+02 7.8312e+02 2.0188e+02 2.7732e-03
6.3202e+02 1.6325e+02 6.6076e+02 2.2780e+02 2.7424e-03
7.4288e+02 8.6966e+01 8.6972e+02 3.1250e+02 2.7312e-03
8.3095e+02 1.6697e+02 8.6543e+02 2.5427e+02 2.7265e-03
5.9251e+02 1.6255e+02 6.5054e+02 2.0661e+02 2.7198e-03
7.5074e+02 1.6448e+02 7.9117e+02 2.5668e+02 2.7183e-03
8.2109e+02 1.7887e+02 8.4128e+02 2.4575e+02 2.7063e-03
0.0000e+00 4.6467e+01 7.0085e+01 3.7500e+02 2.6906e-03
1.2097e+03 1.4358e+02 1.2302e+03 1.9910e+02 2.6903e-03
8.1764e+02 1.6943e+02 8.3110e+02 2.1324e+02 2.6820e-03
0.0000e+00 1.7336e+02 6.6616e+00 2.3187e+02 2.6634e-03
5.7669e+00 1.4487e+02 4.3411e+01 2.6798e+02 2.6521e-03
6.4821e+02 1.7256e+02 6.6202e+02 2.1269e+02 2.6280e-03
0.0000e+00 3.5700e+02 5.7960e+00 3.7500e+02 2.6120e-03
6.4069e+02 1.7000e+02 6.5363e+02 2.0761e+02 2.6035e-03
6.2040e+02 1.8875e+02 6.6900e+02 2.1872e+02 2.5683e-03
5.4018e+02 1.5866e+02 6.8463e+02 2.3203e+02 2.5548e-03
7.9035e+02 1.7738e+02 8.2187e+02 2.1919e+02 2.5387e-03
8.2806e+02 1.8061e+02 8.5846e+02 2.0025e+02 2.5335e-03
0.0000e+00 1.9866e+02 7.5674e+00 2.6153e+02 2.5271e-03
6.2320e+02 1.8146e+02 6.5424e+02 2.3704e+02 2.4824e-03
7.6822e+02 1.7750e+02 8.0735e+02 1.9827e+02 2.4768e-03
1.0680e+03 1.5759e+02 1.2420e+03 2.2238e+02 2.4738e-03
1.2159e+03 1.4809e+02 1.2404e+03 2.0632e+02 2.4693e-03
7.9187e+02 1.7445e+02 8.2938e+02 1.9439e+02 2.4680e-03
7.7183e+02 1.8020e+02 8.2835e+02 2.0935e+02 2.4659e-03
7.9195e+02 1.8255e+02 8.5925e+02 2.1033e+02 2.4534e-03
1.0813e+03 1.6898e+02 1.2011e+03 2.1109e+02 2.4512e-03
7.2760e+02 1.8584e+02 8.3834e+02 2.4550e+02 2.4219e-03
1.0906e+03 1.4195e+02 1.2013e+03 1.8262e+02 2.4128e-03
5.8278e+02 1.7767e+02 6.4257e+02 2.1980e+02 2.4010e-03
0.0000e+00 3.2710e+02 1.3157e+01 3.7500e+02 2.3913e-03
6.0086e+02 1.4578e+02 6.3542e+02 2.2852e+02 2.3847e-03
8.0139e+02 1.7785e+02 8.2750e+02 2.0095e+02 2.3695e-03
7.6460e+02 1.7917e+02 7.8622e+02 2.4950e+02 2.3581e-03
1.2134e+03 3.5528e+02 1.2420e+03 3.7500e+02 2.3379e-03
8.3098e+02 1.6718e+02 8.4729e+02 2.0708e+02 2.3317e-03
1.1638e+03 2.8838e+02 1.2385e+03 3.7500e+02 2.3245e-03
6.0072e+02 1.8457e+02 6.3704e+02 2.2625e+02 2.2643e-03
8.2667e+02 1.8050e+02 8.6262e+02 2.0464e+02 2.2621e-03
7.7702e+02 1.7510e+02 8.0288e+02 2.0822e+02 2.2342e-03
1.2007e+03 2.1872e+02 1.2420e+03 3.7500e+02 2.2189e-03
6.1378e+02 1.5089e+02 6.5131e+02 2.2916e+02 2.2133e-03
1.1430e+03 1.6117e+02 1.2420e+03 2.3044e+02 2.2092e-03
1.1394e+03 1.7419e+02 1.2402e+03 2.1448e+02 2.2067e-03
1.2317e+03 1.5726e+02 1.2420e+03 1.8387e+02 2.1972e-03
8.1229e+02 1.6767e+02 8.2614e+02 2.1163e+02 2.1862e-03
6.0403e+02 1.9402e+02 6.6014e+02 2.4656e+02 2.1739e-03
1.1833e+03 1.5859e+02 1.2394e+03 1.8733e+02 2.1722e-03
7.6609e+02 1.7660e+02 7.9379e+02 1.9992e+02 2.1462e-03
7.8179e+02 1.7518e+02 8.1426e+02 2.2171e+02 2.1276e-03
1.1844e+03 1.7278e+02 1.2420e+03 2.5600e+02 2.1135e-03
8.0321e+02 1.9557e+02 8.5651e+02 2.8374e+02 2.0805e-03
8.3736e+02 1.7252e+02 8.5292e+02 2.1430e+02 2.0737e-03
7.9355e+02 1.6700e+02 9.0497e+02 2.6026e+02 2.0388e-03
7.8776e+02 1.7888e+02 8.3372e+02 2.0441e+02 2.0235e-03
6.0125e+02 1.7723e+02 6.2088e+02 1.9691e+02 2.0146e-03
9.9847e+02 1.5769e+02 1.0526e+03 1.7961e+02 2.0135e-03
0.0000e+00 9.9819e+01 1.5798e+01 2.1107e+02 2.0078e-03
1.1941e+03 1.6113e+02 1.2420e+03 2.0446e+02 2.0034e-03
1.0921e+03 1.0873e+02 1.2420e+03 2.6072e+02 1.9998e-03
7.8628e+02 1.8753e+02 8.2345e+02 2.3246e+02 1.9588e-03
7.6466e+02 1.7287e+02 7.8003e+02 2.2071e+02 1.9586e-03
5.5359e+02 1.4995e+02 6.9906e+02 2.2241e+02 1.9377e-03
6.5126e+02 1.7136e+02 6.6705e+02 2.1579e+02 1.9367e-03
6.4649e+02 1.7890e+02 6.6969e+02 2.0564e+02 1.9328e-03
5.7554e+02 1.8158e+02 6.7083e+02 2.6666e+02 1.9242e-03
1.1873e+03 1.5470e+02 1.2393e+03 1.8266e+02 1.9192e-03
8.6186e+02 1.7647e+02 9.0080e+02 1.9423e+02 1.9050e-03
1.1713e+03 1.6719e+02 1.2343e+03 1.9465e+02 1.9014e-03
8.2471e+02 1.7916e+02 9.0414e+02 2.1717e+02 1.8834e-03
1.1894e+03 1.3257e+02 1.2416e+03 2.5848e+02 1.8708e-03
0.0000e+00 1.5891e+02 3.2395e+01 3.6815e+02 1.8503e-03
0.0000e+00 0.0000e+00 1.3250e+02 3.7500e+02 1.8445e-03
1.0092e+03 1.5217e+02 1.1005e+03 1.8811e+02 1.8351e-03
6.0955e+02 1.6474e+02 6.2415e+02 2.0202e+02 1.8275e-03
6.3500e+02 1.7392e+02 6.6612e+02 1.9087e+02 1.8240e-03
6.0871e+02 1.7196e+02 6.4057e+02 1.8712e+02 1.7998e-03
5.8044e+02 1.4396e+02 6.8285e+02 2.3398e+02 1.7975e-03
6.5132e+02 1.7910e+02 6.8086e+02 1.9847e+02 1.7781e-03
6.1036e+02 1.7297e+02 6.3619e+02 1.8975e+02 1.7743e-03
6.2486e+02 1.8725e+02 6.6390e+02 2.3638e+02 1.7679e-03
7.9568e+02 1.6649e+02 8.0874e+02 2.0339e+02 1.7612e-03
1.2339e+03 1.5513e+02 1.2420e+03 1.8854e+02 1.7559e-03
7.6632e+02 1.6986e+02 7.8500e+02 2.3178e+02 1.7558e-03
9.9140e+02 1.6263e+02 1.0504e+03 1.8720e+02 1.7499e-03
7.6418e+02 9.6654e+01 8.9252e+02 3.2718e+02 1.7420e-03
0.0000e+00 2.1020e+02 7.4546e+00 2.7335e+02 1.7408e-03
1.1468e+03 1.5390e+02 1.1669e+03 2.0385e+02 1.7089e-03
7.5304e+02 1.6298e+02 7.6804e+02 2.0203e+02 1.6980e-03
1.1610e+03 1.7284e+02 1.2255e+03 2.0265e+02 1.6929e-03
1.2262e+03 1.4424e+02 1.2420e+03 2.1380e+02 1.6766e-03
6.8836e+02 1.4644e+02 7.0433e+02 1.9131e+02 1.6570e-03
0.0000e+00 1.5374e+02 7.4094e+00 2.1077e+02 1.6477e-03
0.0000e+00 1.6122e+02 2.5783e+01 3.1450e+02 1.6219e-03
6.0277e+02 1.8226e+02 6.3248e+02 2.3283e+02 1.6031e-03
1.2145e+03 1.3789e+02 1.2343e+03 1.9846e+02 1.6010e-03
7.8705e+02 1.7438e+02 8.1326e+02 2.5316e+02 1.5809e-03
1.2087e+03 1.5362e+02 1.2379e+03 2.0791e+02 1.5796e-03
0.0000e+00 1.9148e+02 5.4232e+01 3.7500e+02 1.5785e-03
6.2089e+02 1.6565e+02 6.3546e+02 1.9989e+02 1.5662e-03
7.9140e+02 1.8578e+02 8.2608e+02 2.2585e+02 1.5634e-03
7.8273e+02 1.8091e+02 8.3892e+02 2.1049e+02 1.5495e-03
8.0403e+02 1.7904e+02 8.4932e+02 1.9905e+02 1.5482e-03
6.1211e+02 1.9473e+02 6.6677e+02 2.3278e+02 1.5477e-03
5.8911e+02 1.7914e+02 6.1513e+02 1.9798e+02 1.5425e-03
7.5731e+02 1.6853e+02 8.1436e+02 2.2730e+02 1.5305e-03
8.3680e+02 1.7316e+02 9.1139e+02 2.0607e+02 1.5283e-03
6.2415e-01 1.6436e+02 3.5705e+01 3.1439e+02 1.5194e-03
5.8046e+02 1.8267e+02 6.4045e+02 2.2743e+02 1.5105e-03
7.9940e+02 1.8020e+02 8.5530e+02 2.0515e+02 1.5064e-03
1.2309e+03 1.4584e+02 1.2420e+03 2.1316e+02 1.4949e-03
1.1048e+03 1.5683e+02 1.1864e+03 2.0755e+02 1.4933e-03
8.4771e+02 1.7605e+02 8.8606e+02 1.9317e+02 1.4906e-03
7.6797e+02 1.7951e+02 7.9076e+02 2.5159e+02 1.4875e-03
6.2595e+02 1.7069e+02 6.8429e+02 2.0297e+02 1.4862e-03
6.4275e+02 1.7350e+02 6.7289e+02 1.8922e+02 1.4795e-03
1.2079e+03 1.4905e+02 1.2320e+03 2.0538e+02 1.4691e-03
1.2039e+03 0.0000e+00 1.2420e+03 8.1021e+01 1.4660e-03
5.8622e+02 1.9903e+02 6.6626e+02 2.4367e+02 1.4657e-03
0.0000e+00 0.0000e+00 3.4626e+01 8.0934e+01 1.4641e-03
8.0004e+02 1.7820e+02 8.3072e+02 2.0858e+02 1.4508e-03
5.9739e+02 1.7840e+02 6.1891e+02 2.0375e+02 1.4485e-03
9.9733e+02 1.6519e+02 1.0561e+03 1.9134e+02 1.4457e-03
1.1946e+03 1.4691e+02 1.2158e+03 1.9773e+02 1.4346e-03
3.5450e+00 1.9828e+02 2.1687e+01 2.8240e+02 1.4262e-03
1.1353e+03 1.3693e+02 1.1725e+03 2.1494e+02 1.4243e-03
7.6055e+02 1.7570e+02 7.8645e+02 1.9904e+02 1.4207e-03
1.1480e+03 2.9104e+02 1.2248e+03 3.7500e+02 1.4171e-03
7.7247e+02 1.6060e+02 9.3984e+02 2.3321e+02 1.4143e-03
8.1193e+02 1.7973e+02 8.9247e+02 2.1983e+02 1.4129e-03
0.0000e+00 3.1770e+02 4.0926e+01 3.7500e+02 1.4081e-03
4.0063e+00 1.1232e+02 2.0288e+01 1.8445e+02 1.3980e-03
7.4483e+02 1.7279e+02 7.8335e+02 2.6747e+02 1.3861e-03
5.9863e+02 1.8327e+02 6.3511e+02 2.6435e+02 1.3742e-03
7.3754e+02 2.1586e+02 8.6188e+02 2.7231e+02 1.3733e-03
1.0171e+03 1.5507e+02 1.1328e+03 1.9249e+02 1.3697e-03
9.8965e+02 1.6340e+02 1.0674e+03 1.9760e+02 1.3578e-03
7.9605e+02 1.8305e+02 8.3070e+02 2.2368e+02 1.3558e-03
7.5848e+02 1.7733e+02 8.0327e+02 1.9770e+02 1.3484e-03
1.0983e+03 1.4925e+02 1.1774e+03 2.0092e+02 1.3345e-03
1.0745e+01 1.8447e+02 3.1070e+01 2.5619e+02 1.3329e-03
8.3337e+02 1.4722e+02 8.8892e+02 2.8749e+02 1.3304e-03
1.0327e+03 1.0027e+02 1.2420e+03 3.7500e+02 1.3151e-03
7.1123e+00 1.8455e+02 2.7154e+01 2.5684e+02 1.3120e-03
4.0406e+00 1.8309e+02 2.1974e+01 2.5653e+02 1.3079e-03
1.1963e+00 1.9798e+02 1.7988e+01 2.8328e+02 1.3043e-03
1.2281e+03 1.6790e+02 1.2420e+03 2.0424e+02 1.3027e-03
8.0640e+02 1.7947e+02 8.4499e+02 2.1419e+02 1.2998e-03
7.8662e+02 1.6728e+02 8.0099e+02 1.9911e+02 1.2995e-03
5.8958e+02 1.6206e+02 6.6067e+02 1.9893e+02 1.2965e-03
1.2178e+03 1.8662e+02 1.2420e+03 2.3157e+02 1.2848e-03
1.2022e+03 3.9763e+01 1.2420e+03 2.2230e+02 1.2694e-03
8.0446e+02 1.7471e+02 8.2730e+02 2.4766e+02 1.2601e-03
9.5361e+02 1.2358e+02 1.2420e+03 3.7500e+02 1.2533e-03
1.2370e+03 2.9680e+02 1.2420e+03 3.6120e+02 1.2454e-03
7.5958e+02 1.7396e+02 8.3803e+02 2.1366e+02 1.2388e-03
1.1700e+03 0.0000e+00 1.2420e+03 3.1604e+01 1.2387e-03
7.9878e+02 1.1591e+02 8.7155e+02 2.7628e+02 1.2385e-03
8.5303e+02 1.7810e+02 8.8460e+02 1.9793e+02 1.2370e-03
7.4852e+02 1.6797e+02 7.7309e+02 1.9269e+02 1.2153e-03
0.0000e+00 1.4600e+02 4.7781e+01 2.6926e+02 1.2129e-03
1.2366e+03 0.0000e+00 1.2420e+03 2.4675e+01 1.2080e-03
0.0000e+00 1.6750e+02 2.1755e+01 2.3276e+02 1.2008e-03
6.2918e+02 1.7533e+02 6.6037e+02 2.7314e+02 1.1927e-03
7.7716e+02 1.9529e+02 8.3847e+02 2.5071e+02 1.1924e-03
0.0000e+00 1.3770e+02 7.1651e+00 1.9416e+02 1.1820e-03
5.9390e+02 1.7606e+02 6.1991e+02 1.9386e+02 1.1769e-03
5.9843e+02 1.9017e+02 6.4920e+02 2.3406e+02 1.1693e-03
1.2330e+03 1.5383e+02 1.2420e+03 1.7942e+02 1.1501e-03
3.8640e+00 1.7063e+02 4.4644e+01 3.0246e+02 1.1485e-03
0.0000e+00 1.0937e+02 1.2400e+01 1.7866e+02 1.1363e-03
7.5604e+02 1.7412e+02 8.2250e+02 3.2115e+02 1.1341e-03
1.0943e+03 1.8697e+02 1.2097e+03 2.2704e+02 1.1337e-03
0.0000e+00 1.2443e+02 1.0663e+01 1.5598e+02 1.1205e-03
7.4443e+02 1.7003e+02 7.8021e+02 1.9051e+02 1.1127e-03
1.1254e+03 1.7050e+02 1.1894e+03 1.9615e+02 1.1061e-03
7.3861e+02 1.4699e+02 7.9360e+02 2.9003e+02 1.1044e-03
7.8122e+02 1.8222e+02 8.1643e+02 2.3003e+02 1.1038e-03
1.1045e+03 1.4366e+02 1.1835e+03 1.9522e+02 1.0986e-03
7.9235e+02 1.9074e+02 8.7921e+02 2.7508e+02 1.0971e-03
1.2083e+03 1.2994e+02 1.2420e+03 3.0114e+02 1.0951e-03
1.1828e+00 1.1182e+02 1.6722e+01 1.8428e+02 1.0885e-03
5.9764e+02 1.5834e+02 6.2622e+02 2.2910e+02 1.0844e-03
6.4440e+02 1.7315e+02 6.6176e+02 2.3458e+02 1.0794e-03
7.9950e+02 1.7546e+02 8.2330e+02 2.4696e+02 1.0793e-03
8.0025e+02 1.6782e+02 8.1562e+02 2.0331e+02 1.0680e-03
0.0000e+00 1.0119e+02 4.8529e+01 3.2492e+02 1.0654e-03
7.7578e+02 1.6284e+02 8.0773e+02 2.3332e+02 1.0534e-03
7.6112e+02 1.6294e+02 7.7479e+02 1.9752e+02 1.0523e-03
7.6437e+02 1.6393e+02 7.7874e+02 1.9796e+02 1.0457e-03
8.0589e+02 1.8579e+02 8.9644e+02 2.3995e+02 1.0375e-03
6.0858e+02 2.0024e+02 6.6149e+02 2.3594e+02 1.0340e-03
1.1638e+03 0.0000e+00 1.2420e+03 3.1752e+02 1.0261e-03
5.5940e+02 1.3609e+02 6.6886e+02 2.3177e+02 1.0209e-03
1.2350e+03 1.5189e+02 1.2420e+03 1.8397e+02 1.0126e-03
7.7221e+02 1.6743e+02 7.8717e+02 2.0276e+02 9.9819e-04
6.8639e+02 1.4534e+02 7.0109e+02 1.9012e+02 9.9515e-04
5.9874e+02 1.7146e+02 6.1335e+02 2.1999e+02 9.8927e-04
1.1423e+03 1.5029e+02 1.1633e+03 1.9914e+02 9.8745e-04
1.2274e+03 1.5711e+02 1.2420e+03 2.3952e+02 9.8495e-04
1.1721e+03 8.5913e+01 1.2420e+03 1.7511e+02 9.8371e-04
1.1876e+03 1.5624e+02 1.2292e+03 2.2242e+02 9.8153e-04
1.1223e+03 1.7570e+02 1.2262e+03 2.1621e+02 9.8133e-04
5.9082e+02 1.8051e+02 6.1776e+02 2.0316e+02 9.7419e-04
0.0000e+00 1.0192e+02 7.4925e+00 1.6002e+02 9.7316e-04
9.7324e+02 1.5769e+02 1.0560e+03 1.9124e+02 9.6917e-04
1.0412e+03 1.5511e+02 1.1573e+03 1.9325e+02 9.6352e-04
9.8890e+02 1.5238e+02 1.0411e+03 1.7789e+02 9.5909e-04
1.2180e+03 1.3747e+02 1.2385e+03 2.0020e+02 9.5817e-04
5.7704e+02 1.7295e+02 6.3978e+02 2.1195e+02 9.3841e-04
0.0000e+00 9.1972e+01 1.8840e+02 3.7500e+02 9.2046e-04
1.2259e+03 0.0000e+00 1.2420e+03 4.7462e+01 9.1864e-04
1.1104e+03 1.6601e+02 1.1933e+03 2.1038e+02 9.1143e-04
1.1948e+03 2.5743e+02 1.2420e+03 3.7500e+02 8.8385e-04
7.8285e+02 1.1572e+02 8.5629e+02 2.7765e+02 8.7051e-04
7.3022e+02 1.9511e+02 8.4173e+02 2.8795e+02 8.7013e-04
7.2079e+02 1.7944e+02 8.5448e+02 2.6535e+02 8.6962e-04
1.1165e+03 6.9911e+01 1.2420e+03 2.6845e+02 8.6449e-04
7.8576e+02 1.6169e+02 8.1421e+02 2.3537e+02 8.5229e-04
1.1603e+03 1.0245e+02 1.2222e+03 2.3064e+02 8.4513e-04
9.6615e+02 1.5014e+02 1.0494e+03 1.8527e+02 8.4059e-04
1.1410e+03 1.5315e+02 1.2139e+03 2.0113e+02 8.3886e-04
1.1832e+03 0.0000e+00 1.2420e+03 4.0647e+01 8.3638e-04
0.0000e+00 1.1904e+02 4.5996e+01 2.3604e+02 8.2313e-04
0.0000e+00 8.8085e+01 8.8173e+01 3.0166e+02 8.2137e-04
7.9935e+02 1.7152e+02 8.7446e+02 2.0405e+02 8.1937e-04
1.0990e+03 1.3548e+02 1.1994e+03 1.7263e+02 8.1284e-04
1.1282e+03 1.5370e+02 1.2021e+03 2.0179e+02 8.0262e-04
1.1265e+03 1.3778e+02 1.1653e+03 2.1505e+02 7.9977e-04
0.0000e+00 1.5424e+02 2.1754e+01 2.1692e+02 7.9617e-04
0.0000e+00 1.7354e+02 3.5284e+01 2.2322e+02 7.9147e-04
1.1754e+03 2.6696e+02 1.2420e+03 3.6993e+02 7.9065e-04
1.1845e+03 7.7376e+01 1.2420e+03 2.4393e+02 7.6829e-04
7.6817e+02 1.6056e+02 8.0113e+02 2.2972e+02 7.6731e-04
1.1156e+03 1.4284e+02 1.2129e+03 1.8189e+02 7.6079e-04
7.9772e+02 1.6270e+02 8.3134e+02 2.3516e+02 7.6064e-04
5.8308e+02 1.7386e+02 6.2734e+02 2.2307e+02 7.5790e-04
8.1582e+02 1.7544e+02 8.9202e+02 2.1041e+02 7.5452e-04
8.0921e+02 1.6069e+02 8.4216e+02 2.3280e+02 7.5149e-04
1.0383e+03 1.4254e+02 1.2275e+03 2.0876e+02 7.4519e-04
9.6341e+02 0.0000e+00 1.2420e+03 1.2608e+02 7.4467e-04
9.9857e+02 1.6280e+02 1.0861e+03 1.9808e+02 7.4265e-04
8.4465e+02 1.7193e+02 8.7575e+02 2.7399e+02 7.3503e-04
1.1689e+03 1.4138e+02 1.2062e+03 2.1661e+02 7.3335e-04
1.1600e+03 0.0000e+00 1.2420e+03 1.6890e+02 7.2350e-04
0.0000e+00 1.6686e+02 3.3087e+01 2.1452e+02 7.1745e-04
0.0000e+00 3.5100e+02 2.0333e+01 3.7500e+02 7.1532e-04
0.0000e+00 1.5983e+02 7.6433e+01 2.5404e+02 7.1317e-04
0.0000e+00 2.5649e+02 9.0365e+01 3.7500e+02 7.1223e-04
1.2248e+03 2.7081e+02 1.2420e+03 3.7500e+02 7.0057e-04
8.1622e+02 1.7895e+02 8.8200e+02 2.4047e+02 6.8456e-04
7.4269e+02 1.8736e+02 8.3121e+02 2.7495e+02 6.7875e-04
0.0000e+00 1.1117e+02 6.7884e+01 3.1895e+02 6.7606e-04
8.0214e+02 1.7805e+02 9.3782e+02 2.6179e+02 6.7554e-04
0.0000e+00 1.4530e+02 7.1724e+01 2.3824e+02 6.7375e-04
0.0000e+00 1.0816e+02 2.7309e+02 3.7500e+02 6.7267e-04
1.0801e+03 5.8636e+01 1.2420e+03 2.1546e+02 6.7225e-04
1.1430e+03 1.3950e+02 1.1777e+03 2.1367e+02 6.6631e-04
5.5186e+02 1.5734e+02 6.4949e+02 2.4913e+02 6.5967e-04
1.1569e+03 3.2108e+02 1.2420e+03 3.7500e+02 6.5832e-04
8.4516e+02 1.6853e+02 9.2018e+02 1.9962e+02 6.5548e-04
1.0339e+03 1.5121e+02 1.1455e+03 1.8898e+02 6.5258e-04
1.1611e+03 1.4582e+02 1.2420e+03 1.8497e+02 6.5100e-04
0.0000e+00 1.2216e+02 2.2848e+01 1.8379e+02 6.4969e-04
5.9166e+02 1.6751e+02 6.1569e+02 2.3980e+02 6.4583e-04
0.0000e+00 1.0377e+02 1.5289e+02 2.7234e+02 6.3998e-04
8.5083e+02 1.5605e+02 9.0888e+02 3.0616e+02 6.3869e-04
0.0000e+00 1.2685e+02 3.3072e+01 1.7566e+02 6.3669e-04
0.0000e+00 1.3893e+02 2.1979e+01 1.9873e+02 6.2987e-04
0.0000e+00 3.2660e+02 5.4441e+01 3.7500e+02 6.2980e-04
1.1693e+03 1.8056e+02 1.2420e+03 2.1718e+02 6.2880e-04
0.0000e+00 1.8366e+02 2.3200e+01 2.4939e+02 6.2601e-04
0.0000e+00 1.4332e+02 3.4532e+01 1.8989e+02 6.2452e-04
0.0000e+00 2.0681e+02 2.9425e+01 3.7500e+02 6.1781e-04
6.3262e+02 1.7237e+02 6.8158e+02 2.1518e+02 6.1633e-04
6.2247e+02 1.5128e+02 6.5650e+02 2.2614e+02 6.1562e-04
5.8481e+02 1.4568e+02 6.4564e+02 3.0364e+02 6.0933e-04
5.6030e+02 1.8955e+02 6.9382e+02 2.6854e+02 6.0721e-04
0.0000e+00 2.6560e+02 1.5321e+02 3.7500e+02 6.0088e-04
0.0000e+00 1.9871e+02 2.4731e+01 2.6526e+02 5.9983e-04
8.2297e+02 1.9278e+02 8.6825e+02 2.9018e+02 5.9799e-04
1.1001e+03 0.0000e+00 1.2420e+03 5.9997e+01 5.9673e-04
0.0000e+00 0.0000e+00 5.3658e+01 4.4715e+01 5.9453e-04
5.7412e+02 1.2688e+02 6.2775e+02 2.7766e+02 5.9105e-04
1.1898e+03 1.2933e+02 1.2303e+03 2.1941e+02 5.8896e-04
8.0151e+02 1.9520e+02 8.9922e+02 2.9166e+02 5.8786e-04
1.0595e+03 1.6266e+02 1.1717e+03 2.0155e+02 5.8635e-04
9.8037e-01 1.1426e+02 3.4173e+01 2.5325e+02 5.8007e-04
7.9048e+02 1.6186e+02 8.2105e+02 2.3608e+02 5.7414e-04
1.0522e+01 1.4637e+02 5.2947e+01 2.6207e+02 5.7402e-04
1.1989e+03 1.2621e+02 1.2369e+03 2.2132e+02 5.4462e-04
0.0000e+00 1.3034e+02 7.2753e+01 2.2131e+02 5.4006e-04
1.1310e+03 2.9465e+02 1.2086e+03 3.7500e+02 5.3434e-04
1.1090e+03 1.6794e+02 1.2420e+03 2.3124e+02 5.3390e-04
1.1179e+03 3.2374e+02 1.2365e+03 3.7500e+02 5.3379e-04
7.6222e+02 1.4722e+02 8.9099e+02 2.3648e+02 5.2993e-04
1.2060e+03 1.7787e+02 1.2420e+03 3.5679e+02 5.2854e-04
1.1083e+03 1.2382e+02 1.2420e+03 2.9095e+02 5.1706e-04
6.3522e+02 1.6652e+02 6.6639e+02 2.6896e+02 5.0883e-04
1.1893e+03 1.9205e+02 1.2420e+03 2.7814e+02 5.0531e-04
5.9959e+02 1.6742e+02 7.3278e+02 2.4220e+02 5.0436e-04
8.2125e+02 1.8319e+02 9.0067e+02 2.2562e+02 4.9739e-04
1.0231e+03 0.0000e+00 1.2420e+03 1.8694e+02 4.9693e-04
1.1201e+03 1.9216e+02 1.2420e+03 3.7500e+02 4.9443e-04
0.0000e+00 1.9324e+02 1.4626e+01 3.2477e+02 4.7806e-04
7.4202e+02 1.7855e+02 8.2860e+02 2.2492e+02 4.7465e-04
7.5398e+02 1.4950e+02 9.2327e+02 2.2323e+02 4.7308e-04
0.0000e+00 1.1395e+02 7.1983e+01 2.0251e+02 4.7184e-04
7.0662e+02 1.5190e+02 9.1633e+02 3.1875e+02 4.6950e-04
6.0454e+02 1.6360e+02 6.6599e+02 2.0348e+02 4.6847e-04
1.1186e+03 1.3710e+02 1.1570e+03 2.1531e+02 4.6460e-04
6.2665e+02 1.7620e+02 6.8584e+02 2.1944e+02 4.6265e-04
1.1011e+03 1.2664e+02 1.1983e+03 1.6207e+02 4.5860e-04
1.1738e+03 1.4445e+02 1.2420e+03 1.9509e+02 4.5680e-04
1.2168e+03 3.2664e+02 1.2420e+03 3.7330e+02 4.5440e-04
8.2957e+02 1.6982e+02 9.0616e+02 2.0126e+02 4.5381e-04
7.6875e+02 1.0808e+02 8.3698e+02 2.7887e+02 4.4956e-04
0.0000e+00 1.8980e+02 3.5524e+01 2.3980e+02 4.4817e-04
8.4327e+02 1.7868e+02 9.2013e+02 2.1507e+02 4.4807e-04
0.0000e+00 0.0000e+00 7.0528e+01 1.4978e+02 4.4674e-04
1.2132e+03 0.0000e+00 1.2420e+03 1.5018e+01 4.4498e-04
0.0000e+00 0.0000e+00 3.1420e+02 1.3867e+02 4.4329e-04
8.3877e+02 1.6027e+02 9.2563e+02 1.9497e+02 4.4304e-04
6.9389e+02 1.3571e+02 1.0069e+03 2.8347e+02 4.3840e-04
7.9470e+02 1.7085e+02 8.5568e+02 2.1174e+02 4.3301e-04
8.1518e+02 1.1697e+02 8.8338e+02 2.7260e+02 4.3039e-04
1.1519e+03 1.4734e+02 1.2247e+03 1.9719e+02 4.2493e-04
5.8918e+02 1.9577e+02 6.5009e+02 2.4666e+02 4.2406e-04
1.2192e+03 0.0000e+00 1.2420e+03 1.9403e+01 4.2260e-04
7.2428e+02 1.5886e+02 8.3606e+02 2.5939e+02 4.1516e-04
0.0000e+00 8.5849e+01 4.3696e+01 1.9964e+02 4.1304e-04
5.9611e+02 1.7487e+02 6.2897e+02 2.5826e+02 4.1060e-04
1.1108e+01 1.2276e+02 8.6150e+01 3.0680e+02 4.0893e-04
1.1432e+03 1.1325e+02 1.2420e+03 3.2079e+02 4.0723e-04
9.7971e+02 3.0758e+01 1.2420e+03 3.4209e+02 4.0665e-04
0.0000e+00 0.0000e+00 1.5317e+01 5.2058e+01 4.0556e-04
0.0000e+00 2.5457e+02 2.3860e+01 3.7500e+02 4.0453e-04
6.2603e+02 1.5027e+02 6.8426e+02 3.0522e+02 4.0233e-04
1.2200e+03 1.9538e+02 1.2420e+03 2.4169e+02 3.9953e-04
0.0000e+00 1.3564e+02 1.4281e+02 3.0786e+02 3.9723e-04
0.0000e+00 2.0452e+02 3.6276e+01 2.5600e+02 3.9428e-04
0.0000e+00 0.0000e+00 7.6248e+01 4.2710e+01 3.9404e-04
8.3265e+02 1.6376e+02 8.6233e+02 2.3646e+02 3.9227e-04
7.9753e+02 1.6863e+02 9.5490e+02 2.4523e+02 3.9225e-04
7.8142e+02 1.7068e+02 8.5613e+02 2.0467e+02 3.9176e-04
1.1245e+03 0.0000e+00 1.2420e+03 8.7392e+01 3.8932e-04
1.1965e+03 1.7864e+02 1.2420e+03 2.9009e+02 3.8292e-04
1.2249e+03 2.4636e+02 1.2420e+03 3.5623e+02 3.7698e-04
0.0000e+00 1.7476e+01 2.9550e+01 2.2156e+02 3.6999e-04
1.1911e+03 1.7714e+02 1.2420e+03 2.2007e+02 3.6958e-04
0.0000e+00 1.1149e+02 3.0059e+01 1.5959e+02 3.6750e-04
0.0000e+00 0.0000e+00 2.3170e+02 1.5371e+02 3.6647e-04
7.2278e+02 1.7061e+02 8.1812e+02 2.7699e+02 3.6468e-04
0.0000e+00 1.0790e+02 2.2000e+01 1.6654e+02 3.6464e-04
8.2282e+02 1.7515e+02 9.1849e+02 2.7436e+02 3.6227e-04
5.3899e+02 1.7612e+02 6.7663e+02 2.5637e+02 3.5869e-04
5.7283e+02 1.4669e+02 7.3303e+02 2.1898e+02 3.4949e-04
0.0000e+00 2.8823e+02 4.5257e+01 3.7500e+02 3.4681e-04
1.1667e+03 7.3922e+01 1.2420e+03 3.7500e+02 3.4520e-04
7.8699e+02 2.2098e+02 8.8430e+02 2.7268e+02 3.4511e-04
8.1136e+02 1.7448e+02 8.7509e+02 2.1649e+02 3.4469e-04
7.8430e+02 1.7155e+02 8.4360e+02 2.1255e+02 3.4256e-04
1.1648e+03 2.1795e+02 1.2415e+03 3.7500e+02 3.4076e-04
7.4446e+02 1.2547e+02 8.7212e+02 3.7368e+02 3.4015e-04
0.0000e+00 1.0934e+02 2.4744e+01 2.4192e+02 3.3841e-04
1.1770e+03 6.7917e+01 1.2420e+03 1.5991e+02 3.3797e-04
1.2270e+03 1.6919e+02 1.2420e+03 2.6689e+02 3.3298e-04
8.4011e+02 1.6727e+02 8.7062e+02 2.4887e+02 3.3007e-04
8.2873e+02 1.8165e+02 8.7662e+02 2.8971e+02 3.2914e-04
7.9650e+02 1.5483e+02 9.1091e+02 2.4393e+02 3.2862e-04
8.4892e+02 1.5793e+02 9.4306e+02 1.9503e+02 3.2824e-04
5.9465e+02 1.4241e+02 6.2744e+02 2.2284e+02 3.2525e-04
0.0000e+00 7.8776e+01 1.6260e+01 1.8667e+02 3.2437e-04
7.1912e+02 6.6214e+01 8.4854e+02 3.3625e+02 3.1647e-04
0.0000e+00 1.7369e+02 4.6037e+01 2.9983e+02 3.1640e-04
6.1386e+02 1.9660e+02 6.6657e+02 2.4845e+02 3.1338e-04
1.1110e+03 1.3855e+02 1.1883e+03 1.8823e+02 3.1337e-04
5.6637e+02 8.9684e+01 6.3443e+02 2.6616e+02 3.1239e-04
7.6205e+02 1.5923e+02 7.9587e+02 2.2921e+02 3.1052e-04
8.5142e+02 1.7326e+02 9.2621e+02 2.0774e+02 3.0342e-04
8.0857e+02 1.6977e+02 8.8968e+02 2.0236e+02 3.0305e-04
1.0897e+03 1.4423e+02 1.1674e+03 1.9311e+02 3.0176e-04
6.4322e+02 1.3358e+02 7.0293e+02 2.7808e+02 2.9932e-04
6.2150e+02 1.0337e+02 6.8723e+02 2.6569e+02 2.9850e-04
1.2149e+03 1.3007e+02 1.2420e+03 1.7307e+02 2.9845e-04
1.2122e+03 1.1164e+02 1.2420e+03 1.5717e+02 2.9714e-04
5.1814e+02 1.4112e+02 6.8995e+02 2.1832e+02 2.9347e-04
1.0816e+03 2.0670e+02 1.2234e+03 3.7500e+02 2.9300e-04
1.1812e+03 2.4081e+02 1.2420e+03 3.3584e+02 2.9174e-04
0.0000e+00 7.6491e+01 1.4815e+02 2.4085e+02 2.8708e-04
0.0000e+00 9.7839e+01 6.8971e+01 1.8721e+02 2.8522e-04
6.1231e+02 1.6196e+02 6.8250e+02 1.9627e+02 2.8498e-04
7.3728e+02 1.3606e+02 9.4367e+02 3.0766e+02 2.8350e-04
9.7590e+02 1.4531e+02 1.0434e+03 1.8993e+02 2.8179e-04
0.0000e+00 3.2772e+02 2.2084e+01 3.7500e+02 2.8130e-04
1.0667e+03 2.8700e+02 1.1448e+03 3.7500e+02 2.8075e-04
6.4629e+02 1.6556e+02 6.7489e+02 2.3760e+02 2.7899e-04
6.1621e+02 1.6096e+02 7.1394e+02 2.4686e+02 2.7849e-04
1.2259e+03 1.8356e+02 1.2420e+03 2.9176e+02 2.7643e-04
1.1151e+03 2.9400e+02 1.1928e+03 3.7500e+02 2.7499e-04
1.2049e+03 5.9684e+00 1.2420e+03 1.8937e+02 2.7252e-04
1.0659e+03 1.4292e+02 1.1827e+03 1.8192e+02 2.7105e-04
7.9769e+02 2.1344e+02 8.8107e+02 2.7944e+02 2.7069e-04
1.1279e+03 4.3330e+01 1.2420e+03 2.3997e+02 2.6859e-04
7.3386e+02 1.9744e+02 8.4564e+02 2.6353e+02 2.6413e-04
1.2262e+03 3.1324e+02 1.2420e+03 3.7500e+02 2.6245e-04
8.2308e+02 1.6076e+02 9.0732e+02 1.9559e+02 2.6092e-04
1.0821e+03 2.9077e+02 1.1602e+03 3.7500e+02 2.5721e-04
1.2069e+03 1.2388e+02 1.2420e+03 2.2379e+02 2.5676e-04
8.5524e+02 1.6621e+02 9.3857e+02 2.0103e+02 2.5523e-04
1.1583e+03 1.0858e+02 1.2420e+03 2.0616e+02 2.5418e-04
9.7041e+00 1.7732e+02 5.3468e+01 2.9089e+02 2.5384e-04
6.4039e+02 0.0000e+00 9.3557e+02 3.7500e+02 2.5302e-04
1.1426e+03 1.4351e+02 1.2296e+03 1.8320e+02 2.5297e-04
8.6634e+02 1.4881e+02 9.2993e+02 3.1533e+02 2.4844e-04
1.0524e+03 2.8581e+02 1.1303e+03 3.7500e+02 2.4815e-04
1.1337e+03 1.2502e+02 1.1721e+03 2.0270e+02 2.4633e-04
6.0402e+02 8.0049e+01 6.7528e+02 2.6480e+02 2.3822e-04
0.0000e+00 5.4945e+01 4.9395e+01 2.7787e+02 2.3722e-04
0.0000e+00 0.0000e+00 1.1253e+02 7.7293e+01 2.3386e-04
1.2183e+03 3.4194e+02 1.2420e+03 3.7500e+02 2.3219e-04
1.0824e+03 1.4909e+02 1.1599e+03 1.9813e+02 2.3219e-04
7.5290e+02 1.1076e+02 8.2187e+02 2.8149e+02 2.3182e-04
1.2133e+03 1.1970e+02 1.2420e+03 1.6379e+02 2.2945e-04
0.0000e+00 8.4348e+01 2.5369e+01 2.1238e+02 2.2796e-04
8.3546e+02 1.8405e+02 9.1446e+02 2.2462e+02 2.2662e-04
8.5466e+02 1.4978e+02 9.5209e+02 1.8761e+02 2.2578e-04
1.2201e+03 2.0511e+02 1.2420e+03 2.5196e+02 2.2533e-04
1.0998e+03 2.9066e+02 1.1764e+03 3.7500e+02 2.2495e-04
1.2045e+03 3.3084e+02 1.2393e+03 3.7500e+02 2.2415e-04
1.1527e+03 1.3975e+02 1.1828e+03 2.1264e+02 2.2045e-04
1.1912e+03 5.6259e+01 1.2420e+03 1.7203e+02 2.1901e-04
1.0436e+03 2.0207e+02 1.1916e+03 3.7500e+02 2.1727e-04
0.0000e+00 0.0000e+00 1.5833e+02 7.0757e+01 2.1561e-04
7.7118e+02 2.2928e+02 8.7559e+02 2.7680e+02 2.1287e-04
5.6984e+02 1.6707e+02 6.3755e+02 2.0304e+02 2.1268e-04
8.2538e+02 1.5790e+02 8.5693e+02 2.2443e+02 2.1161e-04
7.9547e+02 7.5388e+01 9.2612e+02 3.5008e+02 2.1065e-04
6.4515e+02 1.6374e+02 6.7141e+02 2.5511e+02 2.0982e-04
6.3575e+00 1.2225e+02 4.2393e+01 2.4455e+02 2.0942e-04
1.1116e+03 1.3792e+02 1.1472e+03 2.1444e+02 2.0885e-04
1.1484e+03 1.8228e+02 1.2408e+03 2.1948e+02 2.0721e-04
1.1237e+03 1.6771e+02 1.2046e+03 2.0789e+02 2.0708e-04
1.1415e+03 1.0016e+02 1.2038e+03 2.2923e+02 2.0646e-04
7.1103e+02 2.1767e+02 8.7110e+02 2.9382e+02 2.0544e-04
1.0091e+03 1.6201e+02 1.1094e+03 1.9973e+02 2.0071e-04
9.5232e+02 1.5685e+02 1.0434e+03 1.9145e+02 1.9771e-04
1.0902e+03 1.5572e+02 1.1699e+03 2.0703e+02 1.9599e-04
0.0000e+00 1.7063e+02 5.1520e+01 2.3579e+02 1.9410e-04
0.0000e+00 3.2613e+02 3.2453e+01 3.7500e+02 1.9395e-04
1.1619e+03 1.3723e+02 1.1927e+03 2.1238e+02 1.9166e-04
1.1964e+00 2.8956e+02 6.8607e+01 3.7500e+02 1.8975e-04
1.1211e+03 9.8286e+01 1.1892e+03 2.3688e+02 1.8941e-04
5.9829e+02 1.8352e+02 6.9557e+02 2.7279e+02 1.8940e-04
0.0000e+00 0.0000e+00 6.2599e+01 3.0408e+02 1.8572e-04
1.0643e+03 1.2212e+02 1.2073e+03 2.0714e+02 1.8238e-04
8.6735e+02 1.5718e+02 9.5908e+02 1.9410e+02 1.8108e-04
8.1762e+02 2.0093e+02 8.5912e+02 2.9249e+02 1.8089e-04
9.9423e+02 1.5734e+02 1.0541e+03 1.9746e+02 1.8061e-04
5.1151e+02 1.5492e+02 6.6247e+02 2.2839e+02 1.8030e-04
8.0516e+02 1.6008e+02 8.9386e+02 1.9635e+02 1.7937e-04
1.2136e+03 3.0997e+02 1.2420e+03 3.5894e+02 1.7882e-04
1.0367e+03 2.8477e+02 1.1148e+03 3.7500e+02 1.7746e-04
6.3310e+02 1.4989e+02 6.6326e+02 2.2152e+02 1.7734e-04
7.3025e+02 1.2354e+02 7.9045e+02 2.7859e+02 1.7674e-04
1.1960e+03 3.3418e+02 1.2317e+03 3.7500e+02 1.7501e-04
7.6335e+02 1.6973e+02 8.1833e+02 2.1347e+02 1.7479e-04
5.8767e+02 1.3781e+02 7.0654e+02 2.3069e+02 1.7454e-04
1.2229e+03 2.9660e+02 1.2420e+03 3.6037e+02 1.7143e-04
7.7396e+02 1.4424e+02 9.5196e+02 2.1560e+02 1.7130e-04
1.1491e+03 2.2365e+02 1.2295e+03 3.7500e+02 1.7111e-04
1.0140e+03 2.0686e+02 1.1600e+03 3.7500e+02 1.7052e-04
1.1036e+03 1.1651e+02 1.2420e+03 1.8946e+02 1.6974e-04
5.7794e+02 1.5988e+02 6.4642e+02 1.9580e+02 1.6696e-04
1.1844e+03 5.0871e+01 1.2420e+03 1.4466e+02 1.6658e-04
1.1242e+03 1.5938e+02 1.2420e+03 3.3832e+02 1.6535e-04
5.4566e+02 3.0837e+01 6.8428e+02 3.5699e+02 1.6501e-04
0.0000e+00 1.4464e+02 8.1790e+01 3.7149e+02 1.6464e-04
1.2269e+03 2.3233e+02 1.2420e+03 3.4107e+02 1.6394e-04
1.5416e+01 2.9227e+02 8.6169e+01 3.7500e+02 1.6320e-04
1.2151e+03 3.0243e+02 1.2420e+03 3.5068e+02 1.6302e-04
0.0000e+00 2.1281e+02 2.2543e+01 2.8087e+02 1.6026e-04
6.2421e+02 1.6034e+02 7.0261e+02 1.9473e+02 1.5961e-04
9.8892e+02 1.4587e+02 1.0594e+03 1.8288e+02 1.5890e-04
1.0965e+03 1.6321e+02 1.1807e+03 2.1325e+02 1.5786e-04
0.0000e+00 1.8863e+02 7.3689e+01 2.8483e+02 1.5551e-04
4.5084e+02 1.1310e+02 7.7046e+02 2.7181e+02 1.5497e-04
7.4194e+02 1.7359e+02 8.2579e+02 2.1422e+02 1.5469e-04
1.0345e+03 1.6200e+02 1.1448e+03 2.0016e+02 1.5298e-04
1.1874e+03 2.2433e+02 1.2420e+03 3.1510e+02 1.5084e-04
0.0000e+00 1.4336e+02 4.9895e+01 3.7500e+02 1.5020e-04
8.5483e+02 1.6995e+02 8.8512e+02 2.7280e+02 1.4831e-04
5.6947e+02 3.0346e+01 7.1713e+02 3.6699e+02 1.4811e-04
1.2275e+03 1.0500e+02 1.2420e+03 1.9862e+02 1.4729e-04
8.3168e+02 1.7913e+02 8.9154e+02 2.2310e+02 1.4695e-04
0.0000e+00 8.2159e+01 6.0863e+01 1.7254e+02 1.4689e-04
1.1001e+03 1.1878e+02 1.1976e+03 1.5678e+02 1.4586e-04
1.1868e+03 3.3515e+02 1.2238e+03 3.7500e+02 1.4495e-04
5.6285e+02 1.7979e+02 6.2925e+02 2.1907e+02 1.4470e-04
1.0023e+03 1.3586e+02 1.0334e+03 2.0143e+02 1.4458e-04
1.2001e+03 2.1217e+02 1.2420e+03 3.3308e+02 1.4447e-04
1.0745e+03 3.3069e+02 1.2420e+03 3.7500e+02 1.4351e-04
1.0122e+03 1.3932e+02 1.0414e+03 2.0708e+02 1.4316e-04
1.1252e+03 1.2432e+02 1.1654e+03 2.0207e+02 1.4223e-04
8.4199e+02 1.7788e+02 9.0098e+02 2.2065e+02 1.4146e-04
0.0000e+00 2.2787e+01 2.9297e+02 3.5441e+02 1.4074e-04
1.1080e+03 1.7377e+02 1.1942e+03 2.1762e+02 1.4027e-04
3.8804e+02 0.0000e+00 4.5304e+02 6.4482e+01 1.4026e-04
1.9016e+01 1.4931e+02 6.1428e+01 2.5892e+02 1.3923e-04
1.2206e+03 2.1208e+02 1.2420e+03 2.6110e+02 1.3876e-04
9.9906e+02 1.5113e+02 1.0637e+03 1.8996e+02 1.3823e-04
0.0000e+00 3.0791e+02 1.0223e+01 3.7500e+02 1.3736e-04
1.1894e+03 2.0755e+02 1.2420e+03 2.9621e+02 1.3696e-04
0.0000e+00 1.6626e+02 3.2559e+01 2.3783e+02 1.3662e-04
1.1749e+03 1.2948e+02 1.2354e+03 2.7264e+02 1.3657e-04
1.0201e+03 2.8686e+02 1.0982e+03 3.7500e+02 1.3091e-04
2.9287e+01 1.3189e+02 1.0393e+02 2.9143e+02 1.2925e-04
1.0639e+03 1.7373e+02 1.2420e+03 2.3843e+02 1.2823e-04
1.1633e+03 1.2985e+02 1.2233e+03 2.5119e+02 1.2789e-04
8.5074e+02 1.2119e+02 9.1186e+02 2.7605e+02 1.2727e-04
6.2455e+02 1.4063e+02 9.0930e+02 2.9894e+02 1.2504e-04
1.3115e+01 9.6448e+01 8.4199e+01 2.7690e+02 1.2495e-04
9.8350e+02 2.0628e+02 1.1281e+03 3.7500e+02 1.2448e-04
3.7265e+02 0.0000e+00 4.3746e+02 6.4074e+01 1.2407e-04
1.0310e+03 3.2374e+02 1.1673e+03 3.7500e+02 1.2301e-04
5.4932e+02 1.1012e+02 6.1134e+02 2.7587e+02 1.2275e-04
4.0403e+02 0.0000e+00 4.6914e+02 6.6147e+01 1.2090e-04
7.1116e+02 1.5055e+02 9.0220e+02 2.2521e+02 1.2012e-04
5.3664e+02 1.2899e+02 6.5549e+02 2.2843e+02 1.1981e-04
0.0000e+00 1.5835e+02 1.3589e+02 3.4310e+02 1.1825e-04
5.1546e+02 1.2411e+02 6.9759e+02 2.0201e+02 1.1807e-04
5.1703e+02 1.6527e+02 6.5627e+02 2.4245e+02 1.1678e-04
6.6313e+02 1.3244e+02 7.2465e+02 2.7673e+02 1.1672e-04
8.3500e+02 1.0488e+02 8.9762e+02 2.6713e+02 1.1482e-04
5.5994e+02 1.1621e+02 6.7954e+02 2.1719e+02 1.1460e-04
8.1841e+02 1.6248e+02 9.2612e+02 2.5976e+02 1.1351e-04
1.0002e+03 3.3103e+02 1.1909e+03 3.7500e+02 1.0841e-04
0.0000e+00 1.2452e+02 6.0979e+01 3.7500e+02 1.0749e-04
7.2926e+02 1.4606e+02 8.6543e+02 2.3698e+02 1.0612e-04
7.1739e+02 1.4090e+02 7.7392e+02 2.9407e+02 1.0532e-04
3.5746e+02 0.0000e+00 4.2154e+02 6.3161e+01 1.0399e-04
9.8564e+02 2.6075e+02 1.2420e+03 3.7500e+02 1.0203e-04
6.7856e+02 1.1816e+02 7.4070e+02 2.7022e+02 1.0149e-04
0.0000e+00 3.6793e+01 1.0056e+02 3.7500e+02 1.0094e-04
1.0640e+03 3.2416e+02 1.1968e+03 3.7500e+02 1.0054e-04
8.7967e+02 1.3774e+02 9.4887e+02 3.2282e+02 1.0029e-04
0.0000e+00 5.3547e+01 4.0587e+01 1.6505e+02 1.0026e-04
6.1703e+02 1.5498e+02 7.7275e+02 2.2935e+02 9.3229e-05
7.3953e+02 1.0924e+02 8.0829e+02 2.7915e+02 9.2528e-05
1.1081e+03 9.7053e+01 1.1772e+03 2.3725e+02 9.0335e-05
6.5468e+02 1.0908e+02 1.0085e+03 2.5551e+02 8.9596e-05
4.2040e+02 0.0000e+00 4.8450e+02 6.6482e+01 8.9578e-05
0.0000e+00 1.7321e+02 1.5804e+02 2.4733e+02 8.8222e-05
5.4956e+00 1.4340e+02 6.3931e+01 3.7500e+02 8.8219e-05
1.0041e+03 2.9000e+02 1.0813e+03 3.7500e+02 8.8146e-05
0.0000e+00 0.0000e+00 2.1222e+02 3.7500e+02 8.6837e-05
6.2323e+02 1.6666e+02 7.6643e+02 2.4277e+02 8.6226e-05
4.5772e+02 1.0096e+02 8.2262e+02 2.5245e+02 8.5300e-05
2.9105e+01 2.9365e+02 1.0180e+02 3.7500e+02 8.4365e-05
1.1818e+03 2.3396e+02 1.2420e+03 3.7500e+02 8.3805e-05
1.1880e+03 3.1615e+01 1.2420e+03 1.3236e+02 8.3769e-05
1.0494e+03 1.1727e+02 1.2306e+03 1.8516e+02 8.3728e-05
3.4060e+02 0.0000e+00 4.0438e+02 6.3280e+01 8.2524e-05
1.0025e+03 3.2387e+02 1.1382e+03 3.7500e+02 8.2105e-05
5.3157e+02 1.0834e+02 5.9716e+02 2.7883e+02 8.1998e-05
7.4340e+02 1.7010e+02 8.0719e+02 3.2187e+02 8.1981e-05
8.8202e+02 2.6818e+02 1.2383e+03 3.7500e+02 8.1341e-05
1.0204e+03 1.3092e+02 1.2024e+03 1.9795e+02 8.1172e-05
6.9669e+02 1.3266e+02 7.6084e+02 2.8699e+02 8.0351e-05
0.0000e+00 4.4646e+01 1.4222e+02 2.1135e+02 7.8015e-05
8.3414e+02 1.8175e+02 8.9607e+02 3.2792e+02 7.7899e-05
6.4086e+02 1.0039e+02 7.0742e+02 2.6588e+02 7.7652e-05
2.8639e-01 6.6903e+01 6.7758e+01 2.7197e+02 7.6161e-05
5.1698e+02 2.6151e+01 6.5500e+02 3.6793e+02 7.5537e-05
2.7707e+02 0.0000e+00 3.3913e+02 6.2640e+01 7.5104e-05
8.6508e+02 1.1279e+02 9.2988e+02 2.8167e+02 7.4446e-05
6.9425e+02 1.0696e+02 9.4482e+02 2.7419e+02 7.4347e-05
6.0536e+02 3.5291e+01 7.5240e+02 3.7181e+02 7.3892e-05
2.6149e+02 0.0000e+00 3.2304e+02 6.4563e+01 7.2439e-05
3.2514e+02 0.0000e+00 3.8814e+02 6.3249e+01 7.1773e-05
0.0000e+00 1.5568e+02 1.0728e+02 2.6649e+02 7.1704e-05
0.0000e+00 2.8105e+01 8.8663e+01 2.3684e+02 7.1312e-05
9.8768e+02 2.8895e+02 1.0639e+03 3.7500e+02 7.0943e-05
9.5120e+02 2.1016e+02 1.0940e+03 3.7500e+02 7.0744e-05
9.2997e+02 2.6387e+02 1.1863e+03 3.7500e+02 7.0461e-05
8.9283e+02 2.8786e+02 9.6759e+02 3.7500e+02 6.9458e-05
4.4617e+02 2.9196e+02 5.1739e+02 3.7500e+02 6.8750e-05
6.9746e+02 1.5851e+02 8.5486e+02 2.3650e+02 6.8391e-05
8.3313e+02 1.2956e+02 1.2420e+03 3.7500e+02 6.7362e-05
5.0342e+02 1.1504e+02 8.4987e+02 2.8025e+02 6.6263e-05
7.3289e+02 1.6102e+02 7.8821e+02 3.0853e+02 6.6059e-05
2.9320e+02 0.0000e+00 3.5503e+02 6.2035e+01 6.5714e-05
9.7184e+02 2.9034e+02 1.0472e+03 3.7500e+02 6.5679e-05
6.9397e+02 1.8157e+02 8.2582e+02 2.6283e+02 6.5590e-05
8.7845e+02 2.8673e+02 9.5248e+02 3.7500e+02 6.5588e-05
4.3080e+02 2.9711e+02 5.0247e+02 3.7500e+02 6.5554e-05
4.8276e+02 9.8981e+01 7.2873e+02 2.9549e+02 6.5510e-05
9.9817e+02 1.3997e+02 1.1891e+03 2.0958e+02 6.3903e-05
4.6169e+02 2.8938e+02 5.3357e+02 3.7500e+02 6.3757e-05
1.0717e+03 0.0000e+00 1.2420e+03 2.7349e+02 6.3583e-05
9.0842e+02 2.9012e+02 9.8446e+02 3.7500e+02 6.2701e-05
4.3759e+02 0.0000e+00 5.0021e+02 6.8411e+01 6.2284e-05
5.1423e+02 1.0853e+02 5.8186e+02 2.7748e+02 6.2039e-05
9.5658e+02 2.9106e+02 1.0313e+03 3.7500e+02 6.0910e-05
7.6052e+02 1.2928e+02 9.3995e+02 2.0317e+02 6.0514e-05
8.0205e+02 1.9283e+02 8.6945e+02 3.3834e+02 6.0002e-05
5.2101e+02 1.4493e+02 6.3014e+02 2.3810e+02 5.9613e-05
1.1991e+03 2.2539e+01 1.2420e+03 1.4226e+02 5.9320e-05
0.0000e+00 6.3192e+01 5.4422e+01 1.5739e+02 5.9245e-05
0.0000e+00 1.4641e+02 6.8375e+01 2.7623e+02 5.8890e-05
4.1505e+02 2.9684e+02 4.8680e+02 3.7500e+02 5.8710e-05
3.0998e+02 0.0000e+00 3.7128e+02 6.0795e+01 5.8166e-05
2.4615e+02 0.0000e+00 3.0690e+02 6.5413e+01 5.7093e-05
9.2440e+02 2.9082e+02 1.0003e+03 3.7500e+02 5.7089e-05
8.8532e+02 2.0486e+02 1.0312e+03 3.7500e+02 5.6141e-05
8.1646e+02 1.4965e+02 9.3093e+02 2.4263e+02 5.6064e-05
5.4405e+02 6.9955e+01 6.1570e+02 2.5645e+02 5.6051e-05
9.4101e+02 2.8970e+02 1.0158e+03 3.7500e+02 5.5348e-05
0.0000e+00 2.1037e+02 3.9799e+01 3.3252e+02 5.4622e-05
4.3549e+01 2.9393e+02 1.1815e+02 3.7500e+02 5.4327e-05
7.2921e+02 0.0000e+00 1.0531e+03 3.7500e+02 5.4041e-05
4.3470e+01 1.3699e+02 1.2124e+02 2.8713e+02 5.3863e-05
7.8683e+02 1.2542e+02 9.7126e+02 1.9782e+02 5.3530e-05
3.6323e+02 2.9496e+02 4.3977e+02 3.7500e+02 5.3507e-05
9.1795e+02 2.1005e+02 1.0618e+03 3.7500e+02 5.3411e-05
3.8070e+02 2.9344e+02 4.5472e+02 3.7500e+02 5.3367e-05
1.1938e+03 1.6033e+01 1.2420e+03 1.1561e+02 5.3155e-05
8.7784e+02 1.0730e+02 9.4653e+02 2.8564e+02 5.2882e-05
6.3624e+02 1.5836e+02 7.3765e+02 2.4666e+02 5.2814e-05
3.9777e+02 2.9570e+02 4.7034e+02 3.7500e+02 5.2182e-05
9.5787e+02 3.3268e+02 1.1460e+03 3.7500e+02 5.1320e-05
1.2103e+03 0.0000e+00 1.2420e+03 1.0060e+02 5.0480e-05
4.7694e+02 2.8901e+02 5.5032e+02 3.7500e+02 5.0009e-05
7.9511e+02 1.3676e+02 9.2328e+02 2.2574e+02 4.9745e-05

