0.0000e+00 2.1103e+02 7.5188e+01 3.7129e+02 9.9983e-01
4.8597e+02 1.7941e+02 5.2620e+02 2.1009e+02 9.9976e-01
1.1722e+02 1.9973e+02 1.9601e+02 2.3512e+02 9.9975e-01
3.1691e+01 2.0473e+02 1.1965e+02 2.3806e+02 9.9975e-01
4.1479e+02 1.8684e+02 4.7553e+02 2.3000e+02 9.9967e-01
4.9759e+02 1.8009e+02 5.3446e+02 2.0506e+02 9.9966e-01
4.2562e+02 1.8570e+02 4.8237e+02 2.2800e+02 9.9959e-01
4.7967e+02 1.8540e+02 5.1656e+02 2.1116e+02 9.9947e-01
4.3624e+02 1.8503e+02 4.9045e+02 2.2484e+02 9.9943e-01
0.0000e+00 2.3018e+02 6.7178e+01 3.6501e+02 9.9936e-01
4.6102e+02 1.8662e+02 5.0094e+02 2.1918e+02 9.9918e-01
1.2829e+02 1.9842e+02 2.1063e+02 2.3485e+02 9.9912e-01
4.6710e+02 1.8689e+02 5.0432e+02 2.1484e+02 9.9891e-01
4.7544e+02 1.8639e+02 5.0917e+02 2.1260e+02 9.9887e-01
5.0625e+02 1.8104e+02 5.3834e+02 2.0313e+02 9.9882e-01
1.2523e+00 2.3689e+02 6.6766e+01 3.6439e+02 9.9862e-01
4.4557e+02 1.8483e+02 4.9924e+02 2.2305e+02 9.9861e-01
9.4706e+01 2.0041e+02 1.7185e+02 2.3529e+02 9.9841e-01
1.9276e+02 2.0034e+02 2.6541e+02 2.3381e+02 9.9827e-01
6.3489e+02 1.7277e+02 6.8973e+02 2.0227e+02 9.9746e-01
4.8072e+02 1.7815e+02 5.1953e+02 2.0904e+02 9.9721e-01
6.3111e+02 1.7209e+02 6.8429e+02 1.9682e+02 9.9706e-01
4.5494e+02 1.8317e+02 5.0593e+02 2.1947e+02 9.9685e-01
6.4794e+02 1.7599e+02 7.0436e+02 2.0647e+02 9.9598e-01
4.4981e+02 1.8571e+02 4.9974e+02 2.2104e+02 9.9584e-01
5.1492e+02 1.8176e+02 5.4324e+02 2.0161e+02 9.9543e-01
6.4464e+02 1.7424e+02 7.0145e+02 2.0637e+02 9.9486e-01
6.3466e+01 2.0423e+02 1.4391e+02 2.3671e+02 9.9286e-01
8.2361e+02 1.6124e+02 8.6358e+02 1.7597e+02 9.9066e-01
4.9194e+02 1.7781e+02 5.2750e+02 2.0604e+02 9.8986e-01
4.7241e+02 1.7800e+02 5.2712e+02 2.1226e+02 9.8940e-01
8.0340e+01 2.0491e+02 1.6088e+02 2.3651e+02 9.8833e-01
1.9542e+02 2.0055e+02 2.6120e+02 2.3189e+02 9.8726e-01
4.6627e+02 1.7963e+02 5.1988e+02 2.1521e+02 9.8693e-01
5.2417e+02 1.8176e+02 5.4805e+02 1.9970e+02 9.8613e-01
4.7368e+01 2.0372e+02 1.2540e+02 2.3480e+02 9.8590e-01
5.2963e+02 1.8071e+02 5.5108e+02 1.9776e+02 9.8383e-01
6.3864e+02 1.7241e+02 6.9710e+02 2.0211e+02 9.8287e-01
1.2622e+02 2.0169e+02 1.9716e+02 2.3223e+02 9.8239e-01
1.8269e+02 2.0220e+02 2.5262e+02 2.3493e+02 9.8148e-01
6.5244e+02 1.7517e+02 7.0873e+02 2.0119e+02 9.8049e-01
4.7430e+02 1.8248e+02 5.0635e+02 2.0591e+02 9.7970e-01
6.4514e+02 1.7152e+02 6.9945e+02 1.9890e+02 9.7875e-01
6.8116e+00 1.9783e+02 6.1248e+01 3.7143e+02 9.7860e-01
6.5589e+02 1.7195e+02 7.0092e+02 2.0470e+02 9.7824e-01
1.1596e+03 1.3516e+02 1.2402e+03 1.6728e+02 9.7792e-01
4.9405e+02 1.8390e+02 5.2939e+02 2.0756e+02 9.7731e-01
1.0296e+02 1.9730e+02 1.8469e+02 2.3111e+02 9.7061e-01
1.0388e+02 2.0364e+02 1.6665e+02 2.3049e+02 9.6731e-01
4.2398e+02 1.8571e+02 4.7099e+02 2.2559e+02 9.6705e-01
6.3941e+02 1.6989e+02 6.8051e+02 1.9842e+02 9.6633e-01
1.1937e+02 2.0197e+02 1.8080e+02 2.3014e+02 9.6181e-01
0.0000e+00 1.9854e+02 4.4886e+01 3.7500e+02 9.6162e-01
4.3671e+02 1.8515e+02 4.8483e+02 2.2296e+02 9.5953e-01
1.6484e+02 2.0049e+02 2.3435e+02 2.3455e+02 9.5683e-01
4.5989e+02 1.8242e+02 4.9963e+02 2.1326e+02 9.5333e-01
5.3635e+02 1.8039e+02 5.5601e+02 1.9644e+02 9.5070e-01
1.8591e+01 2.0789e+02 1.1651e+02 2.4230e+02 9.5014e-01
1.4359e+02 2.0073e+02 2.2337e+02 2.3800e+02 9.4973e-01
8.9910e-01 2.1049e+02 3.4647e+01 2.4450e+02 9.4438e-01
6.2786e+02 1.7246e+02 6.7502e+02 1.9098e+02 9.4364e-01
6.4209e+02 1.7121e+02 6.9146e+02 1.9266e+02 9.4033e-01
8.9622e+01 2.0608e+02 1.5842e+02 2.3379e+02 9.3838e-01
4.2755e+02 1.8358e+02 4.6855e+02 2.1883e+02 9.3463e-01
1.1050e+02 1.9543e+02 1.7526e+02 2.3524e+02 9.3323e-01
6.4909e+02 1.7394e+02 6.9518e+02 2.1125e+02 9.3005e-01
6.5189e+02 1.6977e+02 6.9385e+02 2.0162e+02 9.2989e-01
6.5706e+02 1.7077e+02 7.0526e+02 1.8997e+02 9.2345e-01
6.7210e+02 1.6675e+02 7.1707e+02 1.8496e+02 9.2172e-01
6.5511e+02 1.7279e+02 7.0795e+02 1.9552e+02 9.1852e-01
1.0244e+01 1.9559e+02 9.0382e+01 3.7086e+02 9.1586e-01
0.0000e+00 2.5630e+02 8.1354e+01 3.7152e+02 9.1218e-01
4.4717e+02 1.8301e+02 4.8953e+02 2.1731e+02 9.0406e-01
4.9855e+00 1.8907e+02 2.8725e+01 2.4759e+02 9.0184e-01
6.4338e+02 1.7322e+02 6.7894e+02 2.0169e+02 8.9727e-01
4.5341e+01 2.0827e+02 1.3035e+02 2.3932e+02 8.9083e-01
4.8809e+02 1.8503e+02 5.2245e+02 2.0961e+02 8.8403e-01
1.3935e+02 2.0337e+02 2.0570e+02 2.3246e+02 8.8129e-01
4.6730e+02 1.7827e+02 4.9166e+02 2.2441e+02 8.7159e-01
4.3908e+02 1.8160e+02 4.9286e+02 2.1581e+02 8.6699e-01
4.6654e+02 1.8295e+02 4.9748e+02 2.0821e+02 8.6369e-01
4.2532e+02 1.8534e+02 4.6994e+02 2.1159e+02 8.5824e-01
3.7224e+01 2.0676e+02 1.0733e+02 2.3674e+02 8.4882e-01
1.1378e+02 2.0177e+02 1.6762e+02 2.2596e+02 8.3682e-01
5.3826e+02 1.7899e+02 5.5918e+02 1.9587e+02 8.2907e-01
7.3776e-01 2.0108e+02 3.6789e+01 2.4162e+02 8.2721e-01
4.3490e+02 1.8436e+02 4.7609e+02 2.1060e+02 8.2504e-01
6.6194e+02 1.7013e+02 7.0186e+02 1.9938e+02 8.2327e-01
4.1733e+02 1.8933e+02 4.7453e+02 2.2968e+02 8.1465e-01
0.0000e+00 2.1351e+02 4.0990e+01 2.4125e+02 8.1383e-01
6.6358e+02 1.6834e+02 7.0825e+02 1.8576e+02 7.9833e-01
4.9354e+02 1.7462e+02 5.1431e+02 2.1647e+02 7.9444e-01
4.7257e+02 1.8989e+02 5.0670e+02 2.1630e+02 7.8839e-01
6.1937e-01 1.7707e+02 3.3246e+01 2.6725e+02 7.8793e-01
4.8088e+02 1.7953e+02 5.1374e+02 2.0291e+02 7.8253e-01
4.2730e+02 1.8993e+02 4.8174e+02 2.2320e+02 7.6655e-01
1.5833e+00 1.9290e+02 2.4661e+01 2.5054e+02 7.6470e-01
0.0000e+00 2.0187e+02 4.3114e+01 3.7500e+02 7.5406e-01
1.3056e+00 1.7334e+02 3.2716e+01 3.3167e+02 7.4964e-01
0.0000e+00 2.0593e+02 2.4965e+01 2.4127e+02 7.4730e-01
4.9748e+01 2.0445e+02 1.1357e+02 2.3082e+02 7.4723e-01
1.2170e+02 2.0574e+02 1.8715e+02 2.3413e+02 7.4684e-01
5.3219e+02 1.7910e+02 5.5283e+02 1.9621e+02 7.4297e-01
1.1559e+00 1.9915e+02 3.6962e+01 2.4847e+02 7.3171e-01
0.0000e+00 2.0364e+02 6.2286e+01 2.4272e+02 7.2646e-01
1.2621e+01 1.9010e+02 3.4655e+01 2.4571e+02 7.2423e-01
4.8616e+02 1.7788e+02 5.4113e+02 2.0984e+02 7.1942e-01
4.8998e+02 1.7157e+02 5.1138e+02 2.1545e+02 6.9448e-01
2.9744e+00 1.9101e+02 3.1173e+01 2.8392e+02 6.8995e-01
1.4507e+01 2.2767e+02 7.3421e+01 3.6836e+02 6.8895e-01
5.0254e+02 1.8393e+02 5.3326e+02 2.0539e+02 6.8877e-01
2.8518e+01 1.9746e+02 1.2508e+02 2.3135e+02 6.8310e-01
5.4065e+02 1.7825e+02 5.6121e+02 1.9398e+02 6.8218e-01
2.4796e+01 1.9889e+02 1.0429e+02 2.4241e+02 6.8203e-01
1.1665e+03 1.2986e+02 1.2348e+03 1.7028e+02 6.7623e-01
0.0000e+00 2.3855e+02 9.2502e+01 3.5026e+02 6.6840e-01
6.6128e+02 1.6651e+02 6.8273e+02 2.1482e+02 6.5450e-01
5.8607e+00 2.0330e+02 2.7850e+01 2.5190e+02 6.4631e-01
1.8708e+02 2.0331e+02 2.4982e+02 2.3278e+02 6.4564e-01
7.8166e+00 2.0431e+02 7.8699e+01 2.4128e+02 6.4517e-01
6.7139e+02 1.6921e+02 7.1591e+02 1.8935e+02 6.3788e-01
4.1480e+02 1.9032e+02 4.6636e+02 2.2131e+02 6.3421e-01
4.6756e+02 1.9202e+02 4.9983e+02 2.1946e+02 6.3353e-01
8.5425e+01 1.9680e+02 1.6888e+02 2.3120e+02 6.3293e-01
1.0093e+00 1.9101e+02 2.8332e+01 3.7500e+02 6.2587e-01
6.3596e+02 1.7079e+02 6.8014e+02 1.8842e+02 6.1735e-01
6.6676e+02 1.7576e+02 7.1481e+02 1.9828e+02 6.0487e-01
0.0000e+00 1.9218e+02 1.8447e+01 2.5117e+02 6.0063e-01
5.2011e+02 1.7985e+02 5.4249e+02 2.0035e+02 5.9843e-01
6.6982e+02 1.6550e+02 6.8911e+02 2.1033e+02 5.9422e-01
1.4481e+02 1.9733e+02 2.1881e+02 2.3071e+02 5.9223e-01
5.2569e+02 1.7918e+02 5.4689e+02 1.9675e+02 5.8987e-01
6.3940e+02 1.6671e+02 7.0861e+02 1.9651e+02 5.8650e-01
6.5967e+02 1.6987e+02 6.9541e+02 1.9407e+02 5.8553e-01
4.6891e+02 1.8512e+02 4.8988e+02 2.2752e+02 5.8239e-01
6.7294e+02 1.6239e+02 7.1891e+02 1.7871e+02 5.8138e-01
1.4781e+02 1.9802e+02 2.0712e+02 2.2205e+02 5.7859e-01
6.3012e+02 1.7352e+02 6.6610e+02 1.9351e+02 5.7774e-01
3.8331e+00 1.8525e+02 3.9191e+01 3.1431e+02 5.7615e-01
0.0000e+00 2.1479e+02 5.7346e+01 3.5066e+02 5.7370e-01
3.7569e-02 1.9857e+02 2.9389e+01 2.3779e+02 5.6724e-01
8.6249e-01 1.9484e+02 1.1049e+02 3.3967e+02 5.6714e-01
9.9996e-01 1.5920e+02 6.3686e+01 3.7500e+02 5.6460e-01
4.6410e+02 1.7998e+02 4.8853e+02 2.2941e+02 5.6407e-01
4.8749e+02 1.7588e+02 5.1996e+02 2.0230e+02 5.6205e-01
1.0078e+02 2.0266e+02 1.5912e+02 2.2576e+02 5.5711e-01
6.8140e+02 1.6435e+02 7.1261e+02 1.8729e+02 5.4997e-01
4.3154e+02 1.7959e+02 4.6107e+02 2.3709e+02 5.4874e-01
6.6538e+02 1.6750e+02 6.8544e+02 2.1525e+02 5.4873e-01
4.8764e+02 1.7281e+02 5.0774e+02 2.1354e+02 5.4834e-01
4.5671e+02 1.7871e+02 4.7963e+02 2.2661e+02 5.3850e-01
2.8492e+00 1.8097e+02 2.2590e+01 2.4595e+02 5.3828e-01
4.9707e+02 1.7692e+02 5.2815e+02 1.9884e+02 5.3344e-01
8.0902e+01 2.0662e+02 1.4545e+02 2.3278e+02 5.3070e-01
1.7773e+02 1.9748e+02 2.4940e+02 2.3122e+02 5.2457e-01
4.2484e+02 1.7484e+02 4.6283e+02 2.3447e+02 5.2145e-01
6.6694e+02 1.6983e+02 6.8969e+02 2.1750e+02 5.1829e-01
1.2013e+02 2.0551e+02 2.0896e+02 2.4191e+02 5.0268e-01
4.5011e+02 1.8407e+02 4.8459e+02 2.1146e+02 5.0070e-01
6.5882e+02 1.6993e+02 7.0078e+02 1.8645e+02 4.9497e-01
6.7323e+02 1.6581e+02 6.9218e+02 2.0930e+02 4.9269e-01
4.7480e+02 1.8163e+02 4.9609e+02 2.1978e+02 4.8617e-01
6.4813e+02 1.6543e+02 7.1813e+02 1.9318e+02 4.8570e-01
4.8145e+02 1.8110e+02 4.9906e+02 2.1739e+02 4.8126e-01
6.6795e+02 1.6789e+02 7.0108e+02 1.9001e+02 4.7197e-01
4.3815e+02 1.7913e+02 4.6545e+02 2.3453e+02 4.7049e-01
4.7778e+02 1.8090e+02 5.0636e+02 2.0117e+02 4.7023e-01
4.9668e+02 1.7176e+02 5.1766e+02 2.1268e+02 4.6549e-01
6.5169e+02 1.7764e+02 7.0195e+02 2.1417e+02 4.6106e-01
6.1763e-01 2.1559e+02 2.8521e+01 2.4631e+02 4.5060e-01
0.0000e+00 2.1024e+02 3.0843e+01 2.3637e+02 4.3810e-01
5.0137e+02 1.7702e+02 5.1890e+02 2.1441e+02 4.3711e-01
4.5205e+00 2.0499e+02 5.7810e+01 3.6460e+02 4.3398e-01
6.7985e+02 1.6445e+02 7.1938e+02 1.8249e+02 4.3394e-01
6.6699e+02 1.6284e+02 6.8597e+02 2.0438e+02 4.3019e-01
5.6732e+00 1.8244e+02 3.7184e+01 2.5916e+02 4.3004e-01
1.2796e+02 1.9885e+02 1.7130e+02 2.2764e+02 4.2969e-01
6.4033e+02 1.7933e+02 7.0296e+02 2.1158e+02 4.2819e-01
1.9965e+01 2.0295e+02 9.6452e+01 2.3827e+02 4.2172e-01
0.0000e+00 2.6485e+02 5.7974e+01 3.7234e+02 4.2128e-01
4.5787e+02 1.9097e+02 4.9774e+02 2.2177e+02 4.1468e-01
4.8087e+02 1.8984e+02 5.1228e+02 2.1475e+02 4.0957e-01
1.8769e+00 1.7160e+02 2.3808e+01 3.3153e+02 3.9456e-01
6.2902e+02 1.7101e+02 6.7176e+02 1.8767e+02 3.9222e-01
2.1033e+02 2.0250e+02 2.6945e+02 2.2861e+02 3.9177e-01
6.6331e+02 1.6256e+02 6.8209e+02 2.0360e+02 3.8943e-01
0.0000e+00 1.5755e+02 2.5864e+01 2.7242e+02 3.8920e-01
4.2321e+02 1.8133e+02 4.7933e+02 2.1580e+02 3.8490e-01
0.0000e+00 1.9066e+02 1.3591e+01 2.4711e+02 3.8344e-01
6.5828e+02 1.6479e+02 6.7776e+02 2.0992e+02 3.8095e-01
4.4704e+02 1.7766e+02 4.7162e+02 2.2568e+02 3.8053e-01
8.6686e+00 2.0860e+02 3.1355e+01 2.5453e+02 3.7901e-01
4.1705e+02 1.8100e+02 4.6935e+02 2.2355e+02 3.6951e-01
4.3176e+02 1.7872e+02 4.5739e+02 2.2953e+02 3.6780e-01
6.6937e+02 1.7260e+02 7.1681e+02 1.9468e+02 3.6751e-01
7.1145e+01 2.0965e+02 1.5084e+02 2.4152e+02 3.6467e-01
0.0000e+00 2.0617e+02 4.0266e+01 2.3596e+02 3.6095e-01
4.6039e+02 1.7661e+02 4.8377e+02 2.2436e+02 3.5623e-01
7.7606e+01 2.1004e+02 1.3647e+02 2.3455e+02 3.4589e-01
6.6582e+02 1.6618e+02 7.1024e+02 1.8259e+02 3.4565e-01
1.3053e+02 1.9933e+02 1.7908e+02 2.2208e+02 3.4198e-01
4.6667e+02 1.7723e+02 4.9356e+02 2.2895e+02 3.3504e-01
5.1599e+02 1.7863e+02 5.4124e+02 1.9724e+02 3.3294e-01
8.3060e+02 1.5928e+02 8.6056e+02 1.7612e+02 3.3289e-01
4.9756e+02 1.7873e+02 5.1560e+02 2.1580e+02 3.3027e-01
8.6237e+01 2.0490e+02 1.4196e+02 2.2829e+02 3.2801e-01
0.0000e+00 2.0693e+02 1.8643e+01 2.3949e+02 3.2342e-01
6.4829e+02 1.6986e+02 6.8634e+02 1.9463e+02 3.2205e-01
0.0000e+00 2.2366e+02 1.2110e+02 3.2989e+02 3.2059e-01
4.0113e+01 2.0555e+02 1.0469e+02 2.2990e+02 3.1995e-01
4.7164e+02 1.7760e+02 4.9337e+02 2.1903e+02 3.1770e-01
4.2656e+02 1.8507e+02 4.5859e+02 2.4203e+02 3.1571e-01
5.1085e+02 1.7859e+02 5.3811e+02 1.9824e+02 3.1528e-01
6.5290e+02 1.6932e+02 7.0574e+02 2.0131e+02 3.1039e-01
9.0975e+00 1.8200e+02 3.1419e+01 2.4473e+02 3.0898e-01
4.5391e+02 1.7568e+02 4.7561e+02 2.2218e+02 3.0876e-01
5.1200e+02 1.7491e+02 5.2791e+02 2.0579e+02 3.0825e-01
4.5067e+02 1.7827e+02 4.7811e+02 2.2760e+02 3.0025e-01
2.6239e+00 2.0756e+02 2.3077e+01 2.5513e+02 2.9967e-01
3.0898e+00 1.8115e+02 2.5357e+01 2.7523e+02 2.9695e-01
6.4764e+02 1.7039e+02 6.9027e+02 1.8831e+02 2.9556e-01
6.8562e+02 1.6753e+02 7.2228e+02 1.8486e+02 2.8686e-01
0.0000e+00 2.5294e+02 8.8608e+01 3.2844e+02 2.8659e-01
4.5527e+02 1.8385e+02 4.9531e+02 2.0719e+02 2.8398e-01
1.4332e+02 2.0732e+02 2.2645e+02 2.4307e+02 2.8031e-01
1.0649e+00 2.2002e+02 3.9908e+01 2.4397e+02 2.7884e-01
4.5943e+02 1.7737e+02 4.8752e+02 2.2729e+02 2.7821e-01
1.2499e+02 2.0065e+02 1.7077e+02 2.2071e+02 2.7768e-01
6.3157e+02 1.7055e+02 6.8597e+02 2.0028e+02 2.7551e-01
0.0000e+00 2.3342e+02 3.6761e+01 3.7500e+02 2.7159e-01
0.0000e+00 1.8492e+02 6.1098e+01 3.7500e+02 2.6726e-01
4.9225e+02 1.7871e+02 5.0846e+02 2.1840e+02 2.6567e-01
4.0806e+02 1.9270e+02 4.7978e+02 2.3320e+02 2.6330e-01
6.5107e+02 1.6605e+02 6.6957e+02 2.0850e+02 2.5866e-01
5.0748e+02 1.7510e+02 5.2226e+02 2.1011e+02 2.5664e-01
0.0000e+00 1.8940e+02 3.2571e+01 2.4512e+02 2.5504e-01
4.1603e+02 1.8744e+02 4.6409e+02 2.1281e+02 2.5442e-01
3.1494e+01 2.0676e+02 9.2883e+01 2.3401e+02 2.5344e-01
4.3716e+02 1.7784e+02 4.6426e+02 2.2765e+02 2.5271e-01
6.7738e+02 1.6755e+02 7.0716e+02 1.9192e+02 2.5189e-01
6.1865e+01 2.0716e+02 1.2417e+02 2.3232e+02 2.5095e-01
6.3710e+02 1.7407e+02 6.7110e+02 1.9805e+02 2.4942e-01
1.9821e+02 1.9874e+02 2.6237e+02 2.2442e+02 2.4885e-01
4.8699e+02 1.7950e+02 5.0281e+02 2.1791e+02 2.4013e-01
0.0000e+00 2.0317e+02 4.5799e+01 2.4092e+02 2.3765e-01
1.1796e+03 1.3266e+02 1.2420e+03 1.6871e+02 2.2986e-01
1.0034e+02 2.0614e+02 1.8554e+02 2.4123e+02 2.2903e-01
6.8331e+02 1.6976e+02 7.1962e+02 1.8859e+02 2.2696e-01
0.0000e+00 1.3774e+02 8.5626e+01 3.7500e+02 2.2295e-01
4.2285e+02 1.8406e+02 4.6152e+02 2.1501e+02 2.1789e-01
0.0000e+00 1.7104e+02 1.7418e+01 2.6641e+02 2.1748e-01
2.4862e+00 1.9430e+02 3.4588e+01 2.3476e+02 2.1685e-01
6.5454e+02 1.6576e+02 6.7259e+02 2.0924e+02 2.1588e-01
5.1182e+02 1.7828e+02 5.2634e+02 2.1147e+02 2.1568e-01
5.1555e+02 1.7478e+02 5.3107e+02 2.0560e+02 2.1464e-01
4.6712e+02 1.7473e+02 4.8729e+02 2.1859e+02 2.1319e-01
1.1632e+03 1.3694e+02 1.2390e+03 1.6583e+02 2.1315e-01
7.6318e+01 1.8856e+02 2.1836e+02 2.4398e+02 2.1193e-01
4.4318e+02 1.7562e+02 4.6704e+02 2.2431e+02 2.1100e-01
4.2780e+02 1.7911e+02 4.6396e+02 2.5035e+02 2.1010e-01
1.6984e+01 1.9291e+02 3.6110e+01 2.4366e+02 2.0591e-01
1.3632e+02 1.9846e+02 1.8612e+02 2.2868e+02 2.0320e-01
5.4355e+02 1.7717e+02 5.6379e+02 1.9343e+02 2.0168e-01
0.0000e+00 1.9413e+02 1.4603e+02 3.6451e+02 1.9410e-01
5.1062e+01 1.9680e+02 1.3281e+02 2.3079e+02 1.9135e-01
1.5217e+02 2.0095e+02 2.1474e+02 2.3049e+02 1.8730e-01
2.2036e-02 1.3512e+02 4.8990e+01 3.7500e+02 1.8692e-01
0.0000e+00 2.6411e+02 5.4579e+01 3.7500e+02 1.8623e-01
1.1931e+01 2.0531e+02 3.4877e+01 2.5110e+02 1.8271e-01
4.4400e+02 1.8822e+02 4.8830e+02 2.2541e+02 1.8035e-01
0.0000e+00 2.0107e+02 1.0022e+02 3.7500e+02 1.7844e-01
4.7588e+02 1.8862e+02 4.9480e+02 2.2239e+02 1.7683e-01
5.1993e+02 1.7564e+02 5.3463e+02 2.0554e+02 1.7342e-01
6.4297e+02 1.7725e+02 6.8554e+02 2.0552e+02 1.7330e-01
8.3087e+02 1.6105e+02 8.6760e+02 1.7483e+02 1.7286e-01
8.2234e+02 1.5918e+02 8.5511e+02 1.7691e+02 1.7158e-01
2.5847e+01 2.0553e+02 1.0731e+02 3.7500e+02 1.6733e-01
6.7280e+02 1.6212e+02 6.8989e+02 1.9825e+02 1.6655e-01
1.1603e+03 1.2394e+02 1.2420e+03 1.7408e+02 1.6404e-01
7.0421e-02 1.7446e+02 1.7219e+01 2.4360e+02 1.6321e-01
4.2181e+02 1.8011e+02 4.5338e+02 2.4043e+02 1.6253e-01
4.3024e+02 1.8520e+02 4.6780e+02 2.0524e+02 1.6237e-01
1.7749e+02 2.0550e+02 2.6244e+02 2.4346e+02 1.5968e-01
6.2782e+02 1.7284e+02 6.5852e+02 1.9123e+02 1.5801e-01
4.8520e+02 1.7572e+02 5.0169e+02 2.1040e+02 1.5456e-01
1.1403e+02 2.0097e+02 1.6077e+02 2.2085e+02 1.5287e-01
1.5191e+02 1.9756e+02 2.0727e+02 2.1477e+02 1.5232e-01
6.7678e+02 1.6291e+02 6.9259e+02 1.9788e+02 1.5128e-01
2.4658e+01 1.6935e+02 9.8177e+01 3.3516e+02 1.4951e-01
2.0096e+02 1.9458e+02 2.8458e+02 2.2984e+02 1.4877e-01
0.0000e+00 2.5842e+02 4.1737e+01 3.7500e+02 1.4330e-01
6.8978e+02 1.6037e+02 7.0414e+02 1.9253e+02 1.4207e-01
6.9254e+02 1.6000e+02 7.0754e+02 1.9244e+02 1.4091e-01
1.2216e+01 1.8828e+02 1.6174e+02 2.4583e+02 1.3965e-01
1.2544e+02 1.9000e+02 2.0951e+02 2.2471e+02 1.3785e-01
5.8263e+00 1.7651e+02 2.6415e+01 2.4199e+02 1.3761e-01
0.0000e+00 1.9041e+02 1.0221e+01 2.4201e+02 1.3565e-01
4.7286e+02 1.7536e+02 4.9951e+02 2.2760e+02 1.3382e-01
6.7339e+02 1.6540e+02 7.0521e+02 1.8613e+02 1.3366e-01
5.2420e+02 1.7584e+02 5.3831e+02 2.0391e+02 1.3260e-01
3.6597e+01 2.0543e+02 9.1655e+01 2.2754e+02 1.3235e-01
4.7955e+02 1.7455e+02 5.2859e+02 2.0627e+02 1.3158e-01
4.7138e+02 1.8922e+02 4.9255e+02 2.2633e+02 1.3046e-01
1.6213e+02 2.0710e+02 2.4239e+02 2.4381e+02 1.2911e-01
0.0000e+00 1.4874e+02 3.4124e+01 2.7336e+02 1.2883e-01
3.9870e+02 1.8277e+02 4.5977e+02 2.1976e+02 1.2864e-01
5.1473e+02 1.7869e+02 5.2956e+02 2.1055e+02 1.2860e-01
6.5067e+02 1.7365e+02 7.1317e+02 2.0351e+02 1.2857e-01
5.2207e+01 2.0435e+02 1.1583e+02 2.2293e+02 1.2689e-01
6.5447e+02 1.7062e+02 6.7554e+02 2.1384e+02 1.2634e-01
6.4807e+02 1.6415e+02 6.6544e+02 2.0393e+02 1.2564e-01
1.1875e+03 1.3596e+02 1.2420e+03 1.6535e+02 1.2458e-01
9.8857e+01 1.9222e+02 2.3934e+02 2.4709e+02 1.2414e-01
6.7486e+01 2.0516e+02 1.2004e+02 2.2766e+02 1.2410e-01
0.0000e+00 1.7597e+02 1.3646e+01 3.1271e+02 1.2279e-01
6.4346e+01 1.9572e+02 1.4789e+02 2.3060e+02 1.2209e-01
0.0000e+00 2.0189e+02 1.9189e+01 3.6165e+02 1.2042e-01
3.4692e+01 1.7478e+02 1.0823e+02 3.5522e+02 1.1973e-01
4.3785e+02 1.7335e+02 4.7417e+02 2.2921e+02 1.1942e-01
0.0000e+00 1.9613e+02 2.1391e+01 2.5022e+02 1.1770e-01
4.0303e+02 1.8536e+02 4.6332e+02 2.3152e+02 1.1672e-01
1.9949e+02 1.9918e+02 2.8068e+02 2.3693e+02 1.1111e-01
7.3429e+00 2.6097e+02 6.9022e+01 3.6897e+02 1.1061e-01
0.0000e+00 1.7984e+02 3.8466e+01 2.4751e+02 1.0601e-01
0.0000e+00 2.1367e+02 7.1905e+01 3.4185e+02 1.0114e-01
0.0000e+00 1.9479e+02 4.3106e+01 2.3648e+02 1.0033e-01
6.6124e+02 1.6814e+02 6.8784e+02 2.1447e+02 9.8388e-02
0.0000e+00 2.3021e+02 1.3142e+02 3.7500e+02 9.7480e-02
1.1137e+02 1.8326e+02 2.4865e+02 2.4111e+02 9.5688e-02
0.0000e+00 2.0908e+02 1.3850e+02 3.0856e+02 9.1915e-02
0.0000e+00 2.6864e+02 3.2317e+01 3.7500e+02 9.1583e-02
0.0000e+00 0.0000e+00 1.5121e+02 3.7500e+02 9.1527e-02
0.0000e+00 2.5890e+02 1.7355e+02 3.7500e+02 8.9661e-02
1.4351e+01 2.0612e+02 6.4815e+01 3.5652e+02 8.8855e-02
3.2765e+00 1.8947e+02 9.7310e+01 3.0449e+02 8.3749e-02
1.1549e+03 1.3951e+02 1.2420e+03 1.7908e+02 8.3452e-02
1.5424e+02 1.8688e+02 1.8309e+02 2.4805e+02 8.1217e-02
0.0000e+00 2.0054e+02 2.9126e+01 2.5375e+02 8.0256e-02
1.2065e+03 1.2826e+02 1.2420e+03 1.7016e+02 7.8815e-02
0.0000e+00 9.2516e+01 2.1777e+02 3.7500e+02 7.0022e-02
6.6216e+02 1.6123e+02 7.3043e+02 1.9206e+02 6.9130e-02
1.6047e+02 1.8910e+02 1.8879e+02 2.4753e+02 6.7570e-02
5.6763e+01 1.8973e+02 8.9014e+01 2.4681e+02 6.6030e-02
4.5125e+01 1.8160e+02 1.9934e+02 2.4454e+02 6.4349e-02
7.1425e+00 1.9208e+02 1.1688e+02 2.8607e+02 6.3187e-02
4.5846e+02 1.7496e+02 5.1676e+02 2.0640e+02 6.1834e-02
3.8358e+02 1.7703e+02 5.0731e+02 2.3841e+02 6.1043e-02
1.5109e+02 1.8264e+02 1.8724e+02 2.4122e+02 5.8161e-02
0.0000e+00 1.2716e+02 3.0323e+02 3.7500e+02 5.4117e-02
4.7499e+02 1.7048e+02 5.0212e+02 2.1816e+02 5.3965e-02
3.8633e+02 1.8710e+02 4.5811e+02 2.2701e+02 5.3402e-02
1.5010e+02 1.8868e+02 1.7612e+02 2.4718e+02 5.3002e-02
4.8212e+02 1.7348e+02 5.0742e+02 2.2231e+02 5.2692e-02
1.0875e+02 1.8709e+02 1.9168e+02 2.2404e+02 5.2265e-02
2.1540e+02 1.9157e+02 2.4513e+02 2.4287e+02 5.1220e-02
1.4821e+02 1.8990e+02 2.7992e+02 2.4666e+02 5.0711e-02
4.8597e+02 1.7020e+02 5.1151e+02 2.1847e+02 5.0107e-02
0.0000e+00 1.7719e+02 2.5844e+01 2.4126e+02 4.9655e-02
0.0000e+00 2.2810e+02 9.3641e+01 3.2367e+02 4.9291e-02
4.4396e+02 1.8324e+02 4.7198e+02 2.3877e+02 4.5732e-02
2.6486e+01 2.0795e+02 7.8811e+01 3.6201e+02 4.4892e-02
0.0000e+00 7.3324e+01 6.1752e+01 3.7500e+02 4.4495e-02
4.9761e+00 1.4024e+02 5.8186e+01 3.3670e+02 4.3957e-02
6.6456e+02 1.6681e+02 6.9359e+02 2.1022e+02 4.2422e-02
0.0000e+00 2.0499e+02 4.1532e+01 2.6611e+02 4.2133e-02
1.5823e+02 1.8281e+02 1.9257e+02 2.4065e+02 4.1512e-02
5.0025e+01 1.8815e+02 8.5087e+01 2.4591e+02 4.0269e-02
0.0000e+00 2.7740e+02 7.5633e+01 3.7109e+02 4.0068e-02
5.9575e+00 1.8779e+02 1.2108e+02 2.5872e+02 3.8543e-02
3.5893e+01 2.2728e+02 8.3479e+01 3.6860e+02 3.7503e-02
1.4638e+02 1.8372e+02 1.8052e+02 2.3912e+02 3.6727e-02
6.0362e+00 2.3764e+02 8.0755e+01 3.5750e+02 3.6252e-02
0.0000e+00 1.1850e+02 3.2902e+01 3.4490e+02 3.5841e-02
4.9061e+02 1.7532e+02 5.5404e+02 2.0719e+02 3.4831e-02
2.4281e+00 1.5765e+02 4.0670e+01 2.6293e+02 3.4010e-02
4.9269e+02 1.7021e+02 5.1696e+02 2.1746e+02 3.3928e-02
2.0809e+02 1.9071e+02 2.4085e+02 2.4643e+02 3.2224e-02
6.4260e+01 1.9112e+02 9.4084e+01 2.4669e+02 3.2061e-02
4.3377e+02 1.7657e+02 4.6915e+02 2.5213e+02 3.2028e-02
0.0000e+00 7.6633e+01 9.9246e+01 3.7500e+02 3.0625e-02
4.0825e+02 1.7885e+02 4.6696e+02 2.1392e+02 3.0478e-02
6.4299e-02 2.1360e+02 5.8391e+01 3.2331e+02 3.0011e-02
1.1850e+03 1.2776e+02 1.2186e+03 1.8362e+02 2.8923e-02
0.0000e+00 1.8413e+02 4.0093e+01 2.3036e+02 2.8916e-02
1.6610e+02 1.8746e+02 1.9506e+02 2.4770e+02 2.8769e-02
1.1725e+03 1.0561e+02 1.2420e+03 1.8591e+02 2.8725e-02
4.9021e+02 1.6412e+02 5.2090e+02 2.1375e+02 2.8118e-02
1.3074e+01 1.9776e+02 6.7219e+01 2.3826e+02 2.6816e-02
0.0000e+00 3.1054e+02 4.9817e+01 3.7500e+02 2.6391e-02
9.0958e+00 1.9223e+02 4.9520e+01 3.1853e+02 2.6024e-02
1.1375e+01 1.8641e+02 4.7394e+01 2.9391e+02 2.5946e-02
0.0000e+00 1.4135e+02 1.8105e+01 2.5313e+02 2.5182e-02
1.1563e+02 1.9131e+02 1.4144e+02 2.4482e+02 2.4894e-02
6.1027e+01 1.6609e+02 2.1069e+02 2.3377e+02 2.4589e-02
7.1142e+00 1.9298e+02 1.6956e+02 2.6197e+02 2.4519e-02
9.3914e+01 1.8720e+02 1.7610e+02 2.2296e+02 2.4434e-02
1.1415e+03 1.3703e+02 1.2342e+03 1.7360e+02 2.4036e-02
1.3678e+01 1.8380e+02 4.1008e+01 2.4876e+02 2.3642e-02
1.2281e+02 1.9109e+02 1.4934e+02 2.4552e+02 2.3522e-02
0.0000e+00 2.7846e+02 9.8483e+01 3.7500e+02 2.3236e-02
1.1912e+03 1.2737e+02 1.2243e+03 1.8617e+02 2.3107e-02
4.1034e+02 1.6678e+02 5.0254e+02 2.3700e+02 2.2852e-02
0.0000e+00 1.8266e+02 1.5729e+01 3.3919e+02 2.2676e-02
1.1934e+02 1.8536e+02 1.5331e+02 2.4237e+02 2.1738e-02
0.0000e+00 1.9199e+02 4.8907e+01 3.3494e+02 2.0745e-02
0.0000e+00 2.2383e+02 1.6276e+01 3.7500e+02 1.9309e-02
8.4289e+01 1.9570e+02 1.5013e+02 2.3437e+02 1.9253e-02
6.2336e+02 1.6755e+02 6.8846e+02 1.9636e+02 1.9122e-02
1.1886e+03 1.3067e+02 1.2387e+03 1.7365e+02 1.8780e-02
1.1218e+02 1.8537e+02 1.4752e+02 2.4240e+02 1.8735e-02
1.0943e+02 1.8928e+02 1.3704e+02 2.4391e+02 1.8703e-02
1.4465e+02 1.9046e+02 1.6642e+02 2.4203e+02 1.8557e-02
6.7472e+02 1.5972e+02 7.4346e+02 1.9064e+02 1.8141e-02
2.3645e+01 2.6538e+02 9.5842e+01 3.7500e+02 1.7914e-02
1.1685e+03 1.3271e+02 1.2390e+03 1.8202e+02 1.7518e-02
2.1244e+02 1.9150e+02 2.9610e+02 2.2650e+02 1.7417e-02
4.5483e+02 1.7729e+02 4.8313e+02 2.3797e+02 1.7270e-02
3.2283e+01 1.6494e+02 9.7554e+01 2.9389e+02 1.6799e-02
1.8781e+01 1.5896e+02 7.9964e+01 3.1005e+02 1.5999e-02
5.0306e+00 1.7718e+02 1.4013e+02 2.5329e+02 1.5744e-02
0.0000e+00 1.8541e+02 7.4203e+01 3.1629e+02 1.5536e-02
7.1671e+01 1.9417e+02 2.2228e+02 2.6313e+02 1.5174e-02
5.2291e+01 1.8438e+02 9.4226e+01 2.4418e+02 1.4827e-02
0.0000e+00 9.6420e+01 2.9243e+01 2.9376e+02 1.4709e-02
6.4702e+02 1.5970e+02 7.2265e+02 1.8852e+02 1.4681e-02
3.9593e+02 1.6173e+02 5.3687e+02 2.2777e+02 1.4013e-02
4.4663e+02 1.7436e+02 5.0520e+02 2.1517e+02 1.3949e-02
1.0169e+02 1.7834e+02 2.2435e+02 2.4363e+02 1.3825e-02
1.3347e+02 1.9008e+02 1.5622e+02 2.4263e+02 1.3681e-02
0.0000e+00 2.6471e+02 8.0991e+01 3.3728e+02 1.3584e-02
7.0434e+01 1.9201e+02 1.0070e+02 2.4675e+02 1.3553e-02
2.0716e+02 1.9442e+02 2.3402e+02 2.4200e+02 1.3460e-02
1.2072e+03 1.4304e+02 1.2420e+03 1.8605e+02 1.3428e-02
6.5511e+02 1.6720e+02 6.8034e+02 2.1452e+02 1.3212e-02
0.0000e+00 3.0967e+02 1.0188e+02 3.7500e+02 1.2725e-02
4.1506e+02 1.6847e+02 4.5252e+02 2.4093e+02 1.2058e-02
1.4043e+02 1.8407e+02 1.6861e+02 2.3650e+02 1.2057e-02
0.0000e+00 1.8754e+02 6.0396e+01 2.3131e+02 1.1573e-02
4.9659e+02 1.6347e+02 5.2568e+02 2.1153e+02 1.1301e-02
1.2004e+03 1.2675e+02 1.2283e+03 1.8822e+02 1.1260e-02
1.8093e+00 2.8539e+02 4.8117e+01 3.7500e+02 1.0829e-02
4.8208e+01 1.9239e+02 8.2081e+01 2.5599e+02 1.0737e-02
0.0000e+00 2.5050e+02 2.5669e+01 3.7500e+02 1.0283e-02
2.6520e+01 1.9381e+02 9.7883e+01 2.3600e+02 1.0205e-02
3.5274e+02 1.9010e+02 4.2918e+02 2.2318e+02 1.0097e-02
1.1906e+03 1.2188e+02 1.2420e+03 1.6591e+02 9.9986e-03
9.0072e+01 1.6888e+02 2.3909e+02 2.3495e+02 9.9773e-03
4.6220e+02 1.7345e+02 4.9274e+02 2.4135e+02 9.9510e-03
0.0000e+00 1.7583e+02 3.8768e+01 2.2231e+02 9.9105e-03
1.2237e+03 1.4247e+02 1.2420e+03 2.5968e+02 9.6910e-03
1.8570e+02 1.8925e+02 2.6793e+02 2.2732e+02 9.5800e-03
3.6158e+02 1.7423e+02 4.9090e+02 2.4013e+02 9.5654e-03
0.0000e+00 2.8802e+02 7.9636e+01 3.5592e+02 9.4995e-03
1.7585e+02 1.9933e+02 2.4813e+02 2.4198e+02 9.4504e-03
3.9633e+02 1.7694e+02 4.8846e+02 2.4882e+02 9.2957e-03
9.8438e+01 1.9706e+02 2.4329e+02 2.6299e+02 9.1951e-03
0.0000e+00 3.1995e+02 6.6589e+01 3.7500e+02 9.0924e-03
1.1705e+03 8.5193e+01 1.2420e+03 1.7371e+02 9.0257e-03
0.0000e+00 3.2740e+02 1.2004e+01 3.7500e+02 8.9383e-03
4.2730e+01 1.8817e+02 7.3197e+01 2.4175e+02 8.8008e-03
4.9722e+02 1.7009e+02 5.2171e+02 2.1658e+02 8.7429e-03
4.2131e+02 1.5702e+02 4.7500e+02 2.6248e+02 8.7223e-03
1.2081e+03 1.1186e+02 1.2420e+03 1.5839e+02 8.6365e-03
1.5416e+02 1.8185e+02 3.0184e+02 2.4368e+02 8.5409e-03
1.0558e+02 1.8287e+02 1.4088e+02 2.3986e+02 8.4961e-03
4.9849e+00 1.6314e+02 1.7686e+02 2.3597e+02 8.2952e-03
4.5527e+01 1.7778e+02 8.7860e+01 2.4293e+02 8.2472e-03
6.0385e+01 1.8511e+02 9.8944e+01 2.4232e+02 8.1756e-03
1.3049e+02 1.8502e+02 1.5794e+02 2.3684e+02 8.1246e-03
1.2042e+03 1.5151e+02 1.2420e+03 1.9523e+02 8.1185e-03
1.2157e+03 1.2423e+02 1.2420e+03 1.7385e+02 7.8972e-03
0.0000e+00 2.0284e+02 1.9995e+01 2.6911e+02 7.7318e-03
4.2871e+02 1.7299e+02 4.9384e+02 2.0874e+02 7.5898e-03
1.2362e+02 1.9324e+02 2.6335e+02 2.6187e+02 7.5103e-03
4.3788e+01 1.6077e+02 1.0737e+02 2.9462e+02 7.4197e-03
1.5835e+01 2.5368e+02 1.1706e+02 3.7421e+02 7.3101e-03
1.8832e-01 2.0986e+02 4.9563e+01 2.8867e+02 7.0574e-03
1.1720e+03 1.2850e+02 1.2420e+03 2.1201e+02 6.9415e-03
3.7190e+02 1.8870e+02 4.4496e+02 2.2215e+02 6.8308e-03
4.7890e+02 1.6799e+02 5.0693e+02 2.3082e+02 6.7971e-03
4.6814e+01 2.1319e+02 1.3280e+02 2.4560e+02 6.7846e-03
1.7835e+01 2.3461e+02 9.2307e+01 3.7500e+02 6.7326e-03
3.0803e+01 1.8835e+02 1.4469e+02 2.7103e+02 6.7056e-03
1.0095e+02 1.8929e+02 1.2811e+02 2.4593e+02 6.5863e-03
0.0000e+00 1.4259e+02 1.6057e+02 3.0346e+02 6.5222e-03
1.1780e+03 1.2701e+02 1.2126e+03 1.8227e+02 6.3567e-03
1.9056e+02 2.0322e+02 2.7779e+02 2.4310e+02 6.3498e-03
0.0000e+00 2.9670e+02 6.9585e+01 3.7500e+02 6.3460e-03
1.1628e+03 1.1685e+02 1.2420e+03 1.6187e+02 6.3128e-03
2.5686e+01 1.8733e+02 1.2743e+02 2.2173e+02 6.2967e-03
2.2132e+02 1.9698e+02 3.0289e+02 2.3005e+02 6.2214e-03
2.2290e+02 1.9158e+02 2.5100e+02 2.4400e+02 5.7730e-03
6.7192e+02 1.6584e+02 6.9729e+02 2.0664e+02 5.6690e-03
1.0087e+03 1.6679e+02 1.1038e+03 2.0119e+02 5.5407e-03
1.1868e+03 1.1430e+02 1.2306e+03 1.8165e+02 5.5072e-03
1.0444e+02 1.8982e+02 2.1440e+02 2.6337e+02 5.4377e-03
1.1844e+03 1.0854e+02 1.2420e+03 2.0410e+02 5.2760e-03
0.0000e+00 2.6902e+02 1.6135e+01 3.7500e+02 5.2477e-03
1.2069e+03 1.0314e+02 1.2420e+03 1.4933e+02 5.2263e-03
3.3230e+02 1.8865e+02 4.2011e+02 2.2404e+02 5.2251e-03
6.5887e+02 1.5877e+02 6.9027e+02 2.0558e+02 5.1832e-03
6.4378e+00 1.9055e+02 8.1671e+01 2.2957e+02 5.1311e-03
1.2249e+03 1.6727e+02 1.2420e+03 2.8687e+02 5.0467e-03
4.1395e+02 1.5589e+02 5.5856e+02 2.2230e+02 5.0377e-03
1.5792e+02 1.9053e+02 1.9247e+02 2.5659e+02 4.9515e-03
6.6709e+02 1.5906e+02 6.9644e+02 2.0427e+02 4.9290e-03
1.2032e+03 9.9865e+01 1.2420e+03 2.8300e+02 4.8647e-03
4.3514e+02 1.4797e+02 4.8628e+02 2.6148e+02 4.6881e-03
1.2104e+03 1.2407e+02 1.2342e+03 1.9477e+02 4.6825e-03
6.0225e+01 1.7964e+02 1.2607e+02 3.4420e+02 4.5952e-03
6.3677e+01 1.6465e+02 1.2359e+02 3.1625e+02 4.3860e-03
0.0000e+00 2.0853e+02 8.5233e+01 3.0875e+02 4.2539e-03
5.9960e+02 1.6030e+02 7.4075e+02 2.1982e+02 4.2354e-03
3.9248e+02 1.7621e+02 4.5703e+02 2.1253e+02 4.1663e-03
4.5468e+02 1.6197e+02 4.8959e+02 2.2751e+02 4.1153e-03
3.9200e+02 1.8055e+02 5.1815e+02 2.4938e+02 4.1074e-03
1.5004e+02 1.9128e+02 1.8480e+02 2.5698e+02 4.0794e-03
1.1536e+03 1.7847e+02 1.2420e+03 3.7500e+02 4.0747e-03
1.1973e+03 1.1172e+02 1.2343e+03 1.8375e+02 4.0587e-03
5.9294e+01 2.1503e+02 1.4344e+02 2.4785e+02 4.0510e-03
2.0551e+02 1.8714e+02 2.3604e+02 2.3614e+02 4.0294e-03
2.1361e+02 2.0005e+02 2.9193e+02 2.3535e+02 4.0088e-03
0.0000e+00 3.0618e+02 6.8903e+01 3.7459e+02 4.0072e-03
9.8339e+02 1.6373e+02 1.0990e+03 2.0212e+02 3.9830e-03
4.2392e+02 1.7237e+02 4.8361e+02 2.1382e+02 3.9748e-03
4.1613e+02 1.5457e+02 5.2845e+02 2.3645e+02 3.9694e-03
1.2013e+03 2.8787e+02 1.2420e+03 3.7500e+02 3.9332e-03
0.0000e+00 2.0497e+02 5.5061e+01 2.6013e+02 3.8434e-03
4.6241e+02 1.6380e+02 4.9663e+02 2.2750e+02 3.8376e-03
3.9460e+01 1.7133e+02 1.7500e+02 2.4939e+02 3.8364e-03
3.9386e+01 2.7619e+02 1.1305e+02 3.7500e+02 3.8297e-03
9.7722e+02 1.5682e+02 1.0954e+03 1.9739e+02 3.7585e-03
3.6238e+02 1.8342e+02 4.3662e+02 2.1713e+02 3.7084e-03
1.2048e+03 7.8996e+01 1.2420e+03 2.3444e+02 3.6893e-03
1.1464e+03 1.1524e+02 1.2420e+03 1.8133e+02 3.6672e-03
0.0000e+00 1.7542e+02 4.5479e+01 2.3831e+02 3.6231e-03
0.0000e+00 1.8012e+02 7.1535e+01 2.7165e+02 3.6145e-03
0.0000e+00 1.5958e+02 2.4971e+01 2.2645e+02 3.6140e-03
1.0937e+03 0.0000e+00 1.2420e+03 3.7500e+02 3.6083e-03
1.2291e+03 1.1778e+02 1.2420e+03 1.9679e+02 3.5647e-03
3.9698e+02 1.9974e+02 4.7042e+02 2.3609e+02 3.5307e-03
0.0000e+00 1.2058e+02 4.2367e+01 3.0403e+02 3.5111e-03
4.1382e+02 1.7564e+02 4.4116e+02 2.3989e+02 3.4962e-03
0.0000e+00 2.4822e+02 6.8296e+01 3.1609e+02 3.4237e-03
2.5382e+01 1.8467e+02 5.2084e+01 2.4470e+02 3.3923e-03
1.4419e+02 1.9169e+02 1.7785e+02 2.5460e+02 3.3893e-03
1.4303e+02 2.1630e+02 2.2955e+02 2.5099e+02 3.3077e-03
4.8598e+02 1.5037e+02 5.2181e+02 2.1750e+02 3.2967e-03
1.9706e+02 1.8735e+02 2.2679e+02 2.4279e+02 3.2910e-03
4.6891e+02 1.7115e+02 5.0025e+02 2.5030e+02 3.2547e-03
0.0000e+00 2.3921e+02 8.9695e+01 3.0652e+02 3.2251e-03
4.1141e+02 1.5478e+02 4.6685e+02 2.6759e+02 3.1905e-03
6.1249e+01 1.5511e+02 1.8734e+02 2.3919e+02 3.1647e-03
8.4303e+01 1.9535e+02 1.0652e+02 2.4861e+02 3.1565e-03
1.0405e+02 1.9288e+02 1.3378e+02 2.5175e+02 3.1540e-03
6.6180e+02 1.6858e+02 6.9288e+02 2.3095e+02 3.1075e-03
5.2782e+00 2.1695e+02 7.5308e+01 3.1705e+02 3.0991e-03
6.6824e+02 1.6954e+02 6.9492e+02 2.2305e+02 3.0712e-03
1.0285e+03 1.6642e+02 1.1156e+03 1.9956e+02 3.0544e-03
7.1540e+00 1.5477e+02 1.4183e+02 2.4434e+02 3.0459e-03
1.1893e+03 3.2112e+02 1.2420e+03 3.7500e+02 3.0345e-03
1.2239e+03 3.3216e+02 1.2420e+03 3.7500e+02 3.0040e-03
3.3012e+02 1.8260e+02 4.1556e+02 2.1918e+02 2.9829e-03
1.4178e+02 1.8652e+02 2.2519e+02 2.2390e+02 2.9660e-03
3.7212e+01 1.8681e+02 6.3217e+01 2.4583e+02 2.9173e-03
1.2675e+02 1.6589e+02 2.8199e+02 2.3424e+02 2.9108e-03
0.0000e+00 1.5996e+01 3.1127e+02 3.6211e+02 2.8998e-03
1.2025e+03 1.5736e+02 1.2420e+03 2.0402e+02 2.8529e-03
1.2062e+03 1.1005e+02 1.2396e+03 1.9107e+02 2.8404e-03
1.2172e+03 1.3764e+02 1.2420e+03 1.9172e+02 2.8308e-03
0.0000e+00 1.2051e+02 1.6627e+01 2.4016e+02 2.8077e-03
1.7762e+02 1.8728e+02 2.0329e+02 2.4779e+02 2.7980e-03
6.8521e+02 1.5876e+02 7.5758e+02 1.9191e+02 2.7677e-03
3.6124e+02 1.9609e+02 4.3318e+02 2.3005e+02 2.7598e-03
5.0479e+02 1.6290e+02 5.3417e+02 2.1256e+02 2.7447e-03
1.2070e+03 1.2849e+02 1.2420e+03 3.1409e+02 2.7322e-03
4.1760e+02 1.1110e+02 4.8524e+02 2.5598e+02 2.7274e-03
0.0000e+00 1.7912e+02 4.4086e+01 3.1141e+02 2.7263e-03
1.0093e+03 1.5992e+02 1.1044e+03 1.9587e+02 2.7105e-03
3.9208e+02 1.4832e+02 5.3994e+02 2.1905e+02 2.6737e-03
0.0000e+00 1.5445e+02 4.0738e+01 2.6285e+02 2.6720e-03
6.7903e+01 1.9036e+02 1.8295e+02 2.6724e+02 2.6562e-03
1.2136e+01 2.1129e+02 1.7371e+02 2.9258e+02 2.6195e-03
1.2086e+03 1.6790e+02 1.2420e+03 3.4192e+02 2.5897e-03
1.2250e+03 1.8720e+02 1.2420e+03 3.1017e+02 2.5613e-03
4.3450e+02 1.0688e+02 4.9782e+02 2.5096e+02 2.5504e-03
0.0000e+00 1.3688e+02 1.3037e+02 3.6222e+02 2.5421e-03
1.2156e+03 1.0776e+02 1.2420e+03 1.6424e+02 2.5114e-03
1.5433e+02 1.7711e+02 1.9775e+02 2.3603e+02 2.5111e-03
2.1379e+01 7.5071e+01 1.6564e+02 3.7500e+02 2.5052e-03
0.0000e+00 3.5067e+02 2.0590e+01 3.7500e+02 2.4502e-03
1.2279e+03 1.3001e+02 1.2420e+03 2.2083e+02 2.4137e-03
1.1634e+03 1.1157e+01 1.2420e+03 3.6923e+02 2.3872e-03
6.3634e+02 1.5880e+02 7.1012e+02 1.8956e+02 2.3814e-03
7.8117e+00 2.1046e+02 1.0110e+02 2.4722e+02 2.3620e-03
1.1250e+03 2.4647e+02 1.2420e+03 3.7500e+02 2.3190e-03
2.8072e+01 1.2341e+02 1.0476e+02 2.6898e+02 2.2802e-03
1.2042e+03 2.0152e+02 1.2420e+03 3.7500e+02 2.2502e-03
1.1692e+03 6.4426e+01 1.2420e+03 1.6049e+02 2.1366e-03
1.2022e+03 4.3101e+01 1.2420e+03 2.0406e+02 2.1222e-03
1.0810e+03 2.5852e+02 1.2420e+03 3.7500e+02 2.1073e-03
7.6372e+00 1.2841e+02 5.8040e+01 2.8918e+02 2.0491e-03
9.5557e+02 0.0000e+00 1.2420e+03 1.2590e+02 2.0266e-03
8.1103e+01 1.6452e+02 1.4242e+02 3.1033e+02 2.0193e-03
3.3180e+02 1.7165e+02 4.7629e+02 2.4089e+02 2.0080e-03
1.3480e+02 1.6586e+02 1.9303e+02 2.9296e+02 1.9852e-03
4.0259e+01 1.2531e+02 1.1547e+02 2.6043e+02 1.9554e-03
1.7793e+02 1.8674e+02 3.2520e+02 2.5019e+02 1.9465e-03
1.0389e+03 1.0017e+02 1.2420e+03 3.7500e+02 1.9052e-03
1.1767e+03 1.4473e+02 1.2420e+03 2.3099e+02 1.8564e-03
4.0708e+02 1.3935e+02 5.1608e+02 2.2821e+02 1.8501e-03
3.5637e+01 2.3933e+02 1.0664e+02 3.7500e+02 1.8333e-03
0.0000e+00 1.6529e+02 6.8404e+01 2.5290e+02 1.7749e-03
3.6855e+02 1.6710e+02 4.6922e+02 2.4278e+02 1.7516e-03
4.4968e+02 1.4558e+02 5.0337e+02 2.6810e+02 1.7481e-03
0.0000e+00 0.0000e+00 3.2635e+01 8.0882e+01 1.7282e-03
0.0000e+00 0.0000e+00 2.3989e+02 1.7073e+02 1.7025e-03
0.0000e+00 0.0000e+00 3.2190e+02 1.5460e+02 1.6586e-03
9.7608e+01 1.2481e+02 1.6003e+02 2.5595e+02 1.6251e-03
2.2778e+01 1.4198e+02 7.8727e+01 2.7682e+02 1.5666e-03
6.5331e+01 1.5733e+02 1.1951e+02 2.8270e+02 1.5660e-03
1.3519e+02 1.5768e+02 1.8837e+02 2.6237e+02 1.5603e-03
1.1886e+03 1.3278e+02 1.2420e+03 2.4640e+02 1.5452e-03
1.3549e+01 1.1037e+02 8.4894e+01 2.7916e+02 1.5215e-03
1.4920e+02 1.6986e+02 2.0142e+02 2.7785e+02 1.4755e-03
1.3166e+02 1.3799e+02 1.9131e+02 2.5463e+02 1.4711e-03
9.8459e+01 1.6185e+02 1.5851e+02 3.0331e+02 1.4616e-03
0.0000e+00 0.0000e+00 7.4055e+01 1.5548e+02 1.4324e-03
7.4451e+00 3.1749e+02 1.3536e+02 3.7500e+02 1.4032e-03
1.2016e+03 5.2719e-01 1.2420e+03 1.8712e+02 1.3925e-03
1.1403e+02 1.3247e+02 1.7301e+02 2.5268e+02 1.3829e-03
4.5211e+02 1.0505e+02 5.1364e+02 2.5451e+02 1.3620e-03
1.1021e+03 0.0000e+00 1.2420e+03 5.7911e+01 1.3334e-03
4.1885e+02 1.6754e+02 5.5261e+02 2.3493e+02 1.3182e-03
1.1870e+03 5.4045e+01 1.2420e+03 1.6976e+02 1.3108e-03
0.0000e+00 1.1066e+02 1.5485e+02 2.7699e+02 1.2999e-03
1.1622e+03 0.0000e+00 1.2420e+03 1.6583e+02 1.2982e-03
1.2045e+03 0.0000e+00 1.2420e+03 8.5190e+01 1.2867e-03
1.7348e+02 1.8644e+02 2.8355e+02 2.5348e+02 1.2635e-03
4.3414e+02 1.4883e+02 5.4360e+02 2.2929e+02 1.2467e-03
1.0193e+03 0.0000e+00 1.2420e+03 1.8147e+02 1.2422e-03
6.1485e+02 1.5529e+02 7.2288e+02 2.2384e+02 1.2284e-03
1.5496e+02 1.6552e+02 3.1199e+02 2.3313e+02 1.1950e-03
1.1724e+02 1.6404e+02 1.7524e+02 2.9922e+02 1.1772e-03
9.1485e+02 1.9146e+02 1.0706e+03 3.7500e+02 1.1089e-03
1.4851e+02 1.9566e+02 2.9123e+02 2.6431e+02 1.0963e-03
0.0000e+00 9.7982e+01 9.4139e+01 3.1029e+02 1.0570e-03
1.1881e+03 9.7679e+01 1.2420e+03 2.6902e+02 1.0258e-03
9.2099e+02 2.8982e+02 9.9906e+02 3.7500e+02 1.0127e-03
8.8453e+02 1.9666e+02 1.0353e+03 3.7500e+02 9.9589e-04
0.0000e+00 0.0000e+00 1.1426e+02 8.1846e+01 9.8998e-04
9.4858e+02 1.9859e+02 1.1005e+03 3.7500e+02 9.5798e-04
1.2113e+02 1.6564e+02 1.7088e+02 2.7251e+02 9.3304e-04
9.0685e+02 2.9124e+02 9.8307e+02 3.7500e+02 9.0101e-04
0.0000e+00 1.4821e+02 6.9660e+01 2.3872e+02 8.9664e-04
4.2336e+02 1.7386e+02 5.1857e+02 2.4935e+02 8.9562e-04
1.1218e+03 1.2721e+02 1.2420e+03 1.8285e+02 8.8876e-04
6.2379e+02 1.5639e+02 7.7359e+02 2.1802e+02 8.7872e-04
8.0415e+01 1.2042e+02 1.4588e+02 2.5839e+02 8.6640e-04
1.0077e+02 1.4724e+02 1.5686e+02 2.6576e+02 8.5704e-04
1.1260e+03 0.0000e+00 1.2420e+03 8.2305e+01 8.5330e-04
4.0320e+02 1.0711e+02 4.7174e+02 2.6204e+02 8.4652e-04
9.3687e+02 2.8963e+02 1.0137e+03 3.7500e+02 8.4491e-04
4.1754e+02 1.4924e+02 4.7862e+02 3.0240e+02 8.4404e-04
1.4439e+02 1.3670e+02 2.0442e+02 2.5536e+02 8.3238e-04
1.1747e+03 1.0189e+02 1.2369e+03 2.5669e+02 8.2113e-04
6.0324e+01 1.1946e+02 1.2704e+02 2.5759e+02 8.0713e-04
9.8113e+02 2.0005e+02 1.1274e+03 3.7500e+02 8.0418e-04
1.1635e+03 2.8827e+02 1.2405e+03 3.7500e+02 7.9751e-04
0.0000e+00 1.5084e+02 1.1324e+02 2.4871e+02 7.9201e-04
5.5776e+01 2.8672e+02 1.3014e+02 3.7500e+02 7.8567e-04
3.9103e+02 1.2597e+02 4.5060e+02 2.6357e+02 7.7940e-04
6.0268e+02 1.4798e+02 7.5675e+02 2.1141e+02 7.5428e-04
0.0000e+00 0.0000e+00 1.5777e+02 7.5145e+01 7.4755e-04
4.6666e+02 1.2537e+02 5.2423e+02 2.6071e+02 7.3066e-04
0.0000e+00 7.1740e+01 1.6010e+02 2.4349e+02 7.2733e-04
0.0000e+00 1.6740e+02 1.8033e+02 3.6931e+02 7.0437e-04
1.1631e+03 0.0000e+00 1.2420e+03 3.1752e+01 6.8814e-04
5.8170e+01 2.0777e+02 1.2752e+02 3.6906e+02 6.4379e-04
1.1476e+03 9.2194e+01 1.2420e+03 1.7062e+02 6.4116e-04
1.1795e+03 1.5986e+02 1.2420e+03 2.4952e+02 6.3658e-04
0.0000e+00 5.9507e+01 1.3965e+02 3.7500e+02 6.3539e-04
3.5774e+02 1.4752e+02 5.1637e+02 2.2179e+02 6.3410e-04
6.4709e+02 1.3274e+02 7.0058e+02 2.5018e+02 6.2966e-04
9.5428e+02 2.9014e+02 1.0289e+03 3.7500e+02 6.2883e-04
1.1415e+03 1.3207e+02 1.2420e+03 2.0465e+02 6.2681e-04
1.6531e+02 1.6583e+02 2.2345e+02 2.9445e+02 6.2433e-04
4.4029e+02 1.6288e+02 5.3463e+02 2.3385e+02 6.2264e-04
4.2261e+02 1.4243e+02 5.8674e+02 2.1811e+02 6.0876e-04
9.8722e+02 2.9301e+02 1.0614e+03 3.7500e+02 6.0076e-04
1.0019e+03 2.9169e+02 1.0762e+03 3.7500e+02 5.9053e-04
8.9134e+02 2.9040e+02 9.6784e+02 3.7500e+02 5.8129e-04
1.1987e+03 1.6678e+02 1.2420e+03 2.8341e+02 5.5913e-04
4.5702e+01 2.0466e+02 1.6526e+02 2.9902e+02 5.5180e-04
9.7136e+02 2.9136e+02 1.0455e+03 3.7500e+02 5.4608e-04
8.5778e+01 1.4358e+02 1.4361e+02 2.6647e+02 5.4443e-04
1.1480e+03 2.8793e+02 1.2266e+03 3.7500e+02 5.3649e-04
1.0821e+03 7.8974e+01 1.2420e+03 2.3737e+02 5.2646e-04
1.9457e+02 1.4376e+02 2.5726e+02 2.6252e+02 5.2572e-04
1.1977e+03 2.4439e+02 1.2420e+03 3.6798e+02 5.2305e-04
0.0000e+00 0.0000e+00 5.1572e+01 4.4752e+01 5.2246e-04
3.7498e+02 1.4073e+02 4.9179e+02 2.2873e+02 5.1069e-04
1.6691e+02 1.6689e+02 2.1444e+02 2.7522e+02 5.0779e-04
5.3332e+01 2.1405e+02 2.0495e+02 2.8783e+02 5.0283e-04
8.9092e+02 3.2339e+02 1.0236e+03 3.7500e+02 4.9516e-04
1.9457e+02 1.6357e+02 2.5593e+02 2.9883e+02 4.9490e-04
8.5938e+02 2.0377e+02 1.0011e+03 3.7500e+02 4.8782e-04
8.6395e+02 2.5451e+02 1.1209e+03 3.7500e+02 4.8698e-04
4.3245e+02 1.5362e+02 4.9288e+02 3.0650e+02 4.8243e-04
1.0189e+03 2.9105e+02 1.0916e+03 3.7500e+02 4.7848e-04
1.0141e+03 2.0134e+02 1.1593e+03 3.7500e+02 4.7790e-04
1.9747e+02 1.7292e+02 2.5073e+02 2.7665e+02 4.7323e-04
1.1794e+03 2.5313e+02 1.2420e+03 3.5061e+02 4.6543e-04
4.3425e+02 1.5439e+02 5.9913e+02 2.2384e+02 4.5692e-04
1.1826e+03 0.0000e+00 1.2420e+03 4.2691e+01 4.4730e-04
0.0000e+00 1.7145e+02 9.1719e+01 2.5162e+02 4.4198e-04
1.2024e+03 2.0033e+02 1.2420e+03 3.1469e+02 4.3641e-04
0.0000e+00 1.2283e+02 4.1005e+01 2.3174e+02 4.3114e-04
0.0000e+00 2.6549e+02 2.3812e+02 3.7500e+02 4.2867e-04
3.0647e+02 1.5654e+02 4.6387e+02 2.3027e+02 4.2117e-04
1.1647e+03 1.1683e+02 1.2420e+03 3.7500e+02 4.2041e-04
1.8249e+02 1.6587e+02 2.4174e+02 2.9692e+02 4.1926e-04
6.5910e+02 1.2769e+02 7.1065e+02 2.4829e+02 4.0780e-04
3.4049e+02 1.5276e+02 4.5117e+02 2.3426e+02 3.9770e-04
1.0859e+03 4.4656e+01 1.2420e+03 2.1295e+02 3.9742e-04
1.1845e+03 1.7824e+02 1.2420e+03 2.6727e+02 3.8813e-04
7.8862e+02 2.6654e+02 1.1432e+03 3.7500e+02 3.8088e-04
0.0000e+00 5.9278e+01 1.0437e+02 2.6706e+02 3.7879e-04
1.1333e+03 8.6314e+01 1.2420e+03 3.0812e+02 3.7417e-04
9.0265e+01 2.0998e+02 2.3781e+02 2.8450e+02 3.7304e-04
0.0000e+00 1.2857e+02 2.0472e+02 3.3505e+02 3.7293e-04
8.7500e+02 2.8915e+02 9.5367e+02 3.7500e+02 3.7265e-04
8.6138e+02 3.3064e+02 1.0445e+03 3.7500e+02 3.6402e-04
9.6351e+01 1.7475e+02 1.6360e+02 3.2795e+02 3.5928e-04
9.3241e+02 0.0000e+00 1.2420e+03 3.7500e+02 3.5729e-04
1.1827e+03 2.3986e+02 1.2420e+03 3.3276e+02 3.5221e-04
1.0358e+03 2.9263e+02 1.1087e+03 3.7500e+02 3.5127e-04
3.9049e+02 1.8494e+02 4.9773e+02 2.7011e+02 3.5042e-04
1.0411e+03 1.9041e+02 1.2033e+03 2.5923e+02 3.4128e-04
1.1866e+03 1.9497e+02 1.2420e+03 2.8285e+02 3.3976e-04
3.2841e+01 2.1522e+02 1.4220e+02 3.2687e+02 3.3716e-04
1.1804e+03 2.8548e+01 1.2420e+03 1.3468e+02 3.3464e-04
1.0828e+03 1.0441e+02 1.2420e+03 2.7309e+02 3.3421e-04
1.1144e+03 1.8732e+02 1.2420e+03 3.7500e+02 3.3190e-04
0.0000e+00 0.0000e+00 7.7001e+01 4.3642e+01 3.3055e-04
1.8724e+02 1.7318e+02 2.3742e+02 2.7396e+02 3.2362e-04
1.8635e+02 1.6926e+02 3.0744e+02 2.4572e+02 3.2275e-04
0.0000e+00 8.0387e+01 4.4269e+01 2.8311e+02 3.2226e-04
2.0841e+02 1.4896e+02 2.6784e+02 2.6920e+02 3.1631e-04
5.4101e+01 1.4544e+02 2.2591e+02 2.1608e+02 3.1482e-04
1.0476e+03 1.9533e+02 1.1920e+03 3.7500e+02 3.1403e-04
3.9334e+02 1.5501e+02 4.4950e+02 2.8619e+02 3.1393e-04
1.0518e+03 2.9363e+02 1.1258e+03 3.7500e+02 3.1375e-04
1.9205e+02 1.7347e+02 3.4418e+02 2.3999e+02 3.0470e-04
1.1866e+03 2.2576e+02 1.2420e+03 3.1394e+02 2.9468e-04
6.5335e+01 2.0684e+02 1.8246e+02 2.9435e+02 2.9435e-04
1.0533e+03 4.2865e+01 1.2051e+03 3.6727e+02 2.9146e-04
9.2920e+02 2.6022e+02 1.1760e+03 3.7500e+02 2.8970e-04
9.2262e+02 3.2623e+02 1.0494e+03 3.7500e+02 2.8730e-04
9.7199e+02 1.4429e+02 1.1367e+03 2.0918e+02 2.8621e-04
1.0516e+03 1.5873e+02 1.2186e+03 2.2427e+02 2.7941e-04
1.8165e+02 1.3787e+02 2.4092e+02 2.5938e+02 2.7917e-04
3.7190e+02 1.2116e+02 4.3239e+02 2.6536e+02 2.7768e-04
8.5854e+02 3.2426e+02 9.9092e+02 3.7500e+02 2.7726e-04
1.4008e+01 2.2677e+02 1.6598e+02 3.1372e+02 2.7573e-04
1.0248e+03 1.7622e+02 1.1944e+03 2.4451e+02 2.7511e-04
1.0790e+03 1.9285e+02 1.2240e+03 3.7500e+02 2.7509e-04
0.0000e+00 3.8187e+01 1.4539e+02 2.1499e+02 2.7397e-04
1.1859e+03 6.6951e+01 1.2420e+03 2.0467e+02 2.7374e-04
4.6437e+02 8.2931e+01 5.3051e+02 2.4489e+02 2.7310e-04
0.0000e+00 1.4165e+02 2.5806e+02 3.0321e+02 2.7149e-04
6.3428e+02 1.2726e+02 6.8870e+02 2.5171e+02 2.7097e-04
9.5698e+02 3.2821e+02 1.0818e+03 3.7500e+02 2.7059e-04
4.8100e+02 1.2214e+02 5.3846e+02 2.6336e+02 2.6402e-04
9.7251e+02 1.5878e+02 1.1393e+03 2.2409e+02 2.6261e-04
5.3611e+01 8.2520e+01 2.0139e+02 3.7500e+02 2.6225e-04
1.0541e+03 1.7498e+02 1.2166e+03 2.4148e+02 2.5808e-04
4.0531e+02 1.5407e+02 4.6491e+02 3.0455e+02 2.5611e-04
1.8499e+02 1.5781e+02 3.4789e+02 2.2749e+02 2.5561e-04
7.0102e+02 1.3937e+02 8.6707e+02 2.1093e+02 2.5353e-04
1.9216e+02 1.8005e+02 3.0078e+02 2.5610e+02 2.5234e-04
0.0000e+00 0.0000e+00 5.9482e+01 3.0244e+02 2.4981e-04
1.0673e+03 2.9421e+02 1.1416e+03 3.7500e+02 2.4428e-04
1.0913e+03 5.7761e+01 1.2334e+03 3.6428e+02 2.4332e-04
8.0807e+02 2.5900e+02 1.0571e+03 3.7500e+02 2.4193e-04
1.1077e+02 1.0858e+02 1.8014e+02 2.4700e+02 2.4083e-04
8.5865e+02 2.9018e+02 9.3909e+02 3.7500e+02 2.4061e-04
6.1714e+02 1.3917e+02 7.3655e+02 2.1740e+02 2.3910e-04
5.0723e+02 2.9470e+02 5.8262e+02 3.7500e+02 2.3772e-04
3.7891e+02 1.2848e+02 5.4789e+02 2.0159e+02 2.3420e-04
1.1720e+03 9.3592e+01 1.2369e+03 2.0847e+02 2.3417e-04
1.1326e+03 2.8884e+02 1.2088e+03 3.7500e+02 2.3394e-04
1.1949e+03 1.9391e+01 1.2420e+03 1.4367e+02 2.3359e-04
0.0000e+00 5.5289e+01 2.8218e+01 2.4005e+02 2.3267e-04
1.1222e+02 1.7270e+02 1.8105e+02 3.2541e+02 2.3200e-04
1.7704e+01 1.4235e+02 2.0379e+02 2.1636e+02 2.3120e-04
1.1728e+03 2.1066e+02 1.2394e+03 3.7500e+02 2.2971e-04
1.1845e+03 2.8125e+02 1.2420e+03 3.7500e+02 2.2929e-04
1.0868e+03 1.2015e+01 1.2420e+03 1.8558e+02 2.2744e-04
1.0912e+03 1.3065e+02 1.2420e+03 3.0456e+02 2.2361e-04
0.0000e+00 1.3492e+02 6.7026e+01 2.2182e+02 2.1877e-04
1.1275e+03 2.1229e+01 1.2420e+03 2.3969e+02 2.1856e-04
7.2617e+01 2.9232e+02 1.4781e+02 3.7500e+02 2.1812e-04
5.2363e+02 2.9693e+02 5.9719e+02 3.7500e+02 2.1671e-04
3.5062e+02 1.1575e+02 4.1877e+02 2.8027e+02 2.1498e-04
1.0403e+03 2.0727e+02 1.2026e+03 2.7636e+02 2.1389e-04
7.6571e+01 1.9657e+02 1.4591e+02 3.5141e+02 2.1284e-04
5.9654e+02 1.6611e+02 7.5485e+02 2.3474e+02 2.1182e-04
8.2567e+02 2.0526e+02 9.6738e+02 3.7500e+02 2.0707e-04
0.0000e+00 3.2855e+02 1.6574e+02 3.7500e+02 2.0564e-04
9.8840e+02 0.0000e+00 1.2420e+03 2.3429e+02 2.0278e-04
4.9159e+02 2.9405e+02 5.6784e+02 3.7500e+02 2.0241e-04
3.6918e+02 1.9431e+02 5.1635e+02 2.6888e+02 2.0234e-04
1.6256e+02 1.3184e+02 2.1903e+02 2.5462e+02 2.0215e-04
1.1605e+03 1.0542e+02 1.2254e+03 2.5034e+02 1.9849e-04
8.9632e+02 3.3092e+02 1.0721e+03 3.7500e+02 1.9704e-04
1.2915e+02 1.7270e+02 1.9592e+02 3.2023e+02 1.9615e-04
7.3070e+00 2.9096e+02 1.3381e+02 3.7500e+02 1.9614e-04
1.0962e+03 1.1600e+02 1.2420e+03 1.8083e+02 1.9215e-04
1.1362e+03 3.2430e+02 1.2420e+03 3.7500e+02 1.8975e-04
9.8648e+02 3.2730e+02 1.1132e+03 3.7500e+02 1.8919e-04
1.0889e+03 1.5501e+02 1.1588e+03 3.0138e+02 1.8661e-04
3.9852e+02 1.1759e+02 5.2463e+02 2.1407e+02 1.8639e-04
0.0000e+00 0.0000e+00 2.1313e+02 3.3382e+02 1.8011e-04
3.1942e+02 1.4698e+02 4.3747e+02 2.3734e+02 1.8000e-04
5.4021e+02 2.9679e+02 6.1251e+02 3.7500e+02 1.7880e-04
9.3009e+02 3.3337e+02 1.1047e+03 3.7500e+02 1.7738e-04
5.8707e+02 2.9376e+02 6.6197e+02 3.7500e+02 1.7674e-04
0.0000e+00 1.2183e+02 3.0016e+02 2.7288e+02 1.7628e-04
8.1019e+02 3.3328e+02 1.0049e+03 3.7500e+02 1.7597e-04
0.0000e+00 8.3139e+01 6.6104e+01 2.8188e+02 1.7562e-04
6.7079e+02 1.3688e+02 8.3411e+02 2.1036e+02 1.7550e-04
1.2899e+02 1.0741e+02 1.9595e+02 2.5037e+02 1.7416e-04
4.4657e+02 1.3248e+02 5.6968e+02 2.2475e+02 1.7416e-04
5.5515e+02 2.9547e+02 6.2931e+02 3.7500e+02 1.7228e-04
2.9160e+02 1.6916e+02 4.5214e+02 2.4441e+02 1.7186e-04
1.1907e+03 1.7451e+02 1.2415e+03 3.5261e+02 1.6985e-04
6.9461e+02 1.5058e+02 8.5425e+02 2.2559e+02 1.6720e-04
1.0833e+03 2.9318e+02 1.1570e+03 3.7500e+02 1.6709e-04
5.7186e+02 2.9355e+02 6.4605e+02 3.7500e+02 1.6668e-04
4.0712e+02 1.2716e+02 5.7907e+02 2.0435e+02 1.6518e-04
1.0492e+03 1.4180e+02 1.2153e+03 2.0848e+02 1.6417e-04
1.1876e+03 1.3394e+02 1.2420e+03 3.2670e+02 1.6279e-04
1.1307e+03 3.2824e+01 1.2420e+03 3.7500e+02 1.6166e-04
1.8251e+02 1.5353e+02 3.1396e+02 2.3536e+02 1.5998e-04
0.0000e+00 0.0000e+00 2.8103e+02 2.2665e+02 1.5671e-04
2.0762e+02 1.6038e+02 2.7148e+02 3.0109e+02 1.5634e-04
1.0080e+03 1.5871e+02 1.1743e+03 2.2496e+02 1.5603e-04
4.4143e+02 1.7411e+02 5.4026e+02 2.5398e+02 1.5573e-04
1.1736e+03 1.1818e+02 1.2413e+03 3.0463e+02 1.5386e-04
6.4807e+02 1.5188e+02 8.0599e+02 2.2087e+02 1.5368e-04
1.0589e+03 1.7937e+02 1.1780e+03 2.6799e+02 1.5340e-04
1.0056e+03 1.8993e+02 1.1799e+03 2.5787e+02 1.5170e-04
1.1163e+03 2.8826e+02 1.1919e+03 3.7500e+02 1.5049e-04
1.1062e+03 1.5680e+02 1.2420e+03 3.3930e+02 1.4862e-04
7.3608e+02 9.2719e+01 8.0727e+02 2.6078e+02 1.4750e-04
1.0573e+03 0.0000e+00 1.2420e+03 2.7756e+02 1.4635e-04
1.1116e+03 9.6922e+01 1.2420e+03 1.7010e+02 1.4605e-04
2.8300e+02 1.0819e+02 6.6358e+02 2.7463e+02 1.4535e-04
0.0000e+00 2.3232e+01 9.7472e+01 2.3068e+02 1.4365e-04
4.4986e+02 1.5883e+02 5.0950e+02 3.1233e+02 1.4287e-04
4.2283e+02 1.7888e+02 5.6230e+02 2.5519e+02 1.4287e-04
4.7484e+02 2.9424e+02 5.5282e+02 3.7500e+02 1.4252e-04
8.5459e+02 1.0200e+02 1.2420e+03 3.7500e+02 1.4189e-04
1.0905e+03 1.1766e+02 1.1558e+03 2.7480e+02 1.4075e-04
8.4215e+02 2.9170e+02 9.2323e+02 3.7500e+02 1.3974e-04
4.7923e+02 8.0376e+01 5.4584e+02 2.4575e+02 1.3923e-04
1.1773e+03 1.7915e+02 1.2370e+03 3.4768e+02 1.3906e-04
1.0195e+03 4.2589e+01 1.1785e+03 3.6842e+02 1.3904e-04
7.3926e+01 1.3816e+02 2.0519e+02 2.2579e+02 1.3659e-04
0.0000e+00 0.0000e+00 2.8661e+01 1.9738e+02 1.3624e-04
7.1765e+02 9.2664e+01 7.8869e+02 2.6004e+02 1.3581e-04
1.0176e+03 3.2855e+02 1.1453e+03 3.7500e+02 1.3550e-04
0.0000e+00 0.0000e+00 1.7986e+02 2.5033e+02 1.3368e-04
6.0308e+02 2.9241e+02 6.7865e+02 3.7500e+02 1.3321e-04
6.4132e+02 1.4234e+02 8.0123e+02 2.0903e+02 1.3273e-04
1.4562e+02 1.7315e+02 2.1102e+02 3.1819e+02 1.3129e-04
1.1005e+03 2.9145e+02 1.1740e+03 3.7500e+02 1.3118e-04
6.4013e+02 1.5090e+02 7.4682e+02 2.2235e+02 1.3053e-04
1.0942e+03 1.3642e+02 1.2420e+03 2.0054e+02 1.2884e-04
1.1660e+03 0.0000e+00 1.2420e+03 2.4358e+02 1.2850e-04
3.7585e+02 2.6016e+01 5.2641e+02 3.4877e+02 1.2729e-04
7.5102e+02 1.1071e+02 8.2122e+02 2.6846e+02 1.2584e-04
1.1617e+02 2.0321e+02 2.2902e+02 2.8714e+02 1.2514e-04
6.9863e+02 1.2768e+02 8.6512e+02 1.9761e+02 1.2289e-04
1.0722e+03 1.5308e+02 1.1432e+03 2.9918e+02 1.2274e-04
4.0562e+02 2.2045e+01 5.5822e+02 3.5746e+02 1.2264e-04
0.0000e+00 8.8620e+01 3.0707e+02 2.5322e+02 1.2246e-04
7.2367e+02 1.5004e+02 8.9002e+02 2.2578e+02 1.2240e-04
5.9719e+02 1.4047e+02 7.1712e+02 2.2214e+02 1.2222e-04
6.3765e+02 8.5950e+01 7.1109e+02 2.4627e+02 1.2215e-04
5.7268e+02 1.4794e+02 7.3262e+02 2.1491e+02 1.2183e-04
7.1994e+02 2.6857e+02 1.0770e+03 3.7500e+02 1.2026e-04
8.8895e+01 1.4615e+02 2.5410e+02 2.1695e+02 1.1886e-04
1.1011e+03 1.5331e+02 1.1744e+03 3.0032e+02 1.1772e-04
8.2483e+02 3.2491e+02 9.6374e+02 3.7500e+02 1.1720e-04
1.2545e+02 2.0880e+02 2.6267e+02 2.8141e+02 1.1713e-04
1.1857e+03 1.0974e+01 1.2420e+03 1.1942e+02 1.1712e-04
8.1219e+02 1.0965e+02 8.8288e+02 2.7491e+02 1.1648e-04
3.2422e+02 9.7033e+01 7.0980e+02 2.4893e+02 1.1373e-04
6.2367e+02 1.5848e+02 7.3111e+02 2.3850e+02 1.1195e-04
0.0000e+00 1.0573e+02 3.9103e+01 2.1142e+02 1.1161e-04
3.3489e+02 1.1216e+02 4.0591e+02 2.8752e+02 1.1159e-04
6.0610e+02 1.5498e+02 7.0881e+02 2.3707e+02 1.1155e-04
9.6753e+02 1.7421e+02 1.1415e+03 2.4147e+02 1.1146e-04
1.0243e+03 1.4409e+02 1.1843e+03 2.1041e+02 1.1060e-04
7.9799e+02 1.0972e+02 8.6624e+02 2.7074e+02 1.0945e-04
9.7342e+02 3.3347e+02 1.1561e+03 3.7500e+02 1.0900e-04
7.6601e+02 1.0765e+02 8.3797e+02 2.7082e+02 1.0603e-04
1.1048e+03 1.2271e+02 1.1720e+03 2.7190e+02 1.0590e-04
4.5693e+02 1.6025e+02 5.5782e+02 2.3533e+02 1.0547e-04
8.2885e+02 1.0424e+02 9.0112e+02 2.7818e+02 1.0495e-04
2.2208e+02 1.2760e+02 2.8867e+02 2.7199e+02 1.0396e-04
1.4459e+02 1.0745e+02 2.1321e+02 2.5270e+02 1.0355e-04
1.6104e+02 1.7555e+02 2.2754e+02 3.1987e+02 1.0332e-04
7.9350e+02 2.7737e+00 1.1536e+03 3.7500e+02 1.0287e-04
1.0573e+03 1.6322e+02 1.1776e+03 2.5158e+02 1.0194e-04
6.1853e+02 2.9084e+02 6.9544e+02 3.7500e+02 9.8955e-05
0.0000e+00 9.9675e+01 3.9136e+02 3.7500e+02 9.8340e-05
1.1060e+03 3.2704e+02 1.2258e+03 3.7500e+02 9.7858e-05
7.8349e+02 1.0839e+02 8.5215e+02 2.6664e+02 9.7836e-05
8.2641e+02 2.9555e+02 9.0620e+02 3.7500e+02 9.7381e-05
1.0006e+03 2.6334e+02 1.2367e+03 3.7500e+02 9.7054e-05
3.2068e+02 1.4476e+02 4.8771e+02 2.2095e+02 9.6945e-05
2.7240e+02 1.5296e+02 4.3965e+02 2.3491e+02 9.5091e-05
7.4979e+02 1.5151e+02 9.2297e+02 2.2823e+02 9.4230e-05
1.0559e+03 1.9442e+02 1.1782e+03 2.8371e+02 9.3896e-05
5.8371e+02 1.3000e+02 7.5801e+02 2.0447e+02 9.3005e-05
5.0537e+02 2.7152e+02 8.9225e+02 3.7500e+02 9.2683e-05
4.7952e+02 3.2912e+02 6.0132e+02 3.7500e+02 9.2399e-05
0.0000e+00 0.0000e+00 5.9382e+01 1.9360e+02 9.1430e-05
4.3303e+02 1.1747e+02 5.5558e+02 2.1664e+02 9.1062e-05
1.0736e+03 1.1695e+02 1.1392e+03 2.7130e+02 9.0399e-05
1.1653e+03 4.0915e+01 1.2420e+03 1.9825e+02 9.0159e-05
4.4400e+02 1.6466e+02 6.0106e+02 2.3628e+02 8.9261e-05
4.5792e+02 1.4879e+02 5.7807e+02 2.2993e+02 8.9204e-05
1.0672e+03 1.4871e+02 1.1930e+03 2.3480e+02 8.8353e-05
7.0538e+02 1.2550e+02 8.2759e+02 2.2175e+02 8.8170e-05
1.1510e+03 1.4398e+02 1.2420e+03 2.2533e+02 8.7819e-05
4.9443e+02 1.1732e+02 5.5320e+02 2.6144e+02 8.7657e-05
4.5849e+02 2.9471e+02 5.3760e+02 3.7500e+02 8.7292e-05
4.7781e+01 2.1953e+02 1.5918e+02 3.1873e+02 8.5869e-05
5.7135e+02 1.6415e+02 7.2655e+02 2.3764e+02 8.4725e-05
6.7629e+02 1.1787e+02 7.2794e+02 2.4993e+02 8.4630e-05
3.1755e+02 1.1338e+02 3.9012e+02 2.9032e+02 8.4475e-05
4.7298e+01 0.0000e+00 3.5257e+02 3.1145e+02 8.2733e-05
6.2280e+02 2.1210e+02 7.7611e+02 3.7500e+02 8.2456e-05
2.0611e+02 1.6454e+02 3.2438e+02 2.4559e+02 8.2121e-05
4.5050e+02 1.3790e+02 6.3281e+02 2.1387e+02 8.1130e-05
7.9208e+02 2.0957e+02 9.3391e+02 3.7500e+02 8.0659e-05
1.1606e+02 0.0000e+00 1.8041e+02 7.0042e+01 7.9911e-05
1.1553e+03 2.1827e+02 1.2273e+03 3.7500e+02 7.9329e-05
7.0270e+02 8.9288e+01 7.7345e+02 2.5751e+02 7.9173e-05
4.2197e+02 1.8726e+02 5.2614e+02 2.7443e+02 7.6778e-05
1.3287e+02 0.0000e+00 1.9654e+02 6.9858e+01 7.6595e-05
6.3447e+02 2.8880e+02 7.1099e+02 3.7500e+02 7.6190e-05
6.0662e+01 2.4245e+02 1.2286e+02 3.7500e+02 7.5230e-05
1.0522e+03 1.2709e+02 1.2214e+03 1.9487e+02 7.4738e-05
1.0061e+03 2.0503e+02 1.1792e+03 2.7523e+02 7.4435e-05
1.0041e+02 0.0000e+00 1.6404e+02 6.9824e+01 7.4110e-05
7.2477e+02 1.4068e+02 8.3974e+02 2.3490e+02 7.3644e-05
1.0507e+03 3.3058e+02 1.1741e+03 3.7500e+02 7.3616e-05
0.0000e+00 1.4174e+02 1.5831e+02 2.1891e+02 7.3500e-05
3.4652e+02 2.9592e+01 4.9609e+02 3.5714e+02 7.2810e-05
3.7149e+02 1.4767e+02 4.3358e+02 2.9823e+02 7.2369e-05
5.5800e+02 3.2725e+02 6.8476e+02 3.7500e+02 7.2190e-05
5.1077e+02 3.2985e+02 6.3277e+02 3.7500e+02 7.2075e-05
2.2797e+02 1.7001e+02 3.8936e+02 2.4136e+02 7.1846e-05
7.3186e+02 1.4066e+02 9.0023e+02 2.0991e+02 7.1484e-05
3.8848e+01 1.3343e+02 1.8007e+02 2.2954e+02 7.1228e-05
8.1136e+02 2.9576e+02 8.9067e+02 3.7500e+02 6.9935e-05
1.0086e+03 3.3520e+02 1.1826e+03 3.7500e+02 6.9729e-05
6.5222e+02 8.8094e+01 7.2427e+02 2.4553e+02 6.9197e-05
7.9556e+02 2.9598e+02 8.7518e+02 3.7500e+02 6.9144e-05
9.5701e+02 1.3002e+02 1.1226e+03 1.9784e+02 6.9089e-05
1.7627e+02 1.7397e+02 2.4425e+02 3.2321e+02 6.9056e-05
2.4116e+02 1.3554e+02 3.0626e+02 2.7912e+02 6.8894e-05
4.0536e+02 1.9560e+02 5.4175e+02 2.7141e+02 6.8704e-05
6.1589e+02 1.2117e+02 6.7651e+02 2.7148e+02 6.8502e-05
0.0000e+00 0.0000e+00 5.1083e+01 8.0333e+01 6.8323e-05
9.1164e+01 2.9457e+02 1.6549e+02 3.7500e+02 6.8169e-05
4.2114e+02 0.0000e+00 4.8514e+02 6.2336e+01 6.8163e-05
8.3764e+01 0.0000e+00 1.4773e+02 6.9031e+01 6.7799e-05
6.2498e+02 8.0477e+01 6.9522e+02 2.4782e+02 6.7635e-05
9.2144e+02 2.5530e+02 9.9742e+02 3.7500e+02 6.7579e-05
8.4431e+02 1.0096e+02 9.1785e+02 2.8021e+02 6.7529e-05
6.4968e+02 2.8834e+02 7.2710e+02 3.7500e+02 6.7472e-05
4.7219e+02 1.5582e+02 6.4891e+02 2.2418e+02 6.7306e-05
1.0406e+03 1.4743e+02 1.1631e+03 2.3481e+02 6.7273e-05
6.8258e+02 1.1596e+02 1.2420e+03 3.7500e+02 6.6878e-05
1.0100e+03 1.2340e+02 1.0802e+03 2.6260e+02 6.6307e-05
1.4891e+02 0.0000e+00 2.1202e+02 7.1159e+01 6.5456e-05
6.9338e+02 1.3961e+02 8.1011e+02 2.3497e+02 6.5264e-05
1.0439e+03 2.2189e+02 1.2066e+03 2.9372e+02 6.5053e-05
6.5124e+02 2.0756e+02 8.0692e+02 3.7500e+02 6.4682e-05
4.9360e+02 7.7295e+01 5.6179e+02 2.4904e+02 6.3478e-05
6.3483e+02 1.3795e+02 7.5672e+02 2.1483e+02 6.3473e-05
7.7889e+02 2.9363e+02 8.5933e+02 3.7500e+02 6.3328e-05
5.9393e+02 2.0913e+02 7.4490e+02 3.7500e+02 6.3164e-05
4.4235e+02 2.9598e+02 5.2062e+02 3.7500e+02 6.2637e-05

