4.6433e+02 1.7992e+02 5.3695e+02 2.3810e+02 9.9981e-01
2.7078e+02 1.7685e+02 4.7161e+02 3.2187e+02 9.9946e-01
4.7855e+02 1.7984e+02 5.3955e+02 2.2901e+02 9.9941e-01
5.3155e+02 1.7634e+02 5.8193e+02 2.0882e+02 9.9915e-01
5.2780e+02 1.7466e+02 5.8505e+02 2.1140e+02 9.9788e-01
4.9393e+02 1.7827e+02 5.5141e+02 2.1996e+02 9.9500e-01
5.4182e+02 1.7482e+02 5.8418e+02 2.0694e+02 9.9451e-01
5.1625e+02 1.7614e+02 5.7920e+02 2.1656e+02 9.9002e-01
5.0625e+02 1.7759e+02 5.6552e+02 2.1829e+02 9.8966e-01
5.3888e+02 1.7326e+02 5.7978e+02 2.0030e+02 9.8660e-01
4.9828e+02 1.7700e+02 5.5526e+02 2.1239e+02 9.7696e-01
2.5597e+02 1.7658e+02 4.7386e+02 3.2080e+02 9.7335e-01
5.4917e+02 1.7574e+02 5.8472e+02 2.0165e+02 9.6613e-01
2.9706e+02 1.8600e+02 4.7485e+02 2.9517e+02 9.5489e-01
4.6744e+02 1.7658e+02 5.2892e+02 2.2708e+02 9.3786e-01
4.9465e+02 1.8203e+02 5.4387e+02 2.2306e+02 9.2728e-01
5.2607e+02 1.7611e+02 5.6914e+02 2.0389e+02 9.0966e-01
2.6075e+02 1.8101e+02 4.4610e+02 2.9352e+02 8.8785e-01
5.2319e+02 1.7385e+02 5.7803e+02 2.0660e+02 8.7932e-01
5.5284e+02 1.7482e+02 5.8211e+02 1.9821e+02 8.7164e-01
4.7836e+02 1.7274e+02 5.2321e+02 2.4597e+02 8.6751e-01
2.6328e+02 2.1668e+02 4.4939e+02 3.2091e+02 8.6016e-01
2.5032e+02 1.9847e+02 4.3522e+02 3.0879e+02 8.4799e-01
4.8569e+02 1.8183e+02 5.3793e+02 2.1465e+02 7.9863e-01
4.6929e+02 1.7377e+02 5.1666e+02 2.4739e+02 7.7094e-01
4.8749e+02 1.7493e+02 5.2648e+02 2.4362e+02 7.3930e-01
5.0017e+02 1.7718e+02 5.4092e+02 2.1182e+02 7.2678e-01
5.5832e+02 1.7642e+02 5.8466e+02 2.0066e+02 7.1656e-01
3.3199e+02 1.8976e+02 4.7687e+02 2.7787e+02 6.9645e-01
4.4812e+02 1.7315e+02 5.4516e+02 2.4818e+02 6.9055e-01
3.1255e+02 1.6443e+02 4.2036e+02 3.5151e+02 6.8354e-01
5.4201e+02 1.7442e+02 5.7769e+02 1.9310e+02 6.6469e-01
5.0101e+02 1.7384e+02 5.3180e+02 2.3236e+02 6.3854e-01
4.9684e+02 1.8072e+02 5.4916e+02 2.1500e+02 6.2970e-01
5.0521e+02 1.7276e+02 5.3375e+02 2.2780e+02 6.2844e-01
5.0940e+02 1.7361e+02 5.6586e+02 2.0599e+02 5.6893e-01
4.8381e+02 1.8521e+02 5.3903e+02 2.2244e+02 5.5907e-01
4.5609e+02 1.8877e+02 5.3695e+02 2.4571e+02 5.1484e-01
4.8286e+02 1.6764e+02 5.2788e+02 2.3309e+02 5.0917e-01
5.4396e+02 1.6871e+02 5.6759e+02 2.1705e+02 5.0801e-01
5.4785e+02 1.6798e+02 5.7033e+02 2.1250e+02 4.8168e-01
3.0263e+02 1.8235e+02 4.0492e+02 3.5639e+02 4.7229e-01
5.1954e+02 1.7954e+02 5.6814e+02 2.0870e+02 4.6481e-01
4.5960e+02 1.8032e+02 5.2033e+02 2.3271e+02 4.4639e-01
5.0719e+02 1.7737e+02 5.4016e+02 2.0455e+02 4.4485e-01
2.7806e+02 1.8149e+02 4.5103e+02 2.6513e+02 4.2593e-01
5.5572e+02 1.6948e+02 5.7739e+02 2.0957e+02 4.2123e-01
5.0418e+02 1.7818e+02 5.5150e+02 2.0910e+02 4.1921e-01
5.3064e+02 1.7498e+02 5.7018e+02 1.9829e+02 4.1470e-01
4.7598e+02 1.6520e+02 5.2033e+02 2.3538e+02 4.0900e-01
5.0900e+02 1.7724e+02 5.4751e+02 2.0161e+02 3.9550e-01
5.4545e+02 1.6754e+02 5.7214e+02 2.1939e+02 3.6446e-01
4.9838e+02 1.7224e+02 5.2503e+02 2.2648e+02 3.5083e-01
5.1019e+02 1.7397e+02 5.3766e+02 2.2954e+02 3.2150e-01
5.1214e+02 1.7300e+02 5.3501e+02 2.1931e+02 3.0704e-01
5.0839e+02 1.7381e+02 5.4579e+02 1.9512e+02 2.9700e-01
5.5963e+02 1.7066e+02 5.8070e+02 2.0842e+02 2.8137e-01
4.3809e+02 1.6928e+02 5.5720e+02 2.3766e+02 2.7913e-01
4.5229e+02 1.8754e+02 5.2039e+02 2.4158e+02 2.7778e-01
5.1697e+02 1.7671e+02 5.5426e+02 2.0135e+02 2.7406e-01
3.2744e+02 1.6928e+02 4.4538e+02 3.5185e+02 2.6408e-01
5.0819e+02 1.7878e+02 5.3724e+02 2.3126e+02 2.6138e-01
4.6061e+02 1.7606e+02 5.2498e+02 2.1419e+02 2.5235e-01
5.1423e+02 1.7829e+02 5.5930e+02 2.0775e+02 2.5038e-01
4.5335e+02 1.6461e+02 5.8084e+02 2.3046e+02 2.4590e-01
5.6027e+02 1.7604e+02 5.8539e+02 1.9499e+02 2.4421e-01
5.3812e+02 1.7077e+02 5.6094e+02 2.1450e+02 2.3632e-01
5.5084e+02 1.7497e+02 5.7985e+02 1.9274e+02 2.3109e-01
5.3814e+02 1.6360e+02 5.7105e+02 2.1372e+02 2.1370e-01
5.0036e+02 1.7790e+02 5.3415e+02 2.0503e+02 2.1219e-01
5.5071e+02 1.6675e+02 5.7022e+02 2.0466e+02 2.0797e-01
3.0695e+02 1.9684e+02 4.6737e+02 3.1748e+02 2.0648e-01
4.9798e+02 1.7871e+02 5.3295e+02 2.4766e+02 1.9538e-01
4.6504e+02 1.6141e+02 5.2670e+02 2.7584e+02 1.9480e-01
4.6340e+02 1.7636e+02 5.0781e+02 2.4721e+02 1.8740e-01
5.3744e+02 1.7018e+02 5.6668e+02 2.2423e+02 1.6606e-01
5.0467e+02 1.7328e+02 5.2666e+02 2.2439e+02 1.6181e-01
3.0734e+02 1.4027e+02 4.3994e+02 3.6082e+02 1.6065e-01
3.0498e+02 1.5092e+02 4.1269e+02 3.2187e+02 1.5967e-01
5.1623e+02 1.7148e+02 5.3835e+02 2.1883e+02 1.5871e-01
5.1175e+02 1.7405e+02 5.4100e+02 2.2585e+02 1.5209e-01
3.1888e+02 1.8567e+02 4.7841e+02 2.5821e+02 1.4820e-01
3.2336e+02 1.5405e+02 4.3371e+02 3.2071e+02 1.3918e-01
5.0657e+02 1.7498e+02 5.3925e+02 1.9828e+02 1.3840e-01
5.2155e+02 1.7390e+02 5.5807e+02 1.9571e+02 1.3552e-01
5.1498e+02 1.7112e+02 5.3364e+02 2.0958e+02 1.3486e-01
4.8115e+02 1.7663e+02 5.3692e+02 2.1536e+02 1.2992e-01
5.0044e+02 1.7467e+02 5.3700e+02 1.9559e+02 1.2718e-01
4.9148e+02 1.7678e+02 5.3158e+02 2.1097e+02 1.2178e-01
5.6538e+02 1.7585e+02 5.8662e+02 1.9850e+02 1.1819e-01
5.2511e+02 1.7626e+02 5.5737e+02 2.0236e+02 1.1589e-01
5.3293e+02 1.6679e+02 5.6106e+02 2.2143e+02 1.1420e-01
5.1191e+02 1.7159e+02 5.3028e+02 2.0963e+02 1.1366e-01
5.3409e+02 1.8073e+02 5.7824e+02 2.1277e+02 1.1064e-01
5.5633e+02 1.7880e+02 5.8437e+02 2.0694e+02 1.0830e-01
5.0312e+02 1.7133e+02 5.2307e+02 2.1781e+02 1.0781e-01
5.4996e+02 1.7250e+02 5.7343e+02 2.1936e+02 1.0720e-01
4.7631e+02 1.8254e+02 5.2600e+02 2.1346e+02 1.0672e-01
5.6704e+02 1.7229e+02 5.8282e+02 2.0434e+02 1.0212e-01
4.7854e+02 1.8834e+02 5.3664e+02 2.2967e+02 9.0094e-02
4.6655e+02 1.4942e+02 5.3210e+02 2.5586e+02 8.6611e-02
2.9402e+02 1.9743e+02 3.8626e+02 3.4448e+02 8.4183e-02
4.9087e+02 1.7852e+02 5.3210e+02 2.0020e+02 8.2711e-02
5.3902e+02 1.7330e+02 5.7137e+02 1.9472e+02 8.1970e-02
4.8086e+02 1.8020e+02 5.2961e+02 2.0798e+02 8.1772e-02
5.1875e+02 1.7277e+02 5.4404e+02 2.2287e+02 7.7887e-02
3.5267e+02 1.8497e+02 4.6954e+02 2.9521e+02 7.7817e-02
7.0558e+02 1.9401e+02 7.2016e+02 2.3790e+02 7.5384e-02
5.1658e+02 1.7452e+02 5.4673e+02 1.9769e+02 7.3965e-02
4.8974e+02 1.7487e+02 5.5101e+02 2.0661e+02 7.3574e-02
4.9487e+02 1.7714e+02 5.2653e+02 2.0270e+02 7.3029e-02
2.7793e+02 1.8427e+02 3.8042e+02 3.3475e+02 7.2072e-02
5.2026e+02 1.6968e+02 5.4702e+02 2.2609e+02 7.1455e-02
5.0146e+02 1.7720e+02 5.2881e+02 2.3002e+02 7.0413e-02
5.4326e+02 1.6706e+02 5.6419e+02 2.0599e+02 6.9788e-02
2.6684e+02 2.3553e+02 4.2938e+02 3.2742e+02 6.5418e-02
4.6797e+02 1.6563e+02 5.6366e+02 2.3819e+02 6.4463e-02
4.8921e+02 1.8912e+02 5.4673e+02 2.2500e+02 6.3941e-02
5.1948e+02 1.7008e+02 5.3706e+02 2.0908e+02 6.3841e-02
3.5482e+02 1.7779e+02 4.5543e+02 3.3677e+02 6.2052e-02
5.3625e+02 1.7089e+02 5.9247e+02 2.0384e+02 6.1209e-02
5.0756e+02 1.8125e+02 5.5311e+02 2.2076e+02 5.9182e-02
5.2521e+02 1.6465e+02 5.8425e+02 1.9779e+02 5.2625e-02
5.4037e+02 1.7219e+02 5.6503e+02 2.1931e+02 5.0167e-02
4.7274e+02 1.7332e+02 5.3623e+02 2.0641e+02 4.8945e-02
5.2991e+02 1.7272e+02 5.6752e+02 1.9215e+02 4.8519e-02
3.4409e+02 1.6378e+02 4.4500e+02 3.1197e+02 4.7595e-02
4.9201e+02 1.7067e+02 5.1655e+02 2.2533e+02 4.7476e-02
7.0234e+02 1.9449e+02 7.1730e+02 2.3613e+02 4.6780e-02
5.4774e+02 1.6648e+02 5.7961e+02 2.1396e+02 4.5658e-02
5.0832e+02 1.7184e+02 5.2634e+02 2.1029e+02 4.5091e-02
4.8905e+02 1.7428e+02 5.2626e+02 1.9363e+02 4.4652e-02
7.0882e+02 1.9346e+02 7.2356e+02 2.3693e+02 4.4519e-02
5.1342e+02 1.7230e+02 5.5174e+02 1.9201e+02 4.2439e-02
4.7171e+02 1.8948e+02 5.2772e+02 2.3642e+02 4.2041e-02
5.1422e+02 1.8007e+02 5.5619e+02 2.1589e+02 4.0985e-02
2.3165e+02 1.5727e+02 5.0335e+02 2.8511e+02 4.0938e-02
5.2322e+02 1.6819e+02 5.4941e+02 2.1843e+02 4.0061e-02
1.1990e+03 1.9824e+02 1.2340e+03 3.1494e+02 3.8861e-02
5.2349e+02 1.7033e+02 5.4035e+02 2.0814e+02 3.8660e-02
4.9984e+02 1.6981e+02 5.1892e+02 2.1654e+02 3.6854e-02
2.4579e+02 1.7988e+02 4.1731e+02 2.5630e+02 3.6426e-02
2.0096e+02 1.6640e+02 4.6254e+02 3.0729e+02 3.6422e-02
5.4675e+02 1.7967e+02 5.8528e+02 2.1075e+02 3.6324e-02
1.1899e+03 1.9864e+02 1.2274e+03 3.1410e+02 3.6209e-02
4.9668e+02 1.7468e+02 5.2716e+02 1.9759e+02 3.4163e-02
5.3660e+02 1.6837e+02 5.5287e+02 2.0991e+02 3.2960e-02
4.0615e+02 1.6540e+02 5.5062e+02 2.3551e+02 3.1992e-02
2.4719e+02 1.9436e+02 4.0346e+02 2.9287e+02 3.1002e-02
5.2277e+02 1.7480e+02 5.4777e+02 2.2192e+02 3.0403e-02
5.0338e+02 1.7392e+02 5.3924e+02 1.9106e+02 3.0225e-02
4.8894e+02 1.7375e+02 5.1753e+02 1.9547e+02 2.9460e-02
4.1012e+02 1.7829e+02 5.4059e+02 2.5309e+02 2.9103e-02
4.7869e+02 1.8297e+02 5.2980e+02 2.2425e+02 2.8427e-02
5.3973e+02 1.7128e+02 5.7727e+02 1.8954e+02 2.6637e-02
4.5679e+02 1.7383e+02 5.1447e+02 2.2219e+02 2.6543e-02
5.1666e+02 1.6441e+02 5.7517e+02 2.0401e+02 2.6091e-02
4.9267e+02 1.6689e+02 5.0958e+02 2.0852e+02 2.5929e-02
4.6344e+02 1.1722e+02 5.3730e+02 2.5933e+02 2.5659e-02
4.9056e+02 1.7103e+02 5.1044e+02 2.2264e+02 2.5446e-02
1.1810e+03 1.9981e+02 1.2208e+03 3.1555e+02 2.4804e-02
1.2080e+03 1.8980e+02 1.2387e+03 3.0878e+02 2.4746e-02
4.8692e+02 1.7639e+02 5.1783e+02 2.0124e+02 2.4286e-02
2.3830e+02 1.8562e+02 3.9813e+02 2.7118e+02 2.3362e-02
4.9361e+02 1.7646e+02 5.2163e+02 2.3102e+02 2.2003e-02
5.3955e+02 1.5475e+02 5.7939e+02 2.1883e+02 2.1763e-02
5.2404e+02 1.8264e+02 5.7138e+02 2.1360e+02 2.1454e-02
4.8252e+02 1.7448e+02 5.1804e+02 1.9216e+02 2.1296e-02
5.3454e+02 1.7131e+02 5.5586e+02 2.1551e+02 2.1148e-02
4.9674e+02 1.6612e+02 5.1270e+02 2.0421e+02 2.0896e-02
5.1563e+02 1.6823e+02 5.4565e+02 2.3458e+02 2.0730e-02
5.6576e+02 1.7473e+02 5.8324e+02 2.1109e+02 2.0355e-02
1.2225e+03 1.9199e+02 1.2420e+03 2.9608e+02 2.0015e-02
4.5019e+02 1.5311e+02 6.0116e+02 2.2053e+02 1.9971e-02
3.8622e+02 1.9100e+02 4.6358e+02 2.4207e+02 1.9942e-02
3.4269e+02 1.9432e+02 4.4395e+02 3.4310e+02 1.9502e-02
2.6458e+02 1.9563e+02 3.9403e+02 3.1547e+02 1.9312e-02
1.1666e+03 1.8344e+02 1.2347e+03 3.5740e+02 1.9084e-02
1.7229e+02 1.3021e+02 6.0098e+02 3.7192e+02 1.9068e-02
3.0200e+02 1.1575e+02 4.2530e+02 3.1591e+02 1.8755e-02
3.0897e+02 1.9197e+02 4.1873e+02 2.3883e+02 1.8696e-02
3.7830e+02 1.8327e+02 5.0266e+02 2.6155e+02 1.8324e-02
5.7204e+02 1.6992e+02 5.8482e+02 2.0286e+02 1.8314e-02
4.8124e+02 1.7831e+02 5.2295e+02 1.9927e+02 1.7924e-02
5.2771e+02 1.6946e+02 5.4236e+02 2.0952e+02 1.7464e-02
3.7161e+02 1.7165e+02 4.5589e+02 3.0141e+02 1.7258e-02
5.5653e+02 1.6781e+02 5.7237e+02 2.0106e+02 1.7179e-02
3.8805e+02 1.7579e+02 5.1885e+02 2.4909e+02 1.7048e-02
5.2566e+02 1.7223e+02 5.4483e+02 2.1730e+02 1.7031e-02
4.8039e+02 1.7232e+02 5.1417e+02 1.9045e+02 1.6884e-02
4.8448e+02 1.7393e+02 5.0844e+02 2.2793e+02 1.6582e-02
2.0464e+02 4.3725e+00 5.2137e+02 3.7500e+02 1.6255e-02
4.5983e+02 1.6875e+02 5.1396e+02 2.1208e+02 1.6095e-02
5.1421e+02 1.8213e+02 5.4020e+02 2.3196e+02 1.5929e-02
1.1722e+03 2.0018e+02 1.2131e+03 3.1563e+02 1.5826e-02
4.8037e+02 1.7724e+02 5.1934e+02 2.0930e+02 1.5228e-02
4.9569e+02 1.6922e+02 5.1379e+02 2.1647e+02 1.5119e-02
4.1685e+02 1.8393e+02 4.6193e+02 2.8485e+02 1.5119e-02
4.7353e+02 1.7039e+02 4.9566e+02 2.3087e+02 1.5102e-02
5.0072e+02 1.6602e+02 5.1732e+02 2.0375e+02 1.4974e-02
4.9535e+02 1.6288e+02 5.2995e+02 2.2402e+02 1.4875e-02
5.0497e+02 1.6863e+02 5.2149e+02 2.0477e+02 1.4804e-02
4.5599e+02 1.4246e+02 5.1980e+02 2.5895e+02 1.4773e-02
2.1127e+02 1.6341e+02 3.9172e+02 2.3079e+02 1.4349e-02
4.4292e+02 1.4785e+02 5.4782e+02 2.3501e+02 1.4288e-02
3.8046e+02 2.0261e+02 4.6566e+02 2.5682e+02 1.4215e-02
5.0757e+02 1.7080e+02 5.3832e+02 2.4319e+02 1.4144e-02
2.9844e+02 1.8317e+02 4.2885e+02 2.2629e+02 1.4129e-02
3.8213e+02 1.9328e+02 4.6190e+02 2.6712e+02 1.3806e-02
5.7012e+02 1.7665e+02 5.9033e+02 1.9738e+02 1.3763e-02
4.8872e+02 1.6623e+02 5.0552e+02 2.0880e+02 1.3722e-02
5.6022e+02 1.7018e+02 5.7617e+02 2.0160e+02 1.3621e-02
4.8045e+02 1.6594e+02 4.9734e+02 2.1324e+02 1.3520e-02
4.8266e+02 1.7073e+02 5.0301e+02 2.2326e+02 1.3496e-02
4.0761e+02 1.7876e+02 4.5730e+02 2.8272e+02 1.3269e-02
5.5489e+02 1.7613e+02 5.7868e+02 2.1710e+02 1.2645e-02
1.2190e+03 2.0954e+02 1.2379e+03 2.9344e+02 1.2590e-02
3.8860e+02 1.7584e+02 4.6352e+02 3.1167e+02 1.2545e-02
3.8298e+02 1.8156e+02 4.6211e+02 2.2439e+02 1.2386e-02
4.7326e+02 1.8782e+02 5.2402e+02 2.2199e+02 1.2193e-02
2.1087e+02 1.7540e+02 3.7847e+02 2.4745e+02 1.1947e-02
4.5503e+02 1.6964e+02 5.2060e+02 2.0476e+02 1.1745e-02
5.6168e+02 1.7370e+02 5.8654e+02 1.9121e+02 1.1700e-02
4.8416e+02 1.5534e+02 5.9290e+02 2.3005e+02 1.1660e-02
5.0474e+02 1.6531e+02 5.3767e+02 2.2105e+02 1.1283e-02
5.0980e+02 1.6893e+02 5.2549e+02 2.0420e+02 1.1202e-02
5.0415e+02 1.6316e+02 5.6953e+02 1.9572e+02 1.1023e-02
4.8272e+02 1.7307e+02 5.1022e+02 1.9449e+02 1.1008e-02
1.2156e+03 1.9802e+02 1.2343e+03 2.8240e+02 1.0955e-02
1.2219e+03 2.1367e+02 1.2420e+03 3.2310e+02 1.0925e-02
4.6662e+02 1.8240e+02 5.1658e+02 2.1067e+02 1.0659e-02
4.8425e+02 1.6625e+02 5.0112e+02 2.1083e+02 1.0378e-02
5.1647e+02 1.8468e+02 5.6326e+02 2.1386e+02 1.0363e-02
1.1653e+03 2.0088e+02 1.2050e+03 3.1196e+02 1.0314e-02
5.3502e+02 1.7011e+02 5.7271e+02 1.8818e+02 1.0196e-02
1.0480e+02 6.4310e+01 5.9949e+02 3.7500e+02 1.0051e-02
4.7858e+02 1.7062e+02 4.9902e+02 2.2416e+02 1.0050e-02
5.6373e+02 1.7024e+02 5.7951e+02 2.0157e+02 9.8670e-03
4.7802e+02 1.1534e+02 5.4484e+02 2.5088e+02 9.7588e-03
1.2157e+03 2.1229e+02 1.2420e+03 2.7268e+02 9.5025e-03
5.3328e+02 1.6845e+02 5.4634e+02 2.0817e+02 9.4735e-03
1.2079e+03 2.1832e+02 1.2420e+03 2.6260e+02 9.4193e-03
4.8122e+02 1.8549e+02 5.3924e+02 2.3997e+02 9.2590e-03
5.2934e+02 1.7316e+02 5.4949e+02 2.1707e+02 9.2285e-03
4.8182e+02 1.8081e+02 5.0977e+02 2.3629e+02 9.2243e-03
1.1999e+03 1.6747e+02 1.2420e+03 3.4265e+02 9.1905e-03
5.4170e+02 1.6307e+02 5.7390e+02 2.3573e+02 9.0713e-03
1.2246e+03 1.8082e+02 1.2420e+03 2.7917e+02 8.8176e-03
1.2196e+03 1.9274e+02 1.2376e+03 2.7985e+02 8.7845e-03
5.6850e+02 1.7268e+02 5.8705e+02 1.9316e+02 8.7764e-03
1.1567e+03 1.9867e+02 1.2256e+03 3.5783e+02 8.6937e-03
1.2233e+03 2.0951e+02 1.2407e+03 2.9494e+02 8.6616e-03
4.6698e+02 1.9341e+02 5.2107e+02 2.3301e+02 8.6569e-03
4.0524e+02 1.7281e+02 4.4524e+02 2.6821e+02 8.5464e-03
5.3165e+02 1.6564e+02 5.9550e+02 1.9985e+02 8.4972e-03
4.7111e+02 1.5585e+02 5.0740e+02 2.3133e+02 8.4916e-03
1.2069e+03 2.2603e+02 1.2420e+03 2.7043e+02 8.4260e-03
2.9018e+02 1.5086e+02 5.6148e+02 2.9943e+02 8.0480e-03
2.4648e+02 1.6874e+02 4.2956e+02 2.3257e+02 7.9704e-03
1.1557e+03 2.1183e+02 1.1739e+03 2.7980e+02 7.9547e-03
3.9280e+02 1.9802e+02 4.7253e+02 2.4951e+02 7.9168e-03
4.7544e+02 1.6181e+02 6.1540e+02 2.2473e+02 7.8092e-03
5.6895e+02 1.6877e+02 5.8290e+02 2.0037e+02 7.7740e-03
1.2159e+03 2.2631e+02 1.2420e+03 2.8944e+02 7.5668e-03
4.4919e+02 1.7437e+02 5.7631e+02 2.5305e+02 7.4201e-03
1.1856e+03 2.0476e+02 1.2272e+03 3.4233e+02 7.3706e-03
4.7627e+02 1.6604e+02 4.9330e+02 2.1414e+02 7.2815e-03
2.4872e+02 2.4895e+02 4.1406e+02 3.3239e+02 7.2496e-03
1.2060e+03 2.3298e+02 1.2420e+03 2.7952e+02 7.2178e-03
1.2114e+03 2.0878e+02 1.2304e+03 2.8643e+02 7.2164e-03
1.2089e+03 2.1130e+02 1.2420e+03 2.5467e+02 7.1182e-03
5.5871e+02 1.7565e+02 5.8295e+02 2.1576e+02 7.0963e-03
5.4000e+02 1.8349e+02 5.8157e+02 2.1082e+02 7.0689e-03
1.1517e+03 2.1253e+02 1.1701e+03 2.7946e+02 7.0504e-03
1.0896e+03 0.0000e+00 1.2420e+03 3.7500e+02 7.0362e-03
4.4609e+02 1.7924e+02 5.1359e+02 2.2579e+02 7.0194e-03
4.7309e+02 1.7920e+02 5.1319e+02 2.1432e+02 6.9292e-03
4.0388e+02 1.9629e+02 4.6746e+02 2.6568e+02 6.8911e-03
4.7309e+02 1.7362e+02 5.1134e+02 1.9202e+02 6.7795e-03
5.2613e+02 1.6179e+02 5.5837e+02 2.3141e+02 6.6811e-03
1.1589e+03 2.1117e+02 1.1770e+03 2.7991e+02 6.6234e-03
5.4611e+02 1.6481e+02 5.6198e+02 2.0054e+02 6.6126e-03
1.1774e+03 2.1025e+02 1.2215e+03 3.4352e+02 6.6122e-03
5.0363e+02 1.8828e+02 5.4561e+02 2.2769e+02 6.5280e-03
1.2005e+03 1.3330e+02 1.2420e+03 3.1197e+02 6.4850e-03
4.9421e+02 1.4919e+02 5.4447e+02 2.6070e+02 6.4848e-03
3.3316e+02 2.1701e+02 4.6402e+02 3.1544e+02 6.4214e-03
5.2944e+02 1.5261e+02 5.6307e+02 2.1510e+02 6.3633e-03
4.9653e+02 1.9059e+02 5.4080e+02 2.3110e+02 6.3514e-03
1.1599e+03 1.9817e+02 1.1972e+03 3.0665e+02 6.3368e-03
5.0886e+02 1.6951e+02 5.4651e+02 1.8834e+02 6.3125e-03
0.0000e+00 2.8136e+02 2.8529e+01 3.7500e+02 6.2066e-03
1.2125e+03 2.0018e+02 1.2420e+03 3.2589e+02 6.1569e-03
3.9481e+02 1.7389e+02 4.4185e+02 2.7963e+02 6.1450e-03
3.1663e+02 2.0557e+02 4.0916e+02 3.5109e+02 6.1395e-03
6.9932e+02 1.9327e+02 7.1471e+02 2.3692e+02 6.1379e-03
3.7591e+02 1.8587e+02 4.5672e+02 2.5691e+02 6.0398e-03
4.8011e+02 1.5857e+02 5.3483e+02 2.9901e+02 6.0378e-03
7.1260e+02 1.9192e+02 7.2679e+02 2.3860e+02 6.0181e-03
4.6688e+02 1.4441e+02 5.8006e+02 2.2806e+02 5.8999e-03
5.0165e+02 1.7383e+02 5.3057e+02 1.9284e+02 5.8793e-03
4.3669e+02 1.9017e+02 5.0334e+02 2.3830e+02 5.8459e-03
4.6987e+02 1.6855e+02 4.9127e+02 2.3365e+02 5.8279e-03
5.1457e+02 1.6392e+02 5.4268e+02 2.1814e+02 5.7361e-03
5.4631e+02 1.7787e+02 5.7116e+02 2.1834e+02 5.7033e-03
1.1756e+03 2.0984e+02 1.2319e+03 2.7518e+02 5.6485e-03
4.7760e+02 1.7235e+02 5.0593e+02 1.9464e+02 5.6183e-03
2.8658e+02 1.0711e+02 3.9795e+02 3.3467e+02 5.4443e-03
5.7350e+02 1.6720e+02 5.8653e+02 1.9962e+02 5.3732e-03
1.2359e+03 2.0799e+02 1.2420e+03 2.6716e+02 5.3124e-03
1.1695e+03 1.9750e+02 1.2420e+03 2.8634e+02 5.3037e-03
0.0000e+00 3.2649e+02 1.3799e+01 3.7500e+02 5.2837e-03
5.4864e+02 1.6451e+02 5.6747e+02 1.9896e+02 5.2814e-03
1.1544e+03 1.7545e+02 1.2420e+03 3.7500e+02 5.2811e-03
1.2013e+03 2.8180e+02 1.2420e+03 3.7500e+02 5.2291e-03
4.2612e+02 1.5151e+02 5.6822e+02 2.1912e+02 5.2180e-03
4.7081e+02 1.7815e+02 5.1479e+02 1.9807e+02 5.1289e-03
5.4740e+02 1.5577e+02 5.8412e+02 2.1683e+02 5.0409e-03
4.7607e+02 1.4887e+02 6.2458e+02 2.1682e+02 5.0274e-03
5.6268e+02 1.7986e+02 5.8650e+02 2.0520e+02 5.0049e-03
1.2235e+03 1.9352e+02 1.2406e+03 2.8008e+02 4.9698e-03
1.2138e+03 1.8158e+02 1.2420e+03 3.0216e+02 4.9338e-03
4.7851e+02 1.7655e+02 5.0922e+02 2.0049e+02 4.9290e-03
1.2361e+03 2.1948e+02 1.2420e+03 2.7942e+02 4.9252e-03
5.1676e+02 1.6882e+02 5.5615e+02 1.8827e+02 4.9158e-03
4.7101e+02 1.8273e+02 5.0051e+02 2.3331e+02 4.8840e-03
3.9868e+02 1.9315e+02 4.7690e+02 2.4020e+02 4.7570e-03
2.7615e+02 1.8534e+02 3.5026e+02 3.2571e+02 4.6532e-03
9.5545e+02 1.2191e+02 1.2420e+03 3.7500e+02 4.6096e-03
1.2237e+03 3.3080e+02 1.2420e+03 3.7500e+02 4.5726e-03
2.8960e+02 1.9141e+02 4.0004e+02 2.3993e+02 4.5711e-03
5.3085e+02 1.6917e+02 5.6616e+02 1.8750e+02 4.5449e-03
1.2245e+03 1.6278e+02 1.2420e+03 2.6020e+02 4.5246e-03
1.0344e+03 9.8328e+01 1.2420e+03 3.7500e+02 4.5157e-03
1.1896e+03 1.8262e+02 1.2267e+03 2.8867e+02 4.5145e-03
1.2074e+03 2.4046e+02 1.2420e+03 2.8793e+02 4.4253e-03
1.1690e+03 1.8142e+02 1.2420e+03 2.6966e+02 4.4176e-03
1.1856e+03 1.8700e+02 1.2420e+03 3.0383e+02 4.4072e-03
1.2103e+03 2.0453e+02 1.2420e+03 2.4627e+02 4.3942e-03
1.1796e+03 1.8430e+02 1.2206e+03 2.8640e+02 4.3885e-03
1.1817e+03 1.7624e+02 1.2420e+03 3.5267e+02 4.3818e-03
4.8897e+02 1.7790e+02 5.1745e+02 2.3543e+02 4.2499e-03
1.2076e+03 2.0999e+02 1.2271e+03 2.8462e+02 4.2268e-03
1.2067e+03 2.0893e+02 1.2407e+03 3.3752e+02 4.2096e-03
1.1859e+03 2.1792e+02 1.2380e+03 2.8470e+02 4.1988e-03
4.0179e+02 1.8733e+02 4.6606e+02 2.4776e+02 4.0855e-03
1.2179e+03 1.9860e+02 1.2420e+03 2.5509e+02 4.0839e-03
4.5406e+02 1.5587e+02 5.1535e+02 3.0101e+02 3.9795e-03
1.2001e+03 1.8300e+02 1.2319e+03 2.8875e+02 3.9716e-03
5.2462e+02 1.7098e+02 5.5422e+02 1.9276e+02 3.9489e-03
5.7636e+02 1.7112e+02 5.8831e+02 2.0187e+02 3.9275e-03
4.5366e+02 1.0707e+02 5.2200e+02 2.6494e+02 3.8442e-03
1.7801e+02 1.7523e+02 3.5130e+02 2.4455e+02 3.8200e-03
5.7289e+02 1.7148e+02 5.9091e+02 1.9180e+02 3.7540e-03
3.3859e+02 1.2555e+02 4.5776e+02 3.5370e+02 3.7504e-03
5.4072e+02 1.6583e+02 5.5671e+02 2.0279e+02 3.7423e-03
5.6636e+02 1.7252e+02 5.9001e+02 1.9061e+02 3.7405e-03
4.2813e+02 1.8558e+02 4.6486e+02 2.7885e+02 3.7229e-03
4.1345e+02 1.5814e+02 5.2753e+02 2.4193e+02 3.7219e-03
5.4219e+02 1.7101e+02 6.0145e+02 2.0768e+02 3.6848e-03
4.5607e+02 1.8260e+02 5.4803e+02 2.6212e+02 3.6775e-03
1.1627e+03 2.1339e+02 1.1813e+03 2.7923e+02 3.6395e-03
4.7134e+02 1.7056e+02 5.0764e+02 1.9017e+02 3.5938e-03
4.7673e+02 1.4348e+02 5.1540e+02 2.2443e+02 3.5890e-03
3.2691e+02 1.5255e+02 4.1362e+02 2.8994e+02 3.5786e-03
5.1807e+02 1.8538e+02 5.5218e+02 2.2181e+02 3.5767e-03
1.1960e+03 2.0796e+02 1.2348e+03 3.5171e+02 3.5596e-03
3.7312e+02 1.9192e+02 4.9392e+02 2.7726e+02 3.5521e-03
1.1884e+03 3.1926e+02 1.2420e+03 3.7500e+02 3.5377e-03
4.7015e+02 1.8760e+02 5.1447e+02 2.2849e+02 3.5270e-03
0.0000e+00 2.0358e+02 3.1574e+01 3.7500e+02 3.4850e-03
5.2234e+02 1.8166e+02 5.8823e+02 2.1754e+02 3.4360e-03
4.8130e+02 1.6227e+02 4.9655e+02 2.0048e+02 3.4187e-03
2.9673e+02 1.9718e+02 4.1049e+02 2.4735e+02 3.4072e-03
2.8214e+02 1.6389e+02 3.7380e+02 3.0848e+02 3.3904e-03
1.7475e+02 1.6186e+02 3.5534e+02 2.3027e+02 3.1278e-03
1.2359e+03 2.2950e+02 1.2420e+03 2.9427e+02 3.1234e-03
5.7347e+02 1.7594e+02 5.9474e+02 1.9608e+02 3.1148e-03
1.2018e+03 1.9253e+02 1.2420e+03 3.7500e+02 3.1054e-03
5.2451e+02 1.8288e+02 5.4652e+02 2.2833e+02 3.1004e-03
2.0341e+02 1.8734e+02 3.6349e+02 2.5986e+02 3.0879e-03
4.7480e+02 1.6926e+02 5.0195e+02 1.9201e+02 3.0816e-03
5.2643e+02 1.6878e+02 5.6016e+02 1.8845e+02 3.0766e-03
1.2082e+03 1.9901e+02 1.2264e+03 2.7192e+02 3.0626e-03
1.1702e+03 2.1794e+02 1.2393e+03 3.7500e+02 3.0520e-03
1.1689e+03 1.4729e+02 1.2376e+03 3.2835e+02 3.0431e-03
1.2271e+03 2.0704e+02 1.2420e+03 2.9882e+02 3.0214e-03
2.7299e+02 1.7339e+02 4.5725e+02 2.3620e+02 2.9949e-03
4.9600e+02 1.8355e+02 5.2600e+02 2.3438e+02 2.9912e-03
1.2214e+03 3.5194e+02 1.2420e+03 3.7500e+02 2.9893e-03
3.7255e+02 1.9753e+02 4.5534e+02 3.2998e+02 2.9521e-03
3.9388e+02 1.8713e+02 4.7453e+02 2.2974e+02 2.9441e-03
1.1682e+03 2.1377e+02 1.2156e+03 3.4897e+02 2.8882e-03
1.1554e+03 2.0034e+02 1.1731e+03 2.7011e+02 2.8861e-03
1.1282e+03 2.4709e+02 1.2420e+03 3.7500e+02 2.8644e-03
1.1645e+03 2.1822e+02 1.2420e+03 2.6322e+02 2.8197e-03
0.0000e+00 3.5634e+02 6.5014e+00 3.7500e+02 2.8167e-03
3.9961e+02 1.8479e+02 4.4976e+02 2.8631e+02 2.7766e-03
5.5244e+02 1.7160e+02 5.8183e+02 1.8974e+02 2.7756e-03
5.1512e+02 1.3716e+02 5.7242e+02 2.5840e+02 2.6914e-03
5.2737e+02 1.7889e+02 5.4888e+02 2.2395e+02 2.6850e-03
1.1859e+03 2.0691e+02 1.2364e+03 2.6662e+02 2.6460e-03
1.2078e+03 1.9696e+02 1.2420e+03 2.3816e+02 2.6189e-03
1.1518e+03 2.0056e+02 1.1696e+03 2.6874e+02 2.5740e-03
1.2043e+03 1.7849e+02 1.2420e+03 2.2116e+02 2.5571e-03
1.1719e+03 1.6589e+02 1.2420e+03 2.5153e+02 2.5555e-03
4.9875e+02 1.1384e+02 5.5636e+02 2.4453e+02 2.5450e-03
1.1705e+03 2.2541e+02 1.2420e+03 3.1741e+02 2.5308e-03
1.1963e+03 2.1231e+02 1.2416e+03 2.7609e+02 2.5298e-03
0.0000e+00 1.9453e+02 5.1184e+01 3.7500e+02 2.5280e-03
4.6334e+02 1.5861e+02 5.2139e+02 2.0316e+02 2.5170e-03
5.2829e+02 1.6445e+02 5.4455e+02 2.0059e+02 2.5086e-03
1.2065e+03 1.8763e+02 1.2420e+03 2.2797e+02 2.4854e-03
5.2476e+02 1.6556e+02 5.4139e+02 1.9958e+02 2.4445e-03
1.1662e+03 2.0477e+02 1.2260e+03 2.6789e+02 2.4314e-03
4.7168e+02 1.7927e+02 5.0397e+02 2.0963e+02 2.4203e-03
1.1684e+03 2.1629e+02 1.2264e+03 2.8443e+02 2.4009e-03
1.1547e+03 1.5190e+02 1.2237e+03 3.2472e+02 2.3989e-03
4.2681e+02 1.8712e+02 5.6059e+02 2.6667e+02 2.3713e-03
4.9246e+02 1.6690e+02 5.0856e+02 1.9720e+02 2.3504e-03
5.1655e+02 1.6767e+02 5.3220e+02 1.9845e+02 2.3348e-03
4.8510e+02 1.6403e+02 4.9986e+02 1.9944e+02 2.3313e-03
4.9451e+02 1.4261e+02 6.0985e+02 2.2325e+02 2.3194e-03
1.1515e+03 1.9414e+02 1.1873e+03 2.9237e+02 2.3193e-03
1.0857e+03 2.5804e+02 1.2420e+03 3.7500e+02 2.2995e-03
1.2230e+03 1.4538e+02 1.2420e+03 2.4396e+02 2.2865e-03
4.6750e+02 1.7493e+02 4.8458e+02 2.3075e+02 2.2775e-03
4.4929e+02 1.9872e+02 5.3303e+02 2.4980e+02 2.2642e-03
1.1722e+03 1.8415e+02 1.2131e+03 2.8514e+02 2.2619e-03
1.1479e+03 2.1404e+02 1.1665e+03 2.7859e+02 2.2590e-03
5.5730e+02 1.7316e+02 5.8279e+02 1.9251e+02 2.1984e-03
1.1601e+03 2.0967e+02 1.2202e+03 2.7407e+02 2.1918e-03
4.1065e+02 1.7108e+02 4.5170e+02 2.5928e+02 2.1894e-03
4.0352e+02 1.8026e+02 4.5200e+02 2.0111e+02 2.1651e-03
7.0014e+02 1.9661e+02 7.2290e+02 2.3200e+02 2.1371e-03
4.7654e+02 1.6048e+02 4.9253e+02 2.0215e+02 2.1339e-03
3.7807e+02 1.7866e+02 4.5166e+02 2.3286e+02 2.1245e-03
1.2356e+03 2.4060e+02 1.2420e+03 3.0626e+02 2.1191e-03
4.7312e+02 1.7644e+02 5.0113e+02 2.0095e+02 2.1157e-03
1.1896e+03 2.1500e+02 1.2420e+03 3.3564e+02 2.0810e-03
1.2037e+03 1.0459e+02 1.2420e+03 2.8174e+02 2.0502e-03
4.6485e+02 1.9186e+02 5.1323e+02 2.2318e+02 2.0453e-03
5.7154e+02 1.7485e+02 5.9549e+02 1.9199e+02 2.0422e-03
4.7088e+02 1.7187e+02 4.9926e+02 1.9561e+02 2.0381e-03
4.7209e+02 1.6796e+02 4.8923e+02 2.2291e+02 2.0237e-03
5.4046e+02 1.6187e+02 6.0655e+02 1.9708e+02 2.0208e-03
4.6929e+02 2.0379e+02 5.2099e+02 2.3877e+02 2.0028e-03
1.2032e+03 2.0950e+02 1.2233e+03 2.8283e+02 1.9734e-03
1.2180e+03 2.4037e+02 1.2420e+03 3.0559e+02 1.9732e-03
4.4992e+02 1.5875e+02 5.2215e+02 1.9570e+02 1.9463e-03
4.7670e+02 1.7634e+02 5.0127e+02 2.3038e+02 1.9443e-03
0.0000e+00 3.1689e+02 4.1951e+01 3.7500e+02 1.9407e-03
5.1371e+02 1.6695e+02 5.2860e+02 1.9748e+02 1.9309e-03
4.7878e+02 1.6776e+02 5.1276e+02 1.8727e+02 1.9022e-03
4.6019e+02 1.7424e+02 4.9031e+02 2.4071e+02 1.8913e-03
2.0210e+02 1.5251e+02 3.7382e+02 2.1207e+02 1.8783e-03
5.2066e+02 1.6645e+02 5.3658e+02 1.9897e+02 1.8671e-03
1.2155e+03 3.5489e+02 1.2420e+03 3.7500e+02 1.8660e-03
4.8879e+02 1.6559e+02 5.0336e+02 1.9698e+02 1.8574e-03
1.2158e+03 1.8126e+02 1.2420e+03 2.3707e+02 1.8556e-03
0.0000e+00 0.0000e+00 3.3373e+01 8.3075e+01 1.8351e-03
3.1917e+02 2.1566e+02 4.4042e+02 2.8267e+02 1.7880e-03
4.9756e+02 1.6357e+02 5.5445e+02 2.0191e+02 1.7867e-03
5.6895e+02 1.6840e+02 5.8893e+02 1.8951e+02 1.7688e-03
4.3951e+02 1.8221e+02 5.3694e+02 2.6989e+02 1.7386e-03
5.5146e+02 1.8288e+02 5.8216e+02 2.1006e+02 1.7373e-03
1.2365e+03 1.9777e+02 1.2420e+03 2.5499e+02 1.7328e-03
3.8429e+02 1.7830e+02 4.3404e+02 2.8085e+02 1.7233e-03
1.1851e+03 1.5370e+02 1.2420e+03 2.6882e+02 1.7176e-03
3.6852e+02 2.1143e+02 4.6832e+02 2.7206e+02 1.7118e-03
1.1628e+03 2.0048e+02 1.1807e+03 2.6998e+02 1.7116e-03
4.6543e+02 1.7333e+02 5.0498e+02 1.9321e+02 1.7070e-03
3.5742e+02 2.0353e+02 4.5616e+02 2.5700e+02 1.7031e-03
1.2039e+03 1.9959e+02 1.2230e+03 2.6993e+02 1.6924e-03
5.3246e+02 1.6406e+02 5.4711e+02 2.0068e+02 1.6850e-03
1.2215e+03 8.6854e+01 1.2420e+03 1.9420e+02 1.6830e-03
4.8490e+02 1.4573e+02 5.2223e+02 2.2168e+02 1.6779e-03
7.0040e+02 1.8886e+02 7.1620e+02 2.3151e+02 1.6698e-03
1.1661e+03 2.0942e+02 1.1862e+03 2.7599e+02 1.6656e-03
1.1755e+03 2.1282e+02 1.2420e+03 2.5569e+02 1.6635e-03
5.7089e+02 1.7227e+02 5.9432e+02 1.8947e+02 1.6551e-03
1.0994e+03 1.6806e+02 1.2420e+03 3.3464e+02 1.6285e-03
1.2237e+03 2.2989e+02 1.2420e+03 3.4467e+02 1.6162e-03
3.0137e+02 1.3619e+02 6.0472e+02 2.7656e+02 1.6058e-03
4.7969e+02 1.5307e+02 4.9709e+02 1.9410e+02 1.5699e-03
1.1444e+03 1.8767e+02 1.2133e+03 3.4741e+02 1.5585e-03
1.1735e+03 1.5050e+02 1.2420e+03 2.3397e+02 1.5555e-03
1.1701e+03 2.0479e+02 1.1909e+03 2.7198e+02 1.5470e-03
5.3622e+02 1.6419e+02 5.5113e+02 2.0172e+02 1.5434e-03
4.6757e+02 1.7822e+02 4.9525e+02 2.3640e+02 1.5335e-03
5.7689e+02 1.6218e+02 5.9065e+02 1.9870e+02 1.5292e-03
3.5892e+02 1.9725e+02 4.6005e+02 2.7595e+02 1.5279e-03
1.1631e+03 7.9861e+01 1.2420e+03 3.7500e+02 1.5267e-03
6.9731e+02 1.8657e+02 7.1384e+02 2.3159e+02 1.5228e-03
5.2186e+02 1.4980e+02 5.5343e+02 2.1174e+02 1.4938e-03
3.8368e+02 1.7840e+02 4.6299e+02 2.1331e+02 1.4834e-03
4.1093e+02 1.6994e+02 4.6916e+02 3.1118e+02 1.4697e-03
5.6980e+02 1.7362e+02 5.8495e+02 2.1161e+02 1.4504e-03
1.1761e+03 2.2546e+02 1.2420e+03 2.7209e+02 1.4375e-03
5.3452e+02 1.6537e+02 5.7674e+02 1.8425e+02 1.4280e-03
0.0000e+00 3.4937e+02 2.1182e+01 3.7500e+02 1.4249e-03
3.9862e+02 1.6779e+02 4.3730e+02 2.5410e+02 1.4182e-03
4.7820e+02 1.6620e+02 5.0465e+02 1.8940e+02 1.4105e-03
4.2630e+02 1.5097e+02 5.1191e+02 1.8788e+02 1.4096e-03
4.6305e+02 1.8473e+02 5.0985e+02 2.1297e+02 1.3985e-03
4.7286e+02 1.6211e+02 4.8833e+02 2.0768e+02 1.3942e-03
1.1742e+03 2.0176e+02 1.1952e+03 2.6693e+02 1.3889e-03
4.6615e+02 1.8173e+02 5.1007e+02 2.0541e+02 1.3858e-03
5.7648e+02 1.7057e+02 5.9591e+02 1.9117e+02 1.3857e-03
0.0000e+00 2.5417e+02 9.4367e+01 3.7500e+02 1.3689e-03
4.5810e+02 1.9756e+02 5.1083e+02 2.2936e+02 1.3644e-03
1.2122e+03 1.9668e+02 1.2299e+03 2.6969e+02 1.3597e-03
0.0000e+00 2.6510e+02 1.5716e+02 3.7500e+02 1.3448e-03
2.9727e+02 2.0465e+02 4.0942e+02 2.5766e+02 1.3438e-03
5.7421e+02 1.7084e+02 5.8730e+02 2.0807e+02 1.3414e-03
1.2137e+03 1.6416e+02 1.2420e+03 2.2251e+02 1.3314e-03
5.5691e+02 1.6476e+02 5.8100e+02 2.2000e+02 1.3246e-03
2.3989e+02 2.0501e+02 3.7645e+02 3.0122e+02 1.3177e-03
1.4783e+02 1.6033e+02 4.2294e+02 3.0531e+02 1.3051e-03
4.6475e+02 1.5361e+02 4.9880e+02 2.3029e+02 1.2998e-03
4.8869e+02 1.6880e+02 5.1640e+02 1.9002e+02 1.2942e-03
1.2151e+03 2.1237e+02 1.2345e+03 3.0204e+02 1.2816e-03
4.7516e+02 1.6359e+02 5.4673e+02 1.9732e+02 1.2749e-03
5.4908e+02 1.6509e+02 5.7882e+02 2.3745e+02 1.2735e-03
3.8245e+02 2.0190e+02 4.7192e+02 2.8548e+02 1.2728e-03
1.2339e+03 2.2327e+02 1.2420e+03 2.5693e+02 1.2616e-03
1.2065e+03 1.6290e+02 1.2420e+03 2.0682e+02 1.2603e-03
4.4124e+02 1.2959e+02 6.0740e+02 2.0231e+02 1.2533e-03
4.9782e+02 1.6980e+02 5.3359e+02 1.8831e+02 1.2516e-03
1.1771e+03 2.2151e+02 1.2310e+03 2.9559e+02 1.2462e-03
1.2055e+03 7.0882e+01 1.2420e+03 2.4658e+02 1.2458e-03
5.2880e+02 1.3928e+02 5.8703e+02 2.5873e+02 1.2239e-03
3.2766e+02 1.8516e+02 4.3144e+02 2.2980e+02 1.2199e-03
4.6289e+02 1.4598e+02 4.8129e+02 1.8937e+02 1.2061e-03
1.2079e+03 1.1282e+02 1.2420e+03 1.5945e+02 1.2007e-03
1.6428e+02 1.9355e+02 3.3327e+02 2.5880e+02 1.1999e-03
5.7270e+02 1.6740e+02 5.9271e+02 1.8871e+02 1.1902e-03
1.2064e+03 1.2067e+02 1.2420e+03 1.6764e+02 1.1886e-03
4.7949e+02 1.6335e+02 5.3776e+02 2.0418e+02 1.1872e-03
1.2101e+03 1.7412e+02 1.2396e+03 2.8340e+02 1.1863e-03
5.0540e+02 1.6722e+02 5.1963e+02 1.9837e+02 1.1829e-03
4.7022e+02 1.6604e+02 5.0717e+02 1.8709e+02 1.1794e-03
4.7860e+02 1.8958e+02 5.0697e+02 2.4466e+02 1.1667e-03
1.2341e+03 2.1560e+02 1.2420e+03 2.4895e+02 1.1657e-03
5.1774e+02 1.5486e+02 5.8735e+02 1.8747e+02 1.1411e-03
5.3716e+02 1.8763e+02 5.7601e+02 2.1154e+02 1.1161e-03
4.6723e+02 1.4669e+02 4.8474e+02 1.8978e+02 1.1114e-03
3.8159e+02 1.4752e+02 5.5667e+02 2.1581e+02 1.1104e-03
5.5968e+02 1.6166e+02 5.8534e+02 2.1459e+02 1.1101e-03
5.0323e+02 1.5952e+02 6.0375e+02 2.3541e+02 1.1053e-03
4.1469e+02 1.9282e+02 4.6965e+02 2.5405e+02 1.1038e-03
1.7869e+02 1.8905e+02 4.4220e+02 3.3381e+02 1.0921e-03
5.0797e+02 1.7046e+02 5.3787e+02 1.9059e+02 1.0912e-03
4.8340e+02 1.5287e+02 5.0017e+02 1.9436e+02 1.0839e-03
4.1162e+02 1.8314e+02 4.3535e+02 2.4614e+02 1.0783e-03
4.6115e+02 1.8716e+02 4.7594e+02 2.3592e+02 1.0770e-03
1.1780e+03 2.0172e+02 1.1989e+03 2.6756e+02 1.0763e-03
1.1481e+03 2.0440e+02 1.2420e+03 3.2753e+02 1.0736e-03
1.2355e+03 1.6472e+02 1.2420e+03 2.2164e+02 1.0696e-03
3.1385e+02 2.2421e+02 4.2568e+02 2.8966e+02 1.0678e-03
4.6404e+02 1.8193e+02 4.7943e+02 2.3236e+02 1.0636e-03
0.0000e+00 1.3153e+02 3.2944e+01 3.2961e+02 1.0536e-03
4.7561e+02 1.5275e+02 4.9286e+02 1.9410e+02 1.0514e-03
2.8493e+02 1.5281e+02 4.2201e+02 3.7500e+02 1.0436e-03
1.1899e+03 2.1876e+02 1.2420e+03 2.6372e+02 1.0425e-03
1.2361e+03 1.0497e+02 1.2420e+03 1.6102e+02 1.0397e-03
7.1641e+02 1.9016e+02 7.3079e+02 2.4004e+02 1.0322e-03
1.2018e+03 2.2057e+02 1.2420e+03 2.8364e+02 1.0230e-03
4.0252e+02 1.7695e+02 4.4984e+02 1.9565e+02 1.0186e-03
0.0000e+00 0.0000e+00 1.3598e+02 3.0889e+02 1.0182e-03
4.7120e+02 1.5073e+02 4.8817e+02 1.9447e+02 1.0181e-03
4.7013e+02 1.6440e+02 4.9764e+02 1.8893e+02 1.0147e-03
1.2297e+03 2.2666e+02 1.2420e+03 2.5203e+02 1.0065e-03
4.4901e+02 1.5386e+02 4.9496e+02 1.7411e+02 9.9663e-04
4.2067e+02 1.7249e+02 4.5791e+02 2.5958e+02 9.9142e-04
1.2252e+03 2.7015e+02 1.2420e+03 3.7500e+02 9.9057e-04
4.3678e+02 1.6678e+02 5.1022e+02 2.0250e+02 9.8749e-04
3.5000e+02 9.4708e+01 4.6693e+02 3.1343e+02 9.8640e-04
1.2341e+03 2.3129e+02 1.2420e+03 2.6483e+02 9.8224e-04
4.3227e+02 1.5793e+02 5.1112e+02 1.9463e+02 9.7847e-04
2.1531e+02 1.7875e+02 3.2807e+02 2.2373e+02 9.7689e-04
1.7112e+02 1.4907e+02 4.6097e+02 2.8127e+02 9.7550e-04
0.0000e+00 9.1783e+01 3.0574e+01 3.0003e+02 9.7486e-04
1.1657e+03 2.8989e+02 1.2392e+03 3.7500e+02 9.7413e-04
1.1473e+03 2.1138e+02 1.2367e+03 2.5612e+02 9.6810e-04
2.4026e+02 2.0083e+02 4.8070e+02 3.5416e+02 9.6657e-04
5.1012e+02 1.6696e+02 5.2356e+02 1.9711e+02 9.6609e-04
4.0292e+02 1.5797e+02 4.6564e+02 2.9282e+02 9.6521e-04
1.1733e+03 2.1603e+02 1.1958e+03 2.7786e+02 9.6147e-04
1.9197e+02 2.0185e+02 3.3966e+02 2.7739e+02 9.6050e-04
1.1451e+03 1.9362e+02 1.1802e+03 2.9105e+02 9.5465e-04
1.1783e+03 1.3357e+02 1.2420e+03 2.1735e+02 9.4761e-04
1.1991e+03 2.0123e+02 1.2191e+03 2.6808e+02 9.4147e-04
0.0000e+00 3.2704e+02 6.0311e+01 3.7500e+02 9.4003e-04
5.8006e+02 1.6912e+02 5.9250e+02 2.0334e+02 9.3558e-04
3.0735e+02 2.0657e+02 4.4706e+02 2.9649e+02 9.2361e-04
1.1755e+03 1.1688e+02 1.2420e+03 1.9994e+02 9.2346e-04
5.3950e+02 1.6124e+02 5.5583e+02 1.9776e+02 9.2288e-04
4.2176e+02 1.4353e+02 5.1504e+02 1.7988e+02 9.1822e-04
5.1627e+02 1.6477e+02 5.5492e+02 1.8305e+02 9.1425e-04
5.1346e+02 1.4960e+02 5.4449e+02 2.1382e+02 9.0788e-04
1.1482e+03 2.0182e+02 1.1662e+03 2.6723e+02 9.0581e-04
1.1551e+03 2.1467e+02 1.2132e+03 2.8476e+02 9.0562e-04
3.1349e+02 2.0233e+02 4.2652e+02 2.6060e+02 9.0165e-04
4.6917e+02 1.8160e+02 5.0428e+02 2.1974e+02 9.0069e-04
2.4545e+02 1.7935e+02 3.4926e+02 2.2192e+02 9.0052e-04
0.0000e+00 0.0000e+00 6.9459e+01 1.5055e+02 8.9778e-04
5.0128e+02 1.7933e+02 5.5501e+02 2.3010e+02 8.9561e-04
4.0441e+02 1.8014e+02 4.8310e+02 2.2192e+02 8.9328e-04
1.1903e+03 2.0237e+02 1.2107e+03 2.6746e+02 8.9306e-04
3.4517e+02 1.8031e+02 4.0205e+02 2.9413e+02 8.8674e-04
1.1657e+03 1.8330e+02 1.2045e+03 2.8278e+02 8.8313e-04
2.8784e+02 2.4428e+02 4.1556e+02 3.0681e+02 8.8252e-04
3.1348e+02 1.7242e+02 4.9218e+02 2.3224e+02 8.7994e-04
4.9536e+02 1.6303e+02 5.1305e+02 1.9682e+02 8.7822e-04
4.4414e+02 1.4719e+02 4.9337e+02 2.7435e+02 8.7756e-04
1.2299e+03 2.1896e+02 1.2420e+03 2.4387e+02 8.7286e-04
3.9981e+02 1.8698e+02 5.3098e+02 2.6817e+02 8.6587e-04
1.2149e+03 1.0636e+02 1.2420e+03 1.6883e+02 8.6355e-04
3.9110e+02 1.7148e+02 4.3153e+02 2.6532e+02 8.6118e-04
3.8561e+02 1.8701e+02 4.4370e+02 2.8990e+02 8.6102e-04
5.0439e+02 1.4910e+02 5.3911e+02 2.1624e+02 8.5757e-04
4.4261e+02 1.2878e+02 4.9937e+02 2.6275e+02 8.5672e-04
0.0000e+00 2.4222e+02 1.6374e+01 3.6358e+02 8.4707e-04
1.1862e+03 2.0287e+02 1.2070e+03 2.6683e+02 8.4339e-04
5.1197e+02 1.8771e+02 5.5509e+02 2.1840e+02 8.3888e-04
1.1820e+03 2.0278e+02 1.2028e+03 2.6694e+02 8.3255e-04
5.6832e+02 1.7982e+02 5.9405e+02 2.0033e+02 8.3041e-04
1.2360e+03 1.2107e+02 1.2420e+03 1.7691e+02 8.2950e-04
4.0332e+02 1.9324e+02 4.6064e+02 2.9449e+02 8.1200e-04
1.1320e+03 1.9316e+02 1.2361e+03 3.0682e+02 8.1066e-04
4.6498e+02 2.1149e+02 5.2273e+02 2.4236e+02 8.0998e-04
1.1983e+03 2.1166e+02 1.2193e+03 2.8137e+02 8.0911e-04
4.4619e+02 1.5082e+02 5.2298e+02 1.8897e+02 7.9832e-04
1.1942e+03 2.4437e+02 1.2420e+03 3.6572e+02 7.9447e-04
3.3610e+02 2.0471e+02 4.5608e+02 2.8512e+02 7.9268e-04
1.2067e+03 1.5401e+02 1.2420e+03 1.9840e+02 7.8315e-04
1.2218e+03 1.1159e+02 1.2420e+03 2.1241e+02 7.8261e-04
1.1831e+03 2.8079e+02 1.2420e+03 3.7500e+02 7.8073e-04
1.2123e+03 2.5390e+02 1.2420e+03 3.0305e+02 7.8002e-04
1.1758e+03 1.9962e+02 1.2316e+03 2.6003e+02 7.6987e-04
0.0000e+00 1.4194e+02 1.6308e+01 2.6419e+02 7.6936e-04
2.8291e+02 1.9930e+02 3.8893e+02 2.4590e+02 7.6922e-04
4.5051e+02 1.5637e+02 5.0663e+02 1.9959e+02 7.6315e-04
1.2074e+03 2.4376e+02 1.2420e+03 3.7500e+02 7.5569e-04
1.5025e+02 2.1091e+02 3.1225e+02 2.7493e+02 7.5235e-04
4.4093e+02 1.8062e+02 4.7047e+02 2.6026e+02 7.5083e-04
3.4315e+02 2.1318e+02 4.5275e+02 2.7462e+02 7.4212e-04
1.1395e+03 2.1730e+02 1.2307e+03 2.6132e+02 7.2843e-04
3.5865e+02 1.9112e+02 4.4809e+02 2.3917e+02 7.2826e-04
2.4000e+02 1.6895e+02 3.8195e+02 2.5462e+02 7.2563e-04
4.7507e+02 1.3108e+02 6.3460e+02 2.0019e+02 7.2070e-04
1.1761e+03 2.5371e+02 1.2420e+03 3.4937e+02 7.1249e-04
0.0000e+00 0.0000e+00 5.2297e+01 4.5265e+01 7.0619e-04
1.2062e+03 1.3686e+02 1.2420e+03 1.8303e+02 7.0471e-04
2.3884e+02 1.8624e+02 3.3981e+02 2.2876e+02 7.0205e-04
3.3980e+02 1.8295e+02 4.4244e+02 2.2260e+02 7.0109e-04
3.0929e+02 2.3365e+02 4.5866e+02 3.2678e+02 6.9846e-04
1.2052e+03 0.0000e+00 1.2420e+03 7.9639e+01 6.9734e-04
3.2681e+02 1.8482e+02 4.1895e+02 2.4634e+02 6.9160e-04
4.7666e+02 1.8740e+02 5.1241e+02 2.6653e+02 6.8671e-04
1.1372e+03 1.2811e+02 1.2420e+03 3.4112e+02 6.7457e-04
4.0688e+02 1.2826e+02 5.7380e+02 1.9937e+02 6.6069e-04
1.1889e+03 1.2054e+02 1.2420e+03 2.3168e+02 6.5743e-04
3.9623e+02 1.7708e+02 4.7628e+02 2.1310e+02 6.4996e-04
0.0000e+00 1.2054e+02 2.9001e+02 3.7500e+02 6.4518e-04
2.2498e+02 1.5601e+02 4.0906e+02 2.1110e+02 6.4246e-04
1.9465e+01 9.8311e+01 5.4791e+02 3.7500e+02 6.3936e-04
3.5856e+02 1.6782e+02 5.1476e+02 2.3087e+02 6.2929e-04
3.6468e+02 1.8988e+02 4.2794e+02 2.9323e+02 6.2471e-04
1.1047e+03 2.1859e+02 1.2420e+03 3.7500e+02 6.2173e-04
1.1468e+03 2.2463e+02 1.2345e+03 2.6991e+02 6.2149e-04
0.0000e+00 3.2700e+02 2.2468e+01 3.7500e+02 6.1603e-04
1.1501e+03 2.9003e+02 1.2246e+03 3.7500e+02 6.1372e-04
6.9421e+02 1.5478e+02 8.8078e+02 2.2940e+02 6.1314e-04
2.1834e+02 1.5656e+02 3.5874e+02 2.3462e+02 6.1247e-04
1.1471e+03 2.0954e+02 1.2053e+03 2.7414e+02 6.1002e-04
9.6085e+02 0.0000e+00 1.2420e+03 1.3135e+02 6.0991e-04
5.4379e+02 1.7733e+02 6.0470e+02 2.1327e+02 6.0752e-04
3.3167e+02 1.8385e+02 3.8905e+02 3.0056e+02 6.0739e-04
3.6168e+02 1.5936e+02 4.4267e+02 2.8676e+02 6.0419e-04
4.2034e+02 1.4691e+02 4.7614e+02 2.9202e+02 5.9957e-04
3.0612e+02 1.4449e+02 3.8146e+02 2.8755e+02 5.9949e-04
1.2147e+03 1.2165e+02 1.2420e+03 1.8425e+02 5.9321e-04
0.0000e+00 0.0000e+00 2.2459e+02 1.5691e+02 5.9020e-04
2.7448e+02 1.6401e+02 3.4812e+02 3.0085e+02 5.8875e-04
3.9479e+02 2.0748e+02 4.7383e+02 2.6529e+02 5.8844e-04
0.0000e+00 0.0000e+00 3.1840e+02 1.4346e+02 5.8197e-04
0.0000e+00 1.6613e+02 1.6237e+01 2.8822e+02 5.7982e-04
1.7511e+02 1.4961e+02 3.5009e+02 2.1376e+02 5.7978e-04
1.2063e+03 1.4522e+02 1.2420e+03 1.9076e+02 5.7957e-04
4.1841e+02 1.9287e+02 4.8518e+02 2.3781e+02 5.7693e-04
2.7627e+02 2.0646e+02 3.8051e+02 2.5732e+02 5.7134e-04
1.1775e+03 1.0050e+02 1.2420e+03 1.8763e+02 5.7060e-04
2.9546e+02 2.2956e+02 4.1618e+02 2.9697e+02 5.6800e-04
3.7500e+02 1.7687e+02 4.2539e+02 2.8159e+02 5.6525e-04
4.3258e+02 1.7398e+02 4.6294e+02 2.5451e+02 5.6460e-04
1.1568e+03 1.8156e+02 1.1961e+03 2.8249e+02 5.6221e-04
3.6773e+02 2.0195e+02 4.8749e+02 2.9336e+02 5.6190e-04
4.9524e+02 8.8848e+01 5.6393e+02 2.4201e+02 5.5764e-04
5.1237e+02 9.2151e+01 5.7953e+02 2.3974e+02 5.5757e-04
3.0317e+02 1.7890e+02 4.2060e+02 2.1426e+02 5.5110e-04
1.1387e+03 1.5420e+02 1.2095e+03 3.1951e+02 5.4646e-04
0.0000e+00 1.1196e+02 1.9754e+02 3.7500e+02 5.4592e-04
5.5352e+02 1.6693e+02 6.0508e+02 2.0497e+02 5.4503e-04
0.0000e+00 2.4159e+02 2.5511e+01 3.7500e+02 5.3887e-04
3.4592e+02 1.6674e+02 3.9158e+02 2.7642e+02 5.3697e-04
1.1921e+03 2.3186e+02 1.2420e+03 2.8005e+02 5.3683e-04
0.0000e+00 2.1612e+02 1.7402e+01 3.3490e+02 5.3597e-04
1.1588e+03 2.1143e+02 1.1987e+03 3.3146e+02 5.2587e-04
1.4941e+02 2.2177e+02 3.0362e+02 2.8745e+02 5.2512e-04
4.3669e+02 1.8381e+02 4.7041e+02 2.7845e+02 5.1951e-04
3.0307e+02 2.1470e+02 4.1797e+02 2.7975e+02 5.1715e-04
4.1036e+02 1.8556e+02 4.7140e+02 2.3651e+02 5.1116e-04
2.3094e+02 1.8104e+02 3.5897e+02 2.7558e+02 5.0624e-04
4.2983e+02 1.2021e+02 5.5507e+02 2.1300e+02 5.0609e-04
0.0000e+00 0.0000e+00 1.5669e+01 5.4093e+01 5.0556e-04
3.8899e+02 1.5771e+02 5.0408e+02 2.4066e+02 5.0184e-04
1.1623e+03 0.0000e+00 1.2420e+03 1.6724e+02 5.0115e-04
3.2889e+02 1.1807e+02 6.7043e+02 2.6863e+02 4.9990e-04
4.8160e+02 1.2408e+02 6.0381e+02 2.1152e+02 4.9985e-04
1.1711e+03 0.0000e+00 1.2420e+03 2.9504e+01 4.9783e-04
0.0000e+00 0.0000e+00 1.1128e+02 7.8998e+01 4.9555e-04
0.0000e+00 2.9118e+02 4.7388e+01 3.7500e+02 4.8958e-04
4.1688e+02 1.5773e+02 4.9957e+02 1.9386e+02 4.8659e-04
4.8368e+02 1.8522e+02 5.1905e+02 2.7142e+02 4.8535e-04
4.9985e+02 1.5314e+02 5.7140e+02 1.8845e+02 4.8351e-04
1.1547e+03 2.0523e+02 1.2420e+03 2.4829e+02 4.7868e-04
5.5962e+02 1.5020e+02 5.8949e+02 2.1644e+02 4.7410e-04
1.2147e+03 1.4763e+02 1.2420e+03 2.0634e+02 4.6886e-04
1.0188e+03 0.0000e+00 1.2420e+03 1.8745e+02 4.6310e-04
3.5678e+02 2.0703e+02 4.7715e+02 2.9490e+02 4.6024e-04
4.4823e+02 1.6937e+02 5.0467e+02 2.1729e+02 4.5870e-04
4.6256e+02 2.0268e+02 5.2549e+02 2.4981e+02 4.5021e-04
3.6049e+02 2.2143e+02 4.6969e+02 2.8646e+02 4.5005e-04
3.7375e+02 1.2861e+02 5.5297e+02 1.9620e+02 4.4715e-04
0.0000e+00 0.0000e+00 7.4647e+01 4.2377e+01 4.4561e-04
1.2358e+02 0.0000e+00 4.2680e+02 3.7500e+02 4.4289e-04
1.1838e+03 2.2827e+02 1.2389e+03 3.0363e+02 4.3849e-04
4.2497e+02 1.9025e+02 4.7763e+02 2.4252e+02 4.3657e-04
3.2933e+02 1.9704e+02 4.3316e+02 2.5061e+02 4.3489e-04
1.1519e+03 2.0212e+02 1.1892e+03 3.2559e+02 4.3025e-04
1.1592e+03 2.1912e+02 1.2205e+03 2.9754e+02 4.2755e-04
0.0000e+00 2.8156e+02 1.4082e+01 3.7500e+02 4.2672e-04
2.7268e+02 1.9340e+02 3.8172e+02 2.3892e+02 4.2588e-04
4.8916e+02 1.7088e+02 5.8932e+02 2.5236e+02 4.1861e-04
2.1070e+02 1.8209e+02 3.3960e+02 2.6929e+02 4.1774e-04
1.1268e+03 1.8386e+02 1.1966e+03 3.4488e+02 4.1431e-04
1.1594e+03 1.9777e+02 1.2204e+03 2.5928e+02 4.1261e-04
4.0223e+02 1.5101e+02 4.9420e+02 1.8759e+02 4.0915e-04
2.8284e+02 1.8195e+02 4.0368e+02 2.2435e+02 4.0883e-04
1.2153e+03 1.5968e+02 1.2420e+03 2.6974e+02 4.0723e-04
0.0000e+00 1.9461e+02 1.5331e+01 3.1245e+02 4.0592e-04
0.0000e+00 0.0000e+00 1.6084e+02 7.2075e+01 4.0584e-04
1.2126e+03 3.2584e+02 1.2420e+03 3.7500e+02 4.0042e-04
1.0938e+03 1.1253e+02 1.2420e+03 2.7488e+02 3.9775e-04
5.1380e+02 1.5382e+02 6.1806e+02 2.2640e+02 3.9666e-04
2.8160e+02 2.7071e+02 4.0711e+02 3.2143e+02 3.9255e-04
1.1426e+03 1.7858e+02 1.2420e+03 2.8967e+02 3.9014e-04
3.6763e+02 1.7810e+02 4.5343e+02 2.1156e+02 3.8691e-04
3.7376e+02 1.9559e+02 4.3546e+02 2.9820e+02 3.8681e-04
1.1247e+03 2.1527e+02 1.2127e+03 2.6304e+02 3.8502e-04
2.6335e+02 2.7037e+02 4.3315e+02 3.3884e+02 3.8236e-04
3.6169e+02 2.2155e+02 4.7401e+02 3.1680e+02 3.8125e-04
3.3770e+02 1.7062e+02 3.8547e+02 2.8449e+02 3.8054e-04
4.3571e+02 1.8060e+02 5.0382e+02 2.2413e+02 3.7858e-04
1.9269e+02 2.1278e+02 3.2901e+02 2.9018e+02 3.7626e-04
1.1659e+03 2.3205e+02 1.2420e+03 2.8031e+02 3.7587e-04
5.2654e+02 1.5374e+02 6.0357e+02 1.8817e+02 3.7567e-04
2.1665e+02 1.7163e+02 3.2670e+02 2.1561e+02 3.7358e-04
0.0000e+00 2.3116e+02 4.1897e+01 3.4485e+02 3.7308e-04
3.9482e+02 1.9340e+02 4.6678e+02 3.3647e+02 3.7043e-04
1.2267e+03 0.0000e+00 1.2420e+03 4.6365e+01 3.6849e-04
1.1895e+03 8.8132e+01 1.2420e+03 2.0168e+02 3.6648e-04
5.2680e+02 9.4606e+01 5.9314e+02 2.4201e+02 3.6472e-04
4.0926e+02 2.0311e+02 4.7542e+02 2.5578e+02 3.6059e-04
1.4406e+02 1.7839e+02 3.2209e+02 2.4373e+02 3.6022e-04
1.4359e+02 1.0695e+02 7.1828e+02 3.7361e+02 3.5591e-04
1.5920e+00 2.1531e+02 6.2994e+01 3.7500e+02 3.5542e-04
1.2213e+03 2.5372e+02 1.2420e+03 3.2158e+02 3.5479e-04
4.3439e+02 1.6053e+02 4.8767e+02 3.0423e+02 3.5475e-04
1.1952e+03 2.0192e+02 1.2418e+03 2.6046e+02 3.5198e-04
3.5048e+02 1.9549e+02 4.0876e+02 3.0551e+02 3.4678e-04
2.4294e+02 1.7256e+02 3.4721e+02 2.1521e+02 3.4627e-04
3.0201e+02 2.1804e+02 4.3799e+02 3.0943e+02 3.4509e-04
3.5514e+02 1.7161e+02 3.9643e+02 2.6734e+02 3.4333e-04
1.1314e+03 2.1059e+02 1.2220e+03 2.5709e+02 3.4000e-04
3.5928e+02 1.7392e+02 4.0691e+02 2.8427e+02 3.3834e-04
1.2156e+03 9.8738e+01 1.2420e+03 1.4467e+02 3.3755e-04
1.0158e+03 0.0000e+00 1.2420e+03 3.7500e+02 3.3704e-04
2.4196e+02 1.9273e+02 3.3980e+02 2.3647e+02 3.3581e-04
4.9595e+02 1.6006e+02 5.5173e+02 3.0777e+02 3.2973e-04
1.1655e+03 0.0000e+00 1.2420e+03 3.2195e+02 3.2827e-04
1.1659e+03 2.2365e+02 1.2250e+03 3.0873e+02 3.2738e-04
3.3890e+02 2.0379e+02 4.4099e+02 2.6006e+02 3.2537e-04
3.1728e+02 1.8063e+02 4.2294e+02 2.3582e+02 3.2274e-04
1.1006e+03 0.0000e+00 1.2420e+03 5.9454e+01 3.2248e-04
3.4993e+02 1.9317e+02 4.4826e+02 2.6761e+02 3.2218e-04
3.8510e+02 1.7312e+02 4.6240e+02 2.0357e+02 3.2134e-04
4.9884e+02 1.6687e+02 6.3980e+02 2.3808e+02 3.1916e-04
0.0000e+00 3.0934e+02 1.0998e+01 3.7500e+02 3.1914e-04
5.0147e+02 1.7456e+02 5.3192e+02 2.7389e+02 3.1637e-04
1.9072e+02 1.6687e+02 3.2663e+02 2.5019e+02 3.1412e-04
1.2263e+03 3.1003e+02 1.2420e+03 3.7500e+02 3.1384e-04
0.0000e+00 4.5106e+01 6.1925e+01 3.5462e+02 3.1358e-04
1.1826e+03 0.0000e+00 1.2420e+03 3.9330e+01 3.1285e-04
2.8529e+02 2.5610e+02 4.1126e+02 3.1391e+02 3.1260e-04
7.6941e+02 1.2218e+02 8.3872e+02 2.7403e+02 3.1249e-04
1.2007e+03 1.6545e+02 1.2335e+03 2.6870e+02 3.0993e-04
4.1563e+02 1.6611e+02 4.9856e+02 2.0130e+02 3.0958e-04
1.1813e+03 8.4435e+01 1.2420e+03 1.7652e+02 3.0796e-04
3.3313e+02 1.7064e+02 3.7673e+02 2.7465e+02 3.0593e-04
4.2061e+02 1.3485e+02 5.1724e+02 1.7243e+02 3.0066e-04
2.0451e+02 1.8513e+02 3.1462e+02 2.2967e+02 2.9645e-04
1.1923e+03 2.0608e+02 1.2420e+03 2.4677e+02 2.9510e-04
2.6823e+02 1.9998e+02 3.5736e+02 2.4762e+02 2.9435e-04
1.2137e+03 2.6122e+02 1.2420e+03 3.1149e+02 2.9365e-04
0.0000e+00 2.0041e+02 4.6284e+01 3.7500e+02 2.9348e-04
5.3717e+02 1.4135e+02 5.6980e+02 2.0943e+02 2.9231e-04
3.4340e+02 1.6994e+02 3.8287e+02 2.6491e+02 2.8745e-04
7.0349e+02 1.6738e+02 8.7895e+02 2.4419e+02 2.8638e-04
4.0378e+02 1.3732e+02 5.3167e+02 2.2642e+02 2.8528e-04
2.6651e+02 1.8252e+02 3.2865e+02 3.2261e+02 2.8436e-04
4.7016e+02 1.7476e+02 6.0585e+02 2.5400e+02 2.8365e-04
1.2049e+03 3.2703e+02 1.2382e+03 3.7500e+02 2.8336e-04
4.1453e+02 1.7279e+02 4.4714e+02 2.3906e+02 2.8299e-04
1.1805e+03 1.6504e+02 1.2210e+03 2.6919e+02 2.8275e-04
0.0000e+00 5.5761e+01 3.1030e+01 2.4790e+02 2.7964e-04
1.1904e+03 1.6473e+02 1.2265e+03 2.6921e+02 2.7714e-04
1.1166e+03 2.0200e+02 1.2420e+03 2.8741e+02 2.7695e-04
4.4447e+02 1.6363e+02 5.0135e+02 2.0647e+02 2.7687e-04
5.1689e+02 1.5690e+02 6.6427e+02 2.2536e+02 2.7323e-04
1.1530e+03 2.2588e+02 1.2420e+03 3.5329e+02 2.7245e-04
4.0029e+02 1.4292e+02 4.9455e+02 1.7939e+02 2.7119e-04
0.0000e+00 3.2859e+02 3.2594e+01 3.7500e+02 2.7028e-04
3.0985e+02 2.3934e+02 4.2889e+02 3.1059e+02 2.6969e-04
4.5101e+02 1.8252e+02 4.7723e+02 2.4778e+02 2.6789e-04
1.2253e+03 6.5972e+01 1.2420e+03 1.6850e+02 2.6662e-04
7.5509e+02 1.2386e+02 8.2311e+02 2.7210e+02 2.6646e-04
1.1591e+03 3.2305e+02 1.2420e+03 3.7500e+02 2.6568e-04
1.2200e+03 9.4247e+01 1.2420e+03 1.5331e+02 2.6518e-04
1.2252e+03 2.9642e+02 1.2420e+03 3.5834e+02 2.6417e-04
1.2046e+03 1.9971e+01 1.2420e+03 2.1500e+02 2.6142e-04
5.4327e+02 1.4185e+02 5.7815e+02 2.1170e+02 2.6118e-04
3.2363e+02 1.8460e+02 4.2954e+02 2.6175e+02 2.5923e-04
1.2028e+03 2.3277e+02 1.2420e+03 3.0068e+02 2.5683e-04
0.0000e+00 2.9155e+02 6.9012e+01 3.7500e+02 2.5662e-04
3.2169e+02 2.0704e+02 4.3167e+02 2.7204e+02 2.5342e-04
4.1596e+02 1.8465e+02 5.1054e+02 2.7484e+02 2.5332e-04
8.5093e+02 1.0976e+02 1.2420e+03 3.7500e+02 2.5055e-04
1.2181e+03 3.1053e+02 1.2420e+03 3.5796e+02 2.4850e-04
4.4120e+02 1.4236e+02 5.2600e+02 1.8142e+02 2.4289e-04
1.1970e+03 3.3070e+02 1.2309e+03 3.7500e+02 2.4260e-04
3.8228e+02 1.6960e+02 4.2250e+02 2.6890e+02 2.3878e-04
4.7835e+02 1.3432e+02 5.1352e+02 2.0967e+02 2.3849e-04
5.4463e+02 1.0882e+02 6.0569e+02 2.5111e+02 2.3796e-04
2.6107e+02 1.5944e+02 3.2863e+02 3.0190e+02 2.3644e-04
1.1363e+03 2.0459e+02 1.2000e+03 2.6763e+02 2.3574e-04
4.4557e+02 1.4800e+02 5.0558e+02 1.9162e+02 2.3533e-04
3.3432e+02 2.2354e+02 4.4806e+02 2.9131e+02 2.3453e-04
1.1254e+03 0.0000e+00 1.2420e+03 8.3797e+01 2.3233e-04
4.3874e+02 1.9310e+02 4.9081e+02 2.4368e+02 2.2948e-04
2.9048e+02 1.7658e+02 4.0529e+02 2.1116e+02 2.2842e-04
2.8987e+02 1.5203e+02 3.6325e+02 2.9149e+02 2.2601e-04
5.0904e+02 1.4153e+02 6.7026e+02 2.1365e+02 2.2565e-04
2.4756e+02 1.9598e+02 3.9427e+02 3.7500e+02 2.2394e-04
6.9611e+02 1.4081e+02 8.7642e+02 2.1508e+02 2.2252e-04
1.8880e+02 1.5350e+02 3.3205e+02 2.3613e+02 2.2240e-04
1.1219e+03 3.2767e+02 1.2384e+03 3.7500e+02 2.1892e-04
4.6474e+02 1.6438e+02 5.2915e+02 3.1599e+02 2.1810e-04
1.3003e+02 1.9791e+02 3.0964e+02 2.6120e+02 2.1778e-04
4.4101e+02 4.2856e+01 5.8291e+02 3.4537e+02 2.1456e-04
1.2511e+01 2.2137e+02 8.1940e+01 3.7500e+02 2.1193e-04
1.1468e+03 2.1504e+02 1.2155e+03 3.7500e+02 2.1116e-04
0.0000e+00 2.0412e+02 3.9233e+01 3.1227e+02 2.0993e-04
1.5291e+02 2.3479e+02 3.0067e+02 3.0312e+02 2.0950e-04
7.8301e+02 1.2529e+02 8.5444e+02 2.7689e+02 2.0867e-04
4.6881e+02 1.8877e+02 5.6926e+02 2.7080e+02 2.0338e-04
7.3758e+02 1.2219e+02 8.0839e+02 2.7343e+02 2.0157e-04
1.1119e+03 1.8849e+02 1.2420e+03 2.6918e+02 2.0082e-04
1.4335e+02 1.6330e+02 3.2195e+02 2.2867e+02 2.0033e-04
3.0903e+02 1.5754e+02 5.3622e+02 3.3365e+02 1.9886e-04
2.6511e+02 5.6118e+01 5.1931e+02 3.7500e+02 1.9770e-04
2.5105e+02 2.1244e+02 3.5973e+02 3.2040e+02 1.9754e-04
2.1771e+02 1.9349e+02 3.3596e+02 2.8864e+02 1.9747e-04
2.0616e+02 1.3820e+02 3.7153e+02 1.9473e+02 1.9648e-04
1.1975e+01 2.9306e+02 8.4965e+01 3.7500e+02 1.9209e-04
3.0521e+02 1.9434e+02 4.5425e+02 3.7500e+02 1.8747e-04
7.3416e+02 1.4489e+02 8.5987e+02 2.3791e+02 1.8460e-04
4.1780e+02 4.0304e+01 5.4710e+02 3.4275e+02 1.8266e-04
1.1350e+03 2.9028e+02 1.2088e+03 3.7500e+02 1.8198e-04
4.8534e+01 0.0000e+00 3.7869e+02 3.7500e+02 1.7958e-04
3.4155e+02 1.2957e+02 5.2736e+02 1.9235e+02 1.7726e-04
2.4362e+02 1.5614e+02 3.1433e+02 2.9516e+02 1.7408e-04
1.2193e+02 1.3728e+02 4.2179e+02 2.7560e+02 1.7153e-04
3.7062e+02 1.6349e+02 4.8597e+02 2.4420e+02 1.6761e-04
0.0000e+00 2.6127e+02 3.9875e+01 3.7500e+02 1.6630e-04
1.0833e+03 1.8624e+02 1.2207e+03 3.7500e+02 1.6626e-04
1.7936e+02 2.0050e+02 3.0040e+02 2.8256e+02 1.6598e-04
5.7011e+02 2.8873e+02 6.4710e+02 3.7500e+02 1.6488e-04
1.1196e+03 2.0398e+02 1.2266e+03 3.1693e+02 1.6382e-04
1.9152e+02 2.2585e+02 3.2303e+02 3.0560e+02 1.6291e-04
0.0000e+00 2.0770e+01 2.9849e+01 2.1711e+02 1.6064e-04
4.3467e+02 8.5777e+01 5.0329e+02 2.4890e+02 1.5563e-04
1.1192e+03 1.5293e+02 1.1948e+03 3.1974e+02 1.5406e-04
1.7646e+02 1.8555e+02 3.0602e+02 2.6558e+02 1.5401e-04
0.0000e+00 1.6655e+02 4.0846e+01 2.8085e+02 1.5356e-04
1.1087e+03 1.8007e+02 1.2245e+03 2.8241e+02 1.5209e-04
0.0000e+00 2.2435e+02 1.3436e+02 3.7500e+02 1.5171e-04
5.8633e+02 2.8791e+02 6.6172e+02 3.7500e+02 1.5014e-04
3.4685e+02 1.4898e+02 5.2631e+02 2.1018e+02 1.4897e-04
2.4639e+02 2.3319e+02 3.7918e+02 3.2400e+02 1.4866e-04
2.4555e+02 8.3439e+01 3.5447e+02 3.4227e+02 1.4586e-04
3.6918e+02 1.0835e+02 6.3337e+02 2.9285e+02 1.4429e-04
1.9908e+02 2.0597e+02 3.0512e+02 2.9740e+02 1.4322e-04
2.4355e+02 1.3161e+02 3.0946e+02 2.5697e+02 1.4181e-04
2.6066e+02 1.3334e+02 3.2123e+02 2.5813e+02 1.4088e-04
1.8042e+02 2.1335e+02 2.9064e+02 2.9604e+02 1.4049e-04
1.8814e+02 2.9041e+02 2.6322e+02 3.7500e+02 1.3921e-04
5.4797e+02 1.3524e+02 6.0564e+02 2.7123e+02 1.3741e-04
0.0000e+00 9.5606e+01 8.2090e+01 2.9449e+02 1.3684e-04
2.2609e+02 1.6865e+02 2.9663e+02 3.1235e+02 1.3606e-04
1.1888e+03 1.1256e+02 1.2420e+03 2.8815e+02 1.3472e-04
2.5555e+02 1.5634e+02 4.4993e+02 2.1412e+02 1.3431e-04
2.2577e+02 2.6516e+02 4.8151e+02 3.7500e+02 1.3232e-04
1.1471e+03 1.7186e+02 1.2420e+03 2.5146e+02 1.3061e-04
7.0026e+02 1.4243e+02 8.3083e+02 2.3916e+02 1.2906e-04
2.4906e+02 1.8253e+02 3.1301e+02 3.2586e+02 1.2802e-04
2.0420e+02 2.9160e+02 2.7776e+02 3.7500e+02 1.2747e-04
1.7725e+02 1.3415e+02 3.4266e+02 1.9496e+02 1.2702e-04
4.7541e+02 3.7649e+01 6.1589e+02 3.4457e+02 1.2692e-04
6.0357e+02 2.8832e+02 6.7770e+02 3.7500e+02 1.2672e-04
0.0000e+00 1.0335e+02 1.3458e+02 2.8200e+02 1.2625e-04
0.0000e+00 2.0105e+02 8.4685e+01 3.7500e+02 1.2419e-04
0.0000e+00 1.4490e+02 4.3307e+01 2.6506e+02 1.2345e-04
3.9379e+02 8.7786e+01 4.9458e+02 3.5668e+02 1.2053e-04
0.0000e+00 1.2455e+02 6.0142e+01 3.7500e+02 1.1995e-04
5.5520e+02 2.8931e+02 6.3126e+02 3.7500e+02 1.1966e-04
3.6835e+02 1.0668e+02 7.1563e+02 2.4644e+02 1.1835e-04
1.1713e+03 1.1808e+02 1.2368e+03 2.8287e+02 1.1798e-04
1.1085e+03 1.8194e+02 1.1798e+03 3.4710e+02 1.1774e-04
1.2419e+02 1.9650e+02 3.9412e+02 3.4047e+02 1.1755e-04
6.7069e+02 1.6718e+02 8.4979e+02 2.4541e+02 1.1750e-04
0.0000e+00 5.5525e+01 8.0153e+01 2.5888e+02 1.1626e-04
0.0000e+00 6.8699e+01 1.3473e+02 2.5000e+02 1.1552e-04
6.1955e+02 2.9194e+02 6.9382e+02 3.7500e+02 1.1427e-04
2.1007e+02 2.0160e+02 2.8154e+02 3.3988e+02 1.1192e-04
7.2247e+02 1.5758e+02 8.4644e+02 2.5253e+02 1.1189e-04
1.0930e+03 7.6321e+01 1.2420e+03 2.4401e+02 1.1162e-04
9.4367e+02 1.6599e+02 1.0148e+03 3.2946e+02 1.0987e-04
7.7319e+02 1.4976e+02 8.3740e+02 3.0083e+02 1.0978e-04
3.9668e+02 1.2007e+02 5.3163e+02 2.0694e+02 1.0923e-04
0.0000e+00 0.0000e+00 9.9626e+01 3.7500e+02 1.0827e-04
1.7224e+02 2.9157e+02 2.4766e+02 3.7500e+02 1.0749e-04
2.5551e+02 0.0000e+00 4.6475e+02 3.7500e+02 1.0684e-04
1.1242e+03 1.6516e+02 1.2354e+03 2.6358e+02 1.0654e-04
2.1609e+02 1.9662e+02 3.5769e+02 3.7500e+02 1.0645e-04
2.7706e+02 1.3334e+02 3.3765e+02 2.5994e+02 1.0568e-04
2.1969e+02 2.2249e+02 3.4889e+02 3.0750e+02 1.0467e-04
1.1533e+03 2.6259e+02 1.2420e+03 3.7477e+02 1.0451e-04
0.0000e+00 2.4042e+02 6.3902e+01 3.3601e+02 1.0417e-04
9.2749e+02 1.6136e+02 1.0001e+03 3.2991e+02 1.0396e-04
3.8896e+02 1.3629e+02 4.5486e+02 2.7229e+02 1.0380e-04
2.2772e+02 1.3858e+02 2.9381e+02 2.7774e+02 1.0355e-04
4.9913e+02 1.2550e+02 6.7431e+02 1.9810e+02 1.0296e-04
4.2176e+02 1.0335e+02 4.8622e+02 2.6397e+02 1.0202e-04
1.5311e+02 2.0957e+02 2.9005e+02 3.7500e+02 9.8440e-05
3.9166e+02 2.1109e+02 4.8119e+02 3.0623e+02 9.7068e-05
0.0000e+00 7.9959e+00 2.5925e+02 3.7261e+02 9.6624e-05
4.4070e+02 2.0081e+02 5.4721e+02 2.8404e+02 9.6322e-05
6.3614e+02 2.9192e+02 7.0930e+02 3.7500e+02 9.6178e-05
3.6872e+02 1.1528e+02 5.5330e+02 1.8001e+02 9.5393e-05
0.0000e+00 2.2783e+02 6.2121e+01 3.1787e+02 9.5361e-05
2.1987e+02 2.9109e+02 2.9257e+02 3.7500e+02 9.5278e-05
2.6485e+01 2.9528e+02 1.0175e+02 3.7500e+02 9.5144e-05
7.5742e+02 1.4880e+02 8.2257e+02 2.9978e+02 9.4895e-05
7.9817e+02 1.2688e+02 8.6988e+02 2.7671e+02 9.3665e-05
1.1947e+02 2.1398e+02 2.8997e+02 2.7637e+02 9.3629e-05
7.4196e+02 1.5467e+02 9.1825e+02 2.2984e+02 9.3577e-05
2.3114e+02 1.3794e+02 4.0817e+02 1.9358e+02 9.3541e-05
5.2387e+02 1.6764e+02 6.6870e+02 2.4107e+02 9.2899e-05
1.6322e+02 2.1078e+02 4.7344e+02 3.5859e+02 9.2780e-05
0.0000e+00 2.7891e+02 3.4731e+02 3.7500e+02 9.2161e-05
1.1852e+03 6.5620e+01 1.2420e+03 1.6199e+02 9.2126e-05
1.5579e+02 2.9156e+02 2.3036e+02 3.7500e+02 9.1952e-05
2.2648e+02 1.8988e+02 2.9733e+02 3.4243e+02 9.0971e-05
3.2093e+02 1.4023e+02 3.9314e+02 2.6379e+02 9.0834e-05
5.3991e+02 2.9132e+02 6.1477e+02 3.7500e+02 9.0585e-05
1.2087e+03 0.0000e+00 1.2420e+03 1.8212e+02 9.0019e-05
2.1234e+02 1.7691e+02 2.8165e+02 3.1077e+02 8.8574e-05
1.1064e+03 1.7381e+02 1.2420e+03 2.4929e+02 8.8565e-05
7.2030e+02 1.1751e+02 7.9334e+02 2.7430e+02 8.8178e-05
9.1081e+02 1.4523e+02 9.8275e+02 3.1744e+02 8.8130e-05
1.1571e+03 2.3593e+02 1.2274e+03 3.7500e+02 8.8069e-05
7.2882e+02 1.4301e+02 9.0173e+02 2.1621e+02 8.6793e-05
1.0902e+03 1.8942e+02 1.2128e+03 2.9710e+02 8.6336e-05
1.0778e+03 2.0001e+02 1.2375e+03 2.8370e+02 8.4878e-05
1.1550e+03 1.1990e+02 1.2207e+03 2.8133e+02 8.4218e-05
1.8872e+01 2.1763e+02 1.6733e+02 3.7500e+02 8.3530e-05
1.1332e+03 5.7176e+01 1.2420e+03 2.7694e+02 8.3193e-05

