9.0466e+02 1.6463e+02 9.6593e+02 1.8876e+02 9.9981e-01
5.0626e+02 1.7897e+02 5.3495e+02 2.0127e+02 9.9977e-01
5.6355e+02 1.7578e+02 6.1672e+02 2.2422e+02 9.9967e-01
9.0450e+02 1.7031e+02 9.6082e+02 1.9284e+02 9.9577e-01
9.0121e+02 1.6419e+02 9.7312e+02 1.9077e+02 9.9573e-01
9.0132e+02 1.6650e+02 9.5308e+02 1.8601e+02 9.9346e-01
5.0477e+02 1.7928e+02 5.2871e+02 1.9890e+02 9.9277e-01
9.1388e+02 1.6546e+02 9.6589e+02 1.8504e+02 9.9272e-01
9.1571e+02 1.6643e+02 9.7151e+02 1.8989e+02 9.8566e-01
5.6961e+02 1.7711e+02 6.1584e+02 2.1945e+02 9.8145e-01
5.3852e+02 1.7741e+02 5.6014e+02 1.9080e+02 9.7985e-01
6.2037e+02 1.7164e+02 6.3688e+02 1.8816e+02 9.7536e-01
5.0979e+02 1.7771e+02 5.3772e+02 1.9710e+02 9.6747e-01
9.0205e+02 1.7203e+02 9.5153e+02 1.9154e+02 9.5918e-01
9.0611e+02 1.6551e+02 9.5151e+02 1.9066e+02 9.4968e-01
9.0947e+02 1.6337e+02 9.5141e+02 1.8535e+02 9.3291e-01
9.2436e+02 1.6404e+02 9.7013e+02 1.8369e+02 9.0977e-01
5.7267e+02 1.7040e+02 6.0801e+02 2.2988e+02 9.0528e-01
5.2970e+02 1.7891e+02 5.5474e+02 1.9520e+02 9.0097e-01
5.3320e+02 1.7773e+02 5.5661e+02 1.9272e+02 8.9507e-01
5.0353e+02 1.7723e+02 5.3045e+02 1.9523e+02 8.9302e-01
9.2375e+02 1.6401e+02 9.6487e+02 1.8930e+02 8.7350e-01
9.0461e+02 1.6459e+02 9.4445e+02 1.8759e+02 8.6785e-01
5.0515e+02 1.8351e+02 5.3408e+02 2.0316e+02 8.6674e-01
9.1055e+02 1.6321e+02 9.6243e+02 1.8054e+02 8.5067e-01
9.2708e+02 1.6463e+02 9.7988e+02 1.8823e+02 8.3586e-01
9.1982e+02 1.6004e+02 9.9985e+02 1.9256e+02 8.3179e-01
5.1903e+02 1.7984e+02 5.4496e+02 1.9737e+02 8.0509e-01
5.0191e+02 1.8058e+02 5.2390e+02 2.0014e+02 8.0327e-01
9.1092e+02 1.6458e+02 9.8536e+02 1.9416e+02 7.9769e-01
8.9961e+02 1.7036e+02 9.4453e+02 1.8778e+02 7.9488e-01
6.1249e+02 1.7446e+02 6.2912e+02 1.9175e+02 7.7186e-01
5.6581e+02 1.7613e+02 6.0305e+02 2.1393e+02 7.3096e-01
9.0613e+02 1.6270e+02 9.5269e+02 1.7966e+02 7.2186e-01
9.2704e+02 1.6344e+02 9.6671e+02 1.7905e+02 7.0583e-01
5.1612e+02 1.7938e+02 5.3858e+02 1.9833e+02 6.9924e-01
9.2563e+02 1.7082e+02 9.7433e+02 1.9246e+02 6.7945e-01
5.7991e+02 1.7477e+02 6.1421e+02 2.1349e+02 6.7311e-01
6.0714e+02 1.7622e+02 6.2420e+02 1.9262e+02 6.6636e-01
5.1197e+02 1.7388e+02 5.2839e+02 2.0436e+02 6.6552e-01
5.7702e+02 1.6962e+02 6.0598e+02 2.2539e+02 6.2686e-01
6.1518e+02 1.7367e+02 6.3400e+02 1.9189e+02 6.2464e-01
5.1077e+02 1.7851e+02 5.2729e+02 2.0679e+02 6.1173e-01
6.2168e+02 1.6856e+02 6.3361e+02 1.9086e+02 5.8153e-01
6.1690e+02 1.7384e+02 6.3532e+02 1.8784e+02 5.6342e-01
5.7441e+02 1.7301e+02 6.0740e+02 2.0771e+02 5.6190e-01
9.3294e+02 1.5774e+02 1.0211e+03 1.9439e+02 5.2918e-01
5.8725e+02 1.7017e+02 6.1184e+02 2.2535e+02 5.2504e-01
5.2201e+02 1.7797e+02 5.4606e+02 1.9370e+02 5.2157e-01
6.0183e+02 1.7574e+02 6.2175e+02 1.9217e+02 5.0861e-01
5.0173e+02 1.8432e+02 5.2952e+02 2.0405e+02 4.8111e-01
9.1809e+02 1.6872e+02 9.6252e+02 1.9283e+02 4.8017e-01
5.1489e+02 1.7288e+02 5.3164e+02 2.0046e+02 4.7898e-01
5.2480e+02 1.8087e+02 5.5050e+02 1.9848e+02 4.6453e-01
9.0116e+02 1.6665e+02 9.3735e+02 1.8794e+02 4.5595e-01
9.0742e+02 1.5944e+02 9.8454e+02 1.8928e+02 4.4405e-01
5.0040e+02 1.7641e+02 5.2562e+02 1.9457e+02 4.4164e-01
5.0963e+02 1.7260e+02 5.2607e+02 2.0123e+02 4.3956e-01
5.6870e+02 1.6943e+02 5.9232e+02 2.2433e+02 4.1912e-01
5.3453e+02 1.8034e+02 5.5848e+02 1.9535e+02 4.1524e-01
6.0927e+02 1.7596e+02 6.2955e+02 1.9393e+02 4.0818e-01
5.3587e+02 1.7582e+02 5.5857e+02 1.8969e+02 4.0079e-01
5.8708e+02 1.7545e+02 6.1186e+02 2.0430e+02 3.9217e-01
5.6471e+02 1.7905e+02 6.0740e+02 2.2082e+02 3.3753e-01
5.7014e+02 1.7600e+02 6.1046e+02 2.0460e+02 3.3446e-01
5.9805e+02 1.7669e+02 6.2004e+02 1.9555e+02 3.2659e-01
5.7262e+02 1.6742e+02 5.9642e+02 2.2290e+02 2.9547e-01
5.9877e+02 1.7530e+02 6.1626e+02 1.9397e+02 2.9530e-01
5.4414e+02 1.7873e+02 5.6665e+02 1.9401e+02 2.9314e-01
9.0160e+02 1.7124e+02 9.3737e+02 1.9216e+02 2.9268e-01
4.9754e+02 1.7925e+02 5.2089e+02 1.9802e+02 2.8579e-01
5.6598e+02 1.8318e+02 6.1489e+02 2.2836e+02 2.8232e-01
9.5113e+02 1.5816e+02 1.0118e+03 1.8609e+02 2.7909e-01
6.1958e+02 1.6809e+02 6.3095e+02 1.9257e+02 2.7795e-01
5.6678e+02 1.7083e+02 5.9985e+02 2.3091e+02 2.7665e-01
5.5583e+02 1.8350e+02 6.2125e+02 2.2792e+02 2.6995e-01
5.0807e+02 1.7680e+02 5.2178e+02 2.0551e+02 2.6847e-01
5.6588e+02 1.6879e+02 5.8726e+02 2.2289e+02 2.4381e-01
5.6842e+02 1.7501e+02 5.9734e+02 2.0538e+02 2.3621e-01
9.3297e+02 1.6625e+02 9.8856e+02 1.9169e+02 2.3276e-01
5.7230e+02 1.7943e+02 6.2254e+02 2.1195e+02 2.3121e-01
5.0625e+02 1.7940e+02 5.2292e+02 2.0811e+02 2.3037e-01
8.8481e+02 1.6016e+02 9.6301e+02 1.9333e+02 2.1806e-01
9.2010e+02 1.5852e+02 9.3744e+02 1.9839e+02 2.1463e-01
6.0799e+02 1.7455e+02 6.2718e+02 1.8829e+02 2.1157e-01
6.2355e+02 1.6898e+02 6.3536e+02 1.9218e+02 2.1069e-01
5.6243e+02 1.7789e+02 5.8758e+02 2.0623e+02 2.0981e-01
6.1986e+02 1.7377e+02 6.3871e+02 1.9002e+02 2.0472e-01
5.5699e+02 1.7884e+02 5.9977e+02 2.0885e+02 2.0068e-01
6.2136e+02 1.7180e+02 6.4160e+02 1.8695e+02 1.9586e-01
9.1883e+02 1.6418e+02 9.6025e+02 1.8298e+02 1.9439e-01
5.7827e+02 1.6709e+02 5.9989e+02 2.1893e+02 1.9407e-01
5.9159e+02 1.7484e+02 6.1251e+02 1.9570e+02 1.9106e-01
5.9081e+02 1.7657e+02 6.1886e+02 1.9841e+02 1.8588e-01
5.9261e+02 1.7439e+02 6.1724e+02 1.9293e+02 1.8548e-01
5.8551e+02 1.7696e+02 6.1590e+02 2.0017e+02 1.8349e-01
5.7021e+02 1.7529e+02 6.1946e+02 2.1197e+02 1.7865e-01
5.1419e+02 1.8241e+02 5.4144e+02 2.0062e+02 1.7711e-01
5.9193e+02 1.7062e+02 6.0967e+02 2.1547e+02 1.7456e-01
9.2914e+02 1.6435e+02 9.6296e+02 1.8250e+02 1.6413e-01
9.0295e+02 1.6399e+02 9.3529e+02 1.8489e+02 1.6322e-01
5.1974e+02 1.7262e+02 5.3271e+02 1.9820e+02 1.5700e-01
4.9558e+02 1.8044e+02 5.1482e+02 1.9945e+02 1.4874e-01
5.5918e+02 1.7815e+02 5.8587e+02 1.9854e+02 1.4820e-01
5.5300e+02 1.7903e+02 5.7497e+02 1.9556e+02 1.4809e-01
5.6640e+02 1.7717e+02 5.9129e+02 2.0363e+02 1.4386e-01
9.4588e+02 1.6186e+02 1.0036e+03 1.8825e+02 1.4153e-01
5.9616e+02 1.7124e+02 6.1127e+02 2.1114e+02 1.4013e-01
5.4387e+02 1.7659e+02 5.6452e+02 1.9063e+02 1.3996e-01
5.1901e+02 1.7603e+02 5.3155e+02 2.0284e+02 1.3958e-01
9.1708e+02 1.5963e+02 9.3432e+02 1.9700e+02 1.2835e-01
5.4326e+02 1.7281e+02 5.5541e+02 1.9381e+02 1.2705e-01
5.5681e+02 1.7924e+02 5.8068e+02 1.9790e+02 1.2646e-01
5.0710e+02 1.7200e+02 5.2039e+02 1.9960e+02 1.2443e-01
9.2388e+02 1.5940e+02 9.4011e+02 1.9881e+02 1.1794e-01
5.6283e+02 1.7898e+02 5.9232e+02 2.1127e+02 1.1573e-01
9.3657e+02 1.6300e+02 9.9406e+02 1.8866e+02 1.1324e-01
4.9727e+02 1.8478e+02 5.2129e+02 2.0384e+02 1.0889e-01
5.9745e+02 1.7416e+02 6.1859e+02 1.8873e+02 9.9114e-02
5.4924e+02 1.7694e+02 5.7211e+02 1.9188e+02 9.2004e-02
5.0983e+02 1.7620e+02 5.3543e+02 1.9164e+02 8.9228e-02
9.3525e+02 1.6342e+02 9.7345e+02 1.8951e+02 8.8346e-02
9.0595e+02 1.6154e+02 9.4088e+02 1.8157e+02 8.7439e-02
5.8573e+02 1.6800e+02 6.0674e+02 2.1895e+02 8.6166e-02
5.6284e+02 1.7650e+02 6.0172e+02 2.0220e+02 8.5861e-02
8.9964e+02 1.6916e+02 9.3295e+02 1.8958e+02 8.4881e-02
9.3350e+02 1.5954e+02 9.7509e+02 1.7830e+02 8.4728e-02
5.9924e+02 1.6941e+02 6.1423e+02 2.1407e+02 7.6176e-02
6.1531e+02 1.7040e+02 6.2596e+02 1.9656e+02 7.6090e-02
5.7630e+02 1.6940e+02 6.1220e+02 2.4284e+02 7.3792e-02
5.6427e+02 1.7192e+02 5.8022e+02 2.1651e+02 6.7701e-02
9.4748e+02 1.5670e+02 1.0041e+03 1.8079e+02 6.6350e-02
5.9373e+02 1.7601e+02 6.1523e+02 2.0471e+02 6.6233e-02
4.9333e+02 1.7636e+02 5.4804e+02 2.0433e+02 6.5384e-02
6.1750e+02 1.6882e+02 6.3006e+02 1.9753e+02 6.5200e-02
9.2793e+02 1.6014e+02 9.4366e+02 1.9918e+02 6.5070e-02
9.5014e+02 1.6491e+02 1.0065e+03 1.9193e+02 6.4840e-02
9.3179e+02 1.5939e+02 9.4791e+02 1.9987e+02 6.4152e-02
9.3558e+02 1.5953e+02 9.5143e+02 1.9910e+02 6.3364e-02
5.1520e+02 1.7788e+02 5.3622e+02 1.9407e+02 6.3332e-02
9.0208e+02 1.7553e+02 9.4333e+02 1.9399e+02 6.2184e-02
5.7545e+02 1.7251e+02 6.0525e+02 1.9939e+02 6.1458e-02
5.3797e+02 1.7497e+02 5.6273e+02 1.8909e+02 6.1035e-02
5.6836e+02 1.7122e+02 5.8546e+02 2.1488e+02 6.0633e-02
6.1272e+02 1.7086e+02 6.2543e+02 2.0162e+02 5.9280e-02
5.4223e+02 1.8029e+02 5.6505e+02 1.9613e+02 5.8518e-02
5.4530e+02 1.7161e+02 5.5742e+02 1.9184e+02 5.8306e-02
6.1697e+02 1.7168e+02 6.3854e+02 1.8635e+02 5.7771e-02
5.4882e+02 1.7975e+02 5.6892e+02 1.9651e+02 5.7179e-02
5.8689e+02 1.7420e+02 6.1431e+02 1.9324e+02 5.5725e-02
9.3809e+02 1.6872e+02 9.9176e+02 1.9487e+02 5.5463e-02
6.0194e+02 1.7033e+02 6.1278e+02 2.0538e+02 5.4404e-02
4.9620e+02 1.7639e+02 5.2079e+02 1.9411e+02 5.3693e-02
4.9541e+02 1.8359e+02 5.1608e+02 2.0249e+02 5.2581e-02
6.1055e+02 1.7224e+02 6.2138e+02 1.9745e+02 5.2555e-02
9.3987e+02 1.5806e+02 9.5409e+02 1.9407e+02 5.2232e-02
5.6972e+02 1.7300e+02 6.0281e+02 1.9528e+02 5.0136e-02
5.5834e+02 1.7846e+02 5.7698e+02 1.9644e+02 4.8110e-02
6.0882e+02 1.7224e+02 6.2074e+02 2.0187e+02 4.7095e-02
9.3571e+02 1.5356e+02 1.0024e+03 1.9418e+02 4.6856e-02
5.8141e+02 1.7377e+02 6.0955e+02 1.9791e+02 4.6375e-02
9.1317e+02 1.6020e+02 9.2931e+02 1.9507e+02 4.5507e-02
9.2199e+02 1.5568e+02 9.3697e+02 1.8666e+02 4.5244e-02
5.8398e+02 1.7717e+02 6.2234e+02 2.0504e+02 4.4944e-02
4.9520e+02 1.7642e+02 5.1379e+02 1.9491e+02 4.3761e-02
5.0143e+02 1.7495e+02 5.2835e+02 1.9065e+02 4.3722e-02
5.7251e+02 1.7385e+02 6.0415e+02 2.3126e+02 4.3412e-02
5.0455e+02 1.7370e+02 5.1490e+02 2.0078e+02 4.2737e-02
9.3410e+02 1.6138e+02 9.8700e+02 1.8305e+02 4.2514e-02
5.3199e+02 1.7583e+02 5.5400e+02 1.9108e+02 4.1661e-02
6.0638e+02 1.7017e+02 6.1691e+02 1.9883e+02 4.1179e-02
6.1354e+02 1.7172e+02 6.3137e+02 1.8784e+02 4.1072e-02
5.1699e+02 1.8001e+02 5.3265e+02 2.0708e+02 3.9595e-02
5.5642e+02 1.7715e+02 5.7935e+02 1.9298e+02 3.9515e-02
5.6204e+02 1.7292e+02 6.1686e+02 2.0641e+02 3.7672e-02
5.6021e+02 1.7570e+02 5.8491e+02 1.9332e+02 3.7088e-02
5.1490e+02 1.7608e+02 5.3910e+02 1.9048e+02 3.6987e-02
5.1216e+02 1.8123e+02 5.3118e+02 2.1033e+02 3.5073e-02
9.1873e+02 1.5582e+02 9.3379e+02 1.8646e+02 3.2905e-02
9.0892e+02 1.6334e+02 9.2530e+02 1.9432e+02 3.2543e-02
5.9789e+02 1.6974e+02 6.1017e+02 2.0293e+02 3.1144e-02
9.5657e+02 1.5534e+02 1.0040e+03 1.8946e+02 3.0848e-02
9.3428e+02 1.6208e+02 9.6519e+02 1.8127e+02 3.0606e-02
5.0113e+02 1.8781e+02 5.3160e+02 2.0630e+02 3.0040e-02
5.4712e+02 1.7359e+02 5.5843e+02 1.9339e+02 2.9805e-02
6.0227e+02 1.7629e+02 6.1949e+02 2.0059e+02 2.9099e-02
9.3713e+02 1.5879e+02 9.5187e+02 1.8837e+02 2.7984e-02
5.8472e+02 1.7064e+02 6.1251e+02 2.2984e+02 2.6740e-02
5.1962e+02 1.8337e+02 5.4565e+02 2.0041e+02 2.6421e-02
5.3990e+02 1.7549e+02 5.5233e+02 1.9645e+02 2.5988e-02
5.4043e+02 1.7541e+02 5.5471e+02 2.0017e+02 2.5848e-02
5.4183e+02 1.7357e+02 5.5324e+02 1.9455e+02 2.5661e-02
5.4391e+02 1.7473e+02 5.5774e+02 2.0046e+02 2.4551e-02
5.6929e+02 1.7432e+02 5.9501e+02 1.9839e+02 2.3535e-02
9.4350e+02 1.5293e+02 1.0314e+03 1.9105e+02 2.2769e-02
5.2458e+02 1.7308e+02 5.3522e+02 1.9781e+02 2.2690e-02
9.4368e+02 1.5903e+02 9.5760e+02 1.9397e+02 2.1931e-02
5.9373e+02 1.7012e+02 6.0844e+02 2.0561e+02 2.1805e-02
9.0692e+02 1.6028e+02 9.5137e+02 1.7668e+02 2.1711e-02
6.0590e+02 1.7738e+02 6.2321e+02 1.9738e+02 2.1085e-02
5.8060e+02 1.6292e+02 6.1371e+02 2.2276e+02 2.0914e-02
6.1722e+02 1.6949e+02 6.2751e+02 1.9382e+02 2.0438e-02
9.2527e+02 1.5664e+02 9.4007e+02 1.8740e+02 2.0431e-02
6.2334e+02 1.7516e+02 6.4269e+02 1.9092e+02 2.0284e-02
9.0258e+02 1.6012e+02 9.3471e+02 1.8048e+02 2.0016e-02
5.2359e+02 1.7568e+02 5.3445e+02 2.0144e+02 1.9749e-02
5.2423e+02 1.7538e+02 5.4805e+02 1.9071e+02 1.8751e-02
9.4186e+02 1.6178e+02 9.8049e+02 1.9128e+02 1.8454e-02
5.7171e+02 1.6877e+02 5.8878e+02 2.0886e+02 1.8429e-02
5.9662e+02 1.6960e+02 6.1521e+02 2.2199e+02 1.8353e-02
6.0540e+02 1.6943e+02 6.1672e+02 2.0962e+02 1.8112e-02
6.0817e+02 1.7754e+02 6.2746e+02 1.9717e+02 1.7148e-02
9.5520e+02 1.5279e+02 9.7428e+02 1.9243e+02 1.7085e-02
9.4910e+02 1.5934e+02 9.8943e+02 1.9247e+02 1.6434e-02
5.6659e+02 1.7237e+02 5.7871e+02 2.0894e+02 1.6161e-02
5.8330e+02 1.6766e+02 6.0318e+02 2.0983e+02 1.5886e-02
5.6357e+02 1.8048e+02 5.9715e+02 2.1627e+02 1.5513e-02
5.0396e+02 1.7895e+02 5.1697e+02 2.0781e+02 1.5471e-02
9.1472e+02 1.5492e+02 9.2888e+02 1.8583e+02 1.5125e-02
5.4937e+02 1.7488e+02 6.0938e+02 2.1171e+02 1.4953e-02
9.5777e+02 1.5604e+02 1.0163e+03 1.8218e+02 1.4435e-02
5.7426e+02 1.7370e+02 6.0522e+02 1.9121e+02 1.3883e-02
9.3312e+02 1.5815e+02 9.4803e+02 1.8791e+02 1.3783e-02
6.0752e+02 1.7168e+02 6.2988e+02 1.8599e+02 1.3466e-02
4.9959e+02 1.7114e+02 5.1003e+02 2.0066e+02 1.3455e-02
9.5893e+02 1.5291e+02 9.7891e+02 1.9407e+02 1.3408e-02
9.0976e+02 1.5702e+02 9.2588e+02 1.8902e+02 1.3127e-02
9.5371e+02 1.5337e+02 9.9366e+02 1.8468e+02 1.2797e-02
5.7567e+02 1.6497e+02 5.9273e+02 2.0788e+02 1.2654e-02
9.5469e+02 1.5754e+02 9.7381e+02 2.0082e+02 1.2416e-02
5.6478e+02 1.7494e+02 5.9286e+02 1.9503e+02 1.2181e-02
9.3376e+02 1.7369e+02 9.7880e+02 1.9497e+02 1.2106e-02
9.6294e+02 1.5244e+02 9.8271e+02 1.9464e+02 1.2028e-02
5.3582e+02 1.8206e+02 5.6072e+02 1.9890e+02 1.1999e-02
8.9535e+02 1.6772e+02 9.3423e+02 1.8621e+02 1.1935e-02
9.5703e+02 1.6899e+02 1.0113e+03 1.9554e+02 1.1626e-02
5.7726e+02 1.7732e+02 6.1030e+02 2.3303e+02 1.1392e-02
5.2006e+02 1.7674e+02 5.3955e+02 1.9339e+02 1.1346e-02
9.2935e+02 1.5694e+02 9.4384e+02 1.8750e+02 1.1127e-02
9.4350e+02 1.5703e+02 9.9284e+02 1.7844e+02 1.0702e-02
7.3354e+02 1.6474e+02 7.6805e+02 1.8137e+02 1.0585e-02
5.6951e+02 1.6826e+02 5.8400e+02 2.0636e+02 1.0505e-02
6.2075e+02 1.6637e+02 6.3522e+02 1.9376e+02 1.0361e-02
9.4715e+02 1.5699e+02 9.8494e+02 1.8777e+02 1.0335e-02
5.8259e+02 1.7437e+02 6.1169e+02 1.9101e+02 1.0262e-02
5.6451e+02 1.4183e+02 6.2014e+02 2.6510e+02 9.9650e-03
5.8869e+02 1.6816e+02 6.0622e+02 2.0761e+02 9.9550e-03
5.4196e+02 1.6425e+02 6.3420e+02 2.4108e+02 9.9104e-03
4.9559e+02 1.7424e+02 5.2373e+02 1.9123e+02 9.6019e-03
5.4049e+02 1.8169e+02 5.6484e+02 1.9995e+02 9.5662e-03
6.0791e+02 1.7145e+02 6.1993e+02 2.0917e+02 9.5174e-03
6.0166e+02 1.7163e+02 6.2068e+02 1.8818e+02 9.5136e-03
5.6247e+02 1.7376e+02 5.7446e+02 2.1146e+02 9.4509e-03
9.2350e+02 1.6160e+02 9.6694e+02 1.7587e+02 9.4294e-03
5.4704e+02 1.7470e+02 5.7220e+02 1.8956e+02 9.2787e-03
9.0587e+02 1.6323e+02 9.2112e+02 1.9438e+02 9.2150e-03
0.0000e+00 2.8157e+02 2.9374e+01 3.7500e+02 9.0816e-03
4.9108e+02 1.8068e+02 5.1066e+02 1.9998e+02 9.0433e-03
5.0157e+02 1.7361e+02 5.6452e+02 2.0201e+02 8.9873e-03
6.2676e+02 1.6990e+02 6.3868e+02 1.9497e+02 8.7326e-03
5.4850e+02 1.7522e+02 5.6164e+02 2.0224e+02 8.5603e-03
9.5258e+02 1.5822e+02 9.6853e+02 1.9440e+02 8.4987e-03
9.5342e+02 1.5695e+02 1.0463e+03 1.9535e+02 8.3287e-03
5.5583e+02 1.7537e+02 6.0774e+02 2.2142e+02 8.2302e-03
9.4889e+02 1.5885e+02 9.6252e+02 1.9301e+02 8.1392e-03
5.1055e+02 1.8767e+02 5.4051e+02 2.0447e+02 7.4646e-03
9.6587e+02 1.5082e+02 9.8672e+02 1.9475e+02 7.4628e-03
5.3182e+02 1.8295e+02 5.5651e+02 1.9895e+02 7.1637e-03
5.6339e+02 1.5908e+02 5.9613e+02 2.2609e+02 7.0604e-03
9.6867e+02 1.4889e+02 9.9156e+02 1.9487e+02 7.0568e-03
6.1310e+02 1.7693e+02 6.3255e+02 1.9548e+02 6.9977e-03
8.5513e+02 1.7623e+02 8.8947e+02 1.9242e+02 6.8581e-03
9.4179e+02 1.5698e+02 9.5607e+02 1.8307e+02 6.8187e-03
9.2745e+02 1.5474e+02 9.9280e+02 1.9015e+02 6.8112e-03
7.4285e+02 1.6029e+02 7.7946e+02 1.7874e+02 6.5237e-03
1.1256e+03 1.5566e+02 1.2400e+03 1.9732e+02 6.4631e-03
5.1667e+02 1.6240e+02 6.4715e+02 2.3571e+02 6.4324e-03
9.3931e+02 1.6455e+02 9.5522e+02 1.9796e+02 6.4250e-03
9.1073e+02 1.6121e+02 9.6300e+02 1.7625e+02 6.3757e-03
4.9095e+02 1.7116e+02 5.4248e+02 2.0634e+02 6.1127e-03
5.3784e+02 1.7593e+02 5.5152e+02 2.0061e+02 6.0887e-03
9.4443e+02 1.6585e+02 9.8367e+02 1.9618e+02 6.0422e-03
9.3977e+02 1.5950e+02 9.7045e+02 1.8034e+02 5.7092e-03
4.9068e+02 1.7925e+02 5.1673e+02 1.9696e+02 5.6599e-03
9.7266e+02 1.5088e+02 9.9544e+02 1.9600e+02 5.6210e-03
5.7666e+02 1.7160e+02 6.2988e+02 2.0378e+02 5.5403e-03
4.9167e+02 1.8060e+02 5.4959e+02 2.0972e+02 5.4921e-03
7.5057e+02 1.5932e+02 7.9336e+02 1.7730e+02 5.4429e-03
5.8858e+02 1.7769e+02 6.1469e+02 2.1190e+02 5.4301e-03
5.2827e+02 1.8484e+02 5.5482e+02 2.0127e+02 5.3859e-03
4.9240e+02 1.7480e+02 5.1190e+02 1.9403e+02 5.3250e-03
8.9858e+02 1.7202e+02 9.2607e+02 1.9168e+02 4.9781e-03
9.1825e+02 1.5413e+02 9.4322e+02 1.9924e+02 4.9485e-03
9.5972e+02 1.6155e+02 1.0046e+03 1.9519e+02 4.8919e-03
4.9025e+02 1.8438e+02 5.1146e+02 2.0366e+02 4.8694e-03
4.9628e+02 1.7030e+02 5.0832e+02 2.0089e+02 4.8636e-03
7.3596e+02 1.6207e+02 7.7004e+02 1.7899e+02 4.7274e-03
6.2674e+02 1.7369e+02 6.4675e+02 1.8973e+02 4.7194e-03
8.9740e+02 1.6881e+02 9.6711e+02 1.9410e+02 4.6088e-03
5.5659e+02 1.8396e+02 6.0310e+02 2.1755e+02 4.5793e-03
5.9893e+02 1.7107e+02 6.2263e+02 1.8545e+02 4.4937e-03
9.0573e+02 1.7783e+02 9.5048e+02 1.9624e+02 4.4489e-03
5.6328e+02 1.7285e+02 5.7328e+02 2.0515e+02 4.3627e-03
5.2607e+02 1.6928e+02 5.3668e+02 1.9658e+02 4.2834e-03
9.0510e+02 1.5515e+02 9.2163e+02 1.9083e+02 4.2620e-03
6.1830e+02 1.6487e+02 6.3265e+02 1.9311e+02 4.2101e-03
5.4577e+02 1.8192e+02 5.6847e+02 2.0084e+02 4.1643e-03
6.1702e+02 1.7740e+02 6.3717e+02 1.9494e+02 4.1106e-03
5.5070e+02 1.8242e+02 5.7114e+02 2.0276e+02 4.0540e-03
6.1102e+02 1.7095e+02 6.2432e+02 2.1016e+02 4.0072e-03
5.2872e+02 1.7472e+02 5.4007e+02 1.9978e+02 3.9775e-03
8.9874e+02 1.7392e+02 9.3273e+02 1.9401e+02 3.9707e-03
9.4538e+02 1.5585e+02 9.5850e+02 1.8387e+02 3.6745e-03
5.5647e+02 1.8236e+02 5.7640e+02 2.0437e+02 3.6354e-03
0.0000e+00 3.5765e+02 6.4191e+00 3.7500e+02 3.6351e-03
8.9725e+02 1.6670e+02 9.2562e+02 1.8707e+02 3.5992e-03
9.1494e+02 1.6730e+02 9.3461e+02 2.0062e+02 3.5915e-03
5.3738e+02 1.7175e+02 5.4717e+02 1.9528e+02 3.5862e-03
7.4620e+02 1.6250e+02 7.8544e+02 1.8149e+02 3.5665e-03
5.1378e+02 1.8611e+02 5.4278e+02 2.0292e+02 3.5418e-03
5.0226e+02 1.6711e+02 5.1446e+02 2.0025e+02 3.5339e-03
5.5926e+02 1.7628e+02 5.7086e+02 2.0900e+02 3.4431e-03
9.5394e+02 1.5068e+02 9.6881e+02 1.8651e+02 3.4092e-03
9.5063e+02 1.5438e+02 9.8406e+02 1.8188e+02 3.3990e-03
5.7394e+02 1.7118e+02 6.0754e+02 2.5977e+02 3.3795e-03
5.5265e+02 1.7270e+02 5.6384e+02 1.9787e+02 3.3575e-03
5.0574e+02 1.8328e+02 5.2473e+02 2.1710e+02 3.2970e-03
6.1607e+02 1.6745e+02 6.3993e+02 1.8449e+02 3.2470e-03
5.3572e+02 1.7462e+02 5.4658e+02 1.9876e+02 3.2251e-03
5.5526e+02 1.7451e+02 5.8041e+02 1.9025e+02 3.2070e-03
5.7659e+02 1.7671e+02 6.3181e+02 2.1705e+02 3.1951e-03
5.5336e+02 1.7559e+02 5.6589e+02 2.0582e+02 3.1541e-03
5.7334e+02 1.4955e+02 6.1060e+02 2.2530e+02 3.1369e-03
9.5772e+02 1.6239e+02 1.0166e+03 1.8691e+02 3.1286e-03
9.5823e+02 1.5912e+02 9.7804e+02 2.0151e+02 3.0701e-03
1.1596e+03 1.8301e+02 1.2420e+03 3.7500e+02 3.0467e-03
6.0254e+02 1.6862e+02 6.1315e+02 1.9643e+02 3.0287e-03
5.2231e+02 1.7936e+02 5.3666e+02 2.0690e+02 2.9585e-03
9.4319e+02 1.6476e+02 9.5975e+02 1.9808e+02 2.9506e-03
0.0000e+00 3.2848e+02 1.4965e+01 3.7500e+02 2.9422e-03
9.2502e+02 1.5458e+02 9.4869e+02 1.9692e+02 2.9220e-03
8.6369e+02 1.7624e+02 8.9793e+02 1.9180e+02 2.9159e-03
4.8570e+02 1.8162e+02 5.0784e+02 2.0060e+02 2.8838e-03
5.5479e+02 1.3596e+02 6.1347e+02 2.5868e+02 2.8805e-03
4.9335e+02 1.8896e+02 5.2068e+02 2.0640e+02 2.8214e-03
9.4230e+02 1.7250e+02 9.8787e+02 1.9610e+02 2.8194e-03
9.1273e+02 1.7722e+02 9.5661e+02 1.9531e+02 2.8148e-03
4.9119e+02 1.7563e+02 5.1827e+02 1.9251e+02 2.7981e-03
1.2017e+03 2.8972e+02 1.2420e+03 3.7500e+02 2.7917e-03
0.0000e+00 3.1693e+02 4.0276e+01 3.7500e+02 2.7871e-03
8.9230e+02 1.6266e+02 9.3360e+02 1.8318e+02 2.7686e-03
8.5583e+02 1.7251e+02 8.9102e+02 1.9013e+02 2.7232e-03
5.6713e+02 1.6878e+02 5.7791e+02 2.0246e+02 2.6627e-03
6.1040e+02 1.6711e+02 6.2332e+02 1.9620e+02 2.6525e-03
5.6654e+02 1.7686e+02 5.9732e+02 2.2529e+02 2.6136e-03
5.4002e+02 1.6838e+02 5.5362e+02 1.9169e+02 2.6097e-03
9.3719e+02 1.5761e+02 9.7922e+02 1.7558e+02 2.5931e-03
9.1068e+02 1.4987e+02 9.3726e+02 2.0181e+02 2.5925e-03
5.0952e+02 1.8236e+02 5.2822e+02 2.1626e+02 2.5262e-03
5.6803e+02 1.4646e+02 6.0337e+02 2.2577e+02 2.4784e-03
1.0816e+03 2.6226e+02 1.2420e+03 3.7500e+02 2.3871e-03
5.6189e+02 1.6628e+02 6.0028e+02 2.4523e+02 2.3480e-03
4.8471e+02 1.8576e+02 5.0831e+02 2.0414e+02 2.3028e-03
6.2737e+02 1.7130e+02 6.3994e+02 1.9935e+02 2.2950e-03
5.3166e+02 1.7182e+02 5.5673e+02 1.8778e+02 2.2820e-03
6.0551e+02 1.6569e+02 6.1831e+02 1.9575e+02 2.2660e-03
5.0604e+02 1.6522e+02 5.3497e+02 2.2028e+02 2.2449e-03
1.2234e+03 3.3320e+02 1.2420e+03 3.7500e+02 2.2217e-03
4.9917e+02 1.7855e+02 5.1117e+02 2.0826e+02 2.2096e-03
5.8916e+02 1.7364e+02 6.3015e+02 2.0896e+02 2.2061e-03
9.4675e+02 1.6166e+02 1.0346e+03 1.9710e+02 2.1895e-03
4.9830e+02 1.9061e+02 5.2970e+02 2.0822e+02 2.1843e-03
8.6967e+02 1.5460e+02 9.5122e+02 1.8856e+02 2.0915e-03
1.1899e+03 3.2096e+02 1.2420e+03 3.7500e+02 2.0749e-03
1.1230e+03 2.5174e+02 1.2420e+03 3.7500e+02 2.0665e-03
8.6773e+02 1.4786e+02 1.0205e+03 2.0189e+02 2.0643e-03
1.2103e+03 1.7723e+02 1.2420e+03 2.2010e+02 2.0339e-03
8.5928e+02 1.5774e+02 9.4397e+02 1.9346e+02 2.0319e-03
8.7504e+02 1.6283e+02 9.5084e+02 1.9498e+02 2.0261e-03
5.1173e+02 1.7166e+02 5.7425e+02 1.9904e+02 1.9632e-03
0.0000e+00 1.9852e+02 5.4717e+01 3.7500e+02 1.8806e-03
5.6075e+02 1.1643e+02 6.2726e+02 2.6361e+02 1.8517e-03
0.0000e+00 1.0801e+01 1.2693e+02 3.7500e+02 1.7882e-03
4.7610e+02 1.7131e+02 5.4115e+02 2.0228e+02 1.7250e-03
1.2200e+03 3.5368e+02 1.2420e+03 3.7500e+02 1.7189e-03
5.7594e+02 1.3791e+02 6.2701e+02 2.6432e+02 1.6644e-03
1.2112e+03 1.6931e+02 1.2420e+03 2.1261e+02 1.5439e-03
5.8038e+02 1.7160e+02 6.1314e+02 2.6463e+02 1.4163e-03
1.2131e+03 3.5654e+02 1.2420e+03 3.7500e+02 1.3763e-03
1.2272e+03 1.6191e+02 1.2420e+03 2.5053e+02 1.2752e-03
1.1180e+03 1.5071e+02 1.2329e+03 1.9188e+02 1.2458e-03
5.6899e+02 1.8212e+02 6.1707e+02 2.3045e+02 1.2433e-03
0.0000e+00 1.1777e+02 3.0977e+01 3.1246e+02 1.2389e-03
0.0000e+00 3.4947e+02 2.2815e+01 3.7500e+02 1.1852e-03
5.5792e+02 1.6114e+02 6.1237e+02 2.0526e+02 1.1784e-03
9.5592e+02 1.4550e+02 9.8288e+02 2.0370e+02 1.1728e-03
1.2130e+03 1.6258e+02 1.2420e+03 2.0545e+02 1.1378e-03
5.3560e+02 1.7471e+02 5.9441e+02 2.0793e+02 1.1293e-03
0.0000e+00 3.2675e+02 5.4969e+01 3.7500e+02 1.1186e-03
8.8336e+02 1.5569e+02 9.4706e+02 1.9215e+02 1.1015e-03
9.6137e+02 1.4342e+02 9.9280e+02 2.0447e+02 1.0882e-03
5.6850e+02 1.7181e+02 6.0243e+02 2.5537e+02 1.0592e-03
1.1218e+03 1.6341e+02 1.2282e+03 2.0047e+02 1.0344e-03
1.1056e+03 0.0000e+00 1.2420e+03 3.5475e+02 1.0310e-03
0.0000e+00 2.5471e+02 8.6804e+01 3.7500e+02 9.9342e-04
5.6289e+02 1.7008e+02 5.8650e+02 2.2905e+02 9.6918e-04
9.2130e+02 1.5352e+02 9.5370e+02 1.9818e+02 9.4829e-04
0.0000e+00 1.0173e+02 1.8310e+02 3.7500e+02 9.2353e-04
0.0000e+00 2.9292e+02 4.5721e+01 3.7500e+02 9.1395e-04
0.0000e+00 8.0033e+01 2.8590e+01 2.8706e+02 9.0656e-04
1.2183e+03 1.7222e+02 1.2420e+03 2.2505e+02 8.9958e-04
5.9293e+02 1.6098e+02 6.1835e+02 2.2011e+02 8.9698e-04
5.8478e+02 1.6989e+02 6.4203e+02 2.0047e+02 8.8814e-04
5.8587e+02 1.6705e+02 6.1522e+02 2.5251e+02 8.5852e-04
9.2339e+02 1.6674e+02 1.0052e+03 1.9678e+02 8.5707e-04
5.3493e+02 1.3956e+02 6.4174e+02 2.3268e+02 8.5607e-04
0.0000e+00 2.2513e+02 2.6386e+01 3.7500e+02 8.5201e-04
0.0000e+00 2.6595e+02 1.4563e+02 3.7500e+02 8.4524e-04
8.9965e+02 1.4465e+02 1.0561e+03 2.0463e+02 8.4038e-04
9.4911e+02 1.4683e+02 9.7410e+02 2.0162e+02 8.0774e-04
5.0158e+02 1.6066e+02 5.2927e+02 2.1898e+02 8.0491e-04
5.4043e+02 1.8026e+02 6.0295e+02 2.1742e+02 8.0396e-04
0.0000e+00 1.1956e+02 2.6783e+02 3.7500e+02 7.9232e-04
5.1226e+02 1.4409e+02 6.6744e+02 2.1962e+02 7.9024e-04
1.2041e+03 0.0000e+00 1.2420e+03 8.3869e+01 7.6945e-04
9.6474e+02 0.0000e+00 1.2420e+03 1.2450e+02 7.6905e-04
4.6901e+02 1.5763e+02 6.2973e+02 2.2483e+02 7.6780e-04
9.3574e+02 1.5211e+02 1.0181e+03 1.8561e+02 7.5645e-04
9.3254e+02 1.5580e+02 9.5395e+02 1.9828e+02 7.5159e-04
1.1001e+03 1.5649e+02 1.2150e+03 1.9703e+02 7.3448e-04
1.2170e+03 1.5506e+02 1.2420e+03 1.9630e+02 7.3301e-04
1.1610e+03 0.0000e+00 1.2420e+03 1.7685e+02 7.0440e-04
5.4220e+02 1.6918e+02 6.0357e+02 2.0233e+02 6.9248e-04
1.2126e+03 1.2162e+02 1.2420e+03 1.6386e+02 6.9149e-04
0.0000e+00 1.4862e+02 2.9197e+01 3.4414e+02 6.6743e-04
5.1988e+02 1.7928e+02 6.5761e+02 2.5364e+02 6.5698e-04
1.2121e+03 1.1289e+02 1.2420e+03 1.5732e+02 6.5313e-04
5.8197e+02 1.4800e+02 6.1655e+02 2.2119e+02 6.3471e-04
5.5147e+02 1.5709e+02 6.9046e+02 2.2675e+02 6.2957e-04
0.0000e+00 1.4520e+02 1.5593e+01 2.6018e+02 6.2710e-04
1.1652e+03 0.0000e+00 1.2420e+03 3.3041e+01 6.1799e-04
9.0152e+02 1.4447e+02 9.2943e+02 2.0161e+02 6.1277e-04
5.1159e+02 1.6500e+02 5.3908e+02 2.1937e+02 6.1099e-04
8.3959e+02 1.5777e+02 9.2743e+02 1.9425e+02 6.0060e-04
8.9672e+02 1.5317e+02 9.8599e+02 1.8656e+02 5.7409e-04
5.3459e+02 1.7056e+02 6.2844e+02 2.5552e+02 5.6743e-04
5.5824e+02 1.6176e+02 6.2616e+02 1.9828e+02 5.6541e-04
1.0955e+03 0.0000e+00 1.2420e+03 5.9018e+01 5.5478e-04
5.3160e+02 1.7097e+02 5.9173e+02 2.0083e+02 5.5445e-04
5.7141e+02 1.8277e+02 6.2996e+02 2.2571e+02 5.1846e-04
1.0209e+03 0.0000e+00 1.2420e+03 1.8511e+02 5.0527e-04
1.2155e+03 1.3000e+02 1.2420e+03 1.7127e+02 5.0459e-04
0.0000e+00 0.0000e+00 3.2579e+01 7.8458e+01 4.9336e-04
5.5113e+02 1.7630e+02 6.4204e+02 2.5470e+02 4.9319e-04
1.0966e+03 1.4998e+02 1.2128e+03 1.9065e+02 4.8034e-04
8.8044e+02 1.3833e+02 1.0406e+03 1.9922e+02 4.6205e-04
1.2164e+03 1.4662e+02 1.2420e+03 1.8797e+02 4.6019e-04
4.9851e+02 1.8082e+02 5.6351e+02 2.1132e+02 4.5996e-04
8.3289e+02 1.4450e+02 9.9470e+02 2.0539e+02 4.5978e-04
1.2066e+03 2.2027e+02 1.2420e+03 3.7500e+02 4.4893e-04
9.4042e+02 1.5229e+02 9.6311e+02 1.9796e+02 4.4273e-04
9.6379e+02 1.5053e+02 1.0513e+03 1.8806e+02 4.3768e-04
4.6553e+02 1.7536e+02 5.3489e+02 2.0792e+02 4.2558e-04
4.7631e+02 1.7903e+02 5.4303e+02 2.1132e+02 4.1839e-04
5.6731e+02 1.6371e+02 6.2456e+02 2.0556e+02 4.1605e-04
8.4479e+02 1.5166e+02 9.3561e+02 1.8777e+02 4.1240e-04
1.1786e+03 1.3177e+02 1.2420e+03 2.1550e+02 4.1237e-04
5.2105e+02 1.7370e+02 5.8331e+02 2.0257e+02 4.1088e-04
0.0000e+00 4.9878e+01 6.7513e+01 3.7045e+02 4.0479e-04
0.0000e+00 0.0000e+00 3.2261e+02 1.3892e+02 4.0395e-04
1.0325e+03 1.1090e+02 1.2420e+03 3.7500e+02 4.0220e-04
5.0863e+02 1.5001e+02 6.1797e+02 2.3276e+02 4.0141e-04
5.0116e+02 1.6517e+02 5.6937e+02 1.9738e+02 3.9672e-04
1.2163e+03 1.3822e+02 1.2420e+03 1.7980e+02 3.8905e-04
5.9835e+02 1.6728e+02 6.2270e+02 2.3847e+02 3.8408e-04
0.0000e+00 0.0000e+00 7.0045e+01 1.4755e+02 3.7683e-04
1.2203e+03 1.5817e+02 1.2420e+03 2.1061e+02 3.7604e-04
0.0000e+00 0.0000e+00 2.3510e+02 1.5037e+02 3.7101e-04
0.0000e+00 2.9217e+02 6.7101e+01 3.7500e+02 3.6831e-04
5.7323e+02 1.0413e+02 6.4070e+02 2.6232e+02 3.6533e-04
1.1215e+03 0.0000e+00 1.2420e+03 8.7352e+01 3.6320e-04
1.2270e+03 0.0000e+00 1.2420e+03 4.9498e+01 3.6246e-04
1.2279e+03 1.3987e+02 1.2420e+03 2.2586e+02 3.6020e-04
5.4036e+02 1.3461e+02 5.9704e+02 2.6947e+02 3.5683e-04
9.1655e+02 1.4993e+02 1.0043e+03 1.8366e+02 3.5650e-04
1.2161e+03 1.9106e+02 1.2420e+03 2.3409e+02 3.5359e-04
0.0000e+00 1.1382e+02 1.3730e+01 2.2789e+02 3.4605e-04
1.1810e+03 0.0000e+00 1.2420e+03 4.3330e+01 3.4178e-04
1.1804e+03 1.4519e+02 1.2420e+03 2.3265e+02 3.3851e-04
1.1391e+03 1.7009e+02 1.2342e+03 2.0490e+02 3.3716e-04
5.7537e+02 1.6317e+02 6.4297e+02 1.9637e+02 3.3601e-04
1.1253e+03 1.4428e+02 1.2389e+03 1.8643e+02 3.3572e-04
5.5385e+02 1.6703e+02 6.8645e+02 2.4142e+02 3.2366e-04
1.2252e+03 2.5215e+02 1.2420e+03 3.6586e+02 3.1746e-04
4.2566e+02 1.5386e+02 5.9820e+02 2.2692e+02 3.1684e-04
1.2274e+03 2.3670e+02 1.2420e+03 3.4947e+02 3.1526e-04
1.1452e+03 1.6375e+02 1.2420e+03 2.0245e+02 3.0609e-04
1.1797e+03 1.1689e+02 1.2420e+03 1.9867e+02 2.9865e-04
0.0000e+00 1.6649e+02 1.5745e+01 2.8511e+02 2.9599e-04
0.0000e+00 3.2955e+02 2.3427e+01 3.7500e+02 2.8863e-04
1.1662e+03 2.9146e+02 1.2380e+03 3.7500e+02 2.8009e-04
9.0484e+02 1.3180e+02 1.0769e+03 1.9743e+02 2.7617e-04
9.6794e+02 1.4309e+02 1.0015e+03 2.0447e+02 2.7561e-04
1.2223e+03 1.5065e+02 1.2420e+03 2.0182e+02 2.7386e-04
1.2261e+03 8.7000e+01 1.2420e+03 1.7963e+02 2.6631e-04
0.0000e+00 1.5179e+02 4.2355e+01 2.6300e+02 2.6185e-04
5.5019e+02 1.9327e+02 6.2193e+02 2.3283e+02 2.5984e-04
1.1505e+03 2.9377e+02 1.2225e+03 3.7500e+02 2.5876e-04
1.0430e+03 2.0381e+02 1.1928e+03 3.7500e+02 2.5028e-04
1.2179e+03 1.1707e+02 1.2420e+03 1.6996e+02 2.4939e-04
9.3770e+02 1.6760e+02 1.0226e+03 1.9957e+02 2.4455e-04
5.1104e+02 1.7091e+02 5.3853e+02 2.3327e+02 2.3896e-04
1.2269e+03 1.0633e+02 1.2420e+03 1.9490e+02 2.2961e-04
5.0396e+02 1.5111e+02 5.3774e+02 2.1361e+02 2.2870e-04
1.2211e+03 1.8575e+02 1.2420e+03 2.3852e+02 2.2680e-04
5.5038e+02 1.5933e+02 6.0473e+02 2.0014e+02 2.2566e-04
4.9095e+02 1.6521e+02 5.5584e+02 1.9969e+02 2.2119e-04
8.5780e+02 1.5349e+02 1.0333e+03 2.1202e+02 2.1854e-04
9.2973e+02 1.5394e+02 9.5895e+02 1.9851e+02 2.1816e-04
0.0000e+00 3.3398e+01 2.8608e+01 2.3599e+02 2.1297e-04
0.0000e+00 9.1218e+01 1.3494e+01 2.0207e+02 2.1161e-04
1.0780e+03 2.0218e+02 1.2235e+03 3.7500e+02 2.0962e-04
8.8525e+02 1.6933e+02 9.5584e+02 1.9867e+02 2.0732e-04
1.2289e+03 1.2506e+02 1.2420e+03 2.1252e+02 2.0651e-04
1.2133e+03 9.7070e+01 1.2420e+03 1.4267e+02 2.0512e-04
4.5651e+02 1.4435e+02 6.3871e+02 2.1647e+02 2.0272e-04
1.2201e+03 1.2561e+02 1.2420e+03 1.7598e+02 2.0124e-04
1.1368e+03 1.4962e+02 1.2251e+03 1.9816e+02 2.0083e-04
1.0109e+03 2.0024e+02 1.1611e+03 3.7500e+02 1.9808e-04
1.1331e+03 2.9452e+02 1.2070e+03 3.7500e+02 1.9618e-04
0.0000e+00 1.0234e+02 1.4377e+02 2.7826e+02 1.9616e-04
1.0848e+03 8.3800e+01 1.2420e+03 2.4756e+02 1.9380e-04
1.2260e+03 2.8470e+02 1.2420e+03 3.7500e+02 1.9340e-04
1.1774e+03 8.1473e+01 1.2420e+03 1.6958e+02 1.9337e-04
1.1193e+03 1.9546e+02 1.2420e+03 3.7500e+02 1.9315e-04
1.2280e+03 1.7073e+02 1.2420e+03 2.7332e+02 1.9118e-04
1.2347e+01 2.9569e+02 8.3563e+01 3.7500e+02 1.8168e-04
1.1788e+03 4.8597e+01 1.2420e+03 1.4272e+02 1.7990e-04
0.0000e+00 0.0000e+00 1.1353e+02 7.6677e+01 1.7697e-04
1.0827e+03 2.9246e+02 1.1602e+03 3.7500e+02 1.7629e-04
1.2067e+03 9.5119e+01 1.2420e+03 2.7462e+02 1.7579e-04
1.2191e+03 9.9922e+01 1.2420e+03 1.5575e+02 1.7573e-04
9.6575e+02 1.6347e+02 1.0518e+03 2.0020e+02 1.7443e-04
0.0000e+00 9.0444e+01 8.8947e+01 2.9952e+02 1.7436e-04
1.2054e+03 8.1372e-01 1.2420e+03 1.8517e+02 1.7434e-04
1.1159e+03 2.9302e+02 1.1911e+03 3.7500e+02 1.7420e-04
0.0000e+00 1.6187e+02 6.4556e+01 2.5286e+02 1.7292e-04
1.0666e+03 2.9251e+02 1.1453e+03 3.7500e+02 1.7171e-04
1.1800e+03 2.6750e+02 1.2420e+03 3.6705e+02 1.7146e-04
1.2216e+03 1.3356e+02 1.2420e+03 1.8441e+02 1.7140e-04
1.1760e+03 9.8045e+01 1.2420e+03 1.8380e+02 1.7128e-04
0.0000e+00 1.1744e+02 4.1851e+01 2.3221e+02 1.6976e-04
5.7121e+02 1.6460e+02 6.6778e+02 2.4451e+02 1.6950e-04
1.0988e+03 2.9195e+02 1.1758e+03 3.7500e+02 1.6493e-04
5.9400e+02 1.6752e+02 6.5687e+02 1.9740e+02 1.6485e-04
8.6473e+02 1.5514e+02 9.2623e+02 1.9620e+02 1.6289e-04
1.2071e+03 1.2550e+02 1.2420e+03 3.1352e+02 1.6130e-04
1.1824e+03 1.6068e+02 1.2420e+03 2.4546e+02 1.5936e-04
1.0045e+03 2.9239e+02 1.0806e+03 3.7500e+02 1.5834e-04
1.0834e+03 1.4110e+02 1.2420e+03 2.0174e+02 1.5800e-04
5.6704e+02 1.5237e+02 6.7151e+02 2.3336e+02 1.5784e-04
4.8512e+02 1.6290e+02 5.3982e+02 2.0230e+02 1.5723e-04
4.9639e+02 1.1988e+02 5.6081e+02 2.6670e+02 1.5627e-04
0.0000e+00 3.1200e+02 1.3034e+01 3.7500e+02 1.5566e-04
5.5735e+02 1.5534e+02 5.8451e+02 2.2038e+02 1.5397e-04
0.0000e+00 0.0000e+00 5.3050e+01 4.1816e+01 1.5265e-04
0.0000e+00 1.4494e+02 6.4130e+01 2.3734e+02 1.5095e-04
9.8925e+02 2.8983e+02 1.0661e+03 3.7500e+02 1.5037e-04
5.9580e+02 1.3610e+02 6.4967e+02 2.7079e+02 1.4926e-04
1.0512e+03 2.9080e+02 1.1305e+03 3.7500e+02 1.4845e-04
1.2129e+03 3.3138e+02 1.2420e+03 3.7500e+02 1.4836e-04
0.0000e+00 0.0000e+00 1.6443e+02 7.1548e+01 1.4823e-04
1.4551e-01 2.0590e+02 6.0571e+01 3.7500e+02 1.4816e-04
9.6839e+02 1.5852e+02 1.0600e+03 1.9372e+02 1.4779e-04
4.9858e+02 1.4718e+02 5.3000e+02 2.1037e+02 1.4709e-04
1.0191e+03 2.9170e+02 1.0958e+03 3.7500e+02 1.4613e-04
0.0000e+00 1.9012e+02 1.4812e+01 3.0894e+02 1.4613e-04
5.9445e+02 1.7274e+02 6.4899e+02 2.0318e+02 1.4538e-04
0.0000e+00 3.2986e+02 3.3384e+01 3.7500e+02 1.4342e-04
1.0850e+03 5.1216e+01 1.2420e+03 2.1673e+02 1.4136e-04
5.3622e+02 1.4301e+02 7.0525e+02 2.1631e+02 1.4092e-04
0.0000e+00 7.5487e+01 1.4578e+01 1.8600e+02 1.3896e-04
1.2093e+03 1.7616e+02 1.2420e+03 3.5564e+02 1.3867e-04
1.0695e+03 1.3046e+02 1.2420e+03 1.8999e+02 1.3767e-04
8.2815e+02 3.3631e+02 8.6394e+02 3.7500e+02 1.3744e-04
1.1656e+03 0.0000e+00 1.2420e+03 3.2742e+02 1.3735e-04
8.2715e+02 1.5045e+02 9.2088e+02 1.8962e+02 1.3639e-04
0.0000e+00 1.7483e+02 2.3721e+01 2.4071e+02 1.3576e-04
8.7580e+02 1.5241e+02 9.3714e+02 1.9082e+02 1.3499e-04
1.1985e+03 2.5690e+02 1.2420e+03 3.7500e+02 1.3491e-04
1.2124e+03 0.0000e+00 1.2420e+03 1.5446e+01 1.3140e-04
0.0000e+00 0.0000e+00 1.3993e+01 5.5293e+01 1.3107e-04
1.2070e+03 3.5303e+01 1.2420e+03 2.1369e+02 1.2998e-04
5.4564e+02 7.3210e+01 6.1675e+02 2.5576e+02 1.2997e-04
6.0883e+02 1.6327e+02 6.3379e+02 2.3068e+02 1.2971e-04
4.8307e+02 1.2099e+02 5.4818e+02 2.6827e+02 1.2959e-04
0.0000e+00 7.3302e+01 1.4181e+02 2.4523e+02 1.2834e-04
3.3416e+02 9.5238e+01 7.1424e+02 2.5079e+02 1.2828e-04
6.0150e+02 1.5803e+02 6.2691e+02 2.1936e+02 1.2815e-04
8.8214e+02 1.5006e+02 9.6765e+02 1.8738e+02 1.2620e-04
9.2382e+02 1.4332e+02 1.0919e+03 2.0633e+02 1.2590e-04
1.0354e+03 2.9093e+02 1.1132e+03 3.7500e+02 1.2506e-04
8.5126e+02 1.6430e+02 9.2995e+02 1.9818e+02 1.2440e-04
1.2264e+03 2.0944e+02 1.2420e+03 3.2885e+02 1.2397e-04
1.2154e+03 8.8471e+01 1.2420e+03 1.3384e+02 1.2301e-04
1.2261e+03 6.0236e+01 1.2420e+03 1.6074e+02 1.2292e-04
5.9224e+02 1.4977e+02 6.2310e+02 2.1784e+02 1.2280e-04
3.9348e+02 1.5114e+02 5.6896e+02 2.2689e+02 1.2108e-04
9.7927e+02 2.0048e+02 1.1276e+03 3.7500e+02 1.1961e-04
4.4729e+02 1.6358e+02 6.0382e+02 2.3922e+02 1.1930e-04
0.0000e+00 1.3063e+02 5.9287e+01 3.7500e+02 1.1817e-04
1.1858e+03 2.8470e+02 1.2420e+03 3.7500e+02 1.1767e-04
5.3636e+02 9.8368e+01 6.0054e+02 2.5441e+02 1.1712e-04
4.0385e+02 1.3965e+02 5.9251e+02 2.1697e+02 1.1668e-04
1.2036e+03 3.3347e+02 1.2390e+03 3.7500e+02 1.1643e-04
1.1959e+03 3.3674e+02 1.2320e+03 3.7500e+02 1.1563e-04
5.8968e+02 1.7165e+02 6.1936e+02 2.7122e+02 1.1536e-04
8.9636e+02 1.5555e+02 9.6904e+02 1.9169e+02 1.1493e-04
8.9264e+02 1.4218e+02 9.2052e+02 2.0732e+02 1.1462e-04
9.7346e+02 2.8943e+02 1.0516e+03 3.7500e+02 1.1437e-04
8.3559e+02 3.3697e+02 8.7171e+02 3.7500e+02 1.1283e-04
0.0000e+00 1.8234e+02 4.1126e+01 2.9195e+02 1.1214e-04
5.9820e+02 1.6011e+02 6.6880e+02 1.9467e+02 1.1159e-04
1.1883e+03 1.2173e+02 1.2420e+03 2.2623e+02 1.0985e-04
5.1547e+02 1.6200e+02 5.8598e+02 1.9488e+02 1.0965e-04
1.1822e+03 2.9790e+01 1.2420e+03 1.2960e+02 1.0946e-04
1.2276e+03 3.1434e+02 1.2420e+03 3.7500e+02 1.0794e-04
8.2025e+02 3.3761e+02 8.5628e+02 3.7500e+02 1.0763e-04
1.2198e+03 0.0000e+00 1.2420e+03 2.0183e+01 1.0733e-04
4.6277e+02 1.4756e+02 5.8144e+02 2.3368e+02 1.0706e-04
5.1031e+02 1.8079e+02 5.7447e+02 2.1143e+02 1.0704e-04
4.6062e+02 1.8049e+02 5.3182e+02 2.1435e+02 1.0637e-04
0.0000e+00 0.0000e+00 7.5799e+01 4.2755e+01 1.0539e-04
1.2102e+03 6.3697e+01 1.2420e+03 2.4184e+02 1.0517e-04
1.1215e+01 2.0636e+02 7.7830e+01 3.7500e+02 1.0512e-04
5.1738e+02 1.2531e+02 5.7670e+02 2.7727e+02 1.0384e-04
5.2680e+02 1.6143e+02 5.9717e+02 1.9393e+02 1.0340e-04
5.6488e+02 1.4547e+02 6.2532e+02 3.0317e+02 1.0238e-04
0.0000e+00 1.2762e+02 6.1716e+01 2.2172e+02 1.0158e-04
0.0000e+00 1.5620e+02 7.9024e+01 3.6086e+02 1.0107e-04
0.0000e+00 1.8810e+01 2.7184e+02 3.5666e+02 1.0050e-04
0.0000e+00 0.0000e+00 6.3312e+01 3.1174e+02 1.0035e-04
1.0811e+03 1.4971e+02 1.1918e+03 1.9220e+02 9.8752e-05
0.0000e+00 1.7952e+02 3.1114e+01 2.3368e+02 9.8408e-05
4.6967e+02 1.6236e+02 5.4288e+02 1.9676e+02 9.6867e-05
0.0000e+00 1.3864e+02 1.9934e+01 1.9817e+02 9.6830e-05
1.0349e+03 3.2633e+02 1.1633e+03 3.7500e+02 9.6172e-05
1.1927e+03 3.5131e+01 1.2420e+03 1.5437e+02 9.5844e-05
9.8638e+02 2.6124e+02 1.2389e+03 3.7500e+02 9.5802e-05
1.1587e+03 3.2672e+02 1.2420e+03 3.7500e+02 9.5019e-05
1.2270e+03 1.8439e+02 1.2420e+03 2.9636e+02 9.3594e-05
1.2259e+03 2.6283e+01 1.2420e+03 1.3449e+02 9.3116e-05
0.0000e+00 1.6150e+02 2.1106e+01 2.2458e+02 9.2247e-05
1.1200e+03 3.2906e+02 1.2382e+03 3.7500e+02 9.1820e-05
1.1000e+03 1.0563e+02 1.2420e+03 2.7279e+02 9.1035e-05
5.0946e+02 1.5065e+02 5.4321e+02 2.1048e+02 9.0829e-05
1.1872e+03 3.3694e+02 1.2251e+03 3.7500e+02 9.0317e-05
7.9759e+02 2.8753e+02 8.7104e+02 3.7500e+02 8.9624e-05
7.4149e+02 1.5617e+02 8.3079e+02 1.8832e+02 8.8797e-05
1.1567e+03 1.5762e+02 1.2420e+03 1.9709e+02 8.7882e-05
4.6568e+02 1.1385e+02 5.3230e+02 2.6522e+02 8.7786e-05
0.0000e+00 2.5021e+02 1.3580e+01 3.7500e+02 8.6280e-05
1.2198e+03 3.2614e+02 1.2420e+03 3.7228e+02 8.6210e-05
0.0000e+00 1.6601e+02 1.3656e+02 3.3955e+02 8.4417e-05
0.0000e+00 2.5970e+02 3.6000e+01 3.7338e+02 8.4129e-05
3.9329e+02 1.0867e+02 7.4686e+02 2.7249e+02 8.3041e-05
7.8183e+02 2.8520e+02 8.5626e+02 3.7500e+02 8.2840e-05
1.1889e+03 7.1426e+01 1.2420e+03 1.8179e+02 8.2811e-05
8.1371e+02 2.8990e+02 8.8698e+02 3.7500e+02 8.2699e-05
1.2146e+03 7.1274e+01 1.2420e+03 1.1721e+02 8.0916e-05
1.0865e+03 3.2843e+02 1.2092e+03 3.7500e+02 8.0873e-05
5.3385e+02 1.8471e+02 6.0046e+02 2.2464e+02 8.0047e-05
9.8024e+02 2.9574e+01 1.2420e+03 3.5775e+02 7.8947e-05
4.9384e+02 1.5362e+02 5.1985e+02 2.1398e+02 7.8741e-05
4.9511e+02 1.7439e+02 6.4221e+02 2.5555e+02 7.8317e-05
8.2901e+02 2.8990e+02 9.0229e+02 3.7500e+02 7.7555e-05
5.2188e+02 1.6306e+02 5.4980e+02 2.2133e+02 7.7527e-05
0.0000e+00 3.5327e+02 3.4953e+01 3.7500e+02 7.7316e-05
8.4492e+02 2.9021e+02 9.1768e+02 3.7500e+02 7.7102e-05
1.1910e+03 1.4876e+02 1.2420e+03 2.5843e+02 7.6439e-05
8.6048e+02 2.9145e+02 9.3432e+02 3.7500e+02 7.6267e-05
8.7630e+02 2.8965e+02 9.5081e+02 3.7500e+02 7.6262e-05
4.9929e+02 1.3576e+02 6.2731e+02 2.2402e+02 7.5886e-05
9.4844e+02 1.9909e+02 1.0935e+03 3.7500e+02 7.5780e-05
0.0000e+00 1.4200e+02 2.5055e+01 1.9231e+02 7.5157e-05
1.2188e+03 1.9896e+02 1.2420e+03 2.4241e+02 7.5021e-05
8.9156e+02 1.5396e+02 1.0649e+03 2.1689e+02 7.4446e-05
9.8642e+02 3.2566e+02 1.1171e+03 3.7500e+02 7.4105e-05
7.2384e+02 1.5262e+02 8.1838e+02 1.8599e+02 7.3994e-05
0.0000e+00 2.2306e+02 1.2706e+02 3.7500e+02 7.3918e-05
1.0069e+03 3.3161e+02 1.1815e+03 3.7500e+02 7.3639e-05
9.5743e+02 2.9203e+02 1.0359e+03 3.7500e+02 7.2976e-05
8.9227e+02 2.8965e+02 9.6707e+02 3.7500e+02 7.2767e-05
4.8681e+02 1.5733e+02 5.9773e+02 2.4413e+02 7.2736e-05
0.0000e+00 9.4449e+01 4.9176e+01 3.0785e+02 7.2009e-05
0.0000e+00 1.9239e+02 6.5394e+01 2.8175e+02 7.1996e-05
8.4826e+02 1.5381e+02 9.1220e+02 1.9685e+02 7.1249e-05
6.1657e+02 1.6074e+02 6.4327e+02 2.3477e+02 7.1194e-05
0.0000e+00 1.9741e+02 8.6070e+01 3.7500e+02 7.1114e-05
4.0082e+02 1.6447e+02 5.6186e+02 2.3950e+02 7.0904e-05
5.3092e+02 1.6256e+02 5.5796e+02 2.2235e+02 7.0774e-05
4.8162e+02 1.8486e+02 5.5324e+02 2.2031e+02 7.0293e-05
0.0000e+00 8.5381e+01 4.0954e+01 1.9883e+02 7.0100e-05
1.1949e+03 1.7889e+02 1.2420e+03 2.1866e+02 6.9529e-05
1.2169e+03 7.9430e+01 1.2420e+03 1.2507e+02 6.9160e-05
2.8449e+02 2.9087e+02 3.5965e+02 3.7500e+02 6.8526e-05
1.8062e+02 0.0000e+00 2.4462e+02 6.2098e+01 6.8212e-05
8.8193e+02 1.4085e+02 9.1189e+02 2.1215e+02 6.8151e-05
4.4836e+02 1.0644e+02 5.1777e+02 2.7138e+02 6.8054e-05
0.0000e+00 2.3339e+02 1.2684e+01 3.4974e+02 6.8039e-05
1.9676e+02 0.0000e+00 2.5991e+02 6.0385e+01 6.8018e-05
3.0096e+02 2.9309e+02 3.7513e+02 3.7500e+02 6.7736e-05
1.1789e+03 3.3766e+02 1.2169e+03 3.7500e+02 6.7501e-05
0.0000e+00 1.6482e+02 2.8493e+01 2.1715e+02 6.7318e-05
8.7600e+02 1.3030e+02 1.0026e+03 2.0386e+02 6.7211e-05
8.4378e+02 3.3755e+02 8.7965e+02 3.7500e+02 6.7108e-05
1.2139e+03 2.7956e+02 1.2420e+03 3.2690e+02 6.6852e-05
1.2176e+03 3.1846e+02 1.2420e+03 3.6699e+02 6.6763e-05
6.0034e+02 1.4983e+02 6.3090e+02 2.1547e+02 6.6526e-05
8.1159e+02 3.3901e+02 8.4869e+02 3.7500e+02 6.5203e-05
9.5900e+02 3.3116e+02 1.1368e+03 3.7500e+02 6.4165e-05
2.6821e+02 2.9038e+02 3.4374e+02 3.7500e+02 6.3945e-05
5.0352e+02 1.2404e+02 6.7444e+02 2.0350e+02 6.3870e-05
1.2228e+03 2.7332e+02 1.2420e+03 3.3538e+02 6.3768e-05
5.9695e+02 1.6631e+02 6.4389e+02 2.0108e+02 6.3546e-05
1.2218e+03 8.2852e+01 1.2420e+03 1.4017e+02 6.3488e-05
2.5181e+02 2.9048e+02 3.2737e+02 3.7500e+02 6.3307e-05
8.3255e+02 1.6309e+02 9.1735e+02 1.9895e+02 6.3196e-05
8.1585e+02 1.3252e+02 9.8097e+02 2.0092e+02 6.3083e-05
3.1796e+02 2.9241e+02 3.8997e+02 3.7500e+02 6.2790e-05
2.9923e+02 1.0529e+02 6.6648e+02 2.7460e+02 6.2761e-05
0.0000e+00 1.5702e+02 2.5983e+01 2.0840e+02 6.2559e-05
9.1837e+02 2.0092e+02 1.0628e+03 3.7500e+02 6.2194e-05
6.0099e+02 1.7287e+02 6.6295e+02 2.0532e+02 6.2063e-05
5.5437e+02 1.4467e+02 5.8483e+02 2.1346e+02 6.1802e-05
0.0000e+00 4.5691e+00 3.1606e+01 2.0266e+02 6.1759e-05
7.5763e+02 1.5770e+02 8.4284e+02 1.9109e+02 6.1656e-05
9.5541e+02 3.2443e+02 1.0862e+03 3.7500e+02 6.1571e-05
3.5678e+02 0.0000e+00 4.1947e+02 6.2388e+01 6.1406e-05
5.3997e+02 1.6251e+02 5.6526e+02 2.2719e+02 6.1160e-05
3.4049e+02 0.0000e+00 4.0397e+02 6.1878e+01 6.0687e-05
4.5752e+02 1.5966e+02 5.3609e+02 1.9503e+02 6.0623e-05
4.3467e+02 1.1895e+01 5.9987e+02 3.7274e+02 6.0475e-05
4.5829e+02 7.0722e+01 5.3645e+02 2.5095e+02 6.0223e-05
1.1223e+03 6.4358e+01 1.2420e+03 2.7391e+02 5.9966e-05
7.6485e+02 2.8540e+02 8.4049e+02 3.7500e+02 5.9763e-05
3.3375e+02 2.9316e+02 4.0558e+02 3.7500e+02 5.9255e-05
0.0000e+00 1.4018e+02 2.7017e+01 2.8279e+02 5.8863e-05
9.0773e+02 2.9093e+02 9.8251e+02 3.7500e+02 5.8833e-05
6.6143e+02 3.4184e+02 6.9484e+02 3.7500e+02 5.8650e-05
5.7973e+02 1.5221e+02 6.3667e+02 3.0523e+02 5.7934e-05
1.2153e+03 5.4774e+01 1.2420e+03 1.0278e+02 5.7836e-05
1.1879e+03 2.4038e+02 1.2420e+03 3.3532e+02 5.7741e-05
3.4952e+02 2.9046e+02 4.2313e+02 3.7500e+02 5.7651e-05
1.0911e+03 1.4582e+02 1.1935e+03 1.8496e+02 5.7401e-05
0.0000e+00 1.0581e+02 2.0492e+01 1.6508e+02 5.7222e-05
4.0290e+02 1.3916e+01 5.6831e+02 3.7493e+02 5.6665e-05
1.6551e+02 0.0000e+00 2.2876e+02 6.3386e+01 5.6620e-05
4.3277e+02 1.4227e+02 5.5652e+02 2.3568e+02 5.6268e-05
0.0000e+00 1.9083e+02 2.2568e+01 2.5654e+02 5.6257e-05
8.8614e+02 2.0098e+02 1.0301e+03 3.7500e+02 5.5522e-05
5.5021e+02 1.6588e+02 5.7347e+02 2.2397e+02 5.5434e-05
1.0405e+03 3.3190e+02 1.2131e+03 3.7500e+02 5.5250e-05
3.6415e+02 2.8770e+02 4.3977e+02 3.7500e+02 5.5244e-05
8.7355e+02 1.3748e+02 9.0591e+02 2.1511e+02 5.5231e-05
8.1269e+02 3.5908e+02 8.7773e+02 3.7500e+02 5.5219e-05
1.1729e+03 6.5916e+01 1.2420e+03 3.7500e+02 5.4948e-05
9.1384e+02 3.3183e+02 1.0996e+03 3.7500e+02 5.4889e-05
8.7115e+02 2.6803e+02 1.2298e+03 3.7500e+02 5.4734e-05
5.5125e+02 1.8151e+02 6.8734e+02 2.5637e+02 5.4621e-05
8.1584e+02 1.5758e+02 9.0698e+02 1.9526e+02 5.4404e-05
1.2162e+03 2.9360e+02 1.2420e+03 3.4248e+02 5.4268e-05
2.2526e+02 1.0831e+02 2.9282e+02 2.8162e+02 5.3998e-05
1.1618e+03 1.7024e+02 1.2420e+03 2.0807e+02 5.3783e-05
1.5134e+02 3.4617e+01 3.1059e+02 3.7500e+02 5.3738e-05
1.2236e+03 2.8725e+02 1.2420e+03 3.5145e+02 5.3586e-05
2.1349e+02 0.0000e+00 2.7534e+02 5.7722e+01 5.3415e-05
6.0258e+02 1.6569e+02 6.7176e+02 1.9873e+02 5.3224e-05
1.1922e+03 1.7156e+02 1.2420e+03 2.1174e+02 5.3190e-05
5.7364e+02 1.8894e+02 6.3573e+02 2.3062e+02 5.3091e-05
1.4326e+00 1.0925e+02 6.8419e+01 3.0282e+02 5.3085e-05
2.3582e+02 2.9005e+02 3.1163e+02 3.7500e+02 5.2753e-05
1.2241e+03 1.9317e+02 1.2420e+03 2.4876e+02 5.2657e-05
5.6904e+02 1.3567e+02 6.0080e+02 2.1210e+02 5.2407e-05
5.2190e+02 1.8107e+02 5.8904e+02 2.1360e+02 5.2025e-05
3.7340e+02 0.0000e+00 4.3425e+02 6.1308e+01 5.1856e-05
6.1139e+02 1.2250e+02 6.7311e+02 2.6299e+02 5.1824e-05
9.1528e+02 1.5582e+02 9.4335e+02 2.1276e+02 5.1822e-05
9.5063e+02 1.6868e+02 1.0365e+03 2.0241e+02 5.1104e-05
9.7459e+02 1.4340e+02 1.0088e+03 2.0572e+02 5.1101e-05
3.7862e+02 2.8594e+02 4.5680e+02 3.7500e+02 5.1055e-05
6.2051e+02 2.9227e+02 6.9548e+02 3.7500e+02 5.1031e-05
5.2719e+02 1.1401e+02 6.4875e+02 2.1729e+02 5.1025e-05
1.1209e+03 1.7145e+02 1.2074e+03 2.0560e+02 5.1010e-05
0.0000e+00 1.2287e+02 1.9472e+01 1.8048e+02 5.0838e-05
9.2165e+02 2.6176e+02 1.1803e+03 3.7500e+02 5.0525e-05
4.4086e+02 1.3129e+02 5.7896e+02 2.2852e+02 5.0300e-05
0.0000e+00 1.0981e+02 2.7492e+01 1.6014e+02 5.0282e-05
1.0959e+03 1.6484e+02 1.2049e+03 2.0189e+02 5.0114e-05
5.9101e+02 9.7274e+01 6.5913e+02 2.6315e+02 5.0095e-05
3.9358e+02 1.2292e+02 5.9576e+02 2.0477e+02 5.0019e-05
8.4983e+02 1.3509e+02 9.7001e+02 2.1090e+02 4.9999e-05
8.5326e+02 1.4871e+02 9.1917e+02 1.9137e+02 4.9680e-05
4.4951e+02 1.6679e+02 5.2813e+02 2.0077e+02 4.9432e-05
2.7879e+01 2.9817e+02 9.9224e+01 3.7500e+02 4.9184e-05
7.4217e+02 0.0000e+00 8.0534e+02 6.2642e+01 4.9127e-05
8.5220e+02 3.3912e+02 8.8762e+02 3.7500e+02 4.9061e-05
4.4353e+02 6.6068e+01 5.1990e+02 2.5443e+02 4.8941e-05
6.0732e+02 1.7049e+02 6.5383e+02 2.0914e+02 4.8829e-05
2.4716e+02 2.7799e+01 4.1278e+02 3.7500e+02 4.8824e-05
2.8622e+02 8.9086e+01 3.5810e+02 2.6615e+02 4.8810e-05
1.4727e+01 1.1919e+02 8.4951e+01 2.8982e+02 4.8796e-05
3.2458e+02 0.0000e+00 3.8774e+02 5.9739e+01 4.8717e-05
8.0386e+02 3.3855e+02 8.4068e+02 3.7500e+02 4.8602e-05
0.0000e+00 3.2645e+02 8.4053e+01 3.7500e+02 4.8529e-05
8.6084e+02 3.4176e+02 8.9613e+02 3.7500e+02 4.8461e-05
4.3095e+02 8.5007e+01 5.0270e+02 2.6270e+02 4.8330e-05
1.0756e+03 3.3271e+02 1.2420e+03 3.7500e+02 4.8208e-05
3.9408e+02 2.8512e+02 4.7306e+02 3.7500e+02 4.8157e-05
9.2225e+02 1.5801e+02 9.5055e+02 2.1367e+02 4.7781e-05
6.5661e+02 2.1011e+02 8.0696e+02 3.7500e+02 4.7694e-05
9.4164e+02 2.9157e+02 1.0182e+03 3.7500e+02 4.7268e-05
6.2301e+02 2.0849e+02 7.7671e+02 3.7500e+02 4.7201e-05
1.2232e+03 3.0330e+02 1.2420e+03 3.6859e+02 4.7080e-05
7.8969e+02 0.0000e+00 8.5263e+02 6.6390e+01 4.7058e-05
5.0456e+02 2.6979e+02 8.9345e+02 3.7500e+02 4.7003e-05
1.1893e+03 1.5380e+01 1.2420e+03 1.1393e+02 4.6784e-05
0.0000e+00 2.2985e+02 4.3940e+01 3.7500e+02 4.6720e-05
4.7232e+02 2.0369e+01 6.2756e+02 3.6559e+02 4.6551e-05
1.2162e+03 3.0987e+02 1.2420e+03 3.6015e+02 4.6546e-05
7.5800e+02 0.0000e+00 8.2121e+02 6.2844e+01 4.6427e-05
1.0301e+03 1.2775e+02 1.2154e+03 1.9177e+02 4.6390e-05
7.7376e+02 0.0000e+00 8.3658e+02 6.5327e+01 4.6352e-05
7.9652e+02 3.5931e+02 8.9071e+02 3.7500e+02 4.5674e-05
5.4113e+02 1.5863e+02 5.9648e+02 1.9869e+02 4.5451e-05
7.2631e+02 0.0000e+00 7.8927e+02 6.2192e+01 4.5366e-05
0.0000e+00 1.1761e+02 2.5103e+01 1.6725e+02 4.5315e-05
5.5159e+02 1.4417e+02 6.1269e+02 3.0401e+02 4.5148e-05
6.0420e+02 2.9161e+02 6.7991e+02 3.7500e+02 4.5083e-05
9.9958e+00 3.3200e+02 4.9670e+01 3.7500e+02 4.5070e-05
9.3059e+02 1.2847e+02 1.1061e+03 1.9131e+02 4.5025e-05
6.3596e+02 2.9259e+02 7.1147e+02 3.7500e+02 4.4904e-05
9.2456e+02 2.9123e+02 9.9976e+02 3.7500e+02 4.4684e-05
0.0000e+00 9.5222e+01 6.1095e+01 1.8879e+02 4.4637e-05
6.5403e+02 3.4115e+02 6.8718e+02 3.7500e+02 4.4596e-05
4.7726e+02 7.3997e+01 5.5071e+02 2.5206e+02 4.4580e-05
1.1710e+03 3.3725e+02 1.2091e+03 3.7500e+02 4.4541e-05
2.2200e+02 3.6519e+01 3.7568e+02 3.7500e+02 4.4057e-05
1.2161e+03 2.7108e+02 1.2420e+03 3.1868e+02 4.3998e-05
8.5246e+02 2.0028e+02 9.9860e+02 3.7500e+02 4.3827e-05
2.2962e+02 0.0000e+00 2.9135e+02 5.6651e+01 4.3826e-05
5.1539e+02 9.8690e+01 5.8159e+02 2.5878e+02 4.3797e-05
2.7559e+02 3.4043e+01 4.4380e+02 3.7500e+02 4.3765e-05
5.0362e+02 2.7479e+01 6.5603e+02 3.6740e+02 4.3696e-05
5.7125e+02 1.5309e+02 6.5049e+02 1.8847e+02 4.3652e-05
2.7750e+02 0.0000e+00 3.4001e+02 5.8686e+01 4.3513e-05
5.0388e+02 1.6792e+02 5.3419e+02 2.4553e+02 4.3495e-05
4.9046e+02 1.4154e+02 5.1988e+02 2.0926e+02 4.3431e-05
8.6768e+02 3.4182e+02 9.0442e+02 3.7500e+02 4.3369e-05
1.8381e+02 3.3607e+01 3.4316e+02 3.7500e+02 4.3264e-05
1.1979e+03 1.6431e+02 1.2420e+03 2.7793e+02 4.3232e-05
0.0000e+00 1.9566e+02 3.2239e+01 2.4885e+02 4.3164e-05
4.0963e+02 2.8465e+02 4.8918e+02 3.7500e+02 4.3018e-05
6.0633e+02 1.6524e+02 6.5430e+02 2.0161e+02 4.2920e-05
1.2157e+03 3.0191e+02 1.2420e+03 3.5072e+02 4.2905e-05
1.2209e+03 6.4571e+01 1.2420e+03 1.2444e+02 4.2872e-05
2.9290e+02 0.0000e+00 3.5577e+02 5.6904e+01 4.2631e-05
1.4938e+02 0.0000e+00 2.1202e+02 6.3350e+01 4.2517e-05
2.9948e+02 9.2814e+01 3.7528e+02 2.6513e+02 4.2502e-05
1.0323e+03 1.4091e+02 1.2151e+03 2.0544e+02 4.2484e-05
7.8222e+02 1.5709e+02 8.6936e+02 1.9373e+02 4.2355e-05
4.6655e+02 1.6621e+02 5.2492e+02 2.0569e+02 4.2321e-05
5.3603e+02 1.8680e+02 6.3839e+02 2.7167e+02 4.2072e-05
2.4055e+02 1.0822e+02 3.0754e+02 2.8081e+02 4.1994e-05
7.9626e+02 3.3950e+02 8.3291e+02 3.7500e+02 4.1839e-05
5.0918e+02 1.6627e+02 6.1608e+02 2.5727e+02 4.1784e-05
1.1723e+03 3.5770e+02 1.2355e+03 3.7500e+02 4.1673e-05
5.4983e+02 1.5185e+02 6.2021e+02 1.8721e+02 4.1374e-05
2.0900e+02 1.0961e+02 2.7676e+02 2.7940e+02 4.0878e-05
8.7258e+02 1.6986e+02 9.4667e+02 2.0003e+02 4.0424e-05
4.9142e+02 1.8090e+02 5.4668e+02 2.2199e+02 4.0404e-05
6.1447e+02 1.6409e+02 6.4622e+02 2.4780e+02 4.0403e-05
5.7316e+02 1.9312e+02 6.2363e+02 2.3930e+02 4.0342e-05
6.6924e+02 3.4203e+02 7.0322e+02 3.7500e+02 4.0200e-05
1.2129e+02 0.0000e+00 4.0885e+02 3.0065e+02 3.9825e-05
1.5721e+02 1.5575e+02 3.2467e+02 2.2654e+02 3.9784e-05
1.1438e+03 1.7893e+02 1.2342e+03 2.1373e+02 3.9696e-05
9.0436e+02 1.2638e+02 1.0396e+03 2.0265e+02 3.9670e-05
8.0522e+02 0.0000e+00 8.6895e+02 6.5674e+01 3.9653e-05
2.6240e+02 0.0000e+00 3.2363e+02 5.8749e+01 3.9572e-05
6.5169e+02 2.9084e+02 7.2717e+02 3.7500e+02 3.9385e-05
4.1619e+02 9.6951e+01 8.0003e+02 2.5405e+02 3.9266e-05
2.4669e+02 0.0000e+00 3.0739e+02 5.7795e+01 3.9205e-05
7.1096e+02 0.0000e+00 7.7258e+02 6.0780e+01 3.8628e-05
1.1634e+03 3.3570e+02 1.2017e+03 3.7500e+02 3.8612e-05
3.0898e+02 0.0000e+00 3.7197e+02 5.8302e+01 3.8603e-05
6.9014e+02 2.0852e+02 8.3538e+02 3.7500e+02 3.8567e-05
7.4837e+02 2.8602e+02 8.2427e+02 3.7500e+02 3.8337e-05
1.0557e+03 1.5043e+02 1.1618e+03 1.8862e+02 3.8330e-05
9.0211e+02 1.0970e+02 9.5963e+02 2.3581e+02 3.8198e-05
4.2529e+02 2.8595e+02 5.0522e+02 3.7500e+02 3.8031e-05
6.2866e+02 3.4147e+02 6.6407e+02 3.7500e+02 3.7960e-05
6.4455e+02 3.4034e+02 6.7918e+02 3.7500e+02 3.7323e-05
3.4004e+02 3.3912e+02 3.7660e+02 3.7500e+02 3.7288e-05
9.2501e+02 3.2681e+02 1.0572e+03 3.7500e+02 3.7261e-05
4.1767e+00 1.4599e+02 4.6577e+01 2.7823e+02 3.7210e-05
3.4797e+02 3.3997e+02 3.8493e+02 3.7500e+02 3.7166e-05
4.9242e+02 1.6036e+02 5.1863e+02 2.2805e+02 3.7159e-05
2.2009e+02 2.8996e+02 2.9570e+02 3.7500e+02 3.7131e-05
5.4126e+02 1.5665e+02 5.6691e+02 2.1346e+02 3.7100e-05
0.0000e+00 2.3054e+02 3.7274e+01 3.4612e+02 3.7093e-05
6.6789e+02 2.8755e+02 7.4279e+02 3.7500e+02 3.7084e-05
6.8368e+02 2.8741e+02 7.5897e+02 3.7500e+02 3.7081e-05
8.6461e+02 1.3670e+02 8.9829e+02 2.1432e+02 3.7042e-05
6.0961e+02 1.4810e+02 6.3815e+02 2.1382e+02 3.6442e-05
6.1204e+01 0.0000e+00 3.4757e+02 3.0095e+02 3.6435e-05
8.7576e+02 3.4130e+02 9.1234e+02 3.7500e+02 3.6244e-05
3.8960e+02 0.0000e+00 4.5015e+02 6.0122e+01 3.6153e-05
6.9400e+02 0.0000e+00 7.5593e+02 6.1409e+01 3.6049e-05
6.2065e+02 3.4113e+02 6.5662e+02 3.7500e+02 3.5952e-05
5.8711e+02 2.8899e+02 6.6430e+02 3.7500e+02 3.5780e-05
0.0000e+00 4.3613e+01 1.3766e+02 2.1321e+02 3.5594e-05
4.4201e+02 1.2592e+02 6.3791e+02 2.0288e+02 3.5392e-05
0.0000e+00 5.8230e+01 1.6049e+01 1.6724e+02 3.5178e-05
5.9042e+02 2.1202e+02 7.4720e+02 3.7500e+02 3.5078e-05
9.1606e+02 3.4105e+02 9.5206e+02 3.7500e+02 3.4922e-05
0.0000e+00 2.1268e+02 3.8624e+01 3.2518e+02 3.4864e-05
5.7460e+02 1.3474e+02 6.0992e+02 2.1206e+02 3.4767e-05
9.7990e+02 1.6493e+02 1.0656e+03 2.0109e+02 3.4458e-05
1.3239e+02 0.0000e+00 1.9571e+02 6.4101e+01 3.4394e-05
8.2145e+02 0.0000e+00 8.8535e+02 6.6095e+01 3.4375e-05
6.3645e+02 3.4111e+02 6.7163e+02 3.7500e+02 3.4345e-05
3.7424e+02 2.3995e+01 5.3590e+02 3.7459e+02 3.4250e-05
6.0363e+02 1.5768e+02 6.5680e+02 1.9720e+02 3.4246e-05
1.0576e+03 0.0000e+00 1.2420e+03 2.7122e+02 3.4205e-05
5.5439e+02 2.8868e+02 6.3199e+02 3.7500e+02 3.4180e-05
7.9847e+02 3.5785e+02 8.6375e+02 3.7500e+02 3.3944e-05
8.8397e+02 3.4083e+02 9.2018e+02 3.7500e+02 3.3931e-05
1.8981e+02 0.0000e+00 4.7666e+02 3.0867e+02 3.3724e-05
7.9573e+02 1.3732e+02 9.6971e+02 2.1093e+02 3.3715e-05
5.9822e+02 1.6850e+02 6.2510e+02 2.5851e+02 3.3629e-05
8.2346e+02 1.9721e+02 9.6337e+02 3.7500e+02 3.3481e-05
5.5468e+02 1.3351e+02 6.8183e+02 2.2590e+02 3.3417e-05
1.0721e+03 3.6713e+01 1.2420e+03 3.7500e+02 3.3415e-05
3.6196e+02 7.6557e+01 6.5081e+02 2.7620e+02 3.3403e-05
7.6252e+02 3.2650e+02 8.9533e+02 3.7500e+02 3.3256e-05
5.7088e+02 2.8860e+02 6.4841e+02 3.7500e+02 3.3030e-05
4.4212e+02 2.8726e+02 5.2086e+02 3.7500e+02 3.3026e-05
0.0000e+00 2.4779e+01 8.5267e+01 2.3356e+02 3.3017e-05
7.2347e+02 2.0888e+02 8.6716e+02 3.7500e+02 3.2833e-05
1.2162e+02 4.0463e+01 2.8000e+02 3.7235e+02 3.2684e-05
5.3885e+02 2.8904e+02 6.1646e+02 3.7500e+02 3.2417e-05
1.1644e+03 1.4082e+02 1.2059e+03 2.0905e+02 3.2312e-05
6.9918e+02 2.8823e+02 7.7510e+02 3.7500e+02 3.2300e-05
9.0832e+02 1.5461e+02 9.3694e+02 2.1535e+02 3.1988e-05
7.9227e+02 2.0457e+02 9.3083e+02 3.7500e+02 3.1912e-05
0.0000e+00 1.3450e+02 3.7754e+01 2.7893e+02 3.1833e-05
5.3418e+02 3.1619e+01 6.9159e+02 3.6753e+02 3.1509e-05
1.2208e+03 4.8877e+01 1.2420e+03 1.0991e+02 3.1494e-05
2.6459e+01 0.0000e+00 3.7601e+02 3.7500e+02 3.1480e-05
2.1450e+02 1.8689e+02 3.0086e+02 2.2931e+02 3.1466e-05
8.8688e+02 1.0432e+02 9.4585e+02 2.4434e+02 3.1451e-05
1.9393e+02 1.1634e+02 2.6077e+02 2.9411e+02 3.1386e-05
2.4836e+02 2.1310e+02 3.8623e+02 3.7500e+02 3.1267e-05
3.1556e+02 0.0000e+00 5.9377e+02 2.8682e+02 3.1221e-05
1.0960e+03 1.7415e+01 1.2420e+03 1.8562e+02 3.1137e-05
1.2174e+03 4.6638e+01 1.2420e+03 9.4552e+01 3.1077e-05
8.4251e+02 3.2865e+02 9.7347e+02 3.7500e+02 3.1005e-05
6.1784e+02 1.4688e+02 6.4746e+02 2.1289e+02 3.0970e-05
4.1586e+02 8.6165e+01 4.8546e+02 2.6630e+02 3.0877e-05
9.0763e+02 3.4072e+02 9.4396e+02 3.7500e+02 3.0825e-05
1.2175e+03 2.6299e+02 1.2420e+03 3.0929e+02 3.0739e-05
8.9180e+02 3.4055e+02 9.2815e+02 3.7500e+02 3.0720e-05
0.0000e+00 1.0433e+02 2.4064e+01 2.4112e+02 3.0537e-05
2.5270e+02 0.0000e+00 5.3453e+02 2.9506e+02 3.0130e-05
4.0644e+02 0.0000e+00 4.6660e+02 5.9157e+01 3.0092e-05
6.7775e+02 0.0000e+00 7.4021e+02 6.2225e+01 3.0089e-05
7.3181e+02 2.8732e+02 8.0811e+02 3.7500e+02 3.0051e-05
3.3140e+02 3.3837e+02 3.6856e+02 3.7500e+02 3.0020e-05
1.1910e+03 3.5694e+02 1.2420e+03 3.7500e+02 2.9945e-05
5.9859e+02 1.7644e+02 6.4406e+02 2.1823e+02 2.9915e-05
4.1917e+02 1.5459e+02 5.3901e+02 2.4873e+02 2.9915e-05
8.3769e+02 0.0000e+00 9.0053e+02 6.7446e+01 2.9905e-05
3.5538e+02 3.4104e+02 3.9239e+02 3.7500e+02 2.9897e-05
4.1389e+02 1.2726e+02 4.8418e+02 3.0465e+02 2.9859e-05
2.7938e+02 2.1263e+02 4.1789e+02 3.7500e+02 2.9688e-05
4.2313e+02 0.0000e+00 4.8304e+02 5.9936e+01 2.9535e-05
6.0797e+02 1.5976e+02 6.8642e+02 1.9510e+02 2.9501e-05
8.5863e+02 2.6518e+02 1.1206e+03 3.7500e+02 2.9439e-05
0.0000e+00 3.5476e+02 5.3827e+01 3.7500e+02 2.9316e-05
5.6335e+02 1.3611e+02 5.9327e+02 2.1013e+02 2.9245e-05
9.2308e+02 3.4121e+02 9.5992e+02 3.7500e+02 2.9224e-05
2.5736e+02 1.0905e+02 3.2161e+02 2.8163e+02 2.9061e-05
2.1717e+02 2.1266e+02 3.5466e+02 3.7500e+02 2.9027e-05
1.1553e+03 3.3807e+02 1.1934e+03 3.7500e+02 2.8995e-05
0.0000e+00 2.0634e+02 2.1896e+01 2.7374e+02 2.8958e-05
1.1951e+03 2.2303e+02 1.2420e+03 3.1714e+02 2.8950e-05
8.1104e+02 3.2796e+02 9.4257e+02 3.7500e+02 2.8918e-05
4.1832e+02 2.7250e+02 7.9494e+02 3.7500e+02 2.8869e-05
6.3606e+02 0.0000e+00 9.2348e+02 3.0761e+02 2.8846e-05

