6.6587e+02 1.7643e+02 7.0510e+02 1.9934e+02 9.9982e-01
6.5984e+02 1.7551e+02 6.9961e+02 2.0191e+02 9.9964e-01
3.9372e+02 1.8286e+02 5.2719e+02 2.7646e+02 9.9954e-01
6.2037e+02 1.7845e+02 6.7422e+02 2.0816e+02 9.9950e-01
6.4939e+02 1.7654e+02 6.8965e+02 1.9999e+02 9.9917e-01
6.1050e+02 1.7919e+02 6.6414e+02 2.1024e+02 9.9915e-01
6.1765e+02 1.7758e+02 6.7455e+02 2.0924e+02 9.9895e-01
6.7246e+02 1.7582e+02 7.0706e+02 1.9648e+02 9.9821e-01
7.5652e+02 1.6752e+02 7.9699e+02 2.6469e+02 9.9788e-01
6.3936e+02 1.7766e+02 6.8389e+02 2.0385e+02 9.9776e-01
6.0886e+02 1.7955e+02 6.6495e+02 2.0935e+02 9.9683e-01
6.3510e+02 1.7630e+02 6.7794e+02 2.0728e+02 9.9574e-01
6.5867e+02 1.7511e+02 6.9419e+02 1.9721e+02 9.9390e-01
6.8353e+02 1.7695e+02 7.1071e+02 1.9427e+02 9.8816e-01
6.2742e+02 1.7504e+02 6.8425e+02 2.0820e+02 9.8769e-01
6.1672e+02 1.7761e+02 6.6575e+02 2.0468e+02 9.8650e-01
6.8007e+02 1.7830e+02 7.0915e+02 1.9737e+02 9.8451e-01
7.5253e+02 1.6910e+02 7.8895e+02 2.5873e+02 9.8272e-01
7.4389e+02 1.7247e+02 8.0717e+02 2.5732e+02 9.7320e-01
4.5779e+02 1.7846e+02 5.2671e+02 2.1875e+02 9.7167e-01
7.6039e+02 1.6923e+02 7.9374e+02 2.5031e+02 9.7122e-01
6.9213e+02 1.7627e+02 7.1577e+02 1.9280e+02 9.6623e-01
4.0769e+02 1.8352e+02 5.3506e+02 2.5851e+02 9.6180e-01
6.2661e+02 1.7540e+02 6.7024e+02 2.0624e+02 9.6170e-01
7.4650e+02 1.7142e+02 8.0360e+02 2.3865e+02 9.5392e-01
4.6216e+02 1.7690e+02 5.3339e+02 2.1078e+02 9.4535e-01
6.4541e+02 1.7497e+02 6.8216e+02 1.9630e+02 9.4094e-01
6.3315e+02 1.7342e+02 6.9164e+02 2.0498e+02 9.3149e-01
6.6423e+02 1.7867e+02 6.9539e+02 2.0141e+02 9.2718e-01
4.4479e+02 1.8828e+02 5.3169e+02 2.4032e+02 9.2683e-01
6.4311e+02 1.7114e+02 7.0067e+02 2.0431e+02 9.2132e-01
6.5786e+02 1.7952e+02 6.9196e+02 2.0369e+02 9.2076e-01
7.6445e+02 1.6755e+02 8.0409e+02 2.6449e+02 9.1552e-01
4.4921e+02 1.8173e+02 5.2676e+02 2.2923e+02 9.1205e-01
7.6094e+02 1.7024e+02 7.8222e+02 2.3210e+02 9.1188e-01
7.6519e+02 1.6923e+02 7.8635e+02 2.3201e+02 9.0953e-01
4.2953e+02 1.8417e+02 5.1982e+02 2.5124e+02 9.0748e-01
7.5637e+02 1.7003e+02 7.7873e+02 2.3355e+02 9.0682e-01
6.2946e+02 1.8218e+02 6.7541e+02 2.0906e+02 9.0633e-01
7.6826e+02 1.6803e+02 7.9056e+02 2.3326e+02 9.0539e-01
6.9732e+02 1.7599e+02 7.1985e+02 1.9251e+02 8.8986e-01
4.5554e+02 1.8111e+02 5.2626e+02 2.1284e+02 8.7950e-01
6.6688e+02 1.7409e+02 6.9768e+02 1.9767e+02 8.6079e-01
7.5941e+02 1.7196e+02 7.8452e+02 2.4367e+02 8.6040e-01
6.7051e+02 1.7452e+02 7.0256e+02 1.9348e+02 8.6038e-01
7.5522e+02 1.7240e+02 7.7199e+02 2.2243e+02 8.4333e-01
4.5764e+02 1.8306e+02 5.2661e+02 2.4617e+02 8.3945e-01
4.0110e+02 1.8592e+02 5.1980e+02 2.6641e+02 8.2935e-01
7.5351e+02 1.7556e+02 7.7649e+02 2.4276e+02 8.2549e-01
6.4180e+02 1.7327e+02 6.7621e+02 2.0053e+02 8.2380e-01
4.6292e+02 1.7722e+02 5.3289e+02 2.1002e+02 8.1602e-01
6.0293e+02 1.8074e+02 6.5092e+02 2.0610e+02 8.1551e-01
6.3039e+02 1.7322e+02 6.7444e+02 1.9865e+02 8.1145e-01
7.5812e+02 1.7101e+02 7.7582e+02 2.2263e+02 8.0395e-01
7.7058e+02 1.6707e+02 7.8845e+02 2.1721e+02 7.9950e-01
7.7295e+02 1.6752e+02 7.9326e+02 2.2701e+02 7.9515e-01
6.0737e+02 1.8062e+02 6.5454e+02 2.1274e+02 7.8280e-01
7.5530e+02 1.7488e+02 7.8121e+02 2.4973e+02 7.7937e-01
6.7569e+02 1.7551e+02 7.0655e+02 1.9214e+02 7.7881e-01
7.6544e+02 1.7224e+02 7.9310e+02 2.4873e+02 7.7574e-01
7.6583e+02 1.6684e+02 7.9847e+02 2.4063e+02 7.5712e-01
6.1340e+02 1.7758e+02 6.5365e+02 2.0544e+02 7.5455e-01
7.7044e+02 1.6640e+02 7.9531e+02 2.3766e+02 7.4500e-01
7.6748e+02 1.6806e+02 7.8464e+02 2.1559e+02 7.4298e-01
7.5063e+02 1.7258e+02 7.8081e+02 2.5225e+02 7.4171e-01
4.2346e+02 1.7119e+02 4.9121e+02 2.9562e+02 7.2757e-01
4.3768e+02 1.7915e+02 5.1701e+02 2.3786e+02 7.2496e-01
7.5120e+02 1.7320e+02 7.6802e+02 2.2033e+02 7.1154e-01
3.9032e+02 1.9944e+02 5.1595e+02 2.8534e+02 7.1059e-01
6.2622e+02 1.7521e+02 6.6637e+02 1.9583e+02 6.7407e-01
7.4970e+02 1.7352e+02 7.7026e+02 2.2799e+02 6.7108e-01
3.1221e+00 1.6711e+02 4.6133e+01 3.0129e+02 6.4964e-01
6.5595e+02 1.7340e+02 6.8856e+02 1.9211e+02 6.4315e-01
7.7466e+02 1.6752e+02 7.9156e+02 2.1618e+02 6.1696e-01
7.3700e+02 1.7733e+02 8.1439e+02 2.2406e+02 5.9498e-01
6.7150e+02 1.6860e+02 6.9108e+02 2.0201e+02 5.8786e-01
4.1054e+02 1.6627e+02 4.9705e+02 2.8196e+02 5.8636e-01
7.7775e+02 1.6838e+02 7.9630e+02 2.2608e+02 5.7539e-01
6.8568e+02 1.7558e+02 7.1263e+02 1.9110e+02 5.6322e-01
6.4552e+02 1.6900e+02 6.6624e+02 2.1096e+02 5.6004e-01
7.5065e+02 1.7740e+02 7.7106e+02 2.4413e+02 5.5974e-01
0.0000e+00 1.6143e+02 7.2452e+01 3.4404e+02 5.5570e-01
6.4892e+02 1.6999e+02 6.6926e+02 2.0970e+02 5.5311e-01
7.0086e+02 1.7495e+02 7.2440e+02 1.9081e+02 5.4671e-01
4.6729e+02 1.7989e+02 5.2754e+02 2.3503e+02 5.4435e-01
7.6404e+02 1.7042e+02 7.7870e+02 2.1229e+02 5.4312e-01
6.2192e+02 1.8373e+02 6.6881e+02 2.1009e+02 5.2699e-01
6.0200e+02 1.7561e+02 6.6087e+02 2.1379e+02 5.0642e-01
4.7245e+02 1.7366e+02 5.1758e+02 2.6369e+02 4.7893e-01
7.7462e+02 1.6852e+02 7.9945e+02 2.4355e+02 4.7579e-01
7.4615e+02 1.6999e+02 7.9681e+02 2.2584e+02 4.6777e-01
7.5712e+02 1.7361e+02 7.7092e+02 2.1181e+02 4.5152e-01
7.5943e+02 1.7271e+02 7.8406e+02 2.0408e+02 4.4805e-01
6.2506e+02 1.7216e+02 6.4627e+02 2.1843e+02 4.4179e-01
6.2918e+02 1.7303e+02 6.4925e+02 2.1737e+02 4.3769e-01
6.5335e+02 1.7363e+02 7.1072e+02 2.0387e+02 4.3765e-01
4.3590e+02 1.6517e+02 5.0343e+02 2.8800e+02 4.3753e-01
7.5289e+02 1.7343e+02 7.8225e+02 2.1145e+02 4.2614e-01
7.5324e+02 1.6752e+02 8.0633e+02 2.2869e+02 4.2425e-01
7.5536e+02 1.7412e+02 7.7831e+02 2.0342e+02 4.2039e-01
6.7157e+02 1.7344e+02 6.8805e+02 2.0646e+02 4.0996e-01
7.5688e+02 1.7229e+02 7.8779e+02 2.1197e+02 4.0952e-01
7.4851e+02 1.7599e+02 7.6556e+02 2.2081e+02 4.0519e-01
6.4298e+02 1.7074e+02 6.6117e+02 2.1403e+02 4.0327e-01
7.5362e+02 1.7605e+02 7.7464e+02 2.0128e+02 3.8834e-01
7.6026e+02 1.7193e+02 7.7389e+02 2.1268e+02 3.8411e-01
6.6918e+02 1.7046e+02 6.8533e+02 2.0515e+02 3.7393e-01
6.6986e+02 1.8041e+02 7.0464e+02 2.0164e+02 3.6089e-01
1.3569e+00 1.4828e+02 3.6623e+01 2.8938e+02 3.5831e-01
7.5175e+02 1.6833e+02 8.0691e+02 2.8487e+02 3.5472e-01
6.3377e+02 1.7317e+02 6.5270e+02 2.1735e+02 3.5350e-01
6.7963e+02 1.7019e+02 6.9522e+02 2.0037e+02 3.5015e-01
6.3807e+02 1.7363e+02 6.5723e+02 2.1793e+02 3.2415e-01
6.1855e+02 1.7199e+02 6.3936e+02 2.1365e+02 3.2290e-01
7.6245e+02 1.7086e+02 7.9001e+02 2.0562e+02 3.2276e-01
6.2188e+02 1.7114e+02 6.4290e+02 2.1526e+02 3.1040e-01
6.5417e+02 1.7039e+02 6.7052e+02 2.0623e+02 3.0972e-01
7.7944e+02 1.6844e+02 7.9468e+02 2.1566e+02 3.0201e-01
4.1458e+02 1.9668e+02 5.3268e+02 2.5849e+02 3.0181e-01
7.4769e+02 1.7595e+02 7.7393e+02 2.0946e+02 2.9816e-01
6.7437e+02 1.7423e+02 6.9074e+02 2.0621e+02 2.8919e-01
2.5695e+00 1.7125e+02 3.6121e+01 3.1625e+02 2.8131e-01
7.4765e+02 1.7978e+02 7.6724e+02 2.3743e+02 2.7774e-01
4.8277e+02 1.7177e+02 5.2067e+02 2.5212e+02 2.7638e-01
7.5304e+02 1.7454e+02 7.6698e+02 2.1133e+02 2.7467e-01
4.5799e+02 1.8071e+02 5.1818e+02 2.0731e+02 2.7287e-01
6.8440e+02 1.7155e+02 6.9840e+02 2.0007e+02 2.6909e-01
7.2941e+02 1.8284e+02 8.2155e+02 2.4038e+02 2.6825e-01
6.4973e+02 1.7255e+02 6.8303e+02 1.9124e+02 2.6438e-01
7.6169e+02 1.7242e+02 7.8310e+02 1.9725e+02 2.5257e-01
4.1566e+02 1.8176e+02 5.0801e+02 2.3782e+02 2.5235e-01
3.3300e+00 1.5449e+02 4.4177e+01 2.6895e+02 2.4748e-01
4.7217e+02 1.7557e+02 5.3978e+02 2.1543e+02 2.4135e-01
4.6310e+02 1.7755e+02 5.1233e+02 2.1048e+02 2.3952e-01
4.5709e+02 1.7813e+02 5.2906e+02 2.0338e+02 2.3284e-01
7.6503e+02 1.7062e+02 7.8828e+02 1.9804e+02 2.3079e-01
4.0832e+02 1.7876e+02 4.7653e+02 3.0089e+02 2.2867e-01
4.3025e+02 1.8123e+02 5.1223e+02 3.0246e+02 2.2859e-01
7.4374e+02 1.7405e+02 8.1494e+02 2.1206e+02 2.2621e-01
4.5470e+02 1.7146e+02 5.0154e+02 2.6593e+02 2.2434e-01
2.5523e+00 1.8452e+02 6.2882e+01 2.9899e+02 2.2240e-01
7.8000e+02 1.6734e+02 8.0036e+02 2.3041e+02 2.1908e-01
7.5687e+02 1.7402e+02 7.7781e+02 1.9660e+02 2.1887e-01
7.5154e+02 1.7625e+02 7.8694e+02 1.9920e+02 2.1827e-01
6.2372e+02 1.7604e+02 6.5798e+02 1.9883e+02 2.1528e-01
7.5406e+02 1.7376e+02 7.8454e+02 1.9236e+02 2.1292e-01
4.6950e+02 1.6829e+02 5.0783e+02 2.5272e+02 2.0099e-01
3.9672e+02 1.7204e+02 5.4929e+02 2.4194e+02 2.0073e-01
4.6351e+02 1.8993e+02 5.3600e+02 2.3613e+02 1.9098e-01
7.6577e+02 1.6944e+02 7.7836e+02 2.0511e+02 1.8931e-01
6.8853e+02 1.7343e+02 7.0136e+02 1.9823e+02 1.8727e-01
0.0000e+00 1.7885e+02 1.0554e+02 3.0964e+02 1.8647e-01
5.8990e+00 1.7576e+02 2.6650e+01 2.6634e+02 1.8582e-01
7.0283e+02 1.7611e+02 7.2827e+02 1.9246e+02 1.8241e-01
6.3527e+02 1.6994e+02 6.5293e+02 2.0751e+02 1.8065e-01
6.1683e+02 1.7726e+02 6.6144e+02 1.9546e+02 1.7908e-01
3.3342e+00 1.5044e+02 5.5813e+01 3.5698e+02 1.7620e-01
3.8950e+02 1.7058e+02 5.2273e+02 2.5853e+02 1.7213e-01
6.5417e+02 1.7334e+02 6.8024e+02 1.9422e+02 1.6964e-01
3.7384e+02 1.8341e+02 5.0013e+02 2.7852e+02 1.6866e-01
4.7715e+02 1.6880e+02 5.1277e+02 2.3357e+02 1.6053e-01
3.9892e+02 2.1006e+02 5.1735e+02 2.7500e+02 1.5725e-01
9.4323e+00 1.7748e+02 3.1206e+01 2.6337e+02 1.5433e-01
6.3800e+02 1.7347e+02 6.7729e+02 1.9066e+02 1.5360e-01
0.0000e+00 1.5475e+02 9.3503e+01 3.2927e+02 1.5200e-01
4.3528e+02 1.7324e+02 5.0039e+02 2.7606e+02 1.5142e-01
0.0000e+00 1.9059e+02 6.5773e+01 3.7500e+02 1.4700e-01
7.6253e+02 1.7037e+02 7.9569e+02 2.1397e+02 1.4558e-01
6.4357e+02 1.6733e+02 6.6139e+02 2.0404e+02 1.4187e-01
7.7745e+02 1.6998e+02 8.0278e+02 2.5247e+02 1.4155e-01
3.7283e+00 1.7386e+02 2.1446e+01 2.7027e+02 1.4095e-01
4.2935e+02 1.7046e+02 4.8381e+02 2.7130e+02 1.3922e-01
0.0000e+00 2.0092e+02 7.5808e+01 2.9203e+02 1.3878e-01
6.3087e+02 1.6913e+02 6.4960e+02 2.0758e+02 1.3460e-01
7.6032e+02 1.7289e+02 7.8733e+02 1.8874e+02 1.3291e-01
6.7689e+02 1.6767e+02 6.9340e+02 1.9714e+02 1.3173e-01
4.5196e+02 1.6988e+02 5.1696e+02 2.8846e+02 1.2835e-01
6.6035e+02 1.7044e+02 6.7395e+02 2.0379e+02 1.2094e-01
3.9643e+02 1.8743e+02 5.0042e+02 2.4915e+02 1.2053e-01
9.2217e+00 1.6070e+02 5.3451e+01 2.9004e+02 1.1700e-01
4.8832e+02 1.8719e+02 5.1141e+02 2.3991e+02 1.1527e-01
6.4522e+02 1.7796e+02 6.6471e+02 2.1627e+02 1.1492e-01
4.4773e+02 1.7367e+02 5.3200e+02 2.0347e+02 1.1218e-01
4.0100e+02 1.6068e+02 4.8177e+02 2.8773e+02 1.1006e-01
6.6619e+02 1.6992e+02 6.7969e+02 2.0285e+02 1.0727e-01
2.7921e+00 1.5145e+02 2.6859e+01 3.0857e+02 1.0591e-01
4.2723e+02 1.7519e+02 5.6305e+02 2.4408e+02 1.0294e-01
4.0849e+02 1.8087e+02 5.0469e+02 2.5812e+02 1.0159e-01
6.4071e+02 1.6546e+02 7.0510e+02 2.0066e+02 9.9389e-02
6.6834e+02 1.7775e+02 6.8584e+02 2.0883e+02 9.5497e-02
4.1314e+02 1.9606e+02 5.3596e+02 2.8643e+02 9.3149e-02
7.4604e+02 1.7763e+02 7.9318e+02 2.0710e+02 9.3076e-02
3.5569e+00 1.7921e+02 8.6542e+01 3.5997e+02 9.1531e-02
6.5245e+02 1.7654e+02 6.7123e+02 2.1384e+02 9.0230e-02
6.2698e+02 1.6982e+02 6.4604e+02 2.0747e+02 9.0116e-02
6.7811e+02 1.7494e+02 6.9355e+02 2.0585e+02 8.9542e-02
4.8275e+02 1.7112e+02 5.0272e+02 2.2062e+02 8.7635e-02
4.7541e+02 1.7189e+02 4.9531e+02 2.1842e+02 8.7323e-02
0.0000e+00 1.9046e+02 8.4087e+01 3.2322e+02 8.6149e-02
7.6638e+02 1.7210e+02 7.8696e+02 1.9141e+02 8.5183e-02
3.8048e+02 2.1313e+02 5.2275e+02 2.9341e+02 8.1496e-02
6.8089e+02 1.6842e+02 6.9658e+02 1.9542e+02 7.9955e-02
4.2285e+02 1.4890e+02 5.1207e+02 2.6280e+02 7.9633e-02
4.7938e+02 1.7174e+02 4.9847e+02 2.1886e+02 7.9162e-02
7.6839e+02 1.7092e+02 7.9517e+02 2.0546e+02 7.7289e-02
6.4636e+02 1.7340e+02 6.7472e+02 1.9414e+02 7.7189e-02
4.6133e+02 1.7214e+02 5.4703e+02 2.0622e+02 7.6783e-02
7.3781e+02 1.6175e+02 8.1910e+02 2.6783e+02 7.6567e-02
7.8418e+02 1.6831e+02 7.9836e+02 2.1304e+02 7.4578e-02
6.6842e+02 1.6718e+02 6.8470e+02 1.9830e+02 7.4111e-02
7.6290e+02 1.7288e+02 7.8270e+02 1.9065e+02 7.3936e-02
6.4020e+02 1.6871e+02 6.5631e+02 2.0332e+02 7.3508e-02
7.4502e+02 1.7497e+02 7.6453e+02 2.2627e+02 6.7555e-02
7.5840e+02 1.7416e+02 7.7825e+02 1.9142e+02 6.7333e-02
6.5170e+02 1.7009e+02 6.8414e+02 1.8852e+02 6.5379e-02
4.8644e+02 1.6881e+02 5.0703e+02 2.1618e+02 6.4816e-02
6.3254e+02 1.7404e+02 6.6992e+02 1.9181e+02 6.4697e-02
0.0000e+00 1.9240e+02 1.2443e+02 2.8899e+02 6.4557e-02
4.5758e+02 1.6553e+02 5.2124e+02 2.6820e+02 6.3955e-02
4.7930e+02 1.9670e+02 5.2367e+02 2.3279e+02 6.3678e-02
4.2478e+02 1.8217e+02 5.1480e+02 2.2675e+02 6.1013e-02
0.0000e+00 1.5655e+02 3.5975e+01 3.6080e+02 6.0494e-02
7.4907e+02 1.7734e+02 7.7036e+02 2.0123e+02 6.0390e-02
6.2076e+02 1.6765e+02 6.5066e+02 2.2059e+02 6.0314e-02
6.3731e+02 1.7074e+02 6.5980e+02 2.1709e+02 5.9395e-02
7.6900e+02 1.7080e+02 7.9298e+02 1.9737e+02 5.8875e-02
6.8713e+02 1.7547e+02 7.0209e+02 2.0237e+02 5.8530e-02
7.5176e+02 1.7658e+02 7.7318e+02 1.9626e+02 5.8356e-02
4.4113e+02 1.7570e+02 5.2524e+02 2.1181e+02 5.7957e-02
4.9228e+02 1.8451e+02 5.1533e+02 2.3987e+02 5.7199e-02
7.7369e+02 1.6854e+02 7.8670e+02 1.9947e+02 5.7197e-02
0.0000e+00 1.3213e+02 3.9547e+01 3.2965e+02 5.6606e-02
6.3460e+02 1.6561e+02 6.6359e+02 2.1300e+02 5.6354e-02
7.5237e+02 1.7382e+02 7.9860e+02 2.0062e+02 5.5841e-02
1.1781e+01 1.5417e+02 3.0006e+01 2.4103e+02 5.5825e-02
1.3299e+01 1.7952e+02 3.4455e+01 2.5274e+02 5.5761e-02
6.6073e+02 1.6405e+02 6.7508e+02 1.9490e+02 5.5657e-02
6.1371e+02 1.7497e+02 6.3712e+02 2.1750e+02 5.5118e-02
6.2959e+02 1.6955e+02 6.5392e+02 2.1922e+02 5.4870e-02
7.5557e+02 1.7571e+02 7.7511e+02 1.9229e+02 5.3487e-02
5.5597e-01 1.8959e+02 5.5481e+01 2.8009e+02 5.2636e-02
6.8574e+02 1.6941e+02 6.9991e+02 1.9391e+02 5.2238e-02
6.9311e+02 1.7324e+02 7.0415e+02 1.9724e+02 5.2140e-02
6.8316e+02 1.7512e+02 6.9823e+02 2.0512e+02 5.1968e-02
7.0823e+02 1.7601e+02 7.3468e+02 1.9195e+02 5.0587e-02
6.2503e+02 1.6510e+02 6.5866e+02 2.1362e+02 5.0001e-02
7.5772e+02 1.7150e+02 7.9438e+02 1.9297e+02 4.9999e-02
4.7337e+02 1.8292e+02 4.9444e+02 2.3774e+02 4.9617e-02
6.1992e+02 1.6402e+02 6.9482e+02 2.0029e+02 4.9345e-02
7.5084e+02 1.7421e+02 7.8737e+02 2.2474e+02 4.9149e-02
3.1099e+00 2.0005e+02 4.8725e+01 3.1710e+02 4.8102e-02
1.9026e+00 1.7422e+02 1.6430e+01 2.6282e+02 4.7845e-02
3.9620e+02 1.9725e+02 5.2702e+02 2.8161e+02 4.6998e-02
4.5608e+02 1.8757e+02 5.1948e+02 2.1787e+02 4.6060e-02
4.4086e+02 1.9081e+02 5.2900e+02 2.6341e+02 4.5482e-02
6.3321e+02 1.7381e+02 6.5841e+02 2.2081e+02 4.5223e-02
6.7587e+02 1.7766e+02 6.9496e+02 2.0830e+02 4.4909e-02
0.0000e+00 1.4769e+02 2.6133e+01 2.7219e+02 4.3477e-02
0.0000e+00 2.1287e+02 9.5029e+01 2.7395e+02 4.1779e-02
6.4232e+02 1.6451e+02 6.7094e+02 2.1476e+02 4.1473e-02
7.5422e+02 1.7256e+02 7.6775e+02 2.0371e+02 4.0969e-02
7.4845e+02 1.7889e+02 7.8012e+02 1.9820e+02 4.0496e-02
4.7322e+02 1.7243e+02 4.9142e+02 2.1668e+02 4.0245e-02
6.5810e+02 1.6595e+02 6.7120e+02 1.9744e+02 4.0136e-02
1.5463e+01 1.5624e+02 3.3614e+01 2.3820e+02 4.0007e-02
4.9005e+02 1.6987e+02 5.1098e+02 2.1918e+02 3.9336e-02
4.4338e+02 1.4874e+02 5.1939e+02 2.5641e+02 3.7702e-02
7.7059e+02 1.6820e+02 7.8354e+02 1.9890e+02 3.7678e-02
6.1634e+02 1.7060e+02 6.3481e+02 2.0905e+02 3.6981e-02
6.8976e+02 1.7046e+02 7.0266e+02 1.9339e+02 3.6920e-02
8.3527e+00 1.5368e+02 2.6127e+01 2.4216e+02 3.6521e-02
4.6654e+02 1.6862e+02 5.0114e+02 2.3408e+02 3.6198e-02
7.5396e+02 1.7751e+02 8.0012e+02 2.8131e+02 3.5934e-02
4.7339e+02 2.0017e+02 5.2889e+02 2.3021e+02 3.5220e-02
6.9226e+02 1.7510e+02 7.0377e+02 2.0192e+02 3.5026e-02
7.0088e+02 1.7767e+02 7.2034e+02 1.9408e+02 3.4833e-02
4.1895e+02 1.6947e+02 4.6940e+02 2.6608e+02 3.4307e-02
7.5402e+02 1.7726e+02 7.9248e+02 2.2973e+02 3.3674e-02
6.6529e+02 1.6679e+02 6.7835e+02 1.9632e+02 3.3547e-02
6.4053e+02 1.8247e+02 6.7797e+02 2.0789e+02 3.3282e-02
1.3345e+00 1.7729e+02 2.3946e+01 3.2750e+02 3.3001e-02
4.4904e+02 1.9512e+02 5.1104e+02 2.2659e+02 3.2694e-02
4.4470e+02 1.8151e+02 5.4203e+02 2.6480e+02 3.2460e-02
0.0000e+00 1.6288e+02 1.6307e+01 2.9111e+02 3.1570e-02
1.5482e+01 1.7143e+02 6.5824e+01 2.9372e+02 3.0662e-02
4.7003e+02 1.8193e+02 4.9038e+02 2.3802e+02 3.0360e-02
0.0000e+00 1.7945e+02 5.3235e+01 2.6217e+02 2.9627e-02
7.0517e+02 1.7169e+02 7.1780e+02 1.9494e+02 2.9476e-02
7.5467e+02 1.7477e+02 7.8105e+02 1.8968e+02 2.9385e-02
1.0916e+00 1.7167e+02 1.5048e+01 2.8305e+02 2.9360e-02
6.0862e+02 1.7906e+02 6.4042e+02 2.0395e+02 2.9041e-02
6.1187e+02 1.7341e+02 6.3118e+02 2.1328e+02 2.8969e-02
4.9411e+02 1.7088e+02 5.1518e+02 2.2013e+02 2.8906e-02
4.7694e+02 1.7863e+02 4.9756e+02 2.3333e+02 2.8326e-02
6.6379e+02 1.8217e+02 6.9169e+02 2.0280e+02 2.7828e-02
4.6833e+02 1.8012e+02 5.2020e+02 2.1454e+02 2.7564e-02
4.6384e+02 1.7555e+02 5.3766e+02 1.9819e+02 2.7496e-02
4.8121e+02 1.8396e+02 5.0264e+02 2.3655e+02 2.6834e-02
7.5898e+02 1.7376e+02 7.9862e+02 2.2442e+02 2.6613e-02
4.2844e-01 1.9026e+02 3.2995e+01 3.4901e+02 2.6604e-02
7.4231e+02 1.7931e+02 7.8506e+02 2.0555e+02 2.6492e-02
8.3972e+02 1.7685e+02 8.8530e+02 1.9760e+02 2.6473e-02
6.5411e+02 1.6724e+02 6.6810e+02 1.9738e+02 2.6310e-02
7.0332e+02 1.7184e+02 7.1458e+02 1.9629e+02 2.6203e-02
4.8602e+02 1.8049e+02 5.0743e+02 2.3195e+02 2.6142e-02
0.0000e+00 1.4664e+02 1.7572e+01 2.6273e+02 2.6099e-02
7.6225e+02 1.4820e+02 8.2290e+02 2.8771e+02 2.5726e-02
7.4391e+02 1.8073e+02 7.9996e+02 2.1141e+02 2.5525e-02
7.6471e+02 1.7225e+02 7.9486e+02 1.8890e+02 2.4823e-02
6.4009e+02 1.7348e+02 6.6503e+02 2.2099e+02 2.4174e-02
6.1720e+02 1.6328e+02 6.7934e+02 2.0693e+02 2.3710e-02
6.1593e+02 1.7703e+02 6.5328e+02 1.9881e+02 2.2986e-02
4.7051e+02 1.7455e+02 5.2865e+02 2.0512e+02 2.2607e-02
4.7271e+02 1.8151e+02 5.4069e+02 2.2411e+02 2.2239e-02
6.1480e+02 1.5956e+02 6.5477e+02 2.1801e+02 2.2130e-02
4.2494e+02 1.6443e+02 5.7487e+02 2.2747e+02 2.2112e-02
7.7325e+02 1.7149e+02 7.9886e+02 2.0447e+02 2.1560e-02
6.5852e+02 1.7074e+02 6.9142e+02 1.8877e+02 2.0938e-02
1.2245e+03 1.1559e+02 1.2420e+03 2.2819e+02 2.0318e-02
0.0000e+00 1.8805e+02 1.4916e+01 3.2178e+02 2.0256e-02
6.9908e+02 1.7330e+02 7.0917e+02 1.9692e+02 2.0211e-02
6.3319e+02 1.6960e+02 6.4869e+02 2.0156e+02 2.0094e-02
7.5102e+02 1.7609e+02 7.7963e+02 1.9289e+02 1.9750e-02
4.2800e+02 1.9039e+02 5.4736e+02 2.7244e+02 1.9711e-02
9.5147e+00 1.4929e+02 5.2953e+01 2.5816e+02 1.9641e-02
4.7629e+02 1.6463e+02 5.0918e+02 2.2276e+02 1.9220e-02
4.6977e+02 1.8775e+02 5.3147e+02 2.1658e+02 1.9206e-02
3.9144e+02 2.0088e+02 5.0905e+02 2.6738e+02 1.9112e-02
7.0369e+02 1.7832e+02 7.2408e+02 1.9436e+02 1.9094e-02
4.6404e+02 1.8471e+02 5.0995e+02 2.1879e+02 1.8905e-02
6.6483e+02 1.7693e+02 6.8014e+02 2.0879e+02 1.8571e-02
6.9979e+02 1.7212e+02 7.2585e+02 1.8856e+02 1.8342e-02
0.0000e+00 1.9131e+02 2.1313e+01 3.5287e+02 1.8338e-02
7.4654e+02 1.7673e+02 7.7546e+02 2.2145e+02 1.8328e-02
6.3139e+02 1.7476e+02 6.6036e+02 1.9328e+02 1.8044e-02
7.0428e+02 1.6958e+02 7.1609e+02 1.9227e+02 1.7959e-02
1.2810e+00 1.2407e+02 6.8908e+01 3.0858e+02 1.7741e-02
6.5806e+02 1.7681e+02 6.7437e+02 2.1237e+02 1.7732e-02
7.7712e+02 1.6883e+02 7.8985e+02 2.0097e+02 1.7586e-02
6.4933e+02 1.6627e+02 6.6490e+02 1.9800e+02 1.7394e-02
4.1996e+02 1.7931e+02 4.8111e+02 2.8780e+02 1.7373e-02
0.0000e+00 2.1120e+02 1.3679e+01 3.4777e+02 1.7336e-02
1.2108e+03 1.1224e+02 1.2377e+03 2.5627e+02 1.7232e-02
1.6664e+01 1.8343e+02 3.8847e+01 2.5872e+02 1.7231e-02
6.5014e+02 1.6199e+02 6.7683e+02 2.1055e+02 1.7096e-02
0.0000e+00 1.2580e+02 1.6594e+01 2.4177e+02 1.7093e-02
5.4601e+00 1.5356e+02 2.0989e+01 2.3443e+02 1.6934e-02
1.8201e+00 2.0639e+02 4.3343e+01 3.4838e+02 1.6931e-02
7.7024e+02 1.7200e+02 7.9181e+02 1.9247e+02 1.6901e-02
0.0000e+00 2.0598e+02 8.4377e+01 2.6230e+02 1.6861e-02
1.8848e+01 1.5919e+02 3.6840e+01 2.3513e+02 1.6639e-02
6.2045e+02 1.7820e+02 6.4389e+02 2.2046e+02 1.6587e-02
7.5325e+02 1.6781e+02 7.8683e+02 2.2974e+02 1.6309e-02
6.1423e+02 1.8713e+02 6.5467e+02 2.1170e+02 1.6261e-02
7.7898e+02 1.6718e+02 8.0760e+02 2.6061e+02 1.6177e-02
3.7858e-01 1.7846e+02 1.2596e+01 2.7327e+02 1.6043e-02
4.6361e+02 1.9498e+02 5.2429e+02 2.2635e+02 1.6028e-02
4.5944e+02 1.9227e+02 5.0822e+02 2.2915e+02 1.5932e-02
4.6556e+02 1.8178e+02 5.2268e+02 2.7340e+02 1.5878e-02
6.5165e+02 1.6491e+02 7.1968e+02 2.0031e+02 1.5684e-02
4.4208e+02 1.6864e+02 4.8693e+02 2.5985e+02 1.5623e-02
0.0000e+00 2.7455e+02 2.9931e+01 3.7500e+02 1.5514e-02
0.0000e+00 1.6396e+02 1.1181e+02 2.8331e+02 1.5092e-02
7.8555e+02 1.6993e+02 8.0168e+02 2.1743e+02 1.5072e-02
3.7192e+02 1.6082e+02 5.0797e+02 2.5615e+02 1.5016e-02
7.5082e+02 1.7691e+02 8.0612e+02 2.0735e+02 1.4296e-02
3.5088e+02 1.8231e+02 4.8721e+02 2.6428e+02 1.4295e-02
4.2362e+00 1.6448e+02 2.1624e+01 2.4851e+02 1.4262e-02
7.7128e+02 1.7046e+02 8.0135e+02 2.1217e+02 1.4173e-02
7.5894e+02 1.7083e+02 7.7086e+02 1.9760e+02 1.4124e-02
7.5124e+02 1.8212e+02 7.8323e+02 2.3228e+02 1.4019e-02
0.0000e+00 1.1440e+02 5.2152e+01 3.1535e+02 1.3878e-02
3.5109e+02 1.6419e+02 5.2770e+02 2.4184e+02 1.3702e-02
6.6552e+02 1.8430e+02 6.9759e+02 2.0422e+02 1.3696e-02
4.8481e+02 1.6604e+02 5.2090e+02 2.2581e+02 1.3608e-02
7.0158e+02 1.7423e+02 7.1312e+02 1.9831e+02 1.3379e-02
0.0000e+00 1.2193e+02 3.6492e+01 2.5823e+02 1.3373e-02
6.9421e+02 1.6989e+02 7.0514e+02 1.9239e+02 1.3305e-02
6.2299e+02 1.6746e+02 6.5288e+02 2.3407e+02 1.3144e-02
4.6504e+02 1.7563e+02 5.1722e+02 2.0429e+02 1.3002e-02
9.1113e+00 2.0472e+02 8.0873e+01 3.7500e+02 1.2974e-02
6.4052e+02 1.7940e+02 6.6174e+02 2.1728e+02 1.2901e-02
6.5363e+02 1.8308e+02 6.8495e+02 2.0619e+02 1.2804e-02
0.0000e+00 1.4056e+02 1.4451e+02 3.0265e+02 1.2765e-02
4.6604e+02 1.8246e+02 4.8584e+02 2.3996e+02 1.2761e-02
8.3737e+02 1.7327e+02 8.7799e+02 1.9531e+02 1.2689e-02
0.0000e+00 1.7411e+02 1.3739e+02 2.6006e+02 1.2514e-02
0.0000e+00 9.2139e+01 3.4766e+01 2.8502e+02 1.2508e-02
1.2243e+03 1.4009e+02 1.2420e+03 2.5001e+02 1.2506e-02
6.1697e+02 1.6714e+02 6.4825e+02 2.3168e+02 1.2426e-02
1.6508e+01 1.7286e+02 3.8221e+01 2.4453e+02 1.2367e-02
6.9686e+02 1.7504e+02 7.0763e+02 1.9997e+02 1.2240e-02
6.4002e+02 1.5219e+02 6.7420e+02 2.1347e+02 1.2147e-02
6.4935e+02 1.6699e+02 6.7337e+02 2.1585e+02 1.2089e-02
0.0000e+00 0.0000e+00 1.3777e+02 3.7500e+02 1.2032e-02
4.9276e+02 1.7033e+02 5.2501e+02 2.4867e+02 1.1964e-02
7.6695e+02 1.6781e+02 7.7799e+02 1.9667e+02 1.1941e-02
1.2029e+03 1.1925e+02 1.2319e+03 2.4808e+02 1.1901e-02
1.8464e+01 1.5789e+02 6.1150e+01 2.7392e+02 1.1835e-02
0.0000e+00 1.8689e+02 7.8655e+00 2.6342e+02 1.1457e-02
0.0000e+00 1.5670e+02 7.1659e+00 2.1755e+02 1.1399e-02
7.0528e+02 1.6650e+02 7.2078e+02 1.9347e+02 1.1394e-02
6.4977e+02 1.7056e+02 6.7652e+02 1.8893e+02 1.1356e-02
0.0000e+00 1.7938e+02 4.9578e+01 3.0227e+02 1.1237e-02
1.0167e+01 1.8930e+02 3.1230e+01 2.8466e+02 1.1183e-02
6.6038e+02 1.6194e+02 6.8454e+02 2.1041e+02 1.1159e-02
0.0000e+00 7.2297e+01 7.2989e+01 3.7500e+02 1.1123e-02
6.4614e+02 1.7619e+02 7.0758e+02 2.0911e+02 1.1121e-02
0.0000e+00 2.0234e+02 3.0700e+01 3.7500e+02 1.1058e-02
0.0000e+00 1.6970e+02 7.0475e+01 2.9809e+02 1.1041e-02
4.2899e+02 1.8278e+02 4.9210e+02 2.9438e+02 1.1041e-02
8.4354e+02 1.8087e+02 8.8551e+02 1.9881e+02 1.0961e-02
7.1851e+02 1.7011e+02 8.4118e+02 2.4599e+02 1.0925e-02
6.6486e+02 1.6860e+02 7.1981e+02 2.0376e+02 1.0918e-02
7.5508e+02 1.7202e+02 7.7430e+02 1.8835e+02 1.0800e-02
7.1114e+02 1.7520e+02 7.3821e+02 1.9071e+02 1.0759e-02
8.6693e+02 1.7320e+02 9.1681e+02 1.9377e+02 1.0728e-02
0.0000e+00 1.6305e+02 5.2155e+01 2.4504e+02 1.0718e-02
6.7428e+02 1.7292e+02 7.0530e+02 1.8977e+02 1.0670e-02
4.6206e+02 1.8309e+02 5.0346e+02 2.1093e+02 1.0591e-02
4.7069e+02 1.9248e+02 5.2997e+02 2.2219e+02 1.0523e-02
4.3474e+02 1.7090e+02 5.2029e+02 2.0180e+02 1.0455e-02
4.6280e+02 1.5102e+02 5.2684e+02 2.5843e+02 1.0429e-02
7.6338e+02 1.7201e+02 8.0146e+02 1.9296e+02 1.0427e-02
0.0000e+00 1.2721e+02 9.1999e+01 3.3431e+02 1.0308e-02
6.9273e+02 1.7214e+02 7.2012e+02 1.8805e+02 1.0273e-02
7.6011e+02 1.7471e+02 8.0640e+02 1.9918e+02 1.0226e-02
6.5329e+02 1.6654e+02 6.7945e+02 1.8371e+02 1.0115e-02
4.8142e+02 1.7712e+02 5.4462e+02 2.0742e+02 1.0102e-02
7.5021e+02 1.8386e+02 7.8991e+02 2.3917e+02 1.0097e-02
4.4862e+02 1.7621e+02 5.2718e+02 3.0723e+02 9.9022e-03
7.5725e+02 1.7050e+02 7.8345e+02 1.8649e+02 9.7944e-03
4.7070e+02 1.7207e+02 4.8626e+02 2.1404e+02 9.7642e-03
1.3204e+01 1.8720e+02 3.5137e+01 2.7428e+02 9.7245e-03
7.4447e+02 1.6932e+02 7.7177e+02 2.4845e+02 9.7213e-03
6.4502e+02 1.6528e+02 6.6061e+02 1.9758e+02 9.5784e-03
4.5725e+02 1.7589e+02 5.2634e+02 1.9596e+02 9.5618e-03
6.6774e+02 1.6257e+02 6.9373e+02 2.1201e+02 9.5317e-03
4.6393e+00 1.2805e+02 4.4843e+01 2.4940e+02 9.4401e-03
6.1231e+02 1.6342e+02 6.4446e+02 2.2047e+02 9.4376e-03
6.4018e+02 1.7115e+02 6.7754e+02 1.8682e+02 9.4346e-03
7.4502e+02 1.7676e+02 7.6731e+02 2.0768e+02 9.3032e-03
4.7804e+02 1.9010e+02 5.2347e+02 2.2462e+02 9.2788e-03
5.7332e+02 1.5636e+02 7.3006e+02 2.2265e+02 9.2746e-03
7.5789e+02 1.8155e+02 8.0169e+02 2.3763e+02 9.2699e-03
7.0788e+02 1.7186e+02 7.2066e+02 1.9523e+02 9.2546e-03
6.4687e+02 1.5382e+02 6.7939e+02 2.1134e+02 9.1015e-03
6.3109e+02 1.5041e+02 6.6788e+02 2.1559e+02 8.9970e-03
7.6301e+02 1.6884e+02 7.7365e+02 1.9704e+02 8.9487e-03
1.2180e+03 1.4129e+02 1.2420e+03 2.0026e+02 8.9340e-03
4.9601e+02 1.8075e+02 5.1851e+02 2.3323e+02 8.9246e-03
1.2230e+03 1.6372e+02 1.2420e+03 2.7338e+02 8.9058e-03
0.0000e+00 1.9135e+02 1.6941e+02 2.6841e+02 8.7587e-03
4.7037e+02 1.9212e+02 5.1715e+02 2.2886e+02 8.6327e-03
5.9229e+02 1.7161e+02 6.5222e+02 2.1236e+02 8.4050e-03
6.6494e+02 1.5293e+02 6.9789e+02 2.1218e+02 8.3751e-03
4.5942e+02 1.6795e+02 4.9367e+02 2.3643e+02 8.3648e-03
0.0000e+00 1.9645e+02 4.7357e+01 3.7500e+02 8.2699e-03
1.2083e+03 1.4658e+02 1.2420e+03 1.9089e+02 8.1928e-03
6.6596e+02 1.7194e+02 6.9874e+02 1.8990e+02 8.1159e-03
4.5398e+02 1.8184e+02 5.1164e+02 2.7506e+02 8.1001e-03
7.0054e+00 1.8719e+02 2.7415e+01 2.8722e+02 8.0564e-03
4.5411e+02 1.8494e+02 5.1127e+02 2.1249e+02 7.9255e-03
4.5404e+02 1.7856e+02 5.1357e+02 1.9838e+02 7.8565e-03
4.7384e+02 1.8450e+02 5.2235e+02 2.1837e+02 7.8521e-03
6.3102e+02 1.6624e+02 6.6023e+02 2.3273e+02 7.8290e-03
6.9993e+02 1.6984e+02 7.0976e+02 1.9121e+02 7.7914e-03
1.2243e+03 1.8957e+02 1.2420e+03 2.9696e+02 7.7871e-03
8.4560e+02 1.7766e+02 8.7547e+02 1.9936e+02 7.7449e-03
1.2155e+03 1.0970e+02 1.2420e+03 2.5377e+02 7.4957e-03
1.2253e+03 9.4360e+01 1.2420e+03 2.0308e+02 7.3828e-03
0.0000e+00 1.8984e+02 5.6681e+01 3.7500e+02 7.3552e-03
2.1214e+00 1.5358e+02 1.6235e+01 2.3370e+02 7.3271e-03
7.7295e+02 1.6200e+02 8.0504e+02 2.3084e+02 7.2695e-03
6.5724e+02 1.5202e+02 6.8789e+02 2.0884e+02 7.2356e-03
4.1196e+02 1.7255e+02 4.5746e+02 2.6335e+02 7.1712e-03
3.1390e+02 1.4938e+02 5.8685e+02 2.8895e+02 7.0724e-03
6.4175e+02 1.6660e+02 6.5563e+02 1.9739e+02 7.0689e-03
1.2153e+03 2.0488e+02 1.2339e+03 2.8582e+02 6.9563e-03
8.2050e+02 1.5889e+02 9.1181e+02 1.9408e+02 6.9248e-03
3.9514e+02 2.2536e+02 5.0978e+02 2.7886e+02 6.8760e-03
6.7269e+02 1.6220e+02 7.0101e+02 2.1778e+02 6.8357e-03
7.4613e+02 1.7776e+02 7.6622e+02 2.0085e+02 6.7415e-03
6.4263e+02 1.7188e+02 6.7167e+02 1.9018e+02 6.7113e-03
7.0370e+02 1.7334e+02 7.1654e+02 2.0123e+02 6.6810e-03
1.2066e+03 9.8201e+01 1.2420e+03 2.8144e+02 6.6589e-03
8.5429e+02 1.7396e+02 9.0921e+02 1.9443e+02 6.6241e-03
7.5065e+02 1.7113e+02 7.7109e+02 1.8678e+02 6.4550e-03
8.2308e+02 1.7400e+02 8.6117e+02 1.9576e+02 6.4266e-03
3.9174e+02 1.6795e+02 4.5718e+02 2.9218e+02 6.4027e-03
0.0000e+00 1.1370e+02 2.5575e+01 2.4641e+02 6.3133e-03
7.4106e+02 1.4944e+02 7.9697e+02 2.8501e+02 6.3038e-03
7.1316e+02 1.6220e+02 8.5080e+02 2.3002e+02 6.2128e-03
1.2193e+03 1.5620e+02 1.2420e+03 2.1592e+02 6.0882e-03
7.4779e+02 1.7112e+02 8.1925e+02 2.0431e+02 5.9373e-03
0.0000e+00 8.4163e+01 2.0391e+02 3.7500e+02 5.9123e-03
1.8496e+00 1.8547e+02 7.6895e+01 2.7200e+02 5.8502e-03
7.2403e+02 1.5465e+02 8.1761e+02 2.4972e+02 5.8460e-03
1.1998e+03 2.8219e+02 1.2420e+03 3.7500e+02 5.8253e-03
4.4005e+02 1.6491e+02 5.4131e+02 1.9907e+02 5.7271e-03
1.0826e+01 1.9958e+02 6.7995e+01 3.1081e+02 5.6023e-03
0.0000e+00 3.2885e+02 1.4820e+01 3.7500e+02 5.5548e-03
1.2103e+03 1.6187e+02 1.2420e+03 2.0538e+02 5.4169e-03
9.7637e-02 2.1994e+02 9.5255e+01 3.4963e+02 5.2974e-03
4.5244e+02 1.6939e+02 5.8970e+02 2.4171e+02 5.2757e-03
0.0000e+00 1.5193e+02 4.8796e+01 2.7541e+02 5.1783e-03
1.2093e+03 1.3938e+02 1.2420e+03 1.8300e+02 5.1524e-03
1.2106e+03 2.0955e+02 1.2420e+03 2.5479e+02 4.9480e-03
0.0000e+00 3.1363e+02 4.3803e+01 3.7500e+02 4.9178e-03
4.8151e+02 1.7389e+02 5.6247e+02 2.0844e+02 4.8552e-03
0.0000e+00 1.9329e+02 8.3640e+01 2.8607e+02 4.8502e-03
2.3714e+01 1.8262e+02 7.3358e+01 2.8861e+02 4.7771e-03
4.8025e+02 1.6643e+02 5.2983e+02 2.8559e+02 4.7627e-03
0.0000e+00 1.7067e+02 6.3658e+01 2.5182e+02 4.7200e-03
0.0000e+00 2.0050e+02 9.3813e+01 2.5235e+02 4.7176e-03
1.2175e+03 1.8900e+02 1.2420e+03 2.4787e+02 4.6043e-03
1.2106e+03 1.9389e+02 1.2420e+03 2.3862e+02 4.5683e-03
1.2184e+03 1.7251e+02 1.2420e+03 2.3192e+02 4.4883e-03
1.2175e+03 2.0462e+02 1.2420e+03 2.6355e+02 4.4729e-03
1.2081e+03 1.3109e+02 1.2392e+03 2.8397e+02 4.4291e-03
4.8435e+02 1.7428e+02 5.4520e+02 2.1895e+02 4.3977e-03
1.1547e+03 1.7720e+02 1.2420e+03 3.7500e+02 4.3426e-03
8.2270e+00 1.3080e+02 8.7037e+01 2.9871e+02 4.3002e-03
1.2060e+03 1.4480e+02 1.2420e+03 3.3041e+02 4.2543e-03
1.2104e+03 1.8547e+02 1.2420e+03 2.3017e+02 4.1814e-03
1.2130e+03 1.7002e+02 1.2420e+03 2.1370e+02 4.1530e-03
0.0000e+00 2.5152e+02 9.1776e+01 3.7500e+02 4.1414e-03
1.2246e+03 2.1187e+02 1.2420e+03 3.2105e+02 4.0466e-03
0.0000e+00 2.2160e+02 7.6377e+01 2.7853e+02 4.0285e-03
7.3079e+02 1.9184e+02 8.2622e+02 2.5193e+02 3.9830e-03
1.2104e+03 1.7766e+02 1.2420e+03 2.2199e+02 3.9785e-03
0.0000e+00 1.7712e+02 1.8077e+02 2.4983e+02 3.9684e-03
1.2230e+03 3.3268e+02 1.2420e+03 3.7500e+02 3.8582e-03
4.2261e+02 1.7518e+02 5.1598e+02 2.1399e+02 3.8506e-03
6.2097e+02 1.5079e+02 6.6178e+02 2.1817e+02 3.8058e-03
1.1860e+03 3.1706e+02 1.2420e+03 3.7500e+02 3.7084e-03
0.0000e+00 1.0266e+02 2.8469e+02 3.7500e+02 3.6972e-03
4.4114e+02 1.6109e+02 5.5671e+02 2.3324e+02 3.6761e-03
8.3048e+02 1.6760e+02 9.1718e+02 1.9798e+02 3.6484e-03
1.0856e+03 0.0000e+00 1.2420e+03 3.7500e+02 3.5992e-03
4.5246e+02 1.9804e+02 5.3399e+02 2.5536e+02 3.5583e-03
1.2121e+03 2.2462e+02 1.2420e+03 2.6988e+02 3.4794e-03
1.2192e+03 1.2595e+02 1.2420e+03 1.8374e+02 3.4393e-03
7.5342e+02 1.2260e+02 8.1819e+02 2.6656e+02 3.4281e-03
0.0000e+00 2.1827e+02 6.0602e+01 3.0129e+02 3.4256e-03
1.1938e+03 1.2419e+02 1.2261e+03 2.3874e+02 3.3951e-03
1.2194e+03 2.1970e+02 1.2420e+03 2.7827e+02 3.3138e-03
1.2034e+03 1.7747e+02 1.2420e+03 3.6679e+02 3.2817e-03
0.0000e+00 6.0762e+01 3.1098e+01 2.4403e+02 3.2237e-03
0.0000e+00 1.9737e+02 7.0477e+01 2.5036e+02 3.2071e-03
0.0000e+00 2.6239e+02 1.5060e+02 3.7500e+02 3.0952e-03
4.5853e+02 1.7931e+02 5.8519e+02 2.5499e+02 3.0845e-03
1.2103e+03 1.3110e+02 1.2420e+03 1.7460e+02 3.0514e-03
0.0000e+00 1.0132e+02 1.5188e+01 2.1396e+02 2.9616e-03
7.4137e+02 1.2158e+02 8.0597e+02 2.6832e+02 2.9196e-03
8.4216e+02 1.5809e+02 9.3570e+02 1.9420e+02 2.8646e-03
0.0000e+00 2.1380e+02 1.1887e+02 3.1192e+02 2.8502e-03
0.0000e+00 2.3535e+02 1.4784e+01 3.7500e+02 2.8433e-03
5.2834e+00 2.0665e+02 5.5508e+01 3.4065e+02 2.8397e-03
0.0000e+00 1.2275e+02 4.7261e+01 2.3438e+02 2.8261e-03
4.4188e+02 1.9355e+02 5.0447e+02 2.9056e+02 2.8208e-03
0.0000e+00 1.7440e+02 8.7604e+01 2.2575e+02 2.7846e-03
1.2093e+03 1.8519e+02 1.2397e+03 3.1605e+02 2.7746e-03
1.2178e+03 3.5208e+02 1.2420e+03 3.7500e+02 2.7534e-03
0.0000e+00 9.3777e+01 1.3134e+02 3.7500e+02 2.7118e-03
1.1899e+03 2.1559e+02 1.2273e+03 3.3257e+02 2.7005e-03
1.1819e+03 2.1959e+02 1.2206e+03 3.2619e+02 2.6873e-03
0.0000e+00 1.6412e+02 8.3257e+01 2.5715e+02 2.6573e-03
0.0000e+00 3.4942e+02 2.3202e+01 3.7500e+02 2.6368e-03
4.2409e+02 1.6074e+02 5.2168e+02 1.9603e+02 2.6119e-03
0.0000e+00 1.9201e+02 8.3695e+01 2.4078e+02 2.6097e-03
1.1737e+03 1.9437e+02 1.2420e+03 2.8470e+02 2.5767e-03
0.0000e+00 1.6507e+02 2.5826e+01 2.3744e+02 2.5592e-03
1.1998e+03 2.1206e+02 1.2335e+03 3.3601e+02 2.5501e-03
0.0000e+00 1.5928e+02 1.4099e+02 2.3808e+02 2.5474e-03
1.1614e+03 2.7177e+00 1.2420e+03 3.6127e+02 2.5426e-03
9.1460e+02 1.5540e+02 1.0295e+03 1.9600e+02 2.5275e-03
4.0469e+02 1.8381e+02 5.0337e+02 2.2607e+02 2.4873e-03
0.0000e+00 1.4963e+02 7.7688e+01 2.3752e+02 2.4863e-03
9.9912e+00 1.3111e+02 5.4839e+01 2.3998e+02 2.4506e-03
0.0000e+00 1.6121e+02 6.3696e+01 2.3268e+02 2.4452e-03
5.7798e+02 1.7814e+02 6.4834e+02 2.1362e+02 2.4399e-03
1.2009e+03 1.3760e+02 1.2339e+03 2.7925e+02 2.4095e-03
0.0000e+00 1.5188e+02 2.6046e+01 2.2034e+02 2.3955e-03
1.1273e+03 2.4481e+02 1.2420e+03 3.7500e+02 2.3869e-03
4.8802e+02 1.7942e+02 5.2475e+02 2.6986e+02 2.3820e-03
8.1432e+02 1.5210e+02 9.0279e+02 1.8800e+02 2.3670e-03
4.7894e+02 1.6291e+02 5.1509e+02 2.1673e+02 2.3616e-03
4.0048e+02 1.7995e+02 4.5563e+02 2.6840e+02 2.3476e-03
9.3774e+02 1.1251e+02 1.2420e+03 3.7500e+02 2.3295e-03
6.3894e+02 1.6799e+02 6.6589e+02 2.3467e+02 2.3020e-03
0.0000e+00 2.4027e+02 2.6347e+01 3.7500e+02 2.2713e-03
1.2014e+03 1.0234e+02 1.2323e+03 2.2048e+02 2.2655e-03
1.1738e+03 1.7763e+02 1.2420e+03 2.6688e+02 2.2359e-03
1.2100e+03 1.2223e+02 1.2420e+03 1.6565e+02 2.2321e-03
0.0000e+00 1.7942e+02 9.7699e+01 2.7315e+02 2.2309e-03
1.2098e+03 8.9823e+01 1.2383e+03 2.1912e+02 2.2294e-03
0.0000e+00 3.2480e+02 5.9532e+01 3.7500e+02 2.1761e-03
1.2107e+03 3.5488e+02 1.2420e+03 3.7500e+02 2.1702e-03
1.0186e+03 8.5951e+01 1.2420e+03 3.7500e+02 2.1689e-03
3.5979e+00 2.0786e+02 1.1333e+02 2.5838e+02 2.1579e-03
7.5664e+02 1.6807e+02 8.1280e+02 2.1690e+02 2.1379e-03
4.0656e+02 1.8328e+02 4.6671e+02 2.7325e+02 2.1301e-03
1.6538e+01 1.4551e+02 1.1121e+02 3.0836e+02 2.1082e-03
1.2080e+03 4.9494e+01 1.2420e+03 2.4018e+02 2.0836e-03
1.2132e+03 2.3209e+02 1.2420e+03 2.7887e+02 2.0712e-03
0.0000e+00 1.3515e+02 7.6278e+01 2.2176e+02 2.0545e-03
5.9047e+02 1.4966e+02 7.0711e+02 2.2927e+02 2.0406e-03
1.1911e+03 1.8453e+02 1.2420e+03 2.9848e+02 2.0366e-03
1.0818e+03 2.5906e+02 1.2420e+03 3.7500e+02 2.0336e-03
3.8287e+02 1.2332e+02 4.5837e+02 2.8741e+02 2.0299e-03
1.1950e+03 1.3675e+02 1.2420e+03 2.5116e+02 2.0261e-03
0.0000e+00 1.5078e+02 3.9899e+01 1.9917e+02 2.0189e-03
4.3215e+02 2.0964e+02 5.3152e+02 2.7145e+02 2.0033e-03
1.1767e+03 1.4612e+02 1.2420e+03 2.3292e+02 1.9900e-03
3.9359e+02 1.0030e+02 5.2109e+02 3.3051e+02 1.9449e-03
1.1750e+03 1.6225e+02 1.2420e+03 2.4935e+02 1.9356e-03
0.0000e+00 2.8326e+02 4.5895e+01 3.7500e+02 1.9047e-03
0.0000e+00 1.3627e+02 2.5044e+01 2.0193e+02 1.9015e-03
8.5971e+02 1.5644e+02 9.5135e+02 1.9304e+02 1.8895e-03
3.9671e+02 1.5365e+02 5.7297e+02 2.2256e+02 1.8875e-03
7.8118e+02 1.6462e+02 8.0821e+02 2.3912e+02 1.8549e-03
1.1706e+03 2.0743e+02 1.2420e+03 3.0127e+02 1.8409e-03
0.0000e+00 1.5370e+02 5.4264e+01 2.2350e+02 1.8354e-03
0.0000e+00 1.0681e+02 4.4666e+01 2.1579e+02 1.8320e-03
1.2118e+03 1.5288e+02 1.2420e+03 2.9008e+02 1.8263e-03
8.2139e+02 1.6592e+02 9.0176e+02 1.9875e+02 1.7986e-03
7.3721e+02 1.7605e+02 8.2303e+02 2.9351e+02 1.7172e-03
4.9293e+02 1.6739e+02 5.2590e+02 2.2475e+02 1.7141e-03
0.0000e+00 1.8104e+02 2.5114e+01 2.5310e+02 1.6965e-03
0.0000e+00 1.6637e+02 4.3350e+01 2.1609e+02 1.6894e-03
1.2204e+03 2.3470e+02 1.2420e+03 2.9528e+02 1.6719e-03
8.4578e+02 1.6550e+02 9.3256e+02 1.9666e+02 1.6711e-03
4.4947e+02 1.6890e+02 4.8444e+02 2.3901e+02 1.6352e-03
3.8895e+02 2.1402e+02 4.9264e+02 2.7452e+02 1.6163e-03
3.2635e+02 1.8155e+02 4.6577e+02 2.6234e+02 1.6156e-03
7.3165e+02 1.7094e+02 7.9966e+02 2.0143e+02 1.6026e-03
0.0000e+00 1.7003e+02 9.9632e+01 2.1451e+02 1.5992e-03
1.9831e+01 1.9762e+02 7.4454e+01 3.0262e+02 1.5957e-03
0.0000e+00 2.2317e+02 4.4638e+01 3.4593e+02 1.5820e-03
1.0913e+03 1.3434e+02 1.2420e+03 3.0335e+02 1.5790e-03
1.8979e+01 1.4207e+02 6.2139e+01 2.4292e+02 1.5370e-03
5.5508e+02 1.4384e+02 7.2191e+02 2.2022e+02 1.5356e-03
0.0000e+00 1.7848e+02 1.0996e+02 2.2177e+02 1.5330e-03
7.4517e+02 1.7924e+02 8.3405e+02 2.2026e+02 1.5084e-03
0.0000e+00 1.8063e+02 7.4375e+01 2.3406e+02 1.5046e-03
0.0000e+00 1.6228e+02 1.0276e+02 2.0568e+02 1.4651e-03
4.0931e+02 1.0776e+02 5.4211e+02 3.5559e+02 1.4535e-03
1.1579e+03 0.0000e+00 1.2420e+03 1.7045e+02 1.4301e-03
1.2027e+03 1.9152e+02 1.2345e+03 3.0964e+02 1.4292e-03
4.7802e+02 1.7752e+02 5.2506e+02 2.8361e+02 1.4122e-03
3.1454e+02 1.7222e+02 4.7043e+02 2.5071e+02 1.4076e-03
7.6782e+02 1.5759e+02 8.0004e+02 2.2683e+02 1.4035e-03
1.2084e+03 2.0504e+02 1.2395e+03 3.4192e+02 1.3978e-03
1.1740e+03 1.0716e+02 1.2334e+03 2.9182e+02 1.3780e-03
0.0000e+00 7.8123e+01 4.7853e+01 2.7115e+02 1.3736e-03
6.0800e+02 1.2443e+02 6.7202e+02 2.5433e+02 1.3709e-03
0.0000e+00 1.8108e+02 4.2473e+01 2.3203e+02 1.3501e-03
6.5780e+02 1.6464e+02 6.8339e+02 2.2487e+02 1.3486e-03
7.4788e+02 1.6276e+02 7.7715e+02 2.2598e+02 1.3466e-03
4.8828e+02 1.7643e+02 5.7724e+02 2.1590e+02 1.3447e-03
5.9799e+02 1.5601e+02 7.6927e+02 2.2378e+02 1.3359e-03
1.9227e+01 1.8966e+02 1.0118e+02 3.5257e+02 1.3329e-03
1.2240e+03 2.2921e+02 1.2420e+03 3.4618e+02 1.3203e-03
1.1847e+03 1.2875e+02 1.2193e+03 2.3229e+02 1.3095e-03
7.6765e+02 1.1089e+02 8.3203e+02 2.6413e+02 1.2926e-03
6.2036e+02 1.8334e+02 6.8542e+02 2.1549e+02 1.2863e-03
5.8031e+02 1.6552e+02 7.2427e+02 2.3733e+02 1.2839e-03
1.1781e+03 1.1462e+02 1.2420e+03 2.0167e+02 1.2706e-03
7.7384e+02 1.5957e+02 8.1156e+02 2.7839e+02 1.2629e-03
1.2109e+03 1.1429e+02 1.2420e+03 1.5866e+02 1.2509e-03
4.8475e+02 1.7966e+02 5.4349e+02 2.3109e+02 1.2475e-03
2.8997e+01 1.5996e+02 6.9359e+01 2.7102e+02 1.2456e-03
4.8066e+02 1.4236e+02 5.3635e+02 2.5976e+02 1.2455e-03
3.9796e+02 1.8624e+02 4.8777e+02 2.3094e+02 1.2429e-03
0.0000e+00 1.7090e+02 8.3178e+01 3.7500e+02 1.2415e-03
3.2091e+02 1.5771e+02 4.9396e+02 2.3708e+02 1.2396e-03
1.1946e+03 1.0568e+02 1.2420e+03 2.2039e+02 1.2363e-03
7.6007e+02 1.5766e+02 7.9359e+02 2.2572e+02 1.2236e-03
1.1894e+03 1.0175e+02 1.2418e+03 2.9468e+02 1.2101e-03
7.8330e+02 1.2798e+02 8.4791e+02 2.7692e+02 1.1969e-03
4.1556e+02 1.9344e+02 4.7076e+02 2.8618e+02 1.1873e-03
6.1128e+02 1.6790e+02 6.4212e+02 2.3465e+02 1.1681e-03
7.2828e+02 1.7420e+02 8.0044e+02 2.1091e+02 1.1615e-03
0.0000e+00 1.1963e+02 7.2217e+01 2.0472e+02 1.1583e-03
0.0000e+00 1.8369e+02 9.7482e+01 2.3136e+02 1.1520e-03
0.0000e+00 1.8447e+02 1.3425e+02 3.6327e+02 1.1395e-03
4.6093e+02 1.5588e+02 6.2384e+02 2.2905e+02 1.1317e-03
1.1727e+03 2.1102e+02 1.2388e+03 3.7500e+02 1.1275e-03
0.0000e+00 0.0000e+00 3.2119e+01 7.8470e+01 1.1240e-03
4.7050e+02 1.8871e+02 5.2754e+02 2.5275e+02 1.1225e-03
1.1701e+03 1.3532e+02 1.2344e+03 3.2939e+02 1.1104e-03
9.0544e+02 1.5624e+02 1.0028e+03 1.9414e+02 1.1075e-03
4.0162e+02 2.1680e+02 5.4305e+02 2.9714e+02 1.1040e-03
1.2196e+03 1.0906e+02 1.2420e+03 1.6677e+02 1.1022e-03
0.0000e+00 1.6732e+02 7.4973e+01 2.1931e+02 1.0962e-03
1.1968e+03 1.4156e+02 1.2404e+03 2.0303e+02 1.0947e-03
6.8009e+02 1.5941e+02 7.0776e+02 2.2273e+02 1.0881e-03
1.9978e+00 8.9782e+01 6.6008e+01 2.6221e+02 1.0862e-03
1.1881e+03 1.4744e+02 1.2352e+03 2.0887e+02 1.0858e-03
9.1905e+02 1.6074e+02 1.0333e+03 2.0321e+02 1.0789e-03
1.1346e+03 1.2177e+02 1.2420e+03 3.3876e+02 1.0768e-03
1.2137e+03 2.4750e+02 1.2420e+03 2.9506e+02 1.0677e-03
0.0000e+00 0.0000e+00 6.9665e+01 1.5218e+02 1.0669e-03
0.0000e+00 1.5426e+02 1.0458e+02 1.9821e+02 1.0649e-03
3.6110e+02 1.5154e+02 5.4641e+02 2.2362e+02 1.0561e-03
7.3617e+02 1.5657e+02 8.9277e+02 2.2766e+02 1.0446e-03
1.1747e+03 2.2060e+02 1.2141e+03 3.2276e+02 1.0386e-03
6.2494e+02 1.2511e+02 6.8446e+02 2.5779e+02 1.0381e-03
1.1492e+03 2.4026e+02 1.2389e+03 2.8587e+02 1.0187e-03
1.1925e+03 2.1287e+02 1.2420e+03 3.3419e+02 1.0159e-03
6.6683e+02 1.6246e+02 7.4032e+02 1.9829e+02 1.0041e-03
7.2061e+02 1.4178e+02 8.3693e+02 2.3467e+02 9.9123e-04
0.0000e+00 2.1855e+02 7.7141e+01 3.1631e+02 9.8562e-04
0.0000e+00 1.3599e+02 3.6388e+01 1.8377e+02 9.8548e-04
7.1558e+02 1.5033e+02 8.8381e+02 2.1926e+02 9.8488e-04
4.2958e+02 1.6850e+02 4.6904e+02 2.4777e+02 9.8452e-04
0.0000e+00 0.0000e+00 2.3402e+02 1.7030e+02 9.7819e-04
4.3651e+02 1.7142e+02 4.7614e+02 2.4521e+02 9.7753e-04
7.3709e+02 1.6930e+02 7.8679e+02 2.0986e+02 9.7571e-04
0.0000e+00 1.7053e+02 3.6361e+01 2.5165e+02 9.7469e-04
0.0000e+00 2.0156e+02 9.7366e+01 2.9955e+02 9.7353e-04
7.4147e+02 1.8321e+02 8.3449e+02 2.3095e+02 9.5823e-04
1.2044e+03 0.0000e+00 1.2420e+03 8.1113e+01 9.5784e-04
4.0769e+02 1.5758e+02 5.0473e+02 1.9464e+02 9.5441e-04
0.0000e+00 1.4678e+02 6.7578e+01 2.6390e+02 9.3429e-04
0.0000e+00 5.7170e+01 1.3452e+01 1.7301e+02 9.3186e-04
4.0943e+02 1.4954e+02 5.4537e+02 2.2906e+02 9.3122e-04
5.7082e+02 1.5120e+02 6.8181e+02 2.3336e+02 9.2808e-04
8.8309e+02 1.5764e+02 9.7522e+02 1.9264e+02 9.2623e-04
0.0000e+00 2.1793e+02 3.3826e+01 3.7500e+02 9.1006e-04
1.1670e+03 1.7418e+02 1.2379e+03 3.5495e+02 9.0384e-04
0.0000e+00 0.0000e+00 3.1195e+02 1.5038e+02 9.0297e-04
7.5933e+02 1.7383e+02 8.1722e+02 2.4453e+02 9.0030e-04
1.1691e+03 2.3464e+02 1.2286e+03 2.9736e+02 8.9863e-04
8.0722e+02 1.5849e+02 8.8805e+02 1.9535e+02 8.7418e-04
0.0000e+00 1.4473e+02 1.3700e+02 2.2025e+02 8.6878e-04
0.0000e+00 2.1638e+02 2.1239e+01 2.9269e+02 8.5745e-04
5.9776e+02 1.2312e+02 6.6071e+02 2.5596e+02 8.5189e-04
3.6864e+02 1.1642e+02 4.3787e+02 2.8391e+02 8.4760e-04
1.2039e+03 1.4747e+02 1.2420e+03 2.0977e+02 8.3816e-04
4.1173e+02 1.1166e+02 4.8903e+02 2.6316e+02 8.3697e-04
0.0000e+00 1.9401e+02 2.1267e+01 2.6926e+02 8.3143e-04
0.0000e+00 9.2855e+01 4.1992e+01 1.9691e+02 8.2925e-04
7.3335e+02 1.7158e+02 7.8353e+02 2.2885e+02 8.1655e-04
0.0000e+00 1.5962e+02 7.7668e+01 2.0877e+02 8.1410e-04
5.4045e+02 1.5585e+02 6.9260e+02 2.2803e+02 8.0240e-04
0.0000e+00 1.5431e+02 1.8621e+02 3.1030e+02 7.9658e-04
6.0162e+02 1.6097e+02 6.6559e+02 2.0625e+02 7.9448e-04
1.1933e+03 1.4588e+02 1.2420e+03 1.9144e+02 7.8742e-04
9.4724e+02 0.0000e+00 1.2420e+03 1.3349e+02 7.6795e-04
8.4042e+02 1.5142e+02 9.4005e+02 1.8765e+02 7.6640e-04
1.0967e+03 0.0000e+00 1.2420e+03 6.2329e+01 7.6551e-04
1.3732e+01 1.1456e+02 8.2975e+01 2.7323e+02 7.6531e-04
7.5109e+02 1.7452e+02 8.3572e+02 2.0995e+02 7.6119e-04
1.1671e+03 0.0000e+00 1.2420e+03 2.9598e+01 7.5976e-04
0.0000e+00 2.8394e+02 6.7281e+01 3.7500e+02 7.5961e-04
3.9689e+02 1.0176e+02 4.7165e+02 2.7031e+02 7.5770e-04
6.3050e+02 1.7810e+02 6.8183e+02 2.1585e+02 7.5412e-04
3.7822e+02 1.5739e+02 4.3372e+02 2.9118e+02 7.5359e-04
5.9293e+02 1.3997e+02 7.6918e+02 2.1496e+02 7.5055e-04
1.7969e+01 1.8742e+02 2.0530e+02 2.6352e+02 7.4820e-04
1.0908e+03 1.0311e+02 1.2420e+03 2.7059e+02 7.4290e-04
4.2834e+02 1.1529e+02 5.0715e+02 2.5994e+02 7.3919e-04
3.3557e+02 1.3408e+02 4.0945e+02 2.8899e+02 7.1713e-04
2.3379e+01 1.2942e+02 1.0431e+02 2.8882e+02 7.1226e-04
3.2991e+02 1.5646e+02 5.6461e+02 3.2202e+02 7.0822e-04
0.0000e+00 1.5931e+02 1.9683e+02 2.2866e+02 6.9543e-04
1.1854e+03 1.2748e+02 1.2420e+03 3.2818e+02 6.9192e-04
1.2068e+03 2.4342e+02 1.2420e+03 3.7500e+02 6.8318e-04
5.9874e+02 1.5974e+02 7.0246e+02 2.4019e+02 6.8184e-04
1.1794e+03 9.8627e+01 1.2420e+03 1.8763e+02 6.8143e-04
1.1520e+03 1.4440e+02 1.2231e+03 3.2182e+02 6.7698e-04
2.9591e+00 2.1261e+02 1.5904e+02 2.8995e+02 6.7464e-04
5.2604e+02 1.1890e+02 5.9833e+02 2.6592e+02 6.6626e-04
3.7749e+02 1.4525e+02 5.1978e+02 2.3216e+02 6.5262e-04
3.5951e+02 1.8614e+02 4.6625e+02 2.8189e+02 6.5139e-04
1.1263e+03 0.0000e+00 1.2420e+03 8.6850e+01 6.5059e-04
3.5433e+02 1.3774e+02 4.1857e+02 2.9038e+02 6.4953e-04
1.1738e+03 2.3690e+02 1.2420e+03 3.3416e+02 6.4367e-04
0.0000e+00 0.0000e+00 1.1162e+02 8.1566e+01 6.3959e-04
4.5807e+02 1.2412e+02 5.3198e+02 2.5345e+02 6.2261e-04
3.2383e+01 1.4400e+02 1.2375e+02 2.9857e+02 6.1634e-04
1.1732e+03 8.1289e+01 1.2366e+03 2.5899e+02 5.9600e-04
5.8542e+02 1.3331e+02 7.1807e+02 2.2284e+02 5.9556e-04
0.0000e+00 2.3887e+01 2.9269e+01 2.1110e+02 5.9430e-04
1.1564e+03 1.1585e+02 1.2219e+03 2.8706e+02 5.7926e-04
6.4248e+02 1.2624e+02 7.0106e+02 2.6057e+02 5.7211e-04
1.1567e+03 2.1424e+02 1.2299e+03 3.6734e+02 5.6533e-04
2.5793e+01 2.0695e+02 9.4745e+01 3.7081e+02 5.6439e-04
7.4441e+02 1.6444e+02 8.0184e+02 3.1387e+02 5.6228e-04
0.0000e+00 6.9476e+01 9.3704e+01 2.7882e+02 5.5649e-04
5.5222e+02 1.6507e+02 7.0041e+02 2.3694e+02 5.4355e-04
0.0000e+00 1.0311e+02 6.6703e+01 1.8893e+02 5.3345e-04
4.9149e+02 1.5235e+02 6.5649e+02 2.2808e+02 5.2881e-04
5.1037e+02 1.3803e+02 5.7968e+02 2.7688e+02 5.1444e-04
7.5642e+02 1.4450e+02 9.1759e+02 2.1378e+02 5.0783e-04
0.0000e+00 0.0000e+00 1.5548e+02 7.4294e+01 5.0769e-04
1.0183e+03 0.0000e+00 1.2420e+03 1.8439e+02 4.9889e-04
1.1841e+03 1.6597e+02 1.2420e+03 3.5901e+02 4.9859e-04
7.4861e+02 1.4789e+02 8.6493e+02 2.4753e+02 4.9712e-04
4.8567e+02 1.6118e+02 5.9999e+02 2.4836e+02 4.8671e-04
5.0138e+02 1.5652e+02 5.5328e+02 2.8639e+02 4.8047e-04
0.0000e+00 8.1576e+01 1.4680e+02 2.5105e+02 4.7949e-04
1.0962e+03 1.7990e+02 1.2420e+03 3.6812e+02 4.7804e-04
4.3915e+02 1.4877e+02 6.1332e+02 2.1827e+02 4.7547e-04
7.0015e+02 6.1722e+01 8.5077e+02 3.6204e+02 4.7481e-04
2.3484e+01 2.0243e+02 2.0387e+02 2.7423e+02 4.7092e-04
0.0000e+00 2.3559e+02 7.5327e+01 3.3308e+02 4.6498e-04
4.7947e+02 1.6635e+02 6.3737e+02 2.4298e+02 4.6484e-04
3.2031e+02 1.6588e+02 4.3797e+02 2.5903e+02 4.5837e-04
3.3514e+02 1.4874e+02 4.6879e+02 2.4765e+02 4.5248e-04
1.1810e+03 0.0000e+00 1.2420e+03 3.9999e+01 4.5169e-04
7.7358e+02 1.5587e+02 9.3124e+02 2.2333e+02 4.5115e-04
5.4356e+02 1.1482e+02 6.1082e+02 2.6704e+02 4.4665e-04
0.0000e+00 1.3712e+02 1.0906e+02 2.2894e+02 4.3246e-04
1.1820e+03 8.3154e+01 1.2420e+03 1.7409e+02 4.3215e-04
1.1498e+03 1.8295e+02 1.2281e+03 3.4181e+02 4.2770e-04
7.2691e+02 1.0802e+02 7.9478e+02 2.6874e+02 4.2688e-04
1.1643e+03 2.8638e+02 1.2409e+03 3.7500e+02 4.1963e-04
3.0444e+02 0.0000e+00 5.9986e+02 3.7500e+02 4.0686e-04
5.2742e+02 1.4646e+02 5.9559e+02 2.8834e+02 4.0667e-04
0.0000e+00 0.0000e+00 5.0438e+01 4.3315e+01 4.0591e-04
7.3734e+02 8.8887e+01 8.0362e+02 2.5565e+02 3.8568e-04
0.0000e+00 7.6055e+01 3.9727e+01 1.7878e+02 3.8052e-04
4.9466e+02 1.4435e+02 6.1719e+02 2.3642e+02 3.7665e-04
1.1929e+03 7.3243e+01 1.2420e+03 1.8882e+02 3.6738e-04
3.2579e+02 1.9396e+02 4.5872e+02 2.7659e+02 3.3665e-04
1.4878e+01 1.7598e+02 1.5916e+02 2.7566e+02 3.2734e-04
6.5805e+02 1.2477e+02 7.1866e+02 2.6122e+02 3.2658e-04
6.2287e+02 1.4838e+02 7.3981e+02 2.2953e+02 3.2558e-04
7.3008e+02 6.5469e+01 8.7424e+02 3.6202e+02 3.2491e-04
8.0418e+02 1.2128e+02 8.6477e+02 2.6579e+02 3.2422e-04
7.7723e+02 1.4356e+02 8.4646e+02 3.1334e+02 3.1938e-04
4.4701e+02 2.0083e+02 5.4698e+02 2.8623e+02 3.0688e-04
3.3847e+02 1.6001e+02 4.1011e+02 3.2147e+02 3.0519e-04
4.9500e+02 1.7440e+02 5.9559e+02 2.6246e+02 3.0492e-04
5.8297e+02 1.1829e+02 6.4353e+02 2.6104e+02 2.9913e-04
1.0470e+01 2.2761e+02 1.0820e+02 3.3686e+02 2.9683e-04
2.9084e+01 9.4688e+01 1.6045e+02 3.7500e+02 2.9637e-04
3.5135e+02 2.0345e+02 4.8697e+02 2.8906e+02 2.8505e-04
3.1743e+02 1.1060e+02 3.9731e+02 2.8094e+02 2.8132e-04
6.6454e+02 1.4621e+02 8.5478e+02 2.2019e+02 2.7971e-04
7.3885e+02 1.6439e+02 8.8255e+02 2.4084e+02 2.7726e-04
0.0000e+00 2.5063e+02 6.7492e+01 3.5158e+02 2.7557e-04
6.3899e+02 9.8127e+01 7.0681e+02 2.4796e+02 2.7394e-04
1.1514e+01 2.8977e+02 8.3361e+01 3.7500e+02 2.7306e-04
0.0000e+00 0.0000e+00 6.4258e+01 3.0552e+02 2.6952e-04
2.8200e+02 1.5635e+02 4.5795e+02 2.3766e+02 2.6777e-04
1.1783e+03 2.6500e+02 1.2420e+03 3.6664e+02 2.6586e-04
6.7611e+02 4.6531e+01 8.2198e+02 3.7205e+02 2.6504e-04
3.0014e+02 1.8492e+02 4.4623e+02 2.6076e+02 2.6402e-04
1.2095e+03 2.1222e+01 1.2420e+03 2.0644e+02 2.6258e-04
6.0588e+02 8.1944e+01 6.8090e+02 2.4234e+02 2.6186e-04
4.7751e+02 1.7947e+02 6.1306e+02 2.5777e+02 2.6179e-04
1.0028e+03 2.9332e+02 1.0823e+03 3.7500e+02 2.5926e-04
1.1471e+03 2.8768e+02 1.2256e+03 3.7500e+02 2.5926e-04
4.5799e+02 1.9231e+02 5.8289e+02 2.7146e+02 2.5916e-04
6.1633e+02 1.5704e+02 7.2132e+02 2.4131e+02 2.5815e-04
1.0185e+03 2.9038e+02 1.0976e+03 3.7500e+02 2.5616e-04
5.6237e+02 1.1835e+02 6.2463e+02 2.6757e+02 2.5590e-04
6.2002e+02 8.3362e+01 6.9539e+02 2.3799e+02 2.5490e-04
0.0000e+00 0.0000e+00 7.5224e+01 4.3754e+01 2.5375e-04
4.9739e+02 1.2657e+02 5.5894e+02 2.5756e+02 2.5289e-04
9.8659e+02 2.8962e+02 1.0654e+03 3.7500e+02 2.5214e-04
3.6525e+02 6.6119e+01 4.9538e+02 3.3276e+02 2.4660e-04
3.5826e+02 1.5973e+02 4.1838e+02 3.1629e+02 2.4354e-04
0.0000e+00 0.0000e+00 3.0053e+02 3.7500e+02 2.4149e-04
3.0840e+02 1.7677e+02 4.2306e+02 2.6836e+02 2.3957e-04
3.0011e+02 1.4613e+02 4.3027e+02 2.4978e+02 2.3840e-04
4.3210e+02 1.4275e+02 5.7237e+02 2.2592e+02 2.3732e-04
7.0704e+02 1.3164e+02 8.8747e+02 1.9947e+02 2.3725e-04
7.1828e+02 1.3773e+02 7.7604e+02 2.8478e+02 2.3434e-04
5.6828e+01 1.5285e+02 1.3494e+02 3.0173e+02 2.3371e-04
9.8889e+02 1.7333e+02 1.1814e+03 2.4566e+02 2.2997e-04
2.7142e+02 1.6882e+02 4.4409e+02 2.4997e+02 2.2691e-04
0.0000e+00 8.5979e+01 6.1176e+01 1.7109e+02 2.2439e-04
9.7106e+02 2.8985e+02 1.0486e+03 3.7500e+02 2.2331e-04
1.0353e+03 2.8972e+02 1.1118e+03 3.7500e+02 2.2282e-04
5.3076e+02 1.0661e+02 8.8884e+02 2.8178e+02 2.2173e-04
5.7677e+02 1.2450e+02 7.5895e+02 2.0649e+02 2.2116e-04
1.1560e+03 8.4938e+01 1.2258e+03 2.5016e+02 2.1796e-04
6.3134e+02 1.3744e+02 8.2288e+02 2.1577e+02 2.1520e-04
5.1925e+00 1.4658e+02 1.8995e+02 2.1468e+02 2.0696e-04
9.5505e+02 2.9095e+02 1.0320e+03 3.7500e+02 2.0503e-04
3.2889e+02 1.4357e+02 5.0875e+02 2.2307e+02 2.0232e-04
9.9613e+00 2.0385e+02 1.3390e+02 2.9999e+02 2.0186e-04
3.7996e-01 2.3477e+02 6.0167e+01 3.7500e+02 2.0122e-04
6.1552e+02 1.3057e+02 7.4826e+02 2.2471e+02 2.0047e-04
6.0401e+02 1.6431e+02 7.7014e+02 2.3824e+02 1.9958e-04
9.8240e+02 2.4127e+01 1.2420e+03 3.6184e+02 1.9868e-04
7.8392e+02 1.4218e+02 9.4394e+02 2.1206e+02 1.9810e-04
4.7886e+02 1.7599e+02 5.3825e+02 3.0702e+02 1.9784e-04
4.7644e+02 1.1273e+02 5.4414e+02 2.4943e+02 1.9444e-04
1.1228e+03 2.0513e+02 1.2403e+03 3.1012e+02 1.8719e-04
6.7470e+02 1.1628e+02 7.3649e+02 2.6555e+02 1.8523e-04
6.4322e+02 1.5319e+02 8.1966e+02 2.2569e+02 1.8479e-04
3.2066e+02 1.4683e+02 3.9416e+02 3.0134e+02 1.8146e-04
8.2144e+02 1.1956e+02 8.8060e+02 2.5843e+02 1.8132e-04
1.1587e+03 3.2266e+02 1.2420e+03 3.7500e+02 1.7871e-04
1.0896e+03 7.0952e+01 1.2420e+03 2.4362e+02 1.7779e-04
3.1800e+01 1.5528e+02 2.2404e+02 2.2793e+02 1.7623e-04
9.3815e+02 2.8992e+02 1.0158e+03 3.7500e+02 1.7577e-04
9.8717e+02 1.5856e+02 1.1804e+03 2.3211e+02 1.7484e-04
9.2311e+02 2.9004e+02 9.9915e+02 3.7500e+02 1.7430e-04
3.7448e+02 1.4030e+02 6.0483e+02 3.0465e+02 1.7323e-04
1.1423e+03 1.9336e+02 1.2420e+03 2.9760e+02 1.7316e-04
0.0000e+00 1.2820e+02 1.3254e+02 2.0567e+02 1.7255e-04
5.1410e+02 1.5464e+02 6.2677e+02 2.4995e+02 1.7253e-04
8.3278e+02 1.0808e+02 9.0217e+02 2.4642e+02 1.7105e-04
5.1849e+02 1.6457e+02 6.6983e+02 2.4030e+02 1.7101e-04
4.7784e+02 1.9002e+02 5.6905e+02 2.7624e+02 1.7033e-04
7.5767e+01 1.4831e+02 1.5110e+02 2.9986e+02 1.6905e-04
1.1055e+03 2.0334e+02 1.2420e+03 2.8435e+02 1.6777e-04
7.5356e+02 1.3011e+02 9.2132e+02 1.9973e+02 1.6454e-04
1.1900e+03 5.8167e+01 1.2420e+03 2.5235e+02 1.6230e-04
6.0850e+02 1.3886e+02 6.7177e+02 2.9641e+02 1.6214e-04
5.3101e+02 1.4468e+02 6.4558e+02 2.3845e+02 1.6201e-04
9.9249e+02 1.8857e+02 1.1874e+03 2.6198e+02 1.6200e-04
5.1978e+02 8.5016e+01 9.0947e+02 2.4857e+02 1.5910e-04
1.1347e+03 5.2532e+01 1.2420e+03 2.8073e+02 1.5782e-04
2.7332e+01 1.7137e+02 2.2202e+02 2.4583e+02 1.5549e-04
5.1172e+02 1.4086e+02 6.8215e+02 2.2150e+02 1.5507e-04
4.7379e+02 1.4178e+02 6.4802e+02 2.1772e+02 1.5504e-04
3.0453e+01 1.1798e+02 9.9198e+01 2.6490e+02 1.5491e-04
6.1000e+02 1.2105e+02 9.3285e+02 2.7719e+02 1.5449e-04
7.6824e+02 1.3592e+02 8.8725e+02 2.2418e+02 1.5427e-04
1.0892e+03 2.1508e+02 1.2420e+03 2.9854e+02 1.5365e-04
0.0000e+00 2.4366e+02 4.1509e+01 3.7500e+02 1.5209e-04
1.0520e+03 2.8945e+02 1.1259e+03 3.7500e+02 1.5142e-04
9.2017e+02 1.9699e+02 1.0678e+03 3.7500e+02 1.5131e-04
6.0341e+02 1.2223e+02 7.9581e+02 2.0176e+02 1.4806e-04
3.6581e+02 1.2998e+02 5.5939e+02 2.1029e+02 1.4639e-04
2.8621e+02 1.5790e+02 4.1463e+02 2.5613e+02 1.4605e-04
3.4820e+02 1.0070e+02 4.2293e+02 2.7260e+02 1.4604e-04
1.1392e+03 1.3290e+02 1.2091e+03 2.9688e+02 1.4516e-04
5.5788e+02 1.5572e+02 6.6025e+02 2.4779e+02 1.4441e-04
9.0740e+02 2.9018e+02 9.8300e+02 3.7500e+02 1.4395e-04
6.3538e+02 2.8060e+01 7.9606e+02 3.7500e+02 1.4284e-04
3.4507e+02 1.3406e+02 6.6425e+02 2.8141e+02 1.4190e-04
5.9277e+02 8.3320e+01 6.6672e+02 2.4280e+02 1.4093e-04
3.7537e+01 1.4398e+02 2.2175e+02 2.1400e+02 1.4024e-04
1.1230e+03 1.7680e+02 1.2337e+03 2.8304e+02 1.4003e-04
3.2964e+02 1.8596e+02 4.3455e+02 2.8382e+02 1.3973e-04
1.1314e+03 2.9163e+02 1.2086e+03 3.7500e+02 1.3948e-04
1.1427e+03 1.8147e+02 1.2420e+03 2.6714e+02 1.3905e-04
7.1666e+02 1.8557e+02 8.4397e+02 2.7543e+02 1.3726e-04
9.5668e+02 1.5748e+02 1.1467e+03 2.3391e+02 1.3676e-04
5.1145e+02 1.0583e+02 5.8173e+02 2.4919e+02 1.3440e-04
8.9152e+02 2.9138e+02 9.6800e+02 3.7500e+02 1.3412e-04
9.4859e+02 2.0169e+02 1.0978e+03 3.7500e+02 1.3339e-04
7.8891e+02 1.4735e+02 9.0363e+02 2.3136e+02 1.3090e-04
1.0257e+03 1.7234e+02 1.2117e+03 2.4311e+02 1.2651e-04
5.9430e+02 1.3531e+02 6.5633e+02 2.9507e+02 1.2601e-04
3.3296e+02 9.8387e+01 4.1190e+02 2.6740e+02 1.2570e-04
6.9285e+02 1.1580e+02 7.5680e+02 2.6799e+02 1.2522e-04
1.1605e+03 1.7312e+02 1.2420e+03 2.8437e+02 1.2364e-04
8.8200e+02 1.9821e+02 1.0343e+03 3.7500e+02 1.1995e-04
1.1454e+03 1.4334e+02 1.2402e+03 2.4666e+02 1.1918e-04
4.4424e+02 9.5289e+01 5.2017e+02 2.4879e+02 1.1897e-04
6.4542e+02 1.0768e+02 8.8226e+02 3.0466e+02 1.1826e-04
0.0000e+00 3.2397e+02 8.6289e+01 3.7500e+02 1.1816e-04
8.4687e+02 1.0761e+02 9.1836e+02 2.5337e+02 1.1796e-04
5.9728e+02 3.5635e+00 7.6292e+02 3.3218e+02 1.1708e-04
1.1883e+03 6.5686e+01 1.2420e+03 1.5746e+02 1.1676e-04
3.5146e+02 1.3572e+02 4.8418e+02 2.3313e+02 1.1663e-04
7.1385e+02 1.2313e+02 8.4255e+02 2.1485e+02 1.1556e-04
5.1278e+02 1.6250e+02 5.7660e+02 3.0447e+02 1.1122e-04
9.2920e+01 1.3227e+02 1.6374e+02 2.9193e+02 1.1049e-04
8.7596e+02 2.9444e+02 9.5234e+02 3.7500e+02 1.0941e-04
6.4245e+02 1.4404e+02 7.5789e+02 2.3111e+02 1.0927e-04
6.1545e+01 1.2727e+02 1.3422e+02 2.7245e+02 1.0891e-04
3.4471e+01 1.7938e+02 1.2010e+02 3.2893e+02 1.0806e-04
6.8924e+02 1.3523e+02 8.1538e+02 2.3464e+02 1.0678e-04
9.6075e+02 1.7032e+02 1.1501e+03 2.4703e+02 1.0609e-04
7.9936e+02 1.3493e+02 9.2082e+02 2.1801e+02 1.0608e-04
3.8337e+02 2.3601e+02 5.3612e+02 3.0353e+02 1.0485e-04
6.5411e+02 1.2778e+02 8.5036e+02 2.0174e+02 1.0482e-04
1.1258e+03 1.6083e+02 1.2322e+03 2.6304e+02 1.0436e-04
0.0000e+00 1.5262e+02 3.0096e+02 2.9578e+02 1.0365e-04
1.1450e+03 2.1649e+02 1.2420e+03 3.3294e+02 1.0321e-04
3.8104e+02 7.9554e+01 4.5518e+02 2.5106e+02 1.0249e-04
5.4900e+02 1.3134e+02 6.7747e+02 2.2983e+02 1.0190e-04
6.5197e+02 7.8379e+01 7.2550e+02 2.4539e+02 1.0187e-04
0.0000e+00 1.2315e+02 9.6216e+01 2.0870e+02 1.0052e-04
1.0643e+03 1.8731e+02 1.2392e+03 2.6453e+02 1.0052e-04
7.9599e+02 1.5416e+02 9.5945e+02 2.2189e+02 9.9628e-05
0.0000e+00 4.1965e+01 3.9637e+01 1.4952e+02 9.9193e-05
1.4593e+01 1.4885e+02 1.6425e+02 2.3845e+02 9.8725e-05
9.8135e+02 2.0385e+02 1.1275e+03 3.7500e+02 9.8525e-05
1.9454e+02 9.2153e+01 7.0166e+02 3.7500e+02 9.7515e-05
5.7247e+02 1.1594e+02 7.0741e+02 2.1853e+02 9.6436e-05
0.0000e+00 2.9483e+01 9.2019e+01 2.3812e+02 9.6001e-05
7.8308e+02 9.8052e+01 8.5134e+02 2.5258e+02 9.5999e-05
1.1244e+02 1.3021e+02 1.8018e+02 2.9288e+02 9.5103e-05
1.2658e+02 1.3290e+02 1.9739e+02 2.9234e+02 9.4749e-05
1.1405e+03 2.1514e+02 1.2181e+03 3.6519e+02 9.3509e-05
1.1162e+03 2.9520e+02 1.1926e+03 3.7500e+02 9.3386e-05
9.0194e+02 1.4188e+02 1.0830e+03 2.1503e+02 9.3236e-05
3.7347e+02 1.1859e+02 5.1669e+02 2.1818e+02 9.3113e-05

