2.8953e+02 1.7262e+02 3.3466e+02 1.9552e+02 9.9994e-01
2.4286e+02 1.7575e+02 2.9147e+02 1.9796e+02 9.9983e-01
2.5013e+02 1.7298e+02 2.9800e+02 1.9712e+02 9.9968e-01
5.8296e+02 1.6876e+02 6.3988e+02 2.2383e+02 9.9964e-01
1.7776e+02 1.7458e+02 2.4338e+02 2.0346e+02 9.9960e-01
2.9837e+02 1.7232e+02 3.4179e+02 1.9321e+02 9.9955e-01
1.7238e+02 1.7287e+02 2.4329e+02 2.0441e+02 9.9913e-01
2.3276e+02 1.7699e+02 2.8046e+02 1.9750e+02 9.9838e-01
3.0350e+02 1.7106e+02 3.4412e+02 1.9051e+02 9.9734e-01
3.2687e+02 1.6921e+02 3.5784e+02 1.8452e+02 9.9635e-01
3.1804e+02 1.7123e+02 3.4952e+02 1.8645e+02 9.9567e-01
3.0672e+02 1.6975e+02 3.4268e+02 1.8672e+02 9.9029e-01
5.8576e+02 1.7054e+02 6.3135e+02 2.1735e+02 9.8517e-01
2.9261e+02 1.7373e+02 3.2562e+02 1.9562e+02 9.8500e-01
2.3441e+02 1.7287e+02 2.9976e+02 1.9952e+02 9.8412e-01
3.3064e+02 1.7119e+02 3.5926e+02 1.8571e+02 9.8133e-01
1.6990e+02 1.7528e+02 2.2957e+02 2.0265e+02 9.7629e-01
1.9201e+02 1.7200e+02 2.4616e+02 1.9784e+02 9.7625e-01
3.1473e+02 1.7362e+02 3.4723e+02 1.8965e+02 9.7554e-01
2.6705e+02 1.7343e+02 3.0110e+02 1.9497e+02 9.7408e-01
2.5927e+02 1.7413e+02 2.9515e+02 1.9890e+02 9.7377e-01
1.8429e+02 1.7119e+02 2.3432e+02 1.9976e+02 9.4975e-01
3.2251e+02 1.7346e+02 3.5434e+02 1.8919e+02 9.4630e-01
2.5597e+02 1.7231e+02 2.9591e+02 1.9315e+02 9.3850e-01
2.8545e+02 1.7135e+02 3.2528e+02 1.9311e+02 9.3316e-01
5.8948e+02 1.6490e+02 6.2845e+02 2.3125e+02 9.2664e-01
2.2914e+02 1.7669e+02 2.6925e+02 1.9662e+02 9.1465e-01
3.3022e+02 1.6700e+02 3.5845e+02 1.8245e+02 9.1189e-01
5.9820e+02 1.6999e+02 6.3733e+02 2.1235e+02 9.0510e-01
5.8385e+02 1.7055e+02 6.1824e+02 2.1335e+02 8.9883e-01
5.8883e+02 1.7584e+02 6.3583e+02 2.2173e+02 8.9625e-01
2.4615e+02 1.7183e+02 2.8624e+02 1.9634e+02 8.7876e-01
2.9803e+02 1.7430e+02 3.2868e+02 1.9265e+02 8.7177e-01
2.0770e+02 1.7451e+02 2.5017e+02 1.9499e+02 8.6455e-01
3.1191e+02 1.7262e+02 3.4097e+02 1.9147e+02 8.5903e-01
2.9166e+02 1.7086e+02 3.2973e+02 1.9163e+02 8.5270e-01
5.9320e+02 1.6627e+02 6.2427e+02 2.2585e+02 8.4785e-01
1.8463e+02 1.7171e+02 2.6034e+02 2.0241e+02 8.4673e-01
5.8001e+02 1.7413e+02 6.2821e+02 2.1192e+02 8.4163e-01
2.3709e+02 1.7463e+02 2.7309e+02 1.9666e+02 8.4150e-01
3.3629e+02 1.6740e+02 3.6213e+02 1.8325e+02 8.2993e-01
2.2586e+02 1.7582e+02 2.6208e+02 1.9444e+02 8.2425e-01
3.2408e+02 1.6781e+02 3.5452e+02 1.8230e+02 8.2111e-01
2.7801e+02 1.7395e+02 3.0887e+02 1.9440e+02 8.1531e-01
2.8053e+02 1.6865e+02 3.5028e+02 1.9561e+02 8.0533e-01
5.8394e+02 1.6687e+02 6.1042e+02 2.1975e+02 7.9580e-01
2.4041e+02 1.7352e+02 2.8269e+02 1.9288e+02 7.9556e-01
6.2100e+02 1.6757e+02 6.4032e+02 2.1986e+02 7.9433e-01
3.2787e+02 1.7350e+02 3.5786e+02 1.8787e+02 7.9406e-01
6.1102e+02 1.7122e+02 6.4119e+02 2.0852e+02 7.8107e-01
1.6680e+02 1.7871e+02 2.1794e+02 2.0205e+02 7.7805e-01
2.1571e+02 1.7042e+02 2.9076e+02 2.0022e+02 7.7419e-01
1.7912e+02 1.7159e+02 2.3583e+02 1.9336e+02 7.6797e-01
5.8814e+02 1.6989e+02 6.4626e+02 2.1075e+02 7.5870e-01
1.7214e+02 1.7327e+02 2.2696e+02 1.9742e+02 7.5827e-01
2.1613e+02 1.7503e+02 2.5436e+02 1.9434e+02 7.5033e-01
6.0150e+02 1.6835e+02 6.3505e+02 2.0373e+02 7.3978e-01
5.9063e+02 1.6767e+02 6.2741e+02 2.0560e+02 7.1947e-01
3.3830e+02 1.7117e+02 3.6194e+02 1.8594e+02 7.1805e-01
2.7004e+02 1.7173e+02 3.0301e+02 1.9019e+02 7.1086e-01
5.9965e+02 1.6536e+02 6.3510e+02 2.3050e+02 7.0915e-01
2.0268e+02 1.7070e+02 2.7716e+02 2.0057e+02 6.9480e-01
1.6464e+02 1.6891e+02 2.3268e+02 2.0880e+02 6.9288e-01
2.8738e+02 1.7551e+02 3.1996e+02 1.9580e+02 6.8234e-01
6.0809e+02 1.6512e+02 6.3733e+02 2.2147e+02 6.7913e-01
5.9135e+02 1.6362e+02 6.1749e+02 2.2321e+02 6.7784e-01
4.3471e+02 1.6995e+02 4.6471e+02 1.8254e+02 6.5963e-01
6.1655e+02 1.6512e+02 6.3817e+02 2.1671e+02 6.5921e-01
1.6477e+02 1.6591e+02 2.4810e+02 2.0111e+02 6.4454e-01
3.1787e+02 1.6818e+02 3.4867e+02 1.8250e+02 6.4261e-01
6.0322e+02 1.6260e+02 6.2865e+02 2.2342e+02 6.1486e-01
6.0119e+02 1.6517e+02 6.3522e+02 2.2674e+02 6.0487e-01
6.0354e+02 1.7323e+02 6.4654e+02 2.0477e+02 5.9985e-01
1.9305e+02 1.7621e+02 2.5146e+02 2.0200e+02 5.8935e-01
2.9979e+02 1.6464e+02 3.1791e+02 1.9908e+02 5.8754e-01
2.0520e+02 1.7183e+02 2.4350e+02 1.9632e+02 5.6748e-01
6.0461e+02 1.7022e+02 6.4269e+02 1.9873e+02 5.2183e-01
5.8034e+02 1.6941e+02 6.3540e+02 2.0895e+02 5.1031e-01
6.0301e+02 1.7116e+02 6.3757e+02 1.9425e+02 5.0983e-01
2.4572e+02 1.7047e+02 3.1574e+02 1.9875e+02 5.0265e-01
3.1201e+02 1.6841e+02 3.4482e+02 1.8374e+02 4.9809e-01
1.9922e+02 1.7259e+02 2.4438e+02 1.9154e+02 4.9055e-01
5.9102e+02 1.7477e+02 6.4444e+02 2.1395e+02 4.6032e-01
5.9312e+02 1.7026e+02 6.2920e+02 1.9325e+02 4.5055e-01
2.6837e+02 1.6804e+02 3.3760e+02 1.9766e+02 4.1694e-01
5.7666e+02 1.7337e+02 6.1875e+02 2.0573e+02 4.1067e-01
6.1291e+02 1.6395e+02 6.3421e+02 2.1377e+02 3.9269e-01
3.0435e+02 1.7681e+02 3.3788e+02 1.9407e+02 3.9238e-01
2.5160e+02 1.7138e+02 2.9251e+02 1.8925e+02 3.8111e-01
2.3336e+02 1.7458e+02 2.6116e+02 1.9575e+02 3.5676e-01
3.0064e+02 1.6991e+02 3.1542e+02 2.0041e+02 3.5303e-01
2.3282e+02 1.7485e+02 2.7147e+02 1.9229e+02 3.4805e-01
2.7086e+02 1.6815e+02 2.8729e+02 2.0233e+02 3.4581e-01
3.0885e+02 1.6300e+02 3.2336e+02 1.9869e+02 3.4502e-01
6.0872e+02 1.6245e+02 6.3092e+02 2.1605e+02 3.3851e-01
6.1150e+02 1.7131e+02 6.4149e+02 1.9271e+02 3.1838e-01
5.9645e+02 1.6171e+02 6.1986e+02 2.1629e+02 3.1747e-01
5.8628e+02 1.6897e+02 6.1543e+02 2.0477e+02 3.1680e-01
2.7957e+02 1.7139e+02 3.1029e+02 1.9068e+02 3.1423e-01
3.0447e+02 1.6382e+02 3.2021e+02 1.9914e+02 3.1116e-01
3.2979e+02 1.6383e+02 3.5762e+02 1.7860e+02 2.9178e-01
3.1183e+02 1.6269e+02 3.2655e+02 1.9865e+02 2.6745e-01
5.8408e+02 1.7312e+02 6.0939e+02 2.0779e+02 2.6616e-01
2.8664e+02 1.7332e+02 3.1374e+02 1.9306e+02 2.6231e-01
6.0660e+02 1.7432e+02 6.4198e+02 2.1546e+02 2.6181e-01
6.2557e+02 1.6924e+02 6.4030e+02 2.1340e+02 2.6044e-01
2.4180e+02 1.6674e+02 2.9622e+02 1.9825e+02 2.6013e-01
6.1681e+02 1.7180e+02 6.3919e+02 2.0136e+02 2.6013e-01
3.6859e+02 1.6656e+02 3.9656e+02 1.8369e+02 2.5900e-01
3.2377e+02 1.6841e+02 3.4922e+02 1.8464e+02 2.5286e-01
3.3266e+02 1.6510e+02 3.5521e+02 1.8127e+02 2.4655e-01
2.5958e+02 1.6680e+02 2.7639e+02 2.0346e+02 2.3918e-01
5.8992e+02 1.6029e+02 6.1125e+02 2.1571e+02 2.3702e-01
3.3931e+02 1.7420e+02 3.6304e+02 1.8803e+02 2.3618e-01
5.9618e+02 1.6991e+02 6.4594e+02 2.2223e+02 2.2902e-01
2.8890e+02 1.6936e+02 3.2013e+02 1.9133e+02 2.2831e-01
5.8159e+02 1.6985e+02 6.2351e+02 2.0114e+02 2.2497e-01
2.6355e+02 1.6693e+02 2.7927e+02 2.0341e+02 2.2388e-01
2.5571e+02 1.6672e+02 2.7327e+02 2.0263e+02 2.2387e-01
3.0510e+02 1.6955e+02 3.3586e+02 1.8933e+02 2.1626e-01
2.5229e+02 1.6683e+02 2.7056e+02 2.0209e+02 2.1187e-01
6.0294e+02 1.5911e+02 6.3808e+02 2.2346e+02 2.0806e-01
2.9675e+02 1.6399e+02 3.1506e+02 1.9469e+02 2.0678e-01
5.8934e+02 1.7054e+02 6.2328e+02 1.9142e+02 2.0599e-01
6.0094e+02 1.6199e+02 6.2313e+02 2.1519e+02 2.0314e-01
5.9255e+02 1.6898e+02 6.1998e+02 1.9507e+02 1.9918e-01
3.0430e+02 1.7001e+02 3.1785e+02 2.0098e+02 1.9909e-01
3.4049e+02 1.6809e+02 3.6627e+02 1.8313e+02 1.9365e-01
3.0065e+02 1.6808e+02 3.3576e+02 1.8548e+02 1.9162e-01
5.8425e+02 1.6730e+02 6.0227e+02 2.1747e+02 1.8777e-01
1.7637e+02 1.7594e+02 2.2520e+02 2.0797e+02 1.8350e-01
3.7352e+02 1.6590e+02 4.0224e+02 1.8468e+02 1.8118e-01
3.7043e+02 1.6537e+02 3.9214e+02 1.8492e+02 1.7016e-01
1.6469e+02 1.7536e+02 2.1181e+02 1.9689e+02 1.6228e-01
4.3133e+02 1.7135e+02 4.6376e+02 1.8407e+02 1.5804e-01
1.8670e+02 1.6502e+02 2.0669e+02 2.0698e+02 1.5760e-01
1.8552e+02 1.6895e+02 2.2900e+02 1.9400e+02 1.5672e-01
2.6810e+02 1.6695e+02 2.8305e+02 2.0250e+02 1.5661e-01
2.0612e+02 1.6466e+02 2.2418e+02 2.0806e+02 1.5605e-01
3.1610e+02 1.6366e+02 3.3003e+02 1.9872e+02 1.4889e-01
3.0772e+02 1.6988e+02 3.2178e+02 2.0064e+02 1.4839e-01
2.6132e+02 1.7165e+02 2.9863e+02 1.8817e+02 1.4723e-01
3.1825e+02 1.6901e+02 3.4397e+02 1.8579e+02 1.4456e-01
2.7188e+02 1.6370e+02 2.8876e+02 1.9846e+02 1.4368e-01
2.9686e+02 1.6864e+02 3.2752e+02 1.8837e+02 1.3952e-01
1.6394e+02 1.7846e+02 2.0646e+02 1.9978e+02 1.3900e-01
2.1087e+02 1.7481e+02 2.4643e+02 1.9943e+02 1.2892e-01
6.2110e+02 1.7423e+02 6.4155e+02 2.0394e+02 1.2211e-01
5.8669e+02 1.5133e+02 6.3088e+02 2.2753e+02 1.2181e-01
3.2072e+02 1.6538e+02 3.3385e+02 1.9706e+02 1.2074e-01
2.9587e+02 1.6975e+02 3.1359e+02 1.9852e+02 1.2029e-01
1.9608e+02 1.6167e+02 2.1336e+02 2.0168e+02 1.1537e-01
3.3681e+02 1.6335e+02 3.6445e+02 1.7996e+02 1.1208e-01
2.2968e+02 1.6802e+02 2.8705e+02 2.0143e+02 1.1046e-01
3.6805e+02 1.6977e+02 3.9527e+02 1.8653e+02 1.0636e-01
3.4295e+02 1.6637e+02 3.6930e+02 1.8233e+02 1.0587e-01
6.1466e+02 1.7519e+02 6.4702e+02 2.0035e+02 1.0356e-01
2.5395e+02 1.6997e+02 2.6852e+02 2.0389e+02 9.9483e-02
1.9451e+02 1.5999e+02 2.2365e+02 2.1618e+02 9.7999e-02
3.4463e+02 1.7132e+02 3.6690e+02 1.8568e+02 9.5216e-02
1.9677e+02 1.6892e+02 2.5198e+02 2.0303e+02 9.3338e-02
1.9152e+02 1.6414e+02 2.0889e+02 2.0702e+02 9.2589e-02
3.6309e+02 1.6455e+02 3.9329e+02 1.8115e+02 9.1954e-02
1.9963e+02 1.6280e+02 2.1574e+02 2.0042e+02 9.0859e-02
1.8315e+02 1.6322e+02 2.6680e+02 1.9875e+02 8.9920e-02
1.7311e+02 1.7162e+02 2.2319e+02 1.9120e+02 8.7350e-02
1.9975e+02 1.6146e+02 2.2943e+02 2.1740e+02 8.6604e-02
2.2474e+02 1.7333e+02 2.5947e+02 1.9069e+02 8.1725e-02
2.1568e+02 1.7276e+02 2.5173e+02 1.9029e+02 8.1565e-02
3.1901e+02 1.7463e+02 3.5364e+02 1.9213e+02 7.9703e-02
2.6961e+02 1.6353e+02 2.8349e+02 1.9691e+02 7.3107e-02
6.1843e+02 1.7102e+02 6.4046e+02 1.9511e+02 6.8172e-02
2.9401e+02 1.6475e+02 3.0895e+02 1.9624e+02 6.6494e-02
2.0324e+02 1.6466e+02 2.1921e+02 2.0644e+02 6.4732e-02
3.4649e+02 1.6792e+02 3.7416e+02 1.8295e+02 6.4188e-02
6.0846e+02 1.6994e+02 6.3582e+02 1.9198e+02 6.3174e-02
6.1531e+02 1.6493e+02 6.3289e+02 2.0365e+02 6.2821e-02
2.8390e+02 1.6369e+02 3.4300e+02 1.9917e+02 6.2104e-02
5.9308e+02 1.6744e+02 6.3321e+02 2.4209e+02 6.1290e-02
2.7314e+02 1.7013e+02 2.9014e+02 2.0410e+02 6.1007e-02
3.1109e+02 1.7004e+02 3.2532e+02 2.0005e+02 6.0872e-02
2.9095e+02 1.6539e+02 3.6668e+02 1.9505e+02 6.0116e-02
6.0343e+02 1.7857e+02 6.4934e+02 2.0909e+02 5.9231e-02
2.0920e+02 1.6485e+02 2.2778e+02 2.0340e+02 5.9100e-02
1.8836e+02 1.5174e+02 2.2926e+02 2.1218e+02 5.9095e-02
4.4059e+02 1.6854e+02 4.6937e+02 1.8215e+02 5.6692e-02
2.7494e+02 1.6608e+02 2.9151e+02 1.9890e+02 5.6398e-02
5.4848e+02 1.5600e+02 6.7106e+02 2.3143e+02 5.6220e-02
1.8011e+02 1.6409e+02 2.5145e+02 2.0492e+02 5.5819e-02
2.9154e+02 1.6796e+02 3.2802e+02 1.8489e+02 5.5647e-02
2.1349e+02 1.7200e+02 2.4347e+02 1.9269e+02 5.5240e-02
1.8350e+02 1.6599e+02 2.0357e+02 2.0536e+02 5.4918e-02
6.1176e+02 1.6431e+02 6.3000e+02 2.0404e+02 5.4890e-02
2.4571e+02 1.7210e+02 2.8561e+02 1.8865e+02 5.4570e-02
1.8929e+02 1.5836e+02 2.1853e+02 2.1493e+02 5.3708e-02
2.5032e+02 1.6757e+02 2.6574e+02 1.9855e+02 5.3586e-02
2.6754e+02 1.7669e+02 2.9707e+02 1.9767e+02 5.2410e-02
5.8764e+02 1.8523e+02 6.3298e+02 2.2812e+02 5.2077e-02
3.2476e+02 1.6528e+02 3.3623e+02 1.9523e+02 5.1734e-02
5.7623e+02 1.8357e+02 6.4553e+02 2.2755e+02 5.1699e-02
5.8211e+02 1.6387e+02 6.1492e+02 2.2629e+02 5.0788e-02
3.7666e+02 1.6381e+02 3.9805e+02 1.8460e+02 5.0685e-02
5.9666e+02 1.6099e+02 6.1360e+02 2.0303e+02 5.0059e-02
6.1356e+02 1.6724e+02 6.4097e+02 2.2590e+02 4.8740e-02
6.1951e+02 1.6456e+02 6.3581e+02 2.0450e+02 4.7969e-02
4.3608e+02 1.6808e+02 4.5888e+02 1.8255e+02 4.7666e-02
2.4295e+02 1.6800e+02 2.5553e+02 1.9961e+02 4.6889e-02
3.4864e+02 1.6520e+02 3.7619e+02 1.8068e+02 4.5389e-02
2.8249e+02 1.6920e+02 3.1762e+02 1.8932e+02 4.3799e-02
6.0931e+02 1.6170e+02 6.3979e+02 2.3174e+02 4.3692e-02
5.9990e+02 1.6625e+02 6.4946e+02 2.1133e+02 4.3263e-02
3.4099e+02 1.6473e+02 3.5358e+02 1.8897e+02 4.2199e-02
3.3839e+02 1.6381e+02 3.5092e+02 1.8568e+02 4.1104e-02
2.9339e+02 1.7857e+02 3.2224e+02 1.9648e+02 4.0082e-02
5.7488e+02 1.6681e+02 6.2433e+02 2.1264e+02 3.9589e-02
3.6203e+02 1.7119e+02 3.9200e+02 1.8732e+02 3.7909e-02
2.4761e+02 1.7290e+02 2.8019e+02 1.9152e+02 3.6422e-02
1.8119e+02 1.5057e+02 2.2308e+02 2.1348e+02 3.5718e-02
6.2426e+02 1.6580e+02 6.3874e+02 2.0529e+02 3.5033e-02
2.7231e+02 1.7030e+02 3.0559e+02 1.8690e+02 3.5013e-02
6.2816e+02 1.6356e+02 6.4154e+02 2.0326e+02 3.3359e-02
6.0863e+02 1.6407e+02 6.2600e+02 2.0339e+02 3.3128e-02
2.5071e+02 1.7885e+02 2.9169e+02 2.0088e+02 3.2994e-02
3.1339e+02 1.6286e+02 3.2907e+02 1.9092e+02 3.2795e-02
5.8761e+02 1.7010e+02 6.1237e+02 1.9447e+02 3.1987e-02
5.9299e+02 1.5972e+02 6.0925e+02 2.0395e+02 3.1953e-02
5.8844e+02 1.6262e+02 6.0538e+02 2.0516e+02 3.1494e-02
3.4153e+02 1.6248e+02 3.6860e+02 1.7963e+02 3.1375e-02
6.0745e+02 1.6929e+02 6.4068e+02 1.8822e+02 3.1221e-02
1.2115e+02 1.4971e+02 2.8010e+02 2.1685e+02 3.0978e-02
5.7940e+02 1.3601e+02 6.4147e+02 2.5647e+02 3.0635e-02
2.4642e+02 1.6696e+02 2.5912e+02 1.9799e+02 2.9795e-02
2.1487e+02 1.6343e+02 2.3133e+02 2.0125e+02 2.9574e-02
2.2044e+02 1.7699e+02 2.6110e+02 1.9758e+02 2.9541e-02
1.8284e+02 1.7495e+02 2.6131e+02 2.1024e+02 2.8285e-02
6.2347e+02 1.6965e+02 6.4356e+02 1.9299e+02 2.8106e-02
1.8070e+02 1.5600e+02 2.1221e+02 2.1448e+02 2.7977e-02
1.5724e+02 1.6462e+02 2.2367e+02 2.0639e+02 2.7771e-02
3.0941e+02 1.6228e+02 3.2468e+02 1.9071e+02 2.7483e-02
2.0843e+02 1.6706e+02 2.6447e+02 2.0134e+02 2.7374e-02
6.0003e+02 1.6178e+02 6.1778e+02 2.0465e+02 2.6638e-02
2.3992e+02 1.6619e+02 2.5210e+02 1.9800e+02 2.6439e-02
2.2387e+02 1.6718e+02 2.3865e+02 1.9886e+02 2.5661e-02
2.4094e+02 1.6735e+02 3.0696e+02 2.0389e+02 2.4599e-02
3.5561e+02 1.6745e+02 3.8555e+02 1.8259e+02 2.4274e-02
5.8096e+02 1.7278e+02 6.1267e+02 1.9664e+02 2.4016e-02
3.2118e+02 1.6364e+02 3.5061e+02 1.7784e+02 2.3341e-02
5.8203e+02 1.6664e+02 5.9685e+02 2.1316e+02 2.2837e-02
1.7588e+02 1.8166e+02 2.3651e+02 2.0539e+02 2.2616e-02
3.6688e+02 1.6261e+02 3.9647e+02 1.7876e+02 2.2611e-02
2.3675e+02 1.7171e+02 2.7368e+02 1.8827e+02 2.2010e-02
2.1983e+02 1.6395e+02 2.3516e+02 1.9947e+02 2.2002e-02
2.4129e+02 1.7877e+02 2.8104e+02 1.9968e+02 2.1872e-02
5.8073e+02 1.8320e+02 6.3226e+02 2.1886e+02 2.1803e-02
1.7928e+02 1.6979e+02 2.1700e+02 1.9435e+02 2.1533e-02
3.2601e+02 1.6453e+02 3.4899e+02 1.7984e+02 2.1459e-02
3.4375e+02 1.7536e+02 3.6775e+02 1.8853e+02 2.0840e-02
4.3865e+02 1.6648e+02 4.6207e+02 1.8199e+02 1.9616e-02
3.6123e+02 1.6569e+02 3.8734e+02 1.8367e+02 1.9555e-02
4.4097e+02 1.6569e+02 4.6675e+02 1.8035e+02 1.9413e-02
6.2893e+02 1.5917e+02 6.4266e+02 1.9781e+02 1.9342e-02
5.8349e+02 1.7820e+02 6.2051e+02 2.2040e+02 1.9295e-02
5.7546e+02 1.7474e+02 6.3113e+02 2.2867e+02 1.9169e-02
2.8350e+02 1.7779e+02 3.1326e+02 1.9552e+02 1.9054e-02
1.8479e+02 1.7067e+02 2.3287e+02 1.8731e+02 1.8768e-02
1.4690e+02 1.6036e+02 2.2923e+02 1.9827e+02 1.8699e-02
3.6157e+02 1.6219e+02 3.9216e+02 1.7821e+02 1.8401e-02
5.7727e+02 1.6137e+02 6.4551e+02 2.0285e+02 1.7984e-02
5.9651e+02 1.6993e+02 6.2715e+02 1.8735e+02 1.7799e-02
3.0450e+02 1.6132e+02 3.2072e+02 1.9095e+02 1.7751e-02
6.0331e+02 1.7050e+02 6.3072e+02 1.9075e+02 1.7683e-02
3.5580e+02 1.6483e+02 3.8520e+02 1.7969e+02 1.7639e-02
3.1706e+02 1.6301e+02 3.3182e+02 1.9055e+02 1.7440e-02
1.9227e+02 1.6723e+02 2.2226e+02 2.2352e+02 1.7095e-02
6.1983e+02 1.7035e+02 6.4657e+02 1.8924e+02 1.7055e-02
3.4791e+02 1.7122e+02 3.7185e+02 1.8631e+02 1.6596e-02
1.8047e+02 1.6726e+02 1.9792e+02 2.0406e+02 1.6485e-02
5.9222e+02 1.7099e+02 6.1696e+02 1.9018e+02 1.6258e-02
3.6598e+02 1.7517e+02 3.9528e+02 1.9016e+02 1.6247e-02
2.8007e+02 1.6701e+02 2.9245e+02 1.9783e+02 1.5812e-02
3.7507e+02 1.6249e+02 3.8733e+02 1.8902e+02 1.5798e-02
6.9125e+02 1.6520e+02 7.2261e+02 1.8514e+02 1.5721e-02
6.3073e+02 1.6265e+02 6.4501e+02 2.0166e+02 1.5206e-02
3.7668e+02 1.6416e+02 4.0534e+02 1.8225e+02 1.5199e-02
5.9572e+02 1.7529e+02 6.2637e+02 2.3190e+02 1.4889e-02
6.1283e+02 1.5758e+02 6.4236e+02 2.2425e+02 1.4873e-02
2.4959e+02 1.7259e+02 2.6488e+02 2.0373e+02 1.4672e-02
3.2476e+02 1.7499e+02 3.5786e+02 1.9078e+02 1.4397e-02
3.3654e+02 1.6411e+02 3.4673e+02 1.8800e+02 1.4307e-02
3.5473e+02 1.7183e+02 3.8316e+02 1.8665e+02 1.4279e-02
2.7176e+02 1.7800e+02 3.0129e+02 1.9704e+02 1.4226e-02
3.5058e+02 1.6234e+02 3.7751e+02 1.7852e+02 1.4171e-02
6.3119e+02 1.6811e+02 6.5191e+02 1.8984e+02 1.3737e-02
6.0475e+02 1.6331e+02 6.2109e+02 2.0346e+02 1.3706e-02
5.8217e+02 1.7499e+02 6.0124e+02 2.0130e+02 1.3644e-02
6.2692e+02 1.6886e+02 6.4718e+02 1.9101e+02 1.3638e-02
2.0833e+02 1.6484e+02 2.3267e+02 2.1763e+02 1.3411e-02
1.8897e+02 1.6090e+02 2.0650e+02 1.9950e+02 1.3079e-02
3.7271e+02 1.6317e+02 4.0093e+02 1.7912e+02 1.2530e-02
3.4154e+02 1.5994e+02 3.5399e+02 1.8380e+02 1.2314e-02
3.4629e+02 1.6303e+02 3.7265e+02 1.7945e+02 1.2308e-02
5.9095e+02 1.6990e+02 6.2036e+02 1.8681e+02 1.2165e-02
2.6018e+02 1.6267e+02 2.8425e+02 2.1088e+02 1.2121e-02
2.6582e+02 1.6385e+02 2.8057e+02 1.9422e+02 1.2108e-02
4.4775e+02 1.6746e+02 4.7457e+02 1.8135e+02 1.2084e-02
5.8495e+02 1.6514e+02 6.2247e+02 2.4561e+02 1.1836e-02
2.9240e+02 1.6220e+02 3.5555e+02 1.9879e+02 1.1692e-02
3.4496e+02 1.6381e+02 3.5556e+02 1.8743e+02 1.1561e-02
3.3014e+02 1.6605e+02 3.4035e+02 1.9216e+02 1.1399e-02
2.9068e+02 1.6418e+02 3.0256e+02 1.9549e+02 1.1326e-02
3.7806e+02 1.6158e+02 3.8996e+02 1.8744e+02 1.1230e-02
5.7826e+02 1.7527e+02 6.0579e+02 1.9992e+02 1.1160e-02
2.0959e+02 1.7015e+02 2.4660e+02 1.8677e+02 1.1142e-02
3.3546e+02 1.6696e+02 3.4601e+02 1.9130e+02 1.1084e-02
5.9804e+02 1.8112e+02 6.4039e+02 2.2388e+02 1.1077e-02
5.8324e+02 1.6683e+02 5.9431e+02 2.0721e+02 1.0929e-02
3.3110e+02 1.6392e+02 3.4124e+02 1.8855e+02 1.0670e-02
1.6739e+02 1.7490e+02 1.9889e+02 1.9703e+02 1.0640e-02
1.7367e+02 1.4699e+02 2.1429e+02 2.1503e+02 1.0328e-02
6.2547e+02 1.6058e+02 6.3949e+02 1.9936e+02 1.0319e-02
2.7042e+02 1.6333e+02 2.8552e+02 1.9143e+02 1.0305e-02
6.2567e+02 1.7427e+02 6.4610e+02 1.9886e+02 1.0233e-02
1.9388e+02 1.5987e+02 2.0994e+02 1.9852e+02 1.0227e-02
3.7409e+02 1.6219e+02 3.9547e+02 1.8191e+02 9.9643e-03
1.3799e+02 1.4133e+02 2.6741e+02 2.2216e+02 9.8905e-03
3.0890e+02 1.7739e+02 3.4212e+02 1.9559e+02 9.8497e-03
1.5382e+02 1.4647e+02 3.2094e+02 2.1190e+02 9.8290e-03
5.5602e+02 1.4043e+02 6.5879e+02 2.3435e+02 9.7045e-03
6.1424e+02 1.7808e+02 6.4285e+02 2.1925e+02 9.6471e-03
1.8923e+02 1.7559e+02 2.4198e+02 2.0851e+02 9.6268e-03
2.6140e+02 1.6186e+02 2.7708e+02 1.9505e+02 9.5776e-03
2.5666e+02 1.5754e+02 2.8815e+02 2.0896e+02 9.5179e-03
5.6954e+02 1.5845e+02 6.6119e+02 2.3709e+02 8.6272e-03
2.1911e+02 1.6316e+02 2.7751e+02 2.0065e+02 8.5952e-03
2.5455e+02 1.6136e+02 2.7825e+02 2.0944e+02 7.4726e-03
1.8453e+02 1.6710e+02 2.1642e+02 2.2327e+02 7.1980e-03
5.8929e+02 1.1178e+02 6.5327e+02 2.6161e+02 6.8917e-03
2.5145e+02 1.5492e+02 2.8042e+02 2.0611e+02 6.7877e-03
5.5939e+02 1.5166e+02 6.9767e+02 2.2683e+02 6.7640e-03
5.8942e+02 1.6051e+02 6.5455e+02 2.0050e+02 6.7264e-03
1.0601e+02 1.3112e+02 2.7162e+02 2.0465e+02 6.1973e-03
1.0877e+03 0.0000e+00 1.2420e+03 3.7500e+02 5.5095e-03
1.2028e+03 1.7199e+02 1.2420e+03 3.6637e+02 5.2478e-03
0.0000e+00 2.8316e+02 2.9440e+01 3.7500e+02 5.2006e-03
1.2005e+03 2.8747e+02 1.2420e+03 3.7500e+02 5.0501e-03
5.8792e+02 1.7726e+02 6.4151e+02 2.3031e+02 4.8322e-03
7.3474e+02 1.8241e+02 8.3478e+02 2.1846e+02 4.6182e-03
1.1532e+03 1.8137e+02 1.2420e+03 3.7500e+02 4.4954e-03
7.3494e+02 1.8937e+02 8.3674e+02 2.2539e+02 4.4896e-03
0.0000e+00 8.1067e+01 3.0791e+01 2.7932e+02 4.3378e-03
2.4623e+02 1.5937e+02 2.7015e+02 2.1079e+02 4.0621e-03
1.7934e+02 1.4506e+02 3.5547e+02 2.1330e+02 3.9277e-03
8.1315e+01 1.4101e+02 2.4643e+02 2.1145e+02 3.8161e-03
1.3516e+02 1.3204e+02 3.0338e+02 2.0425e+02 3.8123e-03
1.1890e+03 3.1917e+02 1.2420e+03 3.7500e+02 3.3862e-03
1.2889e+02 1.2370e+02 2.5790e+02 2.1456e+02 3.3323e-03
0.0000e+00 1.2523e+02 1.6643e+01 2.3276e+02 3.3265e-03
2.0604e+02 1.5249e+02 2.3901e+02 2.1036e+02 3.1233e-03
1.0796e+03 2.6184e+02 1.2420e+03 3.7500e+02 3.0921e-03
1.7656e+02 1.2911e+02 2.3872e+02 2.5821e+02 3.0893e-03
1.1222e+03 2.4931e+02 1.2420e+03 3.7500e+02 3.0637e-03
5.7116e+02 1.0287e+02 6.3443e+02 2.5670e+02 2.9837e-03
1.7106e+02 9.5148e+01 2.4370e+02 2.3647e+02 2.9385e-03
2.6571e+02 1.6072e+02 2.9081e+02 2.1131e+02 2.7529e-03
7.3037e+02 1.7483e+02 8.2527e+02 2.0884e+02 2.7259e-03
2.5306e+02 1.6572e+02 3.0679e+02 1.9949e+02 2.7099e-03
1.5684e+02 9.1961e+01 2.3064e+02 2.4470e+02 2.6488e-03
3.0029e+02 1.5045e+02 3.2803e+02 2.0084e+02 2.5404e-03
2.0026e+02 1.7689e+02 2.7412e+02 2.1115e+02 2.5108e-03
1.2044e+03 1.4529e+02 1.2420e+03 3.2631e+02 2.4004e-03
1.0183e+03 9.3431e+01 1.2420e+03 3.7500e+02 2.3932e-03
2.1631e+02 1.4178e+02 3.8816e+02 2.1097e+02 2.3162e-03
6.7887e+02 1.5756e+02 8.6804e+02 2.2764e+02 2.2963e-03
2.1540e+02 1.7608e+02 2.9490e+02 2.0861e+02 2.2882e-03
7.7263e+01 1.2706e+02 2.4509e+02 1.9884e+02 2.2564e-03
1.7720e+02 1.6308e+02 2.1034e+02 2.2357e+02 2.2427e-03
5.7769e+02 1.4891e+02 6.1077e+02 2.2571e+02 2.1788e-03
9.3816e+02 1.2384e+02 1.2420e+03 3.7500e+02 2.1469e-03
3.0984e+02 1.6046e+02 3.8573e+02 1.9070e+02 2.1416e-03
1.2228e+03 3.3202e+02 1.2420e+03 3.7500e+02 2.1160e-03
6.0285e+02 1.6526e+02 6.6820e+02 2.0127e+02 2.1013e-03
2.6339e+02 1.5260e+02 2.9529e+02 2.0800e+02 2.0209e-03
1.2228e+03 1.4668e+02 1.2420e+03 2.5405e+02 1.9939e-03
2.9792e+02 1.5501e+02 3.2599e+02 2.1611e+02 1.9670e-03
2.0214e+02 1.5295e+02 3.7366e+02 2.1539e+02 1.9181e-03
5.4969e+02 1.4098e+02 7.1259e+02 2.1600e+02 1.9065e-03
7.2884e+02 1.6752e+02 8.2336e+02 2.0058e+02 1.8830e-03
1.2233e+03 1.6387e+02 1.2420e+03 2.8059e+02 1.7839e-03
1.2077e+03 1.6913e+02 1.2420e+03 2.1514e+02 1.7537e-03
0.0000e+00 3.1693e+02 4.0813e+01 3.7500e+02 1.7504e-03
1.6756e+02 1.4189e+02 2.0251e+02 2.1351e+02 1.7200e-03
1.6438e+02 1.2732e+02 2.2787e+02 2.5915e+02 1.7130e-03
3.0695e+02 1.5250e+02 3.3297e+02 2.0248e+02 1.6119e-03
5.7384e+02 1.4634e+02 6.8151e+02 2.3515e+02 1.5972e-03
6.0745e+02 1.6704e+02 6.5802e+02 2.1222e+02 1.5866e-03
6.0381e+02 1.5834e+02 6.7291e+02 1.9414e+02 1.5499e-03
5.2677e+02 1.4613e+02 6.7717e+02 2.2688e+02 1.5412e-03
1.1549e+03 0.0000e+00 1.2420e+03 1.8127e+02 1.5256e-03
1.1496e+02 1.3486e+02 2.4511e+02 2.2151e+02 1.5092e-03
1.2195e+03 3.5331e+02 1.2420e+03 3.7500e+02 1.5045e-03
1.2257e+03 1.9957e+02 1.2420e+03 3.1034e+02 1.5024e-03
0.0000e+00 1.9985e+02 5.1152e+01 3.7500e+02 1.4917e-03
2.1899e+02 1.6165e+02 2.4080e+02 2.1674e+02 1.4830e-03
1.2026e+03 0.0000e+00 1.2420e+03 8.7955e+01 1.4584e-03
7.3530e+02 1.9584e+02 8.3503e+02 2.3387e+02 1.4534e-03
5.7104e+02 1.5810e+02 6.2249e+02 2.0448e+02 1.4165e-03
0.0000e+00 1.4148e+02 1.4451e+01 2.4856e+02 1.4019e-03
1.2242e+03 1.3125e+02 1.2420e+03 2.3809e+02 1.3895e-03
5.5845e+02 1.6718e+02 6.5615e+02 2.5202e+02 1.3616e-03
1.5536e+02 1.5471e+02 2.4190e+02 1.8925e+02 1.3241e-03
3.2390e+02 1.5933e+02 3.9998e+02 1.8923e+02 1.3161e-03
1.1909e+03 2.1030e+02 1.2420e+03 3.3258e+02 1.3045e-03
1.2105e+03 1.6181e+02 1.2420e+03 2.0685e+02 1.3035e-03
1.1638e+03 7.9074e+01 1.2420e+03 3.7500e+02 1.2845e-03
1.1704e+03 2.2207e+02 1.2420e+03 3.1555e+02 1.2838e-03
0.0000e+00 1.1369e+02 2.8207e+01 3.1388e+02 1.2757e-03
6.7605e+02 1.4086e+02 8.6329e+02 2.1486e+02 1.2556e-03
7.2721e+02 1.5887e+02 8.2452e+02 1.9448e+02 1.2063e-03
7.5974e+02 1.8829e+02 8.5230e+02 2.2620e+02 1.1964e-03
1.4780e+02 1.5433e+02 2.5527e+02 2.3588e+02 1.1880e-03
5.9070e+02 1.4134e+02 6.5145e+02 2.8490e+02 1.1829e-03
1.2161e+03 1.7077e+02 1.2420e+03 2.3102e+02 1.1566e-03
0.0000e+00 1.1838e+02 4.3773e+01 2.3062e+02 1.1535e-03
1.5356e+02 1.1962e+02 2.8180e+02 2.1382e+02 1.1499e-03
0.0000e+00 0.0000e+00 3.1964e+01 7.9425e+01 1.1251e-03
1.1712e+03 2.3710e+02 1.2420e+03 3.3450e+02 1.1225e-03
1.2215e+02 1.6210e+02 2.7997e+02 2.3183e+02 1.1135e-03
1.1936e+03 2.4268e+02 1.2420e+03 3.6629e+02 1.1128e-03
1.2783e+02 1.5572e+02 2.1143e+02 1.9537e+02 1.1043e-03
1.0029e+02 1.5597e+02 1.8064e+02 1.9462e+02 1.0943e-03
1.4012e+02 1.5181e+02 2.2430e+02 1.8799e+02 1.0934e-03
1.2085e+03 1.8541e+02 1.2420e+03 2.3031e+02 1.0823e-03
1.2255e+03 2.2248e+02 1.2420e+03 3.3468e+02 1.0708e-03
2.7968e+02 1.5908e+02 3.5441e+02 1.9351e+02 1.0606e-03
1.2054e+03 1.1258e+02 1.2420e+03 2.9421e+02 1.0518e-03
1.9508e+02 1.2224e+02 2.4777e+02 2.5915e+02 1.0445e-03
1.1748e+03 2.5219e+02 1.2420e+03 3.5177e+02 1.0390e-03
1.0977e+03 0.0000e+00 1.2420e+03 6.5930e+01 1.0308e-03
0.0000e+00 1.3834e+02 2.4265e+01 1.9947e+02 1.0288e-03
0.0000e+00 3.2627e+02 1.3630e+01 3.7500e+02 1.0280e-03
1.1644e+03 0.0000e+00 1.2420e+03 3.2107e+01 1.0070e-03
2.3485e+02 1.4926e+02 2.6177e+02 2.0736e+02 1.0056e-03
0.0000e+00 3.3371e+01 7.0085e+01 3.7500e+02 1.0038e-03
1.1693e+03 2.0640e+02 1.2394e+03 3.7500e+02 9.9483e-04
5.6360e+02 1.6151e+02 7.0002e+02 2.4154e+02 9.9277e-04
6.9554e+02 1.7114e+02 8.7377e+02 2.4143e+02 9.8296e-04
1.3363e+02 1.6577e+02 2.0782e+02 2.0159e+02 9.7800e-04
9.5452e+02 0.0000e+00 1.2420e+03 1.3227e+02 9.4055e-04
1.2520e+02 1.4953e+02 2.0946e+02 1.8688e+02 9.2646e-04
2.3852e+02 1.5803e+02 2.6106e+02 2.1065e+02 9.2420e-04
1.8871e+02 8.7242e+01 2.5633e+02 2.3541e+02 9.1846e-04
2.9477e+02 1.5159e+02 3.2269e+02 2.0228e+02 9.1194e-04
1.1688e+03 1.4469e+02 1.2420e+03 2.3476e+02 8.6335e-04
1.6690e+02 1.3496e+02 3.0003e+02 2.1913e+02 8.5556e-04
1.1166e+03 0.0000e+00 1.2420e+03 9.2673e+01 8.4922e-04
5.2795e+01 1.3946e+02 2.1472e+02 2.0706e+02 8.4344e-04
7.0930e+02 1.5743e+02 8.1194e+02 1.9379e+02 8.4178e-04
1.0766e+02 1.5014e+02 1.9258e+02 1.8830e+02 8.3873e-04
5.9722e+02 1.7081e+02 6.3046e+02 2.5821e+02 8.3613e-04
1.0296e+02 1.6424e+02 1.8062e+02 2.0037e+02 8.3266e-04
0.0000e+00 1.4283e+02 3.5013e+01 1.9191e+02 8.3231e-04
0.0000e+00 2.5728e+02 8.8973e+01 3.7500e+02 8.1774e-04
1.4814e+02 1.6420e+02 2.1284e+02 2.0430e+02 8.1406e-04
1.6646e+02 1.5299e+02 2.4001e+02 1.9740e+02 8.1098e-04
7.0303e+02 1.6747e+02 7.9992e+02 2.0080e+02 8.1057e-04
3.0540e+02 1.5425e+02 3.3188e+02 2.1819e+02 8.0833e-04
1.2045e+03 2.3161e+02 1.2420e+03 3.7500e+02 7.9738e-04
1.2182e+03 1.5586e+02 1.2420e+03 2.1489e+02 7.7781e-04
1.2139e+03 1.5372e+02 1.2420e+03 1.9857e+02 7.7238e-04
1.7453e+02 1.5685e+02 2.0340e+02 2.1566e+02 7.7026e-04
5.6672e+02 1.5940e+02 6.3176e+02 1.9742e+02 7.6467e-04
0.0000e+00 2.6487e+02 1.4705e+02 3.7500e+02 7.5129e-04
1.1871e+03 1.7755e+02 1.2420e+03 3.7110e+02 7.5098e-04
1.0054e+03 0.0000e+00 1.2420e+03 1.9623e+02 7.4760e-04
6.0753e+02 1.1983e+02 6.6218e+02 2.6718e+02 7.4522e-04
1.0976e+03 1.6219e+02 1.2420e+03 3.3201e+02 7.4045e-04
0.0000e+00 0.0000e+00 1.3361e+02 3.0391e+02 7.2705e-04
1.4444e+02 8.7713e+01 2.1074e+02 2.4042e+02 7.2211e-04
0.0000e+00 1.5429e+02 2.3195e+01 2.1427e+02 7.1758e-04
5.2176e+02 1.6331e+02 6.5758e+02 2.3803e+02 7.0828e-04
0.0000e+00 3.2632e+02 5.5178e+01 3.7500e+02 7.0549e-04
1.1655e+03 2.8857e+02 1.2381e+03 3.7500e+02 7.0004e-04
2.2534e+02 1.5769e+02 3.0236e+02 1.9230e+02 6.9617e-04
0.0000e+00 1.3031e+02 6.4448e+01 2.1953e+02 6.9479e-04
0.0000e+00 0.0000e+00 6.8407e+01 1.5176e+02 6.9005e-04
1.2268e+03 1.1822e+02 1.2420e+03 2.2103e+02 6.7955e-04
2.1767e+02 1.4965e+02 2.4454e+02 2.0787e+02 6.7774e-04
6.1590e+02 1.5790e+02 6.9627e+02 1.9118e+02 6.7458e-04
2.9403e+02 1.5869e+02 3.7021e+02 1.9158e+02 6.7256e-04
5.6662e+02 1.7334e+02 6.2910e+02 2.1989e+02 6.6143e-04
1.2266e+03 0.0000e+00 1.2420e+03 4.6736e+01 6.6109e-04
1.1809e+03 0.0000e+00 1.2420e+03 4.3421e+01 6.5019e-04
2.2852e+02 1.5743e+02 2.5116e+02 2.0901e+02 6.4762e-04
1.2247e+03 2.4141e+02 1.2420e+03 3.6102e+02 6.4434e-04
9.5456e+01 1.5006e+02 1.7520e+02 1.8940e+02 6.3901e-04
2.9482e+02 1.7020e+02 3.6828e+02 1.9910e+02 6.3877e-04
1.4517e+02 1.5462e+02 2.1004e+02 2.0020e+02 6.3862e-04
1.5836e+02 1.2742e+02 3.3769e+02 2.0363e+02 6.3751e-04
2.0113e+02 1.3616e+02 3.3088e+02 2.1823e+02 6.3549e-04
5.6802e+02 1.6743e+02 6.1557e+02 2.1572e+02 6.3544e-04
2.9394e+02 1.5399e+02 3.1998e+02 2.1511e+02 6.3080e-04
5.6936e+02 1.3747e+02 6.2750e+02 2.8534e+02 6.0465e-04
1.0897e+03 1.3244e+02 1.2420e+03 3.0312e+02 6.0158e-04
0.0000e+00 1.5903e+02 3.2204e+01 2.0612e+02 5.9834e-04
6.2052e+02 1.5766e+02 6.4760e+02 2.3088e+02 5.9805e-04
7.0284e+02 1.7437e+02 8.0427e+02 2.0963e+02 5.9743e-04
1.1702e+03 1.6101e+02 1.2420e+03 2.5001e+02 5.9575e-04
7.4949e+02 1.7537e+02 8.4729e+02 2.1147e+02 5.9471e-04
5.6074e+02 1.6619e+02 6.2340e+02 2.0442e+02 5.8551e-04
2.6740e+02 1.5743e+02 3.4177e+02 1.9244e+02 5.8489e-04
0.0000e+00 2.1230e+02 3.0232e+01 3.7500e+02 5.7483e-04
1.1766e+03 1.9458e+02 1.2420e+03 2.8365e+02 5.7208e-04
5.4004e+02 1.7584e+02 6.8218e+02 2.5400e+02 5.6863e-04
1.5644e+02 1.5078e+02 2.2353e+02 1.9487e+02 5.5817e-04
1.2170e+03 1.8508e+02 1.2420e+03 2.4778e+02 5.5598e-04
1.1921e+03 1.8248e+02 1.2420e+03 3.0077e+02 5.5039e-04
1.2144e+03 1.4556e+02 1.2420e+03 1.9065e+02 5.4894e-04
5.9595e+02 1.7220e+02 6.6178e+02 2.1826e+02 5.4358e-04
5.6349e+02 7.3536e+01 6.2856e+02 2.6024e+02 5.2154e-04
1.2241e+03 2.6679e+02 1.2420e+03 3.7500e+02 5.1925e-04
1.1481e+03 2.8802e+02 1.2233e+03 3.7500e+02 5.1511e-04
7.5973e+02 1.9424e+02 8.5120e+02 2.3445e+02 5.1401e-04
1.1344e+03 1.4557e+02 1.2420e+03 3.6742e+02 5.1286e-04
6.1199e+02 1.6412e+02 6.8286e+02 1.9962e+02 5.0930e-04
7.2328e+02 1.5522e+02 8.9863e+02 2.2900e+02 5.0700e-04
6.4649e+01 1.5091e+02 2.2778e+02 2.2291e+02 5.0551e-04
3.1316e+02 1.4981e+02 3.4044e+02 2.0176e+02 5.0458e-04
7.4132e+02 1.5732e+02 8.4005e+02 1.9541e+02 5.0212e-04
1.0970e+03 1.9450e+02 1.2420e+03 3.6221e+02 4.9911e-04
0.0000e+00 4.4068e+01 3.0324e+01 2.2892e+02 4.9881e-04
0.0000e+00 1.0103e+02 1.6868e+01 2.0837e+02 4.9586e-04
7.1170e+02 1.8108e+02 8.1760e+02 2.1851e+02 4.9407e-04
0.0000e+00 1.1645e+02 5.9784e+01 2.0394e+02 4.9349e-04
0.0000e+00 2.9547e+02 4.7888e+01 3.7500e+02 4.9244e-04
1.4456e+02 1.1591e+02 2.4749e+02 1.5518e+02 4.8721e-04
1.1533e+03 2.1177e+02 1.2269e+03 3.7500e+02 4.8134e-04
7.1071e+02 1.8853e+02 8.1689e+02 2.2672e+02 4.7489e-04
1.6322e+02 1.8033e+02 2.4521e+02 2.1332e+02 4.7363e-04
1.1885e+03 1.3352e+02 1.2420e+03 2.4777e+02 4.6255e-04
5.2828e+02 1.4529e+02 6.3143e+02 2.3404e+02 4.6236e-04
7.1449e+02 1.4741e+02 8.4747e+02 2.3768e+02 4.6174e-04
0.0000e+00 1.6111e+02 1.3508e+01 2.7812e+02 4.6039e-04
0.0000e+00 2.5883e+02 2.5292e+01 3.7500e+02 4.5731e-04
1.7238e+02 1.3265e+02 2.0975e+02 2.1122e+02 4.5104e-04
7.4603e+02 1.7743e+02 8.2051e+02 2.2328e+02 4.5051e-04
1.1744e+03 1.7727e+02 1.2420e+03 2.6518e+02 4.4934e-04
2.3477e+02 1.7571e+02 3.0811e+02 2.0799e+02 4.4879e-04
7.6885e+02 1.8251e+02 8.6038e+02 2.1973e+02 4.4182e-04
1.6093e+02 1.6177e+02 3.1631e+02 2.3246e+02 4.3404e-04
1.2086e+03 1.9941e+02 1.2420e+03 2.4712e+02 4.3136e-04
0.0000e+00 0.0000e+00 5.1500e+01 4.3948e+01 4.2810e-04
5.5800e+02 1.1378e+02 6.1289e+02 2.6379e+02 4.2400e-04
6.0966e+02 1.5055e+02 6.9028e+02 1.8601e+02 4.2366e-04
1.1603e+02 9.4568e+01 1.8111e+02 2.5830e+02 4.2217e-04
2.0650e+02 1.5357e+02 2.8667e+02 1.9021e+02 4.2001e-04
0.0000e+00 1.1838e+02 2.5506e+01 2.4149e+02 4.1905e-04
9.3859e+01 1.1868e+02 2.2506e+02 2.0795e+02 4.1884e-04
4.9151e+01 1.2711e+02 2.1247e+02 1.9381e+02 4.1601e-04
7.5213e+02 1.8380e+02 8.2825e+02 2.3187e+02 4.1333e-04
1.9201e+02 1.4594e+02 3.1072e+02 2.2152e+02 4.1220e-04
0.0000e+00 0.0000e+00 2.1880e+02 1.5201e+02 4.0567e-04
0.0000e+00 0.0000e+00 3.0837e+02 1.3682e+02 4.0279e-04
8.4427e+01 1.3100e+02 2.0464e+02 2.1972e+02 4.0058e-04
0.0000e+00 1.6674e+02 2.9938e+01 2.1393e+02 3.9897e-04
8.1118e+02 2.8930e+02 8.8738e+02 3.7500e+02 3.9310e-04
1.1826e+03 2.8139e+02 1.2420e+03 3.7500e+02 3.9110e-04
1.3162e+02 9.7362e+01 1.9412e+02 2.5695e+02 3.9084e-04
5.3322e+02 1.2820e+02 6.9834e+02 2.0639e+02 3.9015e-04
2.0569e+02 8.3165e+01 2.7420e+02 2.3927e+02 3.8596e-04
0.0000e+00 1.4367e+02 7.0192e+01 2.3726e+02 3.8378e-04
1.1732e+03 1.7227e+02 1.2365e+03 3.4441e+02 3.7451e-04
7.1792e+02 1.4828e+02 8.1465e+02 1.8864e+02 3.7416e-04
0.0000e+00 0.0000e+00 1.0790e+02 7.6514e+01 3.7194e-04
2.4229e+02 1.0812e+02 3.0247e+02 2.4349e+02 3.7051e-04
5.5054e+02 1.1957e+02 6.5831e+02 2.1899e+02 3.6979e-04
6.9414e+02 1.2305e+02 8.7108e+02 2.0148e+02 3.6940e-04
5.7569e+02 1.5084e+02 7.3555e+02 2.2613e+02 3.6761e-04
1.1756e+03 1.1290e+02 1.2420e+03 2.0856e+02 3.6679e-04
1.2059e+03 6.2761e+01 1.2420e+03 2.4886e+02 3.6664e-04
3.3952e+02 1.5986e+02 4.1935e+02 1.9186e+02 3.6616e-04
8.6547e+01 1.1071e+02 2.6007e+02 1.8157e+02 3.6205e-04
2.2689e+02 1.0600e+02 2.9213e+02 2.4415e+02 3.5739e-04
1.2113e+03 0.0000e+00 1.2420e+03 1.5003e+01 3.5470e-04
1.2125e+03 2.4801e+02 1.2420e+03 2.9499e+02 3.5162e-04
0.0000e+00 1.1066e+02 1.7822e+02 3.7500e+02 3.5027e-04
3.2386e+02 1.6490e+02 3.9898e+02 1.9517e+02 3.4949e-04
7.4948e+02 9.7328e+01 8.2063e+02 2.6244e+02 3.4694e-04
3.0956e+02 1.6224e+02 3.6846e+02 1.9371e+02 3.4294e-04
5.8013e+02 1.6253e+02 6.1198e+02 2.5134e+02 3.4115e-04
1.6042e+02 1.3718e+02 1.9307e+02 2.1203e+02 3.4086e-04
1.3926e+02 1.2340e+02 2.3875e+02 1.5854e+02 3.3883e-04
2.2719e+02 1.2412e+02 2.8583e+02 2.7348e+02 3.3816e-04
1.5080e+02 1.2042e+02 2.0875e+02 2.6271e+02 3.3781e-04
5.8023e+02 1.8860e+02 6.3288e+02 2.3113e+02 3.3562e-04
7.9664e+02 2.8943e+02 8.7229e+02 3.7500e+02 3.3551e-04
6.1371e+02 1.6906e+02 6.8126e+02 2.0663e+02 3.3545e-04
0.0000e+00 3.4938e+02 2.0717e+01 3.7500e+02 3.3444e-04
2.8693e+02 1.2090e+02 3.4891e+02 2.5733e+02 3.3435e-04
5.7465e+02 1.5938e+02 6.0307e+02 2.3014e+02 3.3209e-04
7.4627e+02 1.7063e+02 8.1783e+02 2.1414e+02 3.2981e-04
1.8254e+02 1.5149e+02 2.7391e+02 1.8880e+02 3.2868e-04
2.3986e+02 1.3865e+02 2.7218e+02 2.0945e+02 3.2850e-04
7.1375e+02 1.2930e+02 8.4583e+02 2.2392e+02 3.2725e-04
1.2210e+03 1.4080e+02 1.2420e+03 1.9767e+02 3.2497e-04
6.0673e+02 7.9325e+01 6.7306e+02 2.5352e+02 3.2393e-04
2.1205e+02 1.0438e+02 2.6941e+02 2.4952e+02 3.2229e-04
2.4311e+02 1.5301e+02 4.1779e+02 2.1710e+02 3.2166e-04
8.2712e+02 2.8917e+02 9.0245e+02 3.7500e+02 3.2151e-04
2.9369e+02 1.4231e+02 3.2972e+02 1.9921e+02 3.2060e-04
1.2136e+03 2.4106e+02 1.2420e+03 2.8702e+02 3.1894e-04
1.9039e+02 1.2903e+02 3.7161e+02 2.0447e+02 3.1658e-04
2.5368e+02 1.4599e+02 2.9010e+02 2.1189e+02 3.1608e-04
7.9315e+01 1.5590e+02 1.6169e+02 1.9422e+02 3.1509e-04
0.0000e+00 8.3220e+01 9.0702e+01 3.1021e+02 3.0981e-04
1.1578e+03 1.8672e+02 1.2235e+03 3.5616e+02 3.0733e-04
2.1944e+02 1.7067e+02 2.7796e+02 2.0922e+02 3.0369e-04
5.8891e+02 1.4084e+02 6.2642e+02 2.1912e+02 3.0300e-04
1.0488e+02 1.4274e+02 1.9463e+02 1.7924e+02 3.0161e-04
1.2188e+03 1.9875e+02 1.2420e+03 2.6640e+02 3.0113e-04
0.0000e+00 0.0000e+00 1.5171e+02 6.9267e+01 2.9810e-04
5.8605e+02 1.6727e+02 6.1548e+02 2.5866e+02 2.9770e-04
0.0000e+00 1.1592e+02 2.6430e+02 3.7500e+02 2.9623e-04
1.2209e+03 2.3389e+02 1.2420e+03 2.9705e+02 2.9534e-04
0.0000e+00 7.5414e+01 4.6023e+01 2.8548e+02 2.9488e-04
7.3488e+02 9.7819e+01 8.0554e+02 2.6430e+02 2.9479e-04
6.2313e+02 1.4278e+02 6.5170e+02 2.1760e+02 2.9378e-04
5.9607e+02 1.5181e+02 6.6693e+02 1.8840e+02 2.9294e-04
1.2221e+02 1.4352e+02 2.0771e+02 1.7858e+02 2.8995e-04
0.0000e+00 1.4822e+02 2.5717e+01 3.4306e+02 2.8874e-04
2.0981e+02 1.7277e+02 2.6706e+02 2.1046e+02 2.8569e-04
0.0000e+00 1.7025e+02 2.0735e+01 2.2979e+02 2.8495e-04
1.2149e+03 1.3822e+02 1.2420e+03 1.8256e+02 2.8074e-04
2.2573e+02 1.4566e+02 3.3687e+02 2.2125e+02 2.8023e-04
0.0000e+00 0.0000e+00 7.5572e+01 4.3081e+01 2.7877e-04
1.2098e+03 2.0775e+02 1.2420e+03 2.5532e+02 2.7674e-04
0.0000e+00 9.2803e+01 4.0094e+01 1.9783e+02 2.7662e-04
1.0031e+02 9.2346e+01 1.6676e+02 2.5739e+02 2.7512e-04
2.3425e+02 1.3297e+02 3.6683e+02 2.1774e+02 2.7503e-04
8.4260e+02 2.8904e+02 9.1821e+02 3.7500e+02 2.7480e-04
5.8269e+02 1.3780e+02 6.1773e+02 2.1743e+02 2.7474e-04
1.2189e+03 0.0000e+00 1.2420e+03 1.8414e+01 2.7234e-04
6.9327e+02 1.8238e+02 7.9914e+02 2.1928e+02 2.6971e-04
2.7540e+02 1.1900e+02 3.3286e+02 2.5713e+02 2.6941e-04
2.4797e+02 1.4045e+02 2.8105e+02 2.0732e+02 2.6817e-04
2.6062e+02 1.1764e+02 3.1379e+02 2.5836e+02 2.6791e-04
1.4806e+02 1.7630e+02 2.2111e+02 2.1194e+02 2.6695e-04
2.7355e+02 1.5548e+02 2.9700e+02 2.1965e+02 2.6338e-04
7.1311e+02 1.9581e+02 8.1588e+02 2.3489e+02 2.6235e-04
1.1320e+03 2.8961e+02 1.2068e+03 3.7500e+02 2.6198e-04
8.0384e+01 1.4973e+02 1.6438e+02 1.8772e+02 2.6032e-04
7.8165e+02 2.9131e+02 8.5700e+02 3.7500e+02 2.5690e-04
0.0000e+00 2.9450e+02 6.9801e+01 3.7500e+02 2.5453e-04
1.2145e+03 2.5604e+02 1.2420e+03 3.0247e+02 2.5307e-04
1.0978e+02 1.5235e+02 1.7311e+02 1.9818e+02 2.5215e-04
7.3618e+02 1.4876e+02 8.3436e+02 1.8889e+02 2.5118e-04
7.6488e+02 1.1778e+02 8.3517e+02 2.7285e+02 2.5100e-04
2.4996e+02 1.5763e+02 2.7819e+02 2.2576e+02 2.4961e-04
2.4238e+02 1.5723e+02 2.7024e+02 2.2697e+02 2.4712e-04
0.0000e+00 0.0000e+00 1.4306e+01 5.3126e+01 2.4712e-04
2.2383e+02 1.5394e+02 2.8570e+02 1.9619e+02 2.4588e-04
1.2205e+03 2.4911e+02 1.2420e+03 3.1239e+02 2.4539e-04
1.2141e+03 2.3267e+02 1.2420e+03 2.7774e+02 2.4504e-04
0.0000e+00 9.6698e+01 1.4655e+02 2.8769e+02 2.4249e-04
1.9469e+02 1.4015e+02 2.3554e+02 2.1118e+02 2.4226e-04
2.5692e+02 1.5857e+02 2.8554e+02 2.2906e+02 2.3836e-04
2.3626e+02 1.5700e+02 3.2117e+02 1.9301e+02 2.3609e-04
2.7384e+02 1.4993e+02 2.9909e+02 2.0394e+02 2.3426e-04
7.4676e+02 1.6489e+02 8.4861e+02 2.0176e+02 2.3229e-04
7.6337e+02 2.0574e+02 9.0043e+02 3.7500e+02 2.3078e-04
7.3864e+02 1.8418e+02 8.1405e+02 2.3070e+02 2.3001e-04
3.1181e+02 1.5421e+02 3.3877e+02 2.2192e+02 2.2646e-04
7.5997e+02 1.7901e+02 8.3301e+02 2.2420e+02 2.2615e-04
1.9182e+02 1.6198e+02 2.2389e+02 2.3736e+02 2.2615e-04
1.8305e+02 1.6158e+02 3.5063e+02 2.3230e+02 2.2458e-04
1.9971e+02 1.6314e+02 2.3079e+02 2.3839e+02 2.2363e-04
6.2241e+02 9.1839e+01 6.9090e+02 2.7201e+02 2.2232e-04
1.8022e+02 1.7466e+02 2.4213e+02 2.1304e+02 2.2226e-04
1.2307e+02 1.2456e+02 2.2369e+02 1.5932e+02 2.2177e-04
7.2494e+02 1.3839e+02 9.0342e+02 2.1753e+02 2.2087e-04
1.2273e+03 9.1862e+01 1.2420e+03 1.9993e+02 2.2004e-04
7.2983e+02 2.0532e+02 8.7070e+02 3.7500e+02 2.1955e-04
2.8702e+02 1.3988e+02 3.2198e+02 2.0113e+02 2.1726e-04
7.7407e+02 1.6887e+02 8.1170e+02 2.4677e+02 2.1658e-04
5.6515e+02 1.6324e+02 6.1301e+02 2.0783e+02 2.1563e-04
1.3833e+02 1.4295e+02 2.2267e+02 1.7859e+02 2.1552e-04
7.6785e+02 1.6312e+02 8.0256e+02 2.3858e+02 2.1489e-04
9.5866e+02 2.3661e+01 1.2420e+03 3.7500e+02 2.1419e-04
0.0000e+00 5.8269e+01 8.3903e+01 2.7009e+02 2.1197e-04
4.2691e+02 9.4617e+01 7.8649e+02 2.5787e+02 2.1066e-04
2.5710e+02 1.4343e+02 3.7058e+02 2.2083e+02 2.1027e-04
7.6492e+02 2.9082e+02 8.4167e+02 3.7500e+02 2.1007e-04
1.1929e+03 1.0309e+02 1.2420e+03 2.1820e+02 2.0890e-04
1.8381e+02 1.1891e+02 3.1741e+02 2.1449e+02 2.0071e-04
1.1601e+03 3.2395e+02 1.2420e+03 3.7500e+02 1.9787e-04
5.6166e+02 1.2173e+02 7.3695e+02 2.0142e+02 1.9737e-04
1.0529e+02 1.7071e+02 1.8112e+02 2.0693e+02 1.9686e-04
1.4185e+02 1.4788e+02 2.0593e+02 1.9223e+02 1.9631e-04
1.1245e+03 8.8011e+01 1.2420e+03 3.1572e+02 1.9625e-04
6.6110e+02 2.0549e+02 8.1013e+02 3.7500e+02 1.9623e-04
5.7001e+02 1.5300e+02 6.4348e+02 1.9184e+02 1.9589e-04
2.8706e+02 1.4908e+02 3.1078e+02 2.0245e+02 1.9560e-04
8.5821e+02 2.8794e+02 9.3362e+02 3.7500e+02 1.9438e-04
1.2198e+03 2.1674e+02 1.2420e+03 2.7933e+02 1.9414e-04
6.3910e+02 1.3660e+02 8.4058e+02 2.1473e+02 1.9320e-04
6.9476e+02 2.0851e+02 8.4062e+02 3.7500e+02 1.9225e-04
5.9766e+02 1.3947e+02 6.3494e+02 2.1796e+02 1.9167e-04
1.0092e+02 1.4195e+02 2.1753e+02 2.3186e+02 1.9162e-04
6.2082e+02 1.6576e+02 7.0095e+02 2.0022e+02 1.9017e-04
7.8044e+02 3.2374e+02 9.0917e+02 3.7500e+02 1.8844e-04
1.8217e+02 1.5587e+02 2.9020e+02 2.3919e+02 1.8839e-04
9.4659e+01 1.4387e+02 1.7455e+02 1.8016e+02 1.8812e-04
1.0912e+03 7.4930e+01 1.2420e+03 2.5183e+02 1.8503e-04
0.0000e+00 1.2145e+02 3.5279e+01 2.3906e+02 1.8500e-04
1.5257e+02 1.3316e+02 2.4162e+02 1.6841e+02 1.8235e-04
0.0000e+00 7.3419e+01 1.4330e+02 2.4850e+02 1.8208e-04
1.1157e+03 2.9055e+02 1.1908e+03 3.7500e+02 1.8106e-04
1.1650e+03 0.0000e+00 1.2420e+03 3.3133e+02 1.8105e-04
1.1994e+02 1.0234e+02 2.5610e+02 1.9110e+02 1.8040e-04
1.7432e+02 1.2670e+02 2.4275e+02 3.0283e+02 1.7946e-04
7.4893e+02 2.9240e+02 8.2521e+02 3.7500e+02 1.7736e-04
2.4676e+02 1.7112e+02 3.0030e+02 2.0716e+02 1.7702e-04
0.0000e+00 0.0000e+00 5.8338e+01 3.1114e+02 1.7651e-04
6.0668e+02 1.3911e+02 6.4234e+02 2.1543e+02 1.7563e-04
0.0000e+00 1.4734e+02 4.1950e+01 2.6358e+02 1.7448e-04
1.5259e+02 1.4204e+02 2.4049e+02 1.7703e+02 1.7447e-04
1.2112e+03 2.2434e+02 1.2420e+03 2.6969e+02 1.7428e-04
1.2959e+01 2.9720e+02 8.7034e+01 3.7500e+02 1.7312e-04
4.5390e+02 2.7376e+02 8.2487e+02 3.7500e+02 1.7219e-04
7.1671e+02 1.8767e+02 8.8814e+02 2.5691e+02 1.7124e-04
5.8947e+02 1.5130e+02 6.5262e+02 1.9500e+02 1.7004e-04
1.2065e+03 2.0966e+02 1.2404e+03 3.4749e+02 1.6751e-04
1.5134e+01 1.3960e+02 1.8262e+02 2.0680e+02 1.6728e-04
6.2985e+02 2.0817e+02 7.7901e+02 3.7500e+02 1.6568e-04
2.8460e+01 1.5268e+02 2.0238e+02 2.2556e+02 1.6507e-04
1.2071e+02 1.1653e+02 2.2538e+02 1.5547e+02 1.6276e-04
1.2166e+03 1.2982e+02 1.2420e+03 1.7552e+02 1.6138e-04
7.3902e+02 1.6373e+02 8.0927e+02 2.0483e+02 1.6096e-04
6.9307e+02 1.5814e+02 7.9150e+02 1.9474e+02 1.6080e-04
5.6210e+02 1.8273e+02 6.2565e+02 2.2583e+02 1.6041e-04
7.3188e+02 1.7109e+02 8.0417e+02 2.1410e+02 1.5952e-04
6.1734e+02 1.4975e+02 7.1026e+02 1.8728e+02 1.5795e-04
5.7250e+02 1.4506e+02 5.9947e+02 2.2115e+02 1.5747e-04
7.7071e+02 1.8390e+02 8.4010e+02 2.3130e+02 1.5684e-04
6.1294e+02 1.5886e+02 6.4238e+02 2.5091e+02 1.5648e-04
7.8253e+02 1.6899e+02 8.1824e+02 2.4646e+02 1.5643e-04
8.7408e+02 2.8912e+02 9.4881e+02 3.7500e+02 1.5603e-04
1.2158e+03 2.6339e+02 1.2420e+03 3.1058e+02 1.5588e-04
2.8626e+02 1.5329e+02 3.1016e+02 2.1786e+02 1.5424e-04
5.7430e+02 1.1523e+02 6.9554e+02 2.1299e+02 1.5374e-04
1.2260e+03 2.9053e+02 1.2420e+03 3.7500e+02 1.5358e-04
1.2595e+02 1.5253e+02 1.9140e+02 1.9866e+02 1.5314e-04
3.0303e+02 1.1589e+02 3.6576e+02 2.6102e+02 1.5172e-04
2.1208e+02 1.5334e+02 3.2209e+02 2.3899e+02 1.5165e-04
0.0000e+00 2.4495e+02 1.4647e+01 3.6731e+02 1.5004e-04
5.3703e+02 2.7190e+01 6.9306e+02 3.7500e+02 1.4831e-04
7.1759e+02 9.4975e+01 7.9082e+02 2.6840e+02 1.4830e-04
0.0000e+00 1.8099e+02 3.0850e+01 2.3078e+02 1.4817e-04
2.3459e+02 1.5611e+02 2.6217e+02 2.2851e+02 1.4743e-04
4.9050e+02 1.5218e+02 6.4801e+02 2.2983e+02 1.4605e-04
3.0724e+00 7.9204e+01 6.3641e+01 2.8338e+02 1.4603e-04
1.2685e+02 1.3619e+02 1.6133e+02 2.1408e+02 1.4546e-04
1.1789e+02 1.6078e+02 1.8013e+02 2.0434e+02 1.4530e-04
7.9196e+02 2.0555e+02 9.2822e+02 3.7500e+02 1.4502e-04
1.4985e+02 2.9544e+01 3.0332e+02 3.7215e+02 1.4426e-04
0.0000e+00 1.0259e+02 5.8259e+01 1.8794e+02 1.4417e-04
3.2202e+02 1.4791e+02 3.4907e+02 2.0013e+02 1.4361e-04
5.9299e+02 1.4186e+02 7.1164e+02 2.3671e+02 1.4318e-04
1.3331e+02 1.1012e+02 2.9865e+02 1.8176e+02 1.4236e-04
6.8414e+02 1.4570e+02 8.2417e+02 2.3693e+02 1.4201e-04
1.2224e+03 2.6454e+02 1.2420e+03 3.2833e+02 1.4156e-04
7.5229e+02 3.2933e+02 9.2937e+02 3.7500e+02 1.4137e-04
1.0439e+02 1.6002e+02 1.6694e+02 2.0313e+02 1.4120e-04
1.2147e+02 1.7172e+02 1.9891e+02 2.0619e+02 1.4099e-04
7.4354e+02 1.8945e+02 8.2185e+02 2.3899e+02 1.4051e-04
6.1926e+02 1.6027e+02 6.7462e+02 2.0272e+02 1.3920e-04
5.5331e+02 1.5580e+02 6.2194e+02 1.9477e+02 1.3913e-04
7.2688e+02 1.6152e+02 8.5720e+02 2.4726e+02 1.3896e-04
2.6448e+02 1.5746e+02 2.9177e+02 2.3143e+02 1.3876e-04
6.0504e+01 1.5582e+02 1.4615e+02 1.9508e+02 1.3767e-04
8.4380e+01 9.1981e+01 1.4909e+02 2.5735e+02 1.3685e-04
6.9596e+02 1.4755e+02 7.9682e+02 1.9033e+02 1.3674e-04
6.8171e+02 1.2986e+02 8.2063e+02 2.2313e+02 1.3655e-04
6.0248e+00 1.2569e+02 4.3535e+01 2.3369e+02 1.3615e-04
5.0187e+02 9.9980e+00 6.5703e+02 3.5038e+02 1.3605e-04
1.5366e+02 1.3472e+02 1.8489e+02 2.1181e+02 1.3569e-04
0.0000e+00 1.2217e+02 2.2068e+01 1.8437e+02 1.3532e-04
6.5595e+01 1.4007e+02 1.8415e+02 2.3404e+02 1.3482e-04
7.9826e+01 1.6378e+02 1.6138e+02 2.0129e+02 1.3450e-04
3.8189e+02 2.7449e+02 7.6273e+02 3.7500e+02 1.3445e-04
1.3482e+02 1.3389e+02 2.2587e+02 1.6926e+02 1.3408e-04
7.3741e+02 1.5489e+02 8.1125e+02 1.9973e+02 1.3366e-04
7.4941e+02 1.3305e+02 8.2092e+02 2.8859e+02 1.3190e-04
1.2222e+03 2.9621e+02 1.2420e+03 3.6133e+02 1.3131e-04
0.0000e+00 7.0528e+00 2.8353e+01 2.0587e+02 1.3118e-04
1.1933e+02 1.3402e+02 2.1121e+02 1.7076e+02 1.3108e-04
1.1931e+02 2.9612e+01 2.7311e+02 3.7385e+02 1.3095e-04
6.3338e+01 1.1367e+02 2.2984e+02 1.8043e+02 1.3057e-04
2.2804e+02 1.5833e+02 2.5313e+02 2.2769e+02 1.3042e-04
6.2651e+02 1.5733e+02 7.1926e+02 1.9186e+02 1.2940e-04
1.0999e+03 2.9128e+02 1.1742e+03 3.7500e+02 1.2897e-04
1.2230e+03 2.8009e+02 1.2420e+03 3.4469e+02 1.2896e-04
3.0384e+02 1.6580e+02 3.6009e+02 2.0088e+02 1.2795e-04
1.1550e+02 1.4650e+02 1.8290e+02 1.9185e+02 1.2715e-04
3.0164e+02 1.4266e+02 3.3818e+02 1.9895e+02 1.2642e-04
1.1202e+03 3.2405e+02 1.2387e+03 3.7500e+02 1.2631e-04
7.6040e+02 1.8920e+02 8.3385e+02 2.3910e+02 1.2542e-04
1.3451e+02 1.3555e+02 1.6912e+02 2.1569e+02 1.2522e-04
6.9795e+02 1.5861e+02 8.3807e+02 2.4901e+02 1.2493e-04
1.8986e+02 1.2994e+02 2.5745e+02 3.0838e+02 1.2473e-04
7.7493e+02 1.5496e+02 8.1013e+02 2.3175e+02 1.2324e-04
6.1432e+02 1.3881e+02 6.4755e+02 2.1519e+02 1.2286e-04
6.8885e+02 1.8895e+02 7.9554e+02 2.2862e+02 1.2277e-04
7.5983e+02 1.6289e+02 7.9467e+02 2.3831e+02 1.2270e-04
4.1500e+02 1.5788e+02 4.9622e+02 1.8781e+02 1.2195e-04
7.4262e+02 1.4608e+02 8.7461e+02 2.3546e+02 1.2135e-04
7.4358e+02 1.6918e+02 9.0970e+02 2.4020e+02 1.2072e-04
6.4219e+02 1.1956e+02 8.3615e+02 1.9929e+02 1.2071e-04
6.9530e+02 1.1318e+02 8.3276e+02 2.1200e+02 1.2030e-04
7.4158e+02 2.0171e+02 8.4560e+02 2.4351e+02 1.2015e-04
8.1014e+02 3.2452e+02 9.4266e+02 3.7500e+02 1.1849e-04
1.2172e+03 1.2062e+02 1.2420e+03 1.6655e+02 1.1766e-04
6.3245e+02 1.4094e+02 6.6046e+02 2.1408e+02 1.1738e-04
6.2522e+02 1.5501e+02 6.8336e+02 1.9458e+02 1.1687e-04
8.5886e+01 1.6209e+02 2.4054e+02 2.3553e+02 1.1657e-04
1.6151e+02 1.2263e+02 2.5687e+02 1.5999e+02 1.1504e-04
7.8520e+02 1.8094e+02 8.7578e+02 2.1933e+02 1.1479e-04
1.2030e+02 1.3628e+02 1.5376e+02 2.1255e+02 1.1379e-04
5.9838e+02 2.1150e+02 7.4719e+02 3.7500e+02 1.1351e-04
1.2234e+03 1.2546e+02 1.2420e+03 1.8112e+02 1.1300e-04
6.0615e+02 1.6966e+02 6.3649e+02 2.6013e+02 1.1239e-04
7.3050e+02 1.7727e+02 8.0731e+02 2.2401e+02 1.1209e-04
7.5108e+02 3.2618e+02 8.7599e+02 3.7500e+02 1.1200e-04
6.0661e+02 1.4053e+02 6.7148e+02 3.0030e+02 1.1148e-04
1.1357e+03 1.9418e+02 1.2104e+03 3.7365e+02 1.1059e-04
6.5876e+02 1.6958e+02 8.3936e+02 2.4262e+02 1.0967e-04
6.6176e+01 1.1892e+02 1.9040e+02 2.0329e+02 1.0940e-04
1.1824e+03 9.5234e+01 1.2420e+03 1.9090e+02 1.0904e-04
7.3293e+02 2.9240e+02 8.0873e+02 3.7500e+02 1.0877e-04
5.7745e+02 1.3477e+02 6.0802e+02 2.1560e+02 1.0875e-04
7.6767e+02 1.7488e+02 8.6294e+02 2.1275e+02 1.0850e-04
7.9124e+02 1.6750e+02 8.2528e+02 2.4685e+02 1.0831e-04
9.4816e+01 1.5273e+02 1.6029e+02 1.9779e+02 1.0814e-04
5.7711e+02 1.3412e+02 7.5916e+02 2.1201e+02 1.0809e-04
5.4703e+02 7.4034e+01 6.1252e+02 2.4964e+02 1.0806e-04
7.1203e+02 1.3977e+02 8.1234e+02 1.8202e+02 1.0750e-04
5.3253e+01 1.3014e+02 1.7160e+02 2.1681e+02 1.0734e-04
1.2154e+03 2.8603e+02 1.2420e+03 3.3474e+02 1.0710e-04
2.5528e+02 8.2180e+01 3.1961e+02 2.3306e+02 1.0629e-04
5.0035e+02 1.2477e+02 6.7702e+02 2.0490e+02 1.0619e-04
7.8043e+02 1.1334e+02 8.5048e+02 2.7275e+02 1.0571e-04
5.3398e+02 1.0551e+02 5.9669e+02 2.6942e+02 1.0553e-04
1.2139e+03 2.0123e+02 1.2420e+03 3.3607e+02 1.0499e-04
1.2280e+02 1.5259e+02 2.3215e+02 2.4313e+02 1.0486e-04
1.0842e+03 2.9287e+02 1.1583e+03 3.7500e+02 1.0484e-04
1.8709e+02 2.9067e+01 3.3332e+02 3.7182e+02 1.0345e-04
2.2433e+02 1.3421e+02 2.5327e+02 2.0798e+02 1.0296e-04
0.0000e+00 7.1192e+01 1.5857e+01 1.9074e+02 1.0289e-04
7.1021e+02 2.6429e+02 9.5711e+02 3.7500e+02 1.0205e-04
0.0000e+00 7.5622e+01 3.8148e+01 1.8161e+02 1.0160e-04
5.7483e+02 2.6812e+02 8.3456e+02 3.7500e+02 1.0145e-04
5.6952e+02 3.0425e+01 7.2439e+02 3.7500e+02 1.0102e-04
6.9053e+02 6.7810e+01 8.5960e+02 3.7281e+02 1.0085e-04
1.2166e+03 2.9456e+02 1.2420e+03 3.4327e+02 1.0074e-04
1.2166e+03 3.1001e+02 1.2420e+03 3.5959e+02 1.0059e-04
1.2216e+03 3.1234e+02 1.2420e+03 3.7486e+02 1.0052e-04
1.7994e+02 1.5152e+02 2.5379e+02 1.9504e+02 9.9881e-05
2.5745e+02 1.4045e+02 4.3596e+02 2.0762e+02 9.9601e-05
8.9018e+02 2.8956e+02 9.6493e+02 3.7500e+02 9.9524e-05
4.8307e+02 1.3837e+02 6.5697e+02 2.2080e+02 9.8753e-05
1.2063e+03 1.3388e+02 1.2420e+03 2.6249e+02 9.7366e-05
2.2078e+02 1.6083e+02 3.9247e+02 2.3628e+02 9.7094e-05
6.1480e+01 1.6515e+02 1.4451e+02 2.0154e+02 9.6729e-05
1.2125e+03 3.3012e+02 1.2420e+03 3.7500e+02 9.6505e-05
0.0000e+00 1.5828e+01 2.7867e+02 3.7350e+02 9.5956e-05
1.5860e+02 1.2518e+02 2.2729e+02 3.0412e+02 9.5955e-05
0.0000e+00 1.3558e+02 2.3482e+01 2.7100e+02 9.5338e-05
6.9514e+02 1.9538e+02 7.9593e+02 2.3428e+02 9.3909e-05
0.0000e+00 1.5688e+02 6.5988e+01 2.5287e+02 9.3420e-05
6.5943e+02 2.6985e+02 1.0085e+03 3.7500e+02 9.2937e-05
0.0000e+00 1.8393e+02 2.1874e+01 2.4704e+02 9.2299e-05
7.9052e+01 9.6666e+01 4.3956e+02 2.4729e+02 9.1646e-05
5.6302e+02 2.1321e+02 7.1509e+02 3.7500e+02 9.1210e-05
1.4457e+02 1.3422e+02 1.7705e+02 2.1497e+02 9.0433e-05
0.0000e+00 3.2595e+02 2.3031e+01 3.7500e+02 9.0193e-05
7.2297e+02 7.4071e+01 8.8624e+02 3.6640e+02 8.8064e-05
9.5011e+02 1.4982e+02 1.0506e+03 1.8577e+02 8.7312e-05
1.0691e+03 2.9611e+02 1.1422e+03 3.7500e+02 8.6936e-05
6.3648e+02 8.9023e+01 7.0733e+02 2.7076e+02 8.6504e-05
3.3404e+02 1.5744e+02 4.0895e+02 1.8749e+02 8.6318e-05
7.9869e+02 1.6619e+02 8.3326e+02 2.4742e+02 8.6135e-05
7.3494e+02 1.3292e+02 8.0659e+02 2.9126e+02 8.5779e-05
2.6951e+02 7.9474e+01 3.3804e+02 2.3925e+02 8.5657e-05
3.1893e+02 1.5705e+02 3.7585e+02 1.8985e+02 8.5640e-05
2.1358e+01 9.6781e+01 3.6501e+02 2.4719e+02 8.5482e-05
0.0000e+00 1.2608e+02 3.0749e+01 1.7722e+02 8.5192e-05
1.8579e+01 8.5880e+01 8.0305e+01 2.7327e+02 8.5187e-05
2.0921e+02 1.6141e+02 2.3761e+02 2.4238e+02 8.5178e-05
7.6760e+02 1.4488e+02 8.0088e+02 2.2416e+02 8.3972e-05
7.5606e+02 1.5003e+02 9.3416e+02 2.2584e+02 8.3922e-05
6.2750e+02 1.7307e+02 7.0157e+02 2.0753e+02 8.3303e-05
6.4176e+02 2.6799e+02 8.9647e+02 3.7500e+02 8.2917e-05
7.5250e+02 1.6115e+02 8.2576e+02 2.0631e+02 8.2735e-05
7.6413e+02 8.0021e+01 8.3990e+02 2.5009e+02 8.2661e-05
0.0000e+00 0.0000e+00 1.0229e+02 3.7500e+02 8.2056e-05
3.6182e+02 1.5833e+02 4.3747e+02 1.8991e+02 8.1589e-05
1.9138e+01 1.2805e+02 1.7881e+02 1.9259e+02 8.0473e-05
8.2248e+02 1.1090e+02 1.2420e+03 3.7500e+02 8.0245e-05
7.2026e+02 2.0268e+02 8.2351e+02 2.4253e+02 8.0200e-05
7.2533e+02 3.3133e+02 8.9699e+02 3.7500e+02 8.0199e-05
4.6787e+02 7.8932e+01 7.3563e+02 2.8258e+02 8.0031e-05
0.0000e+00 0.0000e+00 1.6546e+02 3.7500e+02 8.0008e-05
8.7080e+01 2.1032e+01 2.4266e+02 3.7500e+02 7.9955e-05
1.8787e+02 1.8208e+02 2.6008e+02 2.1635e+02 7.9954e-05
1.2133e+03 1.4821e+02 1.2420e+03 2.7320e+02 7.9487e-05
5.7148e+02 1.9502e+02 6.4379e+02 2.3205e+02 7.9445e-05
1.2080e+03 1.9033e+01 1.2420e+03 2.2301e+02 7.8618e-05
1.0523e+03 2.9645e+02 1.1260e+03 3.7500e+02 7.8395e-05
5.2792e+02 2.1559e+02 6.8342e+02 3.7500e+02 7.7770e-05
2.6494e+01 2.9556e+02 1.0357e+02 3.7500e+02 7.7654e-05
1.1992e+03 2.1396e+02 1.2361e+03 3.4187e+02 7.7560e-05
6.4043e+02 1.3953e+02 6.7051e+02 2.1238e+02 7.7448e-05
2.5129e+02 2.8916e+02 3.2797e+02 3.7500e+02 7.7417e-05
9.0685e+02 2.9117e+02 9.8165e+02 3.7500e+02 7.7182e-05
1.1892e+03 1.3621e+02 1.2420e+03 3.2081e+02 7.6906e-05
9.4799e+01 1.1104e+02 1.6494e+02 2.9268e+02 7.6097e-05
0.0000e+00 3.2451e+02 3.4165e+01 3.7500e+02 7.5876e-05
7.1926e+02 1.5337e+02 7.9885e+02 1.9930e+02 7.5222e-05
3.8951e+00 3.2709e+02 4.2373e+01 3.7500e+02 7.5222e-05
5.6058e+02 1.5475e+02 6.0977e+02 1.9892e+02 7.5122e-05
8.2268e+02 2.0789e+02 9.6081e+02 3.7500e+02 7.5089e-05
1.2183e+03 1.1232e+02 1.2420e+03 1.5835e+02 7.5010e-05
0.0000e+00 1.8489e+02 1.2676e+01 3.1794e+02 7.4885e-05
4.6927e+02 1.0823e+02 7.9914e+02 2.8640e+02 7.4232e-05
7.7851e+02 3.3846e+02 8.1634e+02 3.7500e+02 7.4149e-05
6.6406e+02 2.9677e+00 1.0092e+03 3.7500e+02 7.3826e-05
2.6683e+02 2.8924e+02 3.4342e+02 3.7500e+02 7.3468e-05
5.5832e+02 1.5115e+02 6.3148e+02 1.8856e+02 7.3361e-05
4.6089e+01 1.6504e+02 1.3019e+02 2.0176e+02 7.3100e-05
2.3541e+02 2.8908e+02 3.1197e+02 3.7500e+02 7.3015e-05
6.8273e+01 8.7499e+01 1.3161e+02 2.5760e+02 7.2815e-05
7.5992e+02 1.4627e+02 7.9280e+02 2.2028e+02 7.2618e-05
5.8932e+02 1.1876e+02 7.7623e+02 1.9887e+02 7.2294e-05
1.2067e+01 1.2650e+02 5.1266e+01 2.2833e+02 7.2087e-05
6.0716e+02 1.4212e+02 6.9448e+02 1.8214e+02 7.1902e-05
1.0511e+03 2.1122e+02 1.1909e+03 3.7500e+02 7.1734e-05
1.0357e+03 2.9726e+02 1.1104e+03 3.7500e+02 7.1504e-05
2.1533e+02 2.4890e+01 3.6697e+02 3.7500e+02 7.1418e-05
0.0000e+00 1.8832e+02 2.8143e+01 2.3973e+02 7.1342e-05
2.1610e+02 1.3822e+02 2.4713e+02 2.1037e+02 7.1192e-05
1.1959e+03 8.6549e+01 1.2420e+03 2.0025e+02 7.0871e-05
7.5268e+02 1.5563e+02 7.8646e+02 2.2954e+02 7.0684e-05
4.2915e+01 1.5599e+02 1.3114e+02 1.9519e+02 7.0264e-05
2.1814e+02 1.1677e+02 3.5347e+02 2.1346e+02 7.0141e-05
5.8117e+02 1.6068e+02 7.3706e+02 2.4204e+02 7.0090e-05
7.6592e+02 1.7334e+02 8.0455e+02 2.5390e+02 7.0026e-05
8.7585e+01 9.4902e+01 2.6031e+02 1.6523e+02 6.9858e-05
0.0000e+00 4.2641e+01 1.3451e+02 2.1279e+02 6.9582e-05
4.9663e+02 2.1499e+02 6.5349e+02 3.7500e+02 6.9530e-05
8.9466e+01 1.7110e+02 1.6903e+02 2.0788e+02 6.9522e-05
1.1902e+03 1.7656e+02 1.2420e+03 2.2240e+02 6.9025e-05
1.1236e+02 1.6606e+02 1.7261e+02 2.1108e+02 6.8907e-05
7.1593e+02 3.2693e+02 8.4348e+02 3.7500e+02 6.8589e-05
8.0419e+02 1.6255e+02 8.4073e+02 2.4861e+02 6.8362e-05
4.7033e+02 0.0000e+00 6.3008e+02 3.5429e+02 6.8064e-05
5.6317e+02 1.7607e+02 7.0890e+02 2.5843e+02 6.7415e-05
0.0000e+00 2.9077e+01 7.9019e+01 2.3367e+02 6.7336e-05
8.5006e+02 9.1321e+01 9.1951e+02 2.6999e+02 6.7196e-05
7.2082e+02 1.6320e+02 7.9614e+02 2.0486e+02 6.6925e-05
1.0206e+03 2.9828e+02 1.0943e+03 3.7500e+02 6.6761e-05
9.3268e+02 0.0000e+00 9.9640e+02 6.4028e+01 6.6696e-05
1.1511e+03 2.4407e+02 1.2420e+03 3.6337e+02 6.6672e-05
1.2069e+03 1.5264e+02 1.2420e+03 3.0021e+02 6.6595e-05
7.7107e+02 3.3883e+02 8.0977e+02 3.7500e+02 6.6526e-05
6.3187e+02 1.5212e+02 8.2595e+02 2.2777e+02 6.6273e-05
0.0000e+00 2.6227e+02 3.9042e+01 3.7500e+02 6.5566e-05
7.9511e+02 3.2951e+02 9.7800e+02 3.7500e+02 6.5512e-05
6.3220e+02 1.5026e+02 6.6016e+02 2.3315e+02 6.5472e-05
8.6351e+02 9.2266e+01 9.3331e+02 2.6814e+02 6.5290e-05
2.6329e+02 1.5275e+02 3.2972e+02 1.9586e+02 6.5229e-05
7.7876e+02 1.7814e+02 8.4863e+02 2.2359e+02 6.5004e-05
9.4896e+02 0.0000e+00 1.0122e+03 6.2916e+01 6.4534e-05
9.2038e+01 1.0429e+02 2.2735e+02 1.8934e+02 6.4455e-05
2.4768e+02 1.5114e+02 3.5908e+02 2.4228e+02 6.4167e-05
8.3320e+02 9.2100e+01 9.0327e+02 2.7004e+02 6.4131e-05
2.0695e+02 1.3239e+02 2.7375e+02 3.0684e+02 6.4119e-05
6.5363e+02 1.5722e+02 7.4253e+02 1.9206e+02 6.4020e-05
2.1922e+02 2.8927e+02 2.9618e+02 3.7500e+02 6.4009e-05
5.5207e+02 1.2768e+02 6.1322e+02 2.9040e+02 6.3675e-05
3.2907e+02 1.4729e+02 3.5742e+02 2.0248e+02 6.3673e-05
5.7868e+02 1.6946e+02 6.8297e+02 2.6219e+02 6.3668e-05
1.4960e+02 1.0122e+02 2.8367e+02 1.9294e+02 6.3376e-05
3.0969e+02 1.4190e+02 3.4618e+02 2.0086e+02 6.3271e-05
9.2399e+02 2.9300e+02 9.9778e+02 3.7500e+02 6.2495e-05
5.0924e+02 1.7930e+02 6.5921e+02 2.5714e+02 6.2291e-05
7.2644e+02 1.1394e+02 8.6387e+02 2.1016e+02 6.2146e-05
9.1681e+02 0.0000e+00 9.8089e+02 6.4584e+01 6.2012e-05
3.2114e+02 1.5378e+02 3.4913e+02 2.2479e+02 6.1962e-05
1.2146e+03 1.2769e+02 1.2420e+03 2.4826e+02 6.1784e-05
5.2819e+01 1.8994e+01 2.1431e+02 3.7500e+02 6.1222e-05
7.9683e+02 1.0790e+02 8.6803e+02 2.7453e+02 6.1152e-05

