5.7381e+02 1.8762e+02 5.9473e+02 2.0223e+02 9.5331e-01
5.7586e+02 1.8591e+02 5.9652e+02 2.0058e+02 8.8895e-01
5.6781e+02 1.8723e+02 5.8848e+02 2.0222e+02 7.9146e-01
3.6684e+02 1.6061e+02 4.5816e+02 2.3431e+02 7.2071e-01
5.5984e+02 1.8686e+02 5.8329e+02 2.0118e+02 3.6144e-01
5.5872e+02 1.8583e+02 5.7916e+02 2.0251e+02 3.2050e-01
5.7918e+02 1.8817e+02 5.9898e+02 2.0331e+02 2.5285e-01
5.6637e+02 1.8593e+02 5.8616e+02 2.0057e+02 2.2510e-01
5.7869e+02 1.8481e+02 5.9333e+02 2.0791e+02 1.7276e-01
5.6822e+02 1.8423e+02 5.9221e+02 1.9965e+02 1.3911e-01
5.7687e+02 1.8410e+02 6.0033e+02 1.9904e+02 1.3039e-01
5.3382e+02 1.8055e+02 5.6073e+02 1.9772e+02 1.0334e-01
3.7082e+02 1.7461e+02 4.5357e+02 2.2909e+02 9.5351e-02
5.8268e+02 1.8698e+02 6.0134e+02 2.0140e+02 9.3247e-02
3.7931e+02 1.5785e+02 4.3910e+02 2.4308e+02 7.6418e-02
5.2662e+02 1.7616e+02 5.5541e+02 1.9406e+02 7.4970e-02
5.0242e+02 1.7456e+02 5.3628e+02 1.9424e+02 6.8562e-02
5.5134e+02 1.8451e+02 5.7585e+02 2.0006e+02 6.7548e-02
5.2719e+02 1.7945e+02 5.5655e+02 1.9664e+02 6.4699e-02
5.3313e+02 1.7689e+02 5.6019e+02 1.9465e+02 5.7976e-02
5.4199e+02 1.8111e+02 5.6746e+02 1.9828e+02 5.4204e-02
5.4726e+02 1.8180e+02 5.7246e+02 1.9870e+02 5.0943e-02
5.3913e+02 1.7935e+02 5.6355e+02 1.9859e+02 4.1840e-02
5.7861e+02 1.8215e+02 6.0296e+02 1.9805e+02 3.7869e-02
5.7495e+02 1.9180e+02 5.9558e+02 2.0718e+02 3.7036e-02
3.5944e+02 1.6115e+02 4.6533e+02 2.3903e+02 3.6976e-02
5.5629e+02 1.8310e+02 5.8023e+02 2.0049e+02 3.6171e-02
5.3884e+02 1.7562e+02 5.6302e+02 1.9560e+02 3.5803e-02
5.0154e+02 1.7034e+02 5.3717e+02 1.9074e+02 3.4497e-02
5.6055e+02 1.8350e+02 5.8595e+02 1.9969e+02 3.3942e-02
5.8122e+02 1.8392e+02 5.9466e+02 2.0376e+02 3.1360e-02
5.6231e+02 1.8336e+02 5.7550e+02 2.0715e+02 2.9383e-02
5.1772e+02 1.7497e+02 5.4798e+02 1.9356e+02 2.6678e-02
5.1107e+02 1.7493e+02 5.4195e+02 1.9373e+02 2.5856e-02
5.0118e+02 1.7206e+02 5.3127e+02 1.9588e+02 2.5742e-02
4.9909e+02 1.7758e+02 5.3366e+02 1.9692e+02 2.1759e-02
5.6493e+02 1.8281e+02 5.7763e+02 2.1158e+02 2.1405e-02
5.8230e+02 1.8573e+02 6.0530e+02 1.9991e+02 1.9181e-02
5.0829e+02 1.6871e+02 5.3802e+02 1.9282e+02 1.7964e-02
5.1013e+02 1.7104e+02 5.4252e+02 1.9083e+02 1.7211e-02
5.0586e+02 1.7790e+02 5.3869e+02 1.9685e+02 1.7207e-02
5.8049e+02 1.9056e+02 6.0009e+02 2.0467e+02 1.6799e-02
4.9526e+02 1.7407e+02 5.3055e+02 1.9397e+02 1.6692e-02
5.5379e+02 1.8646e+02 5.7789e+02 2.0158e+02 1.6613e-02
5.4322e+02 1.7667e+02 5.6656e+02 1.9568e+02 1.6374e-02
5.2463e+02 1.7239e+02 5.5412e+02 1.8985e+02 1.6162e-02
5.2483e+02 1.7428e+02 5.4915e+02 1.9536e+02 1.5148e-02
5.8271e+02 1.8503e+02 5.9527e+02 2.0944e+02 1.4508e-02
5.7488e+02 1.8426e+02 5.8704e+02 2.0890e+02 1.4501e-02
5.1572e+02 1.7090e+02 5.4764e+02 1.8995e+02 1.3296e-02
4.9388e+02 1.6959e+02 5.3061e+02 1.9093e+02 1.2691e-02
5.0087e+02 1.6660e+02 5.3893e+02 1.8652e+02 1.1489e-02
3.8299e+02 1.4548e+02 4.5128e+02 2.5552e+02 1.1226e-02
5.3070e+02 1.7165e+02 5.5635e+02 1.9202e+02 1.1206e-02
3.7403e+02 1.8198e+02 4.3211e+02 2.1237e+02 1.1005e-02
5.3243e+02 1.7255e+02 5.6143e+02 1.8964e+02 1.0790e-02
4.6933e+02 1.6600e+02 5.0496e+02 1.8706e+02 1.0408e-02
5.7935e+02 1.8749e+02 5.9334e+02 2.1541e+02 9.6018e-03
5.7643e+02 1.8494e+02 5.8594e+02 2.0560e+02 9.5388e-03
3.6416e+02 1.6990e+02 4.4086e+02 2.3500e+02 8.9899e-03
4.7029e+02 1.6227e+02 5.0710e+02 1.8355e+02 8.9561e-03
5.6984e+02 1.8376e+02 5.8106e+02 2.1062e+02 8.8512e-03
5.0863e+02 1.6681e+02 5.4315e+02 1.8728e+02 8.6762e-03
5.7767e+02 1.8071e+02 5.9322e+02 2.0347e+02 8.5710e-03
5.3812e+02 1.7107e+02 5.6388e+02 1.9142e+02 8.3855e-03
5.7719e+02 1.8651e+02 5.9076e+02 2.1444e+02 8.3819e-03
5.3588e+02 1.6826e+02 5.6663e+02 1.8550e+02 7.9525e-03
4.6839e+02 1.6996e+02 5.0391e+02 1.9058e+02 7.6578e-03
5.2304e+02 1.6795e+02 5.5275e+02 1.8575e+02 7.1105e-03
5.2365e+02 1.7031e+02 5.4831e+02 1.9159e+02 6.6037e-03
5.5955e+02 1.8215e+02 5.7266e+02 2.0760e+02 6.5609e-03
5.0421e+02 1.6392e+02 5.3619e+02 1.8958e+02 6.5500e-03
3.7219e+02 1.4823e+02 4.4079e+02 2.5945e+02 6.5464e-03
5.4708e+02 1.7758e+02 5.7065e+02 1.9598e+02 6.5065e-03
9.4555e+02 1.2798e+02 1.2420e+03 3.7500e+02 6.4942e-03
4.9290e+02 1.6563e+02 5.3002e+02 1.8711e+02 6.4376e-03
5.8527e+02 1.8583e+02 6.1112e+02 2.0007e+02 6.2629e-03
5.2773e+02 1.6847e+02 5.5802e+02 1.8523e+02 6.1496e-03
5.3649e+02 1.7015e+02 5.5190e+02 2.0363e+02 5.7347e-03
5.7148e+02 1.8036e+02 5.9725e+02 1.9678e+02 5.6275e-03
5.8715e+02 1.8757e+02 6.0662e+02 2.0232e+02 5.5705e-03
5.8249e+02 1.8202e+02 6.0721e+02 1.9700e+02 5.4623e-03
4.7016e+02 1.5806e+02 5.0912e+02 1.7955e+02 5.4242e-03
5.3961e+02 1.7047e+02 5.5538e+02 2.0422e+02 5.0923e-03
4.7012e+02 1.6753e+02 4.9931e+02 1.9260e+02 5.0891e-03
5.7085e+02 1.9015e+02 5.9063e+02 2.0685e+02 4.8831e-03
5.3974e+02 1.7256e+02 5.6871e+02 1.8964e+02 4.8640e-03
5.1776e+02 1.6458e+02 5.4433e+02 1.8831e+02 4.7905e-03
1.1567e+03 1.7574e+02 1.2420e+03 3.7500e+02 4.7217e-03
5.7149e+02 1.8444e+02 5.8075e+02 2.0616e+02 4.6891e-03
1.0907e+03 2.5978e+02 1.2420e+03 3.7500e+02 4.5845e-03
5.0126e+02 1.6281e+02 5.3827e+02 1.8162e+02 4.4978e-03
4.6835e+02 1.7417e+02 5.0334e+02 1.9397e+02 4.4624e-03
5.3401e+02 1.6646e+02 5.6102e+02 1.8731e+02 4.4557e-03
3.4879e+02 1.6949e+02 4.5735e+02 2.5234e+02 4.4164e-03
5.1819e+02 1.7609e+02 5.4492e+02 1.9759e+02 4.2763e-03
1.2015e+03 2.7404e+02 1.2420e+03 3.7500e+02 4.2571e-03
4.7527e+02 1.6109e+02 5.1414e+02 1.8369e+02 4.2242e-03
5.0063e+02 1.5839e+02 5.3662e+02 1.7724e+02 4.1329e-03
0.0000e+00 2.8420e+02 2.9094e+01 3.7500e+02 4.0630e-03
5.7776e+02 1.7831e+02 6.0400e+02 1.9637e+02 4.0559e-03
3.9294e+02 1.6014e+02 4.4639e+02 2.4516e+02 4.0069e-03
4.9827e+02 1.7488e+02 5.2782e+02 1.9795e+02 3.9294e-03
4.8379e+02 1.6488e+02 5.2137e+02 1.8644e+02 3.8414e-03
5.2277e+02 1.6551e+02 5.4776e+02 1.8792e+02 3.8206e-03
5.6629e+02 1.8228e+02 5.7787e+02 2.0468e+02 3.8023e-03
4.7662e+02 1.6297e+02 5.0757e+02 1.8893e+02 3.6092e-03
5.5096e+02 1.7782e+02 5.7557e+02 1.9639e+02 3.5675e-03
3.4359e+02 1.7921e+02 4.8463e+02 2.5087e+02 3.4584e-03
5.4285e+02 1.6829e+02 5.7268e+02 1.8534e+02 3.3930e-03
0.0000e+00 1.8939e+02 6.6108e+00 2.3760e+02 3.3361e-03
4.9281e+02 1.6192e+02 5.2986e+02 1.8288e+02 3.2913e-03
4.8382e+02 1.6906e+02 5.2163e+02 1.8993e+02 3.2527e-03
5.5512e+02 1.8788e+02 5.8036e+02 2.0351e+02 3.2153e-03
5.3575e+02 1.6445e+02 5.6741e+02 1.8169e+02 3.2106e-03
5.1510e+02 1.6452e+02 5.3278e+02 2.0161e+02 3.1875e-03
4.7576e+02 1.5482e+02 5.0961e+02 1.8222e+02 3.1619e-03
5.0868e+02 1.6336e+02 5.4322e+02 1.8223e+02 3.0473e-03
1.1879e+03 3.1440e+02 1.2420e+03 3.7500e+02 3.0399e-03
5.4394e+02 1.7100e+02 5.5969e+02 2.0404e+02 3.0038e-03
5.3274e+02 1.6981e+02 5.4767e+02 2.0257e+02 2.9952e-03
4.6402e+02 1.5467e+02 5.4855e+02 1.9502e+02 2.9747e-03
4.6786e+02 1.7817e+02 5.0218e+02 1.9700e+02 2.9386e-03
4.7679e+02 1.6955e+02 5.1309e+02 1.9045e+02 2.9110e-03
4.8355e+02 1.6061e+02 5.2204e+02 1.8293e+02 2.8928e-03
5.1078e+02 1.6371e+02 5.2924e+02 2.0162e+02 2.8869e-03
3.8830e+02 1.6722e+02 4.3812e+02 2.4992e+02 2.8521e-03
1.2234e+03 3.2844e+02 1.2420e+03 3.7500e+02 2.5608e-03
5.0731e+02 1.6767e+02 5.2501e+02 2.0375e+02 2.4948e-03
4.8525e+02 1.7349e+02 5.2224e+02 1.9275e+02 2.4890e-03
4.9331e+02 1.5768e+02 5.2975e+02 1.7890e+02 2.4508e-03
4.9580e+02 1.5439e+02 5.3290e+02 1.7452e+02 2.3035e-03
1.0948e+03 0.0000e+00 1.2420e+03 3.7500e+02 2.2053e-03
0.0000e+00 3.5799e+02 5.9983e+00 3.7500e+02 2.1924e-03
2.8871e+02 1.9312e+02 3.0479e+02 2.3392e+02 2.1777e-03
5.2697e+02 1.6450e+02 5.5856e+02 1.8112e+02 2.1684e-03
5.5509e+02 1.7747e+02 5.8049e+02 1.9638e+02 2.1246e-03
5.1975e+02 1.5934e+02 5.3673e+02 1.9815e+02 2.0858e-03
4.7718e+02 1.7428e+02 5.1283e+02 1.9308e+02 2.0816e-03
4.9408e+02 1.7149e+02 5.2465e+02 1.9512e+02 2.0791e-03
4.9163e+02 1.7755e+02 5.2794e+02 1.9640e+02 2.0575e-03
5.8617e+02 1.8884e+02 6.1185e+02 2.0299e+02 2.0571e-03
4.9821e+02 1.8164e+02 5.3370e+02 1.9916e+02 2.0550e-03
5.6518e+02 1.9072e+02 5.8428e+02 2.0784e+02 2.0469e-03
4.7521e+02 1.6186e+02 4.9491e+02 2.0144e+02 2.0286e-03
4.8873e+02 1.5345e+02 5.2683e+02 1.7471e+02 2.0222e-03
4.8081e+02 1.6447e+02 5.6059e+02 2.0093e+02 2.0166e-03
5.8418e+02 1.7877e+02 5.9915e+02 2.0421e+02 1.9633e-03
5.4595e+02 1.8420e+02 5.6765e+02 2.0150e+02 1.9417e-03
5.2920e+02 1.6915e+02 5.4388e+02 2.0346e+02 1.9246e-03
5.7989e+02 1.7673e+02 6.0664e+02 1.9382e+02 1.9184e-03
3.7271e+02 1.6416e+02 4.2052e+02 2.3480e+02 1.9172e-03
4.7897e+02 1.5689e+02 4.9742e+02 1.9840e+02 1.8922e-03
5.0119e+02 1.7849e+02 5.2914e+02 2.0015e+02 1.8740e-03
5.6792e+02 1.9240e+02 5.9316e+02 2.0730e+02 1.8545e-03
0.0000e+00 3.2889e+02 1.3669e+01 3.7500e+02 1.8419e-03
5.7394e+02 1.8568e+02 5.8632e+02 2.1459e+02 1.8337e-03
4.7610e+02 1.5454e+02 5.1541e+02 1.7610e+02 1.8309e-03
5.4597e+02 1.7142e+02 5.7069e+02 1.9074e+02 1.8214e-03
5.8356e+02 1.8753e+02 5.9570e+02 2.1558e+02 1.7978e-03
4.8266e+02 1.5758e+02 5.1522e+02 1.8557e+02 1.7804e-03
5.6088e+02 1.9055e+02 5.8087e+02 2.0794e+02 1.7495e-03
4.6335e+02 1.6315e+02 5.0027e+02 1.8325e+02 1.7302e-03
5.6660e+02 1.7959e+02 5.9270e+02 1.9650e+02 1.7289e-03
4.5771e+02 1.4930e+02 5.3759e+02 1.9002e+02 1.7040e-03
1.2198e+03 3.5161e+02 1.2420e+03 3.7500e+02 1.6929e-03
3.7586e+02 1.6922e+02 4.2627e+02 2.4720e+02 1.6916e-03
4.9261e+02 1.5880e+02 5.2411e+02 1.8594e+02 1.6563e-03
5.0279e+02 1.6177e+02 5.2245e+02 2.0217e+02 1.6334e-03
5.2437e+02 1.5890e+02 5.3923e+02 1.9674e+02 1.6332e-03
5.6528e+02 1.8494e+02 5.7827e+02 2.1858e+02 1.6217e-03
5.7389e+02 1.7903e+02 5.8702e+02 2.0453e+02 1.6079e-03
5.4815e+02 1.7238e+02 5.6337e+02 2.0372e+02 1.5830e-03
4.6696e+02 1.6379e+02 4.9743e+02 1.8947e+02 1.5779e-03
5.2152e+02 1.6406e+02 5.5245e+02 1.8184e+02 1.5650e-03
0.0000e+00 0.0000e+00 3.3721e+01 7.7242e+01 1.5345e-03
5.8840e+02 1.8298e+02 5.9870e+02 2.0656e+02 1.5063e-03
4.9981e+02 1.6016e+02 5.3154e+02 1.8527e+02 1.4983e-03
0.0000e+00 3.1920e+02 4.1005e+01 3.7500e+02 1.4693e-03
3.6268e+02 1.8703e+02 4.4540e+02 2.3895e+02 1.4450e-03
4.7593e+02 1.7241e+02 5.0543e+02 1.9550e+02 1.4385e-03
5.6073e+02 1.7895e+02 5.7626e+02 2.0594e+02 1.4378e-03
4.4680e+02 1.5443e+02 5.2964e+02 1.9635e+02 1.4291e-03
5.5580e+02 1.7995e+02 5.6840e+02 2.0863e+02 1.4271e-03
5.0064e+02 1.5570e+02 5.3144e+02 1.8005e+02 1.4128e-03
4.0072e+02 1.5677e+02 4.5379e+02 2.3963e+02 1.4125e-03
5.3358e+02 1.6232e+02 5.6112e+02 1.8295e+02 1.3975e-03
5.8471e+02 1.9284e+02 6.0173e+02 2.0769e+02 1.3728e-03
5.1633e+02 1.6345e+02 5.4765e+02 1.8196e+02 1.3688e-03
5.1975e+02 1.6809e+02 5.3580e+02 2.0355e+02 1.3607e-03
3.6457e+02 1.7557e+02 4.3290e+02 2.2540e+02 1.3566e-03
4.6782e+02 1.8293e+02 5.0124e+02 2.0043e+02 1.3371e-03
5.2909e+02 1.8035e+02 5.5377e+02 1.9956e+02 1.3142e-03
5.6186e+02 1.8477e+02 5.7478e+02 2.1872e+02 1.3047e-03
4.8318e+02 1.5556e+02 5.7069e+02 1.9583e+02 1.2918e-03
5.4161e+02 1.6430e+02 5.7347e+02 1.8206e+02 1.2655e-03
5.0656e+02 1.5690e+02 5.2541e+02 1.9921e+02 1.2553e-03
5.2838e+02 1.5970e+02 5.4258e+02 1.9629e+02 1.2489e-03
5.2055e+02 1.8216e+02 5.5235e+02 1.9863e+02 1.2388e-03
4.8570e+02 1.5057e+02 5.0642e+02 1.9599e+02 1.2248e-03
5.2474e+02 1.6812e+02 5.3998e+02 2.0402e+02 1.2085e-03
4.8230e+02 1.5231e+02 5.0213e+02 1.9461e+02 1.1995e-03
1.2070e+03 1.4468e+02 1.2420e+03 3.2503e+02 1.1393e-03
3.7579e+02 1.7638e+02 4.3256e+02 2.1934e+02 1.1087e-03
1.1600e+03 2.8285e+02 1.2405e+03 3.7500e+02 1.1012e-03
1.2255e+03 9.1238e+01 1.2420e+03 1.9970e+02 1.0572e-03
3.9382e+02 1.3760e+02 4.6326e+02 2.6673e+02 1.0400e-03
4.6683e+02 1.5600e+02 5.0466e+02 1.7630e+02 1.0327e-03
1.1044e+03 2.0264e+02 1.2420e+03 3.7343e+02 1.0310e-03
5.5168e+02 1.8696e+02 5.7239e+02 2.0529e+02 1.0121e-03
5.5754e+02 1.7810e+02 5.7197e+02 2.0476e+02 1.0101e-03
0.0000e+00 1.9937e+02 5.1503e+01 3.7500e+02 1.0015e-03
4.7921e+02 1.6622e+02 4.9715e+02 2.0411e+02 9.9875e-04
1.2374e+03 1.0903e+02 1.2420e+03 1.6547e+02 9.9535e-04
4.9916e+02 1.5681e+02 5.1830e+02 1.9844e+02 9.8103e-04
5.8698e+02 1.9021e+02 6.0590e+02 2.0477e+02 9.7778e-04
0.0000e+00 0.0000e+00 7.2552e+01 1.5185e+02 9.7336e-04
5.1001e+02 1.8166e+02 5.4261e+02 1.9891e+02 9.7288e-04
4.6607e+02 1.7167e+02 4.9681e+02 1.9625e+02 9.7262e-04
5.3154e+02 1.6034e+02 5.4678e+02 1.9566e+02 9.6994e-04
4.6277e+02 1.5876e+02 5.0032e+02 1.7910e+02 9.4945e-04
5.0838e+02 1.5947e+02 5.4310e+02 1.7915e+02 9.4410e-04
5.0959e+02 1.7902e+02 5.3625e+02 1.9995e+02 9.3296e-04
1.2378e+03 2.1408e+02 1.2420e+03 2.6829e+02 9.1421e-04
4.9782e+02 1.6468e+02 5.7577e+02 2.0179e+02 9.1231e-04
1.0986e+03 1.6934e+02 1.2420e+03 3.4286e+02 9.1200e-04
0.0000e+00 0.0000e+00 1.3607e+02 2.9350e+02 9.1197e-04
5.8842e+02 1.8065e+02 6.1257e+02 1.9730e+02 9.0293e-04
4.8969e+02 1.5038e+02 5.1044e+02 1.9596e+02 8.9654e-04
5.6286e+02 1.7852e+02 5.8882e+02 1.9676e+02 8.9090e-04
5.5042e+02 1.7739e+02 5.6376e+02 2.0563e+02 8.8653e-04
5.0297e+02 1.5219e+02 5.2195e+02 1.9519e+02 8.7792e-04
5.3556e+02 1.6093e+02 5.5187e+02 1.9637e+02 8.7710e-04
4.7572e+02 1.4945e+02 5.6179e+02 1.9082e+02 8.7644e-04
0.0000e+00 1.9893e+02 8.5615e+00 2.2556e+02 8.7362e-04
4.8630e+02 1.5386e+02 5.2009e+02 1.8200e+02 8.6055e-04
4.6629e+02 1.6331e+02 5.4913e+02 2.0130e+02 8.2896e-04
1.1680e+03 0.0000e+00 1.2420e+03 3.3000e+01 8.2601e-04
0.0000e+00 0.0000e+00 3.0470e+02 1.3997e+02 8.0684e-04
1.1443e+03 2.8609e+02 1.2276e+03 3.7500e+02 8.0573e-04
1.1758e+03 1.9488e+02 1.2420e+03 2.8251e+02 8.0457e-04
1.2147e+03 1.2135e+02 1.2420e+03 1.6649e+02 7.9232e-04
5.6211e+02 1.9240e+02 5.8720e+02 2.0761e+02 7.8840e-04
4.7880e+02 9.7960e+01 5.4970e+02 2.6795e+02 7.8792e-04
5.5333e+02 1.7754e+02 5.6709e+02 2.0446e+02 7.8586e-04
5.6987e+02 1.7808e+02 5.8204e+02 2.0427e+02 7.7830e-04
4.7739e+02 1.7814e+02 5.1279e+02 1.9667e+02 7.7484e-04
3.6988e+02 1.8519e+02 4.2404e+02 2.1505e+02 7.7319e-04
3.6815e+02 1.8266e+02 4.1589e+02 2.1058e+02 7.7278e-04
5.3850e+02 1.8631e+02 5.6751e+02 2.0119e+02 7.7251e-04
4.7032e+02 1.7997e+02 4.9791e+02 2.0156e+02 7.7191e-04
5.1641e+02 1.5555e+02 5.3365e+02 1.9400e+02 7.6882e-04
4.8275e+02 1.6104e+02 5.0019e+02 1.9960e+02 7.6625e-04
3.0456e+02 1.5652e+02 4.5208e+02 2.2947e+02 7.6381e-04
4.8929e+02 1.7135e+02 5.1923e+02 1.9459e+02 7.6023e-04
0.0000e+00 0.0000e+00 2.2516e+02 1.5395e+02 7.5761e-04
5.4007e+02 1.6115e+02 5.5688e+02 1.9703e+02 7.5641e-04
4.8959e+02 1.5060e+02 5.2599e+02 1.7071e+02 7.5208e-04
4.7883e+02 1.4892e+02 4.9891e+02 1.9157e+02 7.5115e-04
4.9565e+02 1.5169e+02 5.2729e+02 1.7756e+02 7.4413e-04
4.7540e+02 1.5433e+02 4.9456e+02 1.9450e+02 7.4115e-04
1.1754e+03 1.7894e+02 1.2420e+03 2.6755e+02 7.4022e-04
0.0000e+00 0.0000e+00 1.1205e+02 8.0031e+01 7.3893e-04
1.2035e+03 0.0000e+00 1.2420e+03 7.7536e+01 7.2779e-04
5.4557e+02 1.7775e+02 5.5964e+02 2.0636e+02 7.2065e-04
5.1113e+02 1.5285e+02 5.2975e+02 1.9413e+02 7.2009e-04
0.0000e+00 3.5067e+02 2.1427e+01 3.7500e+02 7.1712e-04
4.9624e+02 9.9058e+01 5.6457e+02 2.6676e+02 7.1709e-04
0.0000e+00 3.6828e+02 9.7171e+00 3.7500e+02 7.1451e-04
1.2376e+03 1.2103e+02 1.2420e+03 1.7726e+02 7.0647e-04
1.2143e+03 1.1291e+02 1.2420e+03 1.5897e+02 7.0631e-04
3.3464e+02 1.5183e+02 4.5755e+02 2.4319e+02 7.0459e-04
1.2140e+03 1.2924e+02 1.2420e+03 1.7398e+02 7.0453e-04
0.0000e+00 1.4310e+01 1.2056e+02 3.7500e+02 7.0342e-04
3.6303e+02 1.3943e+02 4.2496e+02 2.6317e+02 7.0091e-04
1.1814e+03 2.7288e+02 1.2420e+03 3.7500e+02 6.9571e-04
5.4463e+02 1.6091e+02 5.6113e+02 1.9656e+02 6.8652e-04
1.2381e+03 2.2599e+02 1.2420e+03 2.7875e+02 6.7956e-04
4.4838e+02 1.6326e+02 5.2821e+02 2.0167e+02 6.7871e-04
1.0907e+03 1.3825e+02 1.2420e+03 3.1338e+02 6.7000e-04
5.4076e+02 1.8426e+02 5.6339e+02 2.0159e+02 6.6942e-04
4.6577e+02 1.7601e+02 4.9541e+02 1.9989e+02 6.6723e-04
0.0000e+00 3.2714e+02 5.3767e+01 3.7500e+02 6.6460e-04
4.9483e+02 1.5570e+02 5.1363e+02 1.9756e+02 6.6251e-04
1.2261e+03 1.1369e+02 1.2420e+03 2.2511e+02 6.6226e-04
5.0338e+02 1.5578e+02 5.4003e+02 1.7533e+02 6.6218e-04
1.2056e+03 2.6928e+01 1.2420e+03 2.3202e+02 6.5750e-04
4.4295e+02 1.5324e+02 6.1350e+02 2.2949e+02 6.5330e-04
3.7525e+02 1.5243e+02 5.0745e+02 2.3495e+02 6.4097e-04
5.9057e+02 1.8516e+02 6.1918e+02 1.9920e+02 6.3655e-04
4.6266e+02 1.8234e+02 4.9525e+02 2.0178e+02 6.3420e-04
5.8142e+02 1.9444e+02 6.0349e+02 2.0805e+02 6.2691e-04
5.5091e+02 1.8874e+02 5.7774e+02 2.0484e+02 6.2637e-04
1.2201e+03 1.1655e+02 1.2420e+03 1.7433e+02 6.1747e-04
9.8785e+02 0.0000e+00 1.2420e+03 1.1984e+02 6.1342e-04
0.0000e+00 0.0000e+00 1.5549e+02 7.3161e+01 6.0861e-04
5.2420e+02 1.8025e+02 5.4944e+02 1.9982e+02 6.0455e-04
0.0000e+00 1.9495e+02 2.6692e+01 3.7500e+02 5.9872e-04
0.0000e+00 1.7526e+02 5.8494e+00 2.2845e+02 5.9492e-04
5.1393e+02 1.6745e+02 5.9127e+02 2.0268e+02 5.9288e-04
1.1626e+03 1.0975e+01 1.2420e+03 3.6376e+02 5.9262e-04
4.7135e+02 1.6069e+02 4.9185e+02 2.0307e+02 5.9061e-04
5.0694e+02 1.4824e+02 5.2486e+02 1.8970e+02 5.8937e-04
1.0899e+03 1.0569e+02 1.2420e+03 2.8240e+02 5.8814e-04
4.6891e+02 1.5072e+02 5.3559e+02 1.9757e+02 5.8326e-04
1.2077e+03 1.7433e+02 1.2420e+03 3.6994e+02 5.8193e-04
3.8188e+02 1.8501e+02 4.5911e+02 2.3745e+02 5.7846e-04
4.8238e+02 1.5136e+02 5.1645e+02 1.7802e+02 5.7192e-04
5.8809e+02 1.7620e+02 6.0218e+02 2.0448e+02 5.7087e-04
5.7960e+02 1.7498e+02 5.9744e+02 2.0339e+02 5.6456e-04
1.0295e+03 2.6492e+02 1.2420e+03 3.7500e+02 5.6448e-04
0.0000e+00 2.5852e+02 8.5841e+01 3.7500e+02 5.6194e-04
5.4843e+02 1.6179e+02 5.6454e+02 1.9660e+02 5.6158e-04
5.3007e+02 1.6055e+02 5.6251e+02 1.7832e+02 5.5892e-04
4.6782e+02 1.8696e+02 5.0045e+02 2.0377e+02 5.5086e-04
9.6316e+02 2.7846e+01 1.2420e+03 3.7500e+02 5.4913e-04
4.8619e+02 1.6030e+02 5.4732e+02 2.0447e+02 5.4771e-04
0.0000e+00 1.9553e+02 5.6425e+00 2.5217e+02 5.4469e-04
4.9907e+02 1.4740e+02 5.1803e+02 1.9175e+02 5.4327e-04
1.2377e+03 2.0191e+02 1.2420e+03 2.5625e+02 5.4174e-04
1.2331e+03 1.2366e+02 1.2420e+03 1.4749e+02 5.3897e-04
1.2134e+03 1.0535e+02 1.2420e+03 1.5125e+02 5.3879e-04
5.8528e+02 1.7610e+02 6.0946e+02 1.9451e+02 5.3862e-04
5.1180e+02 1.7244e+02 5.2895e+02 2.1118e+02 5.3264e-04
1.1928e+03 1.8356e+02 1.2420e+03 2.9686e+02 5.3199e-04
3.7086e+02 1.7907e+02 4.1487e+02 2.1797e+02 5.2544e-04
4.2951e+02 1.4178e+02 5.8784e+02 2.1597e+02 5.2230e-04
1.2338e+03 2.3571e+02 1.2420e+03 2.5901e+02 5.2090e-04
1.2356e+03 1.2144e+02 1.2420e+03 1.5133e+02 5.2027e-04
3.7374e+02 1.6736e+02 4.0227e+02 2.2313e+02 5.1935e-04
5.7535e+02 1.7457e+02 5.9293e+02 2.0339e+02 5.1616e-04
1.2341e+03 2.2753e+02 1.2420e+03 2.5091e+02 5.1336e-04
0.0000e+00 0.0000e+00 5.2583e+01 4.5894e+01 5.1219e-04
1.2338e+03 2.3160e+02 1.2420e+03 2.5486e+02 5.0985e-04
1.2340e+03 2.1956e+02 1.2420e+03 2.4284e+02 5.0674e-04
1.2131e+03 2.1753e+02 1.2420e+03 2.6078e+02 5.0613e-04
4.7549e+02 1.7024e+02 4.9382e+02 2.0705e+02 5.0452e-04
1.2334e+03 1.3158e+02 1.2420e+03 1.5540e+02 4.9854e-04
0.0000e+00 2.6637e+02 1.4461e+02 3.7500e+02 4.8945e-04
1.2083e+03 2.4197e+02 1.2420e+03 3.7500e+02 4.8422e-04
1.2335e+03 1.3569e+02 1.2420e+03 1.5958e+02 4.8380e-04
1.2245e+03 6.8102e+01 1.2420e+03 1.7616e+02 4.8101e-04
1.2266e+03 1.9019e+02 1.2420e+03 2.8874e+02 4.7058e-04
1.2082e+03 1.0170e+02 1.2420e+03 2.8103e+02 4.6962e-04
4.8715e+02 1.5976e+02 5.0471e+02 2.0017e+02 4.6037e-04
1.2330e+03 1.3938e+02 1.2420e+03 1.6348e+02 4.5380e-04
1.1770e+03 1.6416e+02 1.2420e+03 2.5141e+02 4.5138e-04
5.0447e+02 1.5682e+02 5.8877e+02 1.9754e+02 4.4821e-04
1.2136e+03 2.2519e+02 1.2420e+03 2.6860e+02 4.4737e-04
1.2363e+03 2.2535e+02 1.2420e+03 2.5523e+02 4.4705e-04
5.1569e+02 1.7250e+02 5.3220e+02 2.1013e+02 4.4226e-04
4.6335e+02 1.1370e+02 5.3492e+02 2.8147e+02 4.4047e-04
1.2344e+03 2.3966e+02 1.2420e+03 2.6288e+02 4.3641e-04
1.2360e+03 2.3358e+02 1.2420e+03 2.6282e+02 4.3547e-04
3.8625e+02 1.6190e+02 4.1558e+02 2.2175e+02 4.3528e-04
5.4845e+02 1.6669e+02 5.7553e+02 1.8695e+02 4.3349e-04
4.9993e+02 1.6529e+02 5.1727e+02 2.0326e+02 4.3242e-04
4.5893e+02 1.4174e+02 6.1601e+02 2.1472e+02 4.3196e-04
3.8299e+02 1.7983e+02 4.3993e+02 2.1264e+02 4.3161e-04
1.1805e+03 0.0000e+00 1.2420e+03 4.2703e+01 4.3095e-04
1.2354e+03 1.2951e+02 1.2420e+03 1.5905e+02 4.3013e-04
1.2202e+03 1.3159e+02 1.2420e+03 1.8982e+02 4.2813e-04
4.7327e+02 1.8296e+02 5.0697e+02 1.9993e+02 4.2773e-04
1.0329e+03 0.0000e+00 1.2420e+03 1.6812e+02 4.2475e-04
1.1623e+03 0.0000e+00 1.2420e+03 1.6380e+02 4.1967e-04
5.3807e+02 1.6100e+02 5.7017e+02 1.7907e+02 4.1807e-04
1.2188e+03 9.9789e+01 1.2420e+03 1.5912e+02 4.1597e-04
0.0000e+00 2.0507e+02 8.0659e+00 2.3257e+02 4.1588e-04
1.2361e+03 2.1731e+02 1.2420e+03 2.4692e+02 4.1428e-04
5.3243e+02 1.8622e+02 5.6312e+02 2.0142e+02 4.1331e-04
5.1114e+02 1.0338e+02 5.8023e+02 2.6565e+02 4.1258e-04
5.9254e+02 1.7879e+02 6.0440e+02 2.0555e+02 4.1063e-04
4.9414e+02 1.4695e+02 5.1419e+02 1.9218e+02 4.0835e-04
0.0000e+00 1.1172e+02 1.9388e+02 3.7500e+02 4.0439e-04
4.9115e+02 1.5951e+02 5.0918e+02 2.0072e+02 4.0298e-04
1.2352e+03 3.5726e+02 1.2420e+03 3.7500e+02 3.9726e-04
5.3367e+02 1.7403e+02 5.4840e+02 2.0804e+02 3.9556e-04
1.2141e+03 2.0975e+02 1.2420e+03 2.5326e+02 3.9292e-04
1.1173e+03 3.1841e+02 1.2398e+03 3.7500e+02 3.8902e-04
1.2374e+03 9.7679e+01 1.2420e+03 1.5464e+02 3.8731e-04
4.6525e+02 1.8451e+02 4.9086e+02 2.0605e+02 3.8678e-04
5.8329e+02 1.7238e+02 6.0083e+02 2.0355e+02 3.8573e-04
1.1064e+03 0.0000e+00 1.2420e+03 5.8833e+01 3.8557e-04
4.7235e+02 1.5604e+02 6.4099e+02 2.2867e+02 3.8428e-04
5.9142e+02 1.8110e+02 6.1944e+02 1.9642e+02 3.8339e-04
4.1378e+02 1.5202e+02 5.7975e+02 2.2997e+02 3.7862e-04
5.0352e+02 1.4418e+02 5.2136e+02 1.8848e+02 3.7203e-04
1.2154e+03 1.0721e+02 1.2334e+03 1.7213e+02 3.7194e-04
5.2484e+02 1.7401e+02 5.9780e+02 2.0804e+02 3.7154e-04
1.2325e+03 3.6817e+02 1.2420e+03 3.7500e+02 3.7126e-04
1.2350e+03 1.3742e+02 1.2420e+03 1.6672e+02 3.6537e-04
4.5300e+02 1.3164e+02 5.6703e+02 2.2812e+02 3.6393e-04
0.0000e+00 1.9159e+02 1.0804e+01 2.4556e+02 3.6301e-04
5.0009e+02 1.7122e+02 5.7454e+02 2.0869e+02 3.6171e-04
5.5109e+02 1.6738e+02 5.6718e+02 2.0003e+02 3.6108e-04
1.2378e+03 1.5199e+02 1.2420e+03 2.1058e+02 3.5552e-04
0.0000e+00 0.0000e+00 1.3783e+01 5.4751e+01 3.5456e-04
4.7918e+02 1.6951e+02 5.6067e+02 2.0864e+02 3.5086e-04
4.7109e+02 1.8851e+02 4.9711e+02 2.0808e+02 3.4571e-04
3.5804e+02 1.7833e+02 3.9127e+02 1.9774e+02 3.4413e-04
1.2368e+03 7.6669e+01 1.2420e+03 1.3401e+02 3.3974e-04
5.0178e+02 1.4220e+02 5.3903e+02 2.1910e+02 3.3917e-04
3.9581e+02 1.6785e+02 4.6147e+02 2.3097e+02 3.3885e-04
1.2153e+03 2.3325e+02 1.2420e+03 2.7716e+02 3.3739e-04
5.0324e+02 1.7296e+02 5.2131e+02 2.1124e+02 3.3720e-04
1.2149e+03 1.4544e+02 1.2420e+03 1.8982e+02 3.3564e-04
5.8929e+02 1.8767e+02 6.0029e+02 2.1598e+02 3.3244e-04
4.8027e+02 1.7442e+02 4.9673e+02 2.1008e+02 3.3189e-04
1.2379e+03 2.5051e+02 1.2420e+03 3.0382e+02 3.3164e-04
0.0000e+00 0.0000e+00 7.8996e+01 4.5122e+01 3.3096e-04
5.4287e+02 1.7671e+02 6.0876e+02 2.0818e+02 3.3074e-04
5.5939e+02 1.7279e+02 5.7670e+02 2.0470e+02 3.3060e-04
4.7467e+02 1.8458e+02 5.0085e+02 2.0352e+02 3.2760e-04
3.8501e+02 1.4732e+02 4.4861e+02 3.0284e+02 3.2729e-04
0.0000e+00 2.5665e+02 2.4961e+01 3.7500e+02 3.2680e-04
2.5416e+02 1.1645e+02 5.4781e+02 2.7844e+02 3.2600e-04
5.1966e+02 1.5994e+02 5.5260e+02 1.7874e+02 3.2583e-04
5.0111e+02 1.8360e+02 5.2875e+02 2.0419e+02 3.2139e-04
9.1679e+02 1.5912e+02 9.5049e+02 1.7842e+02 3.2118e-04
1.2332e+03 1.1545e+02 1.2420e+03 1.4019e+02 3.1683e-04
1.1755e+03 7.9900e+01 1.2420e+03 1.7726e+02 3.1533e-04
1.2152e+03 9.7061e+01 1.2420e+03 1.4346e+02 3.1486e-04
4.6846e+02 1.4016e+02 5.8527e+02 2.4292e+02 3.1481e-04
5.3299e+02 1.6866e+02 6.0746e+02 2.0516e+02 3.1384e-04
3.6342e+02 1.8296e+02 4.0216e+02 2.0947e+02 3.1206e-04
1.1263e+03 8.5320e+01 1.2420e+03 3.1148e+02 3.1037e-04
4.8327e+02 1.6984e+02 5.0036e+02 2.0566e+02 3.0968e-04
1.2325e+03 9.1040e+01 1.2420e+03 1.1615e+02 3.0880e-04
5.3577e+02 1.8395e+02 5.5932e+02 2.0188e+02 3.0827e-04
1.2257e+03 1.3914e+02 1.2420e+03 2.4697e+02 3.0764e-04
1.2140e+03 2.0161e+02 1.2420e+03 2.4507e+02 3.0671e-04
4.9455e+02 1.4761e+02 5.7849e+02 1.9020e+02 3.0464e-04
1.0857e+03 7.4361e+01 1.2420e+03 2.5390e+02 3.0203e-04
3.6846e+02 1.9759e+02 4.6020e+02 2.3755e+02 2.9975e-04
1.2350e+03 1.1366e+02 1.2420e+03 1.4365e+02 2.9827e-04
8.4966e+02 2.0562e+02 1.0052e+03 3.7500e+02 2.9787e-04
1.2375e+03 1.3114e+02 1.2420e+03 1.8853e+02 2.9478e-04
1.1549e+03 3.1683e+02 1.2420e+03 3.7500e+02 2.9337e-04
0.0000e+00 1.6014e+02 1.2960e+01 2.6301e+02 2.9299e-04
0.0000e+00 2.0050e+02 1.1643e+01 2.2481e+02 2.8971e-04
3.8299e+02 1.6575e+02 4.1037e+02 2.2160e+02 2.8901e-04
4.9047e+02 1.5233e+02 5.5919e+02 2.0034e+02 2.8883e-04
1.2277e+03 2.0566e+02 1.2420e+03 3.0285e+02 2.8752e-04
1.1786e+03 1.4877e+02 1.2420e+03 2.3534e+02 2.8660e-04
4.6304e+02 1.4367e+02 5.4702e+02 1.8461e+02 2.8552e-04
5.7504e+02 1.9798e+02 5.9658e+02 2.1338e+02 2.8516e-04
5.2838e+02 1.5839e+02 5.5632e+02 1.8081e+02 2.8463e-04
5.7113e+02 1.7354e+02 5.8775e+02 2.0389e+02 2.8431e-04
3.8709e+02 1.7363e+02 4.2762e+02 2.5327e+02 2.8343e-04
1.2267e+03 0.0000e+00 1.2420e+03 4.6827e+01 2.8329e-04
1.2133e+03 2.4121e+02 1.2420e+03 2.8650e+02 2.8095e-04
1.1307e+03 2.9165e+02 1.2098e+03 3.7500e+02 2.8039e-04
3.7045e+02 1.4660e+02 4.3306e+02 3.0218e+02 2.7987e-04
4.9560e+02 1.4236e+02 5.3217e+02 2.1746e+02 2.7599e-04
5.9564e+02 1.8520e+02 6.2534e+02 1.9956e+02 2.7503e-04
4.6620e+02 1.8852e+02 4.9054e+02 2.0892e+02 2.7443e-04
5.9186e+02 1.7421e+02 6.0607e+02 2.0417e+02 2.7289e-04
5.0156e+02 1.5249e+02 5.3845e+02 2.3895e+02 2.7238e-04
1.0811e+03 2.2263e+02 1.2258e+03 3.7500e+02 2.7117e-04
3.8079e+02 1.8448e+02 4.3741e+02 2.1927e+02 2.7013e-04
1.1942e+03 1.5247e+02 1.2420e+03 2.6712e+02 2.6999e-04
1.2150e+03 1.5331e+02 1.2420e+03 1.9837e+02 2.6973e-04
0.0000e+00 9.3620e+01 2.6631e+01 2.9238e+02 2.6746e-04
4.6016e+02 1.6631e+02 4.9785e+02 1.8742e+02 2.6688e-04
5.5872e+02 1.8496e+02 5.7148e+02 2.1899e+02 2.6680e-04
1.2384e+03 2.4240e+02 1.2420e+03 2.9498e+02 2.6615e-04
3.5907e+02 1.8146e+02 3.9255e+02 2.0221e+02 2.6501e-04
1.1221e+03 1.5555e+02 1.2420e+03 3.7194e+02 2.6415e-04
4.7169e+02 1.5311e+02 4.9173e+02 1.9618e+02 2.6346e-04
8.2079e+02 2.0460e+02 9.7228e+02 3.7500e+02 2.6268e-04
4.9795e+02 1.8604e+02 5.3381e+02 2.0375e+02 2.6159e-04
1.2202e+03 2.1234e+02 1.2420e+03 2.6853e+02 2.6077e-04
2.8490e+02 1.9951e+02 3.0529e+02 2.3034e+02 2.6075e-04
1.2337e+03 1.1143e+02 1.2420e+03 1.3629e+02 2.5976e-04
1.2327e+03 2.6338e+02 1.2420e+03 2.8801e+02 2.5932e-04
4.1400e+02 1.5425e+02 4.5635e+02 2.4109e+02 2.5903e-04
1.2344e+03 8.9168e+01 1.2420e+03 1.1928e+02 2.5790e-04
4.9796e+02 1.5119e+02 5.3366e+02 1.7183e+02 2.5566e-04
4.9039e+02 1.8242e+02 5.2667e+02 1.9974e+02 2.5562e-04
5.1947e+02 1.5218e+02 5.3711e+02 1.9144e+02 2.5471e-04
1.0647e+03 1.9358e+02 1.1106e+03 2.1321e+02 2.5262e-04
0.0000e+00 1.9128e+02 7.6502e+00 2.1821e+02 2.5250e-04
1.2274e+03 2.1976e+02 1.2420e+03 3.2216e+02 2.5227e-04
1.1258e+03 0.0000e+00 1.2420e+03 8.1223e+01 2.5206e-04
5.2948e+02 1.7408e+02 5.4470e+02 2.0920e+02 2.5048e-04
1.0649e+03 1.8990e+02 1.1100e+03 2.0931e+02 2.4507e-04
1.1936e+03 6.7870e+01 1.2420e+03 1.9016e+02 2.4507e-04
1.2157e+03 8.8750e+01 1.2420e+03 1.3510e+02 2.4343e-04
1.2147e+03 1.6121e+02 1.2420e+03 2.0630e+02 2.4209e-04
5.8849e+02 1.7514e+02 6.1384e+02 1.9371e+02 2.4192e-04
0.0000e+00 2.9470e+02 4.7051e+01 3.7500e+02 2.4054e-04
5.6375e+02 1.7164e+02 5.8070e+02 2.0475e+02 2.4040e-04
5.8687e+02 1.7032e+02 6.0373e+02 2.0372e+02 2.3884e-04
5.5398e+02 1.9231e+02 5.8159e+02 2.0789e+02 2.3867e-04
1.2342e+03 2.1192e+02 1.2420e+03 2.3535e+02 2.3780e-04
5.2554e+02 1.3854e+02 5.6429e+02 2.2255e+02 2.3696e-04
1.2119e+03 1.0797e+02 1.2296e+03 1.7049e+02 2.3654e-04
1.2138e+03 2.4888e+02 1.2420e+03 2.9424e+02 2.3496e-04
4.6025e+02 1.7032e+02 4.9756e+02 1.9145e+02 2.3302e-04
4.7130e+02 1.6928e+02 4.8911e+02 2.0832e+02 2.3219e-04
1.2377e+03 1.3973e+02 1.2420e+03 1.9859e+02 2.3219e-04
5.2001e+02 1.5719e+02 6.0471e+02 1.9658e+02 2.3122e-04
8.8378e+02 2.0201e+02 1.0354e+03 3.7500e+02 2.3060e-04
1.2194e+03 1.0592e+02 1.2368e+03 1.7383e+02 2.2949e-04
0.0000e+00 1.7437e+02 1.0926e+01 2.8257e+02 2.2638e-04
4.8213e+02 1.3333e+02 5.9683e+02 2.2873e+02 2.2531e-04
2.7277e+02 1.0403e+02 5.7276e+02 2.4916e+02 2.2299e-04
1.2363e+03 2.4128e+02 1.2420e+03 2.7019e+02 2.2055e-04
1.2331e+03 2.5936e+02 1.2420e+03 2.8390e+02 2.1776e-04
4.9583e+02 1.6453e+02 5.1247e+02 2.0373e+02 2.1743e-04
1.2263e+03 1.6625e+02 1.2420e+03 2.6847e+02 2.1675e-04
5.0341e+02 1.6151e+02 5.6403e+02 2.0516e+02 2.1639e-04
5.5189e+02 1.7183e+02 5.8086e+02 1.9040e+02 2.1622e-04
9.5463e+02 2.9551e+02 1.0310e+03 3.7500e+02 2.1526e-04
9.7093e+02 2.9251e+02 1.0471e+03 3.7500e+02 2.1480e-04
0.0000e+00 2.1059e+02 1.3834e+01 3.3977e+02 2.1477e-04
4.8604e+02 1.4090e+02 5.2335e+02 2.1797e+02 2.1470e-04
1.2342e+03 2.4730e+02 1.2420e+03 2.7147e+02 2.1428e-04
1.1771e+03 1.1467e+02 1.2420e+03 2.0531e+02 2.1058e-04
2.9968e+02 1.1551e+02 6.0440e+02 2.7509e+02 2.1004e-04
5.3249e+02 1.4160e+02 5.7137e+02 2.2266e+02 2.1000e-04
1.2373e+03 8.5400e+01 1.2420e+03 1.4140e+02 2.0737e-04
5.2866e+02 1.0828e+02 5.9625e+02 2.6211e+02 2.0535e-04
9.3846e+02 2.9813e+02 1.0163e+03 3.7500e+02 2.0510e-04
4.7802e+02 1.5127e+02 5.1466e+02 1.7190e+02 2.0488e-04
5.9664e+02 1.8117e+02 6.2545e+02 1.9695e+02 2.0442e-04
1.2332e+03 1.4677e+02 1.2420e+03 1.7111e+02 2.0398e-04
1.2336e+03 9.9320e+01 1.2420e+03 1.2384e+02 2.0301e-04
0.0000e+00 3.2319e+01 6.8594e+01 3.7500e+02 2.0286e-04
1.2214e+03 1.4778e+02 1.2420e+03 2.0643e+02 2.0053e-04
0.0000e+00 1.2835e+02 2.6151e+01 3.2879e+02 2.0036e-04
2.8070e+02 2.0373e+02 3.1801e+02 2.2540e+02 1.9895e-04
1.2354e+03 2.6114e+02 1.2420e+03 2.9073e+02 1.9855e-04
4.8456e+02 1.7579e+02 5.1356e+02 1.9739e+02 1.9823e-04
1.2340e+03 2.5530e+02 1.2420e+03 2.7983e+02 1.9727e-04
1.0646e+03 1.9795e+02 1.1112e+03 2.1746e+02 1.9725e-04
1.2198e+03 8.3417e+01 1.2420e+03 1.4233e+02 1.9704e-04
1.2340e+03 1.0760e+02 1.2420e+03 1.3211e+02 1.9650e-04
5.1447e+02 1.5784e+02 5.4514e+02 1.8208e+02 1.9646e-04
5.9174e+02 1.7611e+02 6.2031e+02 1.9313e+02 1.9637e-04
3.5613e+02 1.7518e+02 3.9061e+02 1.9422e+02 1.9622e-04
1.2146e+03 1.9368e+02 1.2420e+03 2.3737e+02 1.9461e-04
4.4646e+02 1.1533e+02 5.1770e+02 2.8276e+02 1.9459e-04
4.3814e+02 1.4040e+02 5.5551e+02 2.4379e+02 1.9449e-04
5.1087e+02 1.5348e+02 5.7452e+02 2.0272e+02 1.9444e-04
4.7760e+02 1.8867e+02 5.0403e+02 2.0772e+02 1.9369e-04
9.8615e+02 2.9084e+02 1.0639e+03 3.7500e+02 1.9341e-04
1.1780e+03 2.2590e+02 1.2420e+03 3.1347e+02 1.9281e-04
4.6997e+02 1.7742e+02 4.8638e+02 2.1390e+02 1.9229e-04
3.9417e+02 1.7441e+02 4.3513e+02 2.5856e+02 1.9155e-04
1.2166e+03 2.5620e+02 1.2420e+03 3.0136e+02 1.9140e-04
5.6776e+02 1.7167e+02 5.8395e+02 2.0424e+02 1.9129e-04
5.7932e+02 1.7091e+02 6.1032e+02 1.9091e+02 1.9089e-04
5.4755e+02 1.6245e+02 5.7635e+02 1.8385e+02 1.8721e-04
4.6273e+02 1.6478e+02 6.3098e+02 2.4308e+02 1.8696e-04
4.5225e+02 1.4671e+02 5.1992e+02 1.9269e+02 1.8663e-04
5.0760e+02 1.7479e+02 5.2506e+02 2.1573e+02 1.8527e-04
1.2342e+03 1.0355e+02 1.2420e+03 1.2787e+02 1.8432e-04
1.1772e+03 1.3137e+02 1.2420e+03 2.2126e+02 1.8316e-04
1.2377e+03 0.0000e+00 1.2420e+03 2.3129e+01 1.8270e-04
1.2158e+03 1.1761e+02 1.2329e+03 1.8513e+02 1.8092e-04
5.1285e+02 1.6341e+02 5.7150e+02 2.0754e+02 1.7795e-04
1.0446e+03 2.2060e+02 1.1982e+03 3.7500e+02 1.7789e-04
9.2263e+02 2.9642e+02 1.0010e+03 3.7500e+02 1.7741e-04
1.0725e+03 1.9002e+02 1.1178e+03 2.0903e+02 1.7713e-04
1.0854e+03 1.9036e+02 1.1300e+03 2.0913e+02 1.7684e-04
4.7424e+02 1.8730e+02 5.0720e+02 2.0324e+02 1.7674e-04
1.2358e+03 2.0943e+02 1.2420e+03 2.3954e+02 1.7604e-04
4.3281e+02 1.6278e+02 5.9970e+02 2.4480e+02 1.7447e-04
7.0951e+02 2.7007e+02 1.0795e+03 3.7500e+02 1.7438e-04
9.2053e+02 2.0108e+02 1.0665e+03 3.7500e+02 1.7403e-04
5.5478e+02 1.9027e+02 5.7519e+02 2.0959e+02 1.7317e-04
4.7541e+02 1.7778e+02 4.9241e+02 2.1357e+02 1.7301e-04
5.1851e+02 1.3906e+02 5.5571e+02 2.1870e+02 1.7231e-04
5.0942e+02 1.4219e+02 5.4699e+02 2.1849e+02 1.7180e-04
5.8699e+02 1.9222e+02 6.1156e+02 2.0568e+02 1.6969e-04
4.8635e+02 1.4805e+02 5.2161e+02 1.7341e+02 1.6937e-04
1.2122e+03 1.1744e+02 1.2295e+03 1.8481e+02 1.6854e-04
4.7239e+02 1.5826e+02 5.3657e+02 2.0435e+02 1.6839e-04
5.9160e+02 1.8894e+02 6.2126e+02 2.0262e+02 1.6772e-04
1.2209e+03 2.2836e+02 1.2420e+03 2.8391e+02 1.6696e-04
5.9229e+02 1.8413e+02 6.0357e+02 2.1150e+02 1.6559e-04
4.6705e+02 1.7835e+02 4.8223e+02 2.1311e+02 1.6558e-04
2.0383e+02 9.3266e+01 5.3658e+02 2.4208e+02 1.6547e-04
1.0456e+03 1.8843e+02 1.1452e+03 2.2729e+02 1.6492e-04
1.1130e+03 2.8925e+02 1.1927e+03 3.7500e+02 1.6322e-04
4.4690e+02 1.2737e+02 5.9666e+02 1.9689e+02 1.6321e-04
4.0711e+02 1.6315e+02 4.5048e+02 2.4778e+02 1.6254e-04
1.2345e+03 1.6731e+02 1.2420e+03 1.9119e+02 1.6183e-04
1.1700e+03 1.0765e+02 1.2420e+03 3.7500e+02 1.6128e-04
1.2150e+03 1.8567e+02 1.2420e+03 2.2922e+02 1.6111e-04
1.2170e+03 8.0494e+01 1.2420e+03 1.2664e+02 1.6077e-04
5.4274e+02 1.8228e+02 6.1034e+02 2.1455e+02 1.6019e-04
1.0727e+03 1.9389e+02 1.1181e+03 2.1310e+02 1.6009e-04
5.9652e+02 1.7668e+02 6.2576e+02 1.9361e+02 1.5990e-04
1.1949e+03 1.0262e+02 1.2420e+03 2.2067e+02 1.5872e-04
4.4935e+02 1.7034e+02 5.2874e+02 2.0832e+02 1.5854e-04
1.2355e+03 1.4454e+02 1.2420e+03 1.7489e+02 1.5843e-04
7.9593e+02 2.6413e+02 1.0615e+03 3.7500e+02 1.5805e-04
5.7891e+02 1.6631e+02 6.1164e+02 1.8698e+02 1.5802e-04
9.5166e+02 2.0143e+02 1.1008e+03 3.7500e+02 1.5701e-04
4.9495e+02 1.5514e+02 5.3189e+02 2.3773e+02 1.5698e-04
1.0010e+03 2.8902e+02 1.0790e+03 3.7500e+02 1.5681e-04
8.0775e+02 2.7264e+02 1.1715e+03 3.7500e+02 1.5671e-04
1.2131e+03 1.7671e+02 1.2420e+03 2.2087e+02 1.5665e-04
1.2133e+03 3.2307e+02 1.2420e+03 3.7500e+02 1.5663e-04
1.2200e+03 1.9639e+02 1.2420e+03 2.5343e+02 1.5621e-04
1.0814e+03 1.9771e+02 1.1263e+03 2.1744e+02 1.5401e-04
1.0465e+03 1.9684e+02 1.1445e+03 2.3429e+02 1.5364e-04
5.4434e+02 1.5928e+02 5.7230e+02 1.8109e+02 1.5352e-04
3.7697e+02 1.2852e+02 4.5739e+02 2.6272e+02 1.5294e-04
1.2364e+03 2.5325e+02 1.2420e+03 2.8252e+02 1.5272e-04
3.5233e+02 1.8329e+02 4.6541e+02 2.6895e+02 1.5267e-04
5.1892e+02 1.5597e+02 5.5363e+02 2.3367e+02 1.5233e-04
0.0000e+00 1.8565e+02 8.0087e+00 2.1330e+02 1.5100e-04
5.4228e+02 1.4141e+02 5.7984e+02 2.2239e+02 1.4990e-04
5.1073e+02 1.5383e+02 5.4580e+02 2.3691e+02 1.4966e-04
5.4114e+02 1.7811e+02 5.5537e+02 2.1032e+02 1.4961e-04
5.1108e+02 1.4754e+02 5.2836e+02 1.8594e+02 1.4724e-04
5.4548e+02 1.8774e+02 5.6822e+02 2.0550e+02 1.4631e-04
4.6535e+02 1.7048e+02 5.4745e+02 2.0893e+02 1.4607e-04
1.2342e+03 1.7119e+02 1.2420e+03 1.9501e+02 1.4558e-04
1.2243e+03 4.1086e+01 1.2420e+03 1.5442e+02 1.4535e-04
4.8022e+02 1.8115e+02 4.9623e+02 2.1689e+02 1.4464e-04
1.2280e+03 2.6511e+02 1.2420e+03 3.7500e+02 1.4440e-04
7.9072e+02 2.0627e+02 9.3949e+02 3.7500e+02 1.4419e-04
4.4530e+02 1.5165e+02 5.1185e+02 1.9923e+02 1.4409e-04
1.2379e+03 1.6355e+02 1.2420e+03 2.2064e+02 1.4325e-04
1.2349e+03 1.5935e+02 1.2420e+03 1.8333e+02 1.4312e-04
1.1944e+03 2.1546e+02 1.2420e+03 3.2934e+02 1.4306e-04
1.0813e+03 1.9383e+02 1.1261e+03 2.1363e+02 1.4263e-04
1.2339e+03 1.5088e+02 1.2420e+03 1.7527e+02 1.4244e-04
2.8016e+02 2.0750e+02 3.1764e+02 2.3027e+02 1.4231e-04
3.9021e+02 1.5269e+02 5.4346e+02 2.3260e+02 1.4230e-04
1.2347e+03 1.5512e+02 1.2420e+03 1.7951e+02 1.4212e-04
8.7983e+02 2.7405e+02 1.2343e+03 3.7500e+02 1.4189e-04
1.2362e+03 1.6503e+02 1.2420e+03 1.9587e+02 1.4111e-04
5.5110e+02 1.5662e+02 5.6736e+02 1.9309e+02 1.4095e-04
1.2192e+03 2.3621e+02 1.2420e+03 2.9312e+02 1.4094e-04
1.1809e+03 4.8445e+01 1.2420e+03 1.4842e+02 1.4027e-04
5.5481e+02 1.6664e+02 5.7125e+02 1.9981e+02 1.3793e-04
8.7998e-01 1.9190e+02 1.4862e+01 2.4734e+02 1.3730e-04
4.9435e+02 1.8001e+02 5.2280e+02 2.0109e+02 1.3715e-04
5.5333e+02 1.7588e+02 6.2208e+02 2.0697e+02 1.3692e-04
4.6227e+02 1.8071e+02 4.8800e+02 2.0453e+02 1.3677e-04
1.2264e+03 3.0775e+02 1.2420e+03 3.7500e+02 1.3616e-04
3.4971e+02 1.7819e+02 3.8494e+02 1.9755e+02 1.3521e-04
5.2714e+02 1.6482e+02 5.8662e+02 2.0670e+02 1.3509e-04
5.4702e+02 1.5190e+02 5.6459e+02 1.9187e+02 1.3413e-04
1.0069e+03 1.7561e+02 1.1922e+03 2.4283e+02 1.3396e-04
3.4556e+02 1.2569e+02 4.0348e+02 2.7083e+02 1.3357e-04
1.0139e+03 2.1328e+02 1.1648e+03 3.7500e+02 1.3326e-04
3.2580e+02 1.9385e+02 4.7934e+02 2.6691e+02 1.3278e-04
9.8268e+02 2.0631e+02 1.1332e+03 3.7500e+02 1.3250e-04
4.7784e+02 1.3960e+02 5.1494e+02 2.1898e+02 1.3236e-04
5.2721e+02 1.5674e+02 5.6222e+02 2.3293e+02 1.3148e-04
9.0629e+02 2.9310e+02 9.8551e+02 3.7500e+02 1.3116e-04
1.5114e+02 1.1460e+02 5.0254e+02 2.8132e+02 1.3026e-04
3.6829e+02 1.6253e+02 4.0515e+02 2.4334e+02 1.2973e-04
0.0000e+00 3.3098e+02 2.2334e+01 3.7500e+02 1.2948e-04
1.2068e+03 0.0000e+00 1.2420e+03 1.8854e+02 1.2745e-04
0.0000e+00 1.9055e+02 1.0494e+01 3.1367e+02 1.2501e-04
0.0000e+00 1.0328e+02 1.4964e+02 2.7908e+02 1.2407e-04
4.6812e+02 8.0268e+01 5.3333e+02 2.4968e+02 1.2375e-04
4.9391e+02 1.4419e+02 6.1655e+02 2.3935e+02 1.2222e-04
0.0000e+00 1.8302e+02 2.7965e+01 2.2987e+02 1.2165e-04
1.0979e+03 2.9043e+02 1.1775e+03 3.7500e+02 1.2003e-04
4.9245e+02 1.4322e+02 6.5257e+02 2.1448e+02 1.1987e-04
1.2205e+03 1.6284e+02 1.2420e+03 2.2290e+02 1.1984e-04
3.0351e+02 1.7666e+02 4.5499e+02 2.5497e+02 1.1935e-04
1.0813e+03 3.2982e+02 1.2420e+03 3.7500e+02 1.1860e-04
2.9333e+02 1.4522e+02 4.5168e+02 2.1839e+02 1.1824e-04
1.0058e+03 1.9085e+02 1.1987e+03 2.5469e+02 1.1785e-04
3.8355e+02 1.5456e+02 4.9307e+02 2.5058e+02 1.1577e-04
5.0602e+02 1.6078e+02 6.6684e+02 2.2802e+02 1.1557e-04
4.9503e+02 1.6767e+02 5.5545e+02 2.1471e+02 1.1535e-04
1.0518e+03 2.0508e+02 1.1550e+03 2.4220e+02 1.1527e-04
4.9052e+02 1.6945e+02 6.5841e+02 2.4347e+02 1.1468e-04
9.0835e+02 3.3017e+02 1.0364e+03 3.7500e+02 1.1453e-04
1.2110e+03 0.0000e+00 1.2420e+03 1.5125e+01 1.1427e-04
0.0000e+00 1.7993e+02 2.0616e+01 2.3531e+02 1.1228e-04
1.1973e+03 3.5637e+01 1.2420e+03 1.5988e+02 1.1119e-04
9.4248e+02 3.2741e+02 1.0708e+03 3.7500e+02 1.1114e-04
7.6555e+02 2.8920e+02 8.3768e+02 3.7500e+02 1.1101e-04
8.1095e+02 2.8989e+02 8.8598e+02 3.7500e+02 1.1100e-04
7.8140e+02 2.9031e+02 8.5397e+02 3.7500e+02 1.1077e-04
4.6931e+02 1.3924e+02 5.0762e+02 2.2006e+02 1.1075e-04
5.2609e+02 1.5386e+02 5.8932e+02 2.0093e+02 1.0945e-04
4.4646e+02 1.6092e+02 5.0874e+02 2.0546e+02 1.0934e-04
7.9611e+02 2.9076e+02 8.7048e+02 3.7500e+02 1.0832e-04
8.9073e+02 2.9228e+02 9.6873e+02 3.7500e+02 1.0742e-04
1.2211e+03 2.5050e+02 1.2420e+03 3.0778e+02 1.0678e-04
3.2260e+02 9.8644e+01 6.3437e+02 2.4482e+02 1.0644e-04
3.9977e+02 1.4099e+02 5.5904e+02 2.1621e+02 1.0610e-04
1.0172e+03 2.8965e+02 1.0945e+03 3.7500e+02 1.0518e-04
5.1900e+02 1.7097e+02 5.7858e+02 2.1283e+02 1.0496e-04
1.2278e+03 2.3571e+02 1.2420e+03 3.5302e+02 1.0495e-04
3.5754e+02 1.4285e+02 4.1926e+02 3.0419e+02 1.0472e-04
9.1488e+02 3.3410e+02 1.0930e+03 3.7500e+02 1.0368e-04
1.2059e+03 3.2604e+02 1.2396e+03 3.7500e+02 1.0366e-04
5.5410e+02 1.6853e+02 6.2800e+02 2.0448e+02 1.0301e-04
5.4735e+02 1.1100e+02 6.1292e+02 2.5702e+02 1.0247e-04
3.1954e+02 1.5558e+02 4.2771e+02 2.4923e+02 1.0230e-04
4.7633e+02 1.2971e+02 6.2964e+02 1.9950e+02 1.0153e-04
5.1386e+02 1.4825e+02 6.0228e+02 1.8957e+02 1.0134e-04
1.9450e-01 2.9381e+02 6.9823e+01 3.7500e+02 1.0097e-04
0.0000e+00 2.3897e+02 1.2636e+01 3.7102e+02 1.0074e-04
5.3669e+02 1.5657e+02 6.2061e+02 1.9629e+02 9.9615e-05
7.9651e+02 3.3957e+02 8.3064e+02 3.7500e+02 9.9048e-05
4.1565e+02 1.2984e+02 5.6342e+02 2.0061e+02 9.7682e-05
3.4832e+02 1.7891e+02 4.1969e+02 2.1978e+02 9.6691e-05
4.5218e+02 1.1906e+02 5.6231e+02 2.1040e+02 9.6651e-05
5.2282e+02 1.8046e+02 5.9992e+02 2.1629e+02 9.6093e-05
4.5334e+02 1.4930e+02 5.7003e+02 2.5694e+02 9.5828e-05
4.7804e+02 1.7782e+02 5.6142e+02 2.1789e+02 9.5669e-05
7.3827e+02 2.6576e+02 1.0024e+03 3.7500e+02 9.5438e-05
1.1809e+03 2.4094e+02 1.2420e+03 3.3273e+02 9.5305e-05
3.8418e+02 9.8467e+01 7.0932e+02 2.4367e+02 9.3865e-05
7.8866e+02 3.4038e+02 8.2321e+02 3.7500e+02 9.3760e-05
8.8256e+02 3.3452e+02 1.0578e+03 3.7500e+02 9.3153e-05
3.9977e+02 1.4479e+02 4.6401e+02 3.0668e+02 9.3043e-05
1.1974e+03 3.3009e+02 1.2315e+03 3.7500e+02 9.2507e-05
9.8053e+02 1.5824e+02 1.1611e+03 2.2768e+02 9.1811e-05
8.2686e+02 2.9073e+02 9.0275e+02 3.7500e+02 9.1199e-05
4.6827e+02 1.5307e+02 5.0579e+02 2.3820e+02 9.0863e-05
6.7673e+02 1.2834e+02 1.2420e+03 3.7500e+02 9.0364e-05
4.4904e+02 1.4335e+02 5.3082e+02 1.8340e+02 8.9293e-05
4.9516e+02 1.7804e+02 5.7410e+02 2.1677e+02 8.9053e-05
4.7435e+02 1.4094e+02 5.6264e+02 1.8359e+02 8.8942e-05
4.1352e+02 1.2288e+02 4.7990e+02 2.7832e+02 8.8855e-05
7.5072e+02 2.8590e+02 8.2191e+02 3.7500e+02 8.8470e-05
7.5748e+02 2.0505e+02 9.0548e+02 3.7500e+02 8.8305e-05
1.0820e+03 2.9141e+02 1.1612e+03 3.7500e+02 8.8189e-05
4.8012e+02 1.6609e+02 5.4278e+02 2.1347e+02 8.7990e-05
0.0000e+00 8.1324e+01 2.7263e+02 3.7500e+02 8.7280e-05
8.4289e+02 2.8931e+02 9.1952e+02 3.7500e+02 8.7195e-05
8.7469e+02 2.9125e+02 9.5203e+02 3.7500e+02 8.7120e-05
1.1830e+03 2.5505e+02 1.2420e+03 3.5353e+02 8.6306e-05
2.8174e+02 1.6545e+02 4.3428e+02 2.4117e+02 8.5237e-05
0.0000e+00 8.5511e+01 9.4564e+01 3.0039e+02 8.4497e-05
1.2193e+03 0.0000e+00 1.2420e+03 1.9444e+01 8.4358e-05
4.8338e+02 1.5259e+02 6.0164e+02 2.5429e+02 8.3630e-05
0.0000e+00 1.9213e+02 2.9460e+01 2.3665e+02 8.3211e-05
8.5859e+02 2.9028e+02 9.3611e+02 3.7500e+02 8.3147e-05
1.2193e+03 1.8011e+02 1.2420e+03 2.3759e+02 8.3054e-05
0.0000e+00 3.1932e+01 2.7600e+01 2.3190e+02 8.2869e-05
4.6214e+02 1.4255e+02 4.9990e+02 2.2066e+02 8.2076e-05
4.0141e+02 2.7292e+02 8.0803e+02 3.7500e+02 8.1631e-05
4.0192e+02 1.7441e+02 4.4229e+02 2.5813e+02 8.1372e-05
1.1980e+03 2.3054e+02 1.2420e+03 3.5053e+02 8.1110e-05
0.0000e+00 1.3460e+02 1.4519e+02 3.1335e+02 8.0340e-05
7.3389e+02 2.8461e+02 8.0648e+02 3.7500e+02 7.7793e-05
1.3936e+01 2.9675e+02 8.5963e+01 3.7500e+02 7.6751e-05
3.5532e+02 1.9938e+02 4.3890e+02 2.4036e+02 7.6439e-05
5.3444e+02 1.5770e+02 5.6999e+02 2.3426e+02 7.4002e-05
6.0468e+02 0.0000e+00 1.2358e+03 1.1447e+02 7.3893e-05
3.8500e+02 4.3329e+01 5.2275e+02 3.1380e+02 7.3100e-05
1.0331e+03 2.8893e+02 1.1106e+03 3.7500e+02 7.2183e-05
9.7048e+02 3.2668e+02 1.1047e+03 3.7500e+02 7.2080e-05
0.0000e+00 7.0206e+01 1.3854e+02 2.4518e+02 7.2010e-05
8.7543e+02 3.2928e+02 1.0056e+03 3.7500e+02 7.2001e-05
3.5437e+02 1.1252e+02 6.7964e+02 2.7638e+02 7.1962e-05
3.5489e+02 4.6035e+01 4.9927e+02 3.5205e+02 7.1635e-05
5.5052e+02 1.4358e+02 5.8799e+02 2.1991e+02 7.1595e-05
0.0000e+00 3.1166e+02 1.0826e+01 3.7500e+02 7.0963e-05
4.5405e+02 1.6685e+02 5.1756e+02 2.1368e+02 7.0945e-05
0.0000e+00 3.2993e+02 3.3282e+01 3.7500e+02 7.0538e-05
5.3837e+02 1.8853e+02 6.0726e+02 2.2303e+02 7.0400e-05
9.4352e+02 3.3433e+02 1.1294e+03 3.7500e+02 6.9233e-05
8.0509e+02 3.3898e+02 8.3864e+02 3.7500e+02 6.9174e-05
4.5174e+02 1.7865e+02 5.2912e+02 2.1824e+02 6.8887e-05
5.4472e+02 1.3228e+02 6.1260e+02 2.8420e+02 6.8669e-05
1.0466e+03 1.8068e+02 1.1423e+03 2.2029e+02 6.8410e-05
3.6847e+02 1.7537e+02 5.1102e+02 2.5448e+02 6.7197e-05
1.1861e+03 3.3223e+02 1.2249e+03 3.7500e+02 6.7017e-05
0.0000e+00 1.1729e+02 8.5375e+01 3.3433e+02 6.6874e-05
5.9189e+02 2.0829e+02 7.4438e+02 3.7500e+02 6.6713e-05
0.0000e+00 0.0000e+00 3.0223e+01 2.7387e+01 6.6640e-05
3.0108e+02 9.3980e+01 5.3549e+02 2.6783e+02 6.5625e-05
4.8791e+02 1.7221e+02 5.4930e+02 2.2472e+02 6.5415e-05
4.1845e+02 1.6490e+02 4.5610e+02 2.5526e+02 6.5030e-05
4.8727e+02 1.5412e+02 5.2448e+02 2.3641e+02 6.5019e-05
5.4684e+02 1.7977e+02 6.0123e+02 2.1815e+02 6.4929e-05
4.8303e+02 1.1867e+02 5.9339e+02 2.1025e+02 6.4515e-05
5.4494e+02 1.5919e+02 5.7829e+02 2.3097e+02 6.4275e-05
7.8104e+02 3.4127e+02 8.1582e+02 3.7500e+02 6.3625e-05
4.2420e+02 1.3049e+02 5.3911e+02 2.2794e+02 6.3096e-05
2.1866e+02 0.0000e+00 8.5052e+02 1.1338e+02 6.2685e-05
4.8001e+02 4.0568e+01 6.2632e+02 3.5437e+02 6.2247e-05
1.0615e+03 3.2521e+02 1.1972e+03 3.7500e+02 6.1936e-05
8.4904e+02 3.3282e+02 1.0269e+03 3.7500e+02 6.1598e-05
5.5875e+02 2.0960e+02 7.1259e+02 3.7500e+02 6.1480e-05
1.2224e+03 3.4189e+02 1.2420e+03 3.7500e+02 6.1313e-05
1.0739e+03 2.0476e+02 1.1772e+03 2.4383e+02 6.0968e-05
4.7366e+02 0.0000e+00 1.1116e+03 1.1338e+02 6.0286e-05
5.5422e+02 1.5834e+02 6.3519e+02 1.9530e+02 6.0025e-05
4.6213e+02 1.5458e+02 4.9783e+02 2.3708e+02 5.9915e-05
0.0000e+00 1.6793e+02 1.2514e+02 3.4929e+02 5.9844e-05
1.1635e+03 2.4173e+02 1.2420e+03 3.7500e+02 5.9564e-05
0.0000e+00 5.2704e+00 2.9719e+01 2.0024e+02 5.8795e-05
5.6242e+02 1.6932e+02 5.9199e+02 2.3516e+02 5.8455e-05
1.2177e+03 2.6351e+02 1.2420e+03 3.0927e+02 5.8451e-05
4.0582e+02 1.6326e+02 5.6330e+02 2.4651e+02 5.7974e-05
0.0000e+00 0.0000e+00 3.9367e+02 1.1959e+02 5.7632e-05
5.2956e+02 2.1002e+02 6.8015e+02 3.7500e+02 5.6989e-05
7.2537e+02 2.0462e+02 8.6979e+02 3.7500e+02 5.6585e-05
1.0666e+03 2.8898e+02 1.1445e+03 3.7500e+02 5.6541e-05
7.5455e+02 0.0000e+00 1.0504e+03 2.7012e+02 5.6425e-05
4.8339e+02 1.3122e+02 5.4683e+02 2.9802e+02 5.6384e-05
4.7802e+02 1.8686e+02 5.6180e+02 2.2729e+02 5.6256e-05
1.0664e+03 1.9658e+02 1.1659e+03 2.3694e+02 5.6166e-05
4.9647e+02 1.8746e+02 5.7635e+02 2.2649e+02 5.5884e-05
5.1452e+02 1.4494e+02 5.8046e+02 1.9487e+02 5.5840e-05
1.1233e+03 2.4130e+01 1.2420e+03 2.5671e+02 5.5642e-05
5.5698e+02 1.8204e+02 6.0659e+02 2.1705e+02 5.5312e-05
3.1957e+02 1.4976e+02 4.0003e+02 1.8863e+02 5.4337e-05
3.4612e+02 0.0000e+00 9.7708e+02 1.1239e+02 5.4046e-05
1.1902e+03 3.1906e+01 1.2420e+03 1.3267e+02 5.4011e-05
9.6094e+02 1.7213e+02 1.1529e+03 2.4237e+02 5.3983e-05
0.0000e+00 0.0000e+00 3.3951e+01 2.0180e+01 5.3783e-05
4.9900e+02 1.3101e+02 5.6321e+02 2.9722e+02 5.3727e-05
5.5408e+02 1.6822e+02 5.8384e+02 2.3623e+02 5.3662e-05
5.0412e+02 1.7375e+02 5.6487e+02 2.2316e+02 5.3631e-05
6.1051e+02 2.7358e+02 9.8638e+02 3.7500e+02 5.3472e-05
3.6559e+00 3.3184e+02 4.1468e+01 3.7500e+02 5.3460e-05
0.0000e+00 0.0000e+00 5.1525e+01 7.4812e+01 5.3174e-05
7.8384e+02 0.0000e+00 1.0934e+03 5.5673e+01 5.3072e-05
3.9947e+02 0.0000e+00 7.0939e+02 5.5602e+01 5.3071e-05
3.1420e+02 1.0450e+02 5.6673e+02 2.9958e+02 5.3068e-05
1.0498e+03 2.8916e+02 1.1277e+03 3.7500e+02 5.2992e-05
3.3474e+02 1.7959e+02 4.0991e+02 2.1866e+02 5.2642e-05
5.1386e+02 1.3442e+02 6.2869e+02 2.2385e+02 5.2600e-05
3.4627e+02 1.8436e+02 4.1757e+02 2.2764e+02 5.2586e-05
8.1272e+02 3.3879e+02 8.4770e+02 3.7500e+02 5.2586e-05
4.6290e+02 0.0000e+00 7.7318e+02 5.5320e+01 5.2578e-05
7.2009e+02 0.0000e+00 1.0292e+03 5.5561e+01 5.2537e-05
3.3518e+02 0.0000e+00 6.4525e+02 5.5543e+01 5.2287e-05
4.9882e+02 2.7202e+02 8.9252e+02 3.7500e+02 5.2180e-05
4.4830e+02 4.0571e+01 5.9465e+02 3.6002e+02 5.2177e-05
6.2568e+02 2.0952e+02 7.7298e+02 3.7500e+02 5.2140e-05
0.0000e+00 2.4778e+02 3.4057e+01 3.6008e+02 5.2122e-05
5.2242e+02 1.8851e+02 5.9830e+02 2.2530e+02 5.2061e-05
5.2698e+02 0.0000e+00 8.3681e+02 5.5039e+01 5.2000e-05
6.5636e+02 0.0000e+00 9.6534e+02 5.5463e+01 5.1988e-05
0.0000e+00 1.1939e+02 3.9715e+01 2.2801e+02 5.1935e-05
3.2502e+02 1.1188e+02 3.9036e+02 2.7199e+02 5.1849e-05
0.0000e+00 0.0000e+00 5.5626e+01 2.9491e+02 5.1831e-05
5.9169e+02 0.0000e+00 9.0106e+02 5.5050e+01 5.1674e-05
2.0390e+02 2.8893e+02 2.7899e+02 3.7500e+02 5.1638e-05
5.5582e+02 1.8244e+02 6.2313e+02 2.1488e+02 5.1617e-05
1.0503e+03 2.1272e+02 1.1559e+03 2.5087e+02 5.1608e-05
7.1704e+02 2.8644e+02 7.9134e+02 3.7500e+02 5.1448e-05
4.5027e+02 8.0377e+01 5.1847e+02 2.5356e+02 5.1423e-05
1.0394e+03 3.3295e+02 1.2195e+03 3.7500e+02 5.1348e-05
3.2923e+02 3.8158e+01 4.6825e+02 3.4379e+02 5.1176e-05
1.8827e+02 2.8978e+02 2.6361e+02 3.7500e+02 5.0705e-05
5.6107e+02 1.3025e+02 6.2709e+02 2.8445e+02 5.0633e-05
4.0060e+02 1.0903e+02 7.4234e+02 2.7469e+02 5.0452e-05
8.2043e+02 3.4014e+02 8.5609e+02 3.7500e+02 5.0327e-05
6.9193e+02 0.0000e+00 9.8658e+02 2.7010e+02 5.0298e-05
1.0501e+03 2.1155e+02 1.2420e+03 3.6805e+02 4.9481e-05
1.0099e+03 1.5985e+02 1.1886e+03 2.2960e+02 4.8807e-05
5.5698e+02 1.4183e+02 5.9515e+02 2.1966e+02 4.8752e-05
4.4271e+02 1.7139e+02 5.1108e+02 2.1143e+02 4.8644e-05
8.1749e+02 0.0000e+00 1.1122e+03 2.7166e+02 4.8432e-05
7.7302e+02 3.4076e+02 8.0755e+02 3.7500e+02 4.8261e-05
1.2157e+03 8.5724e+01 1.2420e+03 2.1085e+02 4.8024e-05
4.3275e+02 1.1560e+02 5.0005e+02 2.8306e+02 4.7857e-05
2.2002e+02 2.8955e+02 2.9435e+02 3.7500e+02 4.7474e-05
2.7130e+02 0.0000e+00 5.8170e+02 5.5470e+01 4.7451e-05
8.5928e+01 0.0000e+00 7.2966e+02 1.0976e+02 4.7402e-05
7.7828e+02 3.2891e+02 9.0885e+02 3.7500e+02 4.7237e-05
4.1507e+02 3.6916e+01 5.5095e+02 3.1645e+02 4.7088e-05
9.4968e+02 1.5564e+02 1.1318e+03 2.2837e+02 4.6743e-05
9.3935e+02 3.4114e+02 9.7671e+02 3.7500e+02 4.6737e-05
1.7228e+02 2.8811e+02 2.4766e+02 3.7500e+02 4.6497e-05
2.9366e+02 3.7503e+01 4.3457e+02 3.5571e+02 4.6476e-05
5.6191e+02 1.0927e+02 6.2594e+02 2.5529e+02 4.6419e-05
1.1779e+03 3.3436e+02 1.2183e+03 3.7500e+02 4.6242e-05
0.0000e+00 0.0000e+00 2.6685e+01 1.0503e+02 4.6229e-05
0.0000e+00 2.7977e+02 1.2974e+01 3.7500e+02 4.5967e-05
3.2054e+02 1.5595e+02 4.0340e+02 1.9603e+02 4.5957e-05
8.4580e+02 0.0000e+00 1.1563e+03 5.5055e+01 4.5510e-05
3.2081e+02 1.6540e+02 4.0318e+02 2.0331e+02 4.4685e-05
8.2837e+02 3.4135e+02 8.6407e+02 3.7500e+02 4.4419e-05
8.4400e+02 3.2877e+02 9.7433e+02 3.7500e+02 4.4152e-05
0.0000e+00 1.9457e+02 1.8469e+01 2.5132e+02 4.3993e-05
1.0739e+03 2.1155e+02 1.1800e+03 2.5156e+02 4.3908e-05
0.0000e+00 2.2528e+02 1.2480e+02 3.7500e+02 4.3814e-05
3.7408e+02 1.7471e+02 4.1275e+02 2.5336e+02 4.3779e-05
0.0000e+00 0.0000e+00 1.7026e+02 3.7500e+02 4.3761e-05
7.6519e+02 3.4098e+02 7.9964e+02 3.7500e+02 4.3758e-05
4.5648e+02 1.7389e+02 5.1882e+02 2.2375e+02 4.3592e-05
4.7770e+02 1.5453e+02 5.1492e+02 2.3697e+02 4.3371e-05
4.8351e+02 1.8327e+02 6.4805e+02 2.5825e+02 4.3320e-05
0.0000e+00 1.5468e+02 7.9075e+01 3.6923e+02 4.2997e-05
4.8934e+02 1.3864e+02 5.8171e+02 1.8312e+02 4.2835e-05
7.5702e+02 3.4003e+02 7.9201e+02 3.7500e+02 4.2563e-05
3.3347e+02 1.8213e+02 4.4355e+02 2.7352e+02 4.2549e-05
4.2598e+02 1.5378e+02 5.4096e+02 2.5522e+02 4.2535e-05
4.9068e+02 2.6423e+02 7.7702e+02 3.7500e+02 4.2500e-05
4.9880e+02 2.1124e+02 6.4839e+02 3.7500e+02 4.2374e-05
7.2677e+02 1.9395e+01 1.0795e+03 3.7500e+02 4.2219e-05
3.3616e+02 1.7238e+02 4.1114e+02 2.1136e+02 4.2177e-05
0.0000e+00 4.5206e+01 1.3256e+02 2.1229e+02 4.2171e-05
0.0000e+00 1.3303e+02 1.4129e+01 2.3849e+02 4.1983e-05
7.5022e+02 3.2898e+02 8.7892e+02 3.7500e+02 4.1964e-05
7.8174e+02 3.5976e+02 8.4342e+02 3.7500e+02 4.1959e-05
4.3471e+02 0.0000e+00 7.2850e+02 2.7095e+02 4.1817e-05
2.4826e+02 1.5382e+02 4.3053e+02 2.2676e+02 4.1768e-05
9.4714e+02 3.3996e+02 9.8479e+02 3.7500e+02 4.1600e-05
9.3158e+02 3.4122e+02 9.6899e+02 3.7500e+02 4.1490e-05
5.1103e+02 1.5714e+02 6.3654e+02 2.5107e+02 4.1427e-05
5.7076e+02 1.7272e+02 5.9903e+02 2.3552e+02 4.1309e-05
0.0000e+00 1.4701e+02 4.2538e+01 2.5833e+02 4.1186e-05
6.5870e+02 2.0875e+02 8.0267e+02 3.7500e+02 4.1101e-05
4.5159e+02 1.8802e+02 5.2820e+02 2.2669e+02 4.0920e-05
6.9254e+02 2.0688e+02 8.3539e+02 3.7500e+02 4.0903e-05
3.7197e+02 0.0000e+00 6.6654e+02 2.6877e+02 4.0880e-05
1.5636e+02 2.8824e+02 2.3131e+02 3.7500e+02 4.0846e-05
8.1116e+02 3.2798e+02 9.4260e+02 3.7500e+02 4.0834e-05
3.5165e+02 9.2298e+01 5.9133e+02 2.6924e+02 4.0785e-05
2.3592e+02 2.8971e+02 3.1005e+02 3.7500e+02 4.0498e-05
1.2024e+03 2.0942e+01 1.2420e+03 1.4387e+02 4.0466e-05
5.1748e+02 1.6248e+02 5.5467e+02 2.5335e+02 4.0322e-05
3.1629e+02 1.7312e+02 3.9413e+02 2.0881e+02 4.0073e-05
0.0000e+00 0.0000e+00 2.6246e+02 2.1810e+02 3.9971e-05
6.2868e+02 0.0000e+00 9.2342e+02 2.7041e+02 3.9899e-05
4.1019e+02 1.8435e+02 4.6343e+02 2.2913e+02 3.8832e-05
4.1240e+02 1.7431e+02 4.4951e+02 2.5862e+02 3.8629e-05
0.0000e+00 1.4337e+02 6.0385e+01 2.3513e+02 3.8586e-05
2.0840e+02 0.0000e+00 5.1848e+02 5.4690e+01 3.8506e-05
9.1126e+02 3.5897e+02 1.0010e+03 3.7500e+02 3.8463e-05
4.9749e+02 0.0000e+00 7.9169e+02 2.7145e+02 3.8426e-05
5.2934e+02 1.4708e+02 6.1862e+02 1.8952e+02 3.8324e-05
0.0000e+00 1.2954e+02 5.6531e+01 2.2077e+02 3.8043e-05
2.2292e+02 7.9883e+01 4.7782e+02 2.6645e+02 3.7951e-05
1.2031e+03 3.5515e+02 1.2420e+03 3.7500e+02 3.7936e-05
4.5447e+01 0.0000e+00 3.5785e+02 5.4045e+01 3.7827e-05
5.0620e+02 4.0239e+01 6.6012e+02 3.5872e+02 3.7673e-05
0.0000e+00 0.0000e+00 1.7727e+02 2.3571e+02 3.7643e-05
1.2170e+03 6.3423e+01 1.2420e+03 1.1174e+02 3.7506e-05
2.7983e+01 2.9480e+02 1.0234e+02 3.7500e+02 3.7485e-05
7.4882e+02 3.3314e+02 9.3149e+02 3.7500e+02 3.7407e-05
7.9839e+02 3.3172e+02 9.8118e+02 3.7500e+02 3.7257e-05
3.5916e+02 2.0609e+02 4.5107e+02 2.4307e+02 3.7243e-05
1.1463e+03 2.5015e+02 1.2329e+03 3.7500e+02 3.7114e-05
7.0070e+02 2.8510e+02 7.7601e+02 3.7500e+02 3.7105e-05
2.5100e+02 1.4054e+02 4.2743e+02 2.1384e+02 3.6847e-05
9.9550e+02 3.3907e+02 1.0341e+03 3.7500e+02 3.6790e-05
9.5489e+02 3.3943e+02 9.9347e+02 3.7500e+02 3.6699e-05
1.0250e+03 1.8823e+02 1.1205e+03 2.2677e+02 3.5993e-05
1.1001e+02 0.0000e+00 4.2178e+02 5.3466e+01 3.5945e-05
0.0000e+00 1.3098e+02 5.3902e+01 3.7500e+02 3.5910e-05
4.6422e+02 1.8816e+02 5.4698e+02 2.2530e+02 3.5884e-05
8.5224e+02 0.0000e+00 9.1671e+02 5.8725e+01 3.5875e-05
4.8425e+02 0.0000e+00 5.4866e+02 5.8978e+01 3.5873e-05
5.6364e+02 0.0000e+00 8.5859e+02 2.7120e+02 3.5844e-05
8.6823e+02 0.0000e+00 9.3272e+02 5.8717e+01 3.5822e-05
4.6825e+02 0.0000e+00 5.3265e+02 5.9023e+01 3.5808e-05
8.3623e+02 0.0000e+00 9.0071e+02 5.8718e+01 3.5804e-05
5.0026e+02 0.0000e+00 5.6467e+02 5.8909e+01 3.5790e-05
9.6003e+01 1.2472e+02 4.4077e+02 2.8587e+02 3.5770e-05
8.2023e+02 0.0000e+00 8.8471e+02 5.8732e+01 3.5765e-05
8.0423e+02 0.0000e+00 8.6871e+02 5.8758e+01 3.5714e-05
4.5226e+02 0.0000e+00 5.1665e+02 5.9057e+01 3.5704e-05
7.8823e+02 0.0000e+00 8.5270e+02 5.8801e+01 3.5703e-05
5.1626e+02 0.0000e+00 5.8068e+02 5.8840e+01 3.5690e-05
7.7223e+02 0.0000e+00 8.3668e+02 5.8855e+01 3.5664e-05
8.8425e+02 0.0000e+00 9.4871e+02 5.8710e+01 3.5656e-05
4.3624e+02 0.0000e+00 5.0065e+02 5.9097e+01 3.5641e-05
5.3226e+02 0.0000e+00 5.9670e+02 5.8777e+01 3.5633e-05
7.5622e+02 0.0000e+00 8.2068e+02 5.8884e+01 3.5584e-05
5.4826e+02 0.0000e+00 6.1272e+02 5.8717e+01 3.5579e-05
5.6426e+02 0.0000e+00 6.2871e+02 5.8677e+01 3.5548e-05
5.2947e+02 1.7681e+02 5.8630e+02 2.1993e+02 3.5505e-05
7.4021e+02 0.0000e+00 8.0467e+02 5.8914e+01 3.5490e-05
5.8026e+02 0.0000e+00 6.4472e+02 5.8644e+01 3.5477e-05
9.0026e+02 0.0000e+00 9.6471e+02 5.8697e+01 3.5408e-05
4.2024e+02 0.0000e+00 4.8465e+02 5.9124e+01 3.5399e-05
9.1628e+02 0.0000e+00 9.8071e+02 5.8718e+01 3.5353e-05
3.5805e+02 1.8313e+02 4.2649e+02 2.3843e+02 3.5323e-05
2.2835e+02 3.4143e+02 2.6400e+02 3.7500e+02 3.5314e-05
7.2420e+02 0.0000e+00 7.8867e+02 5.8868e+01 3.5281e-05
3.0985e+02 0.0000e+00 6.0233e+02 2.6850e+02 3.5271e-05
5.9622e+02 0.0000e+00 6.6071e+02 5.8624e+01 3.5261e-05
4.0421e+02 0.0000e+00 4.6863e+02 5.9197e+01 3.5253e-05
1.1866e+03 1.4562e+02 1.2420e+03 3.2915e+02 3.5119e-05
9.3229e+02 0.0000e+00 9.9671e+02 5.8735e+01 3.5100e-05
7.0819e+02 0.0000e+00 7.7267e+02 5.8818e+01 3.5017e-05
3.1529e+02 2.7292e+02 7.0896e+02 3.7500e+02 3.4992e-05
6.1221e+02 0.0000e+00 6.7673e+02 5.8582e+01 3.4954e-05
6.6818e+02 2.6892e+02 9.3078e+02 3.7500e+02 3.4942e-05
4.1140e+02 1.7647e+02 4.6860e+02 2.2250e+02 3.4826e-05
3.8821e+02 0.0000e+00 4.5262e+02 5.9283e+01 3.4812e-05
9.4829e+02 0.0000e+00 1.0126e+03 5.8750e+01 3.4781e-05
6.9218e+02 0.0000e+00 7.5670e+02 5.8699e+01 3.4755e-05
6.2819e+02 0.0000e+00 6.9273e+02 5.8534e+01 3.4592e-05
2.9257e+02 1.4427e+02 4.1071e+02 2.3945e+02 3.4577e-05
6.7617e+02 0.0000e+00 7.4071e+02 5.8589e+01 3.4536e-05

