4.5794e+02 1.6715e+02 4.7890e+02 2.2379e+02 9.9984e-01
1.0163e+03 1.4056e+02 1.0855e+03 3.0849e+02 9.9845e-01
1.0206e+03 1.4963e+02 1.0754e+03 2.9029e+02 9.9830e-01
4.6344e+02 1.6973e+02 4.8285e+02 2.2182e+02 9.9818e-01
4.5526e+02 1.6597e+02 4.7538e+02 2.2744e+02 9.9363e-01
5.1021e+00 1.6904e+02 6.4854e+01 3.6174e+02 9.8370e-01
4.5469e+02 1.6538e+02 4.7056e+02 2.2444e+02 9.7939e-01
1.0297e+03 1.5188e+02 1.0878e+03 2.8684e+02 9.7393e-01
6.8929e+02 1.6021e+02 7.8144e+02 2.3654e+02 9.7322e-01
1.0041e+03 1.4202e+02 1.0807e+03 3.3412e+02 9.6160e-01
9.9713e+02 1.4895e+02 1.0997e+03 2.9895e+02 9.5996e-01
4.5650e+02 1.6497e+02 4.8191e+02 2.2473e+02 9.5886e-01
8.4715e+02 1.8813e+02 1.1183e+03 3.4251e+02 9.5835e-01
2.1145e+00 1.5897e+02 7.8683e+01 3.3987e+02 9.4179e-01
1.0080e+03 1.5249e+02 1.0607e+03 2.9043e+02 9.2911e-01
4.5486e+02 1.7281e+02 4.8184e+02 2.2219e+02 9.2231e-01
2.4022e+00 1.5779e+02 5.0516e+01 3.1822e+02 9.1077e-01
4.7038e+02 1.7015e+02 4.8505e+02 2.2099e+02 9.0965e-01
1.0604e+03 2.1713e+02 1.2278e+03 3.5985e+02 8.8432e-01
4.6081e+02 1.7601e+02 4.8152e+02 2.3020e+02 8.4972e-01
9.9075e+02 1.4232e+02 1.0667e+03 3.4558e+02 8.2952e-01
7.7798e+00 1.5499e+02 5.2716e+01 3.7500e+02 8.2863e-01
7.2390e+00 1.7445e+02 5.7055e+01 3.2910e+02 7.7572e-01
3.3355e+00 1.7044e+02 4.5388e+01 3.5236e+02 7.7137e-01
5.3598e+02 1.7553e+02 5.5533e+02 2.2715e+02 7.6060e-01
4.5012e+02 1.6421e+02 4.6280e+02 2.2303e+02 7.5892e-01
1.0113e+03 1.5484e+02 1.0846e+03 2.7551e+02 7.2712e-01
6.5798e+02 1.6629e+02 6.7075e+02 2.0650e+02 7.1977e-01
6.5025e+02 1.6820e+02 6.6187e+02 2.0368e+02 7.0520e-01
9.2552e+00 1.7250e+02 6.7274e+01 3.0501e+02 7.0266e-01
6.5421e+02 1.6803e+02 6.6615e+02 2.0467e+02 6.8640e-01
8.6209e-01 1.5678e+02 3.9178e+01 3.3560e+02 6.8298e-01
9.4114e+02 2.0036e+02 1.1715e+03 3.5961e+02 6.7093e-01
1.0400e+03 1.5426e+02 1.0957e+03 2.8362e+02 6.2571e-01
4.5111e+02 1.6809e+02 4.8776e+02 2.2791e+02 6.2434e-01
9.0982e+02 1.6451e+02 1.1154e+03 3.6120e+02 5.8827e-01
6.6071e+02 1.6726e+02 6.7450e+02 2.0786e+02 5.8361e-01
7.9014e+02 1.3327e+02 1.2410e+03 3.7500e+02 5.7899e-01
1.5659e+01 1.7992e+02 6.2619e+01 3.3704e+02 5.5360e-01
6.4670e+02 1.6804e+02 6.5814e+02 2.0153e+02 5.5284e-01
5.1651e+02 1.8270e+02 5.3309e+02 2.2640e+02 5.3659e-01
1.0310e+03 1.4447e+02 1.0799e+03 2.6518e+02 4.9745e-01
9.7610e+02 1.6088e+02 1.0957e+03 3.1202e+02 4.8159e-01
8.3560e+02 2.1966e+02 1.0746e+03 3.3329e+02 4.7150e-01
1.0017e+03 1.5525e+02 1.0487e+03 2.8817e+02 4.6971e-01
6.4247e+02 1.6799e+02 6.5407e+02 2.0167e+02 4.6001e-01
5.3865e+02 1.7219e+02 5.5805e+02 2.2473e+02 4.4664e-01
7.0105e+02 1.5316e+02 7.5931e+02 2.4400e+02 4.2961e-01
9.2812e+02 1.7625e+02 1.1848e+03 3.3721e+02 4.2871e-01
1.0016e+03 2.1200e+02 1.2130e+03 3.5862e+02 3.6378e-01
4.5644e+02 1.8163e+02 4.8482e+02 2.2741e+02 3.5427e-01
1.5836e-01 1.6132e+02 3.2461e+01 3.7500e+02 3.5010e-01
1.0149e+03 1.5718e+02 1.0901e+03 3.4982e+02 3.3573e-01
8.0123e+02 1.6462e+02 1.0809e+03 3.4636e+02 3.3544e-01
1.0260e+03 1.4970e+02 1.0985e+03 3.2493e+02 3.3466e-01
2.2617e+01 1.7641e+02 6.9183e+01 3.2492e+02 3.3338e-01
4.4632e+02 1.6382e+02 4.5847e+02 2.2300e+02 3.3152e-01
6.0409e+00 1.4994e+02 5.6449e+01 2.8878e+02 3.2369e-01
4.5645e+02 1.6242e+02 4.7465e+02 2.1299e+02 3.1619e-01
8.2289e+02 2.1646e+02 1.1038e+03 3.6821e+02 2.9531e-01
6.3809e+02 9.8465e+01 1.2410e+03 3.7500e+02 2.9283e-01
4.5225e+02 1.8325e+02 4.7964e+02 2.2777e+02 2.8651e-01
4.5193e+02 1.6044e+02 4.8197e+02 2.3360e+02 2.7469e-01
0.0000e+00 1.5063e+02 3.7361e+01 3.7500e+02 2.7404e-01
4.5564e+02 1.6331e+02 4.8005e+02 2.0837e+02 2.6430e-01
1.0301e+03 1.7373e+02 1.0798e+03 2.9690e+02 2.6249e-01
1.0775e+03 2.2889e+02 1.2410e+03 3.4705e+02 2.6173e-01
4.4887e+02 1.6344e+02 4.7319e+02 2.2999e+02 2.4929e-01
6.8546e+02 1.6017e+02 7.9057e+02 2.3923e+02 2.4849e-01
1.0146e+03 1.7344e+02 1.0643e+03 2.9883e+02 2.4834e-01
0.0000e+00 1.5434e+02 2.3415e+01 3.7122e+02 2.4562e-01
8.6841e+02 1.5958e+02 1.1560e+03 3.2497e+02 2.4466e-01
1.0148e+03 1.4646e+02 1.0807e+03 2.4891e+02 2.3935e-01
5.3424e+02 1.7650e+02 5.5021e+02 2.2755e+02 2.3287e-01
9.9258e+02 1.6594e+02 1.1868e+03 3.5733e+02 2.2632e-01
9.6506e+02 1.7019e+02 1.1212e+03 2.6465e+02 2.1952e-01
4.5210e+02 1.7735e+02 4.7132e+02 2.3073e+02 2.1139e-01
2.1620e+01 1.6063e+02 7.1056e+01 2.9657e+02 2.0947e-01
9.8525e+02 1.5385e+02 1.0479e+03 3.3209e+02 2.0772e-01
4.7603e+02 1.6891e+02 4.8927e+02 2.2111e+02 2.0736e-01
5.4255e+02 1.7455e+02 5.5983e+02 2.2534e+02 1.9701e-01
6.5158e+02 1.7060e+02 6.6335e+02 2.0973e+02 1.9416e-01
1.0199e+03 1.4029e+02 1.0674e+03 2.6861e+02 1.8991e-01
6.6489e+02 1.6954e+02 6.7811e+02 2.1129e+02 1.8978e-01
5.1754e+02 1.7383e+02 5.3247e+02 2.2032e+02 1.8658e-01
6.4010e+02 1.6807e+02 6.5195e+02 2.0108e+02 1.8551e-01
4.5373e+02 1.7264e+02 4.7459e+02 2.1838e+02 1.8134e-01
8.9381e+02 2.1793e+02 1.1175e+03 3.1914e+02 1.7643e-01
6.8993e+02 1.7123e+02 7.6696e+02 2.3045e+02 1.7103e-01
1.0845e+03 2.0750e+02 1.2115e+03 3.7500e+02 1.6924e-01
8.5622e+02 2.0639e+02 1.0616e+03 2.8111e+02 1.5662e-01
9.7623e+02 1.8145e+02 1.2327e+03 3.4112e+02 1.5576e-01
1.0389e+03 1.9676e+02 1.2217e+03 3.7220e+02 1.5457e-01
4.5808e+02 1.8411e+02 4.7775e+02 2.2963e+02 1.4780e-01
1.1073e+03 2.2599e+02 1.2371e+03 3.6749e+02 1.4726e-01
5.1957e+02 1.7805e+02 5.3560e+02 2.2352e+02 1.4608e-01
8.2729e+00 1.9577e+02 5.1814e+01 3.5518e+02 1.4391e-01
3.3573e+00 1.3601e+02 4.5599e+01 2.8815e+02 1.4157e-01
1.0283e+03 1.3951e+02 1.0717e+03 2.4944e+02 1.3078e-01
5.3289e+02 1.7975e+02 5.5969e+02 2.1969e+02 1.2418e-01
5.3339e+02 1.6976e+02 5.4839e+02 2.2161e+02 1.2128e-01
4.6203e+02 1.6633e+02 4.7896e+02 2.1227e+02 1.1836e-01
2.0165e+01 1.6399e+02 9.0902e+01 3.2442e+02 1.1457e-01
9.2843e+02 1.3941e+02 1.0514e+03 3.7342e+02 1.1105e-01
8.9891e+02 2.1471e+02 1.1607e+03 3.7201e+02 1.1077e-01
9.9620e-01 1.4527e+02 2.7459e+01 3.4307e+02 1.0968e-01
6.6980e+02 1.7188e+02 6.8281e+02 2.1339e+02 1.0966e-01
6.7386e+02 1.7055e+02 6.8789e+02 2.1479e+02 1.0854e-01
6.7815e+02 1.7224e+02 6.9131e+02 2.1389e+02 1.0777e-01
9.5595e+02 1.8456e+02 1.1258e+03 2.8119e+02 1.0702e-01
8.2309e+02 2.1475e+02 1.0611e+03 3.0844e+02 1.0581e-01
9.7583e+02 1.3855e+02 1.0802e+03 3.7119e+02 1.0557e-01
8.7587e+02 2.0246e+02 1.0774e+03 3.4447e+02 1.0400e-01
9.6720e-01 1.8436e+02 4.7283e+01 3.7500e+02 1.0286e-01
1.0130e+03 1.4352e+02 1.0552e+03 2.7499e+02 9.7786e-02
1.0474e+03 1.4648e+02 1.1096e+03 3.1726e+02 9.7600e-02
5.1689e+02 1.8611e+02 5.3862e+02 2.3366e+02 9.6698e-02
9.4026e+02 1.9941e+02 1.1259e+03 2.9375e+02 8.9528e-02
1.0489e+03 2.0305e+02 1.2147e+03 3.2960e+02 8.6739e-02
6.5220e+02 1.7016e+02 6.6970e+02 1.9809e+02 8.5260e-02
6.4784e+02 1.7042e+02 6.6478e+02 1.9745e+02 8.2681e-02
4.4478e+02 1.7607e+02 4.9258e+02 2.0408e+02 8.1209e-02
8.9900e+02 1.3984e+02 1.0251e+03 3.7500e+02 8.1157e-02
2.8836e+01 1.6807e+02 7.7829e+01 3.0638e+02 8.1136e-02
9.9627e+02 1.5765e+02 1.0369e+03 2.8769e+02 8.0589e-02
9.5048e+02 1.9775e+02 1.0938e+03 3.3733e+02 7.6250e-02
5.3348e+02 1.8331e+02 5.5401e+02 2.3212e+02 7.3085e-02
5.2252e+02 1.8255e+02 5.3987e+02 2.3045e+02 6.9842e-02
8.3520e+02 5.5653e+01 1.2410e+03 3.7500e+02 6.9728e-02
4.5357e+02 1.9718e+02 4.8133e+02 2.3134e+02 6.6434e-02
6.3945e+02 1.7148e+02 6.5727e+02 1.9664e+02 6.3880e-02
1.0238e+03 1.8971e+02 1.0719e+03 3.0140e+02 6.3585e-02
6.4389e+02 1.7107e+02 6.6087e+02 1.9666e+02 6.3016e-02
6.5577e+02 1.6908e+02 6.7423e+02 1.9873e+02 6.2251e-02
4.7219e+02 1.6274e+02 4.8588e+02 2.1754e+02 6.2021e-02
0.0000e+00 1.2718e+02 3.4064e+01 3.2559e+02 6.0705e-02
0.0000e+00 1.7388e+02 1.5283e+01 3.4757e+02 5.6918e-02
7.0951e+02 1.5091e+02 7.6833e+02 2.4796e+02 5.5818e-02
1.0183e+03 1.8001e+02 1.0979e+03 2.8333e+02 5.4693e-02
9.9979e+02 1.3021e+02 1.1182e+03 3.7089e+02 5.4510e-02
4.8094e+02 1.7096e+02 4.9457e+02 2.1998e+02 5.4075e-02
0.0000e+00 1.5407e+02 9.5191e+01 3.0245e+02 5.3277e-02
6.4159e+02 1.5956e+02 6.5454e+02 2.0016e+02 5.3172e-02
4.4493e+02 1.8140e+02 4.9258e+02 2.1025e+02 5.3157e-02
6.4815e+02 1.6951e+02 6.5953e+02 2.0880e+02 5.1859e-02
6.8554e+02 1.6885e+02 6.9980e+02 2.1637e+02 5.1827e-02
1.0357e+03 1.2283e+02 1.1609e+03 3.6201e+02 5.1721e-02
6.8174e+02 1.7272e+02 6.9501e+02 2.1587e+02 5.1094e-02
8.8253e+02 2.2611e+02 1.0976e+03 3.5523e+02 5.1047e-02
3.0013e+00 1.1864e+02 4.8741e+01 3.2464e+02 5.0804e-02
1.0055e+03 1.4780e+02 1.0433e+03 2.7279e+02 4.9877e-02
9.7259e+02 1.5478e+02 1.1277e+03 2.4498e+02 4.9083e-02
4.4849e+02 1.7064e+02 4.6486e+02 2.3001e+02 4.8360e-02
4.4140e+02 1.6128e+02 4.5532e+02 2.2671e+02 4.8186e-02
4.6526e+02 1.7461e+02 4.8552e+02 2.1803e+02 4.8128e-02
9.2723e+02 9.9759e+01 1.2410e+03 3.7500e+02 4.8074e-02
2.8828e+00 2.0812e+02 4.5081e+01 3.7500e+02 4.6617e-02
4.5486e+02 1.6537e+02 4.7778e+02 1.9921e+02 4.5764e-02
1.0023e+03 1.7441e+02 1.0833e+03 2.8643e+02 4.3185e-02
9.7149e+02 1.3453e+02 1.0928e+03 2.7936e+02 4.2660e-02
9.6759e+02 1.6522e+02 1.0519e+03 3.5830e+02 4.1647e-02
5.1366e+02 1.8431e+02 5.3606e+02 2.1750e+02 4.1436e-02
4.4395e+02 1.8887e+02 4.9139e+02 2.1805e+02 4.1395e-02
1.0425e+03 2.1855e+02 1.2322e+03 3.1408e+02 4.0763e-02
4.5858e+02 1.6160e+02 4.8783e+02 2.3660e+02 4.0197e-02
1.0221e+03 1.4844e+02 1.0838e+03 2.2813e+02 3.9899e-02
4.3482e+02 1.7415e+02 4.9035e+02 2.1880e+02 3.9879e-02
4.5008e+02 1.6886e+02 4.7957e+02 2.4623e+02 3.9762e-02
8.4332e+02 1.9614e+02 1.0554e+03 3.2441e+02 3.9731e-02
9.9670e+02 1.7983e+02 1.1204e+03 3.1446e+02 3.9622e-02
5.1525e+02 1.7793e+02 5.3058e+02 2.2252e+02 3.9441e-02
9.9419e+02 1.7188e+02 1.1048e+03 2.2894e+02 3.9419e-02
6.5798e+02 1.6982e+02 6.7768e+02 2.0010e+02 3.9183e-02
7.0044e+02 1.6756e+02 7.9375e+02 2.2676e+02 3.8168e-02
7.0700e+02 1.5484e+02 7.7279e+02 2.5945e+02 3.7946e-02
5.3596e+02 1.7062e+02 5.5291e+02 2.1785e+02 3.7313e-02
4.1331e+00 2.1099e+02 6.2273e+01 3.7500e+02 3.7155e-02
9.5021e+02 1.8070e+02 1.0840e+03 3.0555e+02 3.5141e-02
9.5203e+02 1.5571e+02 1.0347e+03 3.4131e+02 3.4402e-02
1.0095e+03 1.8783e+02 1.0556e+03 3.0513e+02 3.3501e-02
5.2964e+02 1.7979e+02 5.4400e+02 2.2912e+02 3.3488e-02
5.2936e+02 1.8591e+02 5.5992e+02 2.2451e+02 3.3472e-02
9.9757e+02 1.9047e+02 1.0859e+03 3.5382e+02 3.3439e-02
6.4972e+02 1.6214e+02 6.6301e+02 2.0096e+02 3.3348e-02
1.0627e+03 1.2530e+02 1.1970e+03 3.5991e+02 3.2904e-02
1.0589e+03 0.0000e+00 1.2410e+03 3.7500e+02 3.2527e-02
8.5819e+02 0.0000e+00 1.1786e+03 3.7500e+02 3.2039e-02
6.5921e+02 1.7310e+02 6.7060e+02 2.1307e+02 3.1883e-02
9.8753e+02 1.7910e+02 1.1069e+03 2.4264e+02 3.1740e-02
4.4662e+02 2.0093e+02 4.8656e+02 2.2720e+02 3.1110e-02
9.0683e+02 1.9870e+02 1.1002e+03 2.8170e+02 2.9285e-02
1.0787e+03 1.9185e+02 1.1908e+03 3.4809e+02 2.8270e-02
9.3792e+02 1.4589e+02 1.1509e+03 3.4798e+02 2.8087e-02
6.4345e+02 1.7010e+02 6.5525e+02 2.0955e+02 2.7885e-02
4.5606e+02 1.6275e+02 4.6986e+02 2.0661e+02 2.7605e-02
1.3055e+00 1.2197e+02 3.7179e+01 3.0104e+02 2.7302e-02
9.2094e+02 2.2737e+02 1.1134e+03 3.3338e+02 2.7248e-02
4.5527e+02 1.6548e+02 4.8511e+02 2.4744e+02 2.7174e-02
6.5540e+02 1.7319e+02 6.6720e+02 2.1227e+02 2.5361e-02
9.3058e+02 2.1372e+02 1.0900e+03 3.5552e+02 2.4511e-02
5.3031e+02 1.6836e+02 5.4357e+02 2.2295e+02 2.4465e-02
0.0000e+00 2.0334e+02 3.3032e+01 3.7500e+02 2.3451e-02
9.7961e+02 1.8105e+02 9.9789e+02 2.3935e+02 2.3317e-02
9.8924e+02 1.6775e+02 1.0267e+03 2.7682e+02 2.2440e-02
5.1310e+02 1.8640e+02 5.4002e+02 2.2551e+02 2.2301e-02
4.4206e+02 1.9403e+02 4.8781e+02 2.2381e+02 2.2199e-02
6.3891e+02 1.5976e+02 6.5217e+02 1.9909e+02 2.2070e-02
4.4307e+02 1.6972e+02 4.8396e+02 2.2996e+02 2.1933e-02
5.4136e+02 1.8178e+02 5.6112e+02 2.3047e+02 2.1914e-02
1.0477e+03 1.4135e+02 1.0883e+03 2.7191e+02 2.1573e-02
3.2302e+01 1.8436e+02 7.4678e+01 3.2985e+02 2.1316e-02
1.0405e+03 1.3868e+02 1.0820e+03 2.4033e+02 2.0654e-02
9.1141e+02 1.8713e+02 1.0637e+03 3.7500e+02 2.0536e-02
8.7032e+02 1.9347e+02 1.0648e+03 2.5996e+02 2.0373e-02
1.7242e-01 1.6793e+02 6.1871e+01 2.8234e+02 2.0285e-02
5.9644e+02 1.4400e+02 6.1287e+02 1.8901e+02 2.0145e-02
6.5692e+02 1.6047e+02 6.7127e+02 2.0175e+02 1.9980e-02
9.7719e+02 1.8742e+02 1.0747e+03 3.5860e+02 1.9941e-02
6.5357e+02 1.6167e+02 6.6743e+02 2.0031e+02 1.9727e-02
1.1339e+03 2.0354e+02 1.2351e+03 3.6600e+02 1.9561e-02
6.6268e+02 1.7213e+02 6.7462e+02 2.1386e+02 1.9485e-02
1.0532e+03 1.4994e+02 1.0996e+03 2.8442e+02 1.9229e-02
1.0371e+03 2.3612e+02 1.2212e+03 3.7500e+02 1.9088e-02
4.5998e+02 1.6549e+02 4.8323e+02 2.0868e+02 1.8523e-02
4.4836e+02 1.9191e+02 4.7659e+02 2.3150e+02 1.8325e-02
8.5632e+02 2.3761e+02 1.1211e+03 3.7500e+02 1.8237e-02
4.6651e+02 1.6488e+02 4.8169e+02 2.1357e+02 1.8043e-02
7.1708e+02 1.5040e+02 7.8007e+02 2.4399e+02 1.8020e-02
5.2576e+02 1.6971e+02 5.3876e+02 2.2193e+02 1.7843e-02
4.4605e+02 1.6197e+02 4.8823e+02 2.2036e+02 1.7636e-02
0.0000e+00 1.2342e+02 2.7085e+01 3.0534e+02 1.7423e-02
0.0000e+00 1.6735e+01 1.5031e+02 3.7500e+02 1.7412e-02
6.5975e+02 1.6012e+02 6.7475e+02 2.0240e+02 1.7348e-02
6.8764e+02 1.6794e+02 7.0225e+02 2.1789e+02 1.7308e-02
6.9582e+02 1.6283e+02 7.5016e+02 2.4734e+02 1.7255e-02
1.0032e+03 1.6528e+02 1.1066e+03 2.1939e+02 1.6839e-02
4.8337e+02 1.7144e+02 4.9672e+02 2.1787e+02 1.6543e-02
5.4545e+02 1.7297e+02 5.6365e+02 2.2387e+02 1.6507e-02
6.3729e+02 1.6603e+02 6.4939e+02 2.0091e+02 1.5842e-02
1.0018e+03 1.8842e+02 1.0481e+03 3.0821e+02 1.5613e-02
9.8015e+02 1.9395e+02 1.1083e+03 3.2891e+02 1.5609e-02
1.0770e+03 1.4133e+02 1.2208e+03 3.7500e+02 1.5426e-02
1.0327e+03 1.6466e+02 1.1052e+03 3.4899e+02 1.5379e-02
0.0000e+00 7.7412e+01 6.7330e+01 3.7500e+02 1.5172e-02
8.6745e+02 1.2307e+02 1.0158e+03 3.7500e+02 1.4960e-02
6.9657e+02 1.5194e+02 7.6350e+02 2.6618e+02 1.4802e-02
1.0414e+03 1.9210e+02 1.0840e+03 2.9767e+02 1.4443e-02
1.2240e+03 1.8911e+02 1.2410e+03 2.9701e+02 1.4131e-02
4.4856e+02 1.8611e+02 4.9515e+02 2.1414e+02 1.4020e-02
0.0000e+00 2.7831e+02 2.9969e+01 3.7500e+02 1.4013e-02
1.2259e+03 2.0201e+02 1.2410e+03 3.1472e+02 1.3847e-02
4.4705e+02 1.7083e+02 4.6555e+02 2.1244e+02 1.3781e-02
4.3886e+02 1.6970e+02 4.9271e+02 2.1040e+02 1.3777e-02
9.7693e+02 1.8687e+02 9.9485e+02 2.4197e+02 1.3657e-02
4.4717e+02 2.0179e+02 4.7948e+02 2.3223e+02 1.3572e-02
4.7720e+02 1.6227e+02 4.9023e+02 2.1527e+02 1.3075e-02
1.0606e+03 2.6021e+02 1.2344e+03 3.7167e+02 1.2831e-02
5.2660e+02 1.8549e+02 5.4689e+02 2.3352e+02 1.2820e-02
0.0000e+00 1.6204e+02 4.5550e+01 2.9646e+02 1.2562e-02
1.1144e+03 1.8943e+02 1.2410e+03 3.6936e+02 1.2204e-02
9.7468e+02 1.9018e+02 1.1597e+03 2.8494e+02 1.1919e-02
4.3126e+02 1.8050e+02 4.9500e+02 2.2588e+02 1.1816e-02
8.8366e+02 1.8291e+02 1.0364e+03 3.7500e+02 1.1797e-02
5.2150e+02 1.9175e+02 5.6991e+02 2.2140e+02 1.1420e-02
4.3685e+02 1.5933e+02 4.6156e+02 2.4112e+02 1.1305e-02
1.0101e+03 1.6401e+02 1.1287e+03 2.9215e+02 1.1041e-02
1.4557e+01 1.4129e+02 6.2613e+01 2.7753e+02 1.0955e-02
1.1549e+03 1.6607e+02 1.2410e+03 3.7500e+02 1.0851e-02
9.2080e+02 1.7558e+02 1.0185e+03 3.6695e+02 1.0409e-02
4.4218e+02 2.0517e+02 4.8387e+02 2.3031e+02 1.0106e-02
5.2144e+02 1.6883e+02 5.3505e+02 2.1720e+02 1.0072e-02
0.0000e+00 1.4216e+02 1.7266e+01 3.0006e+02 9.9318e-03
1.2241e+03 2.2083e+02 1.2410e+03 3.3854e+02 9.8937e-03
5.2397e+02 1.8838e+02 5.6779e+02 2.1665e+02 9.7322e-03
4.6456e+02 1.8126e+02 4.8706e+02 2.2288e+02 9.6555e-03
3.1140e+01 1.5105e+02 7.6557e+01 2.7723e+02 9.6349e-03
6.7591e+02 1.8162e+02 6.9305e+02 2.1782e+02 9.5840e-03
0.0000e+00 2.2115e+02 3.5663e+01 3.7500e+02 9.4365e-03
8.6531e+02 1.9417e+02 1.0397e+03 2.9255e+02 9.4295e-03
5.9970e+02 1.4466e+02 6.1616e+02 1.9242e+02 9.3801e-03
3.8243e+01 1.6447e+02 8.5890e+01 2.9850e+02 9.3043e-03
6.7292e+02 1.8112e+02 6.9001e+02 2.1733e+02 9.2313e-03
1.0034e+03 2.4816e+02 1.2378e+03 3.7500e+02 9.1522e-03
8.0238e+02 2.5560e+02 1.1855e+03 3.7500e+02 9.1425e-03
2.5752e+01 2.0072e+02 6.7757e+01 3.4292e+02 9.0960e-03
1.0156e+03 2.0687e+02 1.0634e+03 3.0860e+02 9.0024e-03
9.6841e+02 1.5614e+02 1.0282e+03 3.0723e+02 8.8245e-03
1.0042e+03 2.0180e+02 1.0879e+03 2.9669e+02 8.7849e-03
0.0000e+00 1.7391e+02 1.3157e+02 2.7650e+02 8.7507e-03
4.6090e+02 1.8946e+02 4.8021e+02 2.2951e+02 8.5679e-03
9.8061e+02 0.0000e+00 1.2410e+03 3.7500e+02 8.5491e-03
0.0000e+00 3.5621e+02 6.5407e+00 3.7500e+02 8.4831e-03
9.1552e+02 2.4761e+02 1.1043e+03 3.6593e+02 8.4489e-03
6.4424e+02 1.5317e+02 6.5936e+02 2.0076e+02 8.4265e-03
4.5084e+02 1.6301e+02 4.6297e+02 2.0761e+02 8.3392e-03
0.0000e+00 2.1648e+02 1.5515e+01 3.6955e+02 8.3087e-03
1.0244e+03 1.6030e+02 1.1019e+03 2.6717e+02 8.2967e-03
9.8285e+02 1.8095e+02 1.0019e+03 2.4021e+02 8.2915e-03
8.5008e+02 2.1606e+02 1.0807e+03 3.6724e+02 8.2320e-03
4.4494e+02 1.6808e+02 4.7288e+02 2.4771e+02 8.1841e-03
9.8590e+02 1.6781e+02 1.0173e+03 2.7125e+02 8.1242e-03
5.1455e+02 1.7999e+02 5.3533e+02 2.1005e+02 8.1231e-03
0.0000e+00 1.0405e+02 2.2316e+02 3.7500e+02 8.0481e-03
9.5195e+02 1.8432e+02 1.0592e+03 3.6547e+02 7.9390e-03
1.0458e+03 1.7516e+02 1.0909e+03 2.9564e+02 7.9254e-03
0.0000e+00 1.9494e+02 5.6476e+01 3.7500e+02 7.5275e-03
0.0000e+00 2.1440e+02 2.4292e+01 3.7500e+02 7.5150e-03
6.8362e+02 1.8805e+02 7.7661e+02 2.4062e+02 7.4858e-03
0.0000e+00 1.1999e+02 6.5576e+01 3.0907e+02 7.3556e-03
0.0000e+00 3.2653e+02 1.4817e+01 3.7500e+02 7.1749e-03
3.4722e+00 1.9580e+02 6.2098e+01 3.0440e+02 7.1522e-03
4.4714e+02 1.6995e+02 4.8961e+02 1.9642e+02 7.1522e-03
4.6883e+02 1.5604e+02 4.9831e+02 2.3169e+02 7.1295e-03
6.6118e+02 1.7303e+02 6.8101e+02 2.0465e+02 7.0974e-03
9.6628e+02 9.7311e+01 1.1006e+03 3.7324e+02 7.0563e-03
1.2360e+03 2.0847e+02 1.2410e+03 2.6565e+02 7.0433e-03
6.8078e+02 1.6213e+02 6.9491e+02 2.1150e+02 6.9932e-03
5.9296e+02 1.4373e+02 6.0977e+02 1.9282e+02 6.8674e-03
9.9076e+02 1.9719e+02 1.1121e+03 2.5754e+02 6.6740e-03
1.1586e+03 2.0941e+02 1.2392e+03 3.7500e+02 6.5883e-03
9.4429e+02 1.8131e+02 1.0838e+03 3.7500e+02 6.5226e-03
9.1969e+02 1.8910e+02 1.0994e+03 2.6450e+02 6.3649e-03
1.2231e+03 2.3911e+02 1.2410e+03 3.6323e+02 6.2990e-03
9.1764e+02 1.8562e+02 1.0650e+03 3.0477e+02 6.2817e-03
5.6767e+02 1.4635e+02 5.8426e+02 1.9335e+02 6.2035e-03
1.1268e+03 2.3699e+02 1.2410e+03 3.7500e+02 6.1994e-03
4.4434e+02 1.7449e+02 4.5887e+02 2.3204e+02 6.0993e-03
5.5583e+02 1.6121e+02 5.7311e+02 2.1512e+02 6.0547e-03
1.0814e+03 2.0471e+02 1.2311e+03 3.2478e+02 5.9603e-03
9.7474e+02 1.2006e+02 1.0508e+03 3.0301e+02 5.9282e-03
1.0155e+03 2.1250e+02 1.2089e+03 3.0772e+02 5.9230e-03
9.9291e+02 1.4170e+02 1.1031e+03 2.5675e+02 5.8421e-03
1.2063e+03 1.4895e+02 1.2410e+03 3.5959e+02 5.7601e-03
6.3435e+02 1.7410e+02 6.6375e+02 1.9238e+02 5.7144e-03
6.4760e+02 1.7241e+02 6.7762e+02 1.9275e+02 5.6737e-03
1.0345e+03 8.5415e+01 1.2410e+03 3.7500e+02 5.6661e-03
9.1376e+02 1.6495e+02 1.0026e+03 3.3462e+02 5.5916e-03
7.4705e+00 1.2749e+02 5.1898e+01 2.7356e+02 5.5445e-03
9.8634e+02 2.0638e+02 1.1743e+03 2.9930e+02 5.5332e-03
1.1025e+03 1.6393e+02 1.2410e+03 3.4038e+02 5.5131e-03
1.2063e+03 2.0325e+02 1.2410e+03 2.4606e+02 5.4849e-03
1.0088e+03 1.5937e+02 1.1037e+03 2.0947e+02 5.4360e-03
5.1393e+02 1.6826e+02 5.2749e+02 2.1614e+02 5.4204e-03
9.5716e+02 2.2637e+02 1.1008e+03 3.7169e+02 5.2692e-03
1.2361e+03 2.1779e+02 1.2410e+03 2.7876e+02 5.2594e-03
5.0248e+00 1.0697e+02 4.1948e+01 2.7183e+02 5.2514e-03
9.3212e+02 1.8205e+02 1.0410e+03 3.7063e+02 5.2382e-03
6.8465e+02 1.6271e+02 6.9858e+02 2.1163e+02 5.2191e-03
6.7754e+02 1.6956e+02 7.7870e+02 2.5110e+02 5.1888e-03
1.0658e+03 1.7274e+02 1.1488e+03 3.3424e+02 5.1383e-03
1.2017e+03 1.9892e+02 1.2410e+03 3.7500e+02 5.1277e-03
9.7806e+02 1.7989e+02 9.9516e+02 2.3293e+02 5.0810e-03
2.6208e-01 1.5652e+02 6.1851e+01 2.5349e+02 5.0231e-03
4.5012e+02 1.8999e+02 4.7143e+02 2.3442e+02 4.9853e-03
0.0000e+00 9.7849e+01 3.1467e+01 2.9169e+02 4.9834e-03
6.6410e+02 1.5894e+02 6.7908e+02 2.0523e+02 4.9760e-03
5.0895e+02 1.8742e+02 5.7128e+02 2.2783e+02 4.9101e-03
5.2831e+02 1.8252e+02 5.6870e+02 2.1005e+02 4.8449e-03
0.0000e+00 3.1798e+02 4.3208e+01 3.7500e+02 4.8045e-03
1.0857e+03 2.5277e+02 1.2410e+03 3.7500e+02 4.7527e-03
4.6652e+02 1.6956e+02 4.8674e+02 2.1049e+02 4.6532e-03
4.5486e+02 1.7466e+02 4.9582e+02 2.0107e+02 4.6016e-03
4.4686e+02 1.8544e+02 4.6615e+02 2.3344e+02 4.5940e-03
5.7143e+02 1.4680e+02 5.8757e+02 1.9166e+02 4.5895e-03
5.2934e+02 1.7269e+02 5.6109e+02 2.3442e+02 4.4871e-03
1.2246e+03 1.7278e+02 1.2410e+03 2.6653e+02 4.4764e-03
0.0000e+00 1.2164e+02 3.2107e+02 3.7500e+02 4.4459e-03
1.1146e+03 1.9215e+02 1.2182e+03 3.5428e+02 4.4133e-03
1.0511e+03 1.7391e+02 1.2410e+03 3.5411e+02 4.3196e-03
4.4217e+02 1.8270e+02 4.8817e+02 2.3416e+02 4.3135e-03
0.0000e+00 2.5715e+02 9.5267e+01 3.7500e+02 4.2065e-03
6.7439e+02 1.7655e+02 6.9499e+02 2.0796e+02 4.2013e-03
2.4978e+01 1.4233e+02 6.8373e+01 2.7368e+02 4.1159e-03
9.4225e+02 1.5814e+02 1.0136e+03 3.1054e+02 4.0790e-03
1.2026e+03 1.2693e+02 1.2410e+03 3.2078e+02 4.0714e-03
6.4024e+02 1.4710e+02 6.5634e+02 1.9788e+02 4.0617e-03
5.2346e+02 1.6719e+02 5.5368e+02 2.3367e+02 4.0578e-03
6.5206e+02 1.7425e+02 6.7040e+02 2.0638e+02 4.0331e-03
5.3366e+02 1.7593e+02 5.5979e+02 2.0620e+02 3.9699e-03
5.5879e+02 1.6270e+02 5.7653e+02 2.1557e+02 3.9648e-03
5.2389e+02 1.8888e+02 5.5922e+02 2.2974e+02 3.9272e-03
1.3999e+01 2.0543e+02 6.0257e+01 3.5891e+02 3.9185e-03
6.7736e+02 1.5888e+02 6.9163e+02 2.0719e+02 3.8791e-03
0.0000e+00 2.6527e+02 1.6233e+02 3.7500e+02 3.8777e-03
9.5068e+02 2.3908e+02 1.1222e+03 3.4918e+02 3.8261e-03
6.6787e+02 1.6276e+02 6.8276e+02 2.1065e+02 3.7706e-03
5.2004e+02 1.9000e+02 5.4304e+02 2.3383e+02 3.7680e-03
6.3560e+02 1.5811e+02 6.4861e+02 1.9744e+02 3.6763e-03
5.3603e+02 1.7632e+02 5.6231e+02 2.1227e+02 3.6637e-03
1.0565e+03 1.6880e+02 1.1875e+03 3.7500e+02 3.6427e-03
4.3728e+02 1.6202e+02 4.5249e+02 2.2697e+02 3.6368e-03
6.4807e+02 1.7444e+02 6.6695e+02 2.0553e+02 3.6291e-03
9.9527e+02 1.6532e+02 1.0659e+03 2.6708e+02 3.6136e-03
1.2359e+03 2.4872e+02 1.2410e+03 3.1536e+02 3.6052e-03
9.9263e+02 1.1743e+02 1.0678e+03 2.9070e+02 3.5988e-03
1.0294e+03 1.2270e+02 1.1043e+03 2.9776e+02 3.5967e-03
1.2160e+03 2.0346e+02 1.2410e+03 2.6282e+02 3.5699e-03
5.7541e+02 1.4487e+02 5.9241e+02 1.9263e+02 3.5255e-03
9.7694e+02 1.6940e+02 1.0088e+03 2.6066e+02 3.4972e-03
5.3608e+02 1.8434e+02 5.5871e+02 2.3330e+02 3.4971e-03
6.4256e+02 1.6659e+02 6.6216e+02 1.9284e+02 3.4535e-03
1.2184e+03 2.1098e+02 1.2410e+03 2.7208e+02 3.4356e-03
5.7969e+02 1.4418e+02 5.9746e+02 1.9219e+02 3.4281e-03
1.0370e+03 1.5282e+02 1.0595e+03 2.1534e+02 3.4113e-03
5.8339e+02 1.4410e+02 6.0235e+02 1.9397e+02 3.4047e-03
1.2077e+03 2.1682e+02 1.2410e+03 2.6144e+02 3.3871e-03
4.4803e+02 1.6792e+02 4.8477e+02 1.9274e+02 3.3355e-03
1.0139e+03 1.9212e+02 1.1524e+03 3.1534e+02 3.3004e-03
1.2015e+03 2.8272e+02 1.2410e+03 3.7500e+02 3.2957e-03
6.6503e+02 1.7435e+02 6.8613e+02 2.0548e+02 3.2702e-03
6.5605e+02 1.7406e+02 6.7382e+02 2.0617e+02 3.2519e-03
5.8845e+02 1.4379e+02 6.0618e+02 1.9405e+02 3.2500e-03
5.2994e+02 1.7618e+02 5.5375e+02 2.1125e+02 3.2050e-03
1.0707e+03 1.4993e+02 1.1349e+03 3.1404e+02 3.2027e-03
9.4684e+02 1.5285e+02 1.0769e+03 2.8291e+02 3.2012e-03
8.9622e+02 2.1147e+02 1.0250e+03 2.5412e+02 3.1953e-03
5.6379e+02 1.4447e+02 5.8221e+02 1.9511e+02 3.1916e-03
1.0597e+03 2.2005e+02 1.1897e+03 3.7500e+02 3.1764e-03
9.5357e+02 2.1354e+02 1.1351e+03 3.0541e+02 3.1744e-03
0.0000e+00 1.7502e+02 8.9619e+01 2.7416e+02 3.1676e-03
9.1438e+02 2.5391e+02 1.2410e+03 3.7500e+02 3.1668e-03
0.0000e+00 1.1818e+02 9.6189e+01 3.7500e+02 3.1363e-03
9.8188e+02 1.7791e+02 1.0900e+03 2.3383e+02 3.1262e-03
6.6406e+02 1.7689e+02 7.9846e+02 2.5009e+02 3.1167e-03
1.2363e+03 1.9695e+02 1.2410e+03 2.5388e+02 2.9789e-03
9.0809e+02 2.0590e+02 1.0365e+03 2.4397e+02 2.9759e-03
6.8183e+02 1.7431e+02 7.0335e+02 2.0671e+02 2.9679e-03
1.0145e+03 1.3564e+02 1.0522e+03 2.4425e+02 2.9644e-03
6.0396e+02 1.4306e+02 6.1945e+02 1.9085e+02 2.9415e-03
5.2921e+02 1.8767e+02 5.5128e+02 2.3439e+02 2.9175e-03
6.3834e+02 1.6652e+02 6.5794e+02 1.9293e+02 2.9150e-03
1.2167e+03 1.9039e+02 1.2410e+03 3.2878e+02 2.9048e-03
1.0179e+01 2.1779e+02 7.7756e+01 3.7500e+02 2.9007e-03
0.0000e+00 2.0058e+02 4.3573e+01 3.4071e+02 2.8807e-03
1.0407e+03 1.5272e+02 1.0635e+03 2.1382e+02 2.8770e-03
1.0225e+03 1.9156e+02 1.1532e+03 3.7500e+02 2.8712e-03
6.9244e+02 1.6132e+02 7.4082e+02 2.3723e+02 2.8690e-03
1.2109e+03 2.2431e+02 1.2410e+03 2.6849e+02 2.8637e-03
5.1299e+02 1.8343e+02 5.6312e+02 2.3138e+02 2.8509e-03
1.2099e+03 1.8489e+02 1.2406e+03 3.1172e+02 2.8394e-03
6.4627e+02 1.6698e+02 6.6627e+02 1.9304e+02 2.8386e-03
4.2580e+02 1.5969e+02 4.5476e+02 2.5035e+02 2.8230e-03
9.7364e+02 1.8850e+02 9.9154e+02 2.3969e+02 2.7986e-03
1.1071e+03 2.2829e+02 1.2410e+03 3.2391e+02 2.7670e-03
1.0417e+03 1.6908e+02 1.0698e+03 2.5558e+02 2.7517e-03
5.5279e+02 1.6173e+02 5.6956e+02 2.1859e+02 2.7336e-03
4.4155e+02 1.6064e+02 4.5475e+02 2.0860e+02 2.7168e-03
6.3458e+02 1.7185e+02 6.5349e+02 1.9492e+02 2.6968e-03
5.4480e+02 1.8304e+02 5.6374e+02 2.3174e+02 2.6840e-03
6.7353e+02 1.5800e+02 6.8808e+02 2.0736e+02 2.6594e-03
2.5242e+02 1.8538e+02 3.5786e+02 2.2972e+02 2.6457e-03
1.2359e+03 2.3053e+02 1.2410e+03 2.9274e+02 2.6155e-03
1.1857e+03 3.1833e+02 1.2410e+03 3.7500e+02 2.6130e-03
1.2052e+03 1.8591e+02 1.2410e+03 2.3050e+02 2.6011e-03
5.4880e+02 1.6535e+02 5.6505e+02 2.2012e+02 2.5861e-03
1.0507e+03 1.3029e+02 1.1178e+03 2.9907e+02 2.5488e-03
1.1553e+03 7.4888e+01 1.2410e+03 3.7500e+02 2.5309e-03
4.5781e+02 1.9873e+02 4.8426e+02 2.2915e+02 2.5253e-03
1.2150e+03 1.9026e+02 1.2410e+03 2.4716e+02 2.5138e-03
6.7768e+02 1.7433e+02 6.9967e+02 2.0679e+02 2.4914e-03
5.3537e+00 1.2531e+02 8.3690e+01 2.9896e+02 2.4754e-03
1.2226e+03 2.2502e+02 1.2410e+03 2.8744e+02 2.4699e-03
1.2198e+03 1.9272e+02 1.2372e+03 2.6882e+02 2.4646e-03
6.8024e+02 1.7971e+02 6.9537e+02 2.1982e+02 2.4631e-03
1.0363e+03 1.4189e+02 1.0752e+03 2.2382e+02 2.4615e-03
1.2244e+03 3.3393e+02 1.2410e+03 3.7500e+02 2.4527e-03
4.5849e+02 1.9457e+02 4.7596e+02 2.3607e+02 2.4237e-03
7.4778e+02 2.0983e+02 7.6532e+02 2.5774e+02 2.4222e-03
6.7724e+02 1.5055e+02 6.9083e+02 1.9962e+02 2.3984e-03
4.4823e+02 1.7466e+02 4.7794e+02 2.6392e+02 2.3572e-03
9.8166e+02 1.6038e+02 1.0159e+03 2.5614e+02 2.3391e-03
4.4775e+02 1.6765e+02 4.6701e+02 2.0208e+02 2.3046e-03
0.0000e+00 3.5005e+02 2.2921e+01 3.7500e+02 2.2984e-03
6.6973e+02 1.7979e+02 6.8527e+02 2.1674e+02 2.2973e-03
6.9850e+02 1.7010e+02 7.8393e+02 2.4487e+02 2.2930e-03
0.0000e+00 1.2815e+02 1.4978e+01 2.6931e+02 2.2623e-03
1.0424e+03 2.0989e+02 1.2280e+03 2.8217e+02 2.2417e-03
0.0000e+00 3.6779e+02 9.8099e+00 3.7500e+02 2.2412e-03
4.3916e+02 1.3128e+02 4.9367e+02 2.8221e+02 2.2392e-03
9.8971e+02 1.7514e+02 1.0702e+03 2.8197e+02 2.2115e-03
5.1392e+02 1.8994e+02 5.4703e+02 2.3023e+02 2.2076e-03
1.0334e+03 1.5350e+02 1.0555e+03 2.2331e+02 2.1955e-03
4.4766e+02 1.7846e+02 4.6813e+02 2.2056e+02 2.1810e-03
6.3778e+02 1.7576e+02 6.6888e+02 1.9567e+02 2.1760e-03
6.6991e+02 1.7425e+02 6.9128e+02 2.0623e+02 2.1656e-03
0.0000e+00 3.2709e+02 5.6627e+01 3.7500e+02 2.1653e-03
4.5494e+02 1.9589e+02 4.7285e+02 2.3707e+02 2.1540e-03
6.5672e+02 1.6588e+02 6.7892e+02 1.9334e+02 2.1155e-03
4.7190e+02 1.7738e+02 4.9150e+02 2.1629e+02 2.1135e-03
5.1745e+02 1.6366e+02 5.3111e+02 2.1447e+02 2.1060e-03
1.0938e+03 2.4039e+02 1.2027e+03 3.7500e+02 2.1014e-03
6.5027e+02 1.6716e+02 6.7124e+02 1.9349e+02 2.0738e-03
9.2465e+02 1.5977e+02 9.9786e+02 3.0065e+02 2.0713e-03
9.9663e+02 1.9694e+02 1.0390e+03 3.0602e+02 2.0710e-03
4.5699e+02 1.5930e+02 4.7361e+02 2.0270e+02 2.0439e-03
4.5000e+02 2.0746e+02 4.8050e+02 2.3112e+02 2.0235e-03
1.0358e+03 2.0803e+02 1.0737e+03 2.9670e+02 2.0061e-03
5.1361e+02 1.6697e+02 5.4468e+02 2.3685e+02 2.0054e-03
9.8721e+02 1.8551e+02 1.0056e+03 2.4660e+02 1.9973e-03
1.2162e+03 1.9209e+02 1.2338e+03 2.6713e+02 1.9925e-03
5.0785e+02 1.9160e+02 5.5143e+02 2.1998e+02 1.9794e-03
6.7278e+02 1.8073e+02 6.9517e+02 2.1280e+02 1.9657e-03
7.1909e+02 1.5307e+02 7.8496e+02 2.8219e+02 1.9470e-03
4.5582e+02 1.8019e+02 4.9554e+02 2.0818e+02 1.9375e-03
0.0000e+00 2.8786e+02 4.7526e+01 3.7500e+02 1.9358e-03
2.9191e+02 1.6921e+02 3.3376e+02 2.5484e+02 1.9291e-03
4.4276e+02 1.5005e+02 4.7297e+02 2.2879e+02 1.9198e-03
2.8445e+02 1.6719e+02 3.2599e+02 2.5531e+02 1.9137e-03
0.0000e+00 2.4069e+02 2.6614e+01 3.7500e+02 1.9082e-03
1.0086e+03 2.1114e+02 1.1025e+03 3.7035e+02 1.8998e-03
6.8057e+02 1.5014e+02 6.9378e+02 2.0088e+02 1.8849e-03
0.0000e+00 1.4084e+00 2.0910e+02 3.7500e+02 1.8749e-03
9.8315e+02 1.9408e+02 1.1150e+03 3.7500e+02 1.8733e-03
5.2449e+02 1.8523e+02 5.5236e+02 2.2392e+02 1.8583e-03
6.4609e+02 1.7550e+02 6.7847e+02 1.9719e+02 1.8447e-03
6.4461e+02 1.7111e+02 6.7317e+02 1.9044e+02 1.8423e-03
6.3913e+02 1.7154e+02 6.6802e+02 1.9026e+02 1.8401e-03
9.8415e+02 1.6979e+02 1.1682e+03 2.5360e+02 1.8365e-03
7.2069e+02 1.6590e+02 7.9675e+02 2.2250e+02 1.8353e-03
1.2023e+03 0.0000e+00 1.2410e+03 8.2791e+01 1.8026e-03
5.6293e+02 1.6310e+02 5.7912e+02 2.1182e+02 1.7864e-03
1.2215e+03 3.5384e+02 1.2410e+03 3.7500e+02 1.7835e-03
2.7610e+02 1.6636e+02 3.1826e+02 2.5628e+02 1.7724e-03
1.2123e+03 2.3146e+02 1.2410e+03 2.7701e+02 1.7684e-03
8.5874e+00 1.6685e+02 7.6949e+01 2.6720e+02 1.7559e-03
4.6208e+02 1.4704e+02 4.9585e+02 2.3112e+02 1.7477e-03
1.2023e+03 8.3159e+01 1.2410e+03 2.6748e+02 1.7349e-03
5.1883e+02 1.7841e+02 5.6845e+02 2.2915e+02 1.7343e-03
1.1656e+03 0.0000e+00 1.2410e+03 3.4963e+01 1.7279e-03
9.2093e+02 2.7350e+02 1.0922e+03 3.7396e+02 1.7210e-03
6.4401e+02 1.7448e+02 6.6359e+02 2.0306e+02 1.7032e-03
1.1683e+03 1.6127e+02 1.2410e+03 2.5250e+02 1.6829e-03
7.0944e+02 1.6374e+02 7.5786e+02 2.5536e+02 1.6815e-03
8.6996e+02 1.7650e+02 1.0694e+03 2.4544e+02 1.6703e-03
9.9941e+02 1.4309e+02 1.0350e+03 2.5915e+02 1.6487e-03
1.0591e+00 2.0284e+02 5.2769e+01 3.1490e+02 1.6455e-03
1.2118e+03 1.9809e+02 1.2379e+03 3.4630e+02 1.6455e-03
1.0834e+03 1.6907e+02 1.1582e+03 3.2729e+02 1.6365e-03
1.2156e+03 2.0671e+02 1.2344e+03 2.8493e+02 1.6355e-03
3.7411e+01 1.8731e+02 8.3059e+01 3.2138e+02 1.6279e-03
8.8210e+02 2.0472e+02 1.0091e+03 2.4421e+02 1.6118e-03
4.4293e+02 1.9905e+02 4.7158e+02 2.3204e+02 1.6089e-03
2.9367e+02 1.8343e+02 3.1540e+02 2.3996e+02 1.5968e-03
9.2356e+02 9.2596e+01 1.0754e+03 3.6858e+02 1.5893e-03
6.5241e+02 1.7275e+02 6.8442e+02 1.9345e+02 1.5797e-03
4.4578e+02 1.5806e+02 4.5815e+02 2.0489e+02 1.5739e-03
9.8512e+02 2.1722e+02 1.1068e+03 2.7522e+02 1.5693e-03
0.0000e+00 2.1457e+02 8.4916e+00 3.0180e+02 1.5660e-03
1.0005e+03 2.0007e+02 1.1946e+03 2.8372e+02 1.5660e-03
8.7440e+02 1.8409e+02 1.0370e+03 2.7129e+02 1.5596e-03
6.8261e+02 1.6871e+02 7.5073e+02 2.3412e+02 1.5578e-03
6.3886e+02 1.7456e+02 6.5892e+02 2.0114e+02 1.5505e-03
3.0077e+02 1.7064e+02 3.4100e+02 2.5337e+02 1.5459e-03
9.5819e+02 0.0000e+00 1.2410e+03 1.2840e+02 1.5357e-03
9.5479e+02 1.1089e+02 1.0328e+03 2.9852e+02 1.5262e-03
9.6882e+02 1.7386e+02 1.0029e+03 2.5657e+02 1.5205e-03
4.6844e+02 1.7799e+02 4.8524e+02 2.2966e+02 1.5200e-03
1.0092e+03 1.8520e+02 1.1257e+03 2.4717e+02 1.5199e-03
1.1063e+00 2.9050e+02 6.8714e+01 3.7500e+02 1.5193e-03
1.0949e+01 1.9034e+02 7.5831e+01 2.9511e+02 1.5084e-03
4.3703e+02 1.6176e+02 4.8027e+02 2.1665e+02 1.5080e-03
1.2239e+03 1.9334e+02 1.2399e+03 2.6946e+02 1.4976e-03
9.9037e+02 1.8661e+02 1.0281e+03 2.9372e+02 1.4935e-03
5.1245e+02 1.9454e+02 5.6783e+02 2.2530e+02 1.4843e-03
6.4848e+02 1.4677e+02 6.6304e+02 1.9738e+02 1.4735e-03
1.2059e+03 1.7725e+02 1.2410e+03 2.2374e+02 1.4683e-03
9.9969e+02 2.0373e+02 1.1139e+03 2.6824e+02 1.4637e-03
9.2614e+02 3.5397e+01 1.1272e+03 3.7500e+02 1.4517e-03
5.2558e+02 1.8029e+02 5.6703e+02 2.0530e+02 1.4390e-03
1.1684e+03 1.7034e+02 1.2372e+03 3.7136e+02 1.4384e-03
5.1024e+02 1.9010e+02 5.4769e+02 2.1435e+02 1.4383e-03
4.6118e+02 1.6459e+02 4.9014e+02 2.5155e+02 1.4161e-03
1.2006e+03 3.7302e+01 1.2410e+03 2.2093e+02 1.4160e-03
0.0000e+00 1.8758e+02 9.1288e+01 3.5568e+02 1.4127e-03
9.7896e+02 1.7261e+02 9.9764e+02 2.2510e+02 1.4101e-03
1.0263e+03 1.4675e+02 1.0914e+03 2.1269e+02 1.4011e-03
1.0297e+03 1.6664e+02 1.0576e+03 2.5811e+02 1.3905e-03
2.8845e+02 1.5723e+02 3.5862e+02 3.0823e+02 1.3905e-03
6.5045e+02 1.7021e+02 6.8258e+02 1.9055e+02 1.3859e-03
1.0535e+03 1.9725e+02 1.1731e+03 3.6139e+02 1.3725e-03
1.2344e+03 2.1868e+02 1.2410e+03 2.5347e+02 1.3561e-03
2.9764e+02 1.8352e+02 3.1948e+02 2.4055e+02 1.3414e-03
4.9030e+00 2.3446e+02 5.2398e+01 3.7500e+02 1.3392e-03
6.3132e+02 1.7653e+02 6.6262e+02 1.9479e+02 1.3207e-03
1.1964e+03 2.3763e+02 1.2410e+03 3.6906e+02 1.3195e-03
4.2339e+02 1.2946e+02 4.8029e+02 2.8307e+02 1.3190e-03
0.0000e+00 1.4760e+02 1.3627e+02 3.7500e+02 1.3168e-03
1.0140e+03 1.7614e+02 1.1218e+03 2.3345e+02 1.3163e-03
9.9514e+02 2.0343e+02 1.1345e+03 3.2604e+02 1.3159e-03
9.8942e+02 2.1627e+02 1.0789e+03 3.0373e+02 1.3102e-03
1.1845e+03 1.9209e+02 1.2410e+03 3.7500e+02 1.3073e-03
1.0942e+03 1.7439e+02 1.1752e+03 3.2948e+02 1.3064e-03
5.0993e+02 1.6510e+02 5.2257e+02 2.1807e+02 1.3029e-03
1.2234e+03 2.7476e+02 1.2410e+03 3.7500e+02 1.3023e-03
1.0387e+03 1.4390e+02 1.0587e+03 1.9889e+02 1.2929e-03
4.5168e+02 1.9509e+02 4.6908e+02 2.3901e+02 1.2914e-03
4.8732e+02 1.7172e+02 4.9979e+02 2.1759e+02 1.2877e-03
4.6063e+02 1.6846e+02 4.8224e+02 2.0030e+02 1.2774e-03
1.0173e+03 1.4177e+02 1.0768e+03 2.1598e+02 1.2770e-03
0.0000e+00 0.0000e+00 3.3100e+01 8.7144e+01 1.2764e-03
5.0320e+02 1.2878e+02 5.3717e+02 2.3354e+02 1.2761e-03
1.2242e+03 2.4633e+02 1.2410e+03 3.1488e+02 1.2682e-03
9.8561e+02 2.7345e+02 1.0580e+03 3.7500e+02 1.2671e-03
7.7434e+02 0.0000e+00 1.1046e+03 3.7500e+02 1.2643e-03
2.9040e+02 1.8282e+02 3.1132e+02 2.3991e+02 1.2608e-03
9.1085e+02 1.2160e+02 1.1409e+03 3.2578e+02 1.2598e-03
1.2260e+03 8.9922e+01 1.2410e+03 1.8812e+02 1.2594e-03
1.2248e+03 1.4390e+02 1.2410e+03 2.4746e+02 1.2552e-03
1.2340e+03 2.1137e+02 1.2410e+03 2.4537e+02 1.2537e-03
1.0637e+03 1.5563e+02 1.1073e+03 2.8659e+02 1.2377e-03
1.0102e+03 2.1186e+02 1.0568e+03 3.1773e+02 1.2372e-03
3.0950e+02 1.7700e+02 3.4938e+02 2.6036e+02 1.2281e-03
1.2252e+03 0.0000e+00 1.2410e+03 4.7533e+01 1.2259e-03
0.0000e+00 9.3510e+01 2.3755e+01 2.8152e+02 1.2239e-03
4.9999e+01 1.7172e+02 9.3558e+01 3.0111e+02 1.2236e-03
1.1731e+03 1.1344e+02 1.2410e+03 2.0411e+02 1.2153e-03
4.1490e+02 1.6484e+02 4.4872e+02 2.5464e+02 1.1987e-03
1.0421e+03 1.9632e+02 1.0700e+03 2.6696e+02 1.1958e-03
0.0000e+00 2.0351e+02 8.5578e+01 2.6023e+02 1.1867e-03
5.7828e+02 1.5127e+02 5.9889e+02 1.9961e+02 1.1866e-03
1.2154e+03 3.5643e+02 1.2410e+03 3.7500e+02 1.1857e-03
1.2141e+03 2.4003e+02 1.2410e+03 2.8594e+02 1.1829e-03
2.6391e+02 1.9145e+02 3.6465e+02 2.3552e+02 1.1766e-03
1.1326e+03 2.4248e+02 1.2410e+03 3.7500e+02 1.1761e-03
0.0000e+00 2.0099e+02 9.2217e+01 3.0097e+02 1.1752e-03
4.4251e+02 1.7190e+02 4.6038e+02 2.1123e+02 1.1737e-03
1.1868e+03 1.4914e+02 1.2410e+03 2.6740e+02 1.1724e-03
6.3738e+02 1.4587e+02 6.5334e+02 1.9592e+02 1.1699e-03
0.0000e+00 3.2594e+02 2.2803e+01 3.7500e+02 1.1632e-03
1.2352e+03 2.5887e+02 1.2410e+03 3.2745e+02 1.1500e-03
1.1729e+03 1.2935e+02 1.2410e+03 2.2029e+02 1.1411e-03
0.0000e+00 1.0180e+02 1.4738e+01 2.4617e+02 1.1377e-03
5.7573e+02 1.5179e+02 5.9413e+02 1.9966e+02 1.1349e-03
1.0417e+03 1.4616e+02 1.0622e+03 2.0446e+02 1.1331e-03
9.5904e+02 1.7071e+02 9.7728e+02 2.2602e+02 1.1323e-03
6.7239e+02 1.8513e+02 6.8813e+02 2.2521e+02 1.1193e-03
1.1749e+03 2.6205e+02 1.2410e+03 3.6852e+02 1.1143e-03
1.0246e+03 1.7173e+02 1.0478e+03 2.5728e+02 1.1142e-03
1.0087e+03 1.3667e+02 1.0424e+03 2.4191e+02 1.1123e-03
1.1525e+03 0.0000e+00 1.2410e+03 3.3869e+02 1.1094e-03
9.9004e+02 1.5226e+02 1.0254e+03 2.5443e+02 1.1042e-03
1.0599e+03 1.9500e+02 1.1991e+03 2.9307e+02 1.1022e-03
1.4098e+01 2.9110e+02 8.4183e+01 3.7500e+02 1.1005e-03
1.1611e+03 0.0000e+00 1.2410e+03 1.6818e+02 1.1003e-03
1.1790e+03 0.0000e+00 1.2410e+03 4.3487e+01 1.0975e-03
9.8135e+02 2.3020e+02 1.1049e+03 2.8098e+02 1.0935e-03
5.3334e+02 1.8691e+02 5.6477e+02 2.2963e+02 1.0911e-03
1.2023e+03 1.8896e+02 1.2348e+03 3.0682e+02 1.0872e-03
1.2305e+03 2.1415e+02 1.2410e+03 2.4043e+02 1.0859e-03
6.8544e+02 1.5434e+02 6.9791e+02 2.0430e+02 1.0844e-03
4.3983e+02 1.7572e+02 4.5562e+02 2.3388e+02 1.0821e-03
3.8854e+01 1.7617e+02 1.1161e+02 3.1757e+02 1.0695e-03
1.0023e+03 2.7271e+02 1.0734e+03 3.7500e+02 1.0687e-03
4.6199e+02 1.9535e+02 4.7779e+02 2.3467e+02 1.0651e-03
4.9540e+02 1.2864e+02 5.3001e+02 2.2820e+02 1.0612e-03
1.0590e+03 1.4089e+02 1.0962e+03 2.6402e+02 1.0607e-03
1.0157e+03 0.0000e+00 1.2410e+03 1.8212e+02 1.0601e-03
1.2345e+03 2.2687e+02 1.2410e+03 2.6142e+02 1.0554e-03
1.0369e+03 1.8140e+02 1.0671e+03 2.6488e+02 1.0473e-03
6.7601e+02 1.8503e+02 6.9159e+02 2.2569e+02 1.0433e-03
1.0380e+03 2.7189e+02 1.2023e+03 3.7500e+02 1.0425e-03
6.7412e+02 1.7220e+02 6.9607e+02 2.0275e+02 1.0382e-03
3.0188e+02 1.5388e+02 3.7238e+02 3.0847e+02 1.0368e-03
4.4510e+02 2.0815e+02 4.7442e+02 2.3150e+02 1.0356e-03
8.7280e+02 1.3341e+02 1.2107e+03 2.9438e+02 1.0316e-03
6.7458e+02 1.5049e+02 6.8794e+02 1.9975e+02 1.0314e-03
1.2196e+03 2.0593e+02 1.2376e+03 2.8525e+02 1.0313e-03
6.8593e+02 1.4086e+02 7.4626e+02 2.6902e+02 1.0250e-03
6.6425e+02 1.5492e+02 7.7559e+02 2.4513e+02 1.0245e-03
1.0400e+03 2.1179e+02 1.0654e+03 2.7847e+02 1.0231e-03
3.0200e+02 1.8452e+02 3.2332e+02 2.3994e+02 1.0194e-03
1.0098e+03 1.5182e+02 1.0995e+03 2.0166e+02 1.0099e-03
1.2144e+03 2.0759e+02 1.2410e+03 3.6478e+02 1.0029e-03
0.0000e+00 0.0000e+00 6.8166e+01 1.5767e+02 1.0017e-03
4.4592e+02 1.8839e+02 4.7038e+02 2.2744e+02 1.0010e-03
9.4501e+02 2.1751e+02 1.0679e+03 3.7500e+02 9.9842e-04
5.1691e+01 1.5901e+02 9.2119e+01 2.7346e+02 9.9588e-04
1.0302e+03 1.5235e+02 1.0526e+03 2.1464e+02 9.9568e-04
2.7450e+02 1.7878e+02 3.4758e+02 2.3742e+02 9.9530e-04
2.5585e+02 1.7804e+02 3.6624e+02 2.2272e+02 9.9497e-04
1.1745e+03 8.0258e+01 1.2410e+03 1.7643e+02 9.9282e-04
1.2073e+03 1.7051e+02 1.2410e+03 2.7751e+02 9.8945e-04
4.0235e+01 1.5151e+02 8.4167e+01 2.6861e+02 9.8540e-04
0.0000e+00 3.2347e+02 5.7213e+00 3.7500e+02 9.7844e-04
6.5229e+02 1.4639e+02 6.6700e+02 1.9819e+02 9.7662e-04
4.8370e+02 1.6389e+02 4.9810e+02 2.1160e+02 9.7250e-04
5.3078e+02 1.6040e+02 5.6864e+02 2.3317e+02 9.7236e-04
5.9137e+02 1.4622e+02 6.1595e+02 1.7804e+02 9.7202e-04
1.2338e+03 2.3491e+02 1.2410e+03 2.6951e+02 9.7033e-04
8.8638e+02 9.7614e+01 1.0493e+03 3.6901e+02 9.5909e-04
1.0498e+03 1.4021e+02 1.0872e+03 2.3698e+02 9.5697e-04
1.0968e+03 0.0000e+00 1.2410e+03 5.9644e+01 9.5168e-04
1.2371e+03 1.7471e+02 1.2410e+03 2.3025e+02 9.4784e-04
4.4103e+02 1.7385e+02 4.7863e+02 1.9906e+02 9.3998e-04
0.0000e+00 1.4061e+02 3.8183e+01 2.6192e+02 9.3752e-04
4.3867e+02 2.0128e+02 4.7832e+02 2.2792e+02 9.3306e-04
1.0470e+03 1.7480e+02 1.1332e+03 3.4944e+02 9.3286e-04
1.2304e+03 2.2193e+02 1.2410e+03 2.4841e+02 9.3098e-04
6.0813e+02 1.4258e+02 6.2305e+02 1.9067e+02 9.2953e-04
1.2366e+03 0.0000e+00 1.2410e+03 2.3927e+01 9.2729e-04
2.8699e+02 1.8248e+02 3.0643e+02 2.4035e+02 9.2603e-04
9.7009e+02 2.7332e+02 1.0437e+03 3.7500e+02 9.2070e-04
4.4178e+02 2.1053e+02 4.8009e+02 2.3087e+02 9.1204e-04
5.1227e+02 1.8175e+02 5.7626e+02 2.2151e+02 9.0991e-04
4.4367e+02 1.8549e+02 4.6042e+02 2.3508e+02 9.0670e-04
9.7465e+02 1.7929e+02 9.9088e+02 2.3203e+02 9.0643e-04
4.5009e+02 1.2876e+02 5.0670e+02 2.8416e+02 9.0299e-04
1.2166e+03 1.7139e+02 1.2410e+03 2.3197e+02 9.0272e-04
9.8989e+02 1.8661e+02 1.0090e+03 2.5069e+02 8.9561e-04
1.2082e+03 1.6976e+02 1.2410e+03 2.1557e+02 8.9324e-04
9.0015e+02 1.6810e+02 9.9255e+02 3.5230e+02 8.9068e-04
8.0376e+02 1.8965e+02 1.0503e+03 2.5954e+02 8.8672e-04
0.0000e+00 1.9170e+02 8.8797e+01 2.5053e+02 8.7394e-04
9.2655e+02 1.9833e+02 1.0384e+03 2.3688e+02 8.7063e-04
0.0000e+00 3.4657e+02 5.0095e+00 3.7500e+02 8.6886e-04
1.1987e+03 2.1064e+02 1.2410e+03 3.3843e+02 8.6456e-04
4.0428e+02 1.1506e+02 4.6621e+02 2.8084e+02 8.5916e-04
5.6684e+02 1.6298e+02 5.8444e+02 2.0845e+02 8.5407e-04
4.5348e+02 1.6538e+02 4.7497e+02 1.9278e+02 8.5332e-04
5.5947e+02 1.4323e+02 5.7939e+02 1.9626e+02 8.5152e-04
9.9077e+02 1.8061e+02 1.0174e+03 2.8405e+02 8.5060e-04
6.9165e+02 1.2768e+02 7.6637e+02 2.5927e+02 8.4953e-04
9.4760e+02 2.0893e+02 1.0166e+03 2.3286e+02 8.4791e-04
1.1872e+03 1.1864e+02 1.2410e+03 2.3486e+02 8.4788e-04
9.7930e+02 2.1845e+02 1.1098e+03 3.5179e+02 8.4619e-04
5.9841e+02 1.5098e+02 6.1741e+02 2.0001e+02 8.4403e-04
4.0849e+02 1.6623e+02 4.4218e+02 2.5784e+02 8.3813e-04
7.1641e+02 1.7561e+02 7.9666e+02 2.3176e+02 8.3642e-04
5.7269e+02 1.5393e+02 5.8840e+02 1.9945e+02 8.2820e-04
0.0000e+00 1.8456e+02 1.0851e+02 2.9025e+02 8.2781e-04
1.0377e+03 2.0066e+02 1.0661e+03 2.6788e+02 8.2428e-04
4.2961e+02 1.8927e+02 4.9810e+02 2.3065e+02 8.2019e-04
9.7573e+02 1.4342e+02 1.1311e+03 2.2453e+02 8.1940e-04
3.1768e+02 1.7687e+02 3.5803e+02 2.6375e+02 8.1687e-04
2.6030e+02 1.7864e+02 3.3298e+02 2.3782e+02 8.1478e-04
9.1501e+02 2.2448e+02 1.0227e+03 2.6655e+02 8.1326e-04
1.1859e+03 8.3716e+01 1.2410e+03 2.0340e+02 8.0918e-04
0.0000e+00 2.5485e+02 1.4569e+01 3.7500e+02 8.0833e-04
5.1946e+02 1.4833e+02 5.5534e+02 2.3377e+02 8.0805e-04
1.2308e+03 2.0734e+02 1.2410e+03 2.3235e+02 8.0553e-04
1.1739e+03 2.3469e+02 1.2410e+03 3.3675e+02 8.0547e-04
9.6819e+02 1.9089e+02 1.1019e+03 2.5135e+02 8.0280e-04
1.2361e+03 2.7488e+02 1.2410e+03 3.4291e+02 8.0188e-04
4.8666e+02 1.2927e+02 5.2107e+02 2.2663e+02 8.0066e-04
5.1179e+02 1.7524e+02 5.2504e+02 2.2288e+02 7.9880e-04
8.7770e-02 1.8731e+02 4.4920e+01 3.0104e+02 7.9784e-04
1.1716e+03 1.9344e+02 1.2410e+03 2.8146e+02 7.9248e-04
6.6722e+02 1.8013e+02 6.8987e+02 2.1227e+02 7.8870e-04
1.2300e+03 2.3850e+02 1.2410e+03 2.6428e+02 7.8321e-04
9.9626e+02 3.5099e+01 1.1922e+03 3.7500e+02 7.8268e-04
4.3439e+02 1.7125e+02 4.6290e+02 2.5480e+02 7.8154e-04
1.2259e+03 1.2813e+02 1.2410e+03 2.2993e+02 7.8142e-04
6.3569e+02 1.6967e+02 6.4871e+02 2.1140e+02 7.8117e-04
1.1449e+03 2.7062e+02 1.2216e+03 3.7500e+02 7.8028e-04
1.2378e+03 1.0664e+02 1.2410e+03 1.6027e+02 7.7894e-04
3.0590e+02 1.8516e+02 3.2711e+02 2.3923e+02 7.7828e-04
4.3696e+02 1.6007e+02 4.5212e+02 2.0749e+02 7.7450e-04
9.0974e+02 1.5774e+02 9.8393e+02 3.0037e+02 7.7084e-04
1.1776e+03 2.0858e+02 1.2410e+03 2.9846e+02 7.7050e-04
1.2303e+03 2.3441e+02 1.2410e+03 2.5984e+02 7.6786e-04
1.2367e+03 2.9560e+02 1.2410e+03 3.6088e+02 7.6405e-04
1.1053e+03 1.1635e+02 1.2341e+03 3.7500e+02 7.5681e-04
5.1065e+02 1.3533e+02 5.4552e+02 2.3084e+02 7.5250e-04
1.2367e+03 1.8940e+02 1.2410e+03 2.4546e+02 7.5005e-04
0.0000e+00 2.4143e+02 4.1603e+01 3.6798e+02 7.4875e-04
5.0876e+02 1.6803e+02 5.3723e+02 2.3992e+02 7.4792e-04
0.0000e+00 3.5647e+02 1.0853e+01 3.7500e+02 7.4650e-04
1.0443e+03 2.1337e+02 1.0692e+03 2.7727e+02 7.4594e-04
5.9476e+02 1.5087e+02 6.1415e+02 2.0101e+02 7.4250e-04
1.2234e+03 2.6827e+02 1.2410e+03 3.3829e+02 7.4065e-04
2.7655e+02 1.5907e+02 3.4263e+02 3.0683e+02 7.3924e-04
0.0000e+00 2.8767e+02 1.2511e+01 3.7500e+02 7.3859e-04
2.6808e+02 1.6486e+02 3.1178e+02 2.5968e+02 7.3499e-04
5.2294e+02 1.7892e+02 5.5277e+02 2.4644e+02 7.3344e-04
6.5624e+02 1.4636e+02 6.7126e+02 1.9787e+02 7.3201e-04
9.0581e+02 1.9864e+02 1.0208e+03 2.3590e+02 7.3072e-04
4.8049e+02 1.5970e+02 4.9519e+02 2.0889e+02 7.2948e-04
5.6785e+02 1.5442e+02 5.8381e+02 2.0176e+02 7.2837e-04
7.3447e+02 1.5339e+02 7.8503e+02 2.4111e+02 7.2800e-04
4.6977e+02 1.3873e+02 5.0500e+02 2.2968e+02 7.2798e-04
8.6610e+02 1.5550e+02 1.0712e+03 2.3375e+02 7.2677e-04
1.1926e+03 1.8034e+02 1.2410e+03 3.0082e+02 7.2499e-04
1.0351e+03 2.0644e+02 1.0622e+03 2.7319e+02 7.2392e-04
1.0458e+03 2.0920e+02 1.0792e+03 2.9678e+02 7.1873e-04
0.0000e+00 2.2535e+02 1.4346e+02 3.7500e+02 7.1842e-04
9.7961e+02 2.4203e+02 1.0926e+03 2.9160e+02 7.1708e-04
1.2097e+03 1.2978e+02 1.2410e+03 1.7365e+02 7.1539e-04
6.5971e+02 1.4690e+02 6.7547e+02 1.9859e+02 7.1533e-04
1.2262e+03 6.5651e+01 1.2410e+03 1.6501e+02 7.1340e-04
5.8166e+02 1.5069e+02 6.0262e+02 2.0121e+02 7.1251e-04
1.2119e+03 1.2198e+02 1.2410e+03 1.6516e+02 7.1162e-04
0.0000e+00 3.2453e+02 3.2651e+01 3.7500e+02 7.1123e-04
1.2091e+03 1.3748e+02 1.2410e+03 1.8212e+02 7.0638e-04
6.3219e+02 1.6497e+02 6.4470e+02 2.0232e+02 7.0589e-04
5.1643e+02 1.9248e+02 5.5587e+02 2.3251e+02 7.0305e-04
1.1789e+03 2.2159e+02 1.2410e+03 3.1955e+02 6.9719e-04
0.0000e+00 1.9025e+02 9.2115e+01 3.7500e+02 6.9604e-04
1.1278e+03 2.6973e+02 1.2065e+03 3.7500e+02 6.9505e-04
5.0941e+02 1.8568e+02 5.4407e+02 2.0749e+02 6.9376e-04
1.2365e+03 3.0763e+02 1.2410e+03 3.7209e+02 6.9293e-04
7.1374e+02 1.5448e+02 7.7070e+02 3.0286e+02 6.9276e-04
1.2049e+03 1.9750e+02 1.2339e+03 3.3151e+02 6.8720e-04
1.2161e+03 2.4742e+02 1.2410e+03 2.9484e+02 6.8682e-04
1.2119e+03 2.0951e+02 1.2310e+03 2.8245e+02 6.8579e-04
4.5975e+02 1.7117e+02 5.0372e+02 2.2498e+02 6.8552e-04
1.0316e+03 1.5389e+02 1.0965e+03 2.3694e+02 6.8299e-04
7.5008e+02 2.0752e+02 7.6819e+02 2.5991e+02 6.7485e-04
1.9174e+00 9.3177e+01 3.4167e+01 2.7063e+02 6.7405e-04
9.8213e+02 1.7150e+02 1.0012e+03 2.2730e+02 6.7181e-04
1.2150e+03 2.5446e+02 1.2410e+03 3.0347e+02 6.6603e-04
1.2338e+03 2.4277e+02 1.2410e+03 2.7807e+02 6.6113e-04
5.4210e+02 1.3083e+02 6.1212e+02 2.7826e+02 6.5835e-04
1.0190e+03 2.6758e+02 1.0888e+03 3.7500e+02 6.5815e-04
6.8860e+02 1.6505e+02 7.0716e+02 2.1897e+02 6.5654e-04
1.2226e+03 2.8526e+02 1.2410e+03 3.5317e+02 6.5468e-04
1.0515e+03 1.6996e+02 1.0762e+03 2.5722e+02 6.5450e-04
7.2850e+02 1.6125e+02 1.0648e+03 3.2293e+02 6.5370e-04
5.5758e+02 1.3007e+02 6.2763e+02 2.7921e+02 6.5228e-04
1.2085e+03 1.4524e+02 1.2410e+03 1.9044e+02 6.5186e-04
4.7689e+02 1.3071e+02 5.1287e+02 2.2979e+02 6.5061e-04
1.0335e+03 1.8300e+02 1.1638e+03 2.9958e+02 6.4667e-04
0.0000e+00 0.0000e+00 3.1728e+02 1.4802e+02 6.4660e-04
5.0618e+02 1.6342e+02 5.1817e+02 2.1746e+02 6.4465e-04
1.1119e+03 2.7167e+02 1.1918e+03 3.7500e+02 6.3967e-04
0.0000e+00 1.3675e+02 1.5540e+02 3.0799e+02 6.3637e-04
1.2108e+03 1.1328e+02 1.2410e+03 1.5739e+02 6.3597e-04
6.7623e+02 1.6934e+02 6.9849e+02 1.9758e+02 6.3191e-04
1.2098e+03 1.0460e+02 1.2410e+03 1.5040e+02 6.3105e-04
3.8340e+02 1.1368e+02 4.5495e+02 2.8831e+02 6.3070e-04
6.6970e+02 1.5414e+02 6.8354e+02 2.0162e+02 6.2951e-04
6.6936e+02 1.8641e+02 6.9465e+02 2.1429e+02 6.2928e-04
1.2107e+03 1.6126e+02 1.2410e+03 2.0691e+02 6.2612e-04
4.4290e+02 1.7047e+02 4.7996e+02 1.9511e+02 6.2599e-04
1.2103e+03 1.5315e+02 1.2410e+03 1.9885e+02 6.2492e-04
3.9941e+02 1.6366e+02 4.3444e+02 2.5852e+02 6.2426e-04
9.8212e+02 7.7173e+01 1.1294e+03 3.4674e+02 6.2390e-04
9.7620e+02 1.9591e+02 9.9316e+02 2.4780e+02 6.2349e-04
1.2120e+03 1.9436e+02 1.2295e+03 2.6552e+02 6.1915e-04
1.1991e+03 1.7053e+02 1.2344e+03 2.7369e+02 6.1402e-04
1.1243e+03 0.0000e+00 1.2410e+03 8.3202e+01 6.1382e-04
1.0213e+03 2.1525e+02 1.0969e+03 2.9663e+02 6.1074e-04
0.0000e+00 7.7220e+01 1.3847e+01 2.0654e+02 6.0522e-04
5.6232e+02 1.5213e+02 5.8830e+02 1.8139e+02 6.0502e-04
2.9025e+02 1.7128e+02 3.1153e+02 2.2847e+02 6.0381e-04
1.0394e+03 1.5435e+02 1.0641e+03 2.3589e+02 6.0164e-04
1.2127e+03 2.6051e+02 1.2410e+03 3.1207e+02 6.0148e-04
1.1335e+03 1.2416e+02 1.2410e+03 3.3821e+02 6.0133e-04
5.0525e+02 1.7827e+02 5.5229e+02 2.2717e+02 5.9836e-04
0.0000e+00 1.7872e+02 8.8829e+01 2.3536e+02 5.9599e-04
9.5669e+02 1.7130e+02 9.7391e+02 2.2430e+02 5.9330e-04
9.1597e+02 1.7308e+02 1.0954e+03 2.5524e+02 5.9214e-04
9.9087e+02 2.2760e+02 1.0908e+03 3.7197e+02 5.9187e-04
9.7979e+02 1.8302e+02 1.0097e+03 2.8116e+02 5.8531e-04
9.8635e+02 1.7642e+02 1.0041e+03 2.3711e+02 5.8531e-04
2.8681e+02 1.7066e+02 3.0718e+02 2.2868e+02 5.8486e-04
0.0000e+00 0.0000e+00 1.4313e+01 5.3942e+01 5.8462e-04
3.1920e+02 1.4977e+02 3.8344e+02 3.0968e+02 5.8410e-04
6.5574e+02 1.7655e+02 6.8953e+02 1.9836e+02 5.8277e-04
9.7119e+02 1.8408e+02 1.0865e+03 2.4155e+02 5.8271e-04
2.7777e+02 1.8453e+02 3.7939e+02 2.2992e+02 5.8098e-04
0.0000e+00 0.0000e+00 2.4402e+02 1.7695e+02 5.7414e-04
8.8897e+02 2.1458e+02 1.0057e+03 2.6109e+02 5.7341e-04
5.1657e+02 1.8423e+02 5.4128e+02 2.1979e+02 5.7231e-04
5.3720e+02 1.8233e+02 5.6548e+02 2.2287e+02 5.7177e-04
1.2335e+03 0.0000e+00 1.2410e+03 9.4273e+00 5.7076e-04
1.0114e+03 2.0555e+02 1.1785e+03 3.3513e+02 5.7033e-04
6.7785e+02 1.7676e+02 7.1200e+02 2.0128e+02 5.6955e-04
2.8132e+02 2.0024e+02 3.7630e+02 2.4238e+02 5.6798e-04
4.4790e+02 1.9423e+02 4.6492e+02 2.3983e+02 5.6750e-04
1.2149e+03 1.7450e+02 1.2410e+03 2.8687e+02 5.6595e-04
1.2283e+03 1.9284e+02 1.2410e+03 2.7641e+02 5.5944e-04
9.6974e+02 2.1106e+02 1.1016e+03 2.6801e+02 5.5912e-04
6.8925e+02 1.6028e+02 7.2626e+02 2.3876e+02 5.5680e-04
0.0000e+00 9.5537e+01 8.4452e+01 3.1799e+02 5.5494e-04
1.1631e+03 2.7678e+02 1.2370e+03 3.7500e+02 5.5203e-04
4.7288e+02 1.7140e+02 4.9269e+02 2.0856e+02 5.5067e-04
6.1183e+02 1.4340e+02 6.2739e+02 1.9104e+02 5.5034e-04
5.0474e+02 1.5441e+02 6.5984e+02 2.3227e+02 5.4984e-04
9.6327e+02 1.7398e+02 9.8103e+02 2.2736e+02 5.4940e-04
1.0335e+03 2.1175e+02 1.0560e+03 2.7967e+02 5.4840e-04
9.6901e+02 1.9346e+02 1.0011e+03 2.3029e+02 5.4374e-04
1.2103e+03 0.0000e+00 1.2410e+03 1.6249e+01 5.4202e-04
4.3401e+02 9.6505e+01 4.9783e+02 2.7225e+02 5.4044e-04
9.4446e+02 1.1829e+02 1.0153e+03 2.7920e+02 5.3929e-04
9.5624e+02 2.7332e+02 1.0283e+03 3.7500e+02 5.3565e-04
9.9755e+02 1.5879e+02 1.0614e+03 2.4505e+02 5.3449e-04
9.4416e+02 3.1588e+02 1.0817e+03 3.7500e+02 5.3110e-04
5.2807e+02 1.7950e+02 5.5904e+02 2.4810e+02 5.2924e-04
2.7793e+01 2.9179e+02 9.8339e+01 3.7500e+02 5.2630e-04
1.2110e+03 9.6332e+01 1.2410e+03 1.4223e+02 5.2529e-04
6.5652e+02 1.5059e+02 6.9038e+02 2.2960e+02 5.2177e-04
9.1674e+02 2.1662e+02 1.0364e+03 2.5791e+02 5.1958e-04
2.4506e+02 1.7209e+02 4.0522e+02 2.4563e+02 5.1914e-04
9.4329e+02 2.0151e+02 1.0522e+03 2.4449e+02 5.1735e-04
1.2188e+03 1.0013e+02 1.2410e+03 1.5843e+02 5.1479e-04
1.2195e+03 1.1687e+02 1.2410e+03 1.7322e+02 5.1371e-04
7.3231e+02 1.7231e+02 8.0534e+02 2.2295e+02 5.1083e-04
0.0000e+00 6.4462e+01 2.7680e+01 2.5513e+02 5.0956e-04
1.0955e+03 2.7430e+02 1.1751e+03 3.7500e+02 5.0935e-04
3.2664e+02 1.7687e+02 3.6450e+02 2.6419e+02 5.0800e-04
0.0000e+00 0.0000e+00 5.0643e+01 4.4729e+01 5.0665e-04
1.4334e+01 1.7800e+02 8.3161e+01 2.8315e+02 5.0611e-04
6.9723e+02 1.4986e+02 7.5361e+02 3.0842e+02 5.0539e-04
9.8282e+02 1.7693e+02 1.0540e+03 2.7198e+02 5.0492e-04
9.5860e+02 1.6834e+02 9.9849e+02 2.5037e+02 5.0177e-04
1.2025e+03 0.0000e+00 1.2410e+03 1.9402e+02 5.0116e-04
1.2180e+03 0.0000e+00 1.2410e+03 2.0899e+01 4.9998e-04
9.2535e+02 2.0928e+02 1.0489e+03 2.5133e+02 4.9905e-04
0.0000e+00 1.9476e+02 1.2921e+02 3.0429e+02 4.9866e-04
1.0524e+03 3.3289e+02 1.0862e+03 3.7500e+02 4.9707e-04
1.1767e+03 6.1929e+01 1.2410e+03 1.6260e+02 4.9027e-04
2.5865e+02 1.6338e+02 3.7454e+02 2.5454e+02 4.8985e-04
7.1900e+02 1.6843e+02 7.6561e+02 2.5648e+02 4.8981e-04
2.6296e+02 1.7664e+02 3.7287e+02 2.7175e+02 4.8959e-04
2.8496e+02 1.8625e+02 3.5414e+02 2.4259e+02 4.7823e-04
5.3106e+02 1.7312e+02 5.6688e+02 2.4362e+02 4.7727e-04
9.7448e+02 1.5541e+02 1.0096e+03 2.4599e+02 4.7718e-04
1.0450e+03 3.3208e+02 1.0785e+03 3.7500e+02 4.7507e-04
2.8572e+02 1.3287e+02 3.5602e+02 2.7749e+02 4.7445e-04
5.3159e+02 1.3040e+02 5.9403e+02 2.7070e+02 4.7397e-04
0.0000e+00 7.7655e+01 4.5268e+01 3.0002e+02 4.6916e-04
0.0000e+00 2.1693e+02 8.8209e+01 3.1662e+02 4.6661e-04
5.1277e+02 1.7223e+02 5.6130e+02 2.2392e+02 4.6531e-04
3.8860e+02 1.6405e+02 4.2835e+02 2.6485e+02 4.6522e-04
5.5571e+02 1.4063e+02 5.9391e+02 2.2430e+02 4.6515e-04
4.3335e+02 1.4112e+02 4.6348e+02 2.3188e+02 4.6235e-04
1.0809e+03 2.2848e+02 1.1932e+03 2.6560e+02 4.5523e-04
5.5002e+02 1.3762e+02 5.8723e+02 2.2220e+02 4.5388e-04
1.0192e+03 1.0758e+02 1.0924e+03 2.7454e+02 4.5225e-04
9.7898e+02 1.2670e+02 1.0193e+03 2.3255e+02 4.5100e-04
2.6976e+02 1.3360e+02 3.4255e+02 2.7828e+02 4.5012e-04
0.0000e+00 0.0000e+00 2.9972e+02 3.7500e+02 4.4929e-04
1.0082e+03 1.4974e+02 1.0689e+03 2.2535e+02 4.4764e-04
1.1115e+03 1.7461e+02 1.1928e+03 3.3330e+02 4.4656e-04
1.1255e+03 2.3565e+02 1.2410e+03 3.3973e+02 4.4258e-04
1.1492e+03 1.5587e+02 1.2243e+03 3.4872e+02 4.4099e-04
0.0000e+00 0.0000e+00 1.1152e+02 8.1686e+01 4.3883e-04
1.2190e+03 1.5619e+02 1.2410e+03 2.1422e+02 4.3799e-04
5.4062e+02 1.5089e+02 5.7863e+02 2.2909e+02 4.3592e-04
6.9244e+02 1.6718e+02 7.7240e+02 2.1747e+02 4.3339e-04
7.8949e+02 1.3021e+02 1.1593e+03 2.9462e+02 4.3330e-04
1.2121e+03 8.8717e+01 1.2410e+03 1.3463e+02 4.3330e-04
3.6860e+02 1.3400e+02 4.3901e+02 2.9815e+02 4.3216e-04
0.0000e+00 2.1742e+02 9.0158e+01 2.7505e+02 4.3095e-04
1.2136e+03 2.9299e+02 1.2410e+03 3.4268e+02 4.2617e-04
8.9915e+02 1.7848e+02 1.0190e+03 2.2016e+02 4.2520e-04
8.1807e+02 1.2185e+02 1.0978e+03 3.1944e+02 4.2430e-04
3.7074e+00 3.2754e+02 4.1116e+01 3.7500e+02 4.2186e-04
6.9613e-01 1.5671e+02 4.6214e+01 2.6449e+02 4.2079e-04
1.0004e+03 1.8705e+02 1.1938e+03 2.6347e+02 4.1238e-04
1.1250e+03 8.1231e+01 1.2410e+03 3.0989e+02 4.0428e-04
0.0000e+00 0.0000e+00 1.6100e+02 7.1536e+01 3.9604e-04
4.6866e+02 1.1688e+02 5.2981e+02 2.7367e+02 3.9259e-04
4.3224e+01 2.8915e+02 1.1595e+02 3.7500e+02 3.9104e-04
3.8392e+02 1.4975e+02 4.4896e+02 3.0206e+02 3.8931e-04
1.1873e+03 5.0406e+01 1.2410e+03 1.7555e+02 3.8597e-04
9.2223e+02 1.6068e+02 1.0573e+03 2.7477e+02 3.8546e-04
1.0837e+03 1.0324e+02 1.2410e+03 2.8205e+02 3.8515e-04
9.1807e+02 3.2446e+02 1.1041e+03 3.7500e+02 3.8215e-04
9.6120e+02 2.3251e+02 1.1371e+03 3.2779e+02 3.8075e-04
5.0176e+02 1.2226e+02 5.6318e+02 2.6974e+02 3.8047e-04
5.1501e+02 1.4314e+02 5.7708e+02 2.8795e+02 3.7747e-04
1.0438e+03 1.9081e+02 1.2281e+03 2.6138e+02 3.7704e-04
4.5015e+02 9.6873e+01 5.1111e+02 2.6456e+02 3.7099e-04
3.5194e+02 1.3275e+02 4.2189e+02 3.0214e+02 3.6984e-04
2.6139e+02 1.5864e+02 3.2681e+02 3.0914e+02 3.6965e-04
1.0089e+03 1.4556e+02 1.1373e+03 2.6051e+02 3.6871e-04
8.5588e+02 7.5303e+01 1.0173e+03 3.4433e+02 3.6608e-04
5.1814e+02 1.4492e+02 6.3271e+02 2.4487e+02 3.6393e-04
2.0788e+01 1.9244e+02 1.6702e+02 3.7500e+02 3.5397e-04
1.0097e+03 2.2884e+02 1.2017e+03 3.4201e+02 3.5388e-04
9.6868e+02 2.5722e+02 1.1226e+03 3.6730e+02 3.5138e-04
1.0811e+03 2.7648e+02 1.1580e+03 3.7500e+02 3.4907e-04
1.1848e+03 1.2992e+02 1.2410e+03 3.3666e+02 3.4701e-04
0.0000e+00 0.0000e+00 7.1453e+01 4.3197e+01 3.4264e-04
5.1120e+02 1.1455e+02 5.7807e+02 2.6560e+02 3.4180e-04
6.6444e+02 1.7054e+02 7.6760e+02 2.6189e+02 3.2830e-04
3.3575e+02 1.3600e+02 4.0180e+02 2.9700e+02 3.2668e-04
9.5693e+02 4.3667e+01 1.1093e+03 3.4568e+02 3.2153e-04
1.0695e+03 3.1113e+02 1.2159e+03 3.7500e+02 3.2051e-04
7.3969e+01 2.8643e+02 1.5058e+02 3.7500e+02 3.2032e-04
8.9193e+02 1.5759e+02 9.7249e+02 3.2594e+02 3.1321e-04
1.1291e+03 1.6949e+02 1.2096e+03 3.3845e+02 3.1316e-04
1.0359e+03 2.7380e+02 1.1043e+03 3.7500e+02 3.1025e-04
0.0000e+00 1.0587e+02 1.5992e+02 2.7664e+02 3.0943e-04
2.4985e+02 1.8318e+02 4.0172e+02 2.6219e+02 3.0848e-04
1.0680e+03 2.8000e+02 1.1397e+03 3.7500e+02 3.0455e-04
1.0768e+03 6.6892e+01 1.2410e+03 2.5303e+02 3.0180e-04
4.9948e+02 1.4198e+02 6.6146e+02 2.1802e+02 3.0086e-04
4.1752e+02 9.3677e+01 4.8557e+02 2.7078e+02 2.9756e-04
2.3762e+02 1.5786e+02 4.0395e+02 2.3193e+02 2.9645e-04
5.8650e+01 2.8892e+02 1.3412e+02 3.7500e+02 2.9359e-04
4.1580e+02 1.5627e+02 5.1183e+02 2.5163e+02 2.9100e-04
0.0000e+00 1.4832e+02 7.5043e+01 2.4531e+02 2.9022e-04
1.1812e+03 2.9710e+02 1.2410e+03 3.7500e+02 2.8962e-04
4.8763e+02 1.1726e+02 5.4775e+02 2.6694e+02 2.8923e-04
8.8151e+02 1.6826e+02 1.0327e+03 2.5535e+02 2.8904e-04
8.0470e+02 1.7347e+02 1.0407e+03 2.4547e+02 2.8405e-04
9.4022e+02 2.7319e+02 1.0124e+03 3.7500e+02 2.8387e-04
0.0000e+00 2.3647e+02 8.1484e+01 3.3273e+02 2.7935e-04

