6.0762e+02 1.8181e+02 6.5562e+02 2.1919e+02 9.9959e-01
6.0527e+02 1.8435e+02 6.5835e+02 2.1918e+02 9.9763e-01
6.1414e+02 1.8296e+02 6.6153e+02 2.1332e+02 9.9379e-01
1.1142e+03 1.7715e+02 1.1785e+03 2.0281e+02 9.8622e-01
6.1435e+02 1.8262e+02 6.5181e+02 2.0828e+02 9.8352e-01
1.1127e+03 1.7431e+02 1.1913e+03 2.0352e+02 9.7774e-01
1.1335e+03 1.7693e+02 1.1961e+03 2.0216e+02 9.7351e-01
6.2328e+02 1.8265e+02 6.5867e+02 2.0619e+02 9.5817e-01
6.0600e+02 1.8248e+02 6.4604e+02 2.0691e+02 9.3215e-01
6.3052e+02 1.8266e+02 6.6238e+02 2.1151e+02 9.1860e-01
6.1472e+02 1.8689e+02 6.5848e+02 2.1942e+02 9.1278e-01
7.4767e+02 1.7351e+02 7.7900e+02 1.8888e+02 9.1145e-01
1.0170e+03 1.8086e+02 1.0518e+03 1.9997e+02 8.7665e-01
1.1715e+03 1.7629e+02 1.2373e+03 2.0485e+02 8.7497e-01
1.1266e+03 1.7586e+02 1.2034e+03 2.0538e+02 8.4201e-01
6.2477e+02 1.8782e+02 6.6526e+02 2.1504e+02 8.3173e-01
1.1621e+03 1.7457e+02 1.2372e+03 2.0526e+02 8.1951e-01
8.5389e+02 1.7647e+02 8.9328e+02 1.9229e+02 8.1804e-01
1.1477e+03 1.7837e+02 1.1994e+03 2.0283e+02 8.0592e-01
6.3389e+02 1.8272e+02 6.6339e+02 2.0564e+02 8.0278e-01
7.4887e+02 1.7221e+02 7.7411e+02 1.9093e+02 7.9283e-01
7.8346e+02 1.7520e+02 8.3825e+02 1.9316e+02 7.9019e-01
2.0659e+02 2.0323e+02 2.3577e+02 2.1813e+02 7.8989e-01
6.1611e+02 1.7503e+02 6.4188e+02 2.2381e+02 7.8533e-01
6.1600e+02 1.8012e+02 6.6626e+02 2.1784e+02 7.8203e-01
8.0850e+02 1.7596e+02 8.5384e+02 1.9236e+02 7.7297e-01
1.0455e+03 1.7977e+02 1.0802e+03 1.9902e+02 7.7115e-01
7.8988e+02 1.7453e+02 8.5003e+02 1.9385e+02 7.0624e-01
6.2135e+02 1.7665e+02 6.4688e+02 2.2399e+02 7.0392e-01
2.0368e+02 2.0271e+02 2.4451e+02 2.1955e+02 6.9021e-01
6.2501e+02 1.8443e+02 6.4962e+02 2.0364e+02 6.8919e-01
1.1460e+03 1.7543e+02 1.2268e+03 2.0707e+02 6.7787e-01
8.6403e+02 1.7659e+02 9.0929e+02 1.9232e+02 6.6998e-01
6.2060e+02 1.8401e+02 6.4609e+02 2.0320e+02 6.6466e-01
3.7217e+02 1.9441e+02 3.8375e+02 2.2431e+02 6.3159e-01
1.1885e+03 1.7507e+02 1.2420e+03 2.0238e+02 6.1686e-01
6.1587e+02 1.8381e+02 6.4121e+02 2.0335e+02 6.1625e-01
1.0505e+03 1.7773e+02 1.0780e+03 2.0025e+02 5.9476e-01
6.0126e+02 1.8225e+02 6.3585e+02 2.0395e+02 5.4741e-01
1.1187e+03 1.7342e+02 1.1863e+03 2.0047e+02 5.4256e-01
1.0976e+03 1.7437e+02 1.1758e+03 2.0465e+02 5.2943e-01
1.0116e+03 1.7963e+02 1.0479e+03 1.9903e+02 5.2374e-01
7.5390e+02 1.7214e+02 7.7988e+02 1.9031e+02 5.0619e-01
8.7551e+02 1.7705e+02 9.1453e+02 1.9310e+02 4.8568e-01
6.3758e+02 1.7870e+02 6.5708e+02 2.1881e+02 4.7716e-01
6.4186e+02 1.7992e+02 6.6509e+02 2.0617e+02 4.7106e-01
6.1927e+02 1.8265e+02 6.4791e+02 1.9950e+02 4.6793e-01
6.2887e+02 1.8309e+02 6.5555e+02 1.9935e+02 4.5873e-01
4.1170e+02 1.8595e+02 4.3489e+02 2.0636e+02 4.4894e-01
1.1083e+03 1.7863e+02 1.1649e+03 2.0259e+02 4.4647e-01
2.1070e+02 2.0206e+02 2.6260e+02 2.2168e+02 4.1906e-01
2.0337e+02 2.0176e+02 2.3202e+02 2.1959e+02 4.1878e-01
6.1910e+02 1.7575e+02 6.4529e+02 2.2676e+02 4.1767e-01
6.4189e+02 1.7673e+02 6.6087e+02 2.1788e+02 4.0286e-01
1.1616e+03 1.7591e+02 1.2227e+03 2.0346e+02 3.8355e-01
6.2591e+02 1.7976e+02 6.4952e+02 2.2485e+02 3.5149e-01
1.1068e+03 1.7819e+02 1.1863e+03 2.0905e+02 3.4276e-01
1.0473e+03 1.7861e+02 1.0716e+03 1.9952e+02 3.4196e-01
2.3303e+02 1.9539e+02 2.4964e+02 2.3652e+02 3.4003e-01
6.3079e+02 1.7765e+02 6.5333e+02 2.2283e+02 3.2887e-01
6.0864e+02 1.8184e+02 6.4074e+02 1.9951e+02 3.2840e-01
8.2080e+02 1.7725e+02 8.5460e+02 1.9240e+02 3.2789e-01
2.1653e+02 2.0318e+02 2.6639e+02 2.2495e+02 3.2066e-01
6.3253e+02 1.8370e+02 6.5560e+02 2.0303e+02 3.1807e-01
5.9621e+02 1.8016e+02 6.5144e+02 2.1184e+02 3.1683e-01
6.3781e+02 1.8235e+02 6.6207e+02 1.9985e+02 3.1132e-01
1.1769e+03 1.7245e+02 1.2420e+03 2.0308e+02 3.0499e-01
8.5049e+02 1.7638e+02 8.8389e+02 1.9299e+02 2.9513e-01
9.8763e+02 1.7756e+02 1.0286e+03 1.9817e+02 2.8703e-01
1.0348e+03 1.7993e+02 1.0670e+03 1.9830e+02 2.5308e-01
6.3896e+02 1.8124e+02 6.6842e+02 2.0376e+02 2.4789e-01
6.4727e+02 1.7658e+02 6.6325e+02 2.1279e+02 2.2410e-01
6.2831e+02 1.7452e+02 6.4570e+02 2.1175e+02 2.1419e-01
7.5765e+02 1.6835e+02 7.7034e+02 1.9645e+02 2.1247e-01
1.0030e+03 1.7909e+02 1.0428e+03 1.9925e+02 2.0953e-01
7.5481e+02 1.6847e+02 7.6709e+02 1.9682e+02 2.0805e-01
6.1970e+02 1.7512e+02 6.3712e+02 2.1332e+02 2.0132e-01
8.1469e+02 1.7669e+02 8.5710e+02 1.9487e+02 1.9883e-01
3.6885e+02 1.9791e+02 3.8592e+02 2.2364e+02 1.9409e-01
6.2252e+02 1.8152e+02 6.7646e+02 2.1889e+02 1.8598e-01
6.4712e+02 1.7961e+02 6.6825e+02 2.0444e+02 1.8245e-01
6.3139e+02 1.7575e+02 6.4865e+02 2.1243e+02 1.7704e-01
6.0501e+02 1.8166e+02 6.3387e+02 2.0951e+02 1.7676e-01
6.1614e+02 1.7393e+02 6.3344e+02 2.1337e+02 1.6988e-01
1.0571e+03 1.7689e+02 1.0705e+03 2.0584e+02 1.6723e-01
6.0957e+02 1.8095e+02 6.3380e+02 2.0161e+02 1.6551e-01
3.7005e+02 1.9297e+02 3.8219e+02 2.2613e+02 1.6532e-01
1.1285e+03 1.7532e+02 1.1809e+03 2.0407e+02 1.6358e-01
5.9954e+02 1.8033e+02 6.3175e+02 1.9907e+02 1.6319e-01
6.1065e+02 1.7226e+02 6.4482e+02 2.3115e+02 1.6315e-01
7.4489e+02 1.7250e+02 7.6934e+02 1.9068e+02 1.6150e-01
6.1058e+02 1.7436e+02 6.3373e+02 2.2094e+02 1.5897e-01
8.6894e+02 1.7483e+02 9.1343e+02 1.9086e+02 1.5860e-01
6.2467e+02 1.7373e+02 6.4140e+02 2.1119e+02 1.5552e-01
6.2977e+02 1.9035e+02 6.6285e+02 2.1787e+02 1.5468e-01
6.2289e+02 1.7438e+02 6.4973e+02 2.2837e+02 1.5413e-01
2.2492e+02 1.9858e+02 2.5506e+02 2.2971e+02 1.5345e-01
6.1228e+02 1.7877e+02 6.3848e+02 2.2590e+02 1.5294e-01
6.6691e+02 1.7093e+02 7.1915e+02 2.2464e+02 1.5160e-01
4.1800e+02 1.8329e+02 4.3145e+02 2.1285e+02 1.5110e-01
4.1042e+02 1.8654e+02 4.3791e+02 2.0251e+02 1.4717e-01
7.8294e+02 1.7481e+02 8.2824e+02 1.9095e+02 1.4424e-01
9.9409e+02 1.7862e+02 1.0342e+03 1.9876e+02 1.3772e-01
1.0545e+03 1.7686e+02 1.0673e+03 2.0638e+02 1.3278e-01
8.8497e+02 1.7713e+02 9.2137e+02 1.9366e+02 1.2703e-01
1.0259e+03 1.7994e+02 1.0597e+03 1.9891e+02 1.2175e-01
6.3467e+02 1.7598e+02 6.5155e+02 2.1288e+02 1.1721e-01
6.2122e+02 1.7297e+02 6.3563e+02 2.0612e+02 1.1100e-01
6.1942e+02 1.9357e+02 6.6187e+02 2.2060e+02 1.0344e-01
6.4536e+02 1.7596e+02 6.5956e+02 2.1042e+02 9.8899e-02
6.1747e+02 1.7199e+02 6.3190e+02 2.0686e+02 9.8872e-02
1.1346e+03 1.7929e+02 1.2119e+03 2.0988e+02 9.8460e-02
1.0926e+03 1.7895e+02 1.1749e+03 2.1015e+02 9.8364e-02
7.5180e+02 1.6904e+02 7.6461e+02 1.9693e+02 9.8274e-02
1.1990e+03 1.7336e+02 1.2420e+03 1.9859e+02 9.6720e-02
1.0253e+03 1.7748e+02 1.0396e+03 2.0625e+02 9.0618e-02
1.1565e+03 1.7949e+02 1.2373e+03 2.1065e+02 8.9244e-02
1.1846e+03 1.7960e+02 1.2357e+03 2.0577e+02 8.9017e-02
1.0441e+03 1.7886e+02 1.0678e+03 1.9827e+02 8.8308e-02
6.3825e+02 1.8553e+02 6.6543e+02 2.1223e+02 8.6807e-02
7.4564e+02 1.7571e+02 7.7938e+02 1.9142e+02 8.6184e-02
9.9259e+02 1.7672e+02 1.0221e+03 1.9726e+02 8.5299e-02
6.0361e+02 1.8498e+02 6.4487e+02 2.1540e+02 8.2889e-02
4.1335e+02 1.8776e+02 4.4311e+02 2.0536e+02 7.8638e-02
1.0206e+03 1.7914e+02 1.0521e+03 1.9641e+02 7.8490e-02
6.5186e+02 1.7596e+02 6.6715e+02 2.1367e+02 7.7349e-02
2.3815e+02 1.9532e+02 2.5530e+02 2.3482e+02 7.3838e-02
7.6097e+02 1.6824e+02 7.7374e+02 1.9596e+02 7.3752e-02
1.0482e+03 1.8175e+02 1.0857e+03 2.0050e+02 6.9719e-02
5.9779e+02 1.8060e+02 6.6134e+02 2.2266e+02 6.7587e-02
1.1050e+03 1.6627e+02 1.2047e+03 2.0002e+02 6.1186e-02
1.0742e+03 1.7668e+02 1.1489e+03 2.0665e+02 6.0915e-02
4.1542e+02 1.8243e+02 4.2949e+02 2.1157e+02 6.0602e-02
5.9298e+02 1.7917e+02 6.2385e+02 1.9880e+02 5.9080e-02
7.7566e+02 1.7027e+02 8.6302e+02 1.9849e+02 5.6792e-02
6.3401e+02 1.7681e+02 6.4768e+02 2.0736e+02 5.6655e-02
1.0423e+03 1.7877e+02 1.0745e+03 1.9590e+02 5.5567e-02
1.1684e+03 1.7431e+02 1.2329e+03 1.9978e+02 5.4437e-02
8.0647e+02 1.7294e+02 8.4706e+02 1.9373e+02 5.3460e-02
1.0593e+03 1.7769e+02 1.0741e+03 2.0619e+02 5.2829e-02
6.0455e+02 1.8014e+02 6.2739e+02 2.0112e+02 5.2485e-02
6.1267e+02 1.7382e+02 6.2866e+02 2.1427e+02 5.1585e-02
8.2921e+02 1.7752e+02 8.5951e+02 1.9321e+02 4.8794e-02
6.0685e+02 1.8840e+02 6.5131e+02 2.2341e+02 4.8739e-02
5.9631e+02 1.7874e+02 6.1846e+02 2.0127e+02 4.8064e-02
1.0280e+03 1.7753e+02 1.0423e+03 2.0580e+02 4.7327e-02
8.4518e+02 1.7624e+02 8.7667e+02 1.9287e+02 4.7319e-02
2.1623e+02 1.9967e+02 2.6468e+02 2.1965e+02 4.6649e-02
6.1546e+02 1.8010e+02 6.3712e+02 1.9623e+02 4.5905e-02
1.0528e+03 1.7559e+02 1.0633e+03 2.0190e+02 4.5782e-02
1.1930e+03 1.7013e+02 1.2365e+03 2.0140e+02 4.4093e-02
6.7500e+02 1.6741e+02 7.1422e+02 2.3277e+02 4.3031e-02
2.0999e+02 1.9814e+02 2.2447e+02 2.2395e+02 4.1227e-02
6.0163e+02 1.7962e+02 6.2286e+02 2.0082e+02 3.9828e-02
7.9139e+02 1.7246e+02 8.3474e+02 1.9533e+02 3.8295e-02
1.0852e+03 1.7155e+02 1.1631e+03 2.0244e+02 3.6703e-02
4.5298e+01 2.0624e+02 9.8937e+01 2.2908e+02 3.6368e-02
6.1406e+02 1.7140e+02 6.2722e+02 2.0939e+02 3.5973e-02
5.9601e+02 1.8146e+02 6.2615e+02 2.0202e+02 3.5410e-02
2.3561e+02 1.9274e+02 2.5220e+02 2.3098e+02 3.5313e-02
6.1916e+02 1.8048e+02 6.4153e+02 1.9704e+02 3.4930e-02
6.1813e+02 1.8188e+02 6.4538e+02 2.3092e+02 3.4874e-02
8.6252e+02 1.7388e+02 8.9876e+02 1.9235e+02 3.4567e-02
6.3047e+02 1.7526e+02 6.5755e+02 2.2773e+02 3.3248e-02
1.1452e+03 1.7648e+02 1.1980e+03 1.9731e+02 3.3132e-02
6.4419e+02 1.8149e+02 6.7357e+02 2.0736e+02 3.2500e-02
1.2113e+03 1.6241e+02 1.2420e+03 2.0262e+02 3.1440e-02
1.0228e+03 1.7816e+02 1.0368e+03 2.0682e+02 3.0829e-02
8.3702e+02 1.7658e+02 8.6795e+02 1.9309e+02 3.0114e-02
6.4310e+02 1.7757e+02 6.6381e+02 1.9798e+02 2.9285e-02
2.1601e+02 1.9948e+02 2.5235e+02 2.2376e+02 2.8945e-02
5.9566e+02 1.7531e+02 6.1800e+02 1.9681e+02 2.8804e-02
4.2022e+02 1.8877e+02 4.4994e+02 2.0488e+02 2.8516e-02
2.0402e+02 1.9993e+02 2.3755e+02 2.1702e+02 2.8374e-02
6.5595e+02 1.7468e+02 6.7105e+02 2.1499e+02 2.8135e-02
6.4235e+02 1.7635e+02 6.5558e+02 2.1034e+02 2.7901e-02
1.1557e+03 1.6332e+02 1.2420e+03 1.9936e+02 2.6851e-02
8.2479e+02 1.7600e+02 8.5735e+02 1.9017e+02 2.6609e-02
5.8621e+02 1.8093e+02 6.4879e+02 2.1686e+02 2.6545e-02
1.1598e+03 1.7167e+02 1.1766e+03 2.1081e+02 2.6243e-02
6.0694e+02 1.7680e+02 6.3495e+02 1.9270e+02 2.5650e-02
6.1023e+02 1.7819e+02 6.3135e+02 1.9576e+02 2.5627e-02
1.0288e+03 1.7597e+02 1.0445e+03 2.0172e+02 2.5501e-02
6.2540e+02 1.7201e+02 6.3879e+02 2.0491e+02 2.5429e-02
6.2409e+02 1.8047e+02 6.4625e+02 1.9764e+02 2.5429e-02
1.1413e+03 1.7086e+02 1.2060e+03 2.0437e+02 2.4469e-02
6.2876e+02 1.8048e+02 6.4946e+02 1.9783e+02 2.4162e-02
6.1415e+02 1.7453e+02 6.4854e+02 2.4640e+02 2.4065e-02
1.0852e+03 1.8122e+02 1.1312e+03 2.0061e+02 2.4032e-02
7.6586e+02 1.6777e+02 7.7774e+02 1.9533e+02 2.3401e-02
6.0042e+02 1.7607e+02 6.2949e+02 1.9354e+02 2.3148e-02
5.9322e+02 1.7708e+02 6.1563e+02 2.0236e+02 2.3062e-02
2.3087e+02 1.9469e+02 2.4641e+02 2.3165e+02 2.3009e-02
1.2148e+03 1.6949e+02 1.2420e+03 2.0816e+02 2.2280e-02
7.5474e+02 1.7169e+02 7.8337e+02 1.8687e+02 2.2056e-02
1.0694e+03 1.8252e+02 1.1512e+03 2.1456e+02 2.1881e-02
1.2151e+03 1.6251e+02 1.2338e+03 2.0799e+02 2.1865e-02
2.2278e+02 1.9738e+02 2.5578e+02 2.2225e+02 2.1773e-02
4.0979e+02 1.8972e+02 4.4075e+02 2.0802e+02 2.1736e-02
1.1434e+03 1.6540e+02 1.1613e+03 2.0974e+02 2.1087e-02
9.8653e+02 1.7481e+02 1.0216e+03 2.0066e+02 2.0881e-02
6.4702e+02 1.8507e+02 6.7051e+02 2.1195e+02 2.0530e-02
6.0890e+02 1.7469e+02 6.2259e+02 2.1569e+02 2.0283e-02
1.1630e+03 1.7227e+02 1.1805e+03 2.1037e+02 1.9854e-02
1.2098e+03 1.5475e+02 1.2420e+03 1.9726e+02 1.9825e-02
6.3418e+02 1.7918e+02 6.5522e+02 1.9740e+02 1.9581e-02
6.3791e+02 1.7567e+02 6.5078e+02 2.0886e+02 1.9538e-02
7.4936e+02 1.7455e+02 7.8536e+02 1.9193e+02 1.9421e-02
3.6447e+02 2.0118e+02 3.9438e+02 2.2033e+02 1.9296e-02
1.1572e+03 1.7906e+02 1.2100e+03 2.0558e+02 1.9224e-02
1.1176e+03 1.6460e+02 1.2136e+03 1.9646e+02 1.9146e-02
5.1653e+01 2.0784e+02 1.0293e+02 2.3199e+02 1.9106e-02
9.9712e+02 1.7234e+02 1.0138e+03 2.0340e+02 1.9099e-02
6.3852e+02 1.8525e+02 6.5595e+02 2.2201e+02 1.9080e-02
6.0582e+02 1.7152e+02 6.1919e+02 2.1207e+02 1.8709e-02
5.9651e+02 1.6921e+02 6.1234e+02 2.1121e+02 1.8671e-02
1.0846e+03 1.8479e+02 1.1325e+03 2.0454e+02 1.8647e-02
5.9275e+02 1.7545e+02 6.2323e+02 1.9429e+02 1.8639e-02
7.6000e+02 1.7248e+02 7.8481e+02 1.9046e+02 1.8536e-02
6.0740e+02 1.7350e+02 6.2667e+02 2.2113e+02 1.8467e-02
4.2041e+02 1.8077e+02 4.3357e+02 2.0857e+02 1.7976e-02
5.8245e+02 1.7769e+02 6.4334e+02 2.0968e+02 1.7737e-02
7.5141e+02 1.6835e+02 7.7566e+02 1.8697e+02 1.7553e-02
2.0151e+02 2.0037e+02 2.2566e+02 2.1799e+02 1.7154e-02
1.2056e+03 1.6574e+02 1.2265e+03 2.1136e+02 1.7149e-02
1.7768e+02 1.9999e+02 1.9169e+02 2.3351e+02 1.7131e-02
2.1220e+02 1.9728e+02 2.2751e+02 2.2445e+02 1.7074e-02
6.3455e+02 1.7824e+02 6.5862e+02 1.9404e+02 1.6735e-02
1.1495e+03 1.6881e+02 1.2185e+03 2.0493e+02 1.6591e-02
6.2982e+02 1.7294e+02 6.4332e+02 2.0671e+02 1.6320e-02
1.2115e+03 1.6266e+02 1.2302e+03 2.0744e+02 1.6118e-02
6.0021e+02 1.7093e+02 6.1490e+02 2.0893e+02 1.6082e-02
1.0015e+03 1.7360e+02 1.0162e+03 2.0201e+02 1.6050e-02
1.1093e+03 1.7550e+02 1.1691e+03 1.9850e+02 1.5993e-02
1.0123e+03 1.7860e+02 1.0400e+03 1.9728e+02 1.5964e-02
6.0459e+02 1.7740e+02 6.2575e+02 1.9600e+02 1.5188e-02
6.0031e+02 1.7642e+02 6.2147e+02 1.9662e+02 1.4986e-02
8.9017e+02 1.7566e+02 9.2621e+02 1.9302e+02 1.4752e-02
1.2013e+03 1.6908e+02 1.2221e+03 2.1265e+02 1.4511e-02
6.4139e+02 1.8797e+02 6.7220e+02 2.1431e+02 1.4388e-02
1.0223e+03 1.7369e+02 1.0368e+03 2.0065e+02 1.4135e-02
6.0308e+02 1.8220e+02 6.2702e+02 2.0769e+02 1.3983e-02
1.0511e+03 1.7924e+02 1.0648e+03 2.0728e+02 1.3918e-02
1.0969e+03 1.6778e+02 1.1126e+03 2.0841e+02 1.3891e-02
2.0769e+02 1.9945e+02 2.2124e+02 2.2431e+02 1.3789e-02
7.4922e+02 1.6927e+02 7.6195e+02 1.9707e+02 1.3073e-02
4.1349e+02 1.8967e+02 4.3552e+02 2.1128e+02 1.3059e-02
1.1940e+03 1.6519e+02 1.2420e+03 2.0053e+02 1.2952e-02
1.2161e+03 1.7847e+02 1.2420e+03 2.1696e+02 1.2931e-02
7.5670e+02 1.6273e+02 7.7167e+02 1.9235e+02 1.2894e-02
6.5125e+02 1.7949e+02 6.7236e+02 2.0553e+02 1.2384e-02
6.4028e+02 1.7786e+02 6.6465e+02 1.9416e+02 1.2108e-02
1.2188e+03 1.6206e+02 1.2369e+03 2.0799e+02 1.1832e-02
3.7419e+02 1.9415e+02 3.8672e+02 2.2601e+02 1.1589e-02
7.8568e+02 1.7230e+02 8.2432e+02 1.9267e+02 1.1574e-02
8.8845e+02 1.7454e+02 9.1786e+02 1.9277e+02 1.1241e-02
2.3602e+02 2.0030e+02 2.5254e+02 2.3834e+02 1.1075e-02
6.1324e+02 1.7783e+02 6.3921e+02 1.9191e+02 1.1075e-02
7.5402e+02 1.6345e+02 7.6931e+02 1.9330e+02 1.0368e-02
7.7013e+02 1.6743e+02 7.8215e+02 1.9507e+02 1.0348e-02
1.1207e+03 1.7235e+02 1.1836e+03 1.9376e+02 1.0334e-02
1.0332e+03 1.7622e+02 1.0457e+03 2.0217e+02 1.0260e-02
6.0490e+02 1.7699e+02 6.2161e+02 2.2116e+02 1.0004e-02
6.0988e+02 1.7082e+02 6.2221e+02 2.0577e+02 9.9918e-03
1.1679e+03 1.7199e+02 1.2149e+03 2.0428e+02 9.8855e-03
1.0890e+03 1.7791e+02 1.1183e+03 2.0288e+02 9.8371e-03
1.1390e+03 1.7306e+02 1.1880e+03 2.0042e+02 9.8327e-03
8.5025e+02 1.7500e+02 8.7706e+02 1.9094e+02 9.8291e-03
1.1964e+03 1.7732e+02 1.2368e+03 2.0519e+02 9.7208e-03
6.1031e+02 1.9972e+02 6.5502e+02 2.2204e+02 9.2015e-03
9.9904e+02 1.7860e+02 1.0274e+03 1.9759e+02 9.0878e-03
1.0753e+03 1.8105e+02 1.1216e+03 2.0081e+02 9.0730e-03
1.1674e+03 1.7205e+02 1.1845e+03 2.0941e+02 9.0540e-03
6.6735e+02 1.7624e+02 7.2851e+02 2.1667e+02 9.0465e-03
1.1387e+03 1.6303e+02 1.2325e+03 1.9672e+02 8.9066e-03
1.2079e+03 1.7097e+02 1.2409e+03 2.0037e+02 8.8637e-03
1.0638e+03 1.7122e+02 1.1445e+03 2.0165e+02 8.8381e-03
1.0913e+03 1.8206e+02 1.1223e+03 2.0583e+02 8.7610e-03
1.0667e+03 1.8760e+02 1.1514e+03 2.2348e+02 8.5759e-03
1.2156e+03 1.8574e+02 1.2420e+03 2.2548e+02 8.0966e-03
1.1743e+03 1.5177e+02 1.2420e+03 2.2707e+02 7.7676e-03
1.2180e+03 1.5949e+02 1.2420e+03 2.0594e+02 6.9105e-03
6.1038e+02 1.7252e+02 6.3361e+02 2.2835e+02 6.4663e-03
1.0736e+03 1.7340e+02 1.1306e+03 2.0979e+02 6.1788e-03
6.2011e+02 1.7024e+02 6.5321e+02 2.4837e+02 6.1485e-03
0.0000e+00 2.8017e+02 2.9688e+01 3.7500e+02 6.1321e-03
1.2107e+03 1.4708e+02 1.2420e+03 1.8951e+02 6.0572e-03
6.6113e+02 1.8153e+02 7.2341e+02 2.2319e+02 5.7652e-03
6.4563e+02 1.7823e+02 7.0645e+02 2.2070e+02 5.6968e-03
1.2098e+03 1.3972e+02 1.2420e+03 1.8124e+02 5.3813e-03
1.0531e+03 1.7587e+02 1.1374e+03 2.0705e+02 4.7677e-03
1.1820e+03 1.7374e+02 1.2338e+03 2.0946e+02 4.7293e-03
1.2161e+03 1.9215e+02 1.2420e+03 2.3364e+02 4.5447e-03
1.0855e+03 1.8604e+02 1.1687e+03 2.1900e+02 4.4387e-03
1.0823e+03 1.6183e+02 1.2420e+03 2.1733e+02 4.3805e-03
2.0590e+02 1.9982e+02 2.8254e+02 2.3101e+02 4.3439e-03
1.1949e+03 1.6084e+02 1.2245e+03 2.1638e+02 4.2937e-03
1.2206e+03 1.7424e+02 1.2420e+03 2.2114e+02 4.2342e-03
1.0519e+03 1.8216e+02 1.1395e+03 2.1536e+02 4.0514e-03
7.7802e+02 1.6448e+02 8.7394e+02 1.9678e+02 3.9559e-03
6.1288e+02 1.6461e+02 6.5165e+02 2.3089e+02 3.8730e-03
1.0744e+03 1.7771e+02 1.1323e+03 2.1861e+02 3.8387e-03
1.1763e+03 1.6203e+02 1.2420e+03 2.4422e+02 3.3200e-03
1.2254e+03 1.3380e+02 1.2420e+03 2.1701e+02 3.2993e-03
1.0439e+03 1.6185e+02 1.2081e+03 2.2251e+02 3.2463e-03
0.0000e+00 1.1419e+02 3.1992e+01 3.1347e+02 3.1754e-03
2.5043e+01 1.9964e+02 1.1247e+02 2.3340e+02 3.1323e-03
6.8395e+02 1.6882e+02 7.1676e+02 2.3010e+02 3.0498e-03
5.9352e+02 1.7191e+02 6.5837e+02 2.0439e+02 2.9509e-03
1.1568e+03 0.0000e+00 1.2420e+03 1.8101e+02 2.9031e-03
1.2188e+03 1.4301e+02 1.2420e+03 1.9544e+02 2.9029e-03
1.2212e+03 1.8184e+02 1.2420e+03 2.3064e+02 2.8711e-03
1.1843e+03 1.5821e+02 1.2181e+03 2.1339e+02 2.7842e-03
6.4063e+02 1.7194e+02 6.6526e+02 2.2612e+02 2.7616e-03
1.2038e+03 1.6026e+02 1.2292e+03 2.1727e+02 2.7390e-03
1.1089e+03 1.6346e+02 1.1853e+03 2.0267e+02 2.7296e-03
1.1000e+03 1.8525e+02 1.1844e+03 2.1661e+02 2.7012e-03
6.0711e+02 1.7685e+02 6.6378e+02 2.1439e+02 2.6761e-03
9.2040e+02 0.0000e+00 1.2420e+03 1.4543e+02 2.6275e-03
1.1330e+03 1.6183e+02 1.1603e+03 2.1343e+02 2.5623e-03
1.2288e+03 1.4879e+02 1.2420e+03 2.3038e+02 2.5522e-03
1.2256e+03 1.1565e+02 1.2420e+03 2.0259e+02 2.5150e-03
1.0949e+03 0.0000e+00 1.2420e+03 3.5570e+02 2.4743e-03
6.3261e+02 1.7993e+02 6.8501e+02 2.1940e+02 2.4666e-03
1.0802e+03 0.0000e+00 1.2420e+03 6.6179e+01 2.3939e-03
1.2026e+03 2.8370e+02 1.2420e+03 3.7500e+02 2.3568e-03
1.1403e+03 1.6217e+02 1.1667e+03 2.1380e+02 2.2904e-03
1.2031e+03 0.0000e+00 1.2420e+03 9.0687e+01 2.2597e-03
1.2115e+03 1.3216e+02 1.2420e+03 1.7343e+02 2.1835e-03
1.2072e+03 1.2673e+02 1.2420e+03 3.1608e+02 2.1473e-03
1.1882e+03 1.4258e+02 1.2420e+03 2.3593e+02 2.1120e-03
6.0685e+02 1.6747e+02 6.3545e+02 2.3814e+02 2.0990e-03
1.2266e+03 1.8278e+02 1.2420e+03 2.8280e+02 2.0952e-03
1.2269e+03 1.6850e+02 1.2420e+03 2.6088e+02 2.0656e-03
1.0466e+03 1.8797e+02 1.1386e+03 2.2378e+02 2.0073e-03
1.2102e+03 1.0101e+02 1.2420e+03 2.6166e+02 1.9999e-03
1.0036e+03 1.7638e+02 1.0799e+03 2.0439e+02 1.9875e-03
0.0000e+00 3.2818e+02 1.3581e+01 3.7500e+02 1.9661e-03
1.1725e+03 1.1569e+02 1.2420e+03 2.0403e+02 1.9586e-03
1.1554e+03 1.8184e+02 1.2420e+03 3.7500e+02 1.9184e-03
0.0000e+00 3.1680e+02 4.1703e+01 3.7500e+02 1.9056e-03
1.2242e+03 3.3302e+02 1.2420e+03 3.7500e+02 1.8922e-03
1.0152e+03 1.7468e+02 1.0926e+03 2.0295e+02 1.8759e-03
1.0903e+03 1.6213e+02 1.1749e+03 1.9761e+02 1.8657e-03
1.1979e+03 1.7746e+02 1.2420e+03 2.1190e+02 1.8358e-03
7.3316e+02 1.6861e+02 8.0043e+02 1.9511e+02 1.8271e-03
5.6410e+02 1.6008e+02 7.0481e+02 2.3044e+02 1.7745e-03
0.0000e+00 2.1518e+02 2.9693e+01 3.7500e+02 1.7011e-03
1.1995e+03 1.4846e+02 1.2344e+03 2.1705e+02 1.6752e-03
5.9120e+02 1.6999e+02 6.4149e+02 2.1015e+02 1.6297e-03
6.0228e+02 1.5375e+02 6.3170e+02 2.2913e+02 1.5856e-03
1.1134e+03 0.0000e+00 1.2420e+03 9.4107e+01 1.5825e-03
0.0000e+00 6.8200e+01 3.1206e+01 2.6250e+02 1.5647e-03
0.0000e+00 1.4710e+02 3.1332e+01 3.5062e+02 1.5597e-03
1.1826e+03 1.6089e+02 1.2420e+03 1.9824e+02 1.5368e-03
1.1323e+03 1.8584e+02 1.2135e+03 2.1692e+02 1.5273e-03
0.0000e+00 1.9615e+02 5.0334e+01 3.7500e+02 1.5212e-03
1.0604e+03 1.6937e+02 1.2133e+03 2.3370e+02 1.5202e-03
1.0895e+03 1.6724e+02 1.1187e+03 2.3466e+02 1.4894e-03
9.8924e+02 0.0000e+00 1.2420e+03 1.9959e+02 1.4797e-03
1.1470e+03 1.6272e+02 1.1727e+03 2.1304e+02 1.4757e-03
1.1907e+03 1.4982e+02 1.2280e+03 2.1533e+02 1.4503e-03
1.1146e+03 1.8553e+02 1.1992e+03 2.1507e+02 1.4325e-03
1.1873e+03 3.1936e+02 1.2420e+03 3.7500e+02 1.4050e-03
6.1663e+02 1.7389e+02 6.7684e+02 2.0667e+02 1.3690e-03
5.7548e+02 1.7119e+02 6.4360e+02 2.0326e+02 1.3540e-03
1.0776e+03 1.8290e+02 1.1390e+03 2.2450e+02 1.3176e-03
7.9515e+02 1.6961e+02 8.7784e+02 1.9911e+02 1.3081e-03
1.2202e+03 3.5343e+02 1.2420e+03 3.7500e+02 1.2922e-03
0.0000e+00 0.0000e+00 1.2722e+02 3.7500e+02 1.2774e-03
1.0835e+03 2.6081e+02 1.2420e+03 3.7500e+02 1.2741e-03
0.0000e+00 1.5752e+02 1.4442e+01 2.6430e+02 1.2583e-03
1.0329e+03 1.7597e+02 1.1113e+03 2.0621e+02 1.2115e-03
1.0890e+03 1.6792e+02 1.2420e+03 2.3163e+02 1.1958e-03
1.1237e+03 2.4861e+02 1.2420e+03 3.7500e+02 1.1877e-03
6.2981e+02 1.8479e+02 6.9188e+02 2.2269e+02 1.1872e-03
1.1586e+03 0.0000e+00 1.2420e+03 3.4019e+01 1.1511e-03
0.0000e+00 0.0000e+00 3.3047e+01 8.1974e+01 1.1500e-03
1.2145e+03 1.9906e+02 1.2420e+03 2.4348e+02 1.1298e-03
1.1813e+03 1.7481e+02 1.2420e+03 2.6261e+02 1.1221e-03
1.0597e+03 1.6167e+02 1.1503e+03 1.9680e+02 1.1178e-03
1.2055e+03 7.2120e+01 1.2420e+03 2.3971e+02 1.0985e-03
1.2200e+03 1.2767e+02 1.2420e+03 1.8001e+02 1.0929e-03
6.2877e+02 1.7274e+02 6.5930e+02 2.5299e+02 1.0887e-03
1.2043e+03 2.0119e+02 1.2420e+03 3.7500e+02 1.0874e-03
1.2111e+03 1.5871e+02 1.2357e+03 2.2454e+02 1.0709e-03
1.2263e+03 0.0000e+00 1.2420e+03 4.3749e+01 1.0538e-03
1.1247e+03 1.5987e+02 1.1530e+03 2.1348e+02 1.0245e-03
5.9509e+02 1.2238e+02 6.5875e+02 2.6292e+02 1.0194e-03
0.0000e+00 1.3377e+02 4.7447e+01 2.4641e+02 1.0059e-03
6.2303e+02 1.6491e+02 6.5725e+02 2.2664e+02 1.0037e-03
5.6737e+02 1.5587e+02 6.7688e+02 2.3966e+02 9.9677e-04
1.0843e+03 1.6258e+02 1.1113e+03 2.2358e+02 9.3648e-04
1.2150e+03 1.2299e+02 1.2420e+03 1.6450e+02 9.2595e-04
1.0230e+03 1.6948e+02 1.1869e+03 2.3499e+02 9.2209e-04
1.0774e+03 1.6971e+02 1.1373e+03 2.0456e+02 9.1831e-04
1.1496e+03 1.8522e+02 1.2369e+03 2.1704e+02 8.9653e-04
1.1404e+03 1.5746e+02 1.2420e+03 2.2061e+02 8.9578e-04
3.4542e+01 2.0354e+02 1.2179e+02 2.3818e+02 8.9435e-04
6.0985e+02 1.3762e+02 6.6849e+02 2.7821e+02 8.8832e-04
1.2220e+03 1.9341e+02 1.2420e+03 2.4837e+02 8.6840e-04
6.0583e+02 1.8878e+02 6.7430e+02 2.2613e+02 8.5709e-04
0.0000e+00 1.4587e+02 6.8868e+01 2.3405e+02 8.5665e-04
1.0603e+03 1.9216e+02 1.1475e+03 2.3068e+02 8.4973e-04
1.1540e+03 2.7371e+01 1.2420e+03 3.7500e+02 8.4411e-04
0.0000e+00 1.6137e+02 7.0186e+01 2.4966e+02 8.3754e-04
1.2083e+03 1.4389e+02 1.2384e+03 2.1867e+02 8.3658e-04
7.8823e+02 1.6548e+02 8.5700e+02 1.9806e+02 8.3514e-04
1.1853e+03 1.0568e+02 1.2420e+03 2.1238e+02 8.2459e-04
1.2024e+03 1.6821e+02 1.2420e+03 2.0778e+02 8.1229e-04
6.7853e+02 1.7844e+02 7.3280e+02 2.1918e+02 8.0740e-04
9.9022e+02 1.7208e+02 1.0709e+03 2.0276e+02 8.0718e-04
1.1781e+03 1.5908e+02 1.2086e+03 2.1382e+02 8.0485e-04
1.1304e+03 1.6694e+02 1.1587e+03 2.2144e+02 7.9611e-04
0.0000e+00 3.2623e+02 5.6163e+01 3.7500e+02 7.9603e-04
1.1947e+03 1.6410e+02 1.2420e+03 2.7580e+02 7.8540e-04
1.5491e+01 1.8973e+02 1.0679e+02 2.2892e+02 7.8173e-04
0.0000e+00 3.9141e+01 7.0617e+01 3.7500e+02 7.7487e-04
7.2874e+02 1.6235e+02 8.0526e+02 1.9233e+02 7.7358e-04
1.2152e+03 2.0742e+02 1.2420e+03 2.5247e+02 7.6705e-04
1.1562e+03 1.6285e+02 1.1809e+03 2.1408e+02 7.5628e-04
1.0617e+03 1.5146e+02 1.2344e+03 2.1290e+02 7.5616e-04
1.1787e+03 0.0000e+00 1.2420e+03 4.6947e+01 7.5529e-04
1.0680e+03 1.6675e+02 1.1251e+03 2.0530e+02 7.3125e-04
0.0000e+00 2.5811e+02 8.4535e+01 3.7500e+02 7.2045e-04
4.5046e+01 1.9864e+02 1.3097e+02 2.3343e+02 7.2031e-04
1.0128e+03 8.4378e+01 1.2420e+03 3.7500e+02 7.1778e-04
0.0000e+00 1.7825e+02 1.3710e+01 2.9378e+02 7.1450e-04
6.3779e+00 1.9699e+02 9.8038e+01 2.3459e+02 7.1374e-04
0.0000e+00 3.4980e+02 2.1180e+01 3.7500e+02 7.1245e-04
5.9704e+02 1.6571e+02 6.2072e+02 2.2905e+02 7.1227e-04
1.2231e+03 2.0276e+02 1.2420e+03 2.5852e+02 6.9744e-04
6.8037e+02 1.7295e+02 7.3492e+02 2.1190e+02 6.7353e-04
1.0759e+03 1.9196e+02 1.1567e+03 2.2715e+02 6.5268e-04
7.6162e+02 1.6364e+02 8.5402e+02 1.9573e+02 6.4705e-04
1.0670e+03 1.8131e+02 1.1309e+03 2.2738e+02 6.4588e-04
1.2104e+03 0.0000e+00 1.2420e+03 1.5041e+01 6.4563e-04
0.0000e+00 0.0000e+00 6.8570e+01 1.5415e+02 6.2327e-04
1.1869e+03 1.6557e+02 1.2164e+03 2.2051e+02 6.1541e-04
1.1344e+03 1.4994e+02 1.1722e+03 2.0929e+02 6.1021e-04
1.9400e+02 1.9485e+02 2.6961e+02 2.2584e+02 6.0902e-04
1.0744e+03 1.0861e+02 1.2420e+03 2.7319e+02 6.0800e-04
0.0000e+00 1.3052e+02 6.6450e+01 2.1920e+02 6.0681e-04
1.1740e+03 1.8470e+02 1.2420e+03 2.1747e+02 6.0273e-04
0.0000e+00 9.8684e+01 1.8495e+02 3.7500e+02 6.0121e-04
0.0000e+00 2.6745e+02 1.4753e+02 3.7500e+02 5.8832e-04
5.5602e+02 1.6811e+02 6.3018e+02 2.0258e+02 5.8804e-04
1.0976e+03 1.6831e+02 1.1248e+03 2.3041e+02 5.8622e-04
5.8170e+02 1.6947e+02 6.3144e+02 2.0926e+02 5.8131e-04
1.0052e+03 1.5869e+02 1.1842e+03 2.2772e+02 5.7927e-04
0.0000e+00 1.3384e+02 1.5175e+01 2.3996e+02 5.7887e-04
1.2239e+03 2.5239e+02 1.2420e+03 3.7500e+02 5.7403e-04
6.9499e+02 1.6605e+02 7.2184e+02 2.3643e+02 5.6045e-04
1.2210e+03 1.1876e+02 1.2420e+03 1.7198e+02 5.4675e-04
5.1808e+02 1.5512e+02 6.7812e+02 2.2898e+02 5.4604e-04
0.0000e+00 1.7545e+02 3.2019e+01 2.2282e+02 5.4596e-04
1.0635e+03 1.7135e+02 1.1219e+03 2.1079e+02 5.3125e-04
5.7679e+02 1.6766e+02 7.2219e+02 2.4009e+02 5.2565e-04
0.0000e+00 1.6680e+02 4.4692e+01 2.7817e+02 5.2434e-04
8.3939e+02 1.6787e+02 9.3256e+02 1.9742e+02 5.2311e-04
1.1846e+03 1.9101e+02 1.2420e+03 2.8167e+02 5.1798e-04
2.1477e+02 1.9355e+02 2.6535e+02 2.3386e+02 5.0186e-04
1.5832e+01 2.0137e+02 1.0744e+02 2.4019e+02 5.0120e-04
1.2253e+03 1.9774e+02 1.2420e+03 3.1252e+02 4.9935e-04
1.1995e+03 1.8581e+02 1.2420e+03 2.2262e+02 4.8506e-04
1.0624e+03 1.7685e+02 1.1238e+03 2.1888e+02 4.7807e-04
0.0000e+00 2.8979e+02 4.6748e+01 3.7500e+02 4.7785e-04
6.3202e+02 1.6643e+02 6.6231e+02 2.2614e+02 4.7500e-04
1.1224e+03 1.6635e+02 1.1516e+03 2.2249e+02 4.7189e-04
0.0000e+00 1.7924e+02 2.2014e+01 2.3641e+02 4.6666e-04
5.9647e+02 1.3994e+02 6.5561e+02 2.9871e+02 4.6411e-04
0.0000e+00 0.0000e+00 3.2005e+02 1.4241e+02 4.6285e-04
1.2152e+03 1.1368e+02 1.2420e+03 1.5589e+02 4.6236e-04
5.8214e+02 1.1855e+02 6.4402e+02 2.6668e+02 4.6153e-04
0.0000e+00 0.0000e+00 2.2985e+02 1.6126e+02 4.6129e-04
1.1260e+03 1.4974e+02 1.1656e+03 2.0984e+02 4.6119e-04
1.1651e+03 1.6130e+02 1.1903e+03 2.1442e+02 4.5880e-04
1.2183e+03 0.0000e+00 1.2420e+03 1.9318e+01 4.5776e-04
1.0362e+03 1.8123e+02 1.1137e+03 2.1270e+02 4.5597e-04
1.1980e+03 1.7768e+02 1.2420e+03 2.9810e+02 4.5357e-04
0.0000e+00 1.0434e+02 4.4915e+01 2.1430e+02 4.5058e-04
1.0897e+03 1.5468e+02 1.1184e+03 2.1456e+02 4.4944e-04
1.1042e+03 1.2627e+02 1.2420e+03 3.0671e+02 4.4841e-04
1.1778e+03 9.7704e+01 1.2420e+03 1.8931e+02 4.4263e-04
6.6937e+02 1.6799e+02 6.9994e+02 2.3140e+02 4.4223e-04
0.0000e+00 1.0747e+02 1.4895e+02 2.7524e+02 4.4216e-04
1.1733e+03 1.6108e+02 1.1987e+03 2.1484e+02 4.4041e-04
1.0657e+03 7.3968e+01 1.2420e+03 2.4542e+02 4.3178e-04
6.0718e+02 1.4535e+02 6.4134e+02 2.2385e+02 4.3139e-04
7.3343e+02 1.6924e+02 8.1611e+02 1.9859e+02 4.2688e-04
0.0000e+00 1.0538e+02 2.6295e+02 3.7500e+02 4.2663e-04
7.2915e+01 1.9816e+02 1.5638e+02 2.3224e+02 4.1452e-04
1.2271e+03 8.8706e+01 1.2420e+03 1.8322e+02 4.1111e-04
6.7848e+02 1.6593e+02 7.1173e+02 2.5298e+02 4.0679e-04
1.2168e+03 2.1615e+02 1.2420e+03 2.6094e+02 4.0538e-04
1.1417e+03 1.5020e+02 1.1780e+03 2.0706e+02 4.0530e-04
2.2934e+02 1.8778e+02 2.5466e+02 2.4514e+02 4.0432e-04
0.0000e+00 0.0000e+00 1.5163e+01 5.4201e+01 4.0324e-04
2.4806e+00 2.0573e+02 6.1676e+01 3.7500e+02 3.9939e-04
5.4448e+02 1.4404e+02 7.0659e+02 2.1944e+02 3.9768e-04
8.4989e+02 1.6587e+02 9.4924e+02 1.9854e+02 3.9323e-04
1.0813e+03 1.5483e+02 1.2063e+03 2.2179e+02 3.9007e-04
0.0000e+00 9.0279e+01 9.1147e+01 2.9940e+02 3.8792e-04
1.0405e+03 1.6818e+02 1.1283e+03 2.0314e+02 3.8791e-04
1.2007e+03 1.5653e+02 1.2420e+03 2.0134e+02 3.8729e-04
1.1399e+03 1.4187e+02 1.2420e+03 2.1182e+02 3.8706e-04
0.0000e+00 1.7761e+02 7.0164e+01 2.6633e+02 3.8245e-04
1.0808e+03 1.4204e+02 1.1145e+03 2.1326e+02 3.6786e-04
1.0813e+03 1.6982e+02 1.1129e+03 2.4381e+02 3.6528e-04
0.0000e+00 0.0000e+00 5.1603e+01 4.3101e+01 3.6023e-04
0.0000e+00 1.9057e+02 3.0139e+01 2.3671e+02 3.5422e-04
1.2246e+03 2.2547e+02 1.2420e+03 3.4910e+02 3.4921e-04
1.1350e+03 1.6190e+02 1.2091e+03 1.9895e+02 3.4462e-04
0.0000e+00 1.6443e+02 2.1944e+01 2.2095e+02 3.3724e-04
5.6733e+02 1.3591e+02 6.7903e+02 2.2872e+02 3.3066e-04
1.2156e+03 1.3894e+02 1.2420e+03 2.1950e+02 3.2637e-04
1.0557e+03 1.5414e+02 1.1787e+03 2.2808e+02 3.2583e-04
1.0717e+03 1.5911e+02 1.1306e+03 2.0194e+02 3.2491e-04
9.6934e+02 7.6020e+00 1.2420e+03 3.5789e+02 3.2085e-04
0.0000e+00 1.0922e+02 1.5147e+01 2.1621e+02 3.1956e-04
0.0000e+00 1.1375e+02 6.2351e+01 2.0434e+02 3.1762e-04
6.8811e+02 1.5710e+02 7.1917e+02 2.2726e+02 3.1698e-04
0.0000e+00 0.0000e+00 1.1164e+02 7.7240e+01 3.0504e-04
3.6135e+02 1.7885e+02 3.9030e+02 2.4117e+02 3.0367e-04
1.2084e+03 2.4094e+02 1.2420e+03 3.7500e+02 3.0317e-04
1.0248e+03 1.7173e+02 1.1031e+03 2.0354e+02 3.0252e-04
0.0000e+00 1.7492e+02 1.5185e+02 2.4613e+02 3.0144e-04
5.9222e+02 1.3926e+02 6.2507e+02 2.2501e+02 2.9603e-04
9.7135e+02 1.7168e+02 1.0557e+03 2.0236e+02 2.9530e-04
5.4121e+02 1.6183e+02 6.9143e+02 2.3853e+02 2.9456e-04
1.1329e+03 1.0918e+02 1.2420e+03 3.3361e+02 2.9385e-04
1.1710e+03 1.3000e+02 1.2315e+03 2.9196e+02 2.8936e-04
1.1930e+03 1.4802e+02 1.2420e+03 1.8935e+02 2.8797e-04
1.0217e+03 1.4640e+02 1.2048e+03 2.1654e+02 2.8775e-04
6.7197e+02 1.6803e+02 7.0598e+02 2.5070e+02 2.8303e-04
6.2591e+02 1.7243e+02 6.8552e+02 2.0557e+02 2.8173e-04
3.0967e+01 1.9614e+02 9.8017e+01 2.3715e+02 2.7944e-04
1.1186e+03 1.5901e+02 1.1435e+03 2.1417e+02 2.7680e-04
6.0624e+02 1.0559e+02 6.7480e+02 2.6007e+02 2.7378e-04
1.2186e+03 1.5116e+02 1.2415e+03 2.3184e+02 2.7341e-04
7.3228e+00 1.5495e+02 4.3093e+01 2.6831e+02 2.6924e-04
5.8663e+02 1.4844e+02 6.1462e+02 2.2968e+02 2.6475e-04
1.1908e+03 1.4032e+02 1.2420e+03 1.7999e+02 2.6449e-04
0.0000e+00 1.9427e+02 1.4639e+01 3.2489e+02 2.6379e-04
1.0960e+03 1.8105e+02 1.1578e+03 2.1937e+02 2.6166e-04
1.1571e+03 1.3069e+02 1.2156e+03 2.8154e+02 2.6072e-04
7.1693e+01 1.8978e+02 1.5669e+02 2.2808e+02 2.5809e-04
1.0763e+03 1.6169e+02 1.1865e+03 2.3743e+02 2.5734e-04
7.2858e+02 1.7171e+02 8.0039e+02 2.0018e+02 2.5732e-04
1.2212e+03 1.1003e+02 1.2420e+03 1.6210e+02 2.5656e-04
1.1405e+03 1.6594e+02 1.2420e+03 2.3600e+02 2.5582e-04
0.0000e+00 0.0000e+00 1.5861e+02 7.0262e+01 2.5413e-04
5.8207e+02 1.7472e+02 6.8891e+02 2.6109e+02 2.5332e-04
1.1060e+03 1.5627e+02 1.2176e+03 2.3520e+02 2.5328e-04
1.1073e+03 1.6690e+02 1.1323e+03 2.2765e+02 2.5176e-04
3.8794e+00 1.3804e+02 6.7790e+01 3.5784e+02 2.5091e-04
6.4833e+02 1.7170e+02 6.7385e+02 2.2910e+02 2.4856e-04
1.1109e+03 1.7959e+02 1.1743e+03 2.1630e+02 2.4841e-04
7.4373e+02 1.6800e+02 8.2923e+02 1.9660e+02 2.4774e-04
6.7431e+02 1.6911e+02 7.2513e+02 2.1487e+02 2.4597e-04
1.1128e+03 1.4943e+02 1.2420e+03 3.4091e+02 2.4597e-04
0.0000e+00 2.0731e+01 2.9655e+01 2.1948e+02 2.4211e-04
0.0000e+00 2.0404e+02 4.5913e+01 3.7500e+02 2.3806e-04
1.1139e+03 1.5351e+02 1.2352e+03 2.2201e+02 2.3801e-04
5.8986e+02 7.2057e+01 6.6299e+02 2.6082e+02 2.3800e-04
8.0340e+02 1.6663e+02 8.8927e+02 1.9751e+02 2.3292e-04
5.5647e+02 1.8238e+02 7.1891e+02 2.6010e+02 2.3224e-04
0.0000e+00 1.8669e+02 9.0365e+01 2.2855e+02 2.3220e-04
0.0000e+00 1.5885e+02 3.2260e+01 2.0744e+02 2.3102e-04
5.7234e+02 1.6625e+02 6.2294e+02 2.0800e+02 2.3048e-04
1.4728e+01 1.4490e+02 8.3351e+01 3.4908e+02 2.2885e-04
0.0000e+00 2.8883e+02 6.8860e+01 3.7500e+02 2.2845e-04
0.0000e+00 1.0670e+02 4.9797e+01 3.1640e+02 2.2793e-04
0.0000e+00 1.3271e+02 1.4568e+02 3.1106e+02 2.2323e-04
6.7053e+02 1.5489e+02 7.1039e+02 2.3416e+02 2.2217e-04
0.0000e+00 0.0000e+00 7.6171e+01 4.3376e+01 2.2034e-04
1.2240e+03 2.1719e+02 1.2420e+03 2.7745e+02 2.2024e-04
1.0778e+03 1.6714e+02 1.1050e+03 2.3319e+02 2.1999e-04
1.1801e+03 2.6306e+02 1.2420e+03 3.6970e+02 2.1915e-04
1.1241e+03 1.2931e+02 1.1826e+03 2.7254e+02 2.1885e-04
1.1165e+03 1.6573e+02 1.1425e+03 2.2486e+02 2.1879e-04
1.1909e+03 8.7477e+01 1.2420e+03 2.0043e+02 2.1854e-04
1.1510e+03 1.3700e+02 1.2216e+03 3.1247e+02 2.1792e-04
7.3740e+02 1.6569e+02 7.8606e+02 1.9706e+02 2.1713e-04
1.1404e+03 1.3074e+02 1.1991e+03 2.7683e+02 2.1688e-04
1.2157e+03 2.2337e+02 1.2420e+03 2.6947e+02 2.1686e-04
6.2482e+02 1.3114e+02 6.8766e+02 2.7996e+02 2.1547e-04
0.0000e+00 1.9296e+02 2.0814e+01 2.5355e+02 2.1286e-04
5.4464e+02 1.7382e+02 6.2253e+02 2.0793e+02 2.1121e-04
1.0868e+03 1.7539e+02 1.1204e+03 2.5213e+02 2.1030e-04
5.6973e+02 1.8148e+02 6.3894e+02 2.1629e+02 2.0967e-04
3.3822e+01 1.9074e+02 1.2675e+02 2.2878e+02 2.0908e-04
0.0000e+00 7.3103e+01 1.4291e+02 2.4116e+02 2.0838e-04
1.2161e+03 1.1585e+02 1.2420e+03 2.1029e+02 2.0480e-04
1.1833e+03 2.0408e+02 1.2420e+03 3.0169e+02 2.0397e-04
1.1643e+03 1.1896e+02 1.2420e+03 3.7500e+02 2.0283e-04
0.0000e+00 1.8611e+02 1.6828e+02 2.5619e+02 2.0160e-04
9.2297e+02 2.9655e+02 1.0002e+03 3.7500e+02 1.9993e-04
6.7591e+02 1.8602e+02 7.2905e+02 2.2320e+02 1.9929e-04
9.3799e+02 2.9587e+02 1.0163e+03 3.7500e+02 1.9896e-04
0.0000e+00 2.6021e+02 3.8429e+01 3.7486e+02 1.9642e-04
1.2312e+01 2.0817e+02 7.7471e+01 3.7500e+02 1.9496e-04
0.0000e+00 2.6032e+02 1.6217e+01 3.7500e+02 1.9376e-04
6.0244e+02 1.5865e+02 7.4224e+02 2.3047e+02 1.9336e-04
3.9217e+02 1.8351e+02 4.6179e+02 2.1660e+02 1.9267e-04
0.0000e+00 8.2421e+01 1.4943e+01 1.9630e+02 1.9214e-04
5.8019e+02 1.5934e+02 6.5579e+02 1.9357e+02 1.9136e-04
1.0359e+03 1.7157e+02 1.0886e+03 2.0609e+02 1.9095e-04
1.0740e+03 3.9298e+01 1.2420e+03 2.2092e+02 1.8983e-04
1.1170e+03 5.4096e+01 1.2420e+03 2.6989e+02 1.8972e-04
5.9314e+02 1.6239e+02 7.0549e+02 2.4482e+02 1.8815e-04
1.1970e+03 1.9186e+02 1.2420e+03 2.3076e+02 1.8791e-04
2.6159e+00 1.1750e+02 6.9672e+01 3.0939e+02 1.8648e-04
5.7637e+02 6.7213e+01 6.4548e+02 2.5916e+02 1.8524e-04
5.6254e+02 9.2191e+01 6.2916e+02 2.6041e+02 1.8523e-04
1.2258e+03 2.7887e+02 1.2420e+03 3.7500e+02 1.8469e-04
6.4008e+02 1.7120e+02 6.6841e+02 2.5362e+02 1.8468e-04
9.5456e+02 2.9753e+02 1.0303e+03 3.7500e+02 1.8121e-04
1.0948e+03 1.2825e+02 1.1509e+03 2.6645e+02 1.8110e-04
1.0405e+03 1.5880e+02 1.1617e+03 2.4353e+02 1.7867e-04
5.7551e+02 1.3622e+02 6.0689e+02 2.2391e+02 1.7722e-04
0.0000e+00 6.0252e+01 8.7115e+01 2.6224e+02 1.7708e-04
1.4410e+01 1.5791e+02 4.9927e+01 2.6163e+02 1.7664e-04
0.0000e+00 2.2326e+02 1.5443e+01 3.5795e+02 1.7586e-04
5.8402e+02 1.8024e+02 6.3649e+02 2.2255e+02 1.7526e-04
1.1110e+03 1.2929e+02 1.1659e+03 2.6800e+02 1.7516e-04
0.0000e+00 1.4630e+02 2.3092e+01 2.0581e+02 1.7500e-04
9.0716e+02 2.9658e+02 9.8399e+02 3.7500e+02 1.7491e-04
1.0889e+03 0.0000e+00 1.2352e+03 1.7456e+02 1.7421e-04
6.8688e+02 1.6668e+02 7.1673e+02 2.5617e+02 1.7366e-04
1.2126e+03 1.6630e+02 1.2367e+03 2.5111e+02 1.7293e-04
1.1850e+03 2.8527e+02 1.2420e+03 3.7500e+02 1.7235e-04
1.0553e+03 0.0000e+00 1.2023e+03 1.7305e+02 1.7123e-04
5.3453e+02 1.6609e+02 6.1990e+02 2.0366e+02 1.6860e-04
0.0000e+00 3.2803e+02 2.2186e+01 3.7500e+02 1.6812e-04
0.0000e+00 1.4995e+02 3.1470e+01 1.9953e+02 1.6808e-04
1.1842e+03 1.8108e+02 1.2366e+03 2.2016e+02 1.6772e-04
1.6895e+01 1.2642e+02 8.6452e+01 3.0050e+02 1.6681e-04
1.0980e+03 1.5567e+02 1.1255e+03 2.1244e+02 1.6593e-04
1.9804e+00 1.4997e+02 3.5743e+01 2.7268e+02 1.6386e-04
5.4844e+01 1.9005e+02 1.4294e+02 2.2878e+02 1.6303e-04
7.1288e+02 1.6739e+02 7.8652e+02 1.9546e+02 1.6222e-04
5.4427e+02 9.0271e+01 6.1157e+02 2.6370e+02 1.6164e-04
8.2098e+02 1.6088e+02 9.1967e+02 1.9523e+02 1.6154e-04
1.0318e+03 0.0000e+00 1.2420e+03 2.7098e+02 1.6133e-04
1.0609e+03 1.7997e+02 1.2169e+03 2.5610e+02 1.5956e-04
1.0745e+03 1.2671e+02 1.1377e+03 2.7161e+02 1.5862e-04
5.9348e+02 1.5897e+02 6.4930e+02 2.0145e+02 1.5785e-04
1.1188e+03 1.4630e+02 1.1579e+03 2.0893e+02 1.5781e-04
6.5961e+02 1.4117e+02 7.2081e+02 3.0127e+02 1.5497e-04
5.5079e+02 1.5853e+02 6.2988e+02 1.9562e+02 1.5457e-04
1.2105e+03 3.3134e+01 1.2420e+03 2.1263e+02 1.5402e-04
9.7159e+02 2.9780e+02 1.0458e+03 3.7500e+02 1.5282e-04
1.0054e+03 1.7145e+02 1.0594e+03 2.0298e+02 1.5142e-04
5.5128e+01 2.0338e+02 1.4038e+02 2.3825e+02 1.5137e-04
5.6304e+02 1.6455e+02 6.1579e+02 2.0863e+02 1.4989e-04
1.2038e+03 1.6798e+02 1.2295e+03 2.4189e+02 1.4965e-04
8.9129e+02 2.9745e+02 9.6804e+02 3.7500e+02 1.4869e-04
1.1890e+03 1.2597e+02 1.2420e+03 2.9646e+02 1.4613e-04
6.4740e+02 1.3270e+02 7.1128e+02 2.7838e+02 1.4514e-04
5.6708e+02 1.4027e+02 6.0083e+02 2.2330e+02 1.4435e-04
1.2246e+03 0.0000e+00 1.2420e+03 1.2127e+02 1.4369e-04
4.9054e+02 1.3956e+02 6.6292e+02 2.1685e+02 1.4335e-04
8.7667e+01 1.9811e+02 1.7142e+02 2.3183e+02 1.4268e-04
1.1845e+03 2.1857e+02 1.2420e+03 3.2161e+02 1.3922e-04
1.1444e+03 1.7989e+02 1.2039e+03 2.1560e+02 1.3795e-04
1.1256e+01 2.9444e+02 8.5345e+01 3.7500e+02 1.3611e-04
5.3308e+02 1.4469e+02 6.4940e+02 2.3810e+02 1.3481e-04
6.1464e+02 1.4627e+02 6.4990e+02 2.2637e+02 1.3478e-04
1.1843e+03 8.0390e+01 1.2420e+03 1.7357e+02 1.3363e-04
1.1679e+03 1.5075e+02 1.2005e+03 2.1211e+02 1.3254e-04
6.8444e+02 1.8191e+02 7.2616e+02 2.2617e+02 1.3039e-04
6.4203e+02 1.6272e+02 6.6960e+02 2.2484e+02 1.3001e-04
1.0249e+03 1.7991e+02 1.1007e+03 2.0954e+02 1.2982e-04
3.9308e+02 1.7784e+02 4.6131e+02 2.1111e+02 1.2957e-04
3.1916e+01 1.2775e+02 1.0277e+02 2.9504e+02 1.2942e-04
2.3260e+02 1.8439e+02 2.5987e+02 2.6101e+02 1.2922e-04
1.1649e+03 0.0000e+00 1.2420e+03 2.8352e+02 1.2757e-04
0.0000e+00 9.8805e+01 5.9848e+01 1.8905e+02 1.2757e-04
5.6356e+02 1.5990e+02 6.4044e+02 1.9458e+02 1.2702e-04
1.1709e+03 1.4989e+02 1.2420e+03 1.9054e+02 1.2568e-04
0.0000e+00 0.0000e+00 6.2654e+01 3.0159e+02 1.2548e-04
1.0982e+03 2.1333e+02 1.2420e+03 3.7500e+02 1.2540e-04
8.2605e+02 1.6814e+02 9.1528e+02 1.9687e+02 1.2520e-04
5.8034e+02 1.3323e+02 6.4227e+02 3.0259e+02 1.2470e-04
0.0000e+00 1.9285e+02 6.7454e+01 2.8521e+02 1.2356e-04
1.1695e+03 1.7833e+02 1.2290e+03 2.1479e+02 1.2283e-04
5.2794e+02 8.7539e+01 5.9754e+02 2.6224e+02 1.2255e-04
7.3337e+02 1.5936e+02 7.8995e+02 1.9573e+02 1.2240e-04
1.0516e+03 1.7105e+02 1.1119e+03 2.1066e+02 1.2226e-04
2.7241e+01 1.7040e+02 2.0051e+02 2.4438e+02 1.2210e-04
2.3823e+01 1.8693e+02 9.1013e+01 2.3344e+02 1.2182e-04
1.1514e+03 1.5338e+02 1.1845e+03 2.0902e+02 1.2129e-04
8.7517e+02 2.9418e+02 9.5227e+02 3.7500e+02 1.2039e-04
0.0000e+00 2.0625e+02 2.9308e+01 2.5576e+02 1.2004e-04
1.1345e+03 1.3781e+02 1.2046e+03 3.0306e+02 1.1816e-04
1.3595e+01 1.5850e+02 1.8669e+02 2.3144e+02 1.1784e-04
6.5988e+02 1.7026e+02 6.8525e+02 2.3322e+02 1.1701e-04
9.9750e+02 1.7904e+02 1.0753e+03 2.0925e+02 1.1666e-04
5.7376e+02 1.4547e+02 7.3183e+02 2.2165e+02 1.1626e-04
1.0256e+03 1.7923e+02 1.1926e+03 2.5535e+02 1.1567e-04
1.2253e+03 5.1238e+01 1.2420e+03 1.5664e+02 1.1546e-04
5.8022e+02 1.5838e+02 6.3331e+02 2.0272e+02 1.1433e-04
1.1247e+03 1.7971e+02 1.1895e+03 2.1430e+02 1.1397e-04
4.9942e+02 1.1008e+02 8.4853e+02 2.7898e+02 1.1388e-04
7.4341e+02 1.6072e+02 8.3321e+02 1.9276e+02 1.1317e-04
3.5033e+02 9.3280e+01 4.2252e+02 2.6448e+02 1.1279e-04
1.1557e+03 0.0000e+00 1.2226e+03 7.5725e+01 1.1064e-04
0.0000e+00 1.3091e+02 2.2709e+01 1.9042e+02 1.1057e-04
2.8527e+01 1.4737e+02 1.0117e+02 3.3876e+02 1.1021e-04
0.0000e+00 1.4869e+02 4.9713e+01 3.7500e+02 1.0946e-04
1.0274e+03 0.0000e+00 1.1695e+03 1.6393e+02 1.0908e-04
1.9102e+02 2.0301e+02 2.7595e+02 2.3507e+02 1.0902e-04
1.9926e+02 1.9554e+02 2.5384e+02 2.2973e+02 1.0884e-04
1.2235e+03 2.8480e+02 1.2420e+03 3.5306e+02 1.0877e-04
0.0000e+00 1.6634e+02 1.2599e+02 2.5637e+02 1.0837e-04
1.5675e+02 2.9122e+02 2.3196e+02 3.7500e+02 1.0788e-04
1.9278e+02 8.4788e+01 2.6056e+02 2.6949e+02 1.0781e-04
0.0000e+00 1.5056e+02 2.4374e+01 2.7119e+02 1.0728e-04
6.4888e+02 1.6541e+02 6.7620e+02 2.4054e+02 1.0708e-04
7.5045e+02 1.6084e+02 7.7385e+02 2.2459e+02 1.0682e-04
0.0000e+00 7.2970e+01 4.0754e+01 1.8267e+02 1.0657e-04
0.0000e+00 2.4881e+01 2.8427e+02 3.5489e+02 1.0501e-04
3.5446e+02 1.7423e+02 3.8544e+02 2.4167e+02 1.0465e-04
9.8768e+02 3.0027e+02 1.0622e+03 3.7500e+02 1.0382e-04
1.0238e+03 1.4856e+02 1.1538e+03 2.3470e+02 1.0347e-04
8.5988e+02 2.9418e+02 9.3589e+02 3.7500e+02 1.0327e-04
4.9345e+01 1.2843e+02 1.1708e+02 2.8888e+02 1.0257e-04
2.7770e+02 3.8616e+01 4.4200e+02 3.7500e+02 1.0200e-04
0.0000e+00 1.9772e+02 4.0313e+01 3.1476e+02 1.0196e-04
1.2185e+03 1.6231e+02 1.2420e+03 2.5508e+02 1.0128e-04
0.0000e+00 1.4922e+02 7.8459e+01 3.6238e+02 1.0123e-04
7.9732e+02 0.0000e+00 1.2420e+03 1.3854e+02 1.0046e-04
0.0000e+00 5.5799e+01 1.5077e+01 1.7495e+02 1.0035e-04
1.1948e+03 1.6603e+02 1.2235e+03 2.3420e+02 1.0021e-04
1.7449e+02 8.7373e+01 2.4829e+02 2.6830e+02 1.0001e-04
0.0000e+00 1.3374e+02 3.0898e+01 1.8443e+02 9.9894e-05
2.1503e+02 2.8677e+01 3.8186e+02 3.7500e+02 9.9707e-05
1.0955e+03 1.7640e+02 1.1269e+03 2.5042e+02 9.9412e-05
1.1872e+03 9.8378e+01 1.2420e+03 2.5597e+02 9.9406e-05
7.0572e+02 1.4471e+02 8.9380e+02 2.1086e+02 9.8935e-05
0.0000e+00 3.2785e+02 3.2725e+01 3.7500e+02 9.7084e-05
1.7261e+02 2.9013e+02 2.4826e+02 3.7500e+02 9.6953e-05
2.4385e+02 2.6467e+01 4.1378e+02 3.7500e+02 9.6951e-05
5.6058e+02 1.3572e+02 5.9396e+02 2.2081e+02 9.6781e-05
6.8600e+02 1.6824e+02 7.4212e+02 2.0446e+02 9.6542e-05
5.6576e+02 3.0481e+01 7.2535e+02 3.6323e+02 9.6437e-05
1.0965e+03 1.7767e+02 1.2420e+03 2.5604e+02 9.6311e-05
1.1688e+03 2.9582e+02 1.2387e+03 3.7500e+02 9.5974e-05
1.2183e+03 9.7666e+01 1.2420e+03 1.4371e+02 9.5615e-05
6.2000e+00 1.7395e+02 4.5144e+01 3.0098e+02 9.5241e-05
1.8803e+02 2.8424e+01 3.4754e+02 3.7500e+02 9.5217e-05
0.0000e+00 2.2950e+02 3.8761e+01 3.5010e+02 9.4911e-05
0.0000e+00 3.1010e+02 1.1107e+01 3.7500e+02 9.4638e-05
1.0762e+03 1.5147e+02 1.1054e+03 2.1422e+02 9.4399e-05
1.1376e+03 1.2167e+02 1.2420e+03 2.0279e+02 9.3831e-05
1.3999e+02 2.9184e+02 2.1681e+02 3.7500e+02 9.3478e-05
9.0584e+02 3.2989e+02 1.0358e+03 3.7500e+02 9.3408e-05
0.0000e+00 2.8459e+02 1.2861e+01 3.7500e+02 9.3197e-05
1.0982e+03 1.5364e+02 1.2055e+03 1.9067e+02 9.3022e-05
1.5766e+02 8.3899e+01 2.3153e+02 2.7027e+02 9.2946e-05
1.2255e+03 7.5132e+01 1.2420e+03 1.7113e+02 9.2719e-05
2.3192e+01 1.5985e+02 5.7803e+01 2.5779e+02 9.2714e-05
6.9801e+02 1.5592e+02 7.2492e+02 2.2458e+02 9.2274e-05
1.2130e+03 3.3072e+02 1.2420e+03 3.7500e+02 9.2243e-05
2.0590e+02 7.9298e+01 2.7440e+02 2.7029e+02 9.1424e-05
1.0036e+03 3.0218e+02 1.0777e+03 3.7500e+02 9.1045e-05
4.7157e+01 1.7206e+02 8.3469e+01 2.5075e+02 9.0960e-05
3.5013e+02 1.8683e+02 3.9776e+02 2.3184e+02 9.0870e-05
1.1735e+03 0.0000e+00 1.2376e+03 8.1999e+01 9.0787e-05
7.9155e+02 1.5971e+02 8.6535e+02 1.9656e+02 9.0685e-05
6.2591e+02 1.8654e+02 6.7726e+02 2.2791e+02 9.0640e-05
1.1393e+03 0.0000e+00 1.2068e+03 7.1930e+01 9.0624e-05
2.8667e+01 2.0825e+02 1.1946e+02 2.4603e+02 9.0385e-05
1.2170e+03 2.9227e+02 1.2420e+03 3.4220e+02 9.0334e-05
1.0518e+03 1.5938e+02 1.0776e+03 2.1639e+02 8.9916e-05
5.8932e+02 1.8692e+02 6.5973e+02 2.2664e+02 8.9173e-05
1.1717e+03 1.0566e+02 1.2369e+03 2.5088e+02 8.9141e-05
1.1670e+03 1.3632e+02 1.2379e+03 3.4661e+02 8.8989e-05
7.3047e+02 1.4157e+02 9.2341e+02 2.0751e+02 8.8958e-05
3.3981e+02 1.9035e+02 4.1156e+02 2.2780e+02 8.8925e-05
1.0861e+03 1.8620e+02 1.1472e+03 2.2780e+02 8.8755e-05
3.6681e+02 1.7710e+02 3.9496e+02 2.4192e+02 8.8325e-05
1.2162e+03 8.8507e+01 1.2420e+03 1.3468e+02 8.7815e-05
5.2360e+02 1.7181e+02 6.1156e+02 2.0977e+02 8.6350e-05
1.8816e+02 2.8875e+02 2.6362e+02 3.7500e+02 8.6273e-05
5.3318e+02 1.5669e+02 6.2165e+02 1.9556e+02 8.5563e-05
4.3550e+02 1.0600e+02 7.8864e+02 2.8009e+02 8.5547e-05
1.2289e+03 3.1233e+02 1.2420e+03 3.7500e+02 8.5449e-05
9.5477e+02 3.3903e+02 9.9351e+02 3.7500e+02 8.5179e-05
1.0590e+03 1.2403e+02 1.1241e+03 2.7537e+02 8.5178e-05
7.5618e+02 1.5699e+02 7.8210e+02 2.1338e+02 8.5063e-05
0.0000e+00 1.6060e+02 1.3188e+02 3.4211e+02 8.4415e-05
8.1953e+01 1.2532e+02 1.4885e+02 2.9245e+02 8.4146e-05
7.0085e+02 1.6104e+02 7.7921e+02 1.9408e+02 8.4071e-05
4.2314e+01 1.9641e+02 1.1027e+02 2.3598e+02 8.3814e-05
3.1542e+02 4.0613e+01 4.6909e+02 3.6884e+02 8.3378e-05
1.0205e+03 1.6987e+02 1.0770e+03 2.0178e+02 8.3299e-05
6.7805e+01 1.2728e+02 1.3235e+02 2.9052e+02 8.2733e-05
6.5752e+02 1.8857e+02 7.2586e+02 2.2851e+02 8.2580e-05
1.1712e+03 2.0275e+02 1.2420e+03 3.7500e+02 8.2285e-05
8.4477e+02 2.9286e+02 9.2141e+02 3.7500e+02 8.2210e-05
0.0000e+00 0.0000e+00 3.1412e+01 2.7068e+01 8.2138e-05
5.3382e+02 1.7358e+01 6.9361e+02 3.6812e+02 8.1926e-05
1.2168e+03 2.3010e+02 1.2420e+03 2.7837e+02 8.1557e-05
1.0878e+03 1.9141e+02 1.1770e+03 2.2611e+02 8.1405e-05
5.9947e+02 3.6088e+01 7.5283e+02 3.6565e+02 8.1348e-05
0.0000e+00 2.0719e+02 2.1156e+01 2.7097e+02 8.1282e-05
9.5944e+01 1.2278e+02 1.6477e+02 2.9529e+02 8.1077e-05
1.1063e+03 1.3835e+02 1.2420e+03 2.1504e+02 8.0975e-05
8.4766e+02 2.0495e+02 1.0019e+03 3.7500e+02 8.0896e-05
1.1865e+03 1.3274e+02 1.2420e+03 3.5129e+02 8.0652e-05
1.5526e+02 2.5065e+01 3.0934e+02 3.7403e+02 8.0650e-05
3.6679e+02 9.3844e+01 4.3835e+02 2.6214e+02 8.0305e-05
1.1182e+03 1.3890e+02 1.1876e+03 2.9575e+02 8.0115e-05
9.6240e+02 3.3840e+02 1.0014e+03 3.7500e+02 7.9967e-05
3.6369e+02 1.8367e+02 3.8806e+02 2.6220e+02 7.9643e-05
1.2181e+03 8.0048e+01 1.2420e+03 1.2700e+02 7.9376e-05
7.7805e+01 2.0314e+02 1.6330e+02 2.3698e+02 7.9216e-05
5.7920e+02 1.5457e+02 6.0723e+02 2.3045e+02 7.8413e-05
1.1916e+03 1.3364e+02 1.2420e+03 1.7268e+02 7.7970e-05
9.4711e+02 3.3973e+02 9.8541e+02 3.7500e+02 7.7946e-05
5.9257e+02 1.6086e+02 6.7176e+02 1.9522e+02 7.7861e-05
8.7724e+02 3.2845e+02 1.0059e+03 3.7500e+02 7.7784e-05
7.2841e+02 1.6426e+02 7.7892e+02 1.9732e+02 7.7034e-05
1.2160e+03 1.7705e+02 1.2420e+03 2.9239e+02 7.6986e-05
8.7810e+02 2.0875e+02 1.0336e+03 3.7500e+02 7.6878e-05
5.8856e+02 1.6352e+02 6.1507e+02 2.3799e+02 7.6188e-05
2.0357e+02 2.8761e+02 2.7930e+02 3.7500e+02 7.5986e-05
7.3783e+02 1.2732e+02 9.1864e+02 1.9846e+02 7.5782e-05
4.8271e+02 1.5056e+02 6.4767e+02 2.2910e+02 7.5450e-05
1.0855e+03 1.6090e+02 1.1516e+03 1.9938e+02 7.5346e-05
1.2172e+01 1.8237e+02 1.0575e+02 2.2302e+02 7.5238e-05
1.2240e+03 2.7032e+02 1.2420e+03 3.3765e+02 7.4060e-05
8.6300e+02 3.3374e+02 1.0437e+03 3.7500e+02 7.3716e-05
5.5328e+02 1.7986e+02 6.3178e+02 2.1656e+02 7.3259e-05
1.2108e+03 1.7059e+02 1.2389e+03 2.6603e+02 7.2905e-05
1.2718e+02 3.1379e+01 2.7676e+02 3.7500e+02 7.2628e-05
4.0161e+00 3.2974e+02 4.0906e+01 3.7500e+02 7.2440e-05
6.8933e+02 1.7257e+02 7.4701e+02 2.0870e+02 7.1295e-05
2.2457e+02 1.8803e+02 2.4922e+02 2.4206e+02 7.1084e-05
1.2356e+02 2.9191e+02 2.0177e+02 3.7500e+02 7.0943e-05
1.1242e+03 0.0000e+00 1.1907e+03 6.7390e+01 7.0841e-05
1.2150e+03 3.0847e+02 1.2420e+03 3.5798e+02 7.0808e-05
6.7233e+02 1.3942e+02 7.3454e+02 3.0190e+02 7.0531e-05
1.1961e+03 7.0948e+01 1.2420e+03 1.8580e+02 7.0457e-05
6.9885e+02 1.6813e+02 7.7299e+02 1.9902e+02 7.0400e-05
1.0331e+03 1.8612e+02 1.1178e+03 2.2189e+02 6.9985e-05
1.0269e+03 1.6718e+02 1.0874e+03 2.0323e+02 6.9843e-05
2.1568e+02 1.1679e+02 5.6727e+02 2.7734e+02 6.9778e-05
0.0000e+00 2.0042e+02 8.7895e+01 2.4183e+02 6.9441e-05
4.0772e+01 1.6889e+02 7.4914e+01 2.5148e+02 6.9322e-05
5.5368e+02 1.5710e+02 6.0999e+02 2.0408e+02 6.9103e-05
8.2872e+02 2.9221e+02 9.0484e+02 3.7500e+02 6.8979e-05
1.0195e+03 3.0151e+02 1.0934e+03 3.7500e+02 6.8961e-05
3.3609e+02 8.6522e+01 4.0638e+02 2.6787e+02 6.8957e-05
1.6326e+01 1.7769e+02 1.3672e+02 2.6529e+02 6.8319e-05
0.0000e+00 1.6679e+02 3.6206e+01 3.1050e+02 6.8232e-05
1.1205e+03 1.6906e+02 1.1494e+03 2.3403e+02 6.8167e-05
9.9129e+02 1.6677e+02 1.1680e+03 2.4101e+02 6.8033e-05
1.1075e+03 1.5487e+02 1.1333e+03 2.1052e+02 6.8001e-05
0.0000e+00 0.0000e+00 3.6622e+01 1.9960e+01 6.7952e-05
0.0000e+00 1.6720e+02 2.4335e+01 3.0889e+02 6.7728e-05
1.2219e+03 3.0079e+02 1.2420e+03 3.6685e+02 6.7648e-05
8.9228e+02 0.0000e+00 1.1882e+03 3.2969e+02 6.6991e-05
1.4435e+01 1.7311e+02 5.1712e+01 2.8024e+02 6.6828e-05
5.7374e+02 1.7768e+02 6.2468e+02 2.1961e+02 6.6127e-05
0.0000e+00 0.0000e+00 2.1807e+02 3.7500e+02 6.6057e-05
4.6765e+02 9.6072e+01 8.2921e+02 2.4729e+02 6.5881e-05
7.7870e+02 1.6556e+02 8.4238e+02 2.0183e+02 6.5847e-05
9.4096e+02 3.3268e+02 1.0642e+03 3.7500e+02 6.5579e-05
6.6049e-01 1.8192e+02 6.2861e+01 2.3720e+02 6.5572e-05
6.1233e+02 3.4370e+02 6.4853e+02 3.7500e+02 6.5277e-05
6.2040e+02 3.4292e+02 6.5638e+02 3.7500e+02 6.5238e-05
6.1558e+02 1.5884e+02 7.2490e+02 2.4755e+02 6.4842e-05
6.7320e+02 1.8587e+02 7.2106e+02 2.3308e+02 6.4417e-05
1.2237e+03 2.5525e+02 1.2420e+03 3.2076e+02 6.4416e-05
0.0000e+00 1.7556e+02 1.0309e+02 2.7058e+02 6.4313e-05
9.9597e+02 0.0000e+00 1.1360e+03 1.5926e+02 6.4297e-05
5.1284e+02 9.0000e+01 5.8321e+02 2.6577e+02 6.4210e-05
1.1599e+03 1.5231e+02 1.1918e+03 2.0951e+02 6.4083e-05
1.4120e+02 8.3185e+01 2.1521e+02 2.7642e+02 6.3995e-05
1.0432e+03 1.7792e+02 1.0983e+03 2.1559e+02 6.3858e-05
5.5459e+01 1.6770e+02 2.3528e+02 2.4415e+02 6.3752e-05
5.6849e+01 1.8574e+02 8.8792e+01 2.6016e+02 6.3292e-05
1.1265e+03 1.6829e+02 1.2337e+03 2.6882e+02 6.3165e-05
8.1911e+02 2.0559e+02 9.6859e+02 3.7500e+02 6.2668e-05
1.0540e+03 1.5306e+02 1.1506e+03 1.9128e+02 6.2479e-05
1.1147e+03 1.6985e+02 1.1407e+03 2.3584e+02 6.2280e-05
5.1360e+02 1.2922e+02 6.3446e+02 2.2989e+02 6.2276e-05
0.0000e+00 6.3162e+01 4.8385e+01 2.6767e+02 6.2113e-05
5.3381e+02 0.0000e+00 5.9707e+02 6.4225e+01 6.2066e-05
5.2851e+01 1.7447e+02 9.0380e+01 2.5102e+02 6.1823e-05
5.9757e+02 1.8264e+02 7.5559e+02 2.6192e+02 6.1200e-05
0.0000e+00 8.1617e+01 5.6826e+01 1.7408e+02 6.1177e-05
1.0519e+03 1.4074e+02 1.1862e+03 2.1905e+02 6.0801e-05
1.2192e+03 3.2518e+02 1.2420e+03 3.7111e+02 6.0783e-05
1.5729e+01 1.9223e+02 8.2843e+01 2.3859e+02 6.0647e-05
9.7052e+02 3.3970e+02 1.0094e+03 3.7500e+02 6.0639e-05
2.3656e+02 2.8618e+02 3.1061e+02 3.7500e+02 6.0627e-05
1.0682e+03 1.6339e+02 1.0944e+03 2.2998e+02 6.0314e-05
2.1234e+02 0.0000e+00 2.7736e+02 6.0807e+01 6.0270e-05
1.2109e+03 0.0000e+00 1.2420e+03 1.5208e+02 6.0254e-05
7.7304e+02 1.5458e+02 8.7535e+02 1.9054e+02 6.0027e-05
1.5366e+02 1.1259e+02 5.0295e+02 2.8263e+02 5.9642e-05
0.0000e+00 1.2411e+02 5.5965e+01 3.7500e+02 5.9607e-05
4.5685e+01 1.5121e+02 1.1698e+02 3.3083e+02 5.9537e-05
1.2171e+03 3.1621e+02 1.2420e+03 3.6459e+02 5.9513e-05
5.8688e+01 1.8068e+02 1.5085e+02 2.2195e+02 5.9419e-05
0.0000e+00 4.2584e+01 1.3469e+02 2.1235e+02 5.9144e-05
3.9999e+02 1.8545e+02 4.8308e+02 2.1705e+02 5.9000e-05
0.0000e+00 1.2505e+02 2.7895e+01 1.7753e+02 5.8855e-05
1.2238e+03 2.3174e+02 1.2420e+03 2.9533e+02 5.8833e-05
6.6445e+02 1.7207e+02 7.2453e+02 2.0818e+02 5.8785e-05
8.9613e+02 3.3486e+02 1.0723e+03 3.7500e+02 5.8779e-05
1.8096e+02 1.9188e+02 2.5500e+02 2.2457e+02 5.8344e-05
2.1999e+02 2.8671e+02 2.9532e+02 3.7500e+02 5.8299e-05
1.1102e+02 1.1880e+02 1.8011e+02 2.9697e+02 5.8276e-05
5.1784e+02 0.0000e+00 5.8164e+02 6.3249e+01 5.8139e-05
8.6225e+02 1.5815e+02 9.6175e+02 1.9703e+02 5.8104e-05
1.3956e+02 1.9115e+02 2.2164e+02 2.2744e+02 5.7989e-05
1.0350e+03 3.0021e+02 1.1097e+03 3.7500e+02 5.7748e-05
3.2864e+01 1.6403e+02 6.6675e+01 2.5374e+02 5.7730e-05
1.0196e+03 3.4096e+02 1.0563e+03 3.7500e+02 5.7586e-05
6.0514e+02 3.4403e+02 6.4030e+02 3.7500e+02 5.7543e-05
1.2172e+03 2.6121e+02 1.2420e+03 3.1198e+02 5.7308e-05
7.0319e+02 1.6232e+02 7.3210e+02 2.4032e+02 5.7228e-05
1.9662e+02 0.0000e+00 2.6138e+02 6.0854e+01 5.6780e-05
1.2404e+02 9.5622e+01 2.0005e+02 2.9138e+02 5.6692e-05
0.0000e+00 1.5567e+02 1.3416e+02 2.3551e+02 5.6443e-05
2.8708e+02 1.3635e+02 4.8065e+02 2.1493e+02 5.6388e-05
2.2861e+02 0.0000e+00 2.9365e+02 6.0492e+01 5.6308e-05
5.5015e+02 0.0000e+00 6.1276e+02 6.4031e+01 5.6118e-05
3.1127e+01 1.6400e+02 1.5638e+02 2.5533e+02 5.6036e-05
8.5606e+01 1.1151e+02 4.4780e+02 2.8113e+02 5.5766e-05
1.0136e+03 2.6306e+02 1.2420e+03 3.7500e+02 5.5726e-05
9.8921e+02 0.0000e+00 1.2420e+03 7.0771e+01 5.5721e-05
3.4609e+02 4.4696e+01 4.9814e+02 3.6868e+02 5.5713e-05
7.0571e+02 1.2960e+02 8.8621e+02 1.9674e+02 5.5701e-05
6.2372e+02 9.6330e+01 6.9172e+02 2.5800e+02 5.5509e-05
9.1114e+02 2.0899e+02 1.0623e+03 3.7500e+02 5.5455e-05
2.5167e+02 2.8680e+02 3.2640e+02 3.7500e+02 5.4197e-05
0.0000e+00 0.0000e+00 2.7837e+01 1.7256e+02 5.4113e-05
0.0000e+00 8.8362e+01 6.7678e+01 2.7950e+02 5.4062e-05
4.6112e+02 2.9166e+02 5.3425e+02 3.7500e+02 5.3926e-05
3.8449e+01 1.5335e+02 2.2190e+02 2.3196e+02 5.3558e-05
2.6611e+01 2.9624e+02 1.0071e+02 3.7500e+02 5.3548e-05
4.4516e+02 2.9168e+02 5.1855e+02 3.7500e+02 5.3532e-05
0.0000e+00 2.6565e+02 5.7452e+01 3.7184e+02 5.3509e-05
8.9820e+01 0.0000e+00 4.3343e+02 3.7500e+02 5.3334e-05
5.0174e+02 0.0000e+00 5.6528e+02 6.2877e+01 5.3328e-05
1.3019e+02 1.7015e+02 2.9942e+02 2.4314e+02 5.3072e-05
1.1604e+03 3.2621e+02 1.2420e+03 3.7500e+02 5.3057e-05
1.6034e+02 9.1064e+01 5.5023e+02 2.5124e+02 5.2736e-05
1.0970e+03 1.2646e+02 1.2420e+03 2.0333e+02 5.2113e-05
1.0930e+03 1.7141e+02 1.2070e+03 2.6284e+02 5.2103e-05
1.1501e+03 1.4706e+02 1.2270e+03 3.5735e+02 5.1196e-05
5.3460e+02 1.2468e+02 7.1269e+02 2.0136e+02 5.0884e-05
4.2896e+02 2.9088e+02 5.0271e+02 3.7500e+02 5.0881e-05
0.0000e+00 1.4804e+02 9.9098e+01 2.3310e+02 5.0400e-05
2.6751e+02 2.8746e+02 3.4293e+02 3.7500e+02 5.0377e-05
4.3160e+02 8.9524e+01 5.0229e+02 2.6986e+02 5.0007e-05
8.1294e+02 2.9206e+02 8.8818e+02 3.7500e+02 4.9881e-05
4.8543e+02 0.0000e+00 5.4922e+02 6.3439e+01 4.9443e-05
8.4444e+02 3.2851e+02 9.7310e+02 3.7500e+02 4.9205e-05
1.1044e+03 1.4024e+02 1.1703e+03 2.9087e+02 4.8999e-05
2.4495e+02 0.0000e+00 3.0892e+02 5.9861e+01 4.8975e-05
3.8253e+02 9.7105e+01 4.5239e+02 2.6602e+02 4.8881e-05
9.4233e+01 3.4877e+01 2.4731e+02 3.7500e+02 4.8868e-05
6.2932e+02 1.5363e+02 7.7063e+02 2.2775e+02 4.8506e-05
1.8112e+02 0.0000e+00 2.4483e+02 5.9719e+01 4.8489e-05
6.1871e+02 2.9245e+02 6.9560e+02 3.7500e+02 4.8429e-05
4.7747e+02 2.9388e+02 5.4982e+02 3.7500e+02 4.8308e-05
1.4660e+02 0.0000e+00 5.0067e+02 3.7500e+02 4.8205e-05
1.0877e+03 1.4374e+02 1.1526e+03 2.8978e+02 4.7879e-05
5.0073e+02 1.6207e+02 6.5656e+02 2.4169e+02 4.7792e-05
1.1558e+03 1.0535e+02 1.2198e+03 2.4348e+02 4.7192e-05
8.9553e+01 1.6756e+02 2.6707e+02 2.4591e+02 4.7103e-05
4.5341e+02 0.0000e+00 5.1657e+02 6.4523e+01 4.7071e-05
1.1525e+03 2.9895e+02 1.2234e+03 3.7500e+02 4.7030e-05
5.0334e+02 2.3963e+01 6.5779e+02 3.7500e+02 4.6974e-05
6.1346e+02 1.7458e+02 7.2464e+02 2.6542e+02 4.6727e-05
4.6945e+02 0.0000e+00 5.3326e+02 6.4505e+01 4.6696e-05
0.0000e+00 1.5918e+02 9.1827e+01 2.5908e+02 4.6468e-05
4.1704e+02 9.1313e+01 4.8608e+02 2.7041e+02 4.6268e-05
4.1285e+02 2.9073e+02 4.8635e+02 3.7500e+02 4.6162e-05
9.7705e+02 1.4211e+02 1.1839e+03 2.1408e+02 4.6003e-05
5.6701e+02 0.0000e+00 6.2778e+02 6.5740e+01 4.5943e-05
5.5930e+02 1.1201e+02 6.8429e+02 2.1781e+02 4.5770e-05
1.1527e+03 2.0673e+02 1.2339e+03 3.7500e+02 4.5719e-05
3.9638e+02 2.9012e+02 4.7017e+02 3.7500e+02 4.5532e-05
4.4964e+02 8.8408e+01 5.1803e+02 2.6825e+02 4.5421e-05
1.0789e+02 2.9180e+02 1.8560e+02 3.7500e+02 4.5344e-05
8.3681e+01 1.5168e+02 2.7080e+02 2.3422e+02 4.5110e-05
1.0271e+02 1.3568e+02 2.8615e+02 2.1599e+02 4.5055e-05
1.0580e+03 1.7337e+02 1.1714e+03 2.6089e+02 4.4927e-05
5.5636e+02 1.7069e+02 6.6255e+02 2.6553e+02 4.4897e-05
3.8071e+02 2.9048e+02 4.5428e+02 3.7500e+02 4.4853e-05
6.3410e+02 2.9103e+02 7.1124e+02 3.7500e+02 4.4700e-05
4.3756e+02 0.0000e+00 5.0046e+02 6.4768e+01 4.4146e-05

