6.5175e+02 1.7626e+02 7.1126e+02 2.2448e+02 9.9993e-01
3.3271e+02 1.8118e+02 5.1707e+02 3.1075e+02 9.9950e-01
7.4192e+02 1.9467e+02 1.0740e+03 3.7114e+02 9.9909e-01
7.1982e+02 1.7988e+02 8.4632e+02 2.7774e+02 9.9903e-01
6.4711e+02 1.7684e+02 7.0071e+02 2.1925e+02 9.9874e-01
5.0383e+02 1.8247e+02 5.5912e+02 2.2633e+02 9.9854e-01
6.3780e+02 1.7593e+02 6.8136e+02 2.1206e+02 9.9804e-01
5.5381e+02 1.8069e+02 5.8032e+02 2.0320e+02 9.9792e-01
6.5978e+02 1.7790e+02 7.0718e+02 2.1802e+02 9.9584e-01
6.4526e+02 1.7718e+02 6.9176e+02 2.1623e+02 9.9561e-01
5.0799e+02 1.8363e+02 5.5694e+02 2.2644e+02 9.9481e-01
7.2658e+02 1.7794e+02 9.9650e+02 3.5373e+02 9.9433e-01
7.2999e+02 1.7872e+02 8.3653e+02 2.2748e+02 9.9386e-01
6.4275e+02 1.7449e+02 6.9082e+02 2.1556e+02 9.9299e-01
5.5049e+02 1.7979e+02 5.7490e+02 2.0044e+02 9.9262e-01
6.8523e+02 1.7149e+02 1.1699e+03 3.7500e+02 9.9061e-01
6.5300e+02 1.7987e+02 7.0121e+02 2.2070e+02 9.8759e-01
5.4965e+02 1.8262e+02 5.7718e+02 2.0469e+02 9.8503e-01
6.3390e+02 1.7471e+02 6.7441e+02 2.0866e+02 9.8481e-01
7.1384e+02 1.8388e+02 8.5363e+02 2.4852e+02 9.7607e-01
8.1870e+02 1.8217e+02 1.0993e+03 3.5395e+02 9.7556e-01
7.2103e+02 1.8255e+02 8.8076e+02 2.5912e+02 9.6672e-01
7.1615e+02 1.9050e+02 8.9867e+02 2.7926e+02 9.6609e-01
7.2153e+02 1.9097e+02 8.2888e+02 2.8967e+02 9.5896e-01
5.5452e+02 1.7934e+02 5.7850e+02 1.9900e+02 9.5723e-01
3.1495e+02 1.9488e+02 4.9504e+02 3.0126e+02 9.5195e-01
5.8642e+02 1.3257e+02 1.2280e+03 3.7500e+02 9.5125e-01
7.2446e+02 1.7803e+02 8.3404e+02 2.4334e+02 9.5089e-01
6.3147e+02 1.7512e+02 6.6685e+02 2.0590e+02 9.4754e-01
7.2904e+02 1.9275e+02 8.2595e+02 2.8021e+02 9.3856e-01
7.8138e+02 1.7588e+02 1.0606e+03 3.3118e+02 9.3008e-01
5.4564e+02 1.8084e+02 5.7063e+02 2.0291e+02 9.2907e-01
3.5263e+02 1.9203e+02 5.2112e+02 2.9464e+02 9.2448e-01
6.4791e+02 1.7167e+02 6.7201e+02 2.2052e+02 9.0502e-01
7.0301e+02 1.9470e+02 8.5234e+02 2.8346e+02 8.9437e-01
8.6131e+02 2.0474e+02 1.1135e+03 3.6495e+02 8.9119e-01
6.5874e+02 1.7676e+02 7.2181e+02 2.2066e+02 8.9061e-01
6.3164e+02 1.7652e+02 6.5928e+02 2.0238e+02 8.8973e-01
5.5209e+02 1.7782e+02 5.7734e+02 1.9553e+02 8.8540e-01
6.6400e+02 1.6998e+02 6.9611e+02 2.2868e+02 8.8459e-01
7.4140e+02 1.8795e+02 8.4766e+02 2.4430e+02 8.7178e-01
7.3074e+02 1.7991e+02 8.2740e+02 2.6022e+02 8.7046e-01
5.8439e+02 1.7729e+02 6.0396e+02 1.9281e+02 8.6408e-01
6.5515e+02 1.7141e+02 6.8037e+02 2.2253e+02 8.5181e-01
6.4487e+02 1.6954e+02 6.6823e+02 2.1831e+02 8.5075e-01
7.9889e+02 2.1406e+02 1.1009e+03 3.7500e+02 8.4931e-01
6.4279e+02 1.7649e+02 6.8728e+02 2.0715e+02 8.4690e-01
6.6784e+02 1.6775e+02 7.0387e+02 2.2815e+02 8.4492e-01
6.7110e+02 1.7014e+02 6.9638e+02 2.2181e+02 8.3439e-01
5.5882e+02 1.8153e+02 5.8109e+02 2.0117e+02 8.3179e-01
5.1170e+02 1.8438e+02 5.6108e+02 2.1686e+02 8.2579e-01
7.3712e+02 1.7123e+02 8.1543e+02 2.9769e+02 8.1519e-01
5.0331e+02 1.8044e+02 5.5676e+02 2.1484e+02 8.1475e-01
6.5192e+02 1.7315e+02 6.7527e+02 2.2219e+02 8.0986e-01
5.8187e+02 1.7937e+02 6.0415e+02 1.9593e+02 8.0731e-01
5.2241e+02 1.8350e+02 5.5633e+02 2.1478e+02 8.0687e-01
5.4023e+02 1.8392e+02 5.6690e+02 2.0427e+02 8.0553e-01
5.2574e+02 1.8443e+02 5.5997e+02 2.0544e+02 8.0274e-01
5.1235e+02 1.7822e+02 5.6612e+02 2.1102e+02 7.9700e-01
6.6012e+02 1.7103e+02 6.8376e+02 2.2168e+02 7.9376e-01
6.6454e+02 1.6933e+02 6.8751e+02 2.2260e+02 7.9333e-01
6.5976e+02 1.7225e+02 6.8986e+02 2.2719e+02 7.9148e-01
7.5229e+02 1.9567e+02 8.6386e+02 2.5068e+02 7.8455e-01
3.0115e+02 1.7815e+02 5.2309e+02 3.1320e+02 7.6667e-01
6.3654e+02 1.7370e+02 6.7254e+02 2.0008e+02 7.6231e-01
3.7331e+02 1.8929e+02 5.2566e+02 2.7627e+02 7.6163e-01
5.0716e+02 1.8376e+02 5.5303e+02 2.1237e+02 7.3476e-01
7.2129e+02 1.9126e+02 8.7362e+02 3.0566e+02 7.2744e-01
3.7443e+02 1.6494e+02 4.7923e+02 3.3184e+02 7.2023e-01
6.6991e+02 1.7473e+02 7.0988e+02 2.1398e+02 7.1926e-01
7.4681e+02 1.8273e+02 8.5228e+02 2.3094e+02 7.1648e-01
7.3974e+02 1.7988e+02 8.3660e+02 2.1731e+02 7.1341e-01
5.1723e+02 1.8420e+02 5.5919e+02 2.0848e+02 7.0634e-01
5.4691e+02 1.7645e+02 5.6742e+02 1.9750e+02 7.0585e-01
3.3797e+02 2.1865e+02 4.9792e+02 3.1331e+02 6.9871e-01
6.9169e+02 1.6747e+02 9.8516e+02 3.2643e+02 6.9774e-01
5.1419e+02 1.7357e+02 5.5052e+02 2.3239e+02 6.9594e-01
7.1802e+02 1.9742e+02 9.1976e+02 2.9890e+02 6.9462e-01
5.1694e+02 1.8134e+02 5.7418e+02 2.1703e+02 6.6579e-01
5.4233e+02 1.7982e+02 5.6778e+02 1.9919e+02 6.4836e-01
6.4714e+02 1.8158e+02 7.2054e+02 2.2783e+02 6.3552e-01
5.2944e+02 1.8304e+02 5.6153e+02 2.0239e+02 6.1833e-01
7.5376e+02 1.9149e+02 9.6056e+02 2.8959e+02 6.1135e-01
5.4761e+02 1.7613e+02 5.7224e+02 1.9427e+02 6.0588e-01
6.4228e+02 1.7028e+02 6.6359e+02 2.1553e+02 6.0222e-01
7.3643e+02 1.8286e+02 8.2606e+02 3.2289e+02 5.8797e-01
6.3631e+02 1.7499e+02 6.6309e+02 1.9919e+02 5.8681e-01
5.1494e+02 1.7757e+02 5.4189e+02 2.2825e+02 5.7911e-01
5.0181e+02 1.8593e+02 5.5111e+02 2.2007e+02 5.7644e-01
7.5887e+02 2.0026e+02 9.8600e+02 3.1873e+02 5.7458e-01
7.4157e+02 2.0050e+02 8.5258e+02 2.5828e+02 5.6656e-01
7.5264e+02 1.8183e+02 8.4583e+02 2.2061e+02 5.6309e-01
6.4165e+02 1.7448e+02 6.7696e+02 2.0281e+02 5.6272e-01
7.4475e+02 1.7437e+02 8.0552e+02 2.8422e+02 5.5569e-01
6.6529e+02 1.7563e+02 6.9787e+02 2.0762e+02 5.4741e-01
5.2283e+02 1.7719e+02 5.7623e+02 2.0731e+02 5.4246e-01
7.2734e+02 1.8102e+02 8.1551e+02 2.2371e+02 5.3497e-01
6.3616e+02 1.8094e+02 6.8861e+02 2.1409e+02 5.2832e-01
6.6224e+02 1.8085e+02 7.1353e+02 2.2469e+02 5.2299e-01
8.0308e+02 2.1633e+02 1.0680e+03 3.2356e+02 5.1571e-01
6.5998e+02 1.7205e+02 7.0164e+02 2.4097e+02 5.1420e-01
5.5945e+02 1.7636e+02 5.7609e+02 2.0372e+02 5.1109e-01
8.1398e+02 1.8490e+02 9.6856e+02 3.7500e+02 5.0696e-01
5.5695e+02 1.7527e+02 5.7227e+02 2.0325e+02 4.8135e-01
3.6660e+02 1.8353e+02 4.6340e+02 3.4968e+02 4.7906e-01
7.8153e+02 2.0763e+02 1.0283e+03 3.4041e+02 4.7881e-01
5.1962e+02 1.7953e+02 5.4871e+02 2.2866e+02 4.7630e-01
6.5451e+02 1.7292e+02 6.7962e+02 2.2391e+02 4.6184e-01
6.3501e+02 1.7613e+02 6.5778e+02 1.9765e+02 4.5710e-01
3.5969e+02 1.6199e+02 4.5537e+02 3.2638e+02 4.5566e-01
7.1976e+02 1.7726e+02 8.1834e+02 2.6477e+02 4.5223e-01
6.7908e+02 1.6599e+02 7.0257e+02 2.2119e+02 4.3933e-01
7.5572e+02 4.0498e+01 1.0487e+03 3.7500e+02 4.3909e-01
7.7407e+02 1.9426e+02 1.0066e+03 3.0038e+02 4.3506e-01
6.2649e+02 1.7828e+02 6.4753e+02 1.9660e+02 4.2865e-01
5.7892e+02 1.7862e+02 5.9915e+02 1.9560e+02 4.2762e-01
3.4840e+02 1.8418e+02 5.1476e+02 2.6556e+02 4.1635e-01
5.3611e+02 1.8204e+02 5.5951e+02 2.0400e+02 4.1512e-01
5.5749e+02 1.7843e+02 5.8107e+02 1.9523e+02 4.0436e-01
6.3909e+02 1.7071e+02 6.5734e+02 2.1220e+02 4.0424e-01
6.5321e+02 1.7137e+02 6.7265e+02 2.1453e+02 3.9989e-01
6.7102e+02 1.7629e+02 7.2818e+02 2.1404e+02 3.9841e-01
8.3914e+02 1.2199e+02 9.6375e+02 3.7500e+02 3.8586e-01
6.5467e+02 1.7701e+02 6.9827e+02 2.0613e+02 3.8565e-01
5.7327e+02 1.7929e+02 5.9616e+02 1.9685e+02 3.8363e-01
5.5424e+02 1.7500e+02 5.6771e+02 2.0164e+02 3.8344e-01
6.7487e+02 1.6728e+02 6.9351e+02 2.1621e+02 3.6725e-01
7.2450e+02 2.4171e+02 1.1005e+03 3.7500e+02 3.6513e-01
5.4337e+02 1.8639e+02 5.7137e+02 2.0805e+02 3.5382e-01
6.6726e+02 1.6780e+02 6.8460e+02 2.1733e+02 3.3968e-01
6.7141e+02 1.6732e+02 6.8883e+02 2.1630e+02 3.3215e-01
5.2332e+02 1.7704e+02 5.5290e+02 2.2517e+02 3.3144e-01
5.3098e+02 1.8476e+02 5.5876e+02 2.1187e+02 3.2876e-01
6.6324e+02 1.7735e+02 7.0627e+02 2.0615e+02 3.2262e-01
5.5651e+02 1.7865e+02 5.7221e+02 2.0971e+02 3.1796e-01
4.9027e+02 1.8146e+02 5.6121e+02 2.3166e+02 3.1181e-01
5.0510e+02 1.8318e+02 5.4962e+02 2.0542e+02 3.1159e-01
6.3660e+02 1.7321e+02 6.5327e+02 2.0845e+02 3.1114e-01
6.1214e+02 1.7457e+02 6.3071e+02 1.9165e+02 3.0509e-01
5.6621e+02 1.7927e+02 5.8932e+02 1.9865e+02 3.0408e-01
6.8494e+02 1.6755e+02 7.0597e+02 2.2030e+02 3.0317e-01
5.5021e+02 1.7469e+02 5.6208e+02 2.0291e+02 3.0301e-01
6.7264e+02 1.7457e+02 7.0406e+02 2.0667e+02 2.9449e-01
5.4366e+02 1.7629e+02 5.6251e+02 1.9792e+02 2.9151e-01
7.4746e+02 1.6388e+02 8.2076e+02 2.7421e+02 2.8642e-01
6.3351e+02 1.7436e+02 6.8307e+02 2.1296e+02 2.8510e-01
6.3724e+02 1.8106e+02 6.9752e+02 2.2190e+02 2.8060e-01
7.3088e+02 1.7450e+02 7.9972e+02 2.9161e+02 2.7777e-01
5.8932e+02 1.7735e+02 6.0778e+02 1.9273e+02 2.7495e-01
5.3486e+02 1.8142e+02 5.6392e+02 1.9923e+02 2.6318e-01
7.1352e+02 1.7226e+02 8.6781e+02 2.3706e+02 2.6049e-01
6.5379e+02 1.6595e+02 6.8960e+02 2.2116e+02 2.5975e-01
5.1031e+02 1.7994e+02 5.4899e+02 2.4107e+02 2.5295e-01
6.6264e+02 1.6891e+02 6.7885e+02 2.1642e+02 2.3519e-01
6.7922e+02 1.6705e+02 6.9765e+02 2.1481e+02 2.3246e-01
6.5790e+02 1.7084e+02 6.7517e+02 2.1494e+02 2.3207e-01
6.3185e+02 1.7679e+02 6.5383e+02 1.9677e+02 2.3196e-01
5.3130e+02 1.7830e+02 5.5436e+02 2.2103e+02 2.2032e-01
8.4090e+02 2.2619e+02 1.0918e+03 3.3365e+02 2.1594e-01
3.9269e+02 1.6095e+02 4.8794e+02 3.0493e+02 2.1389e-01
5.6181e+02 1.8016e+02 5.7713e+02 2.0657e+02 2.1361e-01
5.3920e+02 1.8500e+02 5.6278e+02 2.0857e+02 2.1072e-01
8.0932e+02 1.9876e+02 1.0577e+03 2.9296e+02 2.1018e-01
8.3834e+02 1.0706e+02 9.6728e+02 3.1158e+02 2.0923e-01
3.4782e+02 1.8323e+02 4.3839e+02 3.3043e+02 2.0400e-01
8.5452e+02 1.5797e+02 9.7718e+02 3.7500e+02 2.0169e-01
8.6197e+02 1.1785e+02 9.9198e+02 3.1963e+02 1.9705e-01
7.5644e+02 1.8517e+02 9.4398e+02 2.6011e+02 1.9620e-01
5.5340e+02 1.7845e+02 5.6841e+02 2.0985e+02 1.9567e-01
3.1572e+02 2.3140e+02 4.8549e+02 3.1533e+02 1.9410e-01
5.4653e+02 1.7265e+02 5.5789e+02 2.0378e+02 1.9053e-01
6.1796e+02 1.7552e+02 6.3538e+02 1.9274e+02 1.8632e-01
5.6956e+02 1.8124e+02 5.9264e+02 1.9855e+02 1.8621e-01
7.5614e+02 1.6749e+02 8.0586e+02 2.6964e+02 1.8505e-01
6.6804e+02 1.7976e+02 7.1721e+02 2.1126e+02 1.8375e-01
5.0834e+02 1.7195e+02 5.4171e+02 2.3175e+02 1.7987e-01
8.5009e+02 2.1482e+02 1.0970e+03 3.0363e+02 1.7916e-01
5.5297e+02 1.8583e+02 5.7959e+02 2.0460e+02 1.7816e-01
7.3510e+02 1.8001e+02 9.0725e+02 2.4402e+02 1.7374e-01
5.6388e+02 1.7462e+02 5.7838e+02 1.9999e+02 1.6652e-01
5.2756e+02 1.8823e+02 5.6377e+02 2.1428e+02 1.6301e-01
8.8542e+02 2.2703e+02 1.1046e+03 3.2191e+02 1.6047e-01
5.5872e+02 1.8153e+02 5.7532e+02 2.0833e+02 1.5974e-01
6.2309e+02 1.7710e+02 6.4191e+02 1.9415e+02 1.5679e-01
6.5310e+02 1.7383e+02 7.0845e+02 2.0917e+02 1.5520e-01
7.6636e+02 1.6781e+02 8.1263e+02 2.6725e+02 1.5393e-01
6.4678e+02 1.6986e+02 6.6663e+02 2.0848e+02 1.5316e-01
6.7662e+02 1.7935e+02 7.3919e+02 2.2014e+02 1.4585e-01
8.1580e+02 1.1711e+02 9.4419e+02 3.7500e+02 1.4571e-01
6.5357e+02 1.7091e+02 6.9442e+02 2.4294e+02 1.4423e-01
6.4691e+02 1.7430e+02 6.8436e+02 1.9971e+02 1.4399e-01
7.5801e+02 1.7532e+02 8.2500e+02 3.1100e+02 1.4355e-01
7.4295e+02 1.9011e+02 9.4300e+02 3.4384e+02 1.4208e-01
6.0477e+02 1.7583e+02 6.2446e+02 1.9132e+02 1.4081e-01
5.4169e+02 1.7640e+02 5.6716e+02 1.9436e+02 1.3672e-01
6.4718e+02 1.6496e+02 6.8079e+02 2.1738e+02 1.3487e-01
3.6194e+02 1.3610e+02 4.8228e+02 3.2980e+02 1.3136e-01
6.4621e+02 1.6848e+02 6.7233e+02 2.1797e+02 1.2587e-01
7.6584e+02 1.9607e+02 8.7058e+02 2.3944e+02 1.2156e-01
7.3701e+02 1.9090e+02 8.9372e+02 3.2980e+02 1.2134e-01
6.5052e+02 1.7117e+02 6.7012e+02 2.1006e+02 1.2107e-01
5.1857e+02 1.7479e+02 5.3832e+02 2.2096e+02 1.2046e-01
6.5602e+02 1.8443e+02 7.0499e+02 2.2645e+02 1.1220e-01
6.8352e+02 1.6686e+02 7.0140e+02 2.1637e+02 1.0495e-01
5.1855e+02 1.8178e+02 5.5241e+02 2.0618e+02 1.0283e-01
8.8031e+02 1.2161e+02 1.0128e+03 3.7500e+02 1.0221e-01
5.2749e+02 1.8259e+02 5.5404e+02 2.0083e+02 9.8905e-02
7.5743e+02 1.7762e+02 8.4716e+02 2.1241e+02 9.6866e-02
3.8052e+02 2.0165e+02 4.7319e+02 3.3836e+02 9.5951e-02
4.9200e+02 1.8050e+02 5.5091e+02 2.2239e+02 9.4657e-02
8.6450e+02 1.7838e+02 1.0320e+03 3.7500e+02 9.4103e-02
7.7844e+02 1.7054e+02 8.1848e+02 2.6047e+02 9.4084e-02
5.5258e+02 1.7609e+02 5.7618e+02 1.9146e+02 9.3935e-02
6.4425e+02 1.7055e+02 6.6151e+02 2.0467e+02 9.1500e-02
7.6131e+02 2.0342e+02 8.7530e+02 2.5370e+02 9.1494e-02
7.4739e+02 1.6215e+02 7.9725e+02 2.6535e+02 9.1217e-02
6.3424e+02 1.7389e+02 6.4827e+02 2.0312e+02 9.0883e-02
5.4370e+02 1.7474e+02 5.5508e+02 2.0268e+02 9.0820e-02
7.5290e+02 1.8228e+02 8.3250e+02 3.3792e+02 9.0514e-02
5.2347e+02 1.7346e+02 5.5282e+02 2.2818e+02 8.9555e-02
5.6268e+02 1.7803e+02 5.8342e+02 1.9795e+02 8.9161e-02
4.0332e+02 1.6897e+02 4.9974e+02 3.1704e+02 8.8623e-02
5.8925e+02 1.7383e+02 6.0146e+02 1.9543e+02 8.8456e-02
6.6915e+02 1.6699e+02 6.8329e+02 2.0834e+02 8.8281e-02
6.7166e+02 1.7679e+02 7.1269e+02 2.0260e+02 8.6364e-02
7.2219e+02 2.0445e+02 8.1755e+02 2.8963e+02 8.6202e-02
5.9594e+02 1.7655e+02 6.1563e+02 1.9140e+02 8.5352e-02
5.0974e+02 1.7296e+02 5.3252e+02 2.2380e+02 8.4242e-02
5.1461e+02 1.8213e+02 5.4504e+02 2.0158e+02 8.3306e-02
5.1121e+02 1.8106e+02 5.4690e+02 2.0755e+02 8.3123e-02
8.1316e+02 9.9663e+01 9.3786e+02 3.1848e+02 8.2962e-02
8.1984e+02 6.0408e+01 1.0089e+03 3.7500e+02 8.2793e-02
5.4942e+02 1.7855e+02 5.6272e+02 2.1037e+02 8.1968e-02
5.0520e+02 1.9384e+02 5.6054e+02 2.2718e+02 8.1787e-02
6.3825e+02 1.7306e+02 6.5205e+02 2.0245e+02 8.1727e-02
5.0499e+02 1.8436e+02 5.4149e+02 2.2214e+02 8.1450e-02
7.5066e+02 1.8216e+02 8.2564e+02 2.1220e+02 8.0441e-02
9.1012e+02 2.1685e+02 1.1494e+03 3.7500e+02 8.0398e-02
6.0849e+02 1.7588e+02 6.2760e+02 1.9223e+02 7.8797e-02
6.4090e+02 1.7147e+02 6.5582e+02 2.0341e+02 7.7325e-02
6.7292e+02 1.6716e+02 6.8745e+02 2.0846e+02 7.5546e-02
7.0477e+02 1.7864e+02 8.0250e+02 2.7257e+02 7.3526e-02
5.3551e+02 1.7850e+02 5.5232e+02 2.1380e+02 7.2656e-02
7.2669e+02 1.7614e+02 8.0739e+02 2.1332e+02 7.2564e-02
6.7176e+02 1.7662e+02 7.0138e+02 2.3091e+02 6.9681e-02
5.1969e+02 1.8017e+02 5.5072e+02 2.3893e+02 6.9375e-02
6.7929e+02 1.7167e+02 7.0918e+02 2.2314e+02 6.8782e-02
6.4613e+02 1.8326e+02 6.8212e+02 2.1725e+02 6.7944e-02
5.3855e+02 1.7761e+02 5.5658e+02 2.1798e+02 6.6924e-02
5.8714e+02 1.7542e+02 6.0007e+02 1.9878e+02 6.4045e-02
5.2105e+02 1.8154e+02 5.5347e+02 1.9831e+02 6.3813e-02
6.1867e+02 1.6401e+02 7.3955e+02 2.3354e+02 6.2993e-02
5.2919e+02 1.7631e+02 5.4981e+02 2.1680e+02 5.8180e-02
3.2765e+02 2.0984e+02 4.6861e+02 3.1719e+02 5.6531e-02
5.6576e+02 1.8373e+02 5.8630e+02 2.0117e+02 5.6382e-02
6.7664e+02 1.6705e+02 6.9213e+02 2.0736e+02 5.4146e-02
8.5541e+02 2.0416e+02 1.0964e+03 2.8461e+02 5.2663e-02
5.4374e+02 1.7966e+02 5.5865e+02 2.1534e+02 5.2475e-02
6.3585e+02 1.7410e+02 6.6891e+02 1.9352e+02 5.1627e-02
5.2564e+02 1.7647e+02 5.4579e+02 2.1893e+02 5.0367e-02
7.3531e+02 1.9100e+02 8.0346e+02 2.9672e+02 4.9181e-02
7.7677e+02 1.9795e+02 8.8725e+02 2.4620e+02 4.9150e-02
5.8442e+02 1.7525e+02 5.9759e+02 1.9940e+02 4.8578e-02
7.3802e+02 1.6930e+02 7.9064e+02 2.7579e+02 4.7621e-02
7.5133e+02 1.8670e+02 8.2560e+02 2.1885e+02 4.5544e-02
5.3942e+02 1.8777e+02 5.6341e+02 2.1398e+02 4.5347e-02
5.4464e+02 1.7453e+02 5.7005e+02 1.9100e+02 4.4388e-02
6.2740e+02 1.7123e+02 6.8554e+02 2.0653e+02 4.2607e-02
5.4104e+02 1.7911e+02 5.5472e+02 2.1169e+02 4.2241e-02
3.8531e+02 1.8397e+02 5.2804e+02 2.5157e+02 4.1858e-02
3.5967e+02 2.0146e+02 4.4655e+02 3.3313e+02 4.0299e-02
7.8448e+02 1.8884e+02 9.9505e+02 2.6642e+02 4.0069e-02
8.7308e+02 2.3307e+02 1.1013e+03 3.4964e+02 3.9805e-02
7.9806e+02 2.0056e+02 9.0824e+02 2.4387e+02 3.8369e-02
6.1486e+02 1.7133e+02 6.2709e+02 1.9420e+02 3.8274e-02
7.8753e+02 1.9616e+02 8.9567e+02 2.3641e+02 3.7626e-02
6.7233e+02 1.6902e+02 7.1141e+02 2.4821e+02 3.7342e-02
6.8750e+02 1.6712e+02 8.3125e+02 2.3422e+02 3.6333e-02
6.6450e+02 1.6825e+02 6.7795e+02 2.0708e+02 3.6230e-02
6.6314e+02 1.7473e+02 6.9132e+02 2.0085e+02 3.5487e-02
6.1325e+02 1.7635e+02 6.3372e+02 1.9334e+02 3.5413e-02
7.9499e+02 1.9211e+02 1.0381e+03 3.1768e+02 3.4822e-02
6.4577e+02 1.6645e+02 7.6262e+02 2.3646e+02 3.4436e-02
5.3760e+02 1.7721e+02 5.5190e+02 2.0790e+02 3.4318e-02
6.5662e+02 1.7484e+02 6.8535e+02 2.0015e+02 3.4072e-02
6.1824e+02 1.7129e+02 6.2880e+02 1.9490e+02 3.2512e-02
7.6703e+02 1.8908e+02 8.5763e+02 2.4501e+02 3.2048e-02
7.5224e+02 1.8862e+02 8.1089e+02 2.9428e+02 3.1629e-02
6.5695e+02 1.5467e+02 9.1957e+02 3.1239e+02 3.1459e-02
8.4464e+02 1.9169e+02 1.0722e+03 2.6690e+02 3.0746e-02
4.8482e+02 1.7785e+02 5.4886e+02 2.1267e+02 2.9310e-02
7.7377e+02 1.6632e+02 8.0870e+02 2.3654e+02 2.9276e-02
4.9641e+02 1.7330e+02 5.5402e+02 2.1261e+02 2.9196e-02
5.9120e+02 1.7902e+02 6.0956e+02 1.9380e+02 2.8497e-02
5.2837e+02 1.7933e+02 5.8583e+02 2.1414e+02 2.8272e-02
5.8459e+02 1.7547e+02 6.0671e+02 1.9092e+02 2.7637e-02
5.3161e+02 1.7660e+02 5.9016e+02 2.0756e+02 2.7620e-02
6.3340e+02 1.7419e+02 6.6103e+02 1.9198e+02 2.6858e-02
6.8976e+02 1.7700e+02 8.1927e+02 2.5248e+02 2.6812e-02
6.2218e+02 1.7196e+02 6.3163e+02 1.9384e+02 2.6774e-02
6.5997e+02 1.4559e+02 7.2140e+02 2.6705e+02 2.6673e-02
6.7098e+02 1.7522e+02 6.9908e+02 2.0001e+02 2.6627e-02
3.1365e+02 1.9123e+02 4.6703e+02 2.7492e+02 2.6536e-02
6.4974e+02 1.5263e+02 7.0784e+02 2.6606e+02 2.6533e-02
9.0827e+02 1.1972e+02 1.0513e+03 3.7500e+02 2.6517e-02
5.6744e+02 1.7505e+02 5.7891e+02 2.0142e+02 2.6409e-02
7.3777e+02 2.0209e+02 8.4474e+02 2.8232e+02 2.6374e-02
8.4771e+02 4.8259e+01 1.0552e+03 3.7500e+02 2.6336e-02
6.6327e+02 1.9019e+02 7.0893e+02 2.2885e+02 2.6320e-02
3.3575e+02 1.7590e+02 4.8794e+02 2.7401e+02 2.5841e-02
7.6752e+02 1.6457e+02 8.0320e+02 2.3837e+02 2.5611e-02
6.5957e+02 1.6944e+02 6.7427e+02 2.0676e+02 2.5595e-02
5.4009e+02 1.7468e+02 5.5223e+02 2.0181e+02 2.4986e-02
7.3470e+02 1.7785e+02 7.5095e+02 2.3250e+02 2.4954e-02
5.6621e+02 1.7812e+02 5.7807e+02 2.0465e+02 2.4531e-02
5.6037e+02 1.7099e+02 5.7644e+02 1.9957e+02 2.4490e-02
6.8463e+02 1.7085e+02 7.1264e+02 2.3025e+02 2.4322e-02
8.1218e+02 2.5287e+02 1.2050e+03 3.7500e+02 2.4304e-02
6.2764e+02 1.7936e+02 6.7891e+02 2.1069e+02 2.4163e-02
7.1916e+02 1.8247e+02 8.0764e+02 2.3173e+02 2.4123e-02
7.8867e+02 1.7117e+02 8.2560e+02 2.5562e+02 2.3674e-02
6.9019e+02 1.6715e+02 7.0851e+02 2.1764e+02 2.3507e-02
6.5764e+02 1.7639e+02 6.8744e+02 2.2824e+02 2.3446e-02
3.3883e+02 1.8717e+02 4.1812e+02 3.1840e+02 2.3044e-02
7.6538e+02 1.8914e+02 8.6837e+02 2.3065e+02 2.2981e-02
7.6350e+02 1.8270e+02 8.1640e+02 2.8603e+02 2.2845e-02
5.2357e+02 1.8934e+02 5.6163e+02 2.1894e+02 2.2358e-02
8.5161e+02 1.5181e+02 1.1594e+03 3.3585e+02 2.2328e-02
6.4295e+02 1.7473e+02 6.7816e+02 1.9395e+02 2.2236e-02
7.7926e+02 2.4303e+02 1.0450e+03 3.6158e+02 2.1993e-02
6.3028e+02 1.7376e+02 6.4177e+02 1.9830e+02 2.1989e-02
5.4741e+02 1.8816e+02 5.7676e+02 2.0901e+02 2.1942e-02
7.3169e+02 1.7692e+02 7.4833e+02 2.2801e+02 2.1299e-02
5.8035e+02 1.7519e+02 5.9964e+02 1.9296e+02 2.0968e-02
5.6697e+02 1.7722e+02 5.9107e+02 1.9521e+02 2.0796e-02
6.5778e+02 1.7483e+02 6.9492e+02 1.9685e+02 2.0482e-02
8.0285e+02 2.0504e+02 9.2020e+02 2.5397e+02 2.0298e-02
5.5670e+02 1.7113e+02 5.7297e+02 1.9875e+02 1.9922e-02
6.2590e+02 1.7242e+02 6.3558e+02 1.9499e+02 1.9768e-02
3.6508e+02 1.9308e+02 4.6647e+02 2.4180e+02 1.9635e-02
3.9729e+02 1.9643e+02 4.8643e+02 3.3297e+02 1.9458e-02
7.5910e+02 1.9952e+02 1.0016e+03 3.6331e+02 1.9056e-02
7.5822e+02 1.8072e+02 8.2852e+02 2.0473e+02 1.8890e-02
7.6543e+02 1.5852e+02 8.2427e+02 2.6345e+02 1.8820e-02
2.7975e+02 0.0000e+00 5.4758e+02 3.7500e+02 1.8627e-02
7.6624e+02 1.7408e+02 8.6886e+02 3.6400e+02 1.7914e-02
5.9197e+02 1.7529e+02 6.1073e+02 1.9078e+02 1.7814e-02
6.7671e+02 1.6345e+02 7.1060e+02 2.2281e+02 1.7748e-02
7.3775e+02 1.6451e+02 9.1225e+02 2.3202e+02 1.7723e-02
5.1163e+02 1.7311e+02 5.7137e+02 2.0492e+02 1.7641e-02
7.1669e+02 1.8746e+02 8.1081e+02 2.4458e+02 1.7558e-02
4.3216e+02 1.7266e+02 5.6764e+02 2.4371e+02 1.7412e-02
5.4069e+02 1.8904e+02 5.6893e+02 2.1146e+02 1.7147e-02
5.6918e+02 1.7162e+02 5.8057e+02 1.9953e+02 1.7086e-02
7.1740e+02 2.0282e+02 8.4470e+02 2.9852e+02 1.6907e-02
6.6238e+02 1.7437e+02 7.2124e+02 2.0925e+02 1.6806e-02
6.6629e+02 1.7398e+02 6.9421e+02 2.2903e+02 1.6551e-02
7.0542e+02 1.6629e+02 8.1259e+02 2.4650e+02 1.6113e-02
6.8157e+02 1.7583e+02 7.0747e+02 2.0448e+02 1.5914e-02
9.0196e+02 2.1918e+02 1.1205e+03 3.0080e+02 1.5873e-02
0.0000e+00 1.5518e+02 7.0913e+00 2.0927e+02 1.5743e-02
5.3244e+02 1.7568e+02 5.4963e+02 2.1013e+02 1.5723e-02
7.3766e+02 1.7540e+02 7.5598e+02 2.3180e+02 1.5707e-02
3.8260e+02 1.9055e+02 4.8333e+02 2.4173e+02 1.5706e-02
5.0607e+02 1.8082e+02 5.4204e+02 2.0100e+02 1.5397e-02
5.2072e+02 1.7310e+02 5.3731e+02 2.0652e+02 1.5372e-02
9.0029e+02 2.4810e+02 1.1046e+03 3.6400e+02 1.5247e-02
5.8378e+02 1.8199e+02 6.0499e+02 1.9779e+02 1.5137e-02
5.2751e+02 1.6860e+02 5.5601e+02 2.2082e+02 1.5039e-02
6.6717e+02 1.7543e+02 7.0342e+02 1.9517e+02 1.4723e-02
3.6893e+02 1.4553e+02 4.9887e+02 3.5874e+02 1.4460e-02
5.8013e+02 1.7416e+02 6.0371e+02 1.9081e+02 1.4444e-02
5.1714e+02 1.7440e+02 5.3395e+02 2.1471e+02 1.4233e-02
8.3575e+02 2.4485e+02 1.0742e+03 3.5962e+02 1.4166e-02
7.4101e+02 2.2120e+02 1.0190e+03 3.7500e+02 1.4118e-02
4.0931e+02 1.7746e+02 5.4422e+02 2.4810e+02 1.3909e-02
3.4390e+02 1.1521e+02 4.6589e+02 3.3866e+02 1.3737e-02
5.9762e+02 1.7453e+02 6.1767e+02 1.8960e+02 1.3605e-02
6.3548e+02 1.6814e+02 7.3242e+02 2.4930e+02 1.3454e-02
7.3232e+02 1.7093e+02 7.7754e+02 2.7571e+02 1.3228e-02
6.3765e+02 1.8110e+02 6.7364e+02 2.1553e+02 1.3163e-02
6.2095e+02 1.7565e+02 6.3921e+02 1.9295e+02 1.3002e-02
3.3504e+02 2.0569e+02 4.4222e+02 2.5765e+02 1.2997e-02
7.4406e+02 2.0930e+02 8.5229e+02 2.7188e+02 1.2849e-02
5.8115e+02 1.7556e+02 5.9374e+02 2.0185e+02 1.2750e-02
5.3639e+02 1.7798e+02 5.5643e+02 1.9754e+02 1.2123e-02
4.5353e+02 1.6589e+02 5.8784e+02 2.3210e+02 1.2077e-02
3.7911e+02 1.5461e+02 4.6158e+02 2.9505e+02 1.1875e-02
5.9115e+02 1.7621e+02 6.0269e+02 2.0166e+02 1.1764e-02
7.2352e+02 1.8628e+02 8.1500e+02 2.6824e+02 1.1712e-02
6.8607e+02 1.7458e+02 7.3514e+02 2.1712e+02 1.1452e-02
5.7640e+02 1.8256e+02 5.9783e+02 1.9906e+02 1.1384e-02
6.4895e+02 1.8649e+02 6.8981e+02 2.2400e+02 1.1365e-02
5.3553e+02 1.7685e+02 5.6270e+02 1.9386e+02 1.1302e-02
5.4286e+02 1.7348e+02 5.6254e+02 1.9387e+02 1.1256e-02
7.9028e+02 1.0194e+02 9.0032e+02 3.5909e+02 1.1198e-02
5.1717e+02 1.8333e+02 5.4547e+02 2.3596e+02 1.1111e-02
6.1204e+02 1.7104e+02 6.2438e+02 1.9463e+02 1.0881e-02
7.8188e+02 7.6778e+01 8.9162e+02 3.2569e+02 1.0846e-02
5.4725e+02 1.8113e+02 5.6268e+02 2.1899e+02 1.0807e-02
7.3285e+02 1.7541e+02 7.4682e+02 2.1962e+02 1.0793e-02
7.2572e+02 1.6495e+02 7.6367e+02 2.6258e+02 1.0685e-02
5.2354e+02 1.7411e+02 5.4089e+02 2.1264e+02 1.0660e-02
7.7639e+02 1.6682e+02 8.4680e+02 3.1441e+02 1.0607e-02
7.9941e+02 1.4942e+02 1.1505e+03 2.9359e+02 1.0520e-02
3.9287e+02 1.9629e+02 5.1698e+02 3.0593e+02 1.0461e-02
3.5810e+02 1.9761e+02 4.7024e+02 2.5220e+02 1.0321e-02
6.8047e+02 1.7741e+02 7.1177e+02 2.0869e+02 1.0296e-02
6.0794e+02 1.7915e+02 6.2668e+02 1.9528e+02 1.0214e-02
5.0093e+02 1.8469e+02 5.4380e+02 2.1294e+02 1.0163e-02
6.1163e+02 1.7822e+02 6.2978e+02 1.9480e+02 1.0151e-02
6.1585e+02 1.7817e+02 6.3254e+02 1.9468e+02 1.0143e-02
5.9222e+02 1.7379e+02 6.0233e+02 1.9470e+02 9.8779e-03
5.3455e+02 1.7393e+02 5.4895e+02 2.0321e+02 9.8190e-03
7.6932e+02 1.7553e+02 8.5737e+02 2.0894e+02 9.8088e-03
7.5361e+02 1.6501e+02 7.9199e+02 2.4189e+02 9.7218e-03
5.8473e+02 1.7192e+02 5.9438e+02 1.9548e+02 9.5727e-03
6.2146e+02 1.7844e+02 6.3795e+02 1.9483e+02 9.5591e-03
6.2604e+02 1.7525e+02 6.4491e+02 1.9288e+02 9.4497e-03
7.8139e+02 1.6896e+02 8.1448e+02 2.3430e+02 9.3913e-03
3.0854e+02 1.6437e+02 5.8515e+02 3.0647e+02 9.2628e-03
3.4709e+02 2.0369e+02 4.6424e+02 2.5949e+02 9.1067e-03
7.5578e+02 2.0116e+02 8.6383e+02 2.6904e+02 9.0979e-03
6.3165e+02 1.7372e+02 6.4342e+02 2.0155e+02 9.0549e-03
5.0076e+02 1.7341e+02 5.6274e+02 2.0649e+02 9.0330e-03
8.8463e+02 1.9042e+02 1.1123e+03 2.6698e+02 8.9304e-03
4.7770e+02 1.6742e+02 5.7694e+02 2.4323e+02 8.9244e-03
7.2325e+02 1.7648e+02 7.9979e+02 2.4275e+02 8.8922e-03
5.2832e+02 1.7466e+02 5.4574e+02 2.1113e+02 8.7512e-03
7.7741e+02 1.8190e+02 8.2090e+02 2.7953e+02 8.6323e-03
7.1681e+02 1.5941e+02 7.7746e+02 2.8600e+02 8.4890e-03
8.2373e+02 2.0924e+02 1.0802e+03 3.5383e+02 8.4327e-03
6.3133e+02 1.7455e+02 6.5261e+02 1.9259e+02 8.4263e-03
6.8962e+02 1.8170e+02 7.5117e+02 2.2051e+02 8.4200e-03
5.8860e+02 1.6699e+02 6.0243e+02 1.9543e+02 8.3863e-03
7.0090e+02 1.6232e+02 9.0823e+02 3.4286e+02 8.2916e-03
4.7518e+02 1.7997e+02 5.4536e+02 2.2100e+02 8.1572e-03
0.0000e+00 1.4297e+02 7.0840e+00 1.9739e+02 8.1476e-03
7.2809e+02 1.7862e+02 7.4401e+02 2.2159e+02 8.1277e-03
5.1678e+02 1.7215e+02 5.3239e+02 2.0752e+02 8.1260e-03
6.4478e+02 1.5115e+02 6.8249e+02 2.2215e+02 8.1244e-03
7.9793e+02 1.7853e+02 8.3245e+02 2.5784e+02 8.0083e-03
2.0141e+02 7.2039e+01 6.4661e+02 3.7500e+02 7.9266e-03
7.4153e+02 1.7225e+02 7.6172e+02 2.2945e+02 7.9119e-03
6.6523e+02 1.6830e+02 7.9170e+02 2.4522e+02 7.8787e-03
6.4117e+02 1.6606e+02 6.6763e+02 2.1701e+02 7.7361e-03
5.1075e+02 1.6080e+02 5.4778e+02 2.2858e+02 7.7345e-03
6.6252e+02 1.7315e+02 6.9822e+02 2.5754e+02 7.5025e-03
3.3455e+02 2.0274e+02 4.2749e+02 2.4669e+02 7.4947e-03
7.1950e+02 1.6263e+02 7.5305e+02 2.6009e+02 7.4894e-03
7.6790e+02 1.8152e+02 8.3524e+02 2.0906e+02 7.4862e-03
7.1391e+02 1.6285e+02 7.4558e+02 2.5491e+02 7.3787e-03
1.0722e+03 2.5362e+02 1.2420e+03 3.7500e+02 7.3149e-03
5.5093e+02 1.7865e+02 5.6740e+02 2.1648e+02 7.2560e-03
7.2496e+02 1.3559e+02 7.8914e+02 2.7140e+02 7.2261e-03
5.8607e+02 1.6676e+02 5.9984e+02 1.9578e+02 7.1898e-03
6.3992e+02 8.2375e+01 1.1217e+03 3.7500e+02 7.1832e-03
7.2376e+02 1.7959e+02 7.9116e+02 2.2629e+02 7.1521e-03
7.2338e+02 1.8769e+02 7.9080e+02 2.8184e+02 7.1145e-03
5.0619e+02 1.8266e+02 5.3701e+02 2.1089e+02 6.9504e-03
7.7308e+02 1.6996e+02 9.2038e+02 3.7500e+02 6.9475e-03
6.6217e+02 1.4848e+02 6.9883e+02 2.2600e+02 6.8334e-03
4.9903e+02 1.5194e+02 5.6236e+02 2.7249e+02 6.7686e-03
5.2497e+02 1.7302e+02 5.4040e+02 2.0418e+02 6.7545e-03
5.3423e+02 1.7190e+02 5.9673e+02 2.0341e+02 6.7217e-03
5.5774e+02 1.7474e+02 5.8360e+02 1.9090e+02 6.5977e-03
3.8204e+02 1.8447e+02 4.8084e+02 2.3111e+02 6.5725e-03
7.8019e+02 1.6058e+02 8.4100e+02 2.8140e+02 6.4571e-03
8.6706e+02 1.7676e+02 1.0811e+03 2.4823e+02 6.4107e-03
1.2031e+03 1.8692e+02 1.2420e+03 3.7500e+02 6.2015e-03
1.1547e+03 1.7391e+02 1.2420e+03 3.7500e+02 6.1346e-03
5.1325e+02 1.7782e+02 5.4167e+02 1.9612e+02 6.0666e-03
6.8887e+02 1.6577e+02 7.0327e+02 2.0831e+02 6.0474e-03
5.0809e+02 1.7565e+02 5.2712e+02 2.2256e+02 6.0266e-03
3.7613e+02 1.9653e+02 4.8859e+02 2.5493e+02 6.0101e-03
7.2755e+02 1.7981e+02 7.4539e+02 2.3207e+02 5.9936e-03
7.8381e+02 1.8781e+02 8.9038e+02 2.2816e+02 5.8926e-03
6.1419e+02 1.7274e+02 6.3368e+02 1.9118e+02 5.8805e-03
7.6389e+02 1.7779e+02 9.7308e+02 2.4450e+02 5.8748e-03
7.4452e+02 1.7701e+02 8.2940e+02 2.1052e+02 5.8602e-03
7.1289e+02 1.8172e+02 7.8351e+02 2.2053e+02 5.8577e-03
5.5633e+02 1.7205e+02 5.7877e+02 1.9123e+02 5.8283e-03
3.4154e+02 2.0984e+02 4.0036e+02 2.3613e+02 5.8086e-03
5.1724e+02 1.7543e+02 5.5250e+02 2.6032e+02 5.6512e-03
0.0000e+00 1.2712e+02 1.7281e+01 2.3394e+02 5.5927e-03
0.0000e+00 1.6531e+02 9.3506e+00 1.9535e+02 5.5793e-03
4.3579e+02 1.7126e+02 5.0594e+02 3.0902e+02 5.5606e-03
1.0934e+03 1.9585e+02 1.2420e+03 3.7096e+02 5.4985e-03
7.6974e+02 1.8192e+02 8.6827e+02 2.2046e+02 5.4814e-03
7.4821e+02 1.7141e+02 7.6397e+02 2.1842e+02 5.4336e-03
7.6372e+02 1.8652e+02 8.3978e+02 2.1892e+02 5.4160e-03
6.3905e+02 1.5159e+02 6.7461e+02 2.2097e+02 5.3765e-03
7.3626e+02 1.7333e+02 7.4904e+02 2.1893e+02 5.3468e-03
3.2961e+02 2.4676e+02 5.0212e+02 3.2694e+02 5.3419e-03
0.0000e+00 2.8616e+02 2.9808e+01 3.7500e+02 5.2401e-03
5.3700e+02 1.7139e+02 5.6175e+02 2.2601e+02 5.2319e-03
1.1158e+03 2.3793e+02 1.2420e+03 3.7500e+02 5.2163e-03
5.3016e+02 1.7265e+02 5.4559e+02 2.0334e+02 5.1667e-03
7.6296e+02 1.5279e+02 1.0518e+03 2.9607e+02 5.1422e-03
5.9304e+02 1.7126e+02 6.0421e+02 1.9387e+02 5.1359e-03
1.2236e+03 3.2950e+02 1.2420e+03 3.7500e+02 5.1265e-03
7.6717e+02 1.7902e+02 8.2498e+02 1.9853e+02 5.1003e-03
9.2540e+02 1.2091e+02 1.2420e+03 3.7500e+02 5.0789e-03
6.7793e+02 1.7532e+02 7.9738e+02 2.6202e+02 4.9950e-03
5.2836e+02 1.8332e+02 5.5662e+02 2.2924e+02 4.9756e-03
6.4938e+02 1.7359e+02 6.8353e+02 1.9277e+02 4.9729e-03
7.5153e+02 1.9366e+02 8.2387e+02 2.2610e+02 4.9654e-03
6.7739e+02 1.7440e+02 7.0538e+02 1.9867e+02 4.9260e-03
4.0725e+02 1.8854e+02 4.9967e+02 2.4014e+02 4.8249e-03
9.0425e+02 2.7260e+02 1.0996e+03 3.7351e+02 4.8241e-03
6.6950e+02 1.7042e+02 7.0539e+02 2.6303e+02 4.7560e-03
5.7708e+02 1.7503e+02 5.8834e+02 2.0210e+02 4.7424e-03
7.8048e+02 7.4465e+00 9.5967e+02 3.7500e+02 4.7009e-03
7.8626e+02 1.8653e+02 8.3098e+02 2.9012e+02 4.6793e-03
4.9027e+02 1.7037e+02 5.5392e+02 2.0499e+02 4.6711e-03
3.6302e+02 1.5098e+02 4.4776e+02 2.9881e+02 4.6221e-03
9.4805e+02 1.8156e+02 1.0855e+03 3.7500e+02 4.5806e-03
7.3121e+02 1.8338e+02 7.5065e+02 2.3956e+02 4.5562e-03
7.5560e+02 1.7350e+02 8.4082e+02 2.0617e+02 4.5332e-03
8.0460e+02 1.6528e+02 9.0784e+02 3.5945e+02 4.5236e-03
8.4247e+02 2.9839e+01 1.1439e+03 3.7500e+02 4.4992e-03
7.4547e+02 1.7320e+02 7.6605e+02 2.2831e+02 4.4947e-03
8.3082e+02 1.2968e+02 1.1259e+03 3.0893e+02 4.4831e-03
6.4568e+02 1.5999e+02 7.9237e+02 2.2989e+02 4.4617e-03
0.0000e+00 1.6723e+02 6.6175e+00 2.2106e+02 4.4035e-03
0.0000e+00 8.4476e+01 3.2054e+01 2.7183e+02 4.4015e-03
9.2947e+02 2.3331e+02 1.2022e+03 3.7500e+02 4.3744e-03
4.8568e+02 1.5167e+02 5.4373e+02 2.8979e+02 4.3684e-03
7.4717e+02 1.7320e+02 8.5178e+02 3.5529e+02 4.3675e-03
5.0800e+02 1.7721e+02 5.4472e+02 1.9369e+02 4.3631e-03
6.3879e+02 1.6919e+02 6.5126e+02 1.9692e+02 4.3221e-03
5.1398e+02 1.7405e+02 5.2919e+02 2.1397e+02 4.3008e-03
5.3688e+02 1.8029e+02 5.5803e+02 2.2499e+02 4.2926e-03
7.2348e+02 1.7159e+02 7.7279e+02 2.8473e+02 4.2856e-03
6.4150e+02 1.6866e+02 6.5447e+02 1.9876e+02 4.2292e-03
6.5041e+02 1.8101e+02 6.7125e+02 2.2576e+02 4.2252e-03
7.4457e+02 1.7029e+02 7.5998e+02 2.1712e+02 4.2232e-03
9.2910e+02 2.3751e+02 1.1177e+03 3.5339e+02 4.1900e-03
8.9482e+02 1.7753e+02 1.1683e+03 3.5681e+02 4.1401e-03
5.7391e+02 1.7260e+02 5.8343e+02 1.9963e+02 4.1373e-03
6.3883e+02 1.7470e+02 6.5979e+02 2.1870e+02 4.1145e-03
5.8766e+02 1.8297e+02 6.0716e+02 1.9857e+02 4.0898e-03
3.6539e+02 2.0279e+02 4.8145e+02 2.6192e+02 4.0826e-03
5.0662e+02 1.8118e+02 5.3529e+02 2.2812e+02 4.0402e-03
7.2893e+02 1.6547e+02 7.5755e+02 2.4525e+02 3.9978e-03
6.1485e+02 1.7426e+02 6.2637e+02 2.0152e+02 3.9900e-03
5.9694e+02 1.7932e+02 6.1521e+02 1.9421e+02 3.9845e-03
6.4578e+02 1.7319e+02 7.6981e+02 2.5263e+02 3.9470e-03
6.0268e+02 1.7953e+02 6.2182e+02 1.9525e+02 3.9463e-03
5.8761e+02 1.7235e+02 6.0764e+02 1.9033e+02 3.9462e-03
6.3277e+02 1.8075e+02 6.6269e+02 2.0996e+02 3.9177e-03
6.0743e+02 1.7221e+02 6.2748e+02 1.8935e+02 3.8935e-03
8.4188e+02 1.6354e+02 9.2212e+02 3.6200e+02 3.8433e-03
3.9847e+02 1.8223e+02 4.9104e+02 2.4617e+02 3.8362e-03
7.0788e+02 1.9537e+02 8.0498e+02 2.9378e+02 3.8353e-03
7.1399e+02 1.6914e+02 7.4205e+02 2.4161e+02 3.7857e-03
7.8154e+02 1.7418e+02 8.0267e+02 2.2700e+02 3.7530e-03
7.8682e+02 2.7259e+02 1.0432e+03 3.6648e+02 3.7282e-03
7.4042e+02 1.7216e+02 7.5398e+02 2.1712e+02 3.7224e-03
7.4340e+02 1.9000e+02 8.1773e+02 2.2294e+02 3.6985e-03
1.0937e+03 0.0000e+00 1.2420e+03 3.7500e+02 3.6925e-03
6.4832e+02 1.6884e+02 6.6445e+02 2.0085e+02 3.6785e-03
3.6916e+02 2.2254e+02 5.1719e+02 3.1510e+02 3.6636e-03
8.9479e+02 1.0375e+02 1.0372e+03 3.1597e+02 3.6170e-03
5.2727e+02 1.7795e+02 5.5137e+02 1.9622e+02 3.5884e-03
6.1766e+02 1.6765e+02 6.3051e+02 1.9356e+02 3.5828e-03
6.2752e+02 1.7367e+02 6.3811e+02 2.0035e+02 3.5102e-03
6.7003e+02 1.4788e+02 7.0660e+02 2.2382e+02 3.4855e-03
7.4105e+02 1.8302e+02 8.0953e+02 2.1009e+02 3.4355e-03
7.0165e+02 1.7862e+02 7.4898e+02 2.2554e+02 3.4346e-03
5.7279e+02 1.7579e+02 5.8282e+02 2.0264e+02 3.4235e-03
7.8679e+02 1.6689e+02 8.9501e+02 2.0276e+02 3.3950e-03
5.4334e+02 1.6668e+02 5.5571e+02 2.0068e+02 3.3884e-03
6.4493e+02 1.6818e+02 6.5901e+02 1.9869e+02 3.3756e-03
5.0199e+02 1.7339e+02 5.3041e+02 2.3290e+02 3.3617e-03
5.7880e+02 1.7159e+02 5.8836e+02 1.9884e+02 3.3274e-03
7.2535e+02 1.8380e+02 7.4678e+02 2.3886e+02 3.2873e-03
6.3483e+02 1.5154e+02 9.5716e+02 2.8437e+02 3.2834e-03
1.2034e+03 2.8229e+02 1.2420e+03 3.7500e+02 3.2477e-03
6.4317e+02 1.1530e+02 7.1013e+02 2.5063e+02 3.2469e-03
7.2149e+02 1.6553e+02 7.4899e+02 2.4287e+02 3.2382e-03
3.6608e+02 2.2464e+02 4.7802e+02 2.8966e+02 3.2251e-03
6.7038e+02 1.7034e+02 7.3774e+02 2.0572e+02 3.2236e-03
5.6399e+02 1.7375e+02 5.8488e+02 1.9421e+02 3.2215e-03
7.4167e+02 1.8236e+02 7.6242e+02 2.3915e+02 3.2027e-03
5.7367e+02 1.6743e+02 5.8601e+02 2.0073e+02 3.1880e-03
0.0000e+00 1.5726e+02 9.0790e+00 1.8731e+02 3.1880e-03
7.0008e+02 1.6554e+02 7.2529e+02 2.3096e+02 3.1574e-03
0.0000e+00 1.7252e+02 9.2692e+00 2.0292e+02 3.1550e-03
1.2215e+03 3.5109e+02 1.2420e+03 3.7500e+02 3.1386e-03
5.8744e+02 1.7580e+02 6.0079e+02 2.0684e+02 3.1337e-03
6.3363e+02 1.6241e+02 6.8974e+02 2.0995e+02 3.1187e-03
6.7677e+02 1.8204e+02 7.0511e+02 2.3388e+02 3.1155e-03
1.2223e+03 2.4456e+02 1.2420e+03 3.6105e+02 3.1141e-03
5.2101e+02 1.7821e+02 5.4849e+02 1.9576e+02 3.0965e-03
7.4797e+02 8.2633e+01 8.5934e+02 3.4779e+02 3.0696e-03
7.6097e+02 1.6787e+02 7.9944e+02 2.3040e+02 3.0593e-03
7.9381e+02 1.7394e+02 9.0255e+02 2.0912e+02 3.0566e-03
3.5018e+02 2.4720e+02 4.8017e+02 3.0532e+02 3.0549e-03
6.5074e+02 1.9344e+02 7.0320e+02 2.2574e+02 3.0424e-03
6.1694e+02 1.7523e+02 7.5456e+02 2.4977e+02 3.0329e-03
6.1887e+02 1.7538e+02 6.2911e+02 2.0092e+02 3.0011e-03
5.1301e+02 1.4062e+02 5.6574e+02 2.6442e+02 2.9730e-03
4.8241e+02 1.5415e+02 5.8509e+02 2.3504e+02 2.9632e-03
6.7976e+02 1.4062e+02 7.3069e+02 2.6713e+02 2.9446e-03
6.7352e+02 1.7463e+02 7.1148e+02 1.9430e+02 2.9432e-03
6.1099e+02 1.5659e+02 7.1335e+02 2.3490e+02 2.9128e-03
8.6366e+02 1.5239e+02 9.2785e+02 3.3291e+02 2.8997e-03
8.8427e+02 1.5706e+02 1.0898e+03 2.3270e+02 2.8897e-03
7.4682e+02 1.6597e+02 7.7876e+02 2.3942e+02 2.8811e-03
7.4691e+02 2.0672e+02 8.6045e+02 3.4006e+02 2.8550e-03
4.1391e+02 1.7312e+02 4.6550e+02 2.7780e+02 2.8392e-03
7.1613e+02 1.7923e+02 7.7373e+02 2.2722e+02 2.8376e-03
3.3618e+02 1.6636e+02 4.1712e+02 2.9734e+02 2.8095e-03
3.6255e+02 1.8663e+02 4.6876e+02 2.3279e+02 2.8025e-03
0.0000e+00 1.1101e+02 3.0907e+01 3.1226e+02 2.7908e-03
3.0397e+02 1.9995e+02 3.8720e+02 2.3646e+02 2.7897e-03
5.1763e+02 1.6119e+02 5.5386e+02 2.2308e+02 2.7740e-03
8.3631e+02 2.7194e+02 1.0781e+03 3.6961e+02 2.7652e-03
6.5162e+02 1.8483e+02 7.0892e+02 2.3206e+02 2.7448e-03
4.7524e+02 1.5938e+02 6.2554e+02 2.2714e+02 2.6817e-03
8.8997e+02 2.6357e+02 1.2420e+03 3.7500e+02 2.6733e-03
4.7157e+02 1.7484e+02 5.4126e+02 2.1158e+02 2.6484e-03
5.0410e+02 1.5738e+02 5.4105e+02 2.2787e+02 2.6027e-03
4.1411e+02 1.6885e+02 4.5443e+02 2.6857e+02 2.5533e-03
7.7330e+02 1.9315e+02 8.2757e+02 3.0079e+02 2.5475e-03
8.1534e+02 2.0072e+02 9.3396e+02 2.4483e+02 2.5326e-03
5.3338e+02 1.7594e+02 5.5946e+02 2.3942e+02 2.5225e-03
4.2640e+02 1.6069e+02 4.9890e+02 2.8375e+02 2.5031e-03
8.1125e+02 1.9692e+02 9.2619e+02 2.3710e+02 2.4902e-03
7.0766e+02 1.6322e+02 7.3778e+02 2.4715e+02 2.4777e-03
3.8694e+02 1.8493e+02 4.9425e+02 2.6141e+02 2.4759e-03
8.5339e+02 1.5329e+02 9.1492e+02 3.1804e+02 2.4546e-03
3.4164e+02 1.9547e+02 4.4458e+02 2.4111e+02 2.4465e-03
0.0000e+00 0.0000e+00 1.4283e+02 3.1670e+02 2.4342e-03
7.9152e+02 1.6929e+02 8.8189e+02 3.5320e+02 2.4327e-03
3.7122e+02 1.7673e+02 4.1747e+02 2.7987e+02 2.3811e-03
7.6665e+02 1.7164e+02 8.5125e+02 2.0333e+02 2.3735e-03
8.1974e+02 2.0494e+02 9.4614e+02 2.5489e+02 2.3653e-03
6.2209e+02 1.7187e+02 6.7095e+02 2.0844e+02 2.3640e-03
0.0000e+00 1.6744e+02 3.2059e+01 3.6245e+02 2.3635e-03
6.5454e+02 1.1997e+02 7.2359e+02 2.4849e+02 2.3591e-03
6.8693e+02 1.7657e+02 7.5081e+02 2.1344e+02 2.3520e-03
7.1819e+02 1.6917e+02 7.8384e+02 3.1334e+02 2.3480e-03
4.2656e+02 1.6915e+02 4.6915e+02 2.6781e+02 2.3448e-03
3.9580e+02 1.7055e+02 4.4136e+02 2.7691e+02 2.3336e-03
0.0000e+00 1.9871e+02 5.2259e+01 3.7500e+02 2.3067e-03
1.2241e+03 2.2670e+02 1.2420e+03 3.3740e+02 2.2690e-03
7.8437e+02 1.7962e+02 8.9286e+02 2.2045e+02 2.2628e-03
3.1963e+02 2.0277e+02 4.4078e+02 3.1036e+02 2.2452e-03
5.3916e+02 1.6734e+02 5.6474e+02 2.2028e+02 2.2224e-03
9.1627e+02 9.6081e+01 1.0696e+03 3.3922e+02 2.2022e-03
7.2404e+02 1.7468e+02 7.8446e+02 2.1511e+02 2.1999e-03
7.1862e+02 1.7767e+02 7.8213e+02 2.4147e+02 2.1407e-03
8.2382e+02 1.7911e+02 1.0414e+03 2.4936e+02 2.1314e-03
0.0000e+00 3.1859e+02 4.1397e+01 3.7500e+02 2.0974e-03
1.1891e+03 3.1840e+02 1.2420e+03 3.7500e+02 2.0885e-03
7.8628e+02 1.5996e+02 8.8525e+02 1.9797e+02 2.0582e-03
9.1239e+02 2.1532e+02 1.1136e+03 3.3565e+02 2.0505e-03
9.3758e+02 2.1096e+02 1.0602e+03 2.5150e+02 2.0344e-03
8.3342e+02 1.6696e+02 9.0849e+02 3.4200e+02 2.0267e-03
8.7066e+02 1.6041e+02 9.4275e+02 3.5335e+02 2.0043e-03
0.0000e+00 0.0000e+00 7.0532e+01 1.5760e+02 1.9989e-03
2.8853e+02 1.4206e+02 5.1652e+02 3.0183e+02 1.9987e-03
1.2258e+03 8.6723e+01 1.2420e+03 1.9416e+02 1.9748e-03
8.1584e+02 1.6187e+02 8.9119e+02 3.3467e+02 1.9712e-03
9.4252e+02 2.0325e+02 1.0596e+03 2.4250e+02 1.9485e-03
1.2147e+03 3.5412e+02 1.2420e+03 3.7500e+02 1.9183e-03
0.0000e+00 3.2491e+02 1.4211e+01 3.7500e+02 1.9059e-03
7.0496e+02 1.6543e+02 7.3325e+02 2.3138e+02 1.9036e-03
7.1109e+02 1.3114e+02 7.6973e+02 2.7027e+02 1.8798e-03
7.9406e+02 1.7360e+02 8.2903e+02 2.4819e+02 1.8766e-03
9.5182e+01 9.7721e+01 6.9284e+02 3.7500e+02 1.8658e-03
8.7778e+02 1.4220e+02 9.3896e+02 3.1191e+02 1.8512e-03
4.6216e+02 1.8147e+02 5.3167e+02 2.1990e+02 1.8353e-03
1.2249e+03 6.2118e+01 1.2420e+03 1.7038e+02 1.8256e-03
9.3929e+02 2.1825e+02 1.0613e+03 2.6016e+02 1.8111e-03
7.5422e+02 2.0969e+02 8.5786e+02 2.8957e+02 1.8107e-03
7.8266e+02 1.9961e+02 8.3466e+02 3.0813e+02 1.8083e-03
7.1124e+02 1.7524e+02 7.8151e+02 2.0956e+02 1.8005e-03
9.1236e+02 3.2168e+02 1.1030e+03 3.7500e+02 1.7946e-03
0.0000e+00 3.5686e+01 7.5829e+01 3.7500e+02 1.7929e-03
4.0543e+02 1.7080e+02 4.4683e+02 2.6745e+02 1.7915e-03
8.4469e+02 1.8767e+02 1.0828e+03 2.9521e+02 1.7880e-03
5.4547e+02 1.6803e+02 5.7474e+02 2.2230e+02 1.7686e-03
4.6996e+02 1.7187e+02 5.6076e+02 2.6075e+02 1.7538e-03
2.5631e+02 2.0655e+02 3.5172e+02 2.4584e+02 1.7534e-03
0.0000e+00 0.0000e+00 3.2865e+01 7.9037e+01 1.7344e-03
1.2848e+02 1.4883e+02 2.2144e+02 1.8683e+02 1.7232e-03
6.3831e+02 1.4299e+02 6.9086e+02 2.6429e+02 1.7097e-03
3.6132e+02 2.1220e+02 4.9204e+02 2.9681e+02 1.6979e-03
7.1314e+02 1.5565e+02 8.8398e+02 2.2608e+02 1.6949e-03
7.3917e+02 1.6777e+02 7.6558e+02 2.4358e+02 1.6867e-03
3.6689e+02 2.3375e+02 4.8742e+02 3.0218e+02 1.6867e-03
1.1663e+03 1.9454e+02 1.2416e+03 3.7500e+02 1.6439e-03
7.0187e+02 1.4290e+02 7.5421e+02 2.8012e+02 1.6433e-03
8.0505e+02 1.7993e+02 8.3959e+02 2.5808e+02 1.6333e-03
0.0000e+00 1.0372e+02 1.5585e+01 2.1055e+02 1.6248e-03
6.5051e+02 1.6077e+02 7.0619e+02 2.1015e+02 1.6020e-03
3.2554e+02 1.6481e+02 5.4579e+02 3.3063e+02 1.5925e-03
0.0000e+00 1.4953e+02 1.6481e+01 2.5679e+02 1.5825e-03
4.0928e+02 1.6582e+02 5.5633e+02 2.3004e+02 1.5695e-03
2.7864e+02 2.0580e+02 3.6621e+02 2.4512e+02 1.5490e-03
6.8903e+02 1.5738e+02 7.1726e+02 2.2129e+02 1.5327e-03
9.8655e+02 2.7212e+02 1.0624e+03 3.7500e+02 1.5107e-03
9.1336e+02 1.7417e+02 1.1183e+03 2.5163e+02 1.5098e-03
3.5699e+02 1.9544e+02 4.5536e+02 2.6994e+02 1.5066e-03
0.0000e+00 0.0000e+00 2.3675e+02 1.7729e+02 1.4810e-03
3.6410e+02 1.7233e+02 5.3194e+02 2.3372e+02 1.4655e-03
9.6413e+02 2.1254e+02 1.0790e+03 3.7500e+02 1.4631e-03
7.4050e+02 1.8861e+02 8.0896e+02 3.4401e+02 1.4429e-03
0.0000e+00 1.2083e+02 2.7671e+01 2.4547e+02 1.4420e-03
3.4886e+02 1.5668e+02 4.3032e+02 3.0122e+02 1.4351e-03
9.3881e+02 2.2573e+02 1.0606e+03 2.6902e+02 1.4241e-03
4.1335e+02 1.8941e+02 5.4929e+02 2.7758e+02 1.4233e-03
7.2161e+02 1.7104e+02 8.0077e+02 2.0501e+02 1.4168e-03
3.0617e+02 2.5037e+02 4.7098e+02 3.2755e+02 1.4129e-03
3.2008e+02 1.9849e+02 4.0941e+02 2.3706e+02 1.4046e-03
4.0045e+02 1.8751e+02 4.5625e+02 2.9699e+02 1.3955e-03
1.1937e+03 2.2609e+02 1.2420e+03 3.5597e+02 1.3950e-03
0.0000e+00 1.4445e+02 2.4639e+01 2.0966e+02 1.3855e-03
4.8909e+02 1.3835e+02 5.4731e+02 2.6262e+02 1.3813e-03
0.0000e+00 2.1640e+02 3.2916e+01 3.7500e+02 1.3811e-03
1.1685e+03 2.3729e+02 1.2420e+03 3.3552e+02 1.3657e-03
1.0032e+03 3.2023e+02 1.0920e+03 3.7312e+02 1.3496e-03
0.0000e+00 0.0000e+00 3.3060e+02 1.5292e+02 1.3487e-03
0.0000e+00 5.5498e+01 2.9521e+01 2.4064e+02 1.3475e-03
6.3239e+02 1.4798e+02 6.6679e+02 2.1717e+02 1.3384e-03
8.8933e+02 2.9924e+02 1.0957e+03 3.7310e+02 1.3340e-03
1.0033e+03 2.6932e+02 1.0764e+03 3.7500e+02 1.3222e-03
2.5141e+02 1.5017e+02 5.7000e+02 2.8997e+02 1.3117e-03
9.5365e+02 0.0000e+00 1.2420e+03 1.2691e+02 1.3021e-03
7.9085e+02 1.7126e+02 8.2085e+02 2.3280e+02 1.3014e-03
4.5052e+02 1.7551e+02 5.7729e+02 2.5692e+02 1.2899e-03
7.2119e+02 8.5424e+01 8.3965e+02 3.6194e+02 1.2868e-03
8.9358e+02 1.4427e+02 1.0863e+03 2.1800e+02 1.2859e-03
3.8920e+02 1.7156e+02 4.3178e+02 2.7332e+02 1.2856e-03
6.9607e+02 1.8256e+02 7.6238e+02 2.2804e+02 1.2805e-03
7.9702e+02 1.8217e+02 8.3582e+02 2.7524e+02 1.2788e-03
7.4782e+02 1.5143e+02 9.1931e+02 2.1828e+02 1.2687e-03
9.1028e+02 1.7386e+02 9.9649e+02 3.6556e+02 1.2684e-03
5.9871e+02 1.5160e+02 7.4622e+02 2.2647e+02 1.2493e-03
0.0000e+00 1.1982e+02 4.6217e+01 2.3188e+02 1.2490e-03
3.6331e+02 1.7990e+02 4.0888e+02 2.8322e+02 1.2480e-03
7.1876e+02 1.6780e+02 7.6015e+02 2.8601e+02 1.2450e-03
0.0000e+00 2.5903e+02 9.0146e+01 3.7500e+02 1.2441e-03
9.2581e+02 2.0677e+02 1.1278e+03 2.8383e+02 1.2439e-03
4.7842e+02 1.5755e+02 5.5634e+02 1.9467e+02 1.2348e-03
8.8354e+02 1.6229e+02 9.5737e+02 3.5417e+02 1.2342e-03
0.0000e+00 0.0000e+00 1.1450e+02 8.2913e+01 1.2318e-03
7.1187e+02 1.7828e+02 7.6852e+02 2.3901e+02 1.2283e-03
3.5081e+02 1.9169e+02 4.4257e+02 2.6086e+02 1.2110e-03
6.5723e+02 2.3861e+02 1.0326e+03 3.7500e+02 1.2086e-03
7.1473e+02 1.7437e+02 7.7140e+02 2.1766e+02 1.2085e-03
9.7739e+02 1.8775e+02 1.1116e+03 3.7500e+02 1.2022e-03
9.6181e+02 2.5981e+02 1.1211e+03 3.6880e+02 1.1926e-03
7.2334e+02 0.0000e+00 9.9391e+02 3.7500e+02 1.1886e-03
5.0840e+02 1.8871e+02 5.7017e+02 2.2905e+02 1.1812e-03
9.4019e+02 3.1147e+02 1.0892e+03 3.7500e+02 1.1779e-03
1.3552e+02 1.5438e+02 2.3144e+02 1.9450e+02 1.1619e-03
1.2125e+03 9.7576e+01 1.2420e+03 1.4316e+02 1.1488e-03
6.5585e+02 1.7154e+02 6.9016e+02 2.6009e+02 1.1450e-03
0.0000e+00 1.5001e+02 3.9452e+01 1.9997e+02 1.1359e-03
3.2756e+02 1.6915e+02 5.1487e+02 2.3621e+02 1.1317e-03
4.9427e+02 1.4831e+02 5.6056e+02 3.1278e+02 1.1287e-03
5.0290e+02 1.4162e+02 5.3896e+02 2.1589e+02 1.1287e-03
2.9500e+02 2.0288e+02 3.7572e+02 2.4232e+02 1.1226e-03
1.2114e+03 1.0577e+02 1.2420e+03 1.5054e+02 1.1212e-03
9.4761e+02 2.0152e+02 1.0611e+03 3.7500e+02 1.1157e-03
6.2719e+02 1.6361e+02 7.0141e+02 1.9987e+02 1.1148e-03
3.8175e+02 1.7351e+02 4.2278e+02 2.7427e+02 1.1053e-03
3.6917e+02 2.0838e+02 4.8635e+02 2.7705e+02 1.0997e-03
4.4042e+02 1.7828e+02 5.3873e+02 2.6568e+02 1.0960e-03
7.8387e+02 1.3938e+02 1.2420e+03 3.7500e+02 1.0959e-03
4.1635e+02 1.9489e+02 5.0012e+02 3.3650e+02 1.0913e-03
1.2228e+03 2.7126e+02 1.2420e+03 3.7500e+02 1.0783e-03
1.0222e+03 0.0000e+00 1.2420e+03 1.8495e+02 1.0745e-03
7.6149e+02 1.5934e+02 9.6666e+02 2.2751e+02 1.0743e-03
1.1623e+03 0.0000e+00 1.2420e+03 1.6346e+02 1.0665e-03
2.9862e+02 1.8186e+02 4.6816e+02 2.5789e+02 1.0654e-03
1.2128e+03 8.9509e+01 1.2420e+03 1.3524e+02 1.0620e-03
8.9293e+02 1.3891e+02 9.5295e+02 3.1250e+02 1.0616e-03
1.1620e+03 0.0000e+00 1.2420e+03 3.1005e+01 1.0574e-03
9.4366e+02 1.9550e+02 1.0586e+03 2.3651e+02 1.0516e-03
1.2245e+03 2.0357e+02 1.2420e+03 3.1535e+02 1.0463e-03
0.0000e+00 2.6659e+02 1.4885e+02 3.7500e+02 1.0455e-03
4.0474e+02 1.8000e+02 4.6768e+02 2.9122e+02 1.0435e-03
1.2118e+03 1.1393e+02 1.2420e+03 1.5822e+02 1.0363e-03
1.2202e+03 9.3088e+01 1.2420e+03 1.5124e+02 1.0297e-03
3.3209e+02 2.5150e+02 4.5913e+02 3.0670e+02 1.0265e-03
9.6930e+02 2.7300e+02 1.0466e+03 3.7500e+02 1.0245e-03
1.2703e+02 1.4226e+02 2.2041e+02 1.7986e+02 1.0223e-03
0.0000e+00 1.4229e+02 3.7419e+01 1.9222e+02 1.0158e-03
3.7966e+02 2.2869e+02 4.9962e+02 2.9303e+02 1.0158e-03
9.4093e+02 1.8692e+02 1.0353e+03 3.6495e+02 1.0138e-03
9.6603e+02 3.1932e+02 1.0824e+03 3.7035e+02 1.0042e-03
7.9752e+02 2.0817e+02 9.0590e+02 2.6356e+02 1.0013e-03
1.2075e+03 3.1333e+01 1.2420e+03 2.2028e+02 9.8697e-04
1.2067e+03 1.5127e+02 1.2420e+03 3.3249e+02 9.8427e-04
0.0000e+00 1.3289e+02 7.3887e+01 2.2170e+02 9.8208e-04
6.7848e+02 1.4633e+02 7.1403e+02 2.1773e+02 9.7941e-04
0.0000e+00 1.1510e+02 1.8534e+02 3.7500e+02 9.7478e-04
1.2116e+03 1.2209e+02 1.2420e+03 1.6648e+02 9.7412e-04
0.0000e+00 0.0000e+00 1.5984e+02 7.5782e+01 9.6733e-04
4.4941e+02 1.8029e+02 5.1933e+02 2.2020e+02 9.6423e-04
1.2037e+03 0.0000e+00 1.2420e+03 7.9597e+01 9.5418e-04
9.4461e+02 1.2081e+02 1.0888e+03 3.6562e+02 9.5391e-04
6.6273e+02 1.4624e+02 7.2494e+02 3.1636e+02 9.5129e-04
0.0000e+00 3.2755e+02 5.5589e+01 3.7500e+02 9.4774e-04
8.2094e+02 1.4804e+02 8.8300e+02 3.0049e+02 9.3595e-04
7.1311e+02 1.6497e+02 7.4866e+02 2.8140e+02 9.3561e-04
7.4560e+02 2.3247e+02 9.7998e+02 3.6397e+02 9.3300e-04
0.0000e+00 1.7775e+02 1.5068e+01 2.9252e+02 9.3105e-04
1.2202e+03 1.0926e+02 1.2420e+03 1.6650e+02 9.3050e-04
4.6285e+02 1.7154e+02 4.9913e+02 2.6599e+02 9.2704e-04
8.9781e+02 1.6522e+02 9.7557e+02 3.5893e+02 9.2389e-04
1.4519e+02 1.4982e+02 2.3896e+02 1.8663e+02 9.1836e-04
9.7989e+02 3.0654e+02 1.0823e+03 3.6856e+02 9.1129e-04
7.4870e+02 2.1804e+02 9.1912e+02 3.6668e+02 9.0996e-04
8.5676e+02 3.2171e+02 1.0702e+03 3.7500e+02 9.0375e-04
1.0211e+03 2.7030e+02 1.0896e+03 3.7500e+02 9.0144e-04
4.8382e+02 1.6884e+02 5.4189e+02 2.0672e+02 9.0084e-04
1.1578e+03 6.8623e+01 1.2420e+03 3.7500e+02 8.9877e-04
1.0444e+03 1.9375e+02 1.1894e+03 3.7500e+02 8.9623e-04
7.8666e+02 1.9819e+02 8.9528e+02 2.5976e+02 8.9483e-04
5.5135e+02 1.6515e+02 5.8130e+02 2.2665e+02 8.9436e-04
1.1752e+03 2.6294e+02 1.2420e+03 3.6915e+02 8.9436e-04
8.0180e+02 1.5370e+02 8.6477e+02 3.0791e+02 8.9081e-04
7.4651e+02 1.2291e+02 8.2261e+02 2.5689e+02 8.8395e-04
4.0478e+02 2.0007e+02 4.6637e+02 3.1074e+02 8.7226e-04
6.6519e+02 1.7778e+02 7.2027e+02 2.3283e+02 8.6675e-04
8.0084e+02 3.2239e+02 1.0417e+03 3.7500e+02 8.6383e-04
1.1488e+03 1.9746e+02 1.2324e+03 3.6191e+02 8.6249e-04
8.1107e+02 1.9283e+02 8.9257e+02 2.3456e+02 8.6022e-04
6.9743e+02 1.5567e+02 7.2650e+02 2.2529e+02 8.5322e-04
7.7296e+02 2.0967e+02 8.7378e+02 2.7552e+02 8.5091e-04
6.2274e+02 1.6156e+02 6.7773e+02 2.0678e+02 8.3969e-04
6.8674e+02 1.6318e+02 7.1837e+02 2.5516e+02 8.3486e-04
1.8634e+02 0.0000e+00 4.9974e+02 3.7500e+02 8.2662e-04
1.1946e+03 2.5566e+02 1.2420e+03 3.7500e+02 8.1909e-04
2.6473e+02 2.0970e+02 3.5843e+02 2.5186e+02 8.1743e-04
4.2628e+00 1.2697e+02 4.4041e+01 2.3765e+02 8.1552e-04
1.1775e+03 2.1057e+02 1.2420e+03 3.0057e+02 8.1483e-04
9.1784e+02 1.5139e+02 9.9334e+02 3.2265e+02 8.1242e-04
9.8656e+02 2.5481e+02 1.2420e+03 3.7500e+02 8.0678e-04
1.0997e+03 0.0000e+00 1.2420e+03 5.9798e+01 8.0422e-04
7.0486e+02 1.8348e+02 7.7768e+02 2.3011e+02 7.9209e-04
0.0000e+00 1.1733e+02 3.7079e+01 2.3767e+02 7.9208e-04
9.2505e+02 1.7467e+02 1.0162e+03 3.6359e+02 7.8470e-04
4.3528e+02 1.6978e+02 4.7661e+02 2.6560e+02 7.8287e-04
0.0000e+00 1.3007e+02 2.2447e+01 1.9309e+02 7.8195e-04
4.7057e+02 1.5571e+02 5.1838e+02 2.9489e+02 7.7789e-04
0.0000e+00 1.2191e+02 2.6293e+02 3.7500e+02 7.7616e-04
5.1056e+02 1.4735e+02 5.4634e+02 2.1801e+02 7.7411e-04
4.6690e+02 1.6749e+02 5.4237e+02 2.0347e+02 7.7189e-04
8.4027e+02 1.4736e+02 8.9941e+02 2.9220e+02 7.7149e-04
8.5704e+02 1.4450e+02 9.1162e+02 2.8881e+02 7.6966e-04
1.2270e+03 1.5911e+02 1.2420e+03 2.6259e+02 7.5976e-04
1.1956e+03 2.0108e+02 1.2420e+03 3.1978e+02 7.5972e-04
1.1615e+03 0.0000e+00 1.2420e+03 3.3303e+02 7.5543e-04
7.6785e+02 2.1860e+02 8.6764e+02 2.9829e+02 7.5539e-04
3.4021e+02 2.0909e+02 4.5144e+02 2.6772e+02 7.5271e-04
2.4028e+02 2.1006e+02 3.4390e+02 2.5299e+02 7.5033e-04
1.2268e+03 1.0933e+02 1.2420e+03 2.1518e+02 7.4961e-04
1.2215e+03 2.7106e+02 1.2420e+03 3.3850e+02 7.4785e-04
4.9263e+02 1.5912e+02 5.5328e+02 1.9951e+02 7.4664e-04
5.2270e+02 1.8404e+02 5.8392e+02 2.2085e+02 7.4274e-04
5.4712e+02 1.7101e+02 6.1357e+02 2.0345e+02 7.4215e-04
1.2229e+01 2.9292e+02 8.6401e+01 3.7500e+02 7.4029e-04
7.6737e+02 2.5972e+02 1.0018e+03 3.7041e+02 7.3462e-04
1.3667e+02 1.6094e+02 2.9140e+02 2.2699e+02 7.2439e-04
2.7435e+02 1.5692e+02 4.9757e+02 3.2669e+02 7.1737e-04
4.9715e+02 1.9155e+02 5.6797e+02 2.3407e+02 7.1354e-04
8.7235e+02 1.4195e+02 9.2486e+02 2.8167e+02 7.1082e-04
9.0685e+02 1.4234e+02 9.7110e+02 3.1698e+02 7.1046e-04
4.5156e+02 1.5660e+02 5.0696e+02 2.8174e+02 7.0725e-04
4.5271e+02 1.6797e+02 4.9404e+02 2.6645e+02 7.0616e-04
1.2137e+03 8.1565e+01 1.2420e+03 1.2738e+02 7.0072e-04
2.9167e+02 1.9350e+02 3.7832e+02 2.3054e+02 7.0059e-04
1.0120e+03 1.9257e+02 1.1510e+03 3.7500e+02 6.9014e-04
4.9550e+02 1.1471e+02 5.6667e+02 2.5404e+02 6.8833e-04
6.2896e+02 1.8226e+02 6.8859e+02 2.1818e+02 6.8723e-04
6.4303e+02 1.9216e+02 7.1933e+02 2.3302e+02 6.8680e-04
1.4816e+02 1.4316e+02 2.3829e+02 1.7715e+02 6.8236e-04
4.5016e+02 1.7392e+02 5.2359e+02 2.1042e+02 6.7456e-04
7.5967e+02 2.2831e+02 8.6246e+02 2.8724e+02 6.7256e-04
3.1641e+02 2.0419e+02 4.0142e+02 2.4221e+02 6.6879e-04
4.4507e+02 1.5964e+02 5.5267e+02 2.3647e+02 6.6873e-04
0.0000e+00 0.0000e+00 5.2943e+01 4.5314e+01 6.6734e-04
7.2652e+02 2.0205e+02 7.8338e+02 2.9282e+02 6.5323e-04
7.9016e+02 2.9902e+02 1.0441e+03 3.6957e+02 6.5285e-04
7.4423e+02 1.7337e+02 8.8454e+02 3.7500e+02 6.4645e-04
0.0000e+00 2.9289e+02 4.8614e+01 3.7500e+02 6.4641e-04
7.3473e+02 1.2077e+02 8.1031e+02 2.6253e+02 6.4628e-04
1.2204e+03 7.6330e+01 1.2420e+03 1.3574e+02 6.4396e-04
9.5235e+02 2.7021e+02 1.0312e+03 3.7500e+02 6.4262e-04
7.1364e+02 2.1683e+02 8.0802e+02 2.9269e+02 6.3399e-04
0.0000e+00 1.5004e+02 4.3373e+01 2.6354e+02 6.3116e-04
5.0203e+02 1.6183e+02 6.0329e+02 2.4285e+02 6.2684e-04
6.7643e+02 1.6729e+02 7.5046e+02 2.0471e+02 6.2661e-04
0.0000e+00 1.1813e+02 7.0522e+01 2.0622e+02 6.2623e-04
3.9524e+02 1.8394e+02 4.9527e+02 2.2289e+02 6.2584e-04
1.2108e+03 1.7847e+02 1.2420e+03 2.2182e+02 6.2074e-04
3.8909e+02 1.8672e+02 4.4358e+02 2.9603e+02 6.2045e-04
4.4177e+02 1.6842e+02 4.8666e+02 2.6783e+02 6.1998e-04
6.3018e+02 1.0246e+02 6.9601e+02 2.4901e+02 6.1876e-04
0.0000e+00 2.9236e+02 7.0162e+01 3.7500e+02 6.1266e-04
1.2091e+03 6.3727e+01 1.2420e+03 2.4780e+02 5.9089e-04
4.5230e+02 1.4921e+02 6.0752e+02 2.1984e+02 5.8966e-04
8.9951e+02 3.1191e+02 1.0635e+03 3.7500e+02 5.8487e-04
6.8590e+02 1.7938e+02 7.7554e+02 2.7623e+02 5.8420e-04
7.8562e+02 1.3898e+02 8.4314e+02 2.5234e+02 5.8067e-04
7.0454e+02 1.5744e+02 7.5850e+02 2.9963e+02 5.7557e-04
2.5423e+02 1.7226e+02 3.3258e+02 3.3489e+02 5.7343e-04
3.4674e+02 1.9668e+02 4.2254e+02 3.4138e+02 5.5584e-04
1.1283e+03 0.0000e+00 1.2420e+03 8.4968e+01 5.5131e-04
7.2901e+02 2.1571e+02 8.2786e+02 3.2932e+02 5.5028e-04
2.7212e+02 1.6915e+02 3.4324e+02 3.3162e+02 5.4772e-04
5.2739e+02 1.3217e+02 5.8384e+02 2.7009e+02 5.3919e-04
3.9323e+02 1.3783e+02 4.7519e+02 2.8020e+02 5.2485e-04
7.3128e+02 2.1599e+02 8.6312e+02 3.1942e+02 5.1888e-04
9.1759e+02 1.2942e+02 1.0976e+03 2.0378e+02 5.1859e-04
9.9121e+02 2.3026e+02 1.0830e+03 3.7500e+02 5.1832e-04
6.7206e+02 1.0830e+02 7.3762e+02 2.4986e+02 5.1198e-04
1.1786e+03 0.0000e+00 1.2420e+03 4.0991e+01 5.0712e-04
0.0000e+00 8.0364e+01 9.7056e+01 3.1036e+02 5.0503e-04
3.2849e+02 1.7814e+02 3.9505e+02 3.1395e+02 5.0412e-04
1.2082e+03 9.7692e+01 1.2420e+03 2.8036e+02 5.0263e-04
4.1584e+02 2.0194e+02 5.4177e+02 2.9677e+02 4.9998e-04
0.0000e+00 0.0000e+00 7.7113e+01 4.4555e+01 4.8140e-04
3.4434e+02 1.6507e+02 4.9786e+02 2.4808e+02 4.8072e-04
1.1803e+03 1.9576e+02 1.2420e+03 2.8272e+02 4.7309e-04
7.6579e+02 1.1894e+02 8.3463e+02 2.5150e+02 4.7221e-04
2.6035e+01 2.9189e+02 1.0217e+02 3.7500e+02 4.6389e-04
1.1780e+03 7.9834e+01 1.2420e+03 1.7203e+02 4.5966e-04
1.6223e+02 1.7864e+02 3.3386e+02 2.4279e+02 4.4951e-04
9.8037e+02 1.3144e+01 1.2420e+03 3.6161e+02 4.4827e-04
4.6110e+02 1.7814e+02 6.1007e+02 2.5363e+02 4.4222e-04
1.3376e+02 1.4689e+02 2.9115e+02 2.1235e+02 4.3190e-04
0.0000e+00 1.0213e+02 6.2531e+01 3.7500e+02 4.1765e-04
1.5820e+02 1.6272e+02 3.2879e+02 2.2842e+02 4.0468e-04
6.8324e+02 1.5364e+02 7.4067e+02 3.1435e+02 4.0418e-04
8.3937e+02 1.5948e+02 1.0565e+03 2.3166e+02 3.9901e-04
9.7601e+02 3.1608e+02 1.1170e+03 3.7500e+02 3.9890e-04
0.0000e+00 1.6212e+02 6.9887e+01 2.5430e+02 3.9646e-04
1.1915e+03 6.9752e+01 1.2420e+03 1.8562e+02 3.9593e-04
9.3595e+02 2.6992e+02 1.0146e+03 3.7500e+02 3.9449e-04
8.7555e+02 1.7562e+02 1.0894e+03 2.7526e+02 3.9058e-04
1.1776e+03 1.7827e+02 1.2420e+03 2.6464e+02 3.8871e-04
7.3000e+02 1.8827e+02 7.9436e+02 3.5470e+02 3.8815e-04
1.2099e+03 2.4230e+02 1.2420e+03 3.7500e+02 3.8665e-04
1.1644e+03 2.8648e+02 1.2406e+03 3.7500e+02 3.8183e-04
8.7848e+02 1.9277e+02 9.6674e+02 3.7500e+02 3.8051e-04
8.9255e+02 1.9839e+02 9.8522e+02 3.7500e+02 3.7805e-04
8.0302e+02 1.5040e+02 8.5702e+02 2.7335e+02 3.7758e-04
1.0377e+03 2.7389e+02 1.1055e+03 3.7500e+02 3.7480e-04
3.4528e+02 1.5194e+02 4.8248e+02 3.7500e+02 3.7238e-04
0.0000e+00 7.1499e+01 1.5373e+02 2.5025e+02 3.7217e-04
1.1770e+03 1.6241e+02 1.2420e+03 2.4965e+02 3.7118e-04
2.0631e+02 1.9116e+02 3.7108e+02 2.5744e+02 3.6538e-04
6.7033e+02 1.5123e+02 8.4479e+02 2.2623e+02 3.6495e-04
4.3428e+02 1.8539e+02 5.3511e+02 2.8577e+02 3.4363e-04
6.4719e+02 1.4572e+02 7.0812e+02 3.1256e+02 3.3901e-04
9.5100e+02 2.2301e+02 1.1378e+03 3.0009e+02 3.2975e-04
0.0000e+00 9.8057e+01 1.5009e+02 2.8570e+02 3.2194e-04
7.6490e+02 1.4500e+02 8.9889e+02 2.2385e+02 3.2147e-04
0.0000e+00 9.1421e+01 4.1020e+01 1.9879e+02 3.1741e-04
4.1250e+02 1.3623e+02 4.8867e+02 2.7273e+02 3.1701e-04
6.1400e+02 1.6924e+02 7.0952e+02 2.5378e+02 3.0976e-04
6.3216e+02 1.8351e+02 7.3518e+02 2.7359e+02 3.0798e-04
9.3049e+02 1.6389e+02 1.0134e+03 3.1699e+02 3.0773e-04
0.0000e+00 8.1941e+01 4.9203e+01 2.7458e+02 3.0764e-04
5.8924e+02 1.3493e+02 8.6856e+02 2.9656e+02 3.0565e-04
4.7022e+02 1.4543e+02 6.3989e+02 2.2037e+02 3.0507e-04
9.7626e+02 2.8103e+02 1.1487e+03 3.7500e+02 3.0496e-04
1.0304e+03 2.1417e+02 1.2420e+03 3.7500e+02 3.0343e-04
2.7699e+02 1.8786e+02 4.2676e+02 2.6289e+02 3.0077e-04
0.0000e+00 2.5798e+01 2.7314e+01 2.1193e+02 2.9742e-04
5.9958e+02 1.3787e+02 7.1717e+02 2.3172e+02 2.9676e-04
5.0903e+02 1.0670e+02 5.7858e+02 2.5489e+02 2.9647e-04
7.5087e+02 1.3274e+02 9.1787e+02 2.0608e+02 2.9590e-04
6.4613e+02 1.8890e+02 7.7146e+02 2.7477e+02 2.9104e-04
0.0000e+00 0.0000e+00 6.9920e+01 3.1046e+02 2.9048e-04
4.6432e+02 1.8788e+02 5.6102e+02 2.8236e+02 2.8963e-04
9.0453e+02 1.4634e+02 1.0729e+03 2.3910e+02 2.8895e-04
7.6208e+02 1.2060e+02 8.7678e+02 3.7500e+02 2.8850e-04
6.3754e+02 1.4144e+02 7.5830e+02 2.3262e+02 2.8793e-04
1.0843e+03 6.7531e+01 1.2420e+03 2.5069e+02 2.8568e-04
1.1439e+03 2.2517e+02 1.2383e+03 3.7500e+02 2.8434e-04
1.0462e+03 5.2131e+01 1.2420e+03 3.7500e+02 2.8376e-04
1.1831e+03 2.1489e+02 1.2420e+03 3.7500e+02 2.8359e-04
8.6359e+02 1.8612e+02 9.5214e+02 3.7500e+02 2.8303e-04
8.9779e+02 1.6125e+02 1.0796e+03 2.5512e+02 2.8213e-04
4.1174e+02 1.1285e+02 5.2068e+02 3.5566e+02 2.8130e-04
9.1888e+02 2.7313e+02 9.9808e+02 3.7500e+02 2.7936e-04
1.3826e+02 1.7724e+02 2.8827e+02 2.4143e+02 2.7917e-04
1.9737e+02 1.7955e+02 3.7609e+02 2.4765e+02 2.7914e-04
9.6265e+02 3.2512e+02 1.1511e+03 3.7500e+02 2.7705e-04
9.4813e+02 2.3255e+02 1.1372e+03 3.2118e+02 2.7518e-04
1.0986e+03 1.3107e+02 1.2420e+03 3.1112e+02 2.7517e-04

