7.5326e+01 1.7309e+02 1.3206e+02 2.8893e+02 9.8415e-01
6.9270e+01 1.6863e+02 1.3491e+02 3.0282e+02 9.1494e-01
6.4803e+01 1.7558e+02 1.1909e+02 2.8576e+02 8.4828e-01
8.6753e+01 1.7273e+02 1.4487e+02 2.8638e+02 8.4260e-01
6.6612e+01 1.7834e+02 1.4073e+02 2.6990e+02 7.9994e-01
4.9059e+01 1.6935e+02 1.5184e+02 2.8547e+02 6.9018e-01
7.1207e+01 1.6865e+02 1.2601e+02 2.7119e+02 6.4220e-01
5.8010e+01 1.7196e+02 1.0564e+02 2.8365e+02 3.9108e-01
5.5214e+01 1.6582e+02 1.2686e+02 3.1401e+02 3.2637e-01
7.0895e+01 1.7555e+02 1.4674e+02 2.5143e+02 3.1149e-01
5.5751e+02 1.7332e+02 5.7756e+02 1.8796e+02 2.2638e-01
9.1960e+01 1.7353e+02 1.4232e+02 2.6408e+02 2.0541e-01
6.1101e+01 1.8943e+02 1.6394e+02 2.4295e+02 1.9323e-01
7.7890e+01 1.7436e+02 1.4397e+02 3.1776e+02 1.4738e-01
3.2003e+01 1.7554e+02 1.8170e+02 2.5222e+02 1.3920e-01
2.5396e+01 1.8170e+02 1.7529e+02 2.6915e+02 1.2131e-01
9.8008e+01 1.8100e+02 1.5005e+02 2.8286e+02 9.5364e-02
5.3037e+01 1.7432e+02 9.5917e+01 2.8894e+02 8.5421e-02
5.9680e+02 1.7308e+02 6.2094e+02 1.8758e+02 8.2132e-02
8.5818e+01 1.6411e+02 1.5633e+02 2.9445e+02 6.0681e-02
4.9201e+01 1.9310e+02 1.6167e+02 2.5640e+02 5.6785e-02
5.9841e+02 1.7473e+02 6.1928e+02 1.9033e+02 5.2890e-02
7.1335e+01 1.5428e+02 1.4748e+02 2.8106e+02 4.9793e-02
3.2204e+01 1.6636e+02 2.1370e+02 2.3279e+02 4.7203e-02
7.3221e+01 1.8472e+02 1.5156e+02 2.7964e+02 4.5721e-02
5.0593e+01 1.8256e+02 1.5159e+02 2.3265e+02 3.9696e-02
1.1386e+02 1.8258e+02 2.2107e+02 2.1832e+02 3.8402e-02
5.5430e+02 1.7517e+02 5.7689e+02 1.8939e+02 3.4187e-02
5.6543e+01 1.8824e+02 1.3257e+02 2.7949e+02 3.2052e-02
3.4232e+01 1.6314e+02 1.5636e+02 2.6082e+02 2.9386e-02
6.0740e+01 1.6861e+02 1.3353e+02 2.4932e+02 2.6360e-02
8.6916e+01 1.6957e+02 1.3447e+02 2.5281e+02 2.3310e-02
5.5127e+02 1.7365e+02 5.7231e+02 1.8927e+02 2.1625e-02
6.9778e+01 1.8099e+02 1.1100e+02 2.9556e+02 2.0656e-02
7.0061e+01 1.8646e+02 1.8158e+02 2.3063e+02 1.9783e-02
3.2815e+01 1.6215e+02 1.0616e+02 3.1566e+02 1.9433e-02
5.6085e+02 1.6942e+02 5.7417e+02 1.9163e+02 1.6832e-02
5.9153e+02 1.7267e+02 6.1688e+02 1.8749e+02 1.6343e-02
6.4843e+01 1.8273e+02 1.6239e+02 2.2602e+02 1.6062e-02
4.1547e+01 1.7350e+02 2.3132e+02 2.4572e+02 1.5869e-02
1.4252e+02 2.0036e+02 2.0158e+02 2.2059e+02 1.4905e-02
1.1491e+02 1.8772e+02 2.2383e+02 2.2514e+02 1.4099e-02
4.4715e+01 1.7693e+02 8.8666e+01 2.8776e+02 1.3354e-02
0.0000e+00 1.1737e+02 3.2878e+01 3.0824e+02 1.2017e-02
1.0312e+02 1.7200e+02 1.4753e+02 2.5860e+02 1.0508e-02
1.4230e+02 1.9670e+02 2.0134e+02 2.1691e+02 1.0447e-02
5.0206e+01 1.4736e+02 1.2265e+02 2.9116e+02 1.0339e-02
5.9295e+02 1.7039e+02 6.2097e+02 1.8585e+02 1.0334e-02
5.6688e+01 1.6329e+02 2.5120e+02 2.2595e+02 1.0043e-02
1.0250e+01 1.7241e+02 1.2846e+02 2.9075e+02 9.6566e-03
6.6966e+01 1.6350e+02 1.1536e+02 2.5259e+02 9.3100e-03
1.3580e+02 1.8485e+02 1.9733e+02 2.0454e+02 9.2461e-03
1.0496e+02 1.7509e+02 2.1591e+02 2.1171e+02 8.6446e-03
5.9032e+02 1.7593e+02 6.1516e+02 1.9033e+02 7.8046e-03
8.0838e+01 1.8114e+02 1.9512e+02 2.2139e+02 7.7349e-03
0.0000e+00 2.8147e+02 3.0341e+01 3.7500e+02 7.1924e-03
0.0000e+00 1.5724e+02 1.6966e+01 2.6383e+02 7.1257e-03
0.0000e+00 1.8724e+02 7.6955e+00 2.3959e+02 6.8849e-03
7.8755e+01 1.7840e+02 1.6642e+02 2.4409e+02 6.7270e-03
1.4057e+02 1.8806e+02 2.0128e+02 2.0801e+02 5.9404e-03
1.4115e+02 1.9252e+02 2.0184e+02 2.1254e+02 5.8426e-03
1.2259e+03 1.5295e+02 1.2420e+03 2.6654e+02 5.8208e-03
1.4317e+01 1.5210e+02 8.8735e+01 3.2729e+02 5.7756e-03
0.0000e+00 4.6570e+00 1.4820e+02 3.7500e+02 5.5657e-03
4.8414e+01 1.7986e+02 1.2534e+02 2.7144e+02 5.2394e-03
0.0000e+00 1.6546e+02 1.8368e+02 2.3767e+02 5.1675e-03
0.0000e+00 1.7437e+02 7.9058e+00 2.2729e+02 5.1344e-03
1.1113e+03 1.3695e+02 1.1582e+03 1.5893e+02 5.0916e-03
5.5926e+02 1.7064e+02 5.8245e+02 1.8566e+02 5.0219e-03
0.0000e+00 7.8005e+01 6.9248e+01 3.7500e+02 5.0006e-03
0.0000e+00 9.2379e+01 3.1477e+01 2.7381e+02 4.6181e-03
5.6407e+02 1.7300e+02 5.8972e+02 1.8762e+02 4.5873e-03
5.8921e+02 1.7198e+02 6.1181e+02 1.8856e+02 4.4007e-03
0.0000e+00 9.2680e+01 2.1281e+02 3.7500e+02 4.2306e-03
5.9971e+02 1.7724e+02 6.2037e+02 1.9176e+02 4.1942e-03
1.1092e+03 1.4023e+02 1.1545e+03 1.6208e+02 4.1171e-03
1.3323e+02 1.8154e+02 1.9299e+02 2.0112e+02 4.0685e-03
3.5490e+01 2.0483e+02 1.5867e+02 2.5907e+02 4.0644e-03
3.8418e+01 1.1846e+02 1.7349e+02 3.7500e+02 4.0588e-03
1.2010e+03 2.8781e+02 1.2420e+03 3.7500e+02 4.0261e-03
1.7115e+01 2.2337e+02 7.2600e+01 2.4708e+02 3.9424e-03
2.0275e+02 1.5750e+02 2.5982e+02 1.7722e+02 3.8941e-03
6.0197e+02 1.6993e+02 6.1576e+02 1.9540e+02 3.8216e-03
0.0000e+00 1.5022e+02 4.7947e+01 2.6538e+02 3.7329e-03
0.0000e+00 1.5194e+02 3.2566e+01 3.4112e+02 3.6099e-03
6.4052e+01 1.5273e+02 2.5008e+02 2.1229e+02 3.5222e-03
3.6282e+01 1.8429e+02 7.9639e+01 2.8636e+02 3.4879e-03
1.1037e+03 1.3309e+02 1.1519e+03 1.5442e+02 3.4443e-03
1.6933e+01 2.1957e+02 7.1706e+01 2.4232e+02 3.4359e-03
1.3776e+02 2.0339e+02 1.9820e+02 2.2319e+02 3.3753e-03
0.0000e+00 1.2674e+02 7.1341e+01 3.1740e+02 3.3416e-03
0.0000e+00 1.0788e+02 2.9636e+02 3.7500e+02 3.2509e-03
6.1004e+01 1.5420e+02 2.1151e+02 2.4469e+02 3.0250e-03
0.0000e+00 1.6196e+02 7.3029e+01 2.5232e+02 3.0197e-03
1.1881e+03 3.1941e+02 1.2420e+03 3.7500e+02 3.0082e-03
9.2398e+01 1.8619e+02 2.0927e+02 2.2562e+02 2.9865e-03
1.1570e+03 1.7879e+02 1.2420e+03 3.7500e+02 2.9758e-03
2.0007e+01 2.2670e+02 7.6233e+01 2.5117e+02 2.9707e-03
1.9522e+01 1.6861e+02 6.2199e+01 2.6808e+02 2.9541e-03
0.0000e+00 2.1741e+02 7.4519e+00 2.7325e+02 2.9141e-03
1.6150e+01 2.3062e+02 7.3097e+01 2.5465e+02 2.9022e-03
0.0000e+00 1.9799e+02 7.4332e+00 2.5242e+02 2.8548e-03
6.0413e+02 1.7115e+02 6.1809e+02 1.9591e+02 2.8234e-03
0.0000e+00 1.3305e+02 1.6823e+01 2.4184e+02 2.7986e-03
1.0891e+03 0.0000e+00 1.2420e+03 3.7500e+02 2.7919e-03
3.7122e+01 2.1525e+02 5.9875e+01 2.7157e+02 2.7872e-03
0.0000e+00 1.8198e+02 1.6538e+01 2.8838e+02 2.7809e-03
1.2229e+03 3.3283e+02 1.2420e+03 3.7500e+02 2.7731e-03
2.0689e+02 1.6033e+02 2.6176e+02 1.8059e+02 2.7495e-03
1.1648e+01 1.6532e+02 5.4721e+01 2.6973e+02 2.7342e-03
1.2259e+03 1.3347e+02 1.2420e+03 2.3847e+02 2.7229e-03
2.8359e+01 1.8752e+02 7.2010e+01 2.8303e+02 2.7134e-03
4.1115e+01 2.1162e+02 6.3184e+01 2.6698e+02 2.7074e-03
1.1148e+03 1.3996e+02 1.1626e+03 1.6340e+02 2.6934e-03
5.7953e+02 1.7323e+02 6.0752e+02 1.8780e+02 2.6820e-03
0.0000e+00 1.0921e+02 1.4973e+02 2.8162e+02 2.6456e-03
1.2366e+03 1.7293e+02 1.2420e+03 2.3135e+02 2.5773e-03
5.6010e+02 1.7117e+02 5.7385e+02 1.9741e+02 2.5728e-03
1.0149e+02 1.5909e+02 2.7744e+02 2.1933e+02 2.5534e-03
8.1864e+01 1.7416e+02 1.9579e+02 2.1213e+02 2.5401e-03
0.0000e+00 3.1769e+02 4.1970e+01 3.7500e+02 2.5317e-03
5.5082e+02 1.7774e+02 5.7544e+02 1.9202e+02 2.5286e-03
8.0016e+01 2.0327e+02 1.0587e+02 2.6981e+02 2.4749e-03
0.0000e+00 1.4766e+02 6.9718e+01 2.3649e+02 2.4723e-03
1.0543e+03 1.5725e+02 1.1001e+03 1.7650e+02 2.4708e-03
5.6353e+02 1.7016e+02 5.7591e+02 1.9120e+02 2.4666e-03
1.1003e+03 1.3699e+02 1.1487e+03 1.5796e+02 2.4472e-03
1.9283e+01 1.8747e+02 6.4123e+01 2.8507e+02 2.3956e-03
1.5202e+02 1.9568e+02 2.1201e+02 2.1675e+02 2.3937e-03
0.0000e+00 9.5770e+01 9.3483e+01 3.0517e+02 2.3913e-03
0.0000e+00 1.7773e+02 2.4117e+01 2.4035e+02 2.3893e-03
0.0000e+00 1.1575e+02 5.1780e+01 3.1359e+02 2.3809e-03
0.0000e+00 1.9346e+02 5.6048e+01 3.7500e+02 2.3661e-03
5.4547e+01 1.6454e+02 9.2516e+01 2.6384e+02 2.2878e-03
0.0000e+00 1.3579e+02 1.4358e+02 3.1102e+02 2.2612e-03
1.0580e+02 1.6810e+02 2.1309e+02 2.0371e+02 2.2575e-03
1.4995e+02 1.8574e+02 2.0850e+02 2.0504e+02 2.2342e-03
1.9808e+01 2.1622e+02 7.4238e+01 2.3885e+02 2.2286e-03
0.0000e+00 1.8247e+02 3.4530e+01 2.3198e+02 2.2135e-03
1.2041e+03 1.8051e+02 1.2420e+03 3.7500e+02 2.1851e-03
1.2056e+03 1.1483e+02 1.2420e+03 3.2289e+02 2.1607e-03
5.4703e+02 1.7579e+02 5.7205e+02 1.9015e+02 2.1473e-03
1.0325e+02 1.5148e+02 1.7805e+02 2.9605e+02 2.1461e-03
1.2432e+02 1.7471e+02 2.3897e+02 2.1180e+02 2.1296e-03
3.3488e+01 2.0451e+02 5.5310e+01 2.5852e+02 2.1215e-03
5.5341e+02 1.6956e+02 5.7832e+02 1.8667e+02 2.1077e-03
1.0405e+03 1.5702e+02 1.0885e+03 1.7667e+02 2.1047e-03
4.1555e+00 1.8597e+02 2.1352e+01 2.4413e+02 2.0875e-03
1.2199e+03 3.5300e+02 1.2420e+03 3.7500e+02 2.0824e-03
0.0000e+00 1.7857e+02 7.6262e+01 2.6773e+02 2.0803e-03
1.0494e+03 1.5317e+02 1.0958e+03 1.7405e+02 2.0583e-03
9.9530e+01 1.4817e+02 2.7716e+02 2.0931e+02 2.0495e-03
3.4016e+01 1.3824e+02 1.0325e+02 2.8439e+02 2.0465e-03
0.0000e+00 3.2665e+02 1.4971e+01 3.7500e+02 2.0383e-03
2.9475e+01 2.1575e+02 5.1447e+01 2.7120e+02 2.0377e-03
5.8063e+00 1.5555e+02 4.4700e+01 2.6389e+02 2.0300e-03
1.1556e+02 2.1436e+02 1.4073e+02 2.6561e+02 2.0299e-03
5.7944e+02 1.7613e+02 6.0636e+02 1.9031e+02 1.9694e-03
1.3490e+02 1.8148e+02 2.4673e+02 2.2016e+02 1.9561e-03
1.2779e+02 1.8729e+02 1.9254e+02 2.0875e+02 1.9187e-03
1.2189e+03 1.6501e+02 1.2420e+03 2.2250e+02 1.9051e-03
1.2133e+03 1.6949e+02 1.2420e+03 2.1451e+02 1.9025e-03
5.8479e+02 1.7587e+02 6.1020e+02 1.8997e+02 1.9000e-03
1.0994e+01 1.8218e+02 5.6150e+01 2.8742e+02 1.8819e-03
1.2243e+03 9.3637e+01 1.2420e+03 1.9538e+02 1.8809e-03
1.0542e+03 1.6159e+02 1.0980e+03 1.7931e+02 1.8689e-03
1.5206e+02 1.9942e+02 2.1254e+02 2.2071e+02 1.8636e-03
0.0000e+00 1.9695e+02 1.0656e+01 2.2712e+02 1.8406e-03
3.6893e+01 2.0476e+02 5.9611e+01 2.5914e+02 1.8298e-03
1.1766e+03 1.0235e+02 1.1938e+03 1.6085e+02 1.8290e-03
0.0000e+00 2.1078e+02 9.1267e+01 2.5512e+02 1.8037e-03
2.8306e+01 1.7027e+02 6.9073e+01 2.6650e+02 1.7978e-03
1.1075e+03 1.2905e+02 1.1550e+03 1.5107e+02 1.7766e-03
1.5002e+01 1.2714e+02 8.4093e+01 2.8989e+02 1.7557e-03
1.2051e+03 6.7804e+01 1.2420e+03 2.5182e+02 1.7554e-03
1.1274e+03 2.4852e+02 1.2420e+03 3.7500e+02 1.7495e-03
1.1795e+03 1.0258e+02 1.1977e+03 1.6526e+02 1.7297e-03
1.4945e+02 2.0304e+02 2.0788e+02 2.2334e+02 1.7169e-03
0.0000e+00 1.6261e+02 7.5263e+00 2.1659e+02 1.6979e-03
2.4861e+01 2.1439e+02 4.7981e+01 2.7178e+02 1.6977e-03
0.0000e+00 1.9587e+02 1.6200e+02 2.7585e+02 1.6944e-03
7.3788e+01 1.8844e+02 1.1910e+02 3.0149e+02 1.6940e-03
1.0218e+02 2.4211e+02 1.6054e+02 2.6831e+02 1.6892e-03
0.0000e+00 1.5122e+02 2.6361e+01 2.7030e+02 1.6887e-03
1.2120e+03 1.6208e+02 1.2420e+03 2.0634e+02 1.6814e-03
1.1032e+03 1.2496e+02 1.1520e+03 1.4701e+02 1.6701e-03
1.0366e+03 1.5329e+02 1.0852e+03 1.7374e+02 1.6667e-03
3.5578e+01 1.8823e+02 1.4608e+02 2.4154e+02 1.6511e-03
1.1282e+02 1.7005e+02 1.5734e+02 2.6506e+02 1.6050e-03
1.5320e+02 1.9231e+02 2.1295e+02 2.1242e+02 1.5935e-03
1.2257e+03 1.6962e+02 1.2420e+03 2.9854e+02 1.5815e-03
1.0853e+03 2.6088e+02 1.2420e+03 3.7500e+02 1.5693e-03
1.2137e+03 3.5586e+02 1.2420e+03 3.7500e+02 1.5630e-03
1.2376e+03 1.6111e+02 1.2420e+03 2.1796e+02 1.5616e-03
8.2512e+00 9.2296e+01 1.5378e+02 3.7500e+02 1.5596e-03
1.1004e+03 1.4083e+02 1.1477e+03 1.6229e+02 1.5572e-03
1.2247e+03 1.1801e+02 1.2420e+03 2.1987e+02 1.5399e-03
0.0000e+00 1.8436e+02 1.0974e+01 2.1537e+02 1.5144e-03
0.0000e+00 2.0225e+02 8.9205e+01 2.4614e+02 1.5097e-03
8.0933e+01 1.8965e+02 1.2710e+02 2.9606e+02 1.4998e-03
0.0000e+00 1.9435e+02 8.8581e+01 2.3766e+02 1.4968e-03
0.0000e+00 1.6153e+02 2.3599e+01 2.2460e+02 1.4782e-03
1.1099e+03 1.4413e+02 1.1546e+03 1.6568e+02 1.4766e-03
1.0456e+03 1.6136e+02 1.0905e+03 1.7959e+02 1.4703e-03
3.0022e+01 2.0425e+02 5.1279e+01 2.5939e+02 1.4601e-03
1.0848e+00 1.8447e+02 1.7648e+01 2.4502e+02 1.4531e-03
5.5132e+02 1.6968e+02 5.7339e+02 1.8780e+02 1.4471e-03
1.6850e+01 2.1228e+02 6.9088e+01 2.3521e+02 1.4296e-03
6.0344e+02 1.7407e+02 6.2867e+02 1.8863e+02 1.4273e-03
0.0000e+00 1.2384e+02 4.2977e+01 2.3191e+02 1.4206e-03
1.0897e+02 2.0875e+02 1.3841e+02 2.6675e+02 1.4153e-03
5.6259e+00 1.7118e+02 4.6916e+01 2.8157e+02 1.4103e-03
4.4414e+01 1.8403e+02 2.2020e+02 2.6174e+02 1.4051e-03
4.4263e+01 2.1416e+02 6.6503e+01 2.7103e+02 1.4028e-03
6.0257e+02 1.7692e+02 6.2805e+02 1.9115e+02 1.3994e-03
5.8298e+02 1.6970e+02 6.1191e+02 1.8496e+02 1.3985e-03
4.0773e+01 1.8096e+02 1.3943e+02 2.2361e+02 1.3940e-03
9.8311e+02 0.0000e+00 1.2420e+03 1.2589e+02 1.3864e-03
1.0061e+03 1.5755e+02 1.0502e+03 1.7748e+02 1.3857e-03
3.8834e+00 2.1850e+02 1.0063e+02 2.6205e+02 1.3660e-03
0.0000e+00 2.5683e+02 9.4574e+01 3.7500e+02 1.3520e-03
3.6790e+01 1.7066e+02 7.6920e+01 2.6983e+02 1.3388e-03
1.1147e+03 1.3275e+02 1.1634e+03 1.5553e+02 1.3300e-03
0.0000e+00 1.8710e+02 8.7919e+01 2.2828e+02 1.3227e-03
0.0000e+00 1.5692e+02 3.6434e+01 2.7744e+02 1.3133e-03
1.2118e+03 1.2853e+02 1.2420e+03 1.7430e+02 1.3075e-03
1.2217e+03 1.7805e+02 1.2420e+03 2.3933e+02 1.3029e-03
0.0000e+00 1.6575e+02 3.3597e+01 2.1616e+02 1.3016e-03
1.2523e+02 1.9385e+02 2.2852e+02 2.2905e+02 1.3012e-03
5.9942e+02 1.6938e+02 6.1265e+02 1.9588e+02 1.2971e-03
5.9227e+02 1.7868e+02 6.1793e+02 1.9186e+02 1.2960e-03
0.0000e+00 1.7127e+02 1.3976e+02 2.5500e+02 1.2896e-03
1.2111e+03 1.5365e+02 1.2420e+03 1.9755e+02 1.2895e-03
1.2371e+03 1.8429e+02 1.2420e+03 2.4324e+02 1.2732e-03
5.7544e+02 1.7648e+02 6.0240e+02 1.8968e+02 1.2717e-03
0.0000e+00 1.5890e+02 1.0315e+02 2.7218e+02 1.2558e-03
1.2116e+03 1.2068e+02 1.2420e+03 1.6624e+02 1.2510e-03
1.2035e+03 0.0000e+00 1.2420e+03 8.0314e+01 1.2434e-03
6.2063e+01 1.6440e+02 1.0274e+02 2.4626e+02 1.2424e-03
5.9922e+02 1.7109e+02 6.2383e+02 1.8579e+02 1.2235e-03
1.2924e+02 1.9973e+02 1.9118e+02 2.2074e+02 1.2221e-03
1.2374e+03 1.2917e+02 1.2420e+03 1.8449e+02 1.2041e-03
0.0000e+00 2.0462e+02 1.0487e+01 2.3526e+02 1.2039e-03
0.0000e+00 1.8612e+02 1.2799e+01 2.4375e+02 1.1975e-03
1.5389e+02 1.8882e+02 2.1371e+02 2.0849e+02 1.1889e-03
2.8390e+01 2.2107e+02 6.6531e+01 2.5715e+02 1.1877e-03
6.6873e+00 1.8782e+02 2.5744e+01 2.4923e+02 1.1870e-03
0.0000e+00 3.5702e+02 6.9001e+00 3.7500e+02 1.1854e-03
1.0919e+02 1.8337e+02 1.5590e+02 2.8441e+02 1.1797e-03
1.1141e+03 1.2416e+02 1.1652e+03 1.4709e+02 1.1791e-03
0.0000e+00 2.2936e+01 5.9714e+01 3.3509e+02 1.1781e-03
0.0000e+00 1.9356e+02 2.2738e+01 2.5580e+02 1.1662e-03
0.0000e+00 3.2654e+02 5.6192e+01 3.7500e+02 1.1603e-03
1.0284e+03 1.5681e+02 1.0768e+03 1.7641e+02 1.1582e-03
1.2372e+03 1.0817e+02 1.2420e+03 1.6499e+02 1.1560e-03
1.2235e+03 1.9959e+02 1.2420e+03 3.2766e+02 1.1530e-03
6.1044e+01 2.0758e+02 1.7283e+02 2.6656e+02 1.1507e-03
1.1702e+03 0.0000e+00 1.2420e+03 3.2616e+01 1.1470e-03
0.0000e+00 2.6498e+02 1.4565e+02 3.7500e+02 1.1461e-03
1.1736e+03 1.0329e+02 1.1903e+03 1.5885e+02 1.1437e-03
1.9879e+01 2.3399e+02 7.7058e+01 2.5819e+02 1.1397e-03
0.0000e+00 1.9967e+02 1.3935e+01 2.2413e+02 1.1301e-03
6.0632e+00 1.8855e+02 7.3051e+01 2.4594e+02 1.1296e-03
0.0000e+00 1.9820e+02 3.5307e+01 2.4749e+02 1.1260e-03
0.0000e+00 1.8730e+02 1.4331e+01 2.1268e+02 1.1199e-03
1.0253e+03 7.9699e+01 1.2420e+03 3.7500e+02 1.1090e-03
2.0755e+02 1.6438e+02 2.6244e+02 1.8394e+02 1.0982e-03
6.0730e+00 2.0421e+02 7.6290e+01 2.6386e+02 1.0978e-03
9.2449e+01 1.9108e+02 1.3462e+02 2.9350e+02 1.0920e-03
1.1149e+03 1.2840e+02 1.1642e+03 1.5156e+02 1.0846e-03
1.2383e+03 1.5283e+02 1.2420e+03 2.0803e+02 1.0830e-03
0.0000e+00 2.0360e+02 1.4017e+01 2.2890e+02 1.0828e-03
1.2729e+02 1.9120e+02 1.9184e+02 2.1259e+02 1.0687e-03
1.2882e+02 1.9554e+02 1.9146e+02 2.1680e+02 1.0637e-03
5.9648e+02 1.6642e+02 6.2157e+02 1.8456e+02 1.0634e-03
7.7981e+01 1.8824e+02 1.0708e+02 2.6208e+02 1.0621e-03
9.4073e+00 2.2728e+02 6.5419e+01 2.5145e+02 1.0547e-03
1.0305e+03 0.0000e+00 1.2420e+03 1.7650e+02 1.0546e-03
0.0000e+00 1.4422e+02 1.9096e+02 3.3602e+02 1.0472e-03
2.5323e+01 2.1802e+02 6.2744e+01 2.5293e+02 1.0388e-03
1.9764e+02 1.5436e+02 2.5717e+02 1.7410e+02 1.0368e-03
1.9429e+02 1.6047e+02 2.5470e+02 1.8016e+02 1.0207e-03
8.4583e+01 1.9940e+02 1.5256e+02 2.8329e+02 1.0180e-03
0.0000e+00 1.0807e+02 1.6577e+01 2.2042e+02 1.0103e-03
1.2195e+03 1.2356e+02 1.2420e+03 1.8081e+02 1.0089e-03
1.2142e+03 1.8400e+02 1.2420e+03 2.2955e+02 1.0042e-03
1.1832e+03 1.0255e+02 1.2017e+03 1.6482e+02 9.8594e-04
1.2370e+03 1.2042e+02 1.2420e+03 1.7727e+02 9.8351e-04
8.3092e+01 1.6725e+02 1.9300e+02 2.0391e+02 9.7824e-04
1.1570e+03 1.1979e+00 1.2420e+03 3.7500e+02 9.7458e-04
1.3379e+02 1.7825e+02 1.9185e+02 1.9697e+02 9.7320e-04
0.0000e+00 1.7730e+02 1.0957e+01 2.0691e+02 9.7184e-04
1.1583e+03 0.0000e+00 1.2420e+03 1.7028e+02 9.6710e-04
0.0000e+00 1.9179e+02 1.3748e+01 2.1650e+02 9.6628e-04
1.2246e+01 1.5301e+02 5.2122e+01 2.5210e+02 9.6553e-04
0.0000e+00 1.3446e+02 6.4963e+01 2.2094e+02 9.6487e-04
6.9993e+00 1.5228e+02 1.2789e+02 2.5227e+02 9.6041e-04
2.4742e+01 2.2524e+02 6.3323e+01 2.6129e+02 9.6032e-04
0.0000e+00 0.0000e+00 3.2451e+01 8.1341e+01 9.5677e-04
1.2232e+03 2.2242e+02 1.2420e+03 3.5077e+02 9.5496e-04
3.3965e+01 2.1668e+02 5.5087e+01 2.7321e+02 9.4806e-04
0.0000e+00 8.0764e+01 1.4397e+02 2.4667e+02 9.4094e-04
2.7782e+01 2.1388e+02 6.6002e+01 2.4859e+02 9.3724e-04
0.0000e+00 2.0645e+02 3.3962e+01 2.5627e+02 9.3562e-04
9.6526e+01 2.3717e+02 1.6581e+02 2.6499e+02 9.3388e-04
1.4494e+02 1.8164e+02 2.0196e+02 2.0108e+02 9.3000e-04
2.9469e+01 1.8941e+02 1.4128e+02 3.0913e+02 9.2423e-04
1.2098e+03 1.4480e+02 1.2420e+03 1.8957e+02 9.2342e-04
3.1339e+01 2.2492e+02 7.0465e+01 2.6106e+02 9.2279e-04
1.2186e+03 1.4882e+02 1.2420e+03 2.0503e+02 9.2077e-04
5.7503e+02 1.7170e+02 6.0044e+02 1.8744e+02 9.1495e-04
6.0129e+02 1.6563e+02 6.1783e+02 1.9217e+02 9.0424e-04
1.0502e+03 1.6584e+02 1.0934e+03 1.8378e+02 9.0066e-04
6.1162e+01 1.3115e+02 1.3435e+02 2.6896e+02 9.0062e-04
1.1879e+02 1.5696e+02 2.3300e+02 1.9393e+02 9.0049e-04
1.1781e+03 1.1357e+02 1.2420e+03 2.0211e+02 8.9789e-04
0.0000e+00 1.8354e+02 4.6039e+01 2.9564e+02 8.9113e-04
2.5793e+01 2.0275e+02 4.7747e+01 2.6040e+02 8.7697e-04
9.4078e+02 1.0736e+02 1.2420e+03 3.7500e+02 8.7348e-04
5.5587e+02 1.6853e+02 5.6897e+02 1.9526e+02 8.7345e-04
0.0000e+00 2.8967e+02 4.8455e+01 3.7500e+02 8.7282e-04
1.2518e+02 1.6674e+02 2.3948e+02 2.0324e+02 8.7220e-04
1.0369e+03 1.6170e+02 1.0840e+03 1.8002e+02 8.6470e-04
4.0025e+01 1.8724e+02 1.1146e+02 2.7742e+02 8.6003e-04
2.5020e+01 1.9133e+02 4.6927e+01 2.4309e+02 8.5294e-04
1.6728e+02 1.5475e+02 2.7852e+02 1.9530e+02 8.4517e-04
1.1145e+03 1.3760e+02 1.1486e+03 1.6402e+02 8.4465e-04
1.0596e+03 1.5317e+02 1.1037e+03 1.7423e+02 8.4214e-04
1.1049e+03 0.0000e+00 1.2420e+03 6.0700e+01 8.4174e-04
1.2308e+02 1.7771e+02 2.0879e+02 2.2064e+02 8.3211e-04
1.2261e+03 0.0000e+00 1.2420e+03 4.8066e+01 8.2364e-04
2.6545e+01 1.5318e+02 2.0535e+02 2.1804e+02 8.1758e-04
5.9926e+02 1.7940e+02 6.2526e+02 1.9214e+02 8.1500e-04
5.6208e+01 1.0560e+02 2.0049e+02 3.5847e+02 8.1498e-04
1.0964e+03 1.2869e+02 1.1449e+03 1.5100e+02 8.1479e-04
1.0199e+03 1.5658e+02 1.1099e+03 1.9243e+02 8.1173e-04
1.0297e+03 1.5347e+02 1.0765e+03 1.7324e+02 8.1052e-04
1.5443e+02 1.9281e+02 1.9447e+02 2.2009e+02 8.0645e-04
0.0000e+00 6.1683e+01 2.9725e+01 2.4431e+02 8.0464e-04
1.2125e+03 1.1282e+02 1.2420e+03 1.5857e+02 7.9971e-04
3.8073e+00 1.9387e+02 2.1454e+01 2.5846e+02 7.9812e-04
1.0115e+01 2.1554e+02 6.4429e+01 2.3879e+02 7.9522e-04
7.0048e+01 1.7650e+02 1.7485e+02 2.1461e+02 7.9286e-04
0.0000e+00 2.1478e+02 3.5098e+01 2.6427e+02 7.9264e-04
0.0000e+00 1.9498e+02 7.1266e+01 2.8253e+02 7.8901e-04
1.2380e+03 1.3796e+02 1.2420e+03 1.9122e+02 7.8850e-04
1.1907e+02 1.5026e+02 2.3108e+02 1.8722e+02 7.8805e-04
7.7551e+01 1.7385e+02 2.6121e+02 2.3746e+02 7.8748e-04
2.1790e+01 1.9072e+02 4.2786e+01 2.4350e+02 7.7819e-04
9.2806e+00 2.3404e+02 6.4921e+01 2.5779e+02 7.6883e-04
2.4587e+01 2.1056e+02 6.1010e+01 2.4409e+02 7.6866e-04
0.0000e+00 6.8407e+01 8.8422e+01 2.6799e+02 7.6833e-04
0.0000e+00 2.2828e+02 1.0130e+01 2.5882e+02 7.6223e-04
1.5001e+02 1.9689e+02 1.9233e+02 2.2347e+02 7.6176e-04
1.0463e+01 1.8749e+02 2.9875e+01 2.4796e+02 7.5809e-04
1.2112e+03 1.4932e+02 1.2405e+03 2.8801e+02 7.5665e-04
2.1007e+01 2.2168e+02 5.8590e+01 2.5719e+02 7.5634e-04
0.0000e+00 1.5999e+02 1.3844e+02 2.3541e+02 7.4899e-04
4.6420e+01 1.6272e+02 8.4171e+01 2.6365e+02 7.4865e-04
0.0000e+00 1.7208e+02 1.2931e+01 2.3158e+02 7.4720e-04
1.1816e+03 0.0000e+00 1.2420e+03 4.2518e+01 7.4229e-04
1.1917e+03 1.0458e+02 1.2420e+03 2.1413e+02 7.4108e-04
1.1093e+03 1.3452e+02 1.1460e+03 1.6032e+02 7.2779e-04
1.2356e+03 1.7627e+02 1.2420e+03 2.0828e+02 7.2743e-04
0.0000e+00 3.4938e+02 2.2173e+01 3.7500e+02 7.1855e-04
0.0000e+00 1.5588e+02 2.5130e+02 3.0326e+02 7.1794e-04
1.2351e+03 1.8417e+02 1.2420e+03 2.1608e+02 7.1488e-04
6.0909e-01 1.8158e+02 6.3608e+01 2.3854e+02 7.0961e-04
1.1779e+03 1.2971e+02 1.2420e+03 2.1869e+02 7.0874e-04
0.0000e+00 1.9484e+02 6.8055e+01 2.5647e+02 7.0853e-04
1.2013e+02 2.2071e+02 1.4275e+02 2.7127e+02 7.0831e-04
1.8822e+01 1.8952e+02 3.8548e+01 2.4527e+02 7.0751e-04
9.5147e+01 1.5852e+02 2.0716e+02 1.9469e+02 6.9903e-04
1.1448e+01 1.9644e+02 8.0771e+01 2.5661e+02 6.9760e-04
1.0590e+01 2.0426e+02 6.0843e+01 2.2742e+02 6.9415e-04
0.0000e+00 0.0000e+00 6.8366e+01 1.5025e+02 6.8615e-04
1.0185e+03 1.4961e+02 1.1119e+03 1.8481e+02 6.8358e-04
1.1559e+02 2.2441e+02 1.4068e+02 2.7654e+02 6.8204e-04
2.0716e+01 1.5727e+02 6.0106e+01 2.5057e+02 6.7817e-04
7.5196e+01 1.6444e+02 1.1968e+02 2.4417e+02 6.6955e-04
0.0000e+00 2.8774e+02 6.9473e+01 3.7500e+02 6.6888e-04
1.0494e+03 1.4970e+02 1.0959e+03 1.6998e+02 6.6824e-04
1.5941e+02 1.4855e+02 2.7196e+02 1.9011e+02 6.6254e-04
1.2045e+03 4.0937e+01 1.2420e+03 2.1669e+02 6.6050e-04
5.8975e+02 1.6564e+02 6.1956e+02 1.8204e+02 6.6001e-04
0.0000e+00 1.7988e+02 1.3781e+01 2.0450e+02 6.5575e-04
1.0194e+03 1.5666e+02 1.0673e+03 1.7621e+02 6.5548e-04
5.8765e+02 1.7907e+02 6.1382e+02 1.9264e+02 6.5056e-04
1.1792e+03 9.7634e+01 1.2420e+03 1.8759e+02 6.4708e-04
0.0000e+00 2.1015e+02 2.3610e+01 2.7259e+02 6.4321e-04
4.5634e-01 1.7192e+02 1.7471e+01 2.3383e+02 6.4221e-04
1.2512e+02 2.2750e+02 1.4662e+02 2.7321e+02 6.4214e-04
2.9116e+01 1.9423e+02 5.0765e+01 2.4735e+02 6.4118e-04
5.7526e+02 1.6979e+02 6.0353e+02 1.8504e+02 6.3947e-04
1.2144e+03 1.9228e+02 1.2420e+03 2.3762e+02 6.3497e-04
4.4176e+01 2.0178e+02 6.7020e+01 2.5950e+02 6.2899e-04
0.0000e+00 1.4560e+02 2.3305e+01 2.0923e+02 6.2879e-04
0.0000e+00 1.4935e+02 7.4805e+00 2.0492e+02 6.2240e-04
7.6352e-01 1.8205e+02 9.3573e+01 2.2054e+02 6.2191e-04
0.0000e+00 1.8592e+02 3.0173e+01 3.7500e+02 6.1886e-04
1.2239e+03 2.4845e+02 1.2420e+03 3.7137e+02 6.1850e-04
1.6616e+01 2.2502e+02 5.5213e+01 2.6171e+02 6.1847e-04
1.2157e+03 1.4543e+02 1.2420e+03 2.6909e+02 6.1692e-04
1.1171e+03 1.3457e+02 1.1529e+03 1.6169e+02 6.1682e-04
1.0402e+03 1.4968e+02 1.0877e+03 1.6990e+02 6.1642e-04
1.1783e+03 1.4542e+02 1.2420e+03 2.3461e+02 6.0898e-04
3.7845e+00 1.7208e+02 2.1579e+01 2.3265e+02 6.0861e-04
1.1245e+03 0.0000e+00 1.2420e+03 8.4160e+01 6.0660e-04
1.2324e+03 1.4350e+02 1.2420e+03 1.6798e+02 6.0525e-04
1.0295e+03 1.6115e+02 1.0759e+03 1.7936e+02 6.0072e-04
1.1009e+03 1.4510e+02 1.1476e+03 1.6592e+02 5.9481e-04
4.1429e+01 2.0246e+02 6.2797e+01 2.5489e+02 5.9476e-04
5.4666e+02 1.7125e+02 5.7001e+02 1.8838e+02 5.9091e-04
1.1692e+03 1.0604e+02 1.1856e+03 1.6193e+02 5.8979e-04
1.0414e+03 1.6591e+02 1.0856e+03 1.8335e+02 5.8948e-04
5.4535e+02 1.7861e+02 5.7128e+02 1.9265e+02 5.8816e-04
1.2073e+03 1.1202e+02 1.2263e+03 1.8644e+02 5.8085e-04
1.0099e+03 1.5423e+02 1.0524e+03 1.7470e+02 5.7849e-04
1.4564e+02 1.9291e+02 1.8894e+02 2.2053e+02 5.7845e-04
1.0051e+02 1.9434e+02 1.4264e+02 2.9295e+02 5.7775e-04
1.0117e+03 1.6051e+02 1.0572e+03 1.7939e+02 5.7411e-04
1.0445e+02 1.9574e+02 1.3554e+02 2.6114e+02 5.7146e-04
1.1058e+03 1.2157e+02 1.1560e+03 1.4399e+02 5.6839e-04
2.1253e+01 2.1420e+02 5.8779e+01 2.4887e+02 5.6732e-04
5.1105e-01 1.9362e+02 1.7455e+01 2.5895e+02 5.6653e-04
1.1567e+02 1.9292e+02 1.5207e+02 2.9282e+02 5.6612e-04
1.2218e+03 1.9187e+02 1.2420e+03 2.5564e+02 5.6518e-04
1.3439e+02 1.4429e+02 3.0160e+02 2.0778e+02 5.6495e-04
1.2349e+03 1.4097e+02 1.2420e+03 1.7188e+02 5.6460e-04
1.2198e+03 1.0790e+02 1.2420e+03 1.6548e+02 5.6059e-04
1.0681e+02 1.9286e+02 2.1494e+02 2.3081e+02 5.6035e-04
1.4244e+02 1.8685e+02 2.5443e+02 2.2791e+02 5.6029e-04
2.4564e+01 2.3024e+02 8.2975e+01 2.5550e+02 5.5828e-04
1.0192e+02 1.6614e+02 1.7129e+02 3.2425e+02 5.5730e-04
5.1436e+00 2.3088e+02 6.0621e+01 2.5544e+02 5.5334e-04
1.0678e+01 2.0806e+02 6.2574e+01 2.3123e+02 5.5223e-04
5.2480e+01 1.4987e+02 1.9640e+02 2.3065e+02 5.5109e-04
0.0000e+00 2.1253e+02 1.0211e+01 2.4322e+02 5.5078e-04
1.0536e+02 1.7538e+02 1.9530e+02 2.2328e+02 5.4721e-04
8.4073e+01 1.9711e+02 1.1481e+02 2.6664e+02 5.4716e-04
0.0000e+00 2.5452e+02 2.6383e+01 3.7500e+02 5.4703e-04
0.0000e+00 2.1118e+02 1.3595e+01 2.3623e+02 5.4459e-04
0.0000e+00 0.0000e+00 2.2259e+02 1.5461e+02 5.3798e-04
1.4661e+01 1.8771e+02 3.4682e+01 2.4634e+02 5.3733e-04
1.2032e+03 1.1339e+02 1.2227e+03 1.8058e+02 5.3450e-04
1.2584e+02 1.8424e+02 1.8851e+02 2.0537e+02 5.3251e-04
1.1927e+03 1.3445e+02 1.2420e+03 2.4844e+02 5.3162e-04
3.2985e+01 1.9540e+02 5.4102e+01 2.4664e+02 5.2948e-04
4.8759e+01 1.7488e+02 1.2216e+02 2.3226e+02 5.2918e-04
1.5008e+02 1.8879e+02 1.9189e+02 2.1627e+02 5.2435e-04
9.9269e+02 1.5591e+02 1.0912e+03 1.9256e+02 5.2329e-04
4.9323e+01 1.7505e+02 1.5047e+02 2.1530e+02 5.2182e-04
1.2326e+03 1.7855e+02 1.2420e+03 2.0510e+02 5.2164e-04
1.2368e+03 0.0000e+00 1.2420e+03 2.4453e+01 5.2149e-04
1.1217e+03 1.3612e+02 1.1716e+03 1.5930e+02 5.2120e-04
1.1120e+03 1.3019e+02 1.1493e+03 1.5722e+02 5.1752e-04
0.0000e+00 0.0000e+00 3.0980e+02 1.4215e+02 5.1648e-04
2.1294e+02 1.5490e+02 3.1070e+02 1.9450e+02 5.1641e-04
1.5213e+01 2.0255e+02 1.8675e+02 2.8614e+02 5.1433e-04
8.6863e+01 1.7546e+02 1.8128e+02 2.2887e+02 5.1230e-04
1.2317e+03 1.3526e+02 1.2420e+03 1.5996e+02 5.1112e-04
8.2194e+01 1.7169e+02 1.0292e+02 2.2499e+02 5.1004e-04
1.2319e+03 1.2714e+02 1.2420e+03 1.5182e+02 5.0762e-04
4.7637e+01 1.2489e+02 1.1771e+02 2.6816e+02 5.0723e-04
0.0000e+00 2.3146e+02 1.3761e+01 2.5656e+02 5.0714e-04
1.1829e+03 1.6046e+02 1.2420e+03 2.5089e+02 5.0705e-04
1.0497e+03 1.7004e+02 1.0929e+03 1.8850e+02 5.0186e-04
1.1800e+03 8.0861e+01 1.2420e+03 1.7261e+02 5.0082e-04
9.6775e+02 1.6197e+02 1.0178e+03 1.8102e+02 5.0043e-04
9.7243e+02 1.4963e+02 1.0745e+03 1.8456e+02 5.0032e-04
1.2321e+03 1.8669e+02 1.2420e+03 2.1238e+02 4.9999e-04
1.2450e+01 2.8970e+02 8.6688e+01 3.7500e+02 4.9905e-04
1.2349e+03 1.2069e+02 1.2420e+03 1.5203e+02 4.9551e-04
6.5176e+01 1.6936e+02 1.9270e+02 2.7873e+02 4.9495e-04
1.0636e+03 1.5697e+02 1.1070e+03 1.7700e+02 4.9408e-04
1.1874e+03 1.0203e+02 1.2065e+03 1.6499e+02 4.9395e-04
1.0802e+03 1.2405e+02 1.1763e+03 1.6389e+02 4.9003e-04
6.0336e+02 1.6726e+02 6.2034e+02 1.9382e+02 4.8742e-04
0.0000e+00 1.4992e+02 3.2339e+01 2.0003e+02 4.8736e-04
0.0000e+00 1.4705e+02 8.8315e+01 3.6679e+02 4.8599e-04
1.0018e+03 1.6009e+02 1.0488e+03 1.8007e+02 4.8589e-04
1.4525e+02 1.8144e+02 1.8672e+02 2.0813e+02 4.8580e-04
1.2347e+03 1.2863e+02 1.2420e+03 1.6010e+02 4.8120e-04
0.0000e+00 1.3651e+02 2.6715e+02 2.7824e+02 4.7938e-04
0.0000e+00 1.8614e+02 5.6030e+01 2.4925e+02 4.7606e-04
1.1650e+03 1.0605e+02 1.1821e+03 1.6308e+02 4.7485e-04
7.5186e+00 2.0021e+02 5.6787e+01 2.2390e+02 4.7463e-04
6.5967e+01 1.9829e+02 1.4011e+02 2.9148e+02 4.7240e-04
1.2078e+03 2.4911e+02 1.2420e+03 3.7500e+02 4.6936e-04
0.0000e+00 1.9445e+02 1.2489e+01 2.5690e+02 4.6790e-04
1.2348e+03 3.5669e+02 1.2420e+03 3.7500e+02 4.6604e-04
1.2129e+03 1.9850e+02 1.2420e+03 2.4665e+02 4.6115e-04
1.1969e+03 1.4993e+02 1.2420e+03 2.6537e+02 4.6062e-04
1.1988e+03 2.2415e+02 1.2420e+03 3.5186e+02 4.5948e-04
1.0331e+02 2.2958e+02 1.5054e+02 2.6830e+02 4.5167e-04
1.1215e+03 1.3735e+02 1.1564e+03 1.6509e+02 4.5102e-04
7.6446e+01 1.9725e+02 1.0029e+02 2.7171e+02 4.4755e-04
2.1138e+01 2.0671e+02 5.7313e+01 2.4039e+02 4.4754e-04
1.1826e+03 2.8566e+02 1.2420e+03 3.7500e+02 4.4144e-04
1.0490e+03 1.7397e+02 1.0927e+03 1.9362e+02 4.4096e-04
5.3861e+02 1.7615e+02 5.6601e+02 1.9031e+02 4.4092e-04
8.5657e+01 1.7302e+02 1.0645e+02 2.2357e+02 4.3877e-04
9.4375e+02 1.2060e+02 1.1306e+03 1.9538e+02 4.3805e-04
5.9478e+02 1.6893e+02 6.0812e+02 1.9815e+02 4.3721e-04
0.0000e+00 1.2492e+02 2.6291e+01 2.5315e+02 4.3389e-04
4.9770e+01 1.9696e+02 1.1963e+02 2.8507e+02 4.3256e-04
1.3603e+01 2.0952e+02 8.3334e+01 2.7022e+02 4.2630e-04
0.0000e+00 2.2045e+02 1.0941e+01 2.5191e+02 4.2561e-04
0.0000e+00 0.0000e+00 1.5295e+01 5.4060e+01 4.2528e-04
9.5370e+01 1.5096e+02 2.3938e+02 2.3164e+02 4.2469e-04
1.9443e+02 1.6413e+02 2.5274e+02 1.8408e+02 4.2373e-04
2.6005e+01 1.5055e+02 1.6316e+02 2.3698e+02 4.2229e-04
9.7475e+02 1.5649e+02 1.0762e+03 1.9119e+02 4.1873e-04
6.1186e+02 1.7758e+02 6.4039e+02 1.9128e+02 4.1815e-04
1.2305e+03 3.6890e+02 1.2420e+03 3.7500e+02 4.1792e-04
9.6496e+01 1.6643e+02 1.5600e+02 3.3770e+02 4.1588e-04
1.2324e+03 1.1936e+02 1.2420e+03 1.4409e+02 4.1422e-04
1.2330e+03 1.7468e+02 1.2420e+03 2.0025e+02 4.0596e-04
2.1360e+02 1.4779e+02 3.1117e+02 1.8766e+02 4.0580e-04
1.2355e+03 1.6841e+02 1.2420e+03 1.9947e+02 4.0416e-04
2.1190e+02 1.5504e+02 2.6240e+02 1.7442e+02 4.0124e-04
0.0000e+00 3.6803e+02 1.0494e+01 3.7500e+02 4.0120e-04
1.1608e+03 1.0644e+02 1.1781e+03 1.6212e+02 3.9857e-04
0.0000e+00 1.3781e+02 6.9267e+00 1.9354e+02 3.9499e-04
1.1996e+03 9.3366e+01 1.2343e+03 2.0292e+02 3.9399e-04
0.0000e+00 9.4304e+01 4.7366e+01 2.7762e+02 3.9146e-04
1.6546e+02 1.6286e+02 2.7561e+02 2.0412e+02 3.9081e-04
5.6210e+02 1.7173e+02 5.7643e+02 1.9795e+02 3.8865e-04
2.1769e+01 2.1155e+02 4.3786e+01 2.6863e+02 3.8723e-04
9.5460e+01 2.3184e+02 1.5938e+02 2.6091e+02 3.8651e-04
1.3709e+01 1.8330e+02 7.7839e+01 2.3702e+02 3.8549e-04
1.1094e+03 1.2642e+02 1.1458e+03 1.5301e+02 3.8490e-04
1.1798e+03 2.5236e+02 1.2420e+03 3.5175e+02 3.8384e-04
6.6896e+02 1.6774e+02 6.8473e+02 2.0651e+02 3.8288e-04
1.1183e+03 1.4340e+02 1.1660e+03 1.6681e+02 3.8280e-04
1.1779e+03 2.3536e+02 1.2420e+03 3.3524e+02 3.8265e-04
0.0000e+00 0.0000e+00 1.0824e+02 7.3544e+01 3.8256e-04
0.0000e+00 1.7382e+02 2.5891e+01 2.9430e+02 3.8031e-04
0.0000e+00 7.2072e+01 1.1455e+02 3.7500e+02 3.7934e-04
7.1302e+00 1.7593e+02 2.5978e+01 2.3666e+02 3.7624e-04
1.0170e+03 1.5328e+02 1.0626e+03 1.7319e+02 3.7591e-04
2.1597e+02 1.6176e+02 2.6733e+02 1.8144e+02 3.7354e-04
1.2328e+03 1.6707e+02 1.2420e+03 1.9173e+02 3.7314e-04
1.2357e+03 1.9270e+02 1.2420e+03 2.2371e+02 3.7213e-04
1.0200e+03 1.6070e+02 1.0665e+03 1.7915e+02 3.7163e-04
1.6708e+02 1.8517e+02 1.8502e+02 2.2482e+02 3.6939e-04
1.0807e+03 1.3210e+02 1.1750e+03 1.7110e+02 3.6727e-04
1.2072e+03 8.9671e+01 1.2388e+03 2.0897e+02 3.6704e-04
1.0340e+03 1.6555e+02 1.0786e+03 1.8278e+02 3.6558e-04
1.2119e+03 0.0000e+00 1.2420e+03 1.5484e+01 3.6227e-04
5.7243e+02 1.7410e+02 5.9675e+02 1.8807e+02 3.6183e-04
1.2157e+03 1.6095e+02 1.2337e+03 2.3163e+02 3.5477e-04
5.4450e+02 1.7643e+02 5.6792e+02 1.9181e+02 3.5217e-04
4.9900e+00 1.7655e+02 7.1319e+01 2.2950e+02 3.5171e-04
6.9373e+01 1.3650e+02 2.5048e+02 1.9467e+02 3.5142e-04
0.0000e+00 2.0013e+02 1.6748e+01 3.1429e+02 3.5075e-04
6.6953e+01 1.9681e+02 1.7840e+02 2.5636e+02 3.5062e-04
1.6316e+02 1.8077e+02 1.8145e+02 2.2087e+02 3.4841e-04
1.2321e+03 1.6314e+02 1.2420e+03 1.8775e+02 3.4814e-04
9.9116e+02 1.4819e+02 1.0918e+03 1.8410e+02 3.4745e-04
1.2118e+03 1.1168e+02 1.2300e+03 1.8888e+02 3.4603e-04
1.0580e+03 1.6557e+02 1.1002e+03 1.8361e+02 3.4065e-04
0.0000e+00 8.2072e+01 1.5776e+01 1.9752e+02 3.3861e-04
1.6679e+01 1.9987e+02 5.3321e+01 2.3196e+02 3.3861e-04
9.2325e+01 1.3015e+02 1.6348e+02 2.5669e+02 3.3847e-04
1.2036e+03 1.0262e+02 1.2228e+03 1.6715e+02 3.3676e-04
0.0000e+00 2.4372e+01 2.7829e+01 2.1806e+02 3.3634e-04
8.8998e-01 2.1133e+02 6.9065e+01 2.7145e+02 3.3445e-04
1.3977e+02 1.5563e+02 2.5928e+02 1.9479e+02 3.3415e-04
1.1920e+03 7.2142e+01 1.2420e+03 1.8581e+02 3.3368e-04
6.7315e+02 1.6713e+02 6.8761e+02 2.0560e+02 3.3363e-04
1.0706e+02 2.3612e+02 1.5212e+02 2.7220e+02 3.3268e-04
1.0409e+03 1.7008e+02 1.0859e+03 1.8824e+02 3.3182e-04
1.4091e+02 1.8344e+02 1.8486e+02 2.1244e+02 3.3149e-04
1.1245e+03 1.3062e+02 1.1413e+03 1.7310e+02 3.3140e-04
1.9082e+02 1.5724e+02 2.5005e+02 1.7712e+02 3.2998e-04
0.0000e+00 1.7284e+02 5.1980e+01 2.3275e+02 3.2988e-04
0.0000e+00 1.7033e+02 8.8502e+01 2.8734e+02 3.2887e-04
0.0000e+00 1.1852e+02 5.9137e+01 2.0479e+02 3.2691e-04
1.2344e+03 0.0000e+00 1.2420e+03 8.9071e+00 3.2627e-04
1.2356e+03 1.6082e+02 1.2420e+03 1.9110e+02 3.2612e-04
1.2326e+03 1.5109e+02 1.2420e+03 1.7577e+02 3.2530e-04
1.0160e+03 1.4149e+02 1.1132e+03 1.7880e+02 3.2447e-04
2.5056e+01 2.1869e+02 8.3069e+01 2.4297e+02 3.2440e-04
5.8236e+01 1.7053e+02 1.3719e+02 2.2436e+02 3.2422e-04
1.9171e+01 1.7708e+02 8.4159e+01 3.5337e+02 3.2404e-04
1.0586e+03 1.4946e+02 1.1031e+03 1.7050e+02 3.2385e-04
1.2195e+03 0.0000e+00 1.2420e+03 1.9681e+01 3.2385e-04
1.1989e+03 1.1494e+02 1.2188e+03 1.7668e+02 3.2119e-04
2.0867e+02 1.6936e+02 2.6223e+02 1.8787e+02 3.2021e-04
1.1993e+03 1.9333e+02 1.2420e+03 3.2297e+02 3.1872e-04
1.0197e+03 1.6416e+02 1.1084e+03 2.0009e+02 3.1761e-04
4.9034e+01 2.1037e+02 6.9794e+01 2.7105e+02 3.1732e-04
1.2353e+03 1.4899e+02 1.2420e+03 1.7908e+02 3.1577e-04
1.0960e+03 7.3520e+01 1.2420e+03 2.4831e+02 3.1391e-04
6.6419e+02 1.7476e+02 6.8878e+02 1.9700e+02 3.1387e-04
1.1193e+03 1.4137e+02 1.1521e+03 1.6778e+02 3.1145e-04
1.1771e+03 6.2322e+01 1.2420e+03 1.5954e+02 3.1145e-04
0.0000e+00 0.0000e+00 1.5419e+02 6.9407e+01 3.1129e-04
1.0592e+03 1.5906e+02 1.0914e+03 1.8001e+02 3.1093e-04
6.8636e+00 2.1160e+02 5.9350e+01 2.3527e+02 3.1089e-04
3.8178e+01 1.8057e+02 1.1066e+02 2.5583e+02 3.1057e-04
1.0410e+03 1.7384e+02 1.0857e+03 1.9316e+02 3.0858e-04
2.1585e+02 1.5786e+02 2.6843e+02 1.7766e+02 3.0785e-04
1.5370e+02 1.8471e+02 1.9461e+02 2.1200e+02 3.0708e-04
1.5873e+02 1.7644e+02 1.7710e+02 2.1814e+02 3.0530e-04
1.1174e+03 1.2055e+02 1.1694e+03 1.4409e+02 3.0364e-04
6.7101e+02 1.7415e+02 7.0403e+02 1.9364e+02 3.0250e-04
1.1051e+03 1.3011e+02 1.1436e+03 1.5661e+02 3.0217e-04
7.9746e+01 1.4549e+02 2.3039e+02 2.2106e+02 3.0197e-04
0.0000e+00 0.0000e+00 5.3140e+01 4.4783e+01 2.9936e-04
1.5413e+02 1.8222e+02 2.1137e+02 2.0120e+02 2.9901e-04
7.4154e+00 1.9693e+02 2.6512e+01 2.6360e+02 2.9792e-04
1.2374e+03 2.6656e+02 1.2420e+03 3.2874e+02 2.9699e-04
5.3853e+02 1.7246e+02 5.6638e+02 1.8865e+02 2.9685e-04
1.2067e+03 2.7939e-01 1.2420e+03 1.8833e+02 2.9682e-04
1.2325e+03 1.5912e+02 1.2420e+03 1.8360e+02 2.9646e-04
1.0302e+03 1.5025e+02 1.0743e+03 1.6948e+02 2.9508e-04
1.4205e+02 1.7799e+02 1.8373e+02 2.0440e+02 2.9492e-04
1.1732e+03 1.1286e+02 1.1898e+03 1.6959e+02 2.9110e-04
1.1066e+03 1.3775e+02 1.1419e+03 1.6393e+02 2.9078e-04
2.1968e+01 2.0005e+02 4.3759e+01 2.5675e+02 2.9024e-04
6.7135e+02 1.7343e+02 6.9546e+02 1.9627e+02 2.9013e-04
1.0901e+03 4.4151e+01 1.2420e+03 2.1216e+02 2.8938e-04
1.0354e+02 1.3358e+02 2.7874e+02 1.9739e+02 2.8876e-04
1.6961e+01 2.1008e+02 5.4656e+01 2.4456e+02 2.8763e-04
2.6542e+01 1.8434e+02 1.2775e+02 2.3076e+02 2.8732e-04
9.4804e+01 1.5241e+02 2.0565e+02 1.8841e+02 2.8718e-04
1.2408e+02 1.6881e+02 1.6383e+02 2.4798e+02 2.8695e-04
1.2431e+02 1.3740e+02 1.9638e+02 2.6953e+02 2.8684e-04
3.7265e+01 1.9583e+02 5.7959e+01 2.4696e+02 2.8679e-04
1.1247e+03 1.2294e+02 1.1792e+03 1.4696e+02 2.8405e-04
2.2830e+00 1.0563e+02 6.5230e+01 2.7734e+02 2.8319e-04
0.0000e+00 2.2327e+02 1.4697e+01 2.4962e+02 2.8274e-04
1.1279e+03 1.3024e+02 1.1451e+03 1.7408e+02 2.8142e-04
6.0311e+02 1.8002e+02 6.3005e+02 1.9299e+02 2.8100e-04
5.5782e+02 1.7753e+02 5.8289e+02 1.9088e+02 2.8042e-04
6.0398e+02 1.6045e+02 6.2081e+02 1.9097e+02 2.7925e-04
1.1123e+03 1.2237e+02 1.1489e+03 1.4896e+02 2.7886e-04
1.1601e+02 1.6940e+02 1.5549e+02 2.4021e+02 2.7852e-04
2.0434e+01 2.0816e+02 7.1500e+01 2.3145e+02 2.7806e-04
0.0000e+00 1.2908e+02 2.2170e+01 1.9235e+02 2.7728e-04
0.0000e+00 1.7571e+02 1.2953e+01 2.0090e+02 2.7648e-04
1.7667e+01 2.1758e+02 5.4898e+01 2.5318e+02 2.7629e-04
6.0254e+02 1.6633e+02 6.2599e+02 1.8424e+02 2.7361e-04
5.7050e+02 1.6949e+02 5.9830e+02 1.8495e+02 2.7328e-04
1.1066e+02 2.0310e+02 1.4725e+02 2.9546e+02 2.7241e-04
1.2100e+03 1.3254e+02 1.2402e+03 2.5175e+02 2.7188e-04
1.2030e+03 1.5263e+02 1.2354e+03 2.8364e+02 2.7126e-04
1.0672e+01 1.7565e+02 3.0122e+01 2.3593e+02 2.6898e-04
1.0922e+03 1.3257e+02 1.1417e+03 1.5377e+02 2.6851e-04
1.1912e+03 1.0305e+02 1.2106e+03 1.6347e+02 2.6824e-04
1.3240e+02 1.8215e+02 2.1432e+02 2.2529e+02 2.6791e-04
9.9114e+02 1.5713e+02 1.0451e+03 1.7767e+02 2.6789e-04
5.7767e+02 1.6540e+02 6.0743e+02 1.8237e+02 2.6734e-04
7.5564e+01 1.5758e+02 1.8434e+02 1.9441e+02 2.6660e-04
6.7719e+02 1.6639e+02 6.9174e+02 2.0508e+02 2.6650e-04
8.1005e+01 1.7683e+02 1.0282e+02 2.3771e+02 2.6639e-04
6.0780e+02 1.7117e+02 6.2175e+02 1.9771e+02 2.6532e-04
7.5256e+01 1.8494e+02 1.0031e+02 2.5583e+02 2.6476e-04
1.4198e+02 1.9649e+02 1.8530e+02 2.2406e+02 2.6276e-04
8.2898e+01 1.8194e+02 1.1560e+02 2.5632e+02 2.6251e-04
1.1204e+03 1.3052e+02 1.1375e+03 1.7288e+02 2.6161e-04
1.2328e+03 1.9521e+02 1.2420e+03 2.1973e+02 2.6023e-04
5.7910e+02 1.7912e+02 6.0634e+02 1.9353e+02 2.5967e-04
1.1494e+03 2.9241e+02 1.2241e+03 3.7500e+02 2.5908e-04
2.9723e+01 1.6147e+02 6.5795e+01 2.4841e+02 2.5891e-04
1.0034e+03 1.6304e+02 1.0954e+03 2.0195e+02 2.5729e-04
1.5891e+02 1.8487e+02 1.7769e+02 2.2515e+02 2.5698e-04
1.0927e+03 1.2440e+02 1.1401e+03 1.4723e+02 2.5677e-04
1.5500e+02 1.7578e+02 1.7370e+02 2.1807e+02 2.5460e-04
1.2158e+03 1.1125e+02 1.2337e+03 1.9003e+02 2.5455e-04
0.0000e+00 1.6881e+02 1.0733e+01 1.9905e+02 2.5215e-04
2.2602e+01 2.0230e+02 1.3699e+02 2.5566e+02 2.5204e-04
9.7647e+01 1.6503e+02 1.3964e+02 2.4034e+02 2.5170e-04
9.4436e+02 1.3363e+02 1.1326e+03 2.0994e+02 2.5140e-04
6.0315e+02 1.7037e+02 6.2937e+02 1.8596e+02 2.5071e-04
1.2298e+03 0.0000e+00 1.2420e+03 6.8983e+00 2.5070e-04
1.0539e+03 1.5468e+02 1.0892e+03 1.7785e+02 2.5017e-04
8.8871e+01 2.0301e+02 1.1863e+02 2.6327e+02 2.4925e-04
9.7642e+02 1.6172e+02 1.0254e+03 1.8057e+02 2.4901e-04
6.0859e+02 1.7382e+02 6.3634e+02 1.8836e+02 2.4823e-04
1.1804e+03 2.0452e+02 1.2420e+03 3.0316e+02 2.4757e-04
1.4127e+02 1.6491e+02 2.5629e+02 2.0433e+02 2.4751e-04
1.0900e+03 1.4066e+02 1.1412e+03 1.6263e+02 2.4732e-04
1.1993e+03 1.0431e+02 1.2189e+03 1.6362e+02 2.4655e-04
1.0883e+01 1.9694e+02 5.9670e+01 2.1975e+02 2.4451e-04
1.1372e+02 1.7076e+02 2.0386e+02 2.1466e+02 2.4421e-04
1.2224e+03 2.0962e+02 1.2420e+03 2.7440e+02 2.4331e-04
1.3329e+02 1.7371e+02 1.9083e+02 1.9281e+02 2.4293e-04
1.1159e+03 1.2619e+02 1.1536e+03 1.5330e+02 2.4281e-04
1.2328e+03 1.1544e+02 1.2420e+03 1.4019e+02 2.4164e-04
7.9602e+01 1.8181e+02 1.0375e+02 2.5080e+02 2.4161e-04
3.1819e+01 2.0053e+02 1.0267e+02 2.7669e+02 2.4158e-04
2.4541e+02 1.6539e+02 2.9963e+02 1.8565e+02 2.4147e-04
1.6309e+02 1.8992e+02 1.8105e+02 2.2830e+02 2.4123e-04
6.6324e+02 1.7884e+02 6.9641e+02 1.9687e+02 2.4098e-04
1.1252e+03 1.3864e+02 1.1768e+03 1.6347e+02 2.4085e-04
1.0965e+03 1.2115e+02 1.1442e+03 1.4425e+02 2.3954e-04
0.0000e+00 1.7294e+02 8.3243e+01 2.1266e+02 2.3908e-04
3.0080e+01 1.8389e+02 4.9660e+01 2.3495e+02 2.3889e-04
0.0000e+00 2.1898e+02 1.3847e+01 2.4505e+02 2.3869e-04
1.2332e+03 1.9887e+02 1.2420e+03 2.2421e+02 2.3846e-04
1.0263e+03 1.6567e+02 1.0695e+03 1.8277e+02 2.3790e-04
1.1312e+03 5.8465e+01 1.2420e+03 2.7941e+02 2.3765e-04
4.8109e+01 1.7595e+02 1.2090e+02 3.5046e+02 2.3556e-04
5.8656e+02 1.6481e+02 6.1331e+02 1.8345e+02 2.3520e-04
2.4124e+02 1.6105e+02 2.9495e+02 1.8161e+02 2.3485e-04
1.0324e+03 1.7363e+02 1.0787e+03 1.9249e+02 2.3475e-04
1.1560e+03 1.0717e+02 1.1738e+03 1.6144e+02 2.3381e-04
1.1115e+03 1.4159e+02 1.1449e+03 1.6717e+02 2.3310e-04
0.0000e+00 2.1576e+02 1.2442e+01 2.7717e+02 2.3252e-04
1.0452e+03 1.5460e+02 1.0822e+03 1.7729e+02 2.2901e-04
1.5258e+02 1.5763e+02 2.0693e+02 1.7671e+02 2.2799e-04
1.1833e+03 1.9024e+02 1.2420e+03 2.8596e+02 2.2763e-04
1.1101e+03 1.4791e+02 1.1558e+03 1.7021e+02 2.2735e-04
0.0000e+00 2.0278e+02 5.9834e+01 2.6615e+02 2.2605e-04
1.8750e+01 1.8799e+02 8.8292e+01 2.4921e+02 2.2551e-04
1.0586e+03 1.5161e+02 1.0943e+03 1.7574e+02 2.2493e-04
0.0000e+00 4.8846e+01 1.3094e+02 2.1700e+02 2.2474e-04
1.0862e+03 1.1660e+02 1.1831e+03 1.5821e+02 2.2343e-04
1.7423e+01 2.1273e+02 1.2650e+02 2.6171e+02 2.2031e-04
0.0000e+00 1.3344e+02 3.0398e+01 1.8468e+02 2.1941e-04
1.2145e+03 9.6790e+01 1.2420e+03 1.4323e+02 2.1830e-04
1.2251e+03 2.8271e+02 1.2420e+03 3.7500e+02 2.1609e-04
4.0407e-01 1.8417e+02 3.7362e+01 3.0046e+02 2.1417e-04
2.1967e+02 1.4074e+02 3.1940e+02 1.8072e+02 2.1411e-04
0.0000e+00 1.7806e+02 4.3918e+01 2.4306e+02 2.1363e-04
1.1016e+03 1.0478e+02 1.2420e+03 2.7855e+02 2.1307e-04
1.1598e+02 1.8098e+02 2.0153e+02 2.2825e+02 2.1275e-04
1.6754e+02 1.4457e+02 3.3279e+02 2.0491e+02 2.1264e-04
9.8050e+02 1.1863e+02 1.1594e+03 1.9621e+02 2.0988e-04
3.0154e+01 2.1362e+02 1.4564e+02 2.6541e+02 2.0883e-04
0.0000e+00 9.2950e+01 3.8799e+01 1.9842e+02 2.0785e-04
0.0000e+00 1.8214e+02 1.2759e+02 2.6835e+02 2.0576e-04
9.1226e+02 1.1912e+02 1.0968e+03 1.9632e+02 2.0405e-04
1.1801e+03 4.6878e+01 1.2420e+03 1.4426e+02 2.0319e-04
7.6425e+02 2.8892e+02 8.3900e+02 3.7500e+02 2.0200e-04
1.4868e+02 1.7147e+02 2.6221e+02 2.1254e+02 2.0010e-04
1.1003e+02 1.2762e+02 1.7946e+02 2.5450e+02 1.9840e-04
0.0000e+00 1.9031e+02 4.9218e+01 2.3952e+02 1.9754e-04
1.2217e+03 2.6405e+02 1.2420e+03 3.2869e+02 1.9613e-04
7.4826e+02 2.8823e+02 8.2392e+02 3.7500e+02 1.9576e-04
1.2150e+03 1.2356e+02 1.2420e+03 2.4101e+02 1.9421e-04
0.0000e+00 0.0000e+00 7.6599e+01 4.3831e+01 1.9348e-04
1.1697e+03 1.9981e+02 1.2407e+03 3.7500e+02 1.9258e-04
2.5892e+01 2.8744e+02 1.0334e+02 3.7500e+02 1.8844e-04
9.4920e+02 1.4903e+02 1.0515e+03 1.8501e+02 1.8800e-04
9.2629e+02 1.4965e+02 1.0282e+03 1.8585e+02 1.8790e-04
0.0000e+00 3.2529e+02 2.4149e+01 3.7500e+02 1.8710e-04
2.9837e+01 1.8772e+02 1.0159e+02 2.6386e+02 1.8675e-04
1.5209e+02 1.3129e+02 3.1595e+02 1.9536e+02 1.8439e-04
8.3044e+01 1.8978e+02 2.0454e+02 2.3372e+02 1.8295e-04
9.5409e+02 1.5600e+02 1.0499e+03 1.9065e+02 1.8251e-04
1.2153e+03 2.1548e+02 1.2420e+03 2.6376e+02 1.8175e-04
1.2206e+03 2.2377e+02 1.2420e+03 2.9091e+02 1.7863e-04
1.2248e+03 6.9586e+01 1.2420e+03 1.7096e+02 1.7829e-04
4.9022e+02 1.5328e+02 6.6860e+02 2.2346e+02 1.7445e-04
3.7733e+01 1.5946e+02 7.3200e+01 2.4956e+02 1.7444e-04
1.8696e+01 1.7986e+02 1.1453e+02 2.2058e+02 1.7388e-04
3.4038e+00 1.3393e+02 4.4836e+01 2.4809e+02 1.7345e-04
3.8854e+01 1.3571e+02 2.1574e+02 1.9354e+02 1.7334e-04
1.9148e+02 1.5353e+02 2.9710e+02 1.9545e+02 1.7292e-04
2.9571e+01 1.7318e+02 1.2258e+02 2.1117e+02 1.7206e-04
1.2121e+03 3.3155e+02 1.2420e+03 3.7500e+02 1.7191e-04
1.2143e+03 2.2317e+02 1.2420e+03 2.7229e+02 1.7161e-04
0.0000e+00 3.3094e+01 8.7375e+01 2.3437e+02 1.6767e-04
1.8404e+02 1.4765e+02 2.8857e+02 1.8868e+02 1.6583e-04
1.1599e+03 3.2491e+02 1.2420e+03 3.7500e+02 1.6400e-04
1.3343e+02 1.6798e+02 1.7072e+02 2.3335e+02 1.6145e-04
1.2850e+02 1.4345e+02 2.4351e+02 1.8231e+02 1.6075e-04
1.2196e+03 2.4740e+02 1.2420e+03 3.1323e+02 1.6016e-04
9.9677e+02 0.0000e+00 1.2420e+03 3.7500e+02 1.5922e-04
1.5824e+02 1.7837e+02 2.6852e+02 2.2200e+02 1.5892e-04
1.7362e+02 1.7070e+02 2.7977e+02 2.1102e+02 1.5765e-04
6.8503e+02 1.9639e+02 8.3971e+02 3.7500e+02 1.5667e-04
0.0000e+00 1.1680e+02 3.6108e+01 2.4693e+02 1.5629e-04
1.2265e+03 3.1441e+02 1.2420e+03 3.7500e+02 1.5592e-04
1.2144e+03 2.7003e+02 1.2420e+03 3.1953e+02 1.5467e-04
1.2133e+03 2.6208e+02 1.2420e+03 3.1133e+02 1.5359e-04
0.0000e+00 1.8920e+02 1.3990e+02 3.7500e+02 1.5161e-04
6.5572e+02 1.9616e+02 8.0832e+02 3.7500e+02 1.5145e-04
3.9656e+01 1.7466e+02 1.0872e+02 2.2922e+02 1.5060e-04
9.2850e+02 1.5670e+02 1.0255e+03 1.9232e+02 1.4982e-04
1.2087e+03 1.0858e+02 1.2394e+03 2.2760e+02 1.4961e-04
1.1454e+03 1.1052e+02 1.2420e+03 3.4245e+02 1.4898e-04
9.9018e+01 1.6919e+02 1.8744e+02 2.1781e+02 1.4865e-04
2.1392e+02 1.6202e+02 3.0859e+02 2.0141e+02 1.4765e-04
1.2229e+03 2.7919e+02 1.2420e+03 3.4386e+02 1.4679e-04
7.8090e+02 2.9143e+02 8.5393e+02 3.7500e+02 1.4586e-04
1.6051e+01 1.9326e+02 1.2384e+02 2.3989e+02 1.4558e-04
9.9812e+02 1.3988e+02 1.0998e+03 1.7839e+02 1.4525e-04
0.0000e+00 1.1329e+02 2.2052e+01 1.7633e+02 1.4467e-04
1.1196e+03 1.9241e+02 1.2420e+03 3.7500e+02 1.4381e-04
1.1856e+03 1.5283e+02 1.2420e+03 3.7500e+02 1.4319e-04
1.1107e+03 1.5607e+02 1.2420e+03 3.4137e+02 1.4265e-04
1.2117e+03 2.3053e+02 1.2420e+03 2.8035e+02 1.4232e-04
1.0350e+03 1.4164e+02 1.1280e+03 1.7956e+02 1.4230e-04
3.4022e+01 6.8662e+01 1.7370e+02 3.3114e+02 1.4211e-04
9.6900e+02 1.4079e+02 1.0755e+03 1.8035e+02 1.4196e-04
1.1887e+03 9.2009e+01 1.2294e+03 1.9777e+02 1.4179e-04
7.3123e+02 2.8830e+02 8.0813e+02 3.7500e+02 1.4061e-04
1.0345e+01 1.7423e+02 1.0272e+02 2.1167e+02 1.3831e-04
0.0000e+00 1.2540e+02 2.8323e+01 1.7655e+02 1.3814e-04
1.0795e+03 1.3954e+02 1.1759e+03 1.7766e+02 1.3690e-04
8.4990e+02 1.9960e+02 1.0005e+03 3.7500e+02 1.3582e-04
1.8379e+02 1.2948e+02 3.5269e+02 1.9271e+02 1.3467e-04
9.0498e+02 2.9040e+02 9.8300e+02 3.7500e+02 1.3231e-04
1.2152e+03 8.8278e+01 1.2420e+03 1.3413e+02 1.3195e-04
1.2113e+03 2.5393e+02 1.2420e+03 3.0344e+02 1.3152e-04
1.1077e+03 1.2040e+02 1.2117e+03 1.6382e+02 1.3130e-04
0.0000e+00 3.2469e+02 1.0936e+02 3.7500e+02 1.3122e-04
7.3252e+01 1.5161e+02 1.8171e+02 1.8842e+02 1.3030e-04
1.0817e+02 1.6386e+02 1.4671e+02 2.3572e+02 1.2945e-04
8.8491e+02 2.0152e+02 1.0314e+03 3.7500e+02 1.2867e-04
6.2683e+02 2.0218e+02 7.7515e+02 3.7500e+02 1.2740e-04
1.2135e+03 9.7084e+01 1.2420e+03 2.1315e+02 1.2676e-04
0.0000e+00 3.2389e+02 3.4411e+01 3.7500e+02 1.2620e-04
6.4634e+00 1.9243e+02 4.6714e+01 3.0285e+02 1.2588e-04
1.4107e+02 1.3558e+02 2.1175e+02 2.6467e+02 1.2502e-04
8.1691e+02 2.0019e+02 9.6891e+02 3.7500e+02 1.2476e-04
9.2235e+02 2.9202e+02 9.9765e+02 3.7500e+02 1.2472e-04
8.8917e+02 2.9130e+02 9.6788e+02 3.7500e+02 1.2425e-04
0.0000e+00 1.0219e+02 5.4627e+01 1.8959e+02 1.2249e-04
2.3332e+02 1.4665e+02 3.3460e+02 1.8847e+02 1.2212e-04
4.4878e+00 3.2618e+02 4.2646e+01 3.7500e+02 1.2184e-04
0.0000e+00 0.0000e+00 2.4725e+02 3.1830e+02 1.2086e-04
1.2237e+03 2.9647e+02 1.2420e+03 3.5962e+02 1.2001e-04
1.1950e+03 3.5178e+01 1.2420e+03 1.5940e+02 1.1958e-04
1.2157e+03 2.8527e+02 1.2420e+03 3.3463e+02 1.1956e-04
1.2170e+03 2.9308e+02 1.2420e+03 3.4266e+02 1.1940e-04
0.0000e+00 1.5092e+02 1.5810e+02 2.1865e+02 1.1938e-04
4.9658e+01 2.1745e+02 1.6995e+02 2.7318e+02 1.1932e-04
4.1073e+00 1.6812e+02 6.7522e+01 3.6001e+02 1.1779e-04
1.0228e+03 1.1985e+02 1.1884e+03 1.9373e+02 1.1704e-04
7.1738e+02 1.9615e+02 8.7345e+02 3.7500e+02 1.1666e-04
1.1721e+03 1.1509e+02 1.2377e+03 3.4473e+02 1.1662e-04
0.0000e+00 0.0000e+00 1.0336e+02 3.7500e+02 1.1541e-04
6.3160e+01 1.8931e+02 1.6520e+02 3.0594e+02 1.1483e-04
1.2202e+03 9.2139e+01 1.2420e+03 1.4946e+02 1.1477e-04
3.8051e+01 1.6893e+02 1.3154e+02 2.0289e+02 1.1470e-04
9.7641e+02 1.6429e+02 1.0765e+03 2.0143e+02 1.1394e-04
7.5082e+02 1.9531e+02 9.0506e+02 3.7500e+02 1.1333e-04
1.0991e+03 1.8895e+01 1.2420e+03 1.8479e+02 1.1186e-04
0.0000e+00 5.7695e+01 1.5277e+01 1.7316e+02 1.1156e-04
4.9912e+02 1.3929e+02 6.7817e+02 2.1436e+02 1.1154e-04
7.8446e+02 1.9469e+02 9.3721e+02 3.7500e+02 1.1091e-04
5.4179e+01 1.5809e+02 9.1220e+01 2.3681e+02 1.1067e-04
1.1336e+03 2.9534e+02 1.2075e+03 3.7500e+02 1.1055e-04
1.2176e+03 3.0183e+02 1.2420e+03 3.5083e+02 1.0895e-04
1.1524e+03 2.0463e+02 1.2315e+03 3.7500e+02 1.0848e-04
1.1866e+03 7.7331e+01 1.2420e+03 2.5952e+02 1.0803e-04
9.3927e+02 2.9350e+02 1.0128e+03 3.7500e+02 1.0740e-04
0.0000e+00 1.6925e+02 6.2663e+01 2.2288e+02 1.0697e-04
6.2823e+01 1.8823e+02 1.0009e+02 3.0235e+02 1.0677e-04
1.5033e+02 1.5549e+02 3.1569e+02 2.1532e+02 1.0658e-04
5.9256e+02 2.0561e+02 7.4519e+02 3.7500e+02 1.0396e-04
0.0000e+00 0.0000e+00 3.1527e+01 2.7213e+01 1.0288e-04
1.2246e+03 4.0262e+01 1.2420e+03 1.4856e+02 1.0195e-04
1.2174e+03 3.1686e+02 1.2420e+03 3.6647e+02 1.0090e-04
4.6729e+01 1.9205e+02 8.4554e+01 3.0005e+02 1.0089e-04
8.7444e+02 2.9337e+02 9.5247e+02 3.7500e+02 1.0076e-04
1.0592e+03 1.2356e+02 1.1507e+03 1.6431e+02 1.0033e-04
1.1610e+03 0.0000e+00 1.2420e+03 2.5667e+02 9.9534e-05
9.6423e+02 1.0826e+02 1.1065e+03 2.0519e+02 9.9444e-05
5.3933e+02 2.6696e+02 9.1888e+02 3.7500e+02 9.9081e-05
1.0834e+03 2.9535e+02 1.1591e+03 3.7500e+02 9.8362e-05
4.0731e+01 2.8582e+02 1.1999e+02 3.7500e+02 9.7922e-05
5.5839e+02 2.0749e+02 7.1437e+02 3.7500e+02 9.7375e-05
9.8287e+02 1.3425e+02 1.1578e+03 2.0954e+02 9.7243e-05
9.1607e+02 2.0276e+02 1.0618e+03 3.7500e+02 9.7200e-05
5.2039e+02 1.5569e+02 6.9721e+02 2.2474e+02 9.6309e-05
1.0677e+03 2.9695e+02 1.1432e+03 3.7500e+02 9.6277e-05
1.0658e+03 1.1669e+02 1.1581e+03 1.5727e+02 9.6110e-05
0.0000e+00 2.2326e+02 8.4534e+01 2.6775e+02 9.5996e-05
1.0035e+03 7.8668e+01 1.0796e+03 2.4896e+02 9.5979e-05
7.9710e+02 2.9310e+02 8.6941e+02 3.7500e+02 9.4945e-05
0.0000e+00 3.0963e+02 1.2535e+01 3.7500e+02 9.4332e-05
3.0025e+01 1.7941e+02 9.8768e+01 2.4057e+02 9.3503e-05
8.5920e+02 2.9420e+02 9.3671e+02 3.7500e+02 9.3485e-05
3.2651e+00 1.6632e+02 8.9781e+01 2.0317e+02 9.2868e-05
1.2152e+03 7.9456e+01 1.2420e+03 1.2527e+02 9.1519e-05
1.0519e+03 2.9796e+02 1.1269e+03 3.7500e+02 9.1261e-05
1.1957e+03 3.3399e+02 1.2318e+03 3.7500e+02 8.9773e-05
8.4354e+02 2.9342e+02 9.2027e+02 3.7500e+02 8.9765e-05
0.0000e+00 1.9276e+02 4.7698e+01 2.5704e+02 8.9539e-05
0.0000e+00 0.0000e+00 3.5654e+01 2.0106e+01 8.9160e-05
1.0192e+02 1.6434e+02 1.8513e+02 2.0639e+02 8.9026e-05
9.6114e+02 1.0567e+02 1.1425e+03 1.8573e+02 8.8852e-05
2.3368e+02 1.5492e+02 3.3565e+02 1.9452e+02 8.8775e-05
1.1164e+03 2.9548e+02 1.1907e+03 3.7500e+02 8.8729e-05
1.0362e+03 1.6319e+02 1.1235e+03 2.0147e+02 8.8630e-05
1.2188e+03 3.2533e+02 1.2420e+03 3.7280e+02 8.8415e-05
7.3584e+02 2.6820e+02 1.1020e+03 3.7500e+02 8.8302e-05
1.2206e+03 3.4339e+02 1.2420e+03 3.7500e+02 8.7890e-05
1.4301e+02 1.6930e+02 1.7841e+02 2.3017e+02 8.7614e-05
1.0207e+03 7.8454e+01 1.0946e+03 2.4851e+02 8.7181e-05
1.1762e+02 1.7063e+02 2.9140e+02 2.3127e+02 8.6944e-05
1.2159e+03 1.5334e+02 1.2420e+03 3.1973e+02 8.6893e-05
0.0000e+00 5.7725e+01 3.6132e+01 1.6521e+02 8.6753e-05
1.5155e+02 1.6858e+02 1.8648e+02 2.3123e+02 8.6666e-05
7.1454e+02 2.8723e+02 7.9266e+02 3.7500e+02 8.6426e-05
2.0648e+01 1.7743e+02 8.6213e+01 2.2816e+02 8.5857e-05
9.5542e+02 2.9522e+02 1.0288e+03 3.7500e+02 8.5121e-05
6.5286e+01 1.6875e+02 1.6690e+02 2.0469e+02 8.5023e-05
1.1197e+03 3.2752e+02 1.2393e+03 3.7500e+02 8.4822e-05
1.0997e+03 2.9501e+02 1.1747e+03 3.7500e+02 8.4469e-05
0.0000e+00 1.6428e+02 5.1204e+01 3.6293e+02 8.4182e-05
1.6930e+02 1.4191e+02 2.7872e+02 1.8389e+02 8.4076e-05
7.7929e+02 3.3710e+02 8.1676e+02 3.7500e+02 8.3973e-05
8.5960e+01 1.0767e+02 2.3747e+02 3.7500e+02 8.3370e-05
1.0816e+03 1.9960e+02 1.2211e+03 3.7500e+02 8.2611e-05
0.0000e+00 1.0915e+02 2.7880e+01 1.6085e+02 8.2362e-05
8.1335e+02 2.9384e+02 8.8603e+02 3.7500e+02 8.2022e-05
1.2520e+02 1.5975e+02 1.6370e+02 2.3098e+02 8.1990e-05
7.7165e+02 3.3726e+02 8.0861e+02 3.7500e+02 8.1342e-05
7.8727e+02 3.3477e+02 8.2423e+02 3.7500e+02 8.1245e-05
1.1874e+03 1.0345e+02 1.2420e+03 3.2289e+02 8.1009e-05
5.3220e+02 0.0000e+00 5.9656e+02 6.9136e+01 8.1006e-05
9.8689e+02 7.8606e+01 1.0641e+03 2.4935e+02 8.0901e-05
1.0889e+01 1.5736e+02 1.0207e+02 1.9502e+02 8.0129e-05
9.7154e+02 2.9556e+02 1.0453e+03 3.7500e+02 7.9902e-05
8.2769e+02 2.9419e+02 9.0425e+02 3.7500e+02 7.9651e-05
5.1614e+02 0.0000e+00 5.8050e+02 6.9432e+01 7.9178e-05
5.0978e+02 1.6687e+02 6.8395e+02 2.3982e+02 7.9050e-05
1.0360e+03 2.9829e+02 1.1102e+03 3.7500e+02 7.8737e-05
3.1511e+02 2.8848e+02 3.9026e+02 3.7500e+02 7.8456e-05
1.1995e+01 1.9481e+02 1.2225e+02 3.0860e+02 7.8280e-05
6.6123e+02 0.0000e+00 1.0118e+03 3.7500e+02 7.8161e-05
4.7291e+01 1.9425e+02 2.0696e+02 2.7731e+02 7.7939e-05
4.4578e+02 2.6958e+02 8.2445e+02 3.7500e+02 7.7921e-05
6.6166e+01 1.8436e+02 2.5022e+02 2.5386e+02 7.7403e-05
5.0008e+02 0.0000e+00 5.6448e+02 6.9238e+01 7.7088e-05
0.0000e+00 2.2140e+02 2.4219e+01 2.8892e+02 7.6951e-05
1.0543e+01 3.2613e+02 5.0768e+01 3.7500e+02 7.6627e-05
9.2284e+02 1.0538e+02 1.1096e+03 1.8718e+02 7.6449e-05
5.4826e+02 0.0000e+00 6.1255e+02 6.8547e+01 7.6312e-05
0.0000e+00 2.2756e+02 3.5088e+01 2.7974e+02 7.5971e-05
1.2111e+03 1.5810e+02 1.2398e+03 3.3719e+02 7.5797e-05
6.2533e+02 2.6196e+02 8.9810e+02 3.7500e+02 7.4905e-05
1.0284e+03 1.5249e+02 1.0980e+03 1.9539e+02 7.4372e-05
0.0000e+00 2.1486e+02 3.9718e+01 3.2768e+02 7.3981e-05
5.2532e+02 2.0877e+02 6.8338e+02 3.7500e+02 7.3742e-05
1.1833e+01 0.0000e+00 3.6083e+02 3.7500e+02 7.3636e-05
8.6521e+02 0.0000e+00 1.2035e+03 3.7500e+02 7.3516e-05
9.4764e+02 2.0602e+02 1.0930e+03 3.7500e+02 7.3509e-05
1.1939e+03 1.6866e+02 1.2420e+03 2.1488e+02 7.3140e-05
4.8411e+02 0.0000e+00 5.4841e+02 6.8488e+01 7.2916e-05
2.0899e+01 1.8544e+02 1.6781e+02 3.7500e+02 7.2707e-05
1.1793e+03 9.3742e+01 1.2222e+03 1.9140e+02 7.2623e-05
0.0000e+00 8.5204e+01 5.1734e+01 1.7393e+02 7.2612e-05
7.9105e+02 2.6059e+02 1.0558e+03 3.7500e+02 7.2134e-05
7.1698e+02 3.2714e+02 8.4449e+02 3.7500e+02 7.1536e-05
1.1011e+03 1.1272e+02 1.2032e+03 1.5824e+02 7.1374e-05
3.3046e+02 2.9015e+02 4.0543e+02 3.7500e+02 7.1143e-05
1.0575e+03 1.2232e+02 1.2132e+03 1.9081e+02 7.1022e-05
1.9097e+02 1.6203e+02 2.9422e+02 2.0301e+02 7.0877e-05
1.2013e+03 1.0976e+02 1.2337e+03 2.2162e+02 7.0751e-05
7.4438e+01 2.2314e+02 1.7192e+02 2.7395e+02 7.0029e-05
7.6386e+02 3.3838e+02 8.0095e+02 3.7500e+02 6.9307e-05
1.2345e+02 1.6294e+02 1.9525e+02 3.1087e+02 6.9103e-05
1.1863e+03 1.1340e+02 1.2398e+03 1.7477e+02 6.8983e-05
1.3217e+02 1.7286e+02 1.7126e+02 2.5378e+02 6.8961e-05
1.0628e+01 1.3009e+02 5.2745e+01 2.3451e+02 6.8859e-05
9.8740e+02 2.9586e+02 1.0619e+03 3.7500e+02 6.8644e-05
1.0379e+03 7.8398e+01 1.1110e+03 2.5195e+02 6.8070e-05
1.0215e+03 2.6347e+02 1.2420e+03 3.7500e+02 6.8067e-05
0.0000e+00 1.6392e+02 4.3604e+01 2.2756e+02 6.8028e-05
5.6448e+02 0.0000e+00 6.2824e+02 6.7368e+01 6.7941e-05
2.0186e+01 1.6666e+02 1.1065e+02 2.0300e+02 6.7868e-05
6.9863e+02 2.8916e+02 7.7545e+02 3.7500e+02 6.7674e-05
5.4632e+00 1.3397e+02 1.8735e+02 1.9378e+02 6.7644e-05
1.0199e+03 2.9655e+02 1.0943e+03 3.7500e+02 6.7396e-05
5.0662e+01 1.7101e+02 1.4716e+02 2.0477e+02 6.7310e-05
5.2880e+02 1.1081e+02 5.9441e+02 2.6649e+02 6.7199e-05
4.6828e+02 0.0000e+00 5.3229e+02 6.7688e+01 6.6883e-05
1.0327e+03 1.3320e+02 1.1277e+03 1.7358e+02 6.6724e-05
1.0497e+03 1.3091e+02 1.1412e+03 1.7227e+02 6.6630e-05
1.0033e+03 2.9546e+02 1.0778e+03 3.7500e+02 6.6420e-05
9.8093e+02 2.0960e+02 1.1241e+03 3.7500e+02 6.6348e-05
1.0459e+03 2.0622e+02 1.1892e+03 3.7500e+02 6.6273e-05
1.3490e+02 1.6929e+02 2.2613e+02 2.1510e+02 6.6265e-05
8.9658e+02 1.3250e+02 1.0891e+03 2.0991e+02 6.5788e-05
6.7204e+02 2.6568e+02 1.0421e+03 3.7500e+02 6.5737e-05
0.0000e+00 1.6250e+02 7.2968e+01 2.0647e+02 6.5545e-05
1.0135e+03 2.0952e+02 1.1563e+03 3.7500e+02 6.5502e-05
1.0850e+03 3.3677e+01 1.2328e+03 3.7500e+02 6.5353e-05
1.2978e+02 1.3840e+02 2.7359e+02 2.1481e+02 6.5105e-05
1.3873e+02 2.8878e+02 2.1608e+02 3.7500e+02 6.5072e-05
2.0259e+02 2.8708e+02 2.7922e+02 3.7500e+02 6.5009e-05
1.1712e+03 8.9022e+01 1.2387e+03 2.7442e+02 6.4719e-05
1.6993e+02 2.8772e+02 2.4762e+02 3.7500e+02 6.4591e-05
1.5436e+02 2.8792e+02 2.3178e+02 3.7500e+02 6.4516e-05
1.0428e+03 1.5559e+02 1.1355e+03 1.9386e+02 6.4223e-05
1.4880e+02 2.0739e+02 2.9655e+02 3.7500e+02 6.4170e-05
6.5149e+02 2.9099e+02 7.2643e+02 3.7500e+02 6.4050e-05
1.7988e+02 2.1378e+02 3.2603e+02 3.7500e+02 6.3940e-05
1.8638e+02 2.8652e+02 2.6327e+02 3.7500e+02 6.3572e-05
6.6756e+02 2.9062e+02 7.4168e+02 3.7500e+02 6.3430e-05
5.1150e+01 1.8871e+02 2.0038e+02 3.7500e+02 6.3315e-05

