0.0000e+00 1.9875e+02 1.1298e+02 2.5242e+02 9.9951e-01
4.0548e+02 1.8785e+02 4.3804e+02 2.0553e+02 9.9949e-01
2.2937e+02 1.9199e+02 3.0244e+02 2.2897e+02 9.9863e-01
4.6022e+02 1.8205e+02 4.8940e+02 1.9816e+02 9.9732e-01
0.0000e+00 1.9675e+02 1.1650e+02 2.5559e+02 9.8704e-01
4.9361e+02 1.8011e+02 5.2024e+02 1.9589e+02 9.7934e-01
4.6468e+02 1.8147e+02 4.9278e+02 1.9697e+02 9.5597e-01
4.1015e+02 1.8971e+02 4.4095e+02 2.0615e+02 9.5446e-01
4.8699e+02 1.8050e+02 5.1454e+02 1.9639e+02 9.1218e-01
3.7666e+00 1.9445e+02 9.2267e+01 2.4797e+02 9.0428e-01
2.4009e+02 1.9278e+02 2.9890e+02 2.2630e+02 8.6867e-01
4.7903e+02 1.8089e+02 5.0769e+02 1.9632e+02 8.4147e-01
4.7175e+02 1.8143e+02 4.9973e+02 1.9636e+02 8.2955e-01
4.1655e+02 1.8852e+02 4.4416e+02 2.0479e+02 8.0950e-01
4.9922e+02 1.7947e+02 5.2524e+02 1.9483e+02 8.0904e-01
4.9629e+02 1.7875e+02 5.2085e+02 1.9347e+02 8.0602e-01
4.5734e+02 1.8292e+02 4.8572e+02 1.9962e+02 7.7683e-01
4.0209e+02 1.8760e+02 4.3051e+02 2.0527e+02 7.3610e-01
2.7954e+01 1.9907e+02 1.1686e+02 2.4139e+02 6.9039e-01
4.0196e+02 1.9001e+02 4.3694e+02 2.0819e+02 5.8436e-01
4.1275e+02 1.8432e+02 4.2740e+02 2.1146e+02 5.0778e-01
4.0990e+02 1.8458e+02 4.2512e+02 2.1203e+02 4.4691e-01
4.5685e+02 1.8133e+02 4.8139e+02 1.9777e+02 4.2497e-01
4.1620e+02 1.8470e+02 4.2978e+02 2.1085e+02 3.9618e-01
4.6364e+02 1.8429e+02 4.9220e+02 2.0073e+02 3.5265e-01
4.2239e+00 1.9828e+02 7.1808e+01 2.5337e+02 3.4906e-01
6.0792e+00 1.9251e+02 9.8946e+01 2.3322e+02 3.0761e-01
4.6900e+02 1.7991e+02 4.9516e+02 1.9520e+02 2.8151e-01
4.1904e+02 1.8515e+02 4.3343e+02 2.1083e+02 2.3845e-01
5.0339e+02 1.7999e+02 5.2928e+02 1.9564e+02 2.3132e-01
0.0000e+00 2.0755e+02 9.8800e+01 2.5668e+02 2.2318e-01
0.0000e+00 1.9654e+02 7.1235e+01 2.4026e+02 2.2241e-01
4.6721e+02 1.7699e+02 4.8166e+02 2.0253e+02 2.0525e-01
2.4808e+02 1.9079e+02 3.0255e+02 2.1857e+02 1.9978e-01
2.2396e+02 1.8502e+02 2.9317e+02 2.3020e+02 1.9466e-01
0.0000e+00 1.9070e+02 9.7110e+01 2.6759e+02 1.9103e-01
4.7541e+02 1.7953e+02 5.0157e+02 1.9444e+02 1.8208e-01
2.2910e+02 1.9311e+02 2.9231e+02 2.2183e+02 1.7971e-01
4.5828e+02 1.7888e+02 4.8527e+02 1.9554e+02 1.7479e-01
1.6382e+01 1.7530e+02 8.4911e+01 2.8871e+02 1.5657e-01
2.5100e+02 1.8024e+02 2.8182e+02 2.3914e+02 1.5297e-01
2.2194e+01 2.0482e+02 1.1737e+02 2.5111e+02 1.5007e-01
9.5883e+00 1.6648e+02 8.3413e+01 3.2508e+02 1.4584e-01
4.1095e+02 1.8242e+02 4.2604e+02 2.0696e+02 1.4502e-01
4.1681e+02 1.8309e+02 4.3171e+02 2.0677e+02 1.3758e-01
2.5587e+02 1.8278e+02 2.8608e+02 2.4096e+02 1.3571e-01
2.2904e+02 1.9855e+02 2.9635e+02 2.2695e+02 1.3332e-01
4.6378e+02 1.7973e+02 4.8015e+02 2.0578e+02 1.2424e-01
2.4548e+02 1.8795e+02 2.9513e+02 2.2245e+02 1.2330e-01
6.9252e+02 1.6503e+02 7.0522e+02 1.9938e+02 1.1693e-01
4.7020e+02 1.8510e+02 4.9816e+02 2.0039e+02 1.0848e-01
2.2313e+02 1.9683e+02 3.0756e+02 2.3497e+02 9.8729e-02
3.4705e+01 1.8769e+02 7.7702e+01 2.6700e+02 9.8021e-02
4.7529e+02 1.8529e+02 5.0397e+02 2.0047e+02 9.5483e-02
2.2147e+01 1.8943e+02 6.3609e+01 2.6121e+02 9.3652e-02
3.9862e+02 1.8658e+02 4.2384e+02 2.0400e+02 9.1368e-02
4.2175e+02 1.8623e+02 4.4423e+02 2.0388e+02 9.0928e-02
2.4354e+02 1.7773e+02 2.7710e+02 2.4117e+02 8.7211e-02
4.9052e+02 1.8255e+02 5.1692e+02 1.9829e+02 8.5338e-02
4.6845e+02 1.7603e+02 4.8338e+02 1.9912e+02 8.4500e-02
4.0739e+02 1.8472e+02 4.2227e+02 2.1240e+02 8.3343e-02
2.4781e+01 1.9119e+02 1.1347e+02 2.3107e+02 7.9087e-02
2.5975e+02 1.8469e+02 2.9216e+02 2.4418e+02 7.8645e-02
5.0192e+02 1.7477e+02 5.1544e+02 1.9792e+02 7.5997e-02
3.3390e+01 1.7156e+02 8.9473e+01 2.7927e+02 7.4435e-02
4.2011e+02 1.8902e+02 4.4847e+02 2.0388e+02 7.3493e-02
4.9820e+02 1.7693e+02 5.2386e+02 1.9163e+02 7.2879e-02
2.6013e+02 1.8214e+02 2.8200e+02 2.2979e+02 7.0941e-02
4.1422e+02 1.8622e+02 4.3748e+02 2.0484e+02 6.9241e-02
2.4643e+02 1.8851e+02 2.9875e+02 2.1298e+02 6.7112e-02
2.9557e+01 1.8700e+02 6.9449e+01 2.6334e+02 6.6928e-02
4.0654e+02 1.8585e+02 4.3870e+02 2.0196e+02 6.4977e-02
4.8518e+02 1.8454e+02 5.1424e+02 1.9946e+02 6.4849e-02
4.9954e+02 1.7485e+02 5.1252e+02 1.9812e+02 6.2922e-02
4.8080e+02 1.8508e+02 5.0999e+02 1.9998e+02 6.0912e-02
1.9694e+02 1.8328e+02 3.3268e+02 2.3969e+02 6.0338e-02
2.5562e+02 1.9278e+02 3.0696e+02 2.2175e+02 5.8950e-02
1.2902e+01 1.8727e+02 5.8238e+01 2.6143e+02 5.4876e-02
4.2324e+02 1.8431e+02 4.3606e+02 2.0909e+02 5.4146e-02
4.6034e+01 1.8875e+02 8.8036e+01 2.6552e+02 5.2682e-02
4.1143e+02 1.8149e+02 4.2975e+02 2.0881e+02 5.2082e-02
2.4522e+01 1.7654e+02 9.6548e+01 3.1764e+02 5.1205e-02
2.0462e+00 1.6128e+02 6.6593e+01 3.4626e+02 4.8235e-02
2.4296e+02 1.8798e+02 3.1330e+02 2.2260e+02 4.6597e-02
4.1449e+02 1.9195e+02 4.4769e+02 2.0848e+02 4.1720e-02
5.9085e+00 1.7003e+02 7.0140e+01 3.0634e+02 4.0485e-02
4.6460e+02 1.7634e+02 4.7644e+02 2.0047e+02 4.0327e-02
3.9347e+02 1.8441e+02 4.5216e+02 2.1020e+02 3.9788e-02
4.7032e+02 1.7856e+02 4.8406e+02 2.0318e+02 3.7579e-02
4.0243e+01 1.8377e+02 8.5370e+01 2.5683e+02 3.5177e-02
6.9112e+02 1.6829e+02 7.0314e+02 2.0133e+02 3.4463e-02
2.5152e+02 1.8840e+02 3.2115e+02 2.2734e+02 3.1350e-02
4.8942e+02 1.7723e+02 5.1390e+02 1.9474e+02 3.1341e-02
4.6190e+02 1.8135e+02 4.7727e+02 2.0588e+02 3.1065e-02
2.4817e+02 1.9451e+02 3.0406e+02 2.3081e+02 3.0317e-02
4.0764e+02 1.8123e+02 4.2071e+02 2.0579e+02 2.8526e-02
1.2350e+01 2.1146e+02 1.0902e+02 2.6063e+02 2.8437e-02
4.9082e+02 1.7622e+02 5.1819e+02 1.9227e+02 2.8285e-02
2.6770e+02 1.8195e+02 2.9063e+02 2.3038e+02 2.8252e-02
0.0000e+00 2.0361e+02 1.2792e+02 2.7441e+02 2.8101e-02
4.9717e+02 1.8167e+02 5.2163e+02 1.9816e+02 2.7706e-02
5.0603e+02 1.7741e+02 5.3317e+02 1.9482e+02 2.6592e-02
2.5223e+02 1.8412e+02 2.9030e+02 2.3272e+02 2.6104e-02
5.0451e+02 1.7492e+02 5.1743e+02 1.9837e+02 2.5340e-02
4.9729e+02 1.7751e+02 5.1092e+02 2.0060e+02 2.4647e-02
2.3633e+02 1.8982e+02 2.9280e+02 2.1384e+02 2.4632e-02
4.0026e+02 1.9376e+02 4.3705e+02 2.1111e+02 2.3871e-02
3.0741e+01 2.0042e+02 9.1998e+01 2.2470e+02 2.3415e-02
2.4610e+02 1.8899e+02 2.9613e+02 2.0705e+02 2.2215e-02
5.4260e+01 1.8978e+02 9.6478e+01 2.6285e+02 2.1523e-02
3.7647e+01 1.9540e+02 8.4751e+01 2.7867e+02 2.0997e-02
4.2066e+02 1.9096e+02 4.4998e+02 2.0683e+02 2.0841e-02
2.6398e+02 1.8171e+02 2.8571e+02 2.2963e+02 2.0432e-02
3.3879e+01 2.0547e+02 9.5528e+01 2.3506e+02 2.0278e-02
2.2725e+02 1.9257e+02 2.8164e+02 2.1748e+02 2.0146e-02
3.9816e+02 1.8914e+02 4.2830e+02 2.0809e+02 1.9476e-02
4.5182e+02 1.8071e+02 4.7699e+02 1.9639e+02 1.8962e-02
8.8433e+00 1.8903e+02 4.6034e+01 2.6072e+02 1.8422e-02
4.2122e+02 1.8616e+02 4.4978e+02 2.0081e+02 1.8350e-02
3.7210e+01 2.0176e+02 9.5197e+01 2.2961e+02 1.8194e-02
9.2791e+00 1.9820e+02 1.4258e+02 2.6515e+02 1.7967e-02
4.9585e+02 1.7463e+02 5.0835e+02 1.9874e+02 1.7232e-02
4.1980e+02 1.8038e+02 4.3597e+02 2.0852e+02 1.6883e-02
4.3995e+01 1.7118e+02 1.0298e+02 2.8505e+02 1.6855e-02
0.0000e+00 1.7600e+02 9.9509e+01 2.5404e+02 1.6659e-02
4.5661e+02 1.8668e+02 4.8771e+02 2.0296e+02 1.6533e-02
4.0170e+02 1.8422e+02 4.2822e+02 2.0329e+02 1.6105e-02
2.4220e+01 2.0493e+02 8.3997e+01 2.3463e+02 1.5981e-02
2.7412e+01 1.9736e+02 8.4540e+01 2.2135e+02 1.5775e-02
5.0600e+02 1.8138e+02 5.3360e+02 1.9649e+02 1.5385e-02
2.5449e+02 1.8111e+02 2.7471e+02 2.2902e+02 1.5298e-02
2.5056e+02 1.8197e+02 2.7188e+02 2.2826e+02 1.5040e-02
4.5233e+02 1.7678e+02 4.8116e+02 1.9460e+02 1.4720e-02
0.0000e+00 1.8034e+02 6.8530e+01 2.6580e+02 1.4661e-02
4.2649e+02 1.8751e+02 4.5240e+02 2.0452e+02 1.4568e-02
4.7216e+02 1.7471e+02 4.8567e+02 1.9805e+02 1.3559e-02
4.6932e+02 1.8061e+02 4.8532e+02 2.0657e+02 1.2803e-02
4.0127e+01 2.0238e+02 1.0267e+02 2.2432e+02 1.2525e-02
3.8403e+00 1.8166e+02 1.6295e+02 2.4775e+02 1.2258e-02
6.9009e+02 1.6898e+02 7.0873e+02 1.9463e+02 1.1870e-02
4.5856e+01 2.0538e+02 1.0460e+02 2.3335e+02 1.1458e-02
4.6457e+02 1.7139e+02 4.8171e+02 2.0159e+02 1.1405e-02
5.1091e+01 1.9756e+02 1.2401e+02 2.3600e+02 1.0961e-02
5.0203e+02 1.8271e+02 5.2702e+02 1.9908e+02 1.0665e-02
0.0000e+00 1.6854e+02 7.5451e+01 2.5316e+02 1.0633e-02
2.7357e+02 1.8494e+02 2.9974e+02 2.3251e+02 1.0601e-02
3.9977e+02 1.8331e+02 4.3438e+02 2.0109e+02 1.0581e-02
2.0459e+02 1.7710e+02 3.1793e+02 2.4659e+02 1.0175e-02
0.0000e+00 2.0291e+02 1.3678e+01 3.2604e+02 1.0113e-02
4.0513e+02 1.8201e+02 4.1641e+02 2.0736e+02 1.0021e-02
0.0000e+00 1.9421e+02 9.0526e+01 2.9735e+02 9.9276e-03
0.0000e+00 1.9403e+02 5.0758e+01 2.4676e+02 9.8390e-03
2.2927e+02 2.0274e+02 2.8548e+02 2.2901e+02 9.6459e-03
4.1893e+02 1.8475e+02 4.4066e+02 2.0331e+02 9.5848e-03
1.9207e+01 1.8626e+02 1.3439e+02 2.5950e+02 9.4333e-03
4.1330e+02 1.8452e+02 4.4161e+02 2.0035e+02 9.1531e-03
6.9287e+02 1.7311e+02 7.0528e+02 2.0656e+02 9.1340e-03
6.8083e-02 1.7633e+02 2.4627e+01 2.8247e+02 9.1313e-03
4.5994e+02 1.7643e+02 4.8959e+02 1.9292e+02 8.9291e-03
5.0963e+02 1.7826e+02 5.3925e+02 1.9626e+02 8.7077e-03
6.8887e+02 1.6430e+02 7.0140e+02 1.9954e+02 8.6229e-03
0.0000e+00 1.4872e+02 2.6484e+01 3.3452e+02 8.5335e-03
4.9386e+02 1.7718e+02 5.0782e+02 2.0173e+02 8.5196e-03
1.1147e+01 2.0380e+02 7.1182e+01 2.3564e+02 8.4199e-03
2.7237e+02 1.8246e+02 2.9472e+02 2.2666e+02 8.3097e-03
4.2803e+02 1.8325e+02 4.4011e+02 2.0744e+02 8.2262e-03
1.8597e+01 1.9879e+02 8.1031e+01 2.2663e+02 8.2150e-03
6.9571e+02 1.6451e+02 7.0805e+02 1.9972e+02 7.9265e-03
2.4524e+02 1.8545e+02 2.9129e+02 2.1557e+02 7.8588e-03
4.4711e+02 1.8254e+02 4.7626e+02 1.9840e+02 7.7879e-03
0.0000e+00 1.7824e+02 1.4282e+01 2.8458e+02 7.7540e-03
0.0000e+00 2.7799e+02 3.0946e+01 3.7500e+02 7.6882e-03
4.7263e+01 2.0685e+02 1.1952e+02 2.4927e+02 7.6308e-03
2.3666e+02 1.8893e+02 2.8362e+02 2.2079e+02 7.3886e-03
1.7865e+02 1.7303e+02 3.2693e+02 2.3682e+02 7.1397e-03
2.5314e+01 2.0780e+02 9.2015e+01 2.3940e+02 7.1321e-03
6.4095e+02 1.6950e+02 6.6054e+02 1.8782e+02 7.0369e-03
2.4876e+00 1.8070e+02 3.4163e+01 2.7420e+02 6.9865e-03
4.8538e+02 1.7544e+02 5.1329e+02 1.9179e+02 6.9056e-03
2.5913e+02 1.8555e+02 2.9983e+02 2.1330e+02 6.7899e-03
4.0391e+02 1.8312e+02 4.1757e+02 2.1148e+02 6.7803e-03
2.6461e+02 1.9562e+02 3.0879e+02 2.2488e+02 6.5290e-03
4.2887e+02 1.8466e+02 4.5245e+02 2.0138e+02 6.4571e-03
5.2885e+01 2.0275e+02 1.0928e+02 2.2944e+02 6.2687e-03
4.6085e+02 1.7793e+02 4.7326e+02 2.0334e+02 6.2116e-03
2.5875e+02 1.7763e+02 2.7865e+02 2.2144e+02 6.1687e-03
6.4504e+02 1.6607e+02 6.5825e+02 1.9053e+02 6.1541e-03
0.0000e+00 1.7144e+02 4.5657e+01 2.7195e+02 5.9506e-03
2.0323e+02 1.6875e+02 3.5533e+02 2.3138e+02 5.9164e-03
4.6111e+02 1.7501e+02 4.7214e+02 1.9978e+02 5.9065e-03
2.6284e+02 1.8861e+02 3.0433e+02 2.1949e+02 5.8905e-03
5.1161e+00 2.0550e+02 6.2800e+01 2.3821e+02 5.8714e-03
3.1468e+01 1.9518e+02 8.1508e+01 2.1562e+02 5.6104e-03
0.0000e+00 1.6893e+02 3.0102e+01 3.7500e+02 5.5515e-03
0.0000e+00 1.9238e+02 2.1052e+01 3.3841e+02 5.5072e-03
2.6760e+02 1.8245e+02 2.9683e+02 2.4193e+02 5.4855e-03
4.9142e+02 1.7398e+02 5.0445e+02 1.9915e+02 5.3331e-03
2.3616e+02 1.7508e+02 2.6904e+02 2.3683e+02 5.2177e-03
5.0412e+02 1.7562e+02 5.3028e+02 1.9136e+02 5.1599e-03
8.0116e+00 1.9303e+02 3.3791e+01 2.5082e+02 5.1488e-03
5.0778e+02 1.7459e+02 5.2107e+02 1.9829e+02 5.1430e-03
0.0000e+00 0.0000e+00 1.4707e+02 3.7500e+02 5.0286e-03
0.0000e+00 1.8678e+02 6.0850e+00 2.3683e+02 4.9819e-03
0.0000e+00 1.1054e+02 3.3354e+01 2.8464e+02 4.9354e-03
1.2373e+03 1.4275e+02 1.2420e+03 1.9656e+02 4.9209e-03
0.0000e+00 1.8971e+02 6.8416e+01 2.3072e+02 4.8368e-03
2.3719e+02 1.9582e+02 2.9136e+02 2.3351e+02 4.8180e-03
4.6100e+02 1.7029e+02 4.7698e+02 2.0154e+02 4.7613e-03
6.8901e+02 1.7366e+02 7.0778e+02 1.9647e+02 4.7154e-03
6.4557e+01 1.8921e+02 1.0501e+02 2.5791e+02 4.7113e-03
4.0516e+02 1.7700e+02 4.2085e+02 2.0852e+02 4.5867e-03
3.9538e+02 1.8859e+02 4.2127e+02 2.0678e+02 4.5580e-03
2.7695e+02 1.8282e+02 2.9838e+02 2.2542e+02 4.4104e-03
3.5169e+01 1.7470e+02 1.1034e+02 3.2041e+02 4.3167e-03
0.0000e+00 1.7386e+02 1.4622e+02 2.3829e+02 4.3110e-03
6.4309e+02 1.6603e+02 6.5497e+02 1.8993e+02 4.3015e-03
4.1405e+00 1.9962e+02 6.0880e+01 2.2634e+02 4.2669e-03
2.6930e+02 1.8726e+02 2.9518e+02 2.3511e+02 4.2627e-03
0.0000e+00 1.9497e+02 3.1955e+01 3.5516e+02 4.1459e-03
2.7083e+02 1.7871e+02 2.9038e+02 2.1987e+02 4.1313e-03
4.3159e+02 1.8265e+02 4.4582e+02 2.0876e+02 4.1135e-03
6.3636e+02 1.7110e+02 6.6218e+02 1.8664e+02 4.0841e-03
0.0000e+00 1.7658e+02 7.2875e+00 2.2484e+02 4.0600e-03
2.4549e+02 1.8246e+02 2.7071e+02 2.3233e+02 4.0355e-03
0.0000e+00 3.2601e+02 1.4145e+01 3.7500e+02 3.9458e-03
2.4749e+02 1.8023e+02 2.6828e+02 2.2586e+02 3.8387e-03
4.4681e+02 1.7532e+02 5.1041e+02 2.0251e+02 3.8341e-03
2.3973e+02 1.5910e+02 2.9936e+02 2.8594e+02 3.8220e-03
2.5732e+02 1.8924e+02 3.0198e+02 2.0673e+02 3.7916e-03
2.1255e+02 1.8630e+02 2.8863e+02 2.2340e+02 3.7823e-03
2.5466e+02 1.8529e+02 3.2643e+02 2.2069e+02 3.7400e-03
0.0000e+00 1.9212e+02 6.7089e+00 2.4698e+02 3.6948e-03
4.2446e+02 1.7913e+02 4.3838e+02 2.0835e+02 3.6547e-03
4.7519e+02 1.7828e+02 4.8815e+02 2.0257e+02 3.6126e-03
0.0000e+00 1.5118e+02 7.3327e+01 2.3630e+02 3.5134e-03
4.1716e+02 1.8378e+02 4.4478e+02 1.9923e+02 3.4838e-03
2.2238e+02 1.6900e+02 3.3177e+02 2.4217e+02 3.4520e-03
4.9572e+02 1.7865e+02 5.1105e+02 2.0626e+02 3.3051e-03
4.2930e+02 1.8434e+02 4.6002e+02 1.9958e+02 3.1948e-03
4.0861e+02 1.9188e+02 4.4063e+02 2.0971e+02 3.1687e-03
5.0595e+02 1.8334e+02 5.3121e+02 1.9989e+02 3.1637e-03
4.9856e+02 1.7893e+02 5.1397e+02 2.0605e+02 3.1496e-03
0.0000e+00 1.6611e+02 1.6163e+01 2.5659e+02 3.1198e-03
5.1495e+02 1.7399e+02 5.4703e+02 1.9528e+02 3.1138e-03
5.7930e+00 1.8999e+02 2.8052e+01 2.4682e+02 3.0817e-03
0.0000e+00 9.0991e+01 2.1723e+02 3.7500e+02 3.0059e-03
2.3253e+02 1.8829e+02 2.8825e+02 2.0781e+02 2.9916e-03
1.1584e+03 0.0000e+00 1.2420e+03 1.8062e+02 2.9580e-03
4.2221e+02 1.8632e+02 4.3827e+02 2.1419e+02 2.9575e-03
1.2375e+03 1.5403e+02 1.2420e+03 2.0908e+02 2.9517e-03
0.0000e+00 3.1614e+02 4.4247e+01 3.7500e+02 2.9434e-03
6.9004e+02 1.7571e+02 7.0288e+02 2.1143e+02 2.9402e-03
6.4026e+01 2.0181e+02 1.3255e+02 2.4169e+02 2.9205e-03
1.2361e+03 1.5387e+02 1.2420e+03 1.8276e+02 2.9122e-03
2.6658e+02 1.7826e+02 2.8532e+02 2.1929e+02 2.9001e-03
2.9569e+00 1.9055e+02 2.3101e+01 2.5132e+02 2.8952e-03
4.9137e+00 1.3773e+02 9.3694e+01 2.8088e+02 2.8880e-03
0.0000e+00 1.5304e+02 4.5218e+01 3.5501e+02 2.8265e-03
0.0000e+00 5.5515e+01 7.0223e+01 3.7500e+02 2.8029e-03
2.8036e+02 1.8496e+02 3.0281e+02 2.2910e+02 2.7799e-03
4.2011e+02 1.8245e+02 4.4854e+02 1.9848e+02 2.7636e-03
4.2366e+02 1.8313e+02 4.4484e+02 2.0128e+02 2.7595e-03
0.0000e+00 1.9428e+02 2.0568e+01 2.5006e+02 2.7582e-03
3.9487e+02 1.8413e+02 4.1849e+02 2.0273e+02 2.7245e-03
4.4469e+02 1.8127e+02 4.6957e+02 1.9702e+02 2.7166e-03
0.0000e+00 2.1189e+02 1.0014e+02 3.1813e+02 2.6968e-03
0.0000e+00 1.8336e+02 5.2963e+01 3.7500e+02 2.6704e-03
0.0000e+00 1.4055e+02 4.9841e+01 2.4508e+02 2.6526e-03
9.9387e+00 1.8731e+02 3.1129e+01 2.3782e+02 2.6348e-03
5.0870e+02 1.7465e+02 5.3600e+02 1.9173e+02 2.6293e-03
2.4761e+02 1.9307e+02 3.0661e+02 2.3332e+02 2.6006e-03
2.5295e+02 2.0086e+02 3.0335e+02 2.2818e+02 2.5788e-03
2.2649e+02 1.9639e+02 2.7453e+02 2.2010e+02 2.5693e-03
5.7545e+01 2.0583e+02 1.1142e+02 2.3371e+02 2.5675e-03
6.3541e+02 1.7007e+02 6.5631e+02 1.8767e+02 2.5639e-03
2.3018e+02 1.5933e+02 2.8907e+02 2.8179e+02 2.5585e-03
4.5574e+02 1.7386e+02 5.2222e+02 2.0112e+02 2.5420e-03
0.0000e+00 1.8011e+02 2.8699e+01 3.2863e+02 2.5113e-03
1.0893e+03 0.0000e+00 1.2420e+03 3.7500e+02 2.4796e-03
0.0000e+00 1.9315e+02 3.3849e+01 2.3850e+02 2.4740e-03
1.2052e+03 9.7637e+01 1.2420e+03 2.8129e+02 2.4685e-03
4.3246e+00 1.9740e+02 5.6331e+01 2.2130e+02 2.4378e-03
4.6563e+02 1.7613e+02 4.9392e+02 1.9227e+02 2.4129e-03
4.8978e+02 1.7724e+02 5.0425e+02 2.0269e+02 2.4092e-03
1.1549e+03 6.8920e+00 1.2420e+03 3.7500e+02 2.3963e-03
5.1955e+00 1.8783e+02 8.3785e+01 3.7500e+02 2.3865e-03
1.2130e+03 1.4003e+02 1.2279e+03 2.0198e+02 2.3481e-03
5.4114e+00 1.9988e+02 4.4145e+01 2.4066e+02 2.3424e-03
2.5588e+02 1.7694e+02 2.7447e+02 2.1984e+02 2.3334e-03
4.9081e+01 2.0759e+02 1.1017e+02 2.3788e+02 2.3276e-03
2.3040e+02 1.8464e+02 3.0160e+02 2.1596e+02 2.3017e-03
1.2335e+03 1.5559e+02 1.2420e+03 1.7889e+02 2.2949e-03
1.2162e+03 1.4280e+02 1.2323e+03 2.0827e+02 2.2913e-03
1.2017e+03 2.8777e+02 1.2420e+03 3.7500e+02 2.2806e-03
0.0000e+00 1.4209e+02 1.5773e+02 3.0560e+02 2.2790e-03
1.0343e+03 1.5927e+02 1.2041e+03 2.2314e+02 2.2749e-03
0.0000e+00 1.1341e+02 1.6629e+02 2.7318e+02 2.2415e-03
4.6305e+02 1.8754e+02 4.9440e+02 2.0397e+02 2.2297e-03
3.3117e+00 2.0154e+02 5.5474e+01 2.3187e+02 2.1850e-03
0.0000e+00 2.0281e+02 6.5064e+01 3.7500e+02 2.1822e-03
2.3286e+02 1.9044e+02 2.7299e+02 2.1872e+02 2.1792e-03
4.8010e+02 1.7543e+02 5.0823e+02 1.9157e+02 2.1538e-03
6.4823e+02 1.6599e+02 6.6143e+02 1.9265e+02 2.1478e-03
1.8523e+01 1.7962e+02 6.7142e+01 2.5307e+02 2.1296e-03
6.9331e+01 2.0335e+02 1.1578e+02 2.2828e+02 2.1018e-03
1.2089e+03 1.3944e+02 1.2247e+03 2.0033e+02 2.0880e-03
5.8989e+00 1.8535e+02 4.1386e+01 2.8975e+02 2.0829e-03
1.2257e+03 1.3378e+02 1.2420e+03 2.3661e+02 2.0811e-03
4.4565e+02 1.7623e+02 4.7463e+02 1.9457e+02 2.0617e-03
0.0000e+00 3.5772e+02 6.0430e+00 3.7500e+02 2.0574e-03
5.1190e+02 1.7660e+02 5.2561e+02 2.0312e+02 2.0480e-03
1.2343e+03 1.5183e+02 1.2420e+03 1.7510e+02 2.0477e-03
0.0000e+00 1.9970e+02 3.1115e+01 2.4515e+02 2.0454e-03
3.3544e+01 1.7796e+02 8.0972e+01 2.5224e+02 2.0412e-03
1.2202e+03 1.4589e+02 1.2355e+03 2.1386e+02 2.0124e-03
1.2337e+03 1.5972e+02 1.2420e+03 1.8293e+02 1.9879e-03
6.1679e+01 2.0230e+02 1.1475e+02 2.2355e+02 1.9761e-03
1.5168e+01 1.9762e+02 7.1242e+01 2.2287e+02 1.9736e-03
0.0000e+00 0.0000e+00 3.3885e+01 7.9718e+01 1.9567e-03
1.2364e+03 1.6184e+02 1.2420e+03 1.9081e+02 1.9377e-03
1.2236e+03 3.3234e+02 1.2420e+03 3.7500e+02 1.9335e-03
1.2034e+03 0.0000e+00 1.2420e+03 8.8667e+01 1.9267e-03
2.2977e+02 1.9428e+02 2.8063e+02 2.2689e+02 1.9249e-03
1.0782e+03 1.7960e+02 1.1779e+03 2.1951e+02 1.9210e-03
5.1846e+02 1.7180e+02 5.4793e+02 1.9169e+02 1.9135e-03
3.5796e+01 1.9876e+02 9.6245e+01 2.1965e+02 1.8920e-03
1.2100e+03 1.7697e+02 1.2420e+03 2.2108e+02 1.8788e-03
4.7710e+02 1.7493e+02 4.8874e+02 1.9899e+02 1.8716e-03
4.3640e+02 1.8301e+02 4.6685e+02 1.9865e+02 1.8538e-03
1.1886e+03 3.2051e+02 1.2420e+03 3.7500e+02 1.8398e-03
4.7440e+02 1.8003e+02 4.8937e+02 2.0699e+02 1.8313e-03
4.9248e+02 1.7891e+02 5.0755e+02 2.0676e+02 1.8312e-03
1.2070e+03 1.3286e+02 1.2420e+03 3.1455e+02 1.8305e-03
3.9386e+02 1.9207e+02 4.2683e+02 2.0904e+02 1.8218e-03
0.0000e+00 1.8583e+02 1.0595e+01 2.1376e+02 1.8016e-03
4.8632e+02 1.7494e+02 4.9864e+02 2.0083e+02 1.7822e-03
2.6460e+01 2.1698e+02 9.0906e+01 2.4685e+02 1.7802e-03
5.2451e+01 1.8986e+02 1.2932e+02 2.2744e+02 1.7745e-03
1.2251e+03 1.5637e+02 1.2420e+03 2.6058e+02 1.7534e-03
1.0930e+03 0.0000e+00 1.2420e+03 5.8992e+01 1.7455e-03
1.1688e+03 1.4518e+02 1.2420e+03 2.3572e+02 1.7349e-03
2.5213e+02 1.7832e+02 2.7076e+02 2.2068e+02 1.7234e-03
0.0000e+00 1.8547e+02 3.5673e+01 2.3015e+02 1.7147e-03
2.4351e+02 1.7828e+02 2.6245e+02 2.2356e+02 1.7106e-03
9.6063e+02 0.0000e+00 1.2420e+03 1.2963e+02 1.7066e-03
0.0000e+00 1.2565e+02 7.5883e+01 2.8818e+02 1.6981e-03
4.3146e+02 1.8665e+02 4.5761e+02 2.0310e+02 1.6446e-03
0.0000e+00 1.2664e+02 1.0493e+02 3.3773e+02 1.6422e-03
2.4736e-01 1.9010e+02 1.7243e+01 2.5149e+02 1.6381e-03
2.1680e+02 1.6309e+02 3.8116e+02 2.2746e+02 1.6340e-03
5.0282e+02 1.7758e+02 5.1732e+02 2.0692e+02 1.6338e-03
4.6551e+02 1.8054e+02 4.8348e+02 2.1016e+02 1.6087e-03
1.2341e+03 1.6366e+02 1.2420e+03 1.8679e+02 1.6019e-03
1.3960e+01 2.0839e+02 7.9694e+01 2.4130e+02 1.5972e-03
1.1562e+03 1.8075e+02 1.2420e+03 3.7500e+02 1.5905e-03
3.2588e+01 1.9218e+02 8.0583e+01 2.1186e+02 1.5841e-03
2.6139e+02 1.8821e+02 3.0709e+02 2.1049e+02 1.5791e-03
6.9631e+02 1.7259e+02 7.0896e+02 2.0721e+02 1.5769e-03
4.1005e+02 1.8880e+02 4.2859e+02 2.1906e+02 1.5768e-03
0.0000e+00 2.1446e+02 8.8781e+01 2.6359e+02 1.5514e-03
0.0000e+00 2.6226e+02 1.5506e+02 3.7500e+02 1.5440e-03
3.4882e+01 2.1040e+02 9.7513e+01 2.4119e+02 1.5394e-03
0.0000e+00 1.8229e+02 2.3602e+01 2.3463e+02 1.5376e-03
1.2122e+03 1.6925e+02 1.2420e+03 2.1335e+02 1.5347e-03
0.0000e+00 3.2571e+02 5.8144e+01 3.7500e+02 1.5238e-03
2.7568e+01 1.8738e+02 1.7484e+02 2.5427e+02 1.5158e-03
1.2343e+03 1.6757e+02 1.2420e+03 1.9098e+02 1.5104e-03
0.0000e+00 1.6603e+02 1.4590e+02 3.3444e+02 1.5055e-03
7.7118e+02 1.6859e+02 8.1651e+02 1.9072e+02 1.5011e-03
0.0000e+00 1.9417e+02 9.8866e+00 2.2096e+02 1.4941e-03
6.3202e-01 1.5028e+02 4.4933e+01 2.9086e+02 1.4873e-03
0.0000e+00 1.6884e+02 6.7602e+00 2.1763e+02 1.4846e-03
3.6413e+01 1.9678e+02 8.5319e+01 2.2629e+02 1.4711e-03
3.2346e+00 2.0411e+02 3.7866e+01 3.4065e+02 1.4506e-03
1.2203e+03 3.5375e+02 1.2420e+03 3.7500e+02 1.4422e-03
0.0000e+00 2.5176e+02 9.4923e+01 3.7500e+02 1.4417e-03
1.1193e+03 0.0000e+00 1.2420e+03 8.8147e+01 1.4348e-03
1.0775e+03 1.7254e+02 1.1793e+03 2.1159e+02 1.4134e-03
1.2368e+03 1.4651e+02 1.2420e+03 1.7510e+02 1.4126e-03
3.9099e+02 1.8634e+02 4.1498e+02 2.0425e+02 1.4021e-03
1.2098e+03 1.8484e+02 1.2420e+03 2.2910e+02 1.3915e-03
3.9759e+02 1.8263e+02 4.2158e+02 2.0183e+02 1.3824e-03
1.0221e+03 8.5738e+01 1.2420e+03 3.7500e+02 1.3685e-03
7.7509e+02 1.7312e+02 8.1698e+02 1.9352e+02 1.3677e-03
1.1709e+03 1.6169e+02 1.2420e+03 2.5067e+02 1.3670e-03
0.0000e+00 3.5042e+02 2.1866e+01 3.7500e+02 1.3616e-03
0.0000e+00 9.3143e+01 1.0039e+02 2.9493e+02 1.3526e-03
3.8447e+02 1.7883e+02 4.5367e+02 2.0983e+02 1.3523e-03
2.6702e+02 1.9097e+02 3.0996e+02 2.1605e+02 1.3502e-03
0.0000e+00 1.8692e+02 1.0777e+01 2.3631e+02 1.3387e-03
4.8111e+02 1.7584e+02 4.9295e+02 2.0000e+02 1.3334e-03
1.2260e+03 1.8749e+02 1.2420e+03 2.9443e+02 1.3322e-03
1.6086e+01 1.8804e+02 1.0696e+02 2.2254e+02 1.3305e-03
4.5786e+02 1.6787e+02 4.7203e+02 2.0144e+02 1.3282e-03
6.9120e+02 1.6761e+02 7.1213e+02 1.9190e+02 1.3198e-03
4.5845e+02 1.7198e+02 4.8358e+02 1.9139e+02 1.3188e-03
4.0688e+02 1.8843e+02 4.2531e+02 2.1915e+02 1.3179e-03
0.0000e+00 1.9815e+02 9.1983e+00 2.2505e+02 1.3113e-03
0.0000e+00 2.0408e+02 4.9205e+01 2.3631e+02 1.3040e-03
3.9798e+00 1.8674e+02 2.0963e+01 2.3705e+02 1.2967e-03
1.1634e+03 0.0000e+00 1.2420e+03 3.2161e+01 1.2953e-03
4.0478e+02 1.7919e+02 4.3234e+02 1.9847e+02 1.2940e-03
1.2355e+03 1.4802e+02 1.2420e+03 1.7148e+02 1.2829e-03
1.1736e+03 1.2959e+02 1.2420e+03 2.2184e+02 1.2805e-03
1.2365e+03 1.6968e+02 1.2420e+03 1.9884e+02 1.2804e-03
9.9839e+02 1.5821e+02 1.1761e+03 2.2597e+02 1.2543e-03
4.9375e+01 1.7876e+02 9.3755e+01 2.4627e+02 1.2447e-03
2.1527e+01 1.3829e+02 1.0662e+02 2.7139e+02 1.2442e-03
0.0000e+00 1.7757e+02 3.4189e+01 2.2139e+02 1.2399e-03
1.0655e+03 1.5770e+02 1.2321e+03 2.2395e+02 1.2374e-03
1.0192e+03 0.0000e+00 1.2420e+03 1.8852e+02 1.2335e-03
4.0096e+02 1.8019e+02 4.1318e+02 2.0962e+02 1.2285e-03
5.1753e+00 1.9696e+02 4.0284e+01 2.2857e+02 1.2250e-03
0.0000e+00 1.9139e+02 1.1748e+01 2.4615e+02 1.2160e-03
1.2130e+03 1.6128e+02 1.2420e+03 2.0543e+02 1.2101e-03
0.0000e+00 1.5969e+02 9.1823e+01 3.6706e+02 1.2031e-03
1.2264e+03 0.0000e+00 1.2420e+03 4.7820e+01 1.1959e-03
7.0069e+02 1.6382e+02 7.1403e+02 2.0182e+02 1.1932e-03
0.0000e+00 0.0000e+00 7.3017e+01 1.5602e+02 1.1619e-03
1.2183e+03 1.7168e+02 1.2420e+03 2.2932e+02 1.1613e-03
7.2099e+02 1.5502e+02 8.1727e+02 1.9584e+02 1.1604e-03
1.1898e+03 1.3469e+02 1.2420e+03 2.4932e+02 1.1534e-03
2.1083e+01 2.1191e+02 8.6792e+01 2.4465e+02 1.1490e-03
6.4303e+02 1.6010e+02 6.5658e+02 1.8826e+02 1.1450e-03
4.8844e+02 1.7929e+02 5.0366e+02 2.0733e+02 1.1387e-03
4.7082e+02 1.7576e+02 4.9787e+02 1.9207e+02 1.1268e-03
1.2375e+03 1.6562e+02 1.2420e+03 2.2114e+02 1.1095e-03
0.0000e+00 1.8764e+02 1.5037e+01 2.1244e+02 1.1081e-03
4.2777e+02 1.8105e+02 4.5072e+02 1.9902e+02 1.1074e-03
1.2112e+03 1.9256e+02 1.2420e+03 2.3699e+02 1.1048e-03
6.8664e+02 1.6898e+02 7.0569e+02 1.9427e+02 1.0997e-03
4.6956e+02 1.8831e+02 4.9968e+02 2.0409e+02 1.0968e-03
1.0823e+03 2.6035e+02 1.2420e+03 3.7500e+02 1.0854e-03
1.3451e+01 1.9198e+02 3.5096e+01 2.4210e+02 1.0774e-03
6.6749e+00 1.9083e+02 5.3604e+01 2.8038e+02 1.0759e-03
1.2141e+03 1.5342e+02 1.2420e+03 1.9712e+02 1.0708e-03
1.1704e+03 1.7895e+02 1.2420e+03 2.6541e+02 1.0656e-03
4.8312e+01 1.8512e+02 6.4175e+01 2.2702e+02 1.0618e-03
4.3422e+02 1.8180e+02 4.4964e+02 2.1032e+02 1.0594e-03
1.0883e+03 1.3178e+02 1.2420e+03 3.0750e+02 1.0594e-03
1.0758e+03 1.0060e+02 1.2420e+03 2.8170e+02 1.0593e-03
5.0056e+02 1.6928e+02 5.1710e+02 1.9788e+02 1.0586e-03
4.1397e+02 1.8802e+02 4.3145e+02 2.1940e+02 1.0535e-03
6.2424e+01 1.8899e+02 8.2249e+01 2.3561e+02 1.0528e-03
6.8673e+02 1.6968e+02 7.1878e+02 1.8983e+02 1.0461e-03
7.6078e+02 1.6744e+02 8.0840e+02 1.9047e+02 1.0454e-03
4.7149e+02 1.7225e+02 5.4046e+02 2.0102e+02 1.0435e-03
4.1674e+02 1.7378e+02 4.3218e+02 2.0851e+02 1.0378e-03
3.0129e-01 1.8721e+02 1.5033e+01 2.3868e+02 1.0365e-03
0.0000e+00 1.2319e+02 4.6401e+01 2.2841e+02 1.0306e-03
6.4377e+02 1.7171e+02 6.6376e+02 1.8963e+02 1.0180e-03
2.4148e+02 1.3942e+02 3.0272e+02 2.5763e+02 1.0168e-03
0.0000e+00 7.1380e+01 3.0856e+01 2.5438e+02 1.0165e-03
1.1749e+01 1.9650e+02 5.5803e+01 2.2986e+02 1.0151e-03
4.6379e+02 1.6495e+02 4.7993e+02 2.0023e+02 1.0144e-03
1.0856e+03 1.6560e+02 1.1882e+03 2.0143e+02 1.0136e-03
0.0000e+00 2.0732e+02 2.0114e+01 2.6696e+02 1.0103e-03
1.2063e+03 6.2821e+01 1.2420e+03 2.5209e+02 1.0088e-03
6.8426e+02 1.7182e+02 7.1565e+02 1.9169e+02 1.0056e-03
0.0000e+00 1.9826e+02 7.3975e+00 2.5981e+02 1.0032e-03
4.5528e+02 1.7104e+02 4.7995e+02 1.9049e+02 1.0017e-03
0.0000e+00 2.2858e+02 2.1683e+01 2.9452e+02 9.9990e-04
1.2119e+03 2.0042e+02 1.2420e+03 2.4554e+02 9.9121e-04
2.5460e+02 1.4953e+02 3.1228e+02 2.8857e+02 9.9074e-04
4.0523e+00 1.8740e+02 3.7020e+01 3.1333e+02 9.8717e-04
1.1223e+03 2.4868e+02 1.2420e+03 3.7500e+02 9.8109e-04
0.0000e+00 1.3369e+02 6.7050e+01 2.1883e+02 9.7848e-04
5.1824e+02 1.6943e+02 5.4903e+02 1.8785e+02 9.7603e-04
0.0000e+00 1.9964e+02 4.5258e+01 2.2633e+02 9.7443e-04
6.9748e+02 1.6100e+02 7.1049e+02 1.9674e+02 9.6980e-04
1.2375e+03 0.0000e+00 1.2420e+03 2.3314e+01 9.5935e-04
4.2306e+02 1.8131e+02 4.5429e+02 1.9732e+02 9.5933e-04
1.2339e+03 1.7546e+02 1.2420e+03 1.9891e+02 9.5630e-04
4.2888e+02 1.7766e+02 4.4202e+02 2.0768e+02 9.5381e-04
4.3113e+02 1.8036e+02 4.6325e+02 1.9767e+02 9.4970e-04
0.0000e+00 1.8431e+02 1.3548e+01 2.0824e+02 9.4857e-04
0.0000e+00 1.9159e+02 1.6093e+01 2.1680e+02 9.4811e-04
0.0000e+00 2.7934e+02 4.8950e+01 3.7500e+02 9.4775e-04
1.2063e+03 1.6994e+02 1.2420e+03 3.6078e+02 9.4382e-04
1.2258e+03 1.3793e+02 1.2389e+03 2.0465e+02 9.4175e-04
5.1777e+01 1.8654e+02 6.9028e+01 2.3262e+02 9.3365e-04
4.9759e+02 1.6840e+02 5.1309e+02 1.9828e+02 9.3289e-04
4.7564e+02 1.7582e+02 5.0316e+02 1.9177e+02 9.1988e-04
1.6308e+01 1.9101e+02 4.0365e+01 2.4557e+02 9.1734e-04
6.6093e+01 1.8991e+02 8.6336e+01 2.3681e+02 9.1652e-04
0.0000e+00 1.4614e+02 1.6137e+01 2.4173e+02 9.1324e-04
2.5667e+02 1.8619e+02 2.8056e+02 2.3582e+02 9.1225e-04
0.0000e+00 1.9576e+02 4.1932e+01 3.1267e+02 9.1058e-04
2.4245e+02 1.8407e+02 2.6525e+02 2.3087e+02 9.0014e-04
6.9133e+00 1.8285e+02 2.5603e+01 2.3519e+02 8.9757e-04
1.2200e+03 1.5645e+02 1.2420e+03 2.1442e+02 8.9660e-04
1.2102e+03 2.0845e+02 1.2420e+03 2.5280e+02 8.8974e-04
0.0000e+00 0.0000e+00 3.0374e+02 1.4144e+02 8.8384e-04
1.2382e+03 1.3113e+02 1.2420e+03 1.8507e+02 8.8265e-04
1.5233e+01 1.8829e+02 3.3375e+01 2.3525e+02 8.8260e-04
6.5202e+02 1.6544e+02 6.6591e+02 1.9419e+02 8.7052e-04
2.2895e+02 1.3862e+02 2.9298e+02 2.6163e+02 8.7021e-04
9.5867e+02 1.5780e+02 1.1279e+03 2.2639e+02 8.6329e-04
2.2657e+02 2.0005e+02 2.7087e+02 2.2343e+02 8.6311e-04
3.8740e+02 1.8605e+02 4.5406e+02 2.1523e+02 8.6164e-04
3.6776e+02 1.8323e+02 4.4361e+02 2.1246e+02 8.3567e-04
1.1209e+03 8.1311e+01 1.2420e+03 3.1391e+02 8.3461e-04
6.2846e+01 1.6449e+02 1.1536e+02 2.9229e+02 8.3409e-04
1.2153e+03 1.4582e+02 1.2420e+03 1.8949e+02 8.2266e-04
1.0855e+03 1.5734e+02 1.1891e+03 1.9329e+02 8.1748e-04
1.1804e+03 0.0000e+00 1.2420e+03 4.3757e+01 8.0970e-04
1.1729e+03 1.9405e+02 1.2420e+03 2.8106e+02 7.7769e-04
0.0000e+00 0.0000e+00 1.1121e+02 8.2198e+01 7.7331e-04
0.0000e+00 1.6807e+02 3.4891e+01 2.1433e+02 7.5395e-04
2.7014e+02 1.7894e+02 3.0030e+02 2.3505e+02 7.4725e-04
1.0196e+03 1.7228e+02 1.1908e+03 2.3788e+02 7.4443e-04
1.2189e+03 1.8744e+02 1.2420e+03 2.4518e+02 7.4203e-04
2.4229e+01 1.7359e+02 1.9204e+02 2.4394e+02 7.4162e-04
0.0000e+00 0.0000e+00 2.2687e+02 1.6115e+02 7.3103e-04
0.0000e+00 2.4964e+02 2.6777e+01 3.7500e+02 7.3005e-04
0.0000e+00 1.0918e+02 5.2066e+01 2.9128e+02 7.2284e-04
1.1018e+03 1.7898e+02 1.2011e+03 2.1943e+02 6.9081e-04
1.4337e+01 1.9681e+02 6.1633e+01 2.7444e+02 6.8140e-04
1.2273e+03 1.1113e+02 1.2420e+03 2.1396e+02 6.7681e-04
3.6866e+00 1.6383e+02 1.8512e+02 2.3283e+02 6.7503e-04
2.6454e+02 1.8805e+02 3.3908e+02 2.2463e+02 6.7481e-04
0.0000e+00 2.0357e+02 4.6017e+01 2.6001e+02 6.7105e-04
1.1787e+03 1.1487e+02 1.2420e+03 2.0685e+02 6.6997e-04
1.1904e+03 1.6847e+02 1.2420e+03 2.8050e+02 6.6603e-04
1.1015e+03 1.7167e+02 1.2021e+03 2.1073e+02 6.6268e-04
0.0000e+00 0.0000e+00 5.2286e+01 4.6243e+01 6.4337e-04
0.0000e+00 0.0000e+00 1.5638e+02 7.3101e+01 6.4082e-04
1.0854e+03 1.8715e+02 1.1876e+03 2.2534e+02 6.4046e-04
3.0759e+01 2.1673e+02 1.1772e+02 2.6266e+02 6.3178e-04
0.0000e+00 2.7715e+02 7.1615e+01 3.7500e+02 6.2929e-04
0.0000e+00 2.1814e+02 1.3567e+01 3.5752e+02 6.2723e-04
1.1139e+03 1.5760e+02 1.2119e+03 1.9383e+02 6.2234e-04
1.1127e+03 1.6494e+02 1.2112e+03 2.0210e+02 6.2153e-04
1.4313e+02 1.6129e+02 3.1426e+02 2.3069e+02 6.1905e-04
1.0368e+03 1.7873e+02 1.1399e+03 2.1982e+02 6.1713e-04
5.5038e+01 1.9815e+02 9.8176e+01 2.7872e+02 6.1106e-04
0.0000e+00 1.6679e+02 2.4601e+01 2.5622e+02 6.0833e-04
2.4117e+01 1.9622e+02 6.9819e+01 2.7681e+02 6.0149e-04
1.2108e+03 0.0000e+00 1.2420e+03 1.5650e+01 6.0133e-04
2.3737e+02 1.8230e+02 3.1479e+02 2.1477e+02 5.9933e-04
1.2212e+03 1.4121e+02 1.2420e+03 1.9780e+02 5.9600e-04
4.3536e+02 1.7186e+02 5.0413e+02 2.0154e+02 5.8960e-04
9.2485e+02 1.5705e+02 1.0966e+03 2.2556e+02 5.8222e-04
1.0350e+03 1.4755e+02 1.2066e+03 2.1185e+02 5.8208e-04
0.0000e+00 8.0713e+01 1.5135e+02 2.4004e+02 5.7229e-04
2.5250e+02 1.9985e+02 3.2304e+02 2.3530e+02 5.6695e-04
1.2183e+03 2.0324e+02 1.2420e+03 2.6106e+02 5.6652e-04
9.8846e+02 1.7105e+02 1.1615e+03 2.4039e+02 5.6452e-04
3.9956e+02 1.8204e+02 4.7025e+02 2.1270e+02 5.6187e-04
0.0000e+00 1.3187e+01 6.0833e+01 3.2727e+02 5.5351e-04
1.2588e+00 2.1024e+02 6.2866e+01 2.6538e+02 5.4620e-04
0.0000e+00 2.1390e+02 2.8482e+01 2.6088e+02 5.4567e-04
3.1750e+02 1.5575e+02 4.0317e+02 1.9467e+02 5.3930e-04
2.0167e+02 1.8935e+02 2.7788e+02 2.2607e+02 5.3532e-04
1.2257e+03 2.0683e+02 1.2420e+03 3.2187e+02 5.3346e-04
0.0000e+00 3.3907e+01 2.9227e+02 3.4939e+02 5.2700e-04
0.0000e+00 2.0861e+02 6.7568e+01 2.9974e+02 5.2646e-04
2.7014e+02 1.8247e+02 3.0002e+02 2.5755e+02 5.2537e-04
1.1746e+03 2.0936e+02 1.2420e+03 2.9856e+02 5.1599e-04
1.2181e+03 0.0000e+00 1.2420e+03 1.9347e+01 5.1364e-04
9.4513e+02 1.4421e+02 1.1144e+03 2.1259e+02 5.1329e-04
0.0000e+00 0.0000e+00 1.4071e+01 5.5518e+01 5.1178e-04
0.0000e+00 1.6398e+02 2.5130e+01 2.1939e+02 5.1071e-04
3.4235e+02 1.5558e+02 5.2254e+02 2.2325e+02 5.0516e-04
1.1477e+01 2.7942e+02 8.8374e+01 3.7500e+02 4.9426e-04
0.0000e+00 1.1659e+02 6.0399e+01 3.7500e+02 4.8169e-04
2.6859e+02 1.8385e+02 3.4319e+02 2.1908e+02 4.7497e-04
1.2154e+03 5.6754e+01 1.2420e+03 1.0313e+02 4.7189e-04
0.0000e+00 3.2626e+02 2.2721e+01 3.7500e+02 4.7047e-04
1.1925e+03 1.0432e+02 1.2420e+03 2.1987e+02 4.7011e-04
3.9924e+02 1.7624e+02 4.7387e+02 2.0736e+02 4.6984e-04
0.0000e+00 2.3814e+02 2.9307e+01 2.8527e+02 4.6714e-04
7.2467e+02 1.6305e+02 8.1567e+02 2.0023e+02 4.5529e-04
1.0522e+03 1.7295e+02 1.2198e+03 2.3750e+02 4.5415e-04
1.8775e+02 1.7508e+02 2.9937e+02 2.5362e+02 4.5319e-04
0.0000e+00 1.8529e+02 4.9931e+01 2.3521e+02 4.4521e-04
1.1206e+03 1.7137e+02 1.2194e+03 2.1122e+02 4.3267e-04
2.4726e+02 1.5399e+02 4.2557e+02 2.2512e+02 4.2656e-04
9.4444e+02 1.7091e+02 1.1134e+03 2.3948e+02 4.2498e-04
1.8555e+02 1.5900e+02 3.0671e+02 2.3884e+02 4.1874e-04
2.1503e+02 1.8021e+02 2.9386e+02 2.1346e+02 4.1286e-04
7.6273e+02 2.8988e+02 8.3998e+02 3.7500e+02 4.0949e-04
1.0157e+03 1.7760e+02 1.1204e+03 2.2009e+02 4.0341e-04
1.1669e+03 1.0831e+02 1.2355e+03 2.8815e+02 4.0334e-04
1.0354e+03 1.7115e+02 1.1412e+03 2.1221e+02 4.0273e-04
0.0000e+00 0.0000e+00 7.8512e+01 4.4189e+01 3.9998e-04
1.0626e+03 1.8705e+02 1.1647e+03 2.2603e+02 3.9729e-04
1.2263e+03 2.6936e+01 1.2420e+03 1.3838e+02 3.9632e-04
0.0000e+00 2.2403e+02 1.2038e+02 3.0568e+02 3.9259e-04
3.7770e+01 1.8675e+02 1.2775e+02 2.2158e+02 3.8964e-04
1.1277e+03 1.6483e+02 1.2289e+03 2.0349e+02 3.8953e-04
7.3581e+02 1.5608e+02 8.3241e+02 1.9475e+02 3.8949e-04
1.5217e+02 1.8223e+02 3.1057e+02 2.4981e+02 3.8708e-04
1.1068e+03 1.5546e+02 1.2420e+03 3.3891e+02 3.7040e-04
1.2146e+03 1.3831e+02 1.2420e+03 1.8201e+02 3.7014e-04
0.0000e+00 5.2599e+01 1.1050e+02 3.7500e+02 3.6879e-04
1.0663e+03 1.4503e+02 1.2325e+03 2.1265e+02 3.6514e-04
4.2292e+01 1.3173e+02 1.1756e+02 2.7109e+02 3.5035e-04
0.0000e+00 1.2843e+02 1.6747e+01 2.2789e+02 3.5035e-04
1.2132e+03 2.2394e+02 1.2420e+03 2.6853e+02 3.4997e-04
2.2123e+02 1.4515e+02 2.7484e+02 2.7486e+02 3.4962e-04
3.1856e+02 1.6465e+02 4.0183e+02 2.0040e+02 3.4940e-04
2.1544e+02 1.8980e+02 2.8061e+02 2.3130e+02 3.4800e-04
2.3888e+02 1.6539e+02 3.5588e+02 2.4364e+02 3.4499e-04
1.1939e+03 1.9863e+02 1.2420e+03 3.1453e+02 3.4264e-04
2.1327e+02 2.0088e+02 2.8639e+02 2.3753e+02 3.4039e-04
7.7832e+02 2.9160e+02 8.5438e+02 3.7500e+02 3.3908e-04
2.5705e+02 1.2683e+02 3.1480e+02 2.6253e+02 3.3543e-04
1.1202e+03 1.7943e+02 1.2196e+03 2.1977e+02 3.3123e-04
0.0000e+00 1.5916e+02 3.2739e+01 2.0739e+02 3.2798e-04
0.0000e+00 3.2438e+02 3.2506e+01 3.7500e+02 3.2584e-04
3.0013e+02 1.5386e+02 3.8942e+02 1.9458e+02 3.2557e-04
7.7602e+01 1.8978e+02 1.0640e+02 2.5680e+02 3.2315e-04
4.4457e+02 1.7909e+02 5.1082e+02 2.1032e+02 3.1826e-04
1.2210e+03 2.1827e+02 1.2420e+03 2.7712e+02 3.1810e-04
0.0000e+00 2.2111e+02 2.6796e+01 2.6825e+02 3.1561e-04
2.1899e+02 1.8092e+02 3.7536e+02 2.4988e+02 3.1016e-04
9.7224e+02 1.4450e+02 1.1455e+03 2.1470e+02 3.0621e-04
6.5920e+01 2.1614e+02 1.3436e+02 2.5461e+02 3.0509e-04
8.8281e+02 9.4335e+01 9.4937e+02 2.6038e+02 3.0464e-04
8.8962e+02 1.5591e+02 1.0698e+03 2.2613e+02 3.0411e-04
9.5492e+02 2.0479e+01 1.2420e+03 3.7500e+02 3.0378e-04
1.1489e+03 1.5629e+02 1.2408e+03 1.9579e+02 3.0370e-04
0.0000e+00 2.2256e+02 1.2903e+02 3.7500e+02 3.0179e-04
1.0266e+03 1.3136e+02 1.0923e+03 2.8935e+02 3.0122e-04
2.7850e+02 1.7384e+02 3.0623e+02 2.4330e+02 3.0074e-04
1.2177e+03 4.8158e+01 1.2420e+03 9.4332e+01 2.9545e-04
1.0511e+03 1.5055e+02 1.1786e+03 2.2960e+02 2.9317e-04
7.4784e+02 2.8816e+02 8.2470e+02 3.7500e+02 2.8997e-04
9.1498e+02 1.4352e+02 1.0880e+03 2.1046e+02 2.8809e-04
1.0301e+03 1.8567e+02 1.1285e+03 2.2615e+02 2.8682e-04
2.6330e+02 1.9458e+02 3.3819e+02 2.3053e+02 2.8476e-04
4.1133e+02 1.7342e+02 4.3831e+02 2.2490e+02 2.8327e-04
1.1515e+03 1.1466e+02 1.2236e+03 2.8021e+02 2.8191e-04
0.0000e+00 1.1840e+02 5.6851e+01 2.0462e+02 2.8136e-04
1.0158e+03 1.7016e+02 1.1184e+03 2.1277e+02 2.8082e-04
7.4812e+01 1.9688e+02 1.4832e+02 2.3369e+02 2.7928e-04
2.3451e+02 1.6812e+02 4.0172e+02 2.3895e+02 2.7823e-04
1.0130e+03 1.3302e+02 1.0750e+03 2.8870e+02 2.7748e-04
5.9678e+01 1.8270e+02 1.4643e+02 2.1983e+02 2.7502e-04
1.0598e+03 1.6539e+02 1.1669e+03 2.0364e+02 2.7113e-04
1.4709e+00 1.8872e+02 8.4665e+01 2.2405e+02 2.7069e-04
0.0000e+00 2.2569e+02 4.1305e+01 3.4801e+02 2.6899e-04
1.1800e+03 2.2287e+02 1.2420e+03 3.1665e+02 2.6839e-04
1.2267e+03 2.6324e+02 1.2420e+03 3.7500e+02 2.6804e-04
7.0759e+01 1.9550e+02 1.2873e+02 2.3651e+02 2.6778e-04
9.6304e+02 1.7983e+02 1.0563e+03 2.1985e+02 2.6446e-04
6.7034e+01 1.7925e+02 1.0555e+02 2.4742e+02 2.5934e-04
7.2461e+01 1.8888e+02 1.5184e+02 2.2647e+02 2.5915e-04
1.1033e+03 1.5290e+02 1.2420e+03 2.2684e+02 2.5831e-04
3.1128e+02 1.5285e+02 4.8960e+02 2.2124e+02 2.5466e-04
5.8247e+02 2.7749e+02 9.4655e+02 3.7500e+02 2.5356e-04
1.0790e+03 1.5153e+02 1.1806e+03 1.8719e+02 2.5206e-04
2.0780e+02 1.8330e+02 3.2243e+02 2.6834e+02 2.4744e-04
8.9455e+02 1.0557e+02 9.6343e+02 2.8143e+02 2.4738e-04
7.1248e+02 1.4907e+02 8.1317e+02 1.8977e+02 2.4547e-04
0.0000e+00 3.0893e+02 1.1069e+01 3.7500e+02 2.4039e-04
4.8530e+02 1.6985e+02 5.5570e+02 2.0091e+02 2.3923e-04
1.9025e+01 1.9061e+02 1.0143e+02 3.7500e+02 2.3890e-04
0.0000e+00 2.2735e+02 9.9998e+01 3.4941e+02 2.3640e-04
2.7860e+02 1.5222e+02 4.5820e+02 2.2223e+02 2.3543e-04
1.2801e+01 2.0849e+02 1.5242e+02 2.8032e+02 2.3438e-04
8.4189e+02 1.4894e+02 9.3328e+02 1.8805e+02 2.3180e-04
1.2205e+03 5.0797e+01 1.2420e+03 1.0852e+02 2.3146e-04
9.1054e+02 1.0640e+02 9.8016e+02 2.7919e+02 2.3053e-04
9.0891e+02 1.7073e+02 1.0848e+03 2.4001e+02 2.3027e-04
7.3181e+02 8.7273e+01 8.0722e+02 2.6761e+02 2.2973e-04
3.2111e+02 8.7705e+01 3.8993e+02 2.6555e+02 2.2925e-04
4.6049e+00 3.2718e+02 4.0826e+01 3.7500e+02 2.2909e-04
1.0417e+03 1.3345e+02 1.1075e+03 2.8765e+02 2.2888e-04
2.6553e+02 1.3982e+02 4.4101e+02 2.1187e+02 2.2621e-04
1.1439e+03 1.6980e+02 1.2420e+03 2.1215e+02 2.2320e-04
9.9757e+02 1.3415e+02 1.0600e+03 2.8743e+02 2.1805e-04
2.1502e+02 1.2298e+02 2.7720e+02 2.6530e+02 2.1803e-04
0.0000e+00 2.4191e+02 2.3463e+01 3.0980e+02 2.1802e-04
6.5444e+01 1.9551e+02 1.0585e+02 2.8239e+02 2.1750e-04
1.1833e+03 9.7740e+01 1.2420e+03 2.9222e+02 2.1704e-04
4.0385e+02 1.5503e+02 5.9055e+02 2.2241e+02 2.1614e-04
7.9575e+02 2.9083e+02 8.6863e+02 3.7500e+02 2.1590e-04
3.7124e+02 1.5433e+02 5.5754e+02 2.2175e+02 2.1448e-04
1.1637e+03 2.9313e+02 1.2409e+03 3.7500e+02 2.1437e-04
8.6620e+02 9.6277e+01 9.3377e+02 2.6203e+02 2.1423e-04
1.1830e+03 2.8462e+02 1.2420e+03 3.7500e+02 2.1351e-04
1.2252e+03 2.2576e+02 1.2420e+03 3.4742e+02 2.1340e-04
0.0000e+00 1.4983e+02 3.2304e+01 1.9921e+02 2.1311e-04
1.3498e+02 1.7120e+02 2.9607e+02 2.4185e+02 2.1224e-04
2.3213e+01 2.2719e+02 1.1577e+02 2.6465e+02 2.1150e-04
1.1820e+03 9.8254e+01 1.2420e+03 1.9005e+02 2.1150e-04
9.7913e+02 1.2271e+02 1.0460e+03 2.7350e+02 2.0968e-04
2.5754e+01 2.8050e+02 1.0525e+02 3.7500e+02 2.0902e-04
1.2095e+03 2.4522e+02 1.2420e+03 3.7500e+02 2.0822e-04
1.7894e+02 1.9143e+02 3.4825e+02 2.6387e+02 2.0586e-04
8.3252e+02 1.5457e+02 9.2607e+02 1.9566e+02 2.0506e-04
1.0835e+03 1.4826e+02 1.2070e+03 2.2949e+02 2.0191e-04
9.9062e+02 1.4824e+02 1.1146e+03 2.3709e+02 2.0163e-04
0.0000e+00 3.1636e+02 1.1741e+02 3.7500e+02 2.0162e-04
4.2218e+02 1.7464e+02 4.9735e+02 2.0462e+02 2.0072e-04
1.1332e+03 1.3558e+02 1.2420e+03 3.7244e+02 1.9840e-04
4.4469e+01 1.8360e+02 1.6244e+02 2.6283e+02 1.9684e-04
1.2146e+03 2.3159e+02 1.2420e+03 2.7775e+02 1.9600e-04
9.6442e+02 1.8681e+02 1.0558e+03 2.2639e+02 1.9174e-04
0.0000e+00 1.4208e+02 3.1124e+01 1.9042e+02 1.9163e-04
2.0070e+02 1.9600e+02 2.7510e+02 2.3086e+02 1.9038e-04
8.5852e+02 1.1444e+02 1.2054e+03 2.7515e+02 1.8758e-04
1.2099e+03 1.2431e+02 1.2387e+03 2.4413e+02 1.8674e-04
0.0000e+00 2.2309e+02 6.4855e+01 3.2016e+02 1.8503e-04
1.1651e+03 1.1266e+02 1.2420e+03 3.7500e+02 1.8279e-04
5.1034e+02 2.7216e+02 8.9276e+02 3.7500e+02 1.8203e-04
1.1421e+03 1.7777e+02 1.2420e+03 2.2065e+02 1.8154e-04
0.0000e+00 1.4615e+02 2.4667e+01 2.0463e+02 1.8041e-04
1.2015e+03 1.2761e+02 1.2331e+03 2.3878e+02 1.8038e-04
3.3666e+02 1.4035e+02 5.2632e+02 2.1639e+02 1.7998e-04
1.1542e+03 1.6424e+02 1.2420e+03 2.0474e+02 1.7844e-04
2.4639e+02 1.7898e+02 3.2409e+02 2.1208e+02 1.7840e-04
1.0189e+03 1.4973e+02 1.1487e+03 2.3411e+02 1.7737e-04
2.7257e+02 1.4180e+02 3.3408e+02 2.9186e+02 1.7735e-04
7.1931e+02 8.2504e+01 7.9145e+02 2.6980e+02 1.7734e-04
2.2711e+02 1.6989e+02 2.5798e+02 2.3662e+02 1.7669e-04
0.0000e+00 3.1733e+02 7.2239e+01 3.7500e+02 1.7628e-04
3.3627e+02 8.6790e+01 4.0501e+02 2.6479e+02 1.7516e-04
7.9683e+02 1.1123e+02 1.1437e+03 2.7687e+02 1.7511e-04
3.3762e+02 1.6630e+02 4.1861e+02 1.9988e+02 1.7395e-04
2.3501e+02 1.8139e+02 2.6752e+02 2.5092e+02 1.7353e-04
1.1086e+03 1.8702e+02 1.2116e+03 2.2604e+02 1.7319e-04
7.3200e+02 2.8973e+02 8.0957e+02 3.7500e+02 1.7281e-04
3.0132e+02 1.6422e+02 3.8907e+02 2.0234e+02 1.7267e-04
9.7826e+02 1.7813e+02 1.0713e+03 2.2028e+02 1.7035e-04
1.2156e+03 1.3011e+02 1.2420e+03 1.7392e+02 1.6942e-04
7.0818e+02 1.6395e+02 8.0018e+02 2.0063e+02 1.6898e-04
9.6033e+02 1.5052e+02 1.0814e+03 2.3591e+02 1.6799e-04
2.1502e+02 2.0365e+02 3.0708e+02 2.3974e+02 1.6604e-04
2.7460e+01 2.0064e+02 1.3350e+02 2.8333e+02 1.6538e-04
1.2280e+03 9.2679e+01 1.2420e+03 1.9884e+02 1.6512e-04
4.0656e+02 1.7328e+02 4.3243e+02 2.2336e+02 1.6472e-04
1.8522e+02 1.8330e+02 2.7021e+02 2.1858e+02 1.6362e-04
0.0000e+00 8.9677e+01 3.3489e+02 3.7500e+02 1.6338e-04
8.5622e+00 1.9462e+02 4.7054e+01 3.0017e+02 1.6308e-04
1.0091e+03 1.6050e+02 1.1324e+03 2.4915e+02 1.6227e-04
3.0474e+02 1.1059e+02 3.6953e+02 2.7643e+02 1.6149e-04
7.6613e+01 1.8074e+02 1.6374e+02 2.2091e+02 1.6039e-04
9.2934e+02 1.2821e+02 1.0989e+03 1.9381e+02 1.5989e-04
7.3067e+02 3.2592e+02 8.6125e+02 3.7500e+02 1.5918e-04
9.2780e+02 1.1073e+02 9.9577e+02 2.7595e+02 1.5665e-04
3.1955e+02 1.7162e+02 4.0516e+02 2.0731e+02 1.5470e-04
4.3896e+02 2.7004e+02 8.3245e+02 3.7500e+02 1.5470e-04
1.0604e+03 1.5681e+02 1.1673e+03 1.9435e+02 1.5304e-04
1.1221e+03 1.4269e+02 1.2350e+03 2.3598e+02 1.5266e-04
4.6141e+02 1.6310e+02 5.4106e+02 1.9765e+02 1.5252e-04
9.6257e+02 1.1691e+02 1.0302e+03 2.7264e+02 1.5251e-04
5.7441e+01 1.7265e+02 1.2444e+02 3.2398e+02 1.5232e-04
1.1708e+03 1.4805e+02 1.2378e+03 3.2291e+02 1.5204e-04
1.0870e+03 1.9439e+02 1.1851e+03 2.3173e+02 1.5186e-04
3.0815e+02 1.4915e+02 3.9951e+02 1.8924e+02 1.5129e-04
1.2088e+03 1.4880e+02 1.2407e+03 2.6483e+02 1.5122e-04
9.8146e+02 1.6086e+02 1.0999e+03 2.5000e+02 1.5029e-04
7.5702e+02 2.1458e+02 8.9906e+02 3.7500e+02 1.5020e-04
1.1023e+03 1.5221e+02 1.2023e+03 1.8766e+02 1.4937e-04
2.8169e+02 1.8177e+02 3.6259e+02 2.1745e+02 1.4876e-04
1.1112e+03 1.8691e+02 1.2420e+03 3.6986e+02 1.4720e-04
1.0573e+03 1.3226e+02 1.1235e+03 2.8540e+02 1.4719e-04
3.3413e+02 1.5673e+02 4.1920e+02 1.9390e+02 1.4592e-04
3.3047e+02 1.6624e+02 4.9874e+02 2.3415e+02 1.4577e-04
2.9041e+02 1.1425e+02 3.5350e+02 2.7491e+02 1.4517e-04
0.0000e+00 1.9400e+02 2.3943e+01 3.7500e+02 1.4407e-04
7.2770e+02 2.1661e+02 8.6713e+02 3.7500e+02 1.4387e-04
1.0053e+03 1.8457e+02 1.1811e+03 2.5730e+02 1.4260e-04
2.8500e+02 1.8851e+02 3.7214e+02 2.2461e+02 1.4171e-04
1.2154e+03 1.2877e+02 1.2420e+03 2.4749e+02 1.4086e-04
1.6704e+02 1.6504e+02 2.8490e+02 2.5000e+02 1.3875e-04
1.0382e+03 1.6163e+02 1.1644e+03 2.4557e+02 1.3865e-04
8.1160e+02 2.8835e+02 8.8500e+02 3.7500e+02 1.3839e-04
6.9317e+02 2.1569e+02 8.3515e+02 3.7500e+02 1.3811e-04
3.8784e+02 1.7123e+02 4.6348e+02 2.0898e+02 1.3736e-04
9.7411e+02 1.8482e+02 1.1513e+03 2.5949e+02 1.3682e-04
9.4532e+02 1.1265e+02 1.0117e+03 2.7416e+02 1.3677e-04
1.0351e+03 1.6332e+02 1.1414e+03 2.0391e+02 1.3594e-04
1.1496e+03 1.5094e+02 1.2381e+03 1.8793e+02 1.3584e-04
8.6317e+00 2.1073e+02 4.6533e+01 3.3071e+02 1.3480e-04
1.1175e+03 2.5091e+01 1.2420e+03 3.7500e+02 1.3396e-04
1.0868e+03 1.7141e+02 1.2420e+03 2.4010e+02 1.3334e-04
9.9559e+02 1.7751e+02 1.0899e+03 2.1971e+02 1.3277e-04
2.9615e+02 1.3985e+02 4.7561e+02 2.1606e+02 1.3260e-04
2.3619e+02 1.4293e+02 4.0845e+02 2.1228e+02 1.3231e-04
5.5661e+02 2.0538e+02 7.1485e+02 3.7500e+02 1.3229e-04
8.4579e+02 1.5286e+02 9.4334e+02 1.9536e+02 1.3209e-04
0.0000e+00 2.1490e+02 4.7426e+01 3.7500e+02 1.3178e-04
9.6256e+02 1.7102e+02 1.0591e+03 2.1361e+02 1.3139e-04
0.0000e+00 9.9719e+01 1.6486e+01 2.0904e+02 1.3085e-04
1.1867e+03 1.3729e+02 1.2420e+03 3.2586e+02 1.3049e-04
0.0000e+00 2.5716e+02 1.1226e+02 3.7500e+02 1.3006e-04
5.2355e+02 2.0157e+02 6.8437e+02 3.7500e+02 1.2980e-04
8.4193e+01 1.8878e+02 1.7143e+02 2.2664e+02 1.2963e-04
8.4946e+02 1.0562e+02 9.1802e+02 2.8138e+02 1.2917e-04
8.9097e+02 3.7614e+01 1.0474e+03 3.7490e+02 1.2856e-04
5.8977e+02 2.0333e+02 7.4551e+02 3.7500e+02 1.2848e-04
3.5745e+02 1.6532e+02 5.3326e+02 2.3537e+02 1.2817e-04
9.7717e+02 1.6926e+02 1.0755e+03 2.1246e+02 1.2811e-04
2.5741e+02 1.4726e+02 3.8193e+02 2.3634e+02 1.2757e-04
6.2425e+01 1.1737e+02 1.3081e+02 2.7616e+02 1.2739e-04
6.5841e+02 2.1215e+02 8.0581e+02 3.7500e+02 1.2685e-04
2.2376e+02 1.0205e+02 2.9658e+02 2.6577e+02 1.2675e-04
2.5849e+02 1.7374e+02 3.0004e+02 2.3453e+02 1.2650e-04
2.7507e+02 1.1759e+02 3.3453e+02 2.6902e+02 1.2631e-04
7.0040e+02 3.3132e+02 8.8591e+02 3.7500e+02 1.2622e-04
1.0895e+03 1.2771e+02 1.1544e+03 2.6741e+02 1.2595e-04
4.0383e+02 1.6448e+02 4.3496e+02 2.2088e+02 1.2539e-04
2.3875e+02 1.0274e+02 3.0982e+02 2.5982e+02 1.2476e-04
1.0741e+03 1.3246e+02 1.1397e+03 2.8376e+02 1.2456e-04
6.2512e+02 2.0606e+02 7.7515e+02 3.7500e+02 1.2415e-04
0.0000e+00 2.8886e+02 1.2289e+01 3.7500e+02 1.2356e-04
1.1474e+03 2.9283e+02 1.2271e+03 3.7500e+02 1.2312e-04
1.1999e+03 2.2603e+02 1.2420e+03 3.5047e+02 1.2267e-04
1.2189e+03 3.9514e+01 1.2420e+03 8.7073e+01 1.2266e-04
9.2867e+02 1.4728e+02 1.0538e+03 2.3749e+02 1.2262e-04
0.0000e+00 0.0000e+00 2.5534e+02 3.0643e+02 1.2248e-04
2.0763e+01 1.5433e+02 1.6047e+02 2.4418e+02 1.2151e-04
9.6524e+02 1.4753e+02 1.0683e+03 1.8858e+02 1.2055e-04
8.0075e+01 1.7758e+02 1.1014e+02 2.4756e+02 1.1894e-04
8.1234e+02 1.5430e+02 9.0344e+02 1.9361e+02 1.1885e-04
3.8504e+02 1.0953e+02 4.5252e+02 2.7246e+02 1.1876e-04
1.1833e+03 2.3607e+02 1.2420e+03 3.3330e+02 1.1846e-04
9.9576e+02 1.1260e+02 1.0598e+03 2.5223e+02 1.1846e-04
4.3841e+02 1.5342e+02 6.1867e+02 2.2442e+02 1.1838e-04
1.2092e+03 3.4396e+01 1.2420e+03 2.2251e+02 1.1832e-04
1.0944e+03 1.7541e+02 1.1731e+03 2.2194e+02 1.1766e-04
0.0000e+00 2.5027e+02 3.1263e+01 3.0103e+02 1.1739e-04
1.6408e+02 1.8890e+02 2.4885e+02 2.2536e+02 1.1715e-04
9.2278e+02 4.6875e+01 1.0786e+03 3.7159e+02 1.1686e-04
9.5538e+02 1.2749e+02 1.1265e+03 1.9671e+02 1.1684e-04
7.9836e+01 1.9164e+02 1.1007e+02 2.6909e+02 1.1609e-04
0.0000e+00 9.9027e+01 1.3988e+02 3.7500e+02 1.1596e-04
6.9846e+02 1.5447e+02 7.9665e+02 1.9579e+02 1.1590e-04
4.7604e+02 1.6365e+02 5.5156e+02 1.9889e+02 1.1586e-04
1.0072e+03 1.8458e+02 1.1103e+03 2.2636e+02 1.1500e-04
1.2140e+03 7.1373e+01 1.2420e+03 1.1779e+02 1.1486e-04
1.1237e+01 3.2796e+02 4.9640e+01 3.7500e+02 1.1436e-04
1.2229e+03 2.3267e+02 1.2420e+03 2.9549e+02 1.1433e-04
3.5340e+02 1.8205e+02 4.3319e+02 2.1438e+02 1.1424e-04
1.1917e+03 1.2998e+02 1.2265e+03 2.3280e+02 1.1332e-04
1.0491e+03 4.8455e+01 1.2101e+03 3.7500e+02 1.1297e-04
7.1535e+01 2.0498e+02 1.2922e+02 2.4934e+02 1.1266e-04
6.4843e+02 2.7250e+02 1.0103e+03 3.7500e+02 1.1215e-04
7.1502e+02 2.9114e+02 7.9339e+02 3.7500e+02 1.1155e-04
8.2723e+01 2.0455e+02 1.5951e+02 2.4024e+02 1.1152e-04
6.8188e+02 1.5270e+02 7.1293e+02 2.3594e+02 1.1058e-04
1.1046e+03 1.2948e+02 1.1709e+03 2.6829e+02 1.1052e-04
4.4624e+02 2.9207e+02 5.1780e+02 3.7500e+02 1.0987e-04
4.6439e+02 1.6835e+02 5.2626e+02 2.0200e+02 1.0986e-04
7.3123e+02 1.5058e+02 8.0253e+02 1.9863e+02 1.0970e-04
1.0927e+03 3.7435e+01 1.2420e+03 2.2512e+02 1.0944e-04
1.2162e+03 2.3928e+02 1.2420e+03 2.8614e+02 1.0937e-04
0.0000e+00 2.2868e+02 3.0226e+01 2.9665e+02 1.0905e-04
2.8741e+02 1.7279e+02 3.7341e+02 2.0987e+02 1.0874e-04
4.1261e+01 2.8344e+02 1.2246e+02 3.7500e+02 1.0819e-04
6.8855e+02 1.4903e+02 7.2033e+02 2.3711e+02 1.0768e-04
1.2267e+03 4.8595e+01 1.2420e+03 1.6450e+02 1.0617e-04
1.8578e+02 2.0581e+02 2.5936e+02 2.3895e+02 1.0515e-04
9.4732e+02 1.6139e+02 1.0668e+03 2.4957e+02 1.0514e-04
1.9876e+02 1.3184e+02 2.5794e+02 2.8709e+02 1.0466e-04
1.1366e+03 1.1896e+02 1.2054e+03 2.7534e+02 1.0464e-04
7.5676e+01 2.1015e+02 1.4880e+02 2.4793e+02 1.0461e-04
4.4334e+01 2.0215e+02 8.1346e+01 2.9217e+02 1.0448e-04
1.1202e+03 1.2448e+02 1.1873e+03 2.7029e+02 1.0445e-04
1.0109e+03 1.1253e+02 1.0747e+03 2.5390e+02 1.0400e-04
8.1980e+02 1.4939e+02 9.1174e+02 1.8786e+02 1.0395e-04
1.2066e+03 0.0000e+00 1.2420e+03 1.6289e+02 1.0389e-04
3.3849e+02 1.7292e+02 4.2124e+02 2.0717e+02 1.0371e-04
1.2218e+03 1.2514e+02 1.2420e+03 1.8190e+02 1.0333e-04
1.1836e+03 1.3119e+02 1.2200e+03 2.3060e+02 1.0239e-04
1.2138e+03 3.3000e+02 1.2420e+03 3.7500e+02 1.0225e-04
9.6629e+02 1.5410e+02 1.0685e+03 1.9680e+02 1.0176e-04
5.1755e+01 2.0041e+02 8.9457e+01 2.9053e+02 1.0176e-04
3.9979e+02 1.0945e+02 4.6389e+02 2.6758e+02 1.0154e-04
1.0126e+03 1.6218e+02 1.1203e+03 2.0559e+02 1.0135e-04
0.0000e+00 1.7909e+02 5.0270e+01 2.2062e+02 1.0120e-04
4.4419e+01 1.6571e+02 1.7222e+02 2.5332e+02 1.0090e-04
1.1232e+03 1.8598e+02 1.2296e+03 2.2735e+02 1.0044e-04
3.6936e+02 1.0787e+02 4.3652e+02 2.7536e+02 1.0038e-04
9.5752e+02 5.2763e+01 1.1106e+03 3.6892e+02 1.0023e-04
8.6330e+02 3.1085e+01 1.0171e+03 3.7202e+02 1.0012e-04
1.0140e+03 4.9162e+01 1.1765e+03 3.7497e+02 1.0002e-04
8.1730e+02 1.3833e+02 9.8355e+02 2.0766e+02 9.9962e-05
6.6808e+02 1.3119e+02 8.4102e+02 2.0691e+02 9.9661e-05
0.0000e+00 0.0000e+00 2.9432e+01 2.7772e+01 9.8977e-05
1.1297e+03 1.9973e+01 1.2420e+03 2.5081e+02 9.8946e-05
2.9084e+02 1.2731e+02 4.1301e+02 2.2438e+02 9.8825e-05
4.8502e+01 2.1929e+02 1.2465e+02 2.6010e+02 9.8656e-05
8.1192e+01 1.5262e+02 1.3886e+02 2.9854e+02 9.8604e-05
3.2567e+02 1.5231e+02 3.9030e+02 1.9885e+02 9.7821e-05
1.6218e+02 1.5096e+02 2.8673e+02 2.3738e+02 9.7562e-05
8.7640e+02 1.4084e+02 1.0494e+03 2.0874e+02 9.6795e-05
8.4138e+01 1.9704e+02 1.7073e+02 2.3237e+02 9.6701e-05
8.2721e+02 2.8783e+02 9.0137e+02 3.7500e+02 9.6651e-05
9.8566e+02 5.3735e+01 1.1405e+03 3.7123e+02 9.6507e-05
3.0391e+02 1.7231e+02 3.8917e+02 2.0924e+02 9.6493e-05
3.5305e+02 1.0329e+02 4.1964e+02 2.7815e+02 9.6360e-05
1.0500e+03 1.9370e+02 1.1451e+03 2.3230e+02 9.6317e-05
4.3000e+02 2.9261e+02 5.0305e+02 3.7500e+02 9.6247e-05
5.6102e+02 2.6520e+02 8.4083e+02 3.7500e+02 9.6022e-05
1.1693e+03 1.4942e+02 1.2420e+03 1.8975e+02 9.6006e-05
7.4538e+02 8.7165e+01 8.2172e+02 2.7041e+02 9.5936e-05
1.0246e+03 1.1447e+02 1.0906e+03 2.5367e+02 9.5522e-05
4.9108e+02 2.6251e+02 7.8073e+02 3.7500e+02 9.5444e-05
4.6094e+02 2.9179e+02 5.3304e+02 3.7500e+02 9.5312e-05
2.7284e+02 1.7485e+02 3.5374e+02 2.1043e+02 9.5226e-05
1.6378e+02 1.8159e+02 2.5097e+02 2.2009e+02 9.4777e-05
1.0692e+03 1.6180e+02 1.1940e+03 2.4321e+02 9.4367e-05
0.0000e+00 2.3817e+02 6.8790e+01 3.3697e+02 9.4180e-05
7.6272e+02 3.2688e+02 8.9261e+02 3.7500e+02 9.3830e-05
2.8683e+02 1.6535e+02 3.7399e+02 2.0265e+02 9.3712e-05
9.6710e+02 1.6230e+02 1.0706e+03 2.0476e+02 9.3495e-05
4.9680e+02 1.1277e+02 5.6521e+02 2.8280e+02 9.3472e-05
4.9287e+02 2.0129e+02 6.5207e+02 3.7500e+02 9.3409e-05
0.0000e+00 1.3038e+02 2.3915e+01 1.9012e+02 9.3076e-05
1.0391e+03 1.8629e+02 1.2084e+03 2.5623e+02 9.2321e-05
0.0000e+00 2.5856e+02 3.9194e+01 3.7500e+02 9.2274e-05
1.1571e+03 3.2559e+02 1.2420e+03 3.7500e+02 9.2012e-05
9.7411e+02 1.3672e+02 1.0989e+03 2.2417e+02 9.1829e-05
0.0000e+00 4.7140e+01 1.3115e+02 2.1577e+02 9.1564e-05
1.0874e+03 1.6835e+02 1.1656e+03 2.1374e+02 9.1561e-05
4.4454e+02 1.6263e+02 5.2311e+02 1.9916e+02 9.1386e-05
8.9994e+01 1.8041e+02 1.1459e+02 2.4948e+02 9.1329e-05
3.0058e+02 1.8871e+02 3.8873e+02 2.2443e+02 9.1264e-05
3.4589e+02 1.4385e+02 4.7827e+02 2.3668e+02 9.0856e-05
4.0552e+02 1.6385e+02 5.8778e+02 2.3803e+02 9.0723e-05
1.2167e+03 1.2161e+02 1.2420e+03 1.6598e+02 9.0704e-05
9.4500e+02 1.3545e+02 1.0699e+03 2.2272e+02 9.0532e-05
7.0325e+02 8.4062e+01 7.7559e+02 2.6921e+02 9.0223e-05
9.6895e+02 1.9435e+02 1.0562e+03 2.3412e+02 8.9868e-05
1.0542e+03 0.0000e+00 1.2420e+03 2.7909e+02 8.8980e-05
3.8889e+02 1.4163e+02 5.7703e+02 2.1692e+02 8.8958e-05
0.0000e+00 0.0000e+00 5.1987e+01 7.7971e+01 8.8647e-05
3.2515e+01 1.5402e+02 2.2122e+02 2.2966e+02 8.8476e-05
2.9917e+02 1.6381e+02 4.7114e+02 2.3501e+02 8.7996e-05
1.1662e+03 0.0000e+00 1.2420e+03 2.6644e+02 8.7462e-05
0.0000e+00 2.4945e+02 1.3444e+01 3.7500e+02 8.7437e-05
2.8958e+02 1.4795e+02 3.8255e+02 1.8998e+02 8.6556e-05
3.5587e+02 1.7438e+02 4.3857e+02 2.0706e+02 8.6339e-05
0.0000e+00 3.2791e+02 1.5879e+02 3.7500e+02 8.6093e-05
3.1757e+02 1.1445e+02 3.8796e+02 2.9155e+02 8.5979e-05
0.0000e+00 3.5344e+02 3.4862e+01 3.7500e+02 8.5818e-05
4.1332e+02 2.9288e+02 4.8802e+02 3.7500e+02 8.5599e-05
4.6075e+02 1.7884e+02 5.3232e+02 2.1095e+02 8.4952e-05
4.8587e+01 1.8388e+02 2.0833e+02 2.5444e+02 8.4846e-05
6.9752e+02 2.6853e+02 9.5516e+02 3.7500e+02 8.4523e-05
6.9859e+02 2.9066e+02 7.7649e+02 3.7500e+02 8.4358e-05
8.5630e+02 1.5265e+02 1.0358e+03 2.2798e+02 8.4158e-05
1.2162e+03 1.1402e+02 1.2420e+03 1.5789e+02 8.4117e-05
1.7741e+02 2.1184e+02 2.5577e+02 2.4789e+02 8.3880e-05
7.8705e+02 2.1089e+02 9.3016e+02 3.7500e+02 8.3719e-05
1.0355e+02 1.5372e+02 2.8285e+02 2.2745e+02 8.3675e-05
8.8038e+02 1.1551e+02 9.5105e+02 2.9671e+02 8.3616e-05
4.8147e+02 1.1708e+02 5.4806e+02 2.8035e+02 8.3595e-05
0.0000e+00 2.3401e+02 4.2613e+01 3.0539e+02 8.3466e-05
8.6295e+02 1.4784e+02 9.6352e+02 1.8760e+02 8.3274e-05
0.0000e+00 1.2878e+02 2.4254e+02 2.7365e+02 8.2876e-05
1.1997e+03 1.5146e+02 1.2352e+03 2.5985e+02 8.2595e-05
2.6460e+02 1.6510e+02 4.3938e+02 2.3886e+02 8.2452e-05
8.3136e+02 1.0475e+02 9.0168e+02 2.8296e+02 8.2399e-05
1.1224e+03 1.5281e+02 1.2169e+03 1.8776e+02 8.2366e-05
5.2184e+02 1.5678e+02 7.0450e+02 2.2739e+02 8.2273e-05
4.1701e+02 1.7184e+02 4.4472e+02 2.3054e+02 8.2090e-05
8.2620e+00 9.4412e+01 8.7948e+01 2.7057e+02 8.1813e-05
5.8672e+00 1.6313e+02 4.2984e+01 2.5081e+02 8.1450e-05
3.7997e+02 2.9319e+02 4.5561e+02 3.7500e+02 8.1296e-05
0.0000e+00 9.3426e+01 3.9984e+01 1.9788e+02 8.1265e-05
5.8317e+01 1.7521e+02 1.4956e+02 2.1166e+02 8.1258e-05
1.7980e+02 1.2524e+02 2.4633e+02 2.9573e+02 8.0328e-05
1.2155e+03 1.0635e+02 1.2420e+03 1.5052e+02 8.0167e-05
8.0260e+02 1.4825e+02 8.9240e+02 1.8778e+02 7.9926e-05
1.2270e+03 0.0000e+00 1.2420e+03 1.1649e+02 7.8979e-05
3.9600e+02 2.9281e+02 4.7239e+02 3.7500e+02 7.8970e-05
3.7529e+02 1.6973e+02 4.5376e+02 2.0681e+02 7.8836e-05
6.9846e+02 3.2485e+02 8.3158e+02 3.7500e+02 7.8714e-05
8.4333e+02 2.8839e+02 9.1847e+02 3.7500e+02 7.8305e-05
1.0251e+03 1.9335e+02 1.1226e+03 2.3386e+02 7.8242e-05
4.2877e+02 1.6151e+02 5.0836e+02 1.9692e+02 7.8175e-05
7.9510e+02 1.5497e+02 8.8566e+02 1.9459e+02 7.7898e-05
0.0000e+00 0.0000e+00 3.3850e+01 1.9875e+01 7.7549e-05
1.1551e+03 1.5256e+02 1.2251e+03 3.1371e+02 7.6835e-05
1.2177e+03 2.4699e+02 1.2420e+03 2.9415e+02 7.6691e-05
3.8246e+02 1.2961e+02 4.4985e+02 3.0034e+02 7.6566e-05
0.0000e+00 2.3408e+01 2.8016e+01 2.1781e+02 7.6232e-05
2.4568e+01 3.6806e+01 1.7206e+02 3.5337e+02 7.6040e-05
9.7322e+01 1.2455e+02 1.6244e+02 2.8927e+02 7.5872e-05
3.4876e+02 2.6783e+02 7.3526e+02 3.7500e+02 7.5814e-05
3.9757e+02 1.8546e+02 4.7319e+02 2.1919e+02 7.5617e-05
6.9258e+02 1.4980e+02 7.8820e+02 1.8780e+02 7.5495e-05
7.5238e+01 2.1791e+02 1.4831e+02 2.5630e+02 7.5340e-05
2.1184e+02 1.4135e+02 2.7294e+02 3.0571e+02 7.4302e-05
9.4422e+02 1.8388e+02 1.1175e+03 2.5710e+02 7.4220e-05
2.7556e+02 1.5547e+02 3.6798e+02 1.9395e+02 7.4113e-05
6.8846e+02 8.7080e+01 7.5813e+02 2.6704e+02 7.4016e-05
1.7102e+02 2.0581e+02 2.4460e+02 2.4032e+02 7.3768e-05
4.9223e+02 1.5608e+02 6.6774e+02 2.2635e+02 7.3657e-05
8.1439e+02 1.2334e+02 9.8277e+02 1.9503e+02 7.3552e-05
1.0653e+03 1.3954e+02 1.1973e+03 2.1762e+02 7.3533e-05
6.5230e+02 2.8918e+02 7.2552e+02 3.7500e+02 7.3178e-05
3.0220e+02 1.8008e+02 3.9194e+02 2.1754e+02 7.3157e-05
1.1381e+03 1.3422e+02 1.2420e+03 2.1968e+02 7.2982e-05

