6.0970e+02 1.6673e+02 6.4512e+02 1.9659e+02 9.9995e-01
5.1967e+02 1.7240e+02 5.6968e+02 2.1211e+02 9.9991e-01
1.5388e+02 1.8072e+02 3.6545e+02 2.9473e+02 9.9976e-01
5.1715e+02 1.7165e+02 5.7213e+02 2.1407e+02 9.9973e-01
5.7775e+02 1.6742e+02 6.0469e+02 1.9083e+02 9.9948e-01
6.1773e+02 1.6717e+02 6.4685e+02 1.9439e+02 9.9939e-01
6.0295e+02 1.6673e+02 6.3397e+02 1.9150e+02 9.9901e-01
5.8176e+02 1.6879e+02 6.0984e+02 1.8976e+02 9.9889e-01
5.3125e+02 1.7077e+02 5.7556e+02 2.0899e+02 9.9809e-01
5.7520e+02 1.7065e+02 6.0064e+02 1.9219e+02 9.9803e-01
5.5723e+02 1.7163e+02 5.8410e+02 1.9712e+02 9.9707e-01
1.8524e+02 1.8284e+02 3.7324e+02 2.7806e+02 9.9691e-01
5.6822e+02 1.7274e+02 5.9239e+02 1.9253e+02 9.9621e-01
5.6147e+02 1.7295e+02 5.8714e+02 1.9390e+02 9.9497e-01
5.4603e+02 1.7167e+02 5.8101e+02 2.0295e+02 9.9460e-01
6.0159e+02 1.6528e+02 6.2860e+02 1.8910e+02 9.9446e-01
5.7114e+02 1.7058e+02 5.9576e+02 1.9112e+02 9.9412e-01
5.8890e+02 1.6810e+02 6.1606e+02 1.8890e+02 9.9404e-01
5.2630e+02 1.6881e+02 5.7607e+02 2.0787e+02 9.9220e-01
6.2366e+02 1.6679e+02 6.4911e+02 1.9106e+02 9.8464e-01
5.3388e+02 1.7503e+02 5.8090e+02 2.0537e+02 9.8203e-01
5.9690e+02 1.6668e+02 6.2257e+02 1.8733e+02 9.8172e-01
5.2353e+02 1.6878e+02 5.6618e+02 2.0636e+02 9.7931e-01
6.0748e+02 1.6338e+02 6.3224e+02 1.8739e+02 9.7681e-01
6.0166e+02 1.6447e+02 6.2538e+02 1.8451e+02 9.7254e-01
5.4972e+02 1.6925e+02 5.7902e+02 1.9634e+02 9.6928e-01
6.1354e+02 1.6401e+02 6.4026e+02 1.8968e+02 9.6395e-01
5.8181e+02 1.6581e+02 6.0553e+02 1.8784e+02 9.4176e-01
5.4361e+02 1.6948e+02 5.7596e+02 1.9347e+02 9.4089e-01
1.2457e+02 1.7788e+02 3.7228e+02 3.0120e+02 9.4041e-01
2.1854e+02 1.8355e+02 3.7776e+02 2.5620e+02 9.2376e-01
5.4063e+02 1.6791e+02 5.7123e+02 1.9674e+02 9.2276e-01
5.5272e+02 1.7416e+02 5.8078e+02 2.0142e+02 9.1191e-01
6.2917e+02 1.6663e+02 6.5284e+02 1.8878e+02 8.9926e-01
6.1904e+02 1.6478e+02 6.4233e+02 1.8877e+02 8.9916e-01
5.3350e+02 1.6818e+02 5.8436e+02 2.0533e+02 8.9044e-01
6.0740e+02 1.6973e+02 6.3769e+02 1.9534e+02 8.8855e-01
5.2995e+02 1.6837e+02 5.5741e+02 2.1837e+02 8.8407e-01
5.3036e+02 1.7012e+02 5.6793e+02 1.9560e+02 8.8387e-01
5.9320e+02 1.6533e+02 6.1576e+02 1.8397e+02 8.6268e-01
5.1857e+02 1.7204e+02 5.5900e+02 2.0833e+02 8.6267e-01
5.8665e+02 1.6553e+02 6.1015e+02 1.8497e+02 8.5752e-01
6.0495e+02 1.6097e+02 6.2636e+02 1.8088e+02 8.3135e-01
6.1475e+02 1.6386e+02 6.3469e+02 2.0114e+02 8.0236e-01
5.4146e+02 1.6623e+02 5.6718e+02 2.1288e+02 7.9851e-01
5.9792e+02 1.6935e+02 6.2378e+02 1.9125e+02 7.9418e-01
5.5893e+02 1.6632e+02 5.7759e+02 2.0363e+02 7.7796e-01
5.3744e+02 1.6871e+02 5.6274e+02 2.1573e+02 7.7107e-01
6.2015e+02 1.6491e+02 6.3941e+02 1.9960e+02 7.6393e-01
5.4787e+02 1.6631e+02 5.6949e+02 2.0966e+02 7.5990e-01
6.0146e+02 1.6175e+02 6.2334e+02 1.8185e+02 7.3855e-01
1.3953e+02 1.9786e+02 3.3334e+02 2.9444e+02 7.3581e-01
5.6495e+02 1.6912e+02 5.8897e+02 1.8968e+02 7.3246e-01
5.3005e+02 1.6538e+02 5.5937e+02 2.1992e+02 6.8972e-01
6.0886e+02 1.7343e+02 6.4238e+02 1.9672e+02 6.7661e-01
6.2345e+02 1.6459e+02 6.4284e+02 2.0022e+02 6.4927e-01
5.5423e+02 1.6504e+02 5.7398e+02 2.0601e+02 6.4578e-01
2.8995e+02 1.8501e+02 3.6479e+02 2.3163e+02 6.4553e-01
5.8392e+02 1.6509e+02 5.9882e+02 1.9571e+02 6.4158e-01
6.1030e+02 1.5998e+02 6.3390e+02 1.8155e+02 6.3057e-01
1.6559e+02 2.0752e+02 3.5710e+02 2.9400e+02 6.2688e-01
6.2541e+02 1.6495e+02 6.4664e+02 1.8803e+02 6.2637e-01
6.2651e+02 1.6890e+02 6.5261e+02 1.9266e+02 6.2342e-01
5.3353e+02 1.6195e+02 5.6727e+02 2.1455e+02 5.9824e-01
6.0112e+02 1.6592e+02 6.5026e+02 1.9962e+02 5.8592e-01
5.7379e+02 1.6539e+02 6.0338e+02 1.8529e+02 5.7909e-01
6.1671e+02 1.6137e+02 6.3856e+02 1.9656e+02 5.7664e-01
5.6187e+02 1.6591e+02 5.8119e+02 1.9947e+02 5.7214e-01
1.4144e+02 1.7509e+02 3.4053e+02 2.6858e+02 5.6889e-01
5.9533e+02 1.6292e+02 6.4389e+02 1.9719e+02 5.5435e-01
6.2165e+02 1.6264e+02 6.4160e+02 1.9481e+02 5.4302e-01
5.6683e+02 1.6838e+02 5.8116e+02 1.9799e+02 4.8392e-01
5.5074e+02 1.6854e+02 5.8050e+02 1.8996e+02 4.8119e-01
5.6258e+02 1.7460e+02 5.8456e+02 1.9745e+02 4.6821e-01
5.8239e+02 1.6028e+02 6.0171e+02 1.8943e+02 4.6403e-01
5.8104e+02 1.6622e+02 5.9597e+02 1.9736e+02 4.2264e-01
5.2380e+02 1.7779e+02 5.7329e+02 2.1785e+02 4.1709e-01
5.4306e+02 1.6683e+02 5.9343e+02 2.0250e+02 4.1698e-01
6.2647e+02 1.6316e+02 6.4497e+02 1.9346e+02 4.1065e-01
5.4542e+02 1.6990e+02 5.7072e+02 2.1617e+02 4.0980e-01
5.7955e+02 1.6088e+02 5.9793e+02 1.9115e+02 4.0517e-01
5.5787e+02 1.6889e+02 5.8534e+02 1.9000e+02 4.0496e-01
5.5064e+02 1.6265e+02 5.6902e+02 2.0221e+02 4.0450e-01
6.1227e+02 1.6365e+02 6.3071e+02 1.9832e+02 4.0170e-01
5.3467e+02 1.6430e+02 5.5932e+02 2.1115e+02 3.9610e-01
6.3038e+02 1.6426e+02 6.4586e+02 1.9578e+02 3.8625e-01
5.4264e+02 1.7504e+02 5.7675e+02 2.0813e+02 3.7962e-01
5.2304e+02 1.7099e+02 5.6387e+02 1.9375e+02 3.7747e-01
5.4668e+02 1.6166e+02 5.6588e+02 2.0331e+02 3.7528e-01
5.8640e+02 1.6583e+02 6.0097e+02 1.9510e+02 3.6189e-01
6.3500e+02 1.6706e+02 6.5548e+02 1.9121e+02 3.4314e-01
5.1092e+02 1.7226e+02 5.6545e+02 2.0767e+02 3.4213e-01
5.2497e+02 1.7015e+02 5.5620e+02 2.2304e+02 3.3505e-01
2.8249e+02 1.8172e+02 3.5781e+02 2.1998e+02 3.2459e-01
1.1935e+02 1.6369e+02 4.0702e+02 2.8733e+02 3.1642e-01
5.4279e+02 1.6298e+02 5.7136e+02 2.1275e+02 3.1115e-01
6.1375e+02 1.5792e+02 6.3471e+02 1.9117e+02 3.0721e-01
6.0776e+02 1.6052e+02 6.3141e+02 1.7893e+02 3.0506e-01
5.2500e+02 1.6808e+02 5.5046e+02 2.1362e+02 2.9902e-01
5.7968e+02 1.6162e+02 6.0312e+02 1.8354e+02 2.9226e-01
2.0502e+02 1.5996e+02 2.8688e+02 3.2133e+02 2.9049e-01
5.7942e+02 1.6525e+02 5.9216e+02 1.9550e+02 2.8774e-01
5.3700e+02 1.6911e+02 5.6827e+02 1.8954e+02 2.8704e-01
2.2579e+02 1.5816e+02 3.0736e+02 3.2490e+02 2.8174e-01
2.7862e+02 1.8706e+02 3.6961e+02 2.3778e+02 2.7525e-01
5.7316e+02 1.6744e+02 5.8471e+02 1.9635e+02 2.7095e-01
5.4317e+02 1.6489e+02 5.7059e+02 1.8780e+02 2.6406e-01
5.2022e+02 1.6866e+02 5.4690e+02 2.1182e+02 2.6110e-01
5.8271e+02 1.6181e+02 6.3507e+02 1.9683e+02 2.4530e-01
6.0841e+02 1.6443e+02 6.2483e+02 1.9851e+02 2.3835e-01
5.4326e+02 1.6174e+02 5.6222e+02 2.0423e+02 2.3781e-01
5.2902e+02 1.6335e+02 5.5396e+02 2.1028e+02 2.3779e-01
5.5367e+02 1.6250e+02 5.7320e+02 1.9697e+02 2.3699e-01
5.2150e+02 1.7020e+02 5.5561e+02 2.0269e+02 2.3407e-01
5.2338e+02 1.5189e+02 5.6793e+02 2.1703e+02 2.3392e-01
6.0399e+02 1.6481e+02 6.1989e+02 1.9626e+02 2.2585e-01
5.1758e+02 1.6499e+02 5.8121e+02 2.0170e+02 2.2478e-01
6.0552e+02 1.5719e+02 6.2713e+02 1.7508e+02 2.2296e-01
5.4707e+02 1.6281e+02 6.0000e+02 1.9829e+02 2.2011e-01
6.0304e+02 1.6924e+02 6.2676e+02 1.9298e+02 2.1225e-01
2.3581e+02 1.5628e+02 3.2157e+02 3.0940e+02 1.9454e-01
5.5702e+02 1.6265e+02 6.0881e+02 1.9774e+02 1.9046e-01
5.6651e+02 1.7424e+02 5.8776e+02 1.9606e+02 1.7234e-01
5.6910e+02 1.6192e+02 6.2249e+02 1.9578e+02 1.7105e-01
5.9753e+02 1.6219e+02 6.2084e+02 1.7922e+02 1.7090e-01
5.8732e+02 1.6080e+02 6.0384e+02 1.8910e+02 1.6107e-01
6.1099e+02 1.5715e+02 6.2888e+02 1.8887e+02 1.6076e-01
6.1245e+02 1.7595e+02 6.3994e+02 1.9983e+02 1.5131e-01
5.5238e+02 1.6968e+02 5.7324e+02 2.1446e+02 1.4515e-01
6.0184e+02 1.5725e+02 6.2304e+02 1.7538e+02 1.4094e-01
6.0336e+02 1.5975e+02 6.2024e+02 1.8963e+02 1.4023e-01
5.6763e+02 1.6393e+02 5.8350e+02 1.9463e+02 1.3396e-01
6.1070e+02 1.6905e+02 6.3266e+02 2.0245e+02 1.3353e-01
6.0677e+02 1.6223e+02 6.2337e+02 1.9362e+02 1.3313e-01
5.8419e+02 1.6774e+02 6.0327e+02 1.9624e+02 1.2863e-01
6.3569e+02 1.6432e+02 6.4943e+02 1.9457e+02 1.2605e-01
6.0703e+02 1.5733e+02 6.2319e+02 1.8823e+02 1.1305e-01
2.0689e+02 1.9938e+02 3.6543e+02 2.8756e+02 1.0706e-01
5.4314e+02 1.5308e+02 5.7566e+02 2.1036e+02 1.0045e-01
6.0499e+02 1.6358e+02 6.6086e+02 1.9654e+02 9.8960e-02
5.3934e+02 1.6247e+02 5.5847e+02 2.0341e+02 9.8780e-02
5.7348e+02 1.6254e+02 5.8728e+02 1.9292e+02 9.7287e-02
6.0143e+02 1.6317e+02 6.1627e+02 1.9273e+02 9.6874e-02
2.7092e+02 1.8155e+02 3.6104e+02 2.2845e+02 9.6207e-02
5.1368e+02 1.6330e+02 5.6902e+02 2.1013e+02 9.5882e-02
5.7608e+02 1.6799e+02 5.9004e+02 1.9777e+02 9.4924e-02
5.3787e+02 1.7140e+02 5.6723e+02 2.2636e+02 9.2163e-02
1.3210e+02 2.1589e+02 3.1647e+02 3.0031e+02 9.0260e-02
5.1670e+02 1.6751e+02 5.4171e+02 2.1330e+02 8.8430e-02
5.4765e+02 1.6638e+02 5.7558e+02 1.8932e+02 8.7493e-02
5.9266e+02 1.6176e+02 6.1495e+02 1.8148e+02 8.5335e-02
5.9104e+02 1.6613e+02 6.0367e+02 1.9461e+02 8.4862e-02
5.6887e+02 1.6501e+02 5.9542e+02 1.8577e+02 8.3765e-02
6.3778e+02 1.6847e+02 6.5948e+02 1.9072e+02 8.1394e-02
5.7747e+02 1.6006e+02 5.9368e+02 1.9325e+02 8.1095e-02
2.5491e+02 1.6270e+02 3.3395e+02 2.9948e+02 7.7593e-02
5.5674e+02 1.7163e+02 5.7621e+02 2.1114e+02 7.7404e-02
5.2033e+02 1.8314e+02 5.6658e+02 2.1710e+02 7.6769e-02
5.3146e+02 1.6989e+02 5.6405e+02 1.8917e+02 7.1526e-02
1.1450e+03 1.4085e+02 1.1620e+03 1.9935e+02 6.6940e-02
6.1901e+02 1.6062e+02 6.4066e+02 1.8101e+02 6.6330e-02
5.7679e+02 1.7434e+02 6.0097e+02 1.9516e+02 6.5871e-02
6.1301e+02 1.7110e+02 6.3454e+02 2.0992e+02 6.3906e-02
5.7150e+02 1.7476e+02 5.9255e+02 1.9541e+02 6.1163e-02
2.5142e+02 1.7747e+02 3.8892e+02 2.4617e+02 5.9004e-02
5.3303e+02 1.7086e+02 5.6081e+02 2.2413e+02 5.7764e-02
6.1035e+02 1.5616e+02 6.3398e+02 1.7534e+02 5.4443e-02
2.0418e+02 1.3301e+02 3.1681e+02 3.2705e+02 5.3290e-02
5.5060e+02 1.6295e+02 5.7684e+02 2.1277e+02 5.1567e-02
2.9680e+02 1.8442e+02 3.5099e+02 2.1031e+02 5.0167e-02
6.3947e+02 1.6602e+02 6.5292e+02 1.9584e+02 4.9984e-02
5.7065e+02 1.6839e+02 5.8436e+02 2.0147e+02 4.8738e-02
6.1634e+02 1.7148e+02 6.3772e+02 2.0791e+02 4.8602e-02
5.8901e+02 1.7163e+02 6.1479e+02 1.9266e+02 4.7640e-02
2.8905e+02 1.7845e+02 3.5958e+02 2.1078e+02 4.6855e-02
5.8703e+02 1.6176e+02 6.0927e+02 1.8158e+02 4.4297e-02
5.3595e+02 1.6306e+02 5.5551e+02 2.0206e+02 4.2431e-02
1.6294e+02 1.7329e+02 3.5631e+02 2.4036e+02 4.0379e-02
5.1929e+02 1.5229e+02 5.5861e+02 2.2355e+02 3.9797e-02
6.3554e+02 1.6657e+02 6.6005e+02 1.8689e+02 3.7890e-02
1.9621e+02 1.7529e+02 3.8287e+02 2.3791e+02 3.7742e-02
6.3220e+02 1.6525e+02 6.5563e+02 1.8454e+02 3.6634e-02
5.4523e+02 1.5956e+02 5.6420e+02 1.9506e+02 3.6581e-02
5.1963e+02 1.6355e+02 5.4965e+02 2.1898e+02 3.5118e-02
5.9698e+02 1.6510e+02 6.0917e+02 1.9371e+02 3.2662e-02
1.9163e+02 1.7252e+02 2.7175e+02 3.2300e+02 3.1699e-02
5.8979e+02 1.5478e+02 6.4078e+02 1.9479e+02 3.1329e-02
6.3321e+02 1.6082e+02 6.4850e+02 1.9171e+02 3.0895e-02
6.0054e+02 1.5675e+02 6.1685e+02 1.8752e+02 3.0030e-02
1.9686e+02 1.0847e+02 3.2469e+02 2.9295e+02 2.8836e-02
1.1679e+03 1.4057e+02 1.1858e+03 2.0069e+02 2.8433e-02
5.8227e+02 1.6159e+02 6.0725e+02 1.7908e+02 2.8313e-02
6.1175e+02 1.5869e+02 6.3994e+02 2.0893e+02 2.7993e-02
6.1815e+02 1.5448e+02 6.3663e+02 1.8876e+02 2.7361e-02
5.5173e+02 1.5295e+02 5.8144e+02 2.0710e+02 2.6989e-02
6.5012e+02 1.5506e+02 6.7768e+02 1.7481e+02 2.6503e-02
1.1645e+03 1.4159e+02 1.1820e+03 1.9922e+02 2.5771e-02
1.1475e+03 1.4530e+02 1.1652e+03 2.0421e+02 2.5404e-02
2.5784e+02 1.8127e+02 3.5235e+02 2.2153e+02 2.5089e-02
5.9238e+02 1.5970e+02 6.0557e+02 1.8806e+02 2.4792e-02
3.0878e+02 1.7056e+02 3.4826e+02 2.4518e+02 2.4448e-02
5.4246e+02 1.6079e+02 5.6994e+02 1.8304e+02 2.4389e-02
4.6569e+02 1.5917e+02 6.0665e+02 2.2495e+02 2.3978e-02
6.2571e+02 1.6110e+02 6.4686e+02 1.8095e+02 2.3151e-02
3.0903e+02 1.8197e+02 3.5403e+02 2.0424e+02 2.3091e-02
5.1725e+02 1.7489e+02 5.4499e+02 2.0589e+02 2.2943e-02
2.4234e+02 1.8993e+02 3.8459e+02 2.7481e+02 2.2742e-02
1.1615e+03 1.5077e+02 1.1781e+03 2.0581e+02 2.2587e-02
6.5164e+02 1.5861e+02 6.8031e+02 1.7699e+02 2.2361e-02
5.4062e+02 1.7367e+02 5.6782e+02 2.2007e+02 2.2172e-02
6.3623e+02 1.6071e+02 6.5199e+02 1.9188e+02 2.1648e-02
2.3263e+02 1.5495e+02 3.1131e+02 2.7157e+02 2.0744e-02
5.1228e+02 1.7549e+02 5.5051e+02 2.0486e+02 2.0556e-02
5.1513e+02 1.7681e+02 5.6038e+02 2.1428e+02 2.0516e-02
1.1518e+03 1.4043e+02 1.1682e+03 1.9932e+02 2.0460e-02
2.7595e+02 1.6511e+02 3.5230e+02 2.9204e+02 2.0354e-02
1.3135e+02 1.8673e+02 3.0329e+02 2.8199e+02 1.9661e-02
2.1963e+02 1.5006e+02 2.9796e+02 2.7120e+02 1.9440e-02
1.1421e+03 1.4211e+02 1.1586e+03 1.9795e+02 1.8788e-02
5.6263e+02 1.6585e+02 5.8884e+02 1.8506e+02 1.8518e-02
6.0490e+02 1.5309e+02 6.2754e+02 1.7083e+02 1.8518e-02
5.9548e+02 1.5641e+02 6.4999e+02 1.9168e+02 1.8357e-02
5.6118e+02 1.7027e+02 5.7843e+02 2.0901e+02 1.8205e-02
5.5792e+02 1.6013e+02 5.7651e+02 1.9446e+02 1.8139e-02
1.1710e+03 1.3843e+02 1.1891e+03 2.0273e+02 1.7963e-02
2.1756e+02 1.2756e+02 3.4020e+02 3.3348e+02 1.7882e-02
3.1315e+02 1.7350e+02 3.5484e+02 2.5221e+02 1.7776e-02
2.1318e+02 1.8685e+02 2.9871e+02 3.2576e+02 1.7699e-02
5.7416e+02 1.6079e+02 5.9776e+02 1.8225e+02 1.7546e-02
1.0530e+02 9.8239e-01 4.0634e+02 3.7500e+02 1.7517e-02
1.1565e+03 1.5483e+02 1.1738e+03 2.1112e+02 1.7172e-02
1.1646e+03 1.5443e+02 1.1810e+03 2.0859e+02 1.7040e-02
5.7845e+02 1.7383e+02 6.0691e+02 1.9329e+02 1.6977e-02
5.9706e+02 1.5935e+02 6.1032e+02 1.8767e+02 1.6910e-02
2.3214e+02 1.7055e+02 3.9257e+02 2.3238e+02 1.6797e-02
6.1156e+02 1.6258e+02 6.7215e+02 1.9798e+02 1.6517e-02
3.0211e+02 1.9798e+02 3.5481e+02 2.3070e+02 1.6510e-02
2.4300e+02 1.7058e+02 3.4254e+02 3.2897e+02 1.6488e-02
4.8445e+02 1.4164e+02 5.9648e+02 2.2844e+02 1.6421e-02
3.0912e+02 1.8368e+02 3.5748e+02 2.0978e+02 1.6157e-02
4.7374e+02 1.4416e+02 6.2148e+02 2.1507e+02 1.6092e-02
1.3700e+02 1.6804e+02 3.2592e+02 2.3943e+02 1.5939e-02
3.0445e+02 1.8177e+02 3.7022e+02 2.2173e+02 1.5784e-02
5.9774e+02 1.5734e+02 6.2113e+02 1.7312e+02 1.5726e-02
6.0841e+02 1.7905e+02 6.4267e+02 2.0095e+02 1.5669e-02
2.9682e+02 1.8775e+02 3.5414e+02 2.2019e+02 1.5602e-02
5.4654e+02 1.5527e+02 5.6585e+02 1.9144e+02 1.5486e-02
5.7899e+02 1.5615e+02 6.3530e+02 1.9107e+02 1.5360e-02
2.4937e+02 1.5591e+02 3.2382e+02 2.6983e+02 1.5330e-02
2.3333e+02 1.8162e+02 3.3894e+02 2.2301e+02 1.5242e-02
5.4949e+02 1.6520e+02 5.8002e+02 1.8421e+02 1.4778e-02
1.1567e+03 1.4190e+02 1.1734e+03 1.9780e+02 1.4575e-02
2.5567e+02 1.8516e+02 3.5170e+02 2.3638e+02 1.4448e-02
5.3971e+02 1.6567e+02 5.6978e+02 1.8368e+02 1.4319e-02
1.1518e+03 1.5010e+02 1.1695e+03 2.0737e+02 1.4256e-02
6.3984e+02 1.6971e+02 6.6711e+02 1.8927e+02 1.3953e-02
5.7247e+02 1.7607e+02 5.9866e+02 1.9660e+02 1.3680e-02
6.1480e+02 1.5587e+02 6.3781e+02 1.7544e+02 1.3270e-02
5.3238e+02 1.6331e+02 5.5135e+02 2.0256e+02 1.3170e-02
2.0374e+02 1.4410e+02 2.8858e+02 2.7607e+02 1.3124e-02
6.0784e+02 1.6784e+02 6.2728e+02 2.0380e+02 1.2237e-02
2.5506e+02 1.8022e+02 3.7500e+02 2.6629e+02 1.1771e-02
6.3007e+02 1.6195e+02 6.5179e+02 1.8171e+02 1.1658e-02
1.6100e+02 1.4633e+02 4.5242e+02 2.8095e+02 1.1349e-02
5.6421e+02 1.6003e+02 5.8079e+02 1.9437e+02 1.1297e-02
1.1443e+03 1.5550e+02 1.1615e+03 2.0968e+02 1.1285e-02
6.4248e+02 1.6629e+02 6.5628e+02 1.9686e+02 1.1263e-02
5.1641e+02 1.6687e+02 5.3438e+02 2.1233e+02 1.1205e-02
3.0377e+02 1.6842e+02 3.4074e+02 2.4408e+02 1.1182e-02
3.1479e+02 1.8363e+02 3.4122e+02 2.3494e+02 1.1152e-02
6.2489e+02 1.7277e+02 6.4703e+02 1.9646e+02 1.0951e-02
6.2043e+02 1.7058e+02 6.4058e+02 2.0800e+02 1.0705e-02
5.1999e+02 1.6300e+02 5.3908e+02 2.1141e+02 1.0571e-02
5.9949e+02 1.5351e+02 6.2543e+02 1.6924e+02 1.0271e-02
6.4470e+02 1.7008e+02 6.7457e+02 1.8924e+02 1.0221e-02
1.9490e+02 2.3290e+02 3.2732e+02 2.8997e+02 1.0144e-02
5.1685e+02 1.7235e+02 5.5360e+02 1.9768e+02 1.0117e-02
5.0256e+02 1.7538e+02 5.6369e+02 2.1614e+02 1.0070e-02
5.5817e+02 1.5328e+02 6.1093e+02 1.9533e+02 9.9100e-03
1.7484e+02 1.6887e+02 2.5665e+02 3.0550e+02 9.9064e-03
5.7386e+02 1.6690e+02 5.8829e+02 2.0128e+02 9.8075e-03
8.8146e+02 1.6858e+02 9.2783e+02 1.8987e+02 9.6011e-03
5.1178e+02 1.1974e+02 5.7786e+02 2.4959e+02 9.4710e-03
5.1025e+02 1.7911e+02 5.7245e+02 2.1969e+02 9.1016e-03
4.4036e+02 1.4405e+02 6.0182e+02 2.1967e+02 9.0290e-03
2.6908e+02 1.6254e+02 3.3832e+02 2.6709e+02 8.9317e-03
6.1597e+02 1.5482e+02 6.4698e+02 2.0363e+02 8.9243e-03
1.5228e+02 1.5488e+02 4.0690e+02 3.1634e+02 8.7768e-03
2.1771e+02 1.0229e+02 3.4714e+02 2.9689e+02 8.5989e-03
2.3863e+02 1.8913e+02 3.2763e+02 3.2062e+02 8.5413e-03
5.5008e+02 1.5550e+02 5.6885e+02 1.9175e+02 8.4928e-03
5.8102e+02 1.6798e+02 5.9995e+02 2.0199e+02 8.4302e-03
8.9342e+02 1.6858e+02 9.4065e+02 1.8972e+02 8.3894e-03
3.1047e+02 1.7954e+02 3.5163e+02 1.9821e+02 8.1776e-03
6.1486e+02 1.5585e+02 6.4584e+02 2.2414e+02 8.0207e-03
5.5689e+02 1.6556e+02 5.8553e+02 1.8417e+02 7.9359e-03
6.4879e+02 1.5207e+02 6.7569e+02 1.7087e+02 7.8721e-03
5.7773e+02 1.6632e+02 5.9514e+02 2.0126e+02 7.7505e-03
1.5296e+00 7.0315e+01 5.0028e+02 3.7500e+02 7.7383e-03
1.1604e+03 1.6015e+02 1.1775e+03 2.1651e+02 7.6523e-03
1.1602e+03 1.3911e+02 1.1780e+03 1.9573e+02 7.5820e-03
6.0808e+02 1.5222e+02 6.2415e+02 1.8266e+02 7.5544e-03
1.1481e+03 1.3436e+02 1.1641e+03 1.9437e+02 7.4572e-03
6.0445e+02 1.5234e+02 6.2015e+02 1.8378e+02 7.4411e-03
1.1674e+03 1.5291e+02 1.1848e+03 2.1154e+02 7.1773e-03
5.2127e+02 1.7012e+02 5.5166e+02 1.9478e+02 7.1484e-03
1.8234e+02 1.1651e+02 3.0252e+02 3.2748e+02 7.0990e-03
6.0631e+02 1.4823e+02 6.4254e+02 2.0589e+02 7.0929e-03
1.1414e+03 1.5632e+02 1.1576e+03 2.0714e+02 7.0427e-03
6.4543e+02 1.7136e+02 6.7715e+02 1.9405e+02 6.9817e-03
4.8742e+01 1.1514e+02 5.1215e+02 3.4802e+02 6.9634e-03
6.5053e+02 1.5711e+02 6.7363e+02 1.7820e+02 6.9459e-03
2.0801e+02 1.8250e+02 3.2304e+02 2.2278e+02 6.9131e-03
1.1751e+03 1.3613e+02 1.1935e+03 2.0558e+02 6.8302e-03
6.1019e+02 1.5185e+02 6.3353e+02 1.7058e+02 6.8196e-03
6.0948e+01 1.5983e+02 3.4402e+02 3.0343e+02 6.7824e-03
6.0441e+02 1.5271e+02 6.3207e+02 2.0210e+02 6.7707e-03
6.1117e+02 1.5199e+02 6.2828e+02 1.8305e+02 6.7689e-03
6.3814e+02 1.6356e+02 6.6288e+02 1.8188e+02 6.6866e-03
6.4121e+02 1.6529e+02 6.5394e+02 2.0063e+02 6.6325e-03
0.0000e+00 2.7944e+02 3.0841e+01 3.7500e+02 6.6180e-03
3.0882e+02 1.8319e+02 3.3260e+02 2.3546e+02 6.4097e-03
8.8864e+02 1.6469e+02 9.3555e+02 1.8591e+02 6.2090e-03
1.2034e+03 9.3949e+01 1.2410e+03 2.9406e+02 6.1606e-03
5.7109e+02 1.5069e+02 5.9829e+02 2.0435e+02 6.1567e-03
3.1178e+02 1.8238e+02 3.3661e+02 2.3157e+02 6.0554e-03
5.0605e+02 1.5958e+02 5.5939e+02 2.0472e+02 6.0453e-03
6.2354e+02 1.5430e+02 6.3956e+02 1.8868e+02 6.0052e-03
5.6182e+02 1.5726e+02 5.8506e+02 2.0856e+02 5.9626e-03
6.7652e+02 1.6101e+02 7.0746e+02 1.7720e+02 5.9574e-03
1.1480e+03 1.5775e+02 1.1654e+03 2.1333e+02 5.8670e-03
5.2846e+02 1.6220e+02 5.4618e+02 2.0240e+02 5.6675e-03
1.0134e+02 1.5996e+02 2.8278e+02 2.3347e+02 5.6643e-03
6.4029e+02 1.7092e+02 6.6247e+02 1.9570e+02 5.5585e-03
1.7148e+02 2.3840e+02 3.4808e+02 3.0021e+02 5.5410e-03
5.2739e+02 1.7098e+02 5.5719e+02 1.9094e+02 5.4712e-03
5.2678e+02 1.7631e+02 5.5550e+02 2.2245e+02 5.2789e-03
5.0098e+02 1.7010e+02 5.5460e+02 2.1259e+02 5.2265e-03
1.1842e+02 1.7410e+02 2.9799e+02 2.5826e+02 5.1546e-03
2.9486e+02 1.8128e+02 3.4553e+02 2.0369e+02 5.0979e-03
8.8945e+02 1.6092e+02 9.3647e+02 1.8254e+02 4.9746e-03
1.2249e+03 1.5381e+02 1.2410e+03 2.6740e+02 4.8951e-03
5.6142e+02 1.5128e+02 5.8834e+02 2.0296e+02 4.8413e-03
1.1406e+03 1.5019e+02 1.1661e+03 1.8475e+02 4.8396e-03
5.4594e+02 1.5390e+02 6.0629e+02 1.9094e+02 4.8264e-03
3.1033e+02 1.9207e+02 3.5856e+02 2.2996e+02 4.8083e-03
3.0622e+02 1.7869e+02 3.2697e+02 2.3284e+02 4.7531e-03
1.2118e+03 1.7774e+02 1.2299e+03 2.5531e+02 4.7527e-03
8.8959e+02 1.5672e+02 9.3705e+02 1.7833e+02 4.7395e-03
5.6588e+02 1.6921e+02 5.8129e+02 2.0893e+02 4.6969e-03
2.9126e+02 1.8445e+02 3.6878e+02 2.5060e+02 4.5536e-03
1.2366e+03 1.6852e+02 1.2410e+03 2.2717e+02 4.5250e-03
6.3922e+02 1.6646e+02 6.6596e+02 1.8607e+02 4.4804e-03
6.4295e+02 1.6620e+02 6.5851e+02 2.0455e+02 4.4610e-03
1.2157e+03 1.6561e+02 1.2336e+03 2.4295e+02 4.3794e-03
6.4611e+02 1.5565e+02 6.7198e+02 1.7435e+02 4.3349e-03
5.0170e+02 1.1034e+02 5.6611e+02 2.5192e+02 4.2744e-03
6.3366e+02 1.7220e+02 6.5979e+02 1.9478e+02 4.2409e-03
1.2247e+03 1.3293e+02 1.2410e+03 2.4044e+02 4.1740e-03
4.9428e+02 1.6763e+02 5.5782e+02 2.0299e+02 4.1658e-03
1.1794e+03 1.3565e+02 1.1979e+03 2.0651e+02 4.1555e-03
3.0230e+02 1.8057e+02 3.2277e+02 2.3596e+02 4.1331e-03
5.7854e+02 1.4996e+02 6.0654e+02 2.0440e+02 4.1133e-03
1.1835e+03 1.3213e+02 1.2021e+03 2.0510e+02 4.1119e-03
2.3357e+02 1.8535e+02 3.3586e+02 2.3812e+02 4.0740e-03
3.1007e+02 1.7830e+02 3.3024e+02 2.2752e+02 4.0080e-03
2.7133e+02 1.7058e+02 4.1344e+02 2.4365e+02 3.9950e-03
8.7831e+02 1.6522e+02 9.2339e+02 1.8645e+02 3.9699e-03
6.4701e+02 1.6174e+02 6.7511e+02 1.8157e+02 3.9551e-03
5.2629e+02 1.1219e+02 5.8868e+02 2.4565e+02 3.9529e-03
1.2121e+03 1.6198e+02 1.2305e+03 2.3911e+02 3.9394e-03
8.7746e+02 1.7189e+02 9.2343e+02 1.9338e+02 3.9247e-03
1.1522e+03 1.5929e+02 1.1703e+03 2.1803e+02 3.9109e-03
5.1403e+02 1.4778e+02 5.4684e+02 2.1879e+02 3.8005e-03
1.0817e+03 0.0000e+00 1.2410e+03 3.7500e+02 3.7524e-03
8.8797e+02 1.7221e+02 9.3612e+02 1.9284e+02 3.7247e-03
5.4287e+02 1.5892e+02 5.5873e+02 1.9367e+02 3.7103e-03
6.0740e+02 1.5766e+02 6.3325e+02 2.0947e+02 3.7031e-03
1.2082e+03 1.7815e+02 1.2264e+03 2.5409e+02 3.6827e-03
1.1521e+03 7.7418e+00 1.2410e+03 3.7500e+02 3.6606e-03
6.5059e+02 1.6287e+02 6.8135e+02 1.8044e+02 3.6076e-03
1.1538e+03 1.8216e+02 1.2410e+03 3.7500e+02 3.6042e-03
5.7964e+02 1.5647e+02 6.0242e+02 1.7615e+02 3.5695e-03
6.4485e+02 1.6657e+02 6.7342e+02 1.8566e+02 3.5686e-03
1.2371e+03 1.8471e+02 1.2410e+03 2.4284e+02 3.5554e-03
5.2385e+02 1.6303e+02 5.4249e+02 2.0441e+02 3.5474e-03
1.2366e+03 1.5281e+02 1.2410e+03 2.1156e+02 3.5189e-03
0.0000e+00 7.4578e+01 3.0441e+01 2.5643e+02 3.5179e-03
1.9002e+02 1.4305e+02 2.7533e+02 2.8352e+02 3.4638e-03
1.0233e+03 1.4978e+02 1.1111e+03 1.8586e+02 3.4483e-03
5.4747e+02 1.6250e+02 5.7516e+02 2.2899e+02 3.4127e-03
5.9857e+02 1.4564e+02 6.3255e+02 2.0412e+02 3.3802e-03
4.9531e+02 1.5493e+02 6.3211e+02 2.2226e+02 3.3759e-03
0.0000e+00 0.0000e+00 3.4986e+01 8.1736e+01 3.3496e-03
9.8235e+01 1.4820e+02 2.7948e+02 2.1298e+02 3.3495e-03
8.5839e+02 1.5801e+02 9.5022e+02 1.9464e+02 3.3423e-03
3.1100e+02 1.7687e+02 3.6042e+02 2.6953e+02 3.3408e-03
5.9313e+02 1.5657e+02 6.1443e+02 1.7480e+02 3.3163e-03
1.2038e+03 1.4480e+02 1.2410e+03 3.3460e+02 3.3034e-03
1.2369e+03 1.4091e+02 1.2410e+03 1.9951e+02 3.2450e-03
2.9258e+02 1.9417e+02 3.5167e+02 2.2700e+02 3.2419e-03
6.4511e+02 1.5884e+02 6.7094e+02 1.7775e+02 3.2128e-03
6.7615e+02 1.6405e+02 7.0974e+02 1.8017e+02 3.2116e-03
2.9129e+02 1.7284e+02 3.6152e+02 2.0267e+02 3.1846e-03
5.3813e+02 1.6003e+02 5.7258e+02 1.8017e+02 3.1480e-03
7.6656e+01 1.5961e+02 2.5404e+02 2.2733e+02 3.1366e-03
1.1867e+03 1.3441e+02 1.2054e+03 2.0284e+02 3.1315e-03
6.1938e+02 1.5586e+02 6.4138e+02 1.7446e+02 3.1233e-03
3.1060e+02 1.7638e+02 3.5024e+02 1.9369e+02 3.1037e-03
1.2080e+03 1.5869e+02 1.2265e+03 2.3442e+02 3.0985e-03
6.1425e+02 1.5204e+02 6.3215e+02 1.8424e+02 3.0876e-03
1.2008e+03 2.8727e+02 1.2410e+03 3.7500e+02 3.0787e-03
1.1705e+03 1.5105e+02 1.1889e+03 2.1352e+02 3.0494e-03
6.3565e+02 1.6213e+02 6.5642e+02 1.8185e+02 3.0363e-03
5.2912e+02 1.8479e+02 5.7118e+02 2.1460e+02 3.0247e-03
3.0394e+02 1.7603e+02 3.7358e+02 2.1008e+02 3.0075e-03
0.0000e+00 1.9434e+02 5.4185e+01 3.7500e+02 2.9437e-03
0.0000e+00 3.2822e+02 1.4395e+01 3.7500e+02 2.8824e-03
1.1591e+03 1.5083e+02 1.1859e+03 1.8598e+02 2.8436e-03
6.4180e+02 1.6245e+02 6.6839e+02 1.8120e+02 2.8182e-03
2.9856e+02 1.8093e+02 3.1860e+02 2.3523e+02 2.8041e-03
0.0000e+00 0.0000e+00 1.4296e+02 3.2166e+02 2.7748e-03
2.5969e+02 1.7687e+02 3.5092e+02 2.0999e+02 2.7716e-03
1.2201e+03 1.5963e+02 1.2373e+03 2.3957e+02 2.7711e-03
4.8858e+02 1.5751e+02 5.8864e+02 2.3270e+02 2.7635e-03
6.0807e+02 1.5643e+02 6.6833e+02 1.9123e+02 2.7526e-03
1.2012e+03 0.0000e+00 1.2410e+03 8.3361e+01 2.7518e-03
1.3391e+02 2.3665e+02 3.1289e+02 3.0454e+02 2.7392e-03
3.2209e+02 1.8485e+02 3.4982e+02 2.3524e+02 2.7327e-03
6.0467e+02 1.5480e+02 6.3270e+02 2.2678e+02 2.7226e-03
2.7283e+02 1.5953e+02 4.2744e+02 2.2723e+02 2.7062e-03
1.2036e+03 1.9090e+02 1.2410e+03 3.7500e+02 2.7014e-03
1.3904e+02 2.0632e+02 2.6642e+02 2.9580e+02 2.6766e-03
1.1379e+03 1.4323e+02 1.1543e+03 1.9707e+02 2.6742e-03
0.0000e+00 3.5825e+02 6.3465e+00 3.7500e+02 2.6473e-03
5.4771e+02 1.6218e+02 5.7422e+02 1.8345e+02 2.6345e-03
9.7754e+02 2.0087e+02 1.0212e+03 2.2127e+02 2.6287e-03
6.4928e+02 1.7158e+02 6.8531e+02 1.8976e+02 2.6286e-03
1.2235e+03 3.3409e+02 1.2410e+03 3.7500e+02 2.5964e-03
5.5867e+02 1.5495e+02 5.8390e+02 2.2118e+02 2.5590e-03
0.0000e+00 3.1653e+02 4.3551e+01 3.7500e+02 2.4223e-03
1.0244e+03 1.4207e+02 1.1108e+03 1.7743e+02 2.3936e-03
1.0222e+03 9.5102e+01 1.2410e+03 3.7500e+02 2.3762e-03
0.0000e+00 1.9698e+02 3.2117e+01 3.7500e+02 2.3325e-03
1.2143e+02 1.7378e+02 2.2540e+02 2.1208e+02 2.3294e-03
0.0000e+00 0.0000e+00 7.0425e+01 1.5562e+02 2.2879e-03
1.2256e+03 1.0849e+02 1.2410e+03 2.1896e+02 2.2760e-03
1.0758e+03 1.0343e+02 1.2410e+03 2.8280e+02 2.2720e-03
1.1853e+02 1.6498e+02 2.2815e+02 2.0402e+02 2.1935e-03
2.1623e+02 1.8654e+02 3.2397e+02 2.4196e+02 2.1905e-03
1.1652e+02 1.5611e+02 2.2681e+02 1.9684e+02 2.1806e-03
6.3272e+02 1.6745e+02 6.9773e+02 1.9949e+02 2.1505e-03
6.2534e+02 1.6007e+02 6.8885e+02 1.9396e+02 2.1052e-03
2.0560e+02 1.7999e+02 3.1191e+02 2.3282e+02 2.0990e-03
2.6162e+02 1.9081e+02 3.6041e+02 2.4215e+02 2.0939e-03
1.1882e+03 3.2146e+02 1.2410e+03 3.7500e+02 2.0683e-03
4.2364e+02 1.2650e+02 5.9523e+02 2.0226e+02 2.0670e-03
4.6141e+02 1.2806e+02 6.2081e+02 2.0687e+02 2.0521e-03
2.7015e+02 1.7835e+02 3.5574e+02 3.1403e+02 2.0402e-03
5.6887e+02 1.5221e+02 5.9627e+02 2.2512e+02 2.0369e-03
0.0000e+00 1.0453e+02 2.8829e+01 2.8902e+02 2.0093e-03
6.0927e+02 1.5495e+02 6.3827e+02 2.4286e+02 2.0085e-03
1.0263e+03 1.7924e+02 1.1184e+03 2.1922e+02 1.9485e-03
1.2249e+03 1.7687e+02 1.2410e+03 2.9374e+02 1.9374e-03
9.5821e+02 1.8861e+02 1.0602e+03 2.2469e+02 1.9276e-03
1.0235e+03 1.5664e+02 1.1113e+03 1.9245e+02 1.9236e-03
1.1249e+03 2.5184e+02 1.2410e+03 3.7500e+02 1.9106e-03
0.0000e+00 4.4080e+01 7.3442e+01 3.7161e+02 1.9106e-03
5.3030e+02 1.5567e+02 5.8472e+02 1.9759e+02 1.9092e-03
6.4396e+02 1.6925e+02 7.1793e+02 2.0148e+02 1.8995e-03
5.0938e+02 1.4113e+02 6.6438e+02 2.0831e+02 1.8905e-03
0.0000e+00 0.0000e+00 2.3795e+02 1.7450e+02 1.8765e-03
1.0180e+03 1.8693e+02 1.1141e+03 2.2647e+02 1.8639e-03
3.1421e+02 1.7892e+02 3.8221e+02 2.2024e+02 1.8606e-03
2.0252e+02 2.1617e+02 3.2611e+02 2.8436e+02 1.8491e-03
5.8553e+02 1.5108e+02 6.1337e+02 2.0275e+02 1.8474e-03
1.1681e+03 0.0000e+00 1.2410e+03 3.3747e+01 1.8369e-03
1.1679e+03 9.6046e+01 1.2355e+03 3.1147e+02 1.8324e-03
4.5414e+02 1.3281e+02 5.7613e+02 2.2727e+02 1.8229e-03
1.2115e+03 1.6922e+02 1.2410e+03 2.1502e+02 1.8160e-03
0.0000e+00 0.0000e+00 3.2210e+02 1.5290e+02 1.8123e-03
0.0000e+00 1.4690e+02 2.8462e+01 3.4067e+02 1.8106e-03
1.0825e+03 2.6543e+02 1.2410e+03 3.7500e+02 1.7933e-03
1.2186e+03 1.6354e+02 1.2410e+03 2.2447e+02 1.7212e-03
1.2005e+03 1.4286e+02 1.2350e+03 2.7238e+02 1.7111e-03
1.2119e+03 1.6147e+02 1.2410e+03 2.0664e+02 1.7027e-03
1.2203e+03 3.5372e+02 1.2410e+03 3.7500e+02 1.6850e-03
9.5887e+02 1.8079e+02 1.0575e+03 2.1738e+02 1.6581e-03
0.0000e+00 2.0803e+02 1.5003e+01 3.2598e+02 1.6334e-03
1.2053e+03 5.1633e+01 1.2410e+03 2.4587e+02 1.6325e-03
1.2809e+02 1.8238e+02 2.2403e+02 2.1904e+02 1.6217e-03
1.1518e+03 1.0069e+02 1.2230e+03 3.0348e+02 1.6200e-03
3.0422e+02 1.5476e+02 3.6122e+02 2.7704e+02 1.6091e-03
9.7410e+02 1.8973e+02 1.0742e+03 2.2629e+02 1.5928e-03
1.1891e+03 1.3178e+02 1.2410e+03 2.5739e+02 1.5890e-03
1.1702e+03 1.4352e+02 1.2410e+03 2.3960e+02 1.5737e-03
1.2081e+03 1.3932e+02 1.2404e+03 2.7818e+02 1.5705e-03
0.0000e+00 2.5493e+02 8.7302e+01 3.7500e+02 1.5494e-03
2.9799e+02 1.6514e+02 3.3224e+02 2.4639e+02 1.5328e-03
0.0000e+00 9.4996e+01 1.6958e+01 2.0175e+02 1.5265e-03
5.1042e+02 1.3425e+02 6.2616e+02 2.2242e+02 1.5085e-03
1.1179e+03 7.9438e+01 1.2410e+03 3.2182e+02 1.5010e-03
8.5769e+02 1.6427e+02 9.4966e+02 2.0112e+02 1.4984e-03
9.9871e+02 1.8980e+02 1.1041e+03 2.2692e+02 1.4920e-03
0.0000e+00 0.0000e+00 1.1188e+02 8.2937e+01 1.4847e-03
5.0489e+02 1.3526e+02 5.6369e+02 2.6630e+02 1.4828e-03
4.8743e+02 1.2837e+02 6.5227e+02 2.0093e+02 1.4755e-03
1.2193e+03 1.7812e+02 1.2410e+03 2.4038e+02 1.4564e-03
5.7616e+02 1.5473e+02 6.0494e+02 2.2923e+02 1.4548e-03
0.0000e+00 0.0000e+00 5.3620e+01 4.6721e+01 1.4513e-03
0.0000e+00 9.9691e+01 1.9612e+02 3.7500e+02 1.4354e-03
1.1818e+03 0.0000e+00 1.2410e+03 4.4775e+01 1.4251e-03
1.2129e+03 1.5374e+02 1.2410e+03 1.9808e+02 1.4250e-03
1.2116e+03 1.8434e+02 1.2410e+03 2.3002e+02 1.4239e-03
1.9153e+02 1.6148e+02 3.2404e+02 3.7076e+02 1.4025e-03
4.6663e+02 1.2105e+02 5.8517e+02 2.1529e+02 1.4013e-03
1.0418e+02 1.7307e+02 2.7025e+02 2.4755e+02 1.4001e-03
2.6766e+02 1.4386e+02 4.4069e+02 2.1085e+02 1.3970e-03
2.6816e+02 1.6368e+02 3.8434e+02 2.3861e+02 1.3942e-03
1.8253e+02 2.2845e+02 3.3700e+02 2.9432e+02 1.3796e-03
3.9109e+02 1.2491e+02 5.6383e+02 1.9726e+02 1.3638e-03
3.0245e+02 1.7041e+02 3.7861e+02 2.0170e+02 1.3628e-03
5.9549e+02 1.5376e+02 6.2113e+02 2.0294e+02 1.3507e-03
9.3598e+01 1.3163e+02 2.7469e+02 1.9698e+02 1.3437e-03
0.0000e+00 1.8349e+02 1.4745e+01 3.0424e+02 1.3378e-03
1.2198e+03 1.4795e+02 1.2410e+03 2.0831e+02 1.3329e-03
2.7999e+02 1.2591e+02 4.5914e+02 1.9488e+02 1.3240e-03
1.0228e+03 1.3527e+02 1.1117e+03 1.6956e+02 1.3233e-03
2.4070e+02 1.7675e+02 3.3617e+02 2.1005e+02 1.3183e-03
1.6059e+02 1.7764e+02 2.3691e+02 3.0799e+02 1.3179e-03
1.2239e+03 2.0142e+02 1.2410e+03 3.1483e+02 1.3148e-03
1.0240e+03 1.6505e+02 1.1122e+03 2.0125e+02 1.3125e-03
9.7165e+02 1.4087e+02 1.1455e+03 2.1577e+02 1.2783e-03
5.1613e+02 1.6413e+02 5.4872e+02 2.3272e+02 1.2736e-03
1.2246e+03 8.3267e+01 1.2410e+03 1.9451e+02 1.2656e-03
1.1254e+02 1.4892e+02 2.2414e+02 1.8903e+02 1.2622e-03
1.2138e+03 3.5666e+02 1.2410e+03 3.7500e+02 1.2609e-03
1.0456e+03 1.4919e+02 1.1316e+03 1.8584e+02 1.2521e-03
1.4806e+02 1.6711e+02 2.5181e+02 2.0362e+02 1.2441e-03
2.7973e+02 1.9687e+02 3.7486e+02 2.5521e+02 1.2290e-03
0.0000e+00 2.6621e+02 1.5065e+02 3.7500e+02 1.2265e-03
1.1693e+03 1.7614e+02 1.2410e+03 2.7107e+02 1.2205e-03
9.7057e+02 1.5683e+02 1.1437e+03 2.3174e+02 1.2203e-03
4.9861e+02 1.2053e+02 6.1192e+02 2.1478e+02 1.2020e-03
3.1458e+02 1.7356e+02 3.8514e+02 2.0948e+02 1.1982e-03
6.5669e+02 1.6747e+02 7.3450e+02 2.0105e+02 1.1971e-03
9.8367e+02 4.9827e+01 1.1416e+03 3.7500e+02 1.1955e-03
0.0000e+00 3.5000e+02 2.2227e+01 3.7500e+02 1.1814e-03
1.1891e+03 1.6470e+02 1.2410e+03 2.8798e+02 1.1615e-03
1.1706e+03 1.3460e+02 1.2380e+03 3.3763e+02 1.1569e-03
0.0000e+00 0.0000e+00 1.5788e+02 7.2809e+01 1.1472e-03
1.0277e+03 1.7258e+02 1.1176e+03 2.1004e+02 1.1468e-03
1.2117e+03 1.9262e+02 1.2410e+03 2.3798e+02 1.1466e-03
0.0000e+00 1.1573e+02 2.6999e+02 3.7500e+02 1.1399e-03
0.0000e+00 3.2630e+02 5.7393e+01 3.7500e+02 1.1354e-03
1.2138e+03 1.4597e+02 1.2410e+03 1.9024e+02 1.1262e-03
9.6029e+02 1.7348e+02 1.0548e+03 2.0922e+02 1.1207e-03
9.7595e+02 1.8184e+02 1.0757e+03 2.1772e+02 1.1202e-03
4.0625e+01 1.6105e+02 2.2452e+02 2.2670e+02 1.1190e-03
4.2324e+02 1.5302e+02 5.7773e+02 2.2834e+02 1.1087e-03
1.0031e+03 1.5005e+02 1.0961e+03 1.8430e+02 1.0752e-03
1.9828e+02 1.8589e+02 3.0668e+02 2.4485e+02 1.0742e-03
0.0000e+00 1.2487e+02 1.5575e+01 2.3389e+02 1.0700e-03
4.8604e+02 9.9882e+01 5.5140e+02 2.5336e+02 1.0689e-03
3.7612e+01 1.3639e+02 3.5357e+02 2.7980e+02 1.0622e-03
8.6727e+02 1.5177e+02 9.5721e+02 1.8827e+02 1.0490e-03
2.7131e+02 1.8046e+02 4.0237e+02 2.5894e+02 1.0447e-03
6.3446e+02 1.6224e+02 7.0634e+02 1.9441e+02 1.0400e-03
9.9330e+02 0.0000e+00 1.2410e+03 1.2684e+02 1.0253e-03
5.8535e+02 1.5735e+02 6.1192e+02 2.1318e+02 1.0245e-03
1.0009e+03 1.8142e+02 1.0997e+03 2.1828e+02 1.0194e-03
3.9831e+02 1.3761e+02 5.7187e+02 2.1456e+02 1.0169e-03
9.5551e+02 3.7211e+01 1.1180e+03 3.7500e+02 1.0036e-03
9.5308e+02 2.5234e+01 1.2410e+03 3.7255e+02 1.0008e-03
1.1837e+03 9.2030e+01 1.2410e+03 3.1190e+02 9.9802e-04
1.9028e+02 1.2946e+02 4.9366e+02 2.7552e+02 9.9764e-04
6.4755e+01 1.4573e+02 2.4177e+02 2.1102e+02 9.8962e-04
9.8573e+02 1.2765e+02 1.1625e+03 1.9940e+02 9.8341e-04
1.2013e+03 1.2082e+02 1.2338e+03 2.5192e+02 9.8315e-04
1.2262e+02 1.8858e+02 2.1466e+02 2.2451e+02 9.8178e-04
2.1138e+02 1.9362e+02 3.2581e+02 2.5295e+02 9.7226e-04
2.4517e+02 1.2757e+02 4.2716e+02 1.9334e+02 9.5145e-04
1.2144e+03 1.3799e+02 1.2410e+03 1.8169e+02 9.3682e-04
1.5363e+02 1.7400e+02 2.5169e+02 2.1029e+02 9.2687e-04
1.1540e+02 1.8409e+02 2.6606e+02 2.6951e+02 9.2374e-04
0.0000e+00 1.0516e+02 4.3955e+01 2.1249e+02 9.2303e-04
1.5671e+02 1.8126e+02 2.5235e+02 2.2121e+02 9.2185e-04
5.4360e+02 1.0516e+02 6.0535e+02 2.4983e+02 9.0784e-04
1.0541e+03 1.5714e+02 1.0919e+03 2.5051e+02 9.0046e-04
1.0446e+03 1.5575e+02 1.1330e+03 1.9345e+02 8.9036e-04
0.0000e+00 2.0767e+01 2.8890e+01 2.1618e+02 8.8742e-04
1.0144e+03 1.9480e+02 1.1155e+03 2.3356e+02 8.8078e-04
2.2909e+02 1.5164e+02 4.0545e+02 2.1383e+02 8.7916e-04
5.9266e+02 1.4547e+02 6.2292e+02 2.0024e+02 8.6610e-04
2.9521e+02 1.3913e+02 4.7473e+02 2.1008e+02 8.6114e-04
0.0000e+00 1.0261e+02 1.6381e+02 2.7532e+02 8.5472e-04
3.0012e+02 1.7062e+02 3.4423e+02 2.5825e+02 8.5297e-04
1.1564e+03 0.0000e+00 1.2410e+03 1.6851e+02 8.4980e-04
1.0018e+03 1.4316e+02 1.0962e+03 1.7768e+02 8.4699e-04
9.3316e+02 1.5496e+02 1.1219e+03 2.3254e+02 8.4496e-04
5.6727e+02 1.6388e+02 6.1227e+02 2.0468e+02 8.4164e-04
1.2568e+02 1.5266e+02 3.1916e+02 2.1724e+02 8.4060e-04
0.0000e+00 0.0000e+00 7.8447e+01 4.3045e+01 8.3928e-04
3.1272e+02 1.6840e+02 3.9014e+02 2.0260e+02 8.3804e-04
6.7188e+02 1.6715e+02 7.5534e+02 2.0239e+02 8.3289e-04
1.1753e+03 1.1359e+02 1.2410e+03 2.0871e+02 8.2796e-04
1.1921e+03 1.0168e+02 1.2410e+03 2.2634e+02 8.2557e-04
2.1045e+02 1.7737e+02 3.2086e+02 2.1108e+02 8.1960e-04
2.6012e+02 1.6574e+02 3.0070e+02 2.5488e+02 8.1534e-04
1.1354e+03 8.6638e+01 1.2070e+03 2.8199e+02 8.1287e-04
1.2265e+03 0.0000e+00 1.2410e+03 4.9445e+01 8.1110e-04
1.1907e+03 1.4590e+02 1.2288e+03 2.6797e+02 8.1025e-04
5.3535e+02 1.4154e+02 5.7112e+02 2.1477e+02 8.0788e-04
5.4603e+02 1.4083e+02 7.0030e+02 2.1172e+02 8.0747e-04
1.2202e+03 1.3234e+02 1.2410e+03 1.9227e+02 8.0292e-04
0.0000e+00 8.7070e+01 1.0359e+02 3.0093e+02 8.0277e-04
1.5665e+02 2.3630e+02 2.9753e+02 2.9145e+02 8.0199e-04
8.3653e+02 1.5690e+02 9.2450e+02 1.9424e+02 7.9824e-04
1.4725e+02 1.5780e+02 2.4984e+02 1.9615e+02 7.9506e-04
1.1059e+03 0.0000e+00 1.2410e+03 6.2458e+01 7.9037e-04
6.1119e+02 1.6226e+02 6.5586e+02 2.0281e+02 7.8678e-04
2.5309e+02 1.6527e+02 2.9243e+02 2.5531e+02 7.8558e-04
1.0216e+03 1.2651e+02 1.1125e+03 1.6138e+02 7.8404e-04
1.0612e+03 1.5724e+02 1.0988e+03 2.5038e+02 7.8195e-04
4.4956e+02 1.6184e+02 5.8566e+02 2.3639e+02 7.8130e-04
2.9042e+02 1.4544e+02 3.5420e+02 2.6286e+02 7.6949e-04
1.0376e+03 0.0000e+00 1.2410e+03 1.7379e+02 7.6500e-04
1.0121e+03 1.7364e+02 1.1020e+03 2.0918e+02 7.5468e-04
9.7511e+02 1.7410e+02 1.0733e+03 2.0958e+02 7.5223e-04
5.1545e+02 1.5007e+02 6.1833e+02 2.2711e+02 7.5067e-04
1.1714e+03 2.0913e+02 1.2410e+03 3.0268e+02 7.4790e-04
2.9457e+02 1.6921e+02 3.6681e+02 3.0582e+02 7.4202e-04
8.5095e+02 1.5155e+02 9.4161e+02 1.8852e+02 7.3740e-04
0.0000e+00 7.1738e+01 1.5451e+02 2.4367e+02 7.3596e-04
0.0000e+00 0.0000e+00 7.0706e+01 3.1215e+02 7.3246e-04
1.9242e+02 2.0878e+02 3.2008e+02 2.7511e+02 7.3193e-04
3.2411e+02 1.7147e+02 3.5924e+02 2.4167e+02 7.2917e-04
1.2153e+03 1.3003e+02 1.2410e+03 1.7384e+02 7.2478e-04
9.8574e+02 1.5088e+02 1.0810e+03 1.8652e+02 7.2123e-04
3.1173e+02 1.8517e+02 3.7623e+02 2.2924e+02 7.1906e-04
1.2231e+03 2.2388e+02 1.2410e+03 3.3816e+02 7.1598e-04
6.2466e+02 1.5793e+02 6.4921e+02 2.1380e+02 7.1384e-04
6.2228e+02 1.5272e+02 6.9129e+02 1.8766e+02 7.1236e-04
5.2378e+02 1.2845e+02 6.8415e+02 1.9799e+02 7.1081e-04
3.2725e+02 1.2532e+02 5.0427e+02 1.9597e+02 7.0689e-04
1.1915e+03 1.9733e+02 1.2410e+03 3.1951e+02 7.0602e-04
4.6471e+02 9.7423e+01 5.3414e+02 2.5852e+02 7.0422e-04
1.2191e+03 1.9367e+02 1.2410e+03 2.5648e+02 6.9193e-04
1.0432e+03 1.6393e+02 1.1318e+03 2.0248e+02 6.8553e-04
0.0000e+00 1.7462e+02 1.3451e+01 2.8230e+02 6.7974e-04
1.8464e+02 2.4340e+02 3.1760e+02 2.9547e+02 6.7482e-04
0.0000e+00 1.1648e+02 6.8087e+01 2.0256e+02 6.7474e-04
9.8458e+02 1.5688e+02 1.0816e+03 1.9304e+02 6.7274e-04
5.1832e+02 1.5306e+02 6.6677e+02 2.2062e+02 6.6920e-04
1.0625e+03 1.4896e+02 1.1480e+03 1.8655e+02 6.6895e-04
3.2537e+02 1.5628e+02 4.0992e+02 1.9552e+02 6.6696e-04
1.0540e+03 1.4182e+02 1.1413e+03 1.7807e+02 6.6659e-04
4.8676e+02 1.7275e+02 5.5006e+02 2.0904e+02 6.6295e-04
1.2145e+03 1.2192e+02 1.2410e+03 1.6611e+02 6.4134e-04
2.5501e+02 1.8289e+02 3.6592e+02 2.5045e+02 6.3658e-04
2.6815e+02 1.6618e+02 3.0759e+02 2.5528e+02 6.3348e-04
2.4673e+02 1.7767e+02 3.3974e+02 2.3185e+02 6.2499e-04
1.0955e+03 1.5733e+02 1.2410e+03 3.3834e+02 6.2353e-04
8.3776e+02 1.6534e+02 9.2651e+02 2.0279e+02 6.2319e-04
5.2518e+02 1.6579e+02 5.5745e+02 2.4556e+02 6.2300e-04
1.1532e+03 1.3891e+02 1.2245e+03 3.2761e+02 6.2288e-04
9.3610e+02 1.4052e+02 1.1224e+03 2.1792e+02 6.2022e-04
3.2947e+02 1.6554e+02 4.0772e+02 2.0241e+02 6.1792e-04
4.2400e+01 1.7260e+02 2.2236e+02 2.4202e+02 6.1557e-04
1.0430e+03 1.7197e+02 1.1308e+03 2.1176e+02 6.0816e-04
1.2200e+03 1.1551e+02 1.2410e+03 1.7629e+02 6.0758e-04
6.4885e+02 1.6163e+02 7.2467e+02 1.9294e+02 6.0502e-04
1.0618e+03 1.4320e+02 1.0972e+03 2.3261e+02 6.0412e-04
4.4797e+02 9.4765e+01 5.1856e+02 2.6275e+02 6.0303e-04
0.0000e+00 1.1785e+02 9.3348e+01 3.3536e+02 5.9676e-04
9.7123e+02 1.5828e+02 1.0631e+03 1.9460e+02 5.9461e-04
1.1915e+03 1.2256e+02 1.2272e+03 2.4717e+02 5.8482e-04
9.7614e+02 1.6630e+02 1.0720e+03 2.0215e+02 5.8253e-04
1.2135e+03 1.2652e+02 1.2410e+03 2.5499e+02 5.8152e-04
1.0354e+02 1.8099e+02 2.0368e+02 2.1901e+02 5.8112e-04
3.3259e+02 1.7241e+02 4.0149e+02 2.1042e+02 5.7794e-04
1.1757e+03 2.2341e+02 1.2410e+03 3.1847e+02 5.7601e-04
0.0000e+00 1.1309e+02 2.3126e+01 1.7532e+02 5.7264e-04
2.8785e+02 1.6328e+02 3.2283e+02 2.4565e+02 5.7230e-04
1.2142e+03 1.1371e+02 1.2410e+03 1.5875e+02 5.7190e-04
9.7107e+02 1.7186e+02 1.1429e+03 2.4447e+02 5.7183e-04
0.0000e+00 1.3197e+02 6.9398e+01 2.1807e+02 5.6826e-04
1.2069e+03 1.5652e+02 1.2404e+03 3.0971e+02 5.6617e-04
1.0172e+03 5.8702e+01 1.1712e+03 3.7500e+02 5.6333e-04
2.3741e+02 1.6572e+02 2.7695e+02 2.5458e+02 5.6125e-04
5.3028e+02 1.3382e+02 6.4394e+02 2.1611e+02 5.6083e-04
1.1818e+03 1.4045e+02 1.2209e+03 2.5926e+02 5.5746e-04
3.0927e+02 1.5830e+02 3.9414e+02 1.9407e+02 5.5637e-04
1.1265e+03 0.0000e+00 1.2410e+03 8.4423e+01 5.5417e-04
0.0000e+00 2.8782e+02 4.7494e+01 3.7500e+02 5.5087e-04
0.0000e+00 6.9396e+01 1.5773e+01 1.7893e+02 5.4875e-04
5.1344e+02 1.5420e+02 5.7206e+02 1.9837e+02 5.4839e-04
1.1678e+03 1.2622e+02 1.2027e+03 2.3578e+02 5.4743e-04
9.6175e+02 1.6598e+02 1.0548e+03 2.0269e+02 5.4713e-04
1.0408e+03 1.2298e+02 1.1092e+03 2.7792e+02 5.4388e-04
1.0382e+03 1.7389e+02 1.1034e+03 2.2687e+02 5.4188e-04
2.3610e+02 1.9020e+02 3.4172e+02 2.4915e+02 5.4105e-04
2.2807e+02 1.7713e+02 3.2680e+02 2.3368e+02 5.4026e-04
1.0057e+03 1.1907e+02 1.0816e+03 2.7888e+02 5.3998e-04
1.0544e+03 1.0572e+02 1.1241e+03 2.6292e+02 5.3945e-04
2.0390e+00 1.9051e+02 6.7820e+01 3.7500e+02 5.3000e-04
5.8324e+02 1.4552e+02 6.4516e+02 1.8001e+02 5.2955e-04
4.8058e+02 1.6699e+02 5.4918e+02 2.0178e+02 5.2803e-04
3.4102e+02 1.5612e+02 4.2722e+02 1.9459e+02 5.2453e-04
5.8236e+02 1.0582e+02 6.4274e+02 2.5019e+02 5.2428e-04
0.0000e+00 0.0000e+00 1.6296e+01 5.3109e+01 5.2180e-04
1.2006e+03 1.6488e+02 1.2346e+03 2.9973e+02 5.2158e-04
2.2996e+02 1.6344e+02 2.7079e+02 2.5418e+02 5.2134e-04
8.1218e+02 1.4110e+02 9.8823e+02 2.1341e+02 5.1959e-04
7.9996e+02 1.2864e+02 9.6441e+02 1.9486e+02 5.1905e-04
1.0486e+03 1.5847e+02 1.0837e+03 2.4952e+02 5.1771e-04
1.1602e+03 1.3165e+02 1.1945e+03 2.3108e+02 5.1759e-04
1.0043e+03 1.5435e+02 1.1680e+03 2.3206e+02 5.1626e-04
6.6746e+02 1.7356e+02 7.4441e+02 2.0857e+02 5.1571e-04
1.0603e+02 1.8829e+02 2.0088e+02 2.2595e+02 5.1477e-04
5.6472e+02 1.0824e+02 6.2351e+02 2.4768e+02 5.1305e-04
9.2327e+02 2.0403e+01 1.0829e+03 3.7390e+02 5.1219e-04
0.0000e+00 1.3053e+02 1.5984e+02 3.1126e+02 5.1200e-04
3.0507e+02 1.4964e+02 3.9959e+02 1.8695e+02 5.1044e-04
6.5337e+02 1.7313e+02 7.2710e+02 2.0668e+02 5.0829e-04
2.7219e+02 1.7355e+02 3.5278e+02 2.0420e+02 5.0596e-04
1.3915e+02 1.4955e+02 2.4269e+02 1.8885e+02 5.0542e-04
2.4773e+02 8.9685e+01 3.7507e+02 3.1577e+02 5.0375e-04
0.0000e+00 2.4064e+02 2.8975e+01 3.7500e+02 5.0159e-04
3.4453e+02 1.4974e+02 4.3390e+02 1.8759e+02 5.0128e-04
1.0599e+03 1.5575e+02 1.1476e+03 1.9479e+02 5.0084e-04
0.0000e+00 1.3660e+02 4.4307e+01 2.4252e+02 4.9841e-04
1.1960e+03 2.2589e+02 1.2410e+03 3.5171e+02 4.9724e-04
1.2123e+03 2.0876e+02 1.2410e+03 2.5434e+02 4.9482e-04
1.0554e+03 1.4289e+02 1.0902e+03 2.3175e+02 4.9168e-04
1.0253e+03 1.2257e+02 1.0951e+03 2.7936e+02 4.8875e-04
1.1747e+03 1.2453e+02 1.2114e+03 2.4010e+02 4.8633e-04
1.2143e+03 1.0587e+02 1.2410e+03 1.5070e+02 4.8080e-04
0.0000e+00 1.1731e+02 3.3026e+01 1.6807e+02 4.7903e-04
0.0000e+00 1.0119e+02 6.5877e+01 1.8840e+02 4.7546e-04
0.0000e+00 1.7593e+01 3.1643e+02 3.6268e+02 4.7404e-04
0.0000e+00 7.4292e+01 4.2737e+01 1.8334e+02 4.7286e-04
2.7327e+02 1.4466e+02 3.4117e+02 2.5434e+02 4.6907e-04
1.1787e+03 9.7968e+01 1.2410e+03 1.9246e+02 4.6870e-04
5.9930e+02 1.2939e+02 6.5601e+02 2.6546e+02 4.6867e-04
5.2387e+02 1.8174e+02 5.8153e+02 2.1987e+02 4.6635e-04
5.1093e+02 1.5978e+02 5.3598e+02 2.2059e+02 4.6554e-04
1.7584e+02 1.4087e+02 2.5451e+02 2.8721e+02 4.6303e-04
2.4521e+02 1.6483e+02 2.8386e+02 2.5509e+02 4.6094e-04
1.2202e+03 2.1039e+02 1.2410e+03 2.7239e+02 4.5952e-04
1.0700e+03 1.4240e+02 1.1056e+03 2.3198e+02 4.5657e-04
3.1341e+02 1.6415e+02 3.4443e+02 2.2282e+02 4.5609e-04
1.2146e+03 2.2524e+02 1.2410e+03 2.7061e+02 4.5347e-04
1.1855e+03 1.4575e+02 1.2410e+03 3.5011e+02 4.4573e-04
1.9433e+02 1.9772e+02 3.1352e+02 2.6042e+02 4.4204e-04
4.3044e+02 1.1728e+02 5.5704e+02 2.1116e+02 4.4115e-04
9.8850e+02 9.7112e+01 1.0616e+03 2.6152e+02 4.3852e-04
6.6447e+02 1.6076e+02 7.4740e+02 1.9438e+02 4.3799e-04
1.0408e+03 1.8669e+02 1.1322e+03 2.2628e+02 4.3712e-04
5.8205e+02 1.5372e+02 6.1319e+02 2.3177e+02 4.3624e-04
1.2143e+03 2.1660e+02 1.2410e+03 2.6253e+02 4.3131e-04
1.0460e+03 1.5996e+02 1.1092e+03 2.0939e+02 4.2596e-04
4.8549e+02 1.2764e+02 5.4703e+02 2.7137e+02 4.2421e-04
4.8545e+02 1.5746e+02 5.5487e+02 1.9393e+02 4.2307e-04
2.9302e+02 1.6060e+02 3.7537e+02 1.9288e+02 4.2235e-04
9.5583e+02 1.9429e+02 1.0595e+03 2.3220e+02 4.2152e-04
4.8486e+02 1.7855e+02 5.4870e+02 2.1634e+02 4.2152e-04
8.3484e+02 1.5094e+02 9.2300e+02 1.8760e+02 4.2000e-04
4.3928e+02 1.5797e+02 5.2199e+02 1.9398e+02 4.1934e-04
1.0457e+03 1.3428e+02 1.1319e+03 1.6930e+02 4.1818e-04
1.0029e+03 1.3588e+02 1.0919e+03 1.6955e+02 4.1719e-04
1.1203e+03 9.2184e+01 1.1926e+03 2.7603e+02 4.1521e-04
1.0505e+03 1.7939e+02 1.1396e+03 2.1904e+02 4.1370e-04
1.2136e+03 1.5354e+02 1.2410e+03 2.9079e+02 4.1366e-04
3.6077e+00 1.7416e+02 1.9237e+02 2.4091e+02 4.1356e-04
2.8734e+02 1.5444e+02 4.0660e+02 2.3625e+02 4.1340e-04
8.9271e+02 1.1148e+02 1.2041e+03 2.8491e+02 4.1244e-04
1.2129e+03 2.3955e+02 1.2410e+03 2.8703e+02 4.1209e-04
5.6789e+02 1.4499e+02 6.3216e+02 1.7981e+02 4.0947e-04
0.0000e+00 1.4695e+02 6.9129e+01 2.3425e+02 4.0929e-04
1.2150e+03 9.7909e+01 1.2410e+03 1.4329e+02 4.0546e-04
9.3124e+02 1.7045e+02 1.1216e+03 2.4615e+02 4.0272e-04
1.5685e+02 1.5500e+02 3.6093e+02 2.1780e+02 4.0227e-04
4.3798e+02 1.4325e+02 5.5138e+02 2.3819e+02 4.0215e-04
9.8602e+02 1.9642e+02 1.0943e+03 2.3300e+02 4.0207e-04
1.2189e+03 2.2580e+02 1.2410e+03 2.8908e+02 4.0124e-04
9.2801e+02 9.9799e+01 1.1645e+03 3.1009e+02 4.0078e-04
3.2648e+02 1.3888e+02 5.0660e+02 2.1209e+02 3.9812e-04
5.9477e+02 1.5366e+02 6.2338e+02 2.2806e+02 3.9740e-04
5.4664e+02 1.2530e+02 5.9866e+02 2.5614e+02 3.9654e-04
6.3853e+02 1.7193e+02 7.0925e+02 2.0635e+02 3.9487e-04
5.3216e+02 1.6603e+02 5.6423e+02 2.4571e+02 3.9486e-04
0.0000e+00 2.2906e+02 1.5350e+01 3.5064e+02 3.9466e-04
0.0000e+00 1.5172e+02 1.3975e+01 2.5698e+02 3.9419e-04
4.1855e+02 1.2799e+02 5.4237e+02 2.2433e+02 3.9184e-04
2.8749e+02 1.6617e+02 4.4364e+02 2.4157e+02 3.9129e-04
1.1331e+03 1.3457e+02 1.2410e+03 3.7345e+02 3.9119e-04
1.1535e+03 1.3566e+02 1.1862e+03 2.2736e+02 3.9085e-04
5.7840e+02 1.3856e+02 7.3613e+02 2.1168e+02 3.8654e-04
7.8012e+00 1.6280e+02 1.8830e+02 2.2638e+02 3.8105e-04
7.6649e+02 2.8846e+02 8.3795e+02 3.7500e+02 3.8049e-04
5.4843e+02 1.5375e+02 6.9363e+02 2.2301e+02 3.7821e-04
1.6690e+02 2.1868e+02 2.9580e+02 2.8224e+02 3.7795e-04
4.6016e+02 1.5541e+02 5.6525e+02 2.4254e+02 3.7639e-04
1.2113e+03 0.0000e+00 1.2410e+03 1.4258e+01 3.7639e-04
1.1632e+03 2.9770e+02 1.2393e+03 3.7500e+02 3.7635e-04
9.7226e+02 1.4503e+02 1.0988e+03 2.4352e+02 3.7603e-04
3.0135e+02 1.5311e+02 4.7002e+02 2.2814e+02 3.7464e-04
1.0244e+02 1.7205e+02 2.0586e+02 2.1153e+02 3.7351e-04
1.0692e+03 1.5694e+02 1.1064e+03 2.4934e+02 3.7347e-04
0.0000e+00 3.9655e+01 1.4309e+02 2.1608e+02 3.7256e-04
4.4360e+02 1.4991e+02 5.2991e+02 1.8682e+02 3.7187e-04
8.2058e+02 1.5672e+02 9.0972e+02 1.9519e+02 3.7118e-04
1.2187e+03 9.9877e+01 1.2410e+03 1.5972e+02 3.6806e-04
9.5251e+02 1.5759e+02 1.0499e+03 1.9550e+02 3.6630e-04
4.5365e+02 1.5757e+02 5.3345e+02 1.9273e+02 3.6490e-04
5.6396e+02 1.3427e+02 6.7658e+02 2.1924e+02 3.6370e-04
5.6068e+02 1.6813e+02 6.1898e+02 2.0067e+02 3.6342e-04
7.8223e+02 2.9212e+02 8.5288e+02 3.7500e+02 3.6313e-04
1.2078e+02 1.3203e+02 3.1965e+02 1.9954e+02 3.6217e-04
3.6670e+02 1.3684e+02 5.4212e+02 2.1038e+02 3.6155e-04
2.0612e+02 2.3287e+02 3.7200e+02 3.0257e+02 3.5956e-04
2.0244e+02 1.9915e+02 3.3237e+02 2.6934e+02 3.5940e-04
0.0000e+00 2.1914e+01 9.7286e+01 2.3841e+02 3.5912e-04
4.2056e+02 1.5684e+02 5.0672e+02 1.9415e+02 3.5841e-04
2.8893e+02 1.5235e+02 3.7843e+02 1.8673e+02 3.5387e-04
6.1763e+02 1.6684e+02 6.7899e+02 2.0140e+02 3.5382e-04
1.0428e+03 1.2515e+02 1.1328e+03 1.6127e+02 3.5276e-04
1.3858e+02 1.8713e+02 2.2871e+02 2.2383e+02 3.5197e-04
0.0000e+00 0.0000e+00 2.2120e+02 3.7500e+02 3.4929e-04
1.4286e+01 2.1814e+02 8.3041e+01 3.7500e+02 3.4511e-04
1.0209e+03 1.1866e+02 1.1118e+03 1.5342e+02 3.4380e-04
1.2066e+03 2.4605e+02 1.2410e+03 3.7500e+02 3.4018e-04
0.0000e+00 1.5244e+02 4.1682e+01 2.6044e+02 3.3976e-04
9.9036e+02 1.2952e+02 1.1142e+03 2.2748e+02 3.3879e-04
9.9923e+02 1.6587e+02 1.0967e+03 2.0140e+02 3.3836e-04
5.5175e+02 1.2822e+02 7.1669e+02 1.9715e+02 3.3771e-04
1.0392e+03 1.4659e+02 1.1009e+03 1.9037e+02 3.3731e-04
3.6901e+02 9.7529e+01 7.2396e+02 2.4951e+02 3.3676e-04
1.2070e+02 2.3693e+02 2.7654e+02 3.1224e+02 3.3608e-04
1.2219e+03 2.5229e+02 1.2410e+03 3.7012e+02 3.3401e-04
8.6762e+02 1.5425e+02 9.3679e+02 1.9752e+02 3.3253e-04
0.0000e+00 1.5187e+02 8.6199e+01 3.6916e+02 3.3230e-04
6.2488e+02 1.5346e+02 6.5115e+02 2.2932e+02 3.3150e-04
0.0000e+00 1.8504e+02 4.1068e+01 2.9610e+02 3.3105e-04
1.1827e+03 1.1912e+02 1.2198e+03 2.3380e+02 3.2883e-04
1.0076e+03 1.4597e+02 1.1256e+03 2.4376e+02 3.2803e-04
1.0463e+03 1.5158e+02 1.1085e+03 2.0011e+02 3.2576e-04
4.3401e+02 9.4209e+01 5.0327e+02 2.5996e+02 3.2396e-04
5.6202e+02 1.4370e+02 6.1649e+02 1.8551e+02 3.2384e-04
1.2092e+03 1.0072e+02 1.2404e+03 2.4055e+02 3.2379e-04
1.0414e+03 9.3267e+01 1.1082e+03 2.4344e+02 3.2264e-04
0.0000e+00 9.9433e+01 2.2615e+01 1.6004e+02 3.2250e-04
1.0542e+03 1.3443e+02 1.1240e+03 2.9342e+02 3.2230e-04
1.2189e+03 0.0000e+00 1.2410e+03 2.0030e+01 3.2199e-04
7.7778e+02 1.3844e+02 9.5159e+02 2.1046e+02 3.2171e-04
1.0859e+02 1.5368e+02 2.4625e+02 2.3538e+02 3.2137e-04
0.0000e+00 2.1271e+02 4.2804e+01 3.3009e+02 3.2128e-04
1.1823e+03 2.8660e+02 1.2410e+03 3.7500e+02 3.2034e-04
1.0699e+03 1.1640e+02 1.1394e+03 2.8250e+02 3.1994e-04
3.4294e+02 1.6503e+02 4.2458e+02 2.0263e+02 3.1801e-04
0.0000e+00 1.6481e+02 1.4595e+02 3.4491e+02 3.1725e-04
3.0819e+02 1.6397e+02 3.3693e+02 2.2037e+02 3.1707e-04
2.7698e+02 1.6608e+02 3.1538e+02 2.5335e+02 3.1643e-04
8.1113e+02 1.5442e+02 9.8884e+02 2.2774e+02 3.1587e-04
4.1731e+02 1.4927e+02 5.0827e+02 1.8907e+02 3.1584e-04
1.1479e+03 2.9559e+02 1.2253e+03 3.7500e+02 3.1298e-04
5.2717e+02 1.1779e+02 6.4734e+02 2.0529e+02 3.1159e-04
1.1456e+03 1.3692e+02 1.1775e+03 2.2573e+02 3.0902e-04
8.1974e+02 1.5002e+02 9.0744e+02 1.8759e+02 3.0775e-04
5.0775e+02 1.4239e+02 5.3565e+02 2.1543e+02 3.0597e-04
8.2740e+02 7.4596e+01 1.1638e+03 2.6131e+02 3.0576e-04
0.0000e+00 1.8595e+02 4.9534e+01 3.7500e+02 3.0542e-04
1.2245e+03 6.1537e+01 1.2410e+03 1.6767e+02 3.0385e-04
9.3864e+02 1.2551e+02 1.1210e+03 2.0383e+02 3.0366e-04
6.3425e+02 1.5467e+02 7.0641e+02 1.8768e+02 3.0340e-04
2.9177e+02 1.6928e+02 3.3672e+02 2.6111e+02 3.0271e-04
0.0000e+00 8.5024e+01 6.1628e+01 1.7292e+02 3.0182e-04
1.0442e+03 5.0133e+01 1.2048e+03 3.7500e+02 3.0109e-04
7.9548e+02 2.9218e+02 8.6960e+02 3.7500e+02 3.0104e-04
3.1925e+02 1.6444e+02 3.5131e+02 2.2730e+02 2.9842e-04
6.7998e+02 1.7308e+02 7.5990e+02 2.0908e+02 2.9652e-04
1.1132e+02 1.4114e+02 2.2339e+02 1.8286e+02 2.9312e-04
8.2316e+02 1.6531e+02 9.0971e+02 2.0296e+02 2.9163e-04
6.2867e+02 1.6195e+02 6.8279e+02 2.0038e+02 2.9102e-04
0.0000e+00 1.3437e+02 3.2468e+01 1.8283e+02 2.8822e-04
8.9794e+02 2.4721e+00 1.0490e+03 3.3754e+02 2.8813e-04
2.3033e+02 2.0567e+02 3.0460e+02 3.2584e+02 2.8754e-04
0.0000e+00 1.4710e+02 2.0213e+01 2.0766e+02 2.8731e-04
1.8718e+02 1.9389e+02 2.9338e+02 2.5294e+02 2.8654e-04
2.1265e+02 1.8321e+02 3.4515e+02 2.6151e+02 2.8585e-04
0.0000e+00 1.3092e+02 2.1133e+01 1.9144e+02 2.8511e-04
1.0314e+03 1.8110e+02 1.0975e+03 2.3474e+02 2.8401e-04
1.1770e+03 2.5175e+02 1.2410e+03 3.5246e+02 2.8360e-04
1.0595e+03 1.6375e+02 1.1466e+03 2.0352e+02 2.8287e-04
1.0442e+03 1.8164e+02 1.1103e+03 2.3500e+02 2.8277e-04
5.1888e+02 1.6647e+02 5.5202e+02 2.4519e+02 2.8025e-04
1.1944e+03 7.1259e+01 1.2410e+03 1.9301e+02 2.7799e-04
0.0000e+00 3.2867e+02 2.2956e+01 3.7500e+02 2.7776e-04
1.2032e+03 4.7559e+00 1.2410e+03 2.0075e+02 2.7734e-04
8.1121e+02 2.9203e+02 8.8619e+02 3.7500e+02 2.7709e-04
6.2486e+01 1.3016e+02 2.4007e+02 1.9583e+02 2.7681e-04
3.3949e+02 1.8084e+02 4.1247e+02 2.1979e+02 2.7663e-04
1.1238e+03 1.5744e+02 1.2002e+03 1.9613e+02 2.7600e-04
8.6247e+02 3.3602e+01 1.0135e+03 3.7500e+02 2.7575e-04
1.0255e+03 9.2483e+01 1.0918e+03 2.4721e+02 2.7542e-04
2.6861e+02 1.4262e+02 3.9622e+02 2.2072e+02 2.7500e-04
6.0050e+02 1.6930e+02 6.4547e+02 2.1688e+02 2.7375e-04
0.0000e+00 1.0305e+02 3.1519e+01 1.5276e+02 2.7331e-04
8.7604e+02 1.5818e+02 9.7748e+02 1.9521e+02 2.7161e-04
0.0000e+00 1.5036e+02 3.1640e+01 1.9949e+02 2.7108e-04
2.5908e+02 1.1536e+02 4.4053e+02 1.8053e+02 2.6718e-04
1.0142e+03 1.3797e+02 1.1852e+03 2.1792e+02 2.6509e-04
1.0220e+03 1.2962e+02 1.1407e+03 2.2727e+02 2.6488e-04
1.2156e+03 9.0000e+01 1.2410e+03 1.3537e+02 2.6388e-04
0.0000e+00 2.3053e+02 2.1426e+01 2.9631e+02 2.6383e-04
0.0000e+00 2.8687e+02 6.9658e+01 3.7500e+02 2.6382e-04
7.5052e+02 2.8722e+02 8.2453e+02 3.7500e+02 2.6378e-04
1.1186e+03 1.2288e+02 1.1914e+03 3.0795e+02 2.6350e-04
5.7578e+02 1.3341e+02 6.0846e+02 2.0126e+02 2.6260e-04
0.0000e+00 1.9765e+02 2.5549e+01 3.3876e+02 2.6190e-04
1.0783e+03 1.4300e+02 1.1136e+03 2.3070e+02 2.6135e-04
1.7106e+02 1.8805e+02 2.7960e+02 2.4075e+02 2.5769e-04
3.3161e+02 1.7333e+02 3.6426e+02 2.4913e+02 2.5746e-04
2.5224e+02 1.9798e+02 3.7768e+02 2.9121e+02 2.5667e-04
1.6594e+02 1.8406e+02 2.6573e+02 2.3168e+02 2.5639e-04
4.9493e+02 1.5618e+02 5.4754e+02 1.9905e+02 2.5491e-04
1.1745e+03 1.4576e+02 1.2131e+03 2.6445e+02 2.5456e-04
1.0433e+02 1.6324e+02 2.0843e+02 2.0417e+02 2.5251e-04
3.0754e+02 1.1238e+02 3.7074e+02 2.5646e+02 2.5217e-04
0.0000e+00 1.6231e+02 6.7597e+01 2.4943e+02 2.5165e-04
8.5852e+02 1.7102e+02 9.5135e+02 2.0854e+02 2.5147e-04
3.2987e+02 1.7726e+02 3.8710e+02 2.2331e+02 2.5014e-04
1.1376e+03 1.5399e+02 1.2150e+03 1.9729e+02 2.4887e-04
1.0066e+03 1.1631e+02 1.1290e+03 2.0874e+02 2.4878e-04
2.0365e+02 1.2914e+02 4.0657e+02 1.9520e+02 2.4848e-04
4.6106e+02 1.4911e+02 5.4399e+02 1.8655e+02 2.4822e-04
1.4210e+02 6.2970e+01 2.5959e+02 3.1967e+02 2.4715e-04
4.9394e+02 1.8352e+02 5.5720e+02 2.2012e+02 2.4665e-04
1.0465e+02 1.3832e+02 2.4360e+02 2.1647e+02 2.4662e-04
1.0047e+03 1.7036e+02 1.1678e+03 2.4497e+02 2.4606e-04
1.9952e+02 2.1127e+02 3.4175e+02 2.9938e+02 2.4595e-04
5.9547e+02 9.5757e+01 6.5677e+02 2.3824e+02 2.4578e-04
1.1826e+03 1.6044e+02 1.2205e+03 2.8075e+02 2.4490e-04
1.2178e+03 2.4028e+02 1.2410e+03 3.0514e+02 2.4435e-04
4.3588e+02 1.6476e+02 5.2309e+02 2.0101e+02 2.4382e-04
0.0000e+00 0.0000e+00 2.8602e+01 1.6907e+02 2.4351e-04
1.1026e+03 1.0834e+02 1.1734e+03 2.8593e+02 2.4341e-04
1.0407e+03 1.5816e+02 1.0756e+03 2.4651e+02 2.4308e-04
9.8522e+02 1.1386e+02 1.1651e+03 1.8443e+02 2.4304e-04
2.2254e+02 1.6163e+02 2.6342e+02 2.5175e+02 2.4272e-04
2.9141e+01 1.8756e+02 2.0225e+02 2.6057e+02 2.4170e-04
0.0000e+00 7.5838e+01 4.6665e+01 2.6126e+02 2.4089e-04
3.9056e+02 1.1205e+02 5.6379e+02 1.8293e+02 2.3960e-04
0.0000e+00 5.5661e+01 4.1152e+01 1.6629e+02 2.3925e-04
1.0695e+03 8.5689e+01 1.1384e+03 2.4847e+02 2.3903e-04
3.2168e+02 1.2513e+02 3.8090e+02 2.7374e+02 2.3887e-04
1.1362e+03 1.4023e+02 1.2081e+03 3.2155e+02 2.3820e-04
1.1669e+03 1.3912e+02 1.2041e+03 2.5808e+02 2.3591e-04
8.7269e+02 0.0000e+00 1.2026e+03 3.7500e+02 2.3551e-04
2.8735e+02 1.3755e+02 4.1646e+02 2.1876e+02 2.3525e-04
2.7116e+02 2.0428e+02 3.7247e+02 2.6405e+02 2.3388e-04
1.3453e+02 2.1526e+02 2.5253e+02 3.1054e+02 2.3357e-04
9.6068e+02 1.2789e+02 1.0869e+03 2.3089e+02 2.3303e-04
1.7754e+01 1.5446e+02 2.9683e+02 3.0779e+02 2.3175e-04
1.0066e+03 9.0021e+01 1.0800e+03 2.4930e+02 2.3123e-04
1.1254e+03 1.5066e+02 1.1996e+03 1.8945e+02 2.3086e-04
2.9417e+02 1.1532e+02 4.7085e+02 1.8106e+02 2.3080e-04
1.0020e+03 1.2701e+02 1.0924e+03 1.6116e+02 2.2975e-04
1.1517e+03 1.4684e+02 1.1864e+03 2.4642e+02 2.2888e-04
8.3096e+02 3.7336e+01 9.7959e+02 3.7500e+02 2.2882e-04
8.2884e+02 2.9335e+02 9.0204e+02 3.7500e+02 2.2786e-04
1.1843e+01 2.9015e+02 8.6333e+01 3.7500e+02 2.2781e-04
1.1046e+03 1.8997e+02 1.2410e+03 3.6667e+02 2.2747e-04
3.2331e+02 1.8543e+02 3.8787e+02 2.2783e+02 2.2725e-04
3.9889e+02 1.1503e+02 5.2752e+02 2.0549e+02 2.2676e-04
9.6369e+01 1.2282e+02 4.4021e+02 2.4608e+02 2.2665e-04
7.6452e+02 2.1056e+02 8.9791e+02 3.7500e+02 2.2665e-04
1.1118e+03 1.7414e+01 1.2410e+03 3.7500e+02 2.2655e-04
5.1847e+02 1.3784e+02 5.5394e+02 2.1746e+02 2.2632e-04
4.5549e+02 1.6554e+02 5.3059e+02 1.9946e+02 2.2494e-04
6.7705e+02 1.5893e+02 7.6249e+02 1.9621e+02 2.2394e-04
8.7926e+02 1.6537e+02 9.7667e+02 2.0283e+02 2.2261e-04
1.0867e+03 1.1182e+02 1.1565e+03 2.8624e+02 2.2179e-04
1.0538e+03 1.7420e+02 1.1170e+03 2.2711e+02 2.2179e-04
2.8530e+02 1.4247e+02 3.7980e+02 1.7982e+02 2.2088e-04
9.7523e+02 9.3678e+01 1.0410e+03 2.5202e+02 2.1952e-04
1.2557e+02 1.2554e+02 3.8595e+02 2.5689e+02 2.1803e-04
1.1865e+03 1.9036e+02 1.2410e+03 3.7500e+02 2.1699e-04
1.1232e+03 1.3466e+02 1.2356e+03 2.5737e+02 2.1626e-04
6.1157e+02 1.0541e+02 6.7148e+02 2.4917e+02 2.1462e-04
0.0000e+00 0.0000e+00 5.2342e+01 7.8126e+01 2.1408e-04
5.0964e+02 6.3816e+01 5.8228e+02 2.4014e+02 2.1391e-04
6.0919e+02 1.3955e+02 7.7261e+02 2.1188e+02 2.1385e-04
7.7982e+02 1.5283e+02 9.5632e+02 2.2871e+02 2.1179e-04
0.0000e+00 1.2770e+02 6.1986e+01 3.7500e+02 2.1147e-04
7.9466e+02 4.3562e+01 9.5186e+02 3.7500e+02 2.0923e-04
8.2697e+02 0.0000e+00 1.1168e+03 3.2589e+02 2.0858e-04
3.1716e+02 1.1736e+02 4.4815e+02 2.0232e+02 2.0856e-04
7.6432e+02 1.2312e+02 9.2976e+02 1.9377e+02 2.0806e-04

