7.0180e+02 1.7847e+02 7.7236e+02 2.2865e+02 9.9995e-01
5.3372e+02 1.7925e+02 5.7214e+02 2.0477e+02 9.9993e-01
6.9310e+02 1.7682e+02 7.5296e+02 2.2216e+02 9.9992e-01
7.0966e+02 1.7983e+02 7.9241e+02 2.3402e+02 9.9986e-01
7.8079e+02 1.8388e+02 9.6395e+02 2.9563e+02 9.9977e-01
4.4999e+02 1.8114e+02 5.2063e+02 2.2805e+02 9.9973e-01
4.3460e+02 1.8035e+02 5.1282e+02 2.3233e+02 9.9970e-01
7.2155e+02 1.7848e+02 8.1023e+02 2.4431e+02 9.9957e-01
5.4022e+02 1.7781e+02 5.7983e+02 2.0135e+02 9.9956e-01
7.3042e+02 1.7897e+02 8.3201e+02 2.5109e+02 9.9944e-01
6.8552e+02 1.7598e+02 7.2985e+02 2.0997e+02 9.9937e-01
6.9141e+02 1.7516e+02 7.4316e+02 2.1686e+02 9.9923e-01
4.6452e+02 1.8087e+02 5.2573e+02 2.2257e+02 9.9914e-01
3.3870e+02 1.8373e+02 4.7315e+02 2.6167e+02 9.9905e-01
7.2022e+02 1.7583e+02 8.3723e+02 2.4822e+02 9.9844e-01
8.5327e+02 1.6227e+02 1.1628e+03 3.7158e+02 9.9840e-01
7.0716e+02 1.8235e+02 7.6159e+02 2.2454e+02 9.9774e-01
8.9087e+02 1.6022e+02 1.2370e+03 3.7500e+02 9.9773e-01
4.1487e+02 1.8269e+02 5.1090e+02 2.3932e+02 9.9721e-01
8.3588e+02 1.5452e+02 1.2420e+03 3.7500e+02 9.9716e-01
8.0383e+02 1.9659e+02 9.7589e+02 2.9007e+02 9.9712e-01
6.7953e+02 1.7761e+02 7.1915e+02 2.0441e+02 9.9620e-01
8.3773e+02 1.7705e+02 1.0770e+03 3.3770e+02 9.9578e-01
5.3238e+02 1.8066e+02 5.6351e+02 2.0291e+02 9.9538e-01
5.5007e+02 1.7758e+02 5.8183e+02 2.0023e+02 9.9375e-01
6.8842e+02 1.7809e+02 7.3953e+02 2.1422e+02 9.9336e-01
3.6101e+02 1.7959e+02 4.9640e+02 2.4955e+02 9.9272e-01
7.4924e+02 1.8450e+02 8.5370e+02 2.4376e+02 9.9263e-01
6.8548e+02 1.7656e+02 7.3624e+02 2.1212e+02 9.9149e-01
7.4158e+02 1.8357e+02 8.6800e+02 2.5876e+02 9.9100e-01
3.4607e+02 1.8633e+02 4.6337e+02 2.6063e+02 9.8976e-01
5.4616e+02 1.7585e+02 5.8026e+02 1.9701e+02 9.8958e-01
7.6198e+02 1.8797e+02 9.1491e+02 2.7286e+02 9.8881e-01
7.0276e+02 1.7997e+02 7.5233e+02 2.1992e+02 9.8667e-01
5.4245e+02 1.7590e+02 5.7451e+02 1.9943e+02 9.8461e-01
7.1177e+02 1.8014e+02 7.7174e+02 2.2732e+02 9.8183e-01
9.2048e+02 1.3566e+02 1.2115e+03 3.4474e+02 9.8158e-01
7.8875e+02 1.8050e+02 1.0146e+03 3.2883e+02 9.8024e-01
7.1128e+02 1.7670e+02 7.8530e+02 2.2218e+02 9.7398e-01
6.8130e+02 1.7816e+02 7.0915e+02 2.0342e+02 9.7335e-01
8.6819e+02 1.8736e+02 1.1213e+03 3.5395e+02 9.7039e-01
7.0812e+02 1.7113e+02 8.1270e+02 2.4109e+02 9.5932e-01
8.7885e+02 1.3900e+02 1.1576e+03 3.4007e+02 9.2585e-01
7.0315e+02 1.8510e+02 7.5188e+02 2.2930e+02 9.2297e-01
7.4999e+02 1.0687e+02 1.2420e+03 3.7500e+02 9.1613e-01
5.3596e+02 1.7768e+02 5.6575e+02 1.9946e+02 9.1565e-01
6.9356e+02 1.8130e+02 7.4312e+02 2.1907e+02 9.0969e-01
7.6675e+02 1.8280e+02 8.8331e+02 2.7897e+02 9.0619e-01
4.6955e+02 1.8578e+02 5.2700e+02 2.2131e+02 9.0065e-01
3.8828e+02 1.7586e+02 5.1751e+02 2.4187e+02 8.9457e-01
1.0066e+03 1.7030e+02 1.2420e+03 3.5085e+02 8.6924e-01
5.2854e+02 1.8111e+02 5.5420e+02 2.0276e+02 8.6141e-01
7.2361e+02 1.7303e+02 7.9173e+02 2.3056e+02 8.3771e-01
7.2702e+02 1.7583e+02 7.6030e+02 2.4093e+02 8.2789e-01
8.2055e+02 2.0363e+02 9.9741e+02 2.9900e+02 8.2447e-01
7.4738e+02 1.7892e+02 8.4200e+02 2.3398e+02 8.1972e-01
6.9584e+02 1.7235e+02 7.2040e+02 2.1846e+02 8.1755e-01
4.8204e+02 1.8646e+02 5.3025e+02 2.1845e+02 8.1171e-01
7.1930e+02 1.7655e+02 7.5237e+02 2.3779e+02 8.0711e-01
5.3239e+02 1.7917e+02 5.5654e+02 1.9910e+02 8.0569e-01
4.0452e+02 1.8819e+02 4.9724e+02 2.4602e+02 7.8811e-01
4.7334e+02 1.8290e+02 5.2649e+02 2.1452e+02 7.7622e-01
3.7588e+02 1.8633e+02 4.8527e+02 2.4520e+02 7.7386e-01
7.5341e+02 1.7067e+02 8.0197e+02 2.6322e+02 7.6807e-01
7.2473e+02 1.8425e+02 7.8111e+02 2.2972e+02 7.5398e-01
7.1966e+02 1.7528e+02 7.4449e+02 2.2801e+02 7.5121e-01
7.1024e+02 1.7660e+02 7.5597e+02 2.1420e+02 7.4803e-01
6.7436e+02 1.6856e+02 8.0256e+02 2.3540e+02 7.4688e-01
6.9307e+02 1.7019e+02 7.1599e+02 2.1532e+02 7.3305e-01
7.1312e+02 1.7817e+02 7.4620e+02 2.3737e+02 7.3181e-01
7.9533e+02 1.8790e+02 9.5175e+02 2.6329e+02 7.2738e-01
7.3390e+02 1.7320e+02 7.6797e+02 2.4406e+02 7.2143e-01
6.8714e+02 1.8169e+02 7.2734e+02 2.1587e+02 7.1830e-01
7.7684e+02 2.0320e+02 9.3229e+02 3.0134e+02 7.1588e-01
5.2311e+02 1.7631e+02 5.8162e+02 2.0700e+02 7.1384e-01
7.4077e+02 1.7763e+02 7.8303e+02 2.5636e+02 7.0964e-01
7.5775e+02 1.7610e+02 9.8511e+02 3.1663e+02 7.0552e-01
9.1225e+02 1.0317e+02 1.2420e+03 3.7500e+02 7.0097e-01
6.9393e+02 1.7663e+02 7.3786e+02 2.0614e+02 6.9857e-01
6.8422e+02 1.7568e+02 7.2039e+02 1.9987e+02 6.9465e-01
9.5701e+02 2.0033e+02 1.2402e+03 3.7500e+02 6.8566e-01
7.1544e+02 1.8048e+02 7.6639e+02 2.1724e+02 6.6204e-01
4.4799e+02 1.7225e+02 4.9085e+02 2.4825e+02 6.5695e-01
7.2683e+02 1.7080e+02 7.5152e+02 2.2975e+02 6.5223e-01
8.5600e+02 1.9550e+02 1.0350e+03 2.8572e+02 6.5002e-01
7.0902e+02 1.9160e+02 7.5728e+02 2.3221e+02 6.4696e-01
7.2345e+02 1.7006e+02 7.4718e+02 2.2749e+02 6.3822e-01
4.9034e+02 1.8809e+02 5.3432e+02 2.1677e+02 6.3512e-01
7.0773e+02 1.7521e+02 7.3660e+02 2.2761e+02 6.2366e-01
4.8303e+02 1.8187e+02 5.3156e+02 2.1150e+02 6.1718e-01
4.2638e+02 1.7824e+02 5.0679e+02 2.2127e+02 6.1545e-01
7.4608e+02 1.6581e+02 7.9486e+02 2.5718e+02 6.1285e-01
7.4784e+02 1.8167e+02 9.1085e+02 2.5679e+02 6.0962e-01
7.1505e+02 1.7811e+02 7.4133e+02 2.3041e+02 6.0763e-01
7.7960e+02 1.9721e+02 9.1200e+02 2.8764e+02 6.0481e-01
7.6921e+02 1.8860e+02 8.5726e+02 2.3755e+02 5.8737e-01
8.4339e+02 2.0027e+02 1.0449e+03 3.0476e+02 5.8441e-01
8.9578e+02 1.9102e+02 1.1304e+03 3.5716e+02 5.7789e-01
7.6099e+02 1.7111e+02 8.1379e+02 2.6540e+02 5.7645e-01
5.4029e+02 1.7574e+02 5.5676e+02 2.0795e+02 5.6572e-01
7.2001e+02 1.6999e+02 7.5608e+02 2.2704e+02 5.5711e-01
7.1198e+02 1.7330e+02 7.3708e+02 2.2408e+02 5.5184e-01
7.1598e+02 1.9150e+02 7.6868e+02 2.3167e+02 5.5146e-01
8.1579e+02 1.6954e+02 8.9442e+02 3.1709e+02 5.4786e-01
7.3829e+02 1.7078e+02 7.6368e+02 2.3106e+02 5.3178e-01
8.7694e+02 2.0492e+02 1.1071e+03 3.3969e+02 5.2807e-01
8.4784e+02 1.8908e+02 9.9644e+02 3.1541e+02 5.2732e-01
7.5556e+02 1.7003e+02 8.1481e+02 2.7389e+02 5.2123e-01
7.3964e+02 1.6589e+02 7.7634e+02 2.4049e+02 5.1078e-01
7.2094e+02 1.7844e+02 7.4934e+02 2.3374e+02 4.9637e-01
3.6902e+02 1.6099e+02 4.3619e+02 2.7354e+02 4.9595e-01
4.5707e+02 1.7688e+02 4.9403e+02 2.4405e+02 4.8739e-01
3.6102e+02 1.9327e+02 4.7341e+02 2.5725e+02 4.8507e-01
6.9100e+02 1.7182e+02 7.1086e+02 2.1297e+02 4.8126e-01
7.2040e+02 1.7963e+02 7.7618e+02 2.3423e+02 4.7437e-01
7.2970e+02 1.7565e+02 7.5752e+02 2.3478e+02 4.7392e-01
8.3870e+02 1.6847e+02 9.1657e+02 3.0647e+02 4.7318e-01
4.8039e+02 1.7674e+02 5.1258e+02 2.3308e+02 4.6964e-01
9.8381e+02 7.4184e+01 1.1390e+03 3.4555e+02 4.6411e-01
8.7713e+02 1.9261e+02 1.0967e+03 2.9455e+02 4.6091e-01
5.5765e+02 1.7781e+02 5.8207e+02 1.9869e+02 4.6063e-01
7.0401e+02 1.7222e+02 7.2679e+02 2.2026e+02 4.5473e-01
5.6054e+02 1.7127e+02 5.7485e+02 1.9892e+02 4.5454e-01
7.3413e+02 1.6983e+02 7.5942e+02 2.3022e+02 4.5198e-01
5.2727e+02 1.7894e+02 5.5207e+02 1.9916e+02 4.4829e-01
3.8769e+02 1.8082e+02 4.8572e+02 2.3607e+02 4.4691e-01
6.8528e+02 1.7482e+02 7.0142e+02 2.0803e+02 4.4526e-01
7.1424e+02 1.7127e+02 7.4556e+02 2.2379e+02 4.3531e-01
7.4906e+02 1.6580e+02 7.6364e+02 2.0693e+02 4.3094e-01
7.0158e+02 1.7439e+02 7.2876e+02 2.2310e+02 4.2929e-01
1.0818e+03 1.5899e+02 1.2420e+03 3.4548e+02 4.2262e-01
7.1840e+02 1.7372e+02 8.0735e+02 2.2026e+02 4.2070e-01
4.4234e+02 1.7651e+02 4.8502e+02 2.5288e+02 4.1624e-01
8.3899e+02 1.9208e+02 9.9473e+02 2.7380e+02 4.1487e-01
5.4300e+02 1.7468e+02 5.5926e+02 2.0862e+02 4.1481e-01
6.8197e+02 1.8178e+02 7.2170e+02 2.0831e+02 4.0652e-01
6.9976e+02 1.7173e+02 7.2365e+02 2.2230e+02 3.9669e-01
3.4008e+02 1.7104e+02 4.9946e+02 2.4332e+02 3.9445e-01
7.5233e+02 1.6787e+02 7.6790e+02 2.1039e+02 3.9170e-01
5.4743e+02 1.7205e+02 5.6393e+02 2.0666e+02 3.9097e-01
7.8520e+02 1.8232e+02 8.5542e+02 2.4197e+02 3.8670e-01
5.4917e+02 1.7511e+02 5.8018e+02 1.9138e+02 3.7872e-01
4.7432e+02 1.7921e+02 5.3086e+02 2.1665e+02 3.7799e-01
6.9082e+02 1.7513e+02 7.2861e+02 1.9926e+02 3.7492e-01
7.0817e+02 1.7183e+02 7.3139e+02 2.2146e+02 3.7404e-01
6.9761e+02 1.7038e+02 7.1777e+02 2.1183e+02 3.7326e-01
4.0741e+02 1.8062e+02 4.9379e+02 2.2466e+02 3.6809e-01
5.2840e+02 1.8478e+02 5.6239e+02 2.0566e+02 3.6603e-01
5.5475e+02 1.7606e+02 5.8014e+02 1.9495e+02 3.4697e-01
7.6997e+02 1.6864e+02 8.2121e+02 2.6214e+02 3.4658e-01
6.8791e+02 1.7159e+02 7.0478e+02 2.1011e+02 3.4597e-01
4.6003e+02 1.8422e+02 5.1847e+02 2.2175e+02 3.3774e-01
7.4674e+02 1.5869e+02 8.1760e+02 2.6119e+02 3.3045e-01
4.7014e+02 1.7769e+02 5.0086e+02 2.4058e+02 3.2855e-01
5.2571e+02 1.8118e+02 5.4906e+02 2.0114e+02 3.2664e-01
5.5182e+02 1.7195e+02 5.6716e+02 2.0549e+02 3.2339e-01
3.7606e+02 1.7121e+02 4.4283e+02 2.8304e+02 3.1737e-01
4.5901e+02 1.8251e+02 5.1540e+02 2.1343e+02 3.1563e-01
7.7251e+02 1.8345e+02 8.5152e+02 2.2741e+02 3.1278e-01
5.5748e+02 1.6942e+02 5.7189e+02 1.9828e+02 3.0931e-01
4.8904e+02 1.8144e+02 5.2959e+02 2.0637e+02 3.0833e-01
8.6699e+02 1.8997e+02 1.0635e+03 3.4811e+02 3.0782e-01
7.5937e+02 1.6093e+02 8.0834e+02 2.5284e+02 3.0125e-01
4.7359e+02 1.7557e+02 5.0421e+02 2.3154e+02 3.0082e-01
7.2021e+02 1.8197e+02 7.8147e+02 2.1573e+02 3.0012e-01
7.0542e+02 1.7463e+02 7.6433e+02 2.2214e+02 2.9733e-01
5.3761e+02 1.7320e+02 5.5419e+02 2.0299e+02 2.9483e-01
7.3129e+02 1.6689e+02 7.5412e+02 2.2605e+02 2.9382e-01
7.4257e+02 1.7329e+02 7.6779e+02 2.3320e+02 2.8672e-01
7.4394e+02 1.6838e+02 7.6084e+02 2.1281e+02 2.8597e-01
8.5057e+02 1.8288e+02 9.3190e+02 3.3536e+02 2.8583e-01
5.6293e+02 1.7181e+02 5.7801e+02 1.9960e+02 2.8107e-01
5.5358e+02 1.6931e+02 5.6841e+02 1.9883e+02 2.8063e-01
3.7564e+02 1.7362e+02 4.3400e+02 2.7146e+02 2.8011e-01
3.6330e+02 1.6239e+02 4.2346e+02 2.8231e+02 2.7811e-01
7.2547e+02 1.6907e+02 7.4511e+02 2.1694e+02 2.7363e-01
7.0184e+02 1.7022e+02 7.2085e+02 2.1070e+02 2.6540e-01
4.8060e+02 1.8350e+02 5.3403e+02 2.2123e+02 2.6420e-01
7.2043e+02 1.6947e+02 7.4196e+02 2.1693e+02 2.6409e-01
1.0857e+03 2.0840e+02 1.2365e+03 3.5903e+02 2.6342e-01
7.4886e+02 1.6303e+02 8.0223e+02 2.6596e+02 2.6269e-01
5.0056e+02 1.8817e+02 5.3205e+02 2.1785e+02 2.5987e-01
7.1724e+02 1.7184e+02 7.3872e+02 2.2103e+02 2.5885e-01
4.1480e+02 1.6759e+02 5.2186e+02 2.3599e+02 2.5564e-01
5.4551e+02 1.7701e+02 5.6270e+02 2.0929e+02 2.5347e-01
6.7723e+02 1.7929e+02 7.0137e+02 2.0157e+02 2.5304e-01
5.2953e+02 1.7741e+02 5.5748e+02 1.9492e+02 2.5275e-01
5.5698e+02 1.7221e+02 5.7093e+02 2.0487e+02 2.5243e-01
9.0854e+02 1.9837e+02 1.1463e+03 3.1925e+02 2.4987e-01
7.8167e+02 1.7595e+02 8.2733e+02 2.6561e+02 2.4618e-01
6.8269e+02 1.7746e+02 7.1109e+02 1.9601e+02 2.4162e-01
8.9136e+02 1.8307e+01 1.1990e+03 3.7500e+02 2.4149e-01
8.5322e+02 1.7259e+02 9.2732e+02 3.0488e+02 2.3972e-01
9.5877e+02 6.6810e+01 1.1095e+03 3.4402e+02 2.3808e-01
7.0754e+02 1.7712e+02 7.3476e+02 2.2907e+02 2.3368e-01
7.9829e+02 1.8223e+02 8.7974e+02 3.1695e+02 2.3200e-01
7.4750e+02 1.7240e+02 7.7072e+02 2.2851e+02 2.3119e-01
3.2726e+02 1.7344e+02 4.4533e+02 2.6233e+02 2.3101e-01
7.5031e+02 1.7058e+02 7.6777e+02 2.1972e+02 2.2736e-01
7.4692e+02 1.6986e+02 7.6424e+02 2.1933e+02 2.2691e-01
4.2992e+02 1.7289e+02 4.7172e+02 2.5738e+02 2.2556e-01
8.5788e+02 1.9384e+02 1.0220e+03 3.3329e+02 2.2226e-01
6.9659e+02 1.7588e+02 7.5931e+02 2.1132e+02 2.2178e-01
7.4064e+02 1.6706e+02 8.0998e+02 2.8709e+02 2.1854e-01
5.3988e+02 1.7240e+02 5.5821e+02 2.0192e+02 2.1792e-01
4.8912e+02 1.7454e+02 5.1671e+02 2.2528e+02 2.1307e-01
7.3008e+02 1.6837e+02 7.4859e+02 2.1578e+02 2.1207e-01
5.4911e+02 1.6958e+02 5.6570e+02 1.9960e+02 2.0735e-01
3.6580e+02 1.7574e+02 4.2394e+02 2.6555e+02 2.0561e-01
1.0221e+03 9.9785e+01 1.1804e+03 3.7500e+02 2.0351e-01
7.3776e+02 1.5530e+02 8.0590e+02 2.5758e+02 1.9818e-01
7.9263e+02 1.7933e+02 8.3151e+02 2.6148e+02 1.9506e-01
3.3187e+02 1.8636e+02 4.4249e+02 2.4782e+02 1.8829e-01
7.3445e+02 1.8006e+02 7.7960e+02 2.1659e+02 1.8662e-01
7.0634e+02 1.7645e+02 7.4046e+02 2.0690e+02 1.8486e-01
5.3768e+02 1.7785e+02 5.5404e+02 2.0949e+02 1.8400e-01
4.6621e+02 1.8697e+02 5.2021e+02 2.2947e+02 1.8352e-01
7.5566e+02 1.6611e+02 7.7104e+02 2.1049e+02 1.8314e-01
6.9463e+02 1.7129e+02 7.2205e+02 2.2116e+02 1.8271e-01
5.2624e+02 1.7931e+02 5.4635e+02 1.9803e+02 1.8058e-01
9.8551e+02 3.6328e+01 1.1838e+03 3.7500e+02 1.7597e-01
7.4819e+02 1.5998e+02 7.8741e+02 2.3845e+02 1.6883e-01
9.0436e+02 1.7668e+02 1.1281e+03 2.7035e+02 1.6780e-01
4.8206e+02 1.7784e+02 5.0910e+02 2.2943e+02 1.6476e-01
3.5805e+02 1.7763e+02 4.6113e+02 2.4664e+02 1.6335e-01
4.6826e+02 1.8077e+02 5.1878e+02 2.0928e+02 1.6225e-01
4.2947e+02 1.9164e+02 5.0738e+02 2.3711e+02 1.5932e-01
3.1366e+02 1.7006e+02 4.6865e+02 2.4239e+02 1.5918e-01
7.3989e+02 1.6843e+02 7.5661e+02 2.1211e+02 1.5834e-01
7.2375e+02 1.7733e+02 7.6602e+02 2.1320e+02 1.5706e-01
8.2193e+02 1.8807e+02 9.2436e+02 2.4597e+02 1.5337e-01
7.3852e+02 1.6790e+02 8.1339e+02 2.3178e+02 1.5257e-01
4.5082e+02 1.6751e+02 4.9521e+02 2.3292e+02 1.5128e-01
7.3306e+02 1.9084e+02 7.8731e+02 2.3318e+02 1.4881e-01
1.0306e+03 2.0379e+02 1.2413e+03 3.5880e+02 1.4740e-01
8.6700e+02 1.8942e+02 9.4855e+02 3.3771e+02 1.4454e-01
5.4452e+02 1.6990e+02 5.6232e+02 2.0049e+02 1.4413e-01
7.3537e+02 1.6811e+02 7.5256e+02 2.1329e+02 1.4367e-01
7.2452e+02 1.6186e+02 7.6371e+02 2.2597e+02 1.4299e-01
4.8517e+02 1.9189e+02 5.2583e+02 2.2267e+02 1.4083e-01
7.0540e+02 1.7008e+02 7.2392e+02 2.1057e+02 1.3830e-01
5.0059e+02 1.8366e+02 5.3188e+02 2.1046e+02 1.3425e-01
7.6757e+02 1.7275e+02 8.2432e+02 2.8813e+02 1.3401e-01
4.3999e+02 1.6853e+02 4.8138e+02 2.4253e+02 1.3121e-01
4.6186e+02 1.7025e+02 4.9921e+02 2.2865e+02 1.3048e-01
7.3884e+02 1.7678e+02 7.7517e+02 2.1255e+02 1.2829e-01
4.9685e+02 1.7638e+02 5.2399e+02 2.2571e+02 1.2772e-01
7.1861e+02 1.8383e+02 7.4543e+02 2.3764e+02 1.2608e-01
6.9208e+02 1.7136e+02 7.0904e+02 2.0465e+02 1.2545e-01
4.8332e+02 1.7409e+02 5.1972e+02 2.2451e+02 1.2376e-01
6.8108e+02 1.7854e+02 7.0289e+02 1.9870e+02 1.2087e-01
8.1677e+02 1.9244e+02 9.1108e+02 3.3421e+02 1.1718e-01
5.5952e+02 1.7467e+02 5.7414e+02 2.0522e+02 1.1611e-01
6.3489e+02 1.7531e+02 6.6203e+02 1.8984e+02 1.1156e-01
1.1279e+03 1.9552e+02 1.2364e+03 3.7210e+02 1.1100e-01
1.1564e+03 1.9932e+02 1.2395e+03 3.7500e+02 1.1061e-01
8.8525e+02 1.8310e+02 1.0894e+03 2.6715e+02 1.0926e-01
9.4026e+02 1.0267e+02 1.0679e+03 3.7500e+02 1.0679e-01
3.9777e+02 1.6422e+02 4.5251e+02 2.8143e+02 1.0639e-01
7.8284e+02 1.8838e+02 8.7323e+02 2.3858e+02 1.0571e-01
7.2784e+02 1.9098e+02 7.9335e+02 2.2542e+02 1.0238e-01
4.7599e+02 1.8933e+02 5.2516e+02 2.2661e+02 1.0232e-01
7.3604e+02 1.8235e+02 7.8917e+02 2.2733e+02 1.0227e-01
6.9744e+02 1.8725e+02 7.4379e+02 2.2603e+02 1.0225e-01
9.1938e+02 1.7022e+02 1.1457e+03 2.4385e+02 1.0064e-01
6.9492e+02 1.7002e+02 7.1311e+02 2.0487e+02 9.9922e-02
6.8417e+02 1.7492e+02 6.9838e+02 2.0367e+02 9.9064e-02
7.2420e+02 1.7007e+02 8.8039e+02 2.4099e+02 9.8662e-02
7.0952e+02 1.6979e+02 7.2800e+02 2.1133e+02 9.6856e-02
1.0102e+03 1.7397e+02 1.1923e+03 3.7500e+02 9.5800e-02
6.7461e+02 1.7432e+02 7.3053e+02 2.0780e+02 9.4443e-02
7.5511e+02 1.6142e+02 7.9799e+02 2.4268e+02 9.3746e-02
3.3091e+02 2.0417e+02 4.7760e+02 2.7250e+02 9.1143e-02
4.2013e+02 1.7099e+02 4.6375e+02 2.5918e+02 8.8778e-02
5.1754e+02 1.8273e+02 5.4699e+02 2.0664e+02 8.8477e-02
6.9627e+02 1.6825e+02 7.2772e+02 2.1395e+02 8.7852e-02
8.9251e+02 1.1961e+02 1.1877e+03 3.0962e+02 8.4314e-02
7.5261e+02 1.6480e+02 7.6698e+02 2.0156e+02 8.3394e-02
4.9466e+02 1.9229e+02 5.3100e+02 2.2196e+02 8.1524e-02
3.6759e+02 1.8598e+02 4.8839e+02 2.6246e+02 8.1169e-02
9.5907e+02 4.2379e+01 1.1364e+03 3.7500e+02 8.0944e-02
1.0626e+03 2.0266e+02 1.2420e+03 3.7500e+02 8.0678e-02
8.2182e+02 1.8478e+02 9.2418e+02 2.2139e+02 7.9952e-02
7.3695e+02 1.7203e+02 8.2742e+02 2.1768e+02 7.8908e-02
7.0119e+02 1.6779e+02 7.3514e+02 2.1485e+02 7.8836e-02
8.8788e+02 2.2769e+02 1.2420e+03 3.7500e+02 7.8536e-02
5.1115e+02 1.7395e+02 5.6887e+02 2.0802e+02 7.7639e-02
1.0010e+03 1.4231e+02 1.1481e+03 3.7500e+02 7.5459e-02
3.4832e+02 2.0705e+02 4.5877e+02 2.6419e+02 7.5437e-02
5.0276e+02 1.8183e+02 5.2677e+02 2.2614e+02 7.4670e-02
8.2551e+02 1.8482e+02 9.8187e+02 2.5498e+02 7.4114e-02
7.5395e+02 1.6859e+02 7.7034e+02 2.1839e+02 7.3148e-02
7.3512e+02 1.6158e+02 7.7030e+02 2.2397e+02 7.2717e-02
8.0204e+02 1.7520e+02 8.3715e+02 2.5748e+02 7.2512e-02
7.1084e+02 1.8500e+02 7.3943e+02 2.3583e+02 7.1443e-02
7.8672e+02 1.7619e+02 8.4417e+02 2.9775e+02 7.1058e-02
8.5995e+02 1.8621e+02 9.2065e+02 2.0814e+02 7.0330e-02
7.1539e+02 1.7638e+02 7.4850e+02 2.0784e+02 6.8771e-02
4.9434e+02 1.7375e+02 5.1964e+02 2.2159e+02 6.7998e-02
6.8071e+02 1.8317e+02 7.0800e+02 2.0769e+02 6.7845e-02
1.0640e+03 0.0000e+00 1.2420e+03 3.7500e+02 6.7413e-02
7.2792e+02 1.9360e+02 8.2263e+02 2.5500e+02 6.7179e-02
1.0547e+03 1.1612e+02 1.2047e+03 3.7500e+02 6.5495e-02
7.4969e+02 1.6967e+02 8.2752e+02 2.2837e+02 6.4639e-02
7.1514e+02 1.6972e+02 7.3254e+02 2.1245e+02 6.4254e-02
5.3977e+02 1.7530e+02 5.7325e+02 1.9122e+02 6.4082e-02
7.4249e+02 1.7569e+02 7.6998e+02 2.0461e+02 6.2891e-02
8.8418e+02 1.8679e+02 9.6323e+02 3.4304e+02 6.1531e-02
7.5996e+02 1.6505e+02 7.7392e+02 2.0922e+02 6.1374e-02
8.2901e+02 1.6200e+02 9.0662e+02 2.8075e+02 6.0564e-02
7.8677e+02 1.7083e+02 8.2659e+02 2.4707e+02 6.0497e-02
6.9806e+02 1.7480e+02 7.3489e+02 1.9768e+02 5.9691e-02
7.5211e+02 1.7072e+02 7.7300e+02 2.2590e+02 5.8743e-02
7.4359e+02 1.5834e+02 7.7694e+02 2.2566e+02 5.8252e-02
5.5004e+02 1.7720e+02 5.6624e+02 2.0962e+02 5.7515e-02
8.0038e+02 1.7415e+02 8.7076e+02 2.9422e+02 5.7281e-02
4.7665e+02 1.8017e+02 5.0686e+02 2.3587e+02 5.6835e-02
7.6190e+02 1.4965e+02 8.2513e+02 2.5974e+02 5.6715e-02
7.1904e+02 1.6907e+02 7.3591e+02 2.1271e+02 5.6307e-02
3.9313e+02 1.7365e+02 4.4447e+02 2.6474e+02 5.5644e-02
8.3937e+02 1.8587e+02 9.0115e+02 2.0796e+02 5.5078e-02
7.5844e+02 1.8970e+02 8.5861e+02 2.7892e+02 5.4905e-02
6.9525e+02 1.5741e+02 9.6515e+02 2.8871e+02 5.4745e-02
8.0700e+02 1.8711e+02 9.0337e+02 2.4370e+02 5.4357e-02
3.7588e+02 1.4935e+02 4.5575e+02 2.6635e+02 5.3979e-02
9.6665e+02 1.5035e+02 1.1000e+03 3.7500e+02 5.2999e-02
6.9905e+02 1.7072e+02 7.1611e+02 2.0387e+02 5.2941e-02
9.1333e+02 1.5328e+02 1.0778e+03 3.7500e+02 5.2819e-02
5.6182e+02 1.7461e+02 5.7722e+02 2.0444e+02 5.2613e-02
9.7208e+02 1.8463e+02 1.1374e+03 3.7500e+02 5.2507e-02
5.0764e+02 1.8360e+02 5.2933e+02 2.2212e+02 5.2405e-02
7.0796e+02 1.7695e+02 7.5293e+02 2.0559e+02 5.1727e-02
3.9669e+02 1.9778e+02 4.8141e+02 2.5257e+02 5.1430e-02
4.5461e+02 1.7454e+02 5.2035e+02 2.0958e+02 5.0002e-02
1.0917e+03 2.3761e+02 1.2420e+03 3.7500e+02 4.9720e-02
4.8227e+02 1.7798e+02 5.3906e+02 2.1246e+02 4.9358e-02
7.7063e+02 1.6178e+02 8.1392e+02 2.4100e+02 4.8512e-02
7.3550e+02 1.5934e+02 7.8048e+02 2.5651e+02 4.7650e-02
6.3330e+02 1.7358e+02 6.5746e+02 1.9100e+02 4.6537e-02
7.5464e+02 1.7463e+02 8.4274e+02 2.1574e+02 4.5728e-02
7.4322e+02 1.7237e+02 7.6792e+02 1.9912e+02 4.4832e-02
4.4735e+02 1.8490e+02 5.0854e+02 2.2363e+02 4.4529e-02
7.9878e+02 1.8392e+02 8.7113e+02 2.4619e+02 4.4311e-02
8.1760e+02 1.8289e+02 9.1574e+02 2.3058e+02 4.4245e-02
7.2780e+02 1.6708e+02 7.4314e+02 2.0687e+02 4.3945e-02
8.9379e+02 1.7559e+02 9.9644e+02 3.6411e+02 4.3929e-02
6.7110e+02 1.7876e+02 6.9328e+02 1.9899e+02 4.3430e-02
4.0668e+02 1.7146e+02 4.5372e+02 2.6171e+02 4.3252e-02
6.3997e+02 1.7512e+02 6.6796e+02 1.9036e+02 4.3021e-02
6.9057e+02 1.6663e+02 7.2219e+02 2.1338e+02 4.2974e-02
4.7579e+02 1.8096e+02 5.0895e+02 2.3754e+02 4.2869e-02
4.9996e+02 1.8554e+02 5.2170e+02 2.2821e+02 4.2657e-02
8.7573e+02 1.8387e+02 8.9228e+02 2.3620e+02 4.2368e-02
8.1877e+02 1.9520e+02 9.3593e+02 2.5994e+02 4.2301e-02
9.2595e+02 1.6863e+02 1.0372e+03 3.5976e+02 4.1790e-02
9.3775e+02 1.7648e+02 1.1647e+03 2.6296e+02 4.1373e-02
7.0585e+02 1.8661e+02 7.7709e+02 2.3546e+02 4.1280e-02
4.9207e+02 1.7854e+02 5.2178e+02 2.2951e+02 4.1076e-02
7.4639e+02 1.6505e+02 7.6121e+02 2.0167e+02 4.0733e-02
7.2361e+02 1.6665e+02 7.3895e+02 2.0781e+02 3.9963e-02
5.3514e+02 1.7161e+02 5.4640e+02 1.9964e+02 3.9794e-02
4.9648e+02 1.8268e+02 5.2463e+02 2.0332e+02 3.9547e-02
3.4879e+02 1.5269e+02 4.3066e+02 2.7475e+02 3.9482e-02
5.4017e+02 1.7632e+02 5.6851e+02 1.9490e+02 3.9279e-02
9.2156e+02 1.8653e+02 1.1548e+03 2.9114e+02 3.8580e-02
8.4063e+02 2.1343e+02 1.0496e+03 3.2692e+02 3.8378e-02
5.2348e+02 1.7666e+02 5.5014e+02 1.9566e+02 3.8027e-02
6.7693e+02 1.7642e+02 7.0208e+02 1.9487e+02 3.7838e-02
8.4757e+02 1.6804e+02 8.8495e+02 2.6532e+02 3.7706e-02
9.0104e+02 1.7325e+02 1.1017e+03 3.0877e+02 3.7557e-02
8.6147e+02 1.6881e+02 9.0000e+02 2.6788e+02 3.7545e-02
4.9394e+02 1.8184e+02 5.1913e+02 2.2992e+02 3.7476e-02
7.3229e+02 1.6691e+02 7.4788e+02 2.0707e+02 3.7222e-02
4.8956e+02 1.8217e+02 5.2662e+02 2.0107e+02 3.6894e-02
5.0952e+02 1.8411e+02 5.3983e+02 2.0689e+02 3.6668e-02
8.5621e+02 1.6967e+02 9.0455e+02 2.8251e+02 3.6475e-02
1.0015e+03 2.3767e+02 1.2351e+03 3.6530e+02 3.6019e-02
7.0623e+02 1.9539e+02 7.4765e+02 2.3206e+02 3.6005e-02
7.0216e+02 1.7560e+02 7.3151e+02 2.0112e+02 3.5820e-02
8.4860e+02 1.8497e+02 9.1082e+02 2.0838e+02 3.4683e-02
1.0081e+03 7.1545e+01 1.1734e+03 3.3422e+02 3.3327e-02
8.0969e+02 1.3678e+02 1.1383e+03 3.0267e+02 3.3213e-02
8.4396e+02 1.8583e+02 9.3300e+02 2.5090e+02 3.2647e-02
5.0359e+02 1.8522e+02 5.3495e+02 2.0746e+02 3.1429e-02
5.0503e+02 1.7663e+02 5.2546e+02 2.1798e+02 3.1406e-02
7.3484e+02 1.7832e+02 7.6196e+02 2.3814e+02 3.1208e-02
7.3971e+02 1.8943e+02 8.3516e+02 2.6005e+02 3.0930e-02
8.5502e+02 1.6946e+02 8.9241e+02 2.6607e+02 3.0814e-02
7.5254e+02 1.5981e+02 1.0567e+03 2.9260e+02 3.0338e-02
4.9658e+02 1.7621e+02 5.5328e+02 2.0907e+02 3.0252e-02
4.1852e+02 1.4609e+02 4.8602e+02 2.5870e+02 3.0237e-02
6.9372e+02 1.7882e+02 7.1751e+02 2.2131e+02 2.9904e-02
8.7902e+02 1.8414e+02 8.9652e+02 2.3750e+02 2.9873e-02
5.0183e+02 1.8295e+02 5.3145e+02 2.0389e+02 2.9185e-02
1.1810e+03 2.1380e+02 1.2397e+03 3.7500e+02 2.9133e-02
4.3318e+02 1.4933e+02 4.9719e+02 2.5579e+02 2.9008e-02
8.5778e+02 2.1939e+02 1.1361e+03 3.7500e+02 2.8313e-02
8.7195e+02 1.8401e+02 8.8838e+02 2.3610e+02 2.8171e-02
7.1131e+02 1.7474e+02 7.8147e+02 2.1096e+02 2.8133e-02
7.2914e+02 1.7098e+02 7.8914e+02 2.1739e+02 2.8114e-02
7.7227e+02 1.8255e+02 8.2405e+02 2.7361e+02 2.8073e-02
8.7109e+02 1.7969e+02 9.4131e+02 2.9814e+02 2.8040e-02
8.3932e+02 1.6810e+02 8.7774e+02 2.6335e+02 2.7795e-02
6.8326e+02 1.8395e+02 7.1449e+02 2.1082e+02 2.7566e-02
8.2261e+02 1.7043e+02 8.5975e+02 2.6511e+02 2.7283e-02
5.0157e+02 1.7604e+02 5.2179e+02 2.1502e+02 2.7191e-02
8.1311e+02 1.3668e+02 9.2928e+02 3.4271e+02 2.6929e-02
7.4925e+02 1.6329e+02 7.6464e+02 1.9770e+02 2.6880e-02
6.4521e+02 1.7555e+02 6.7351e+02 1.9061e+02 2.6653e-02
5.3567e+02 1.7522e+02 5.4764e+02 2.0564e+02 2.6560e-02
8.3731e+02 1.8393e+02 9.3170e+02 2.2835e+02 2.6533e-02
5.2158e+02 1.8163e+02 5.4423e+02 2.0320e+02 2.6320e-02
4.2200e+02 1.6054e+02 4.7738e+02 2.6621e+02 2.6304e-02
4.3403e+02 1.6939e+02 4.7168e+02 2.3973e+02 2.5854e-02
4.8040e+02 1.8113e+02 5.2307e+02 2.0220e+02 2.5820e-02
5.2241e+02 1.8494e+02 5.5469e+02 2.0738e+02 2.5585e-02
4.4652e+02 1.7510e+02 5.1249e+02 2.1685e+02 2.5560e-02
5.6763e+02 1.7154e+02 5.7983e+02 1.9831e+02 2.5154e-02
1.2206e+03 2.4617e+02 1.2420e+03 3.6006e+02 2.5011e-02
1.2028e+03 1.9185e+02 1.2420e+03 3.7500e+02 2.4865e-02
1.2222e+03 2.1363e+02 1.2420e+03 3.3495e+02 2.4726e-02
1.2224e+03 1.9152e+02 1.2420e+03 3.1233e+02 2.4673e-02
5.0975e+02 1.7873e+02 5.2896e+02 2.1605e+02 2.4551e-02
9.7701e+02 2.1029e+02 1.2198e+03 3.4737e+02 2.4455e-02
7.2426e+02 1.7758e+02 7.5730e+02 2.0678e+02 2.4428e-02
6.3789e+02 1.7379e+02 6.6346e+02 1.9172e+02 2.4333e-02
7.5957e+02 1.6282e+02 8.2118e+02 3.0399e+02 2.4296e-02
7.7970e+02 1.6175e+02 8.1962e+02 2.3834e+02 2.4225e-02
6.9288e+02 1.8821e+02 7.3479e+02 2.2447e+02 2.3888e-02
3.7741e+02 1.6407e+02 4.2668e+02 2.6135e+02 2.3598e-02
8.6923e+02 1.7102e+02 9.0847e+02 2.6544e+02 2.3343e-02
8.1623e+02 1.5777e+02 8.9230e+02 2.8327e+02 2.3229e-02
8.1174e+02 1.7217e+02 8.4760e+02 2.6228e+02 2.3106e-02
4.8416e+02 1.8241e+02 5.1287e+02 2.3546e+02 2.3054e-02
4.4386e+02 1.9284e+02 5.0533e+02 2.2931e+02 2.3051e-02
7.6489e+02 1.6352e+02 7.7854e+02 2.0819e+02 2.2940e-02
3.6770e+02 1.8305e+02 4.6121e+02 2.2716e+02 2.2799e-02
1.2237e+03 1.7155e+02 1.2420e+03 2.8325e+02 2.2745e-02
9.2102e+02 1.1459e+02 1.0292e+03 3.7500e+02 2.2702e-02
8.0750e+02 1.8391e+02 9.0131e+02 2.2045e+02 2.2655e-02
7.6768e+02 0.0000e+00 1.0686e+03 3.7500e+02 2.2587e-02
8.2925e+02 1.8636e+02 9.4356e+02 2.6727e+02 2.2362e-02
8.7718e+02 1.7392e+02 8.9226e+02 2.2355e+02 2.2147e-02
4.3439e+02 1.9494e+02 4.9614e+02 2.3117e+02 2.1662e-02
6.8817e+02 1.7554e+02 7.1569e+02 1.9549e+02 2.1612e-02
8.8065e+02 1.7364e+02 8.9678e+02 2.2395e+02 2.1586e-02
7.9530e+02 1.8418e+02 8.8866e+02 2.2865e+02 2.1569e-02
7.3354e+02 1.7693e+02 7.6508e+02 2.0580e+02 2.1551e-02
6.9240e+02 1.7769e+02 7.1267e+02 2.1610e+02 2.1319e-02
4.7320e+02 1.7687e+02 5.0219e+02 2.3193e+02 2.1319e-02
6.8580e+02 1.7479e+02 7.2156e+02 1.9366e+02 2.1233e-02
8.2156e+02 2.1240e+02 9.5063e+02 2.7906e+02 2.0819e-02
5.6315e+02 1.7692e+02 5.8558e+02 1.9705e+02 2.0762e-02
3.5205e+02 1.7806e+02 4.0911e+02 2.6305e+02 2.0162e-02
1.1495e+03 1.5387e+02 1.2420e+03 3.7500e+02 2.0011e-02
3.9932e+02 1.4662e+02 4.6695e+02 2.5892e+02 1.9992e-02
3.9933e+02 1.8215e+02 4.5565e+02 2.7386e+02 1.9982e-02
7.1672e+02 1.6811e+02 7.3187e+02 2.0505e+02 1.9877e-02
7.9136e+02 2.3289e+02 1.1768e+03 3.7500e+02 1.9329e-02
5.2683e+02 1.6923e+02 5.3905e+02 2.0245e+02 1.9319e-02
4.8871e+02 1.8071e+02 5.4733e+02 2.1550e+02 1.9229e-02
6.8764e+02 1.6515e+02 7.1622e+02 2.1657e+02 1.9155e-02
8.4281e+02 1.7202e+02 8.8985e+02 2.7853e+02 1.8914e-02
7.9130e+02 1.8328e+02 8.7323e+02 2.2321e+02 1.8263e-02
7.5527e+02 1.6026e+02 7.7134e+02 1.9982e+02 1.8190e-02
5.3089e+02 1.7213e+02 5.4100e+02 2.0231e+02 1.8157e-02
8.8567e+02 1.7683e+02 1.0831e+03 2.4723e+02 1.7979e-02
9.7743e+02 1.7451e+02 1.1907e+03 2.4316e+02 1.7547e-02
7.2112e+02 1.7225e+02 7.9744e+02 2.0860e+02 1.7496e-02
3.6223e+02 1.6373e+02 4.1485e+02 2.6316e+02 1.7402e-02
1.1131e+03 2.3745e+02 1.2420e+03 3.4845e+02 1.7102e-02
7.4665e+02 1.7005e+02 7.7057e+02 1.9470e+02 1.6899e-02
7.1237e+02 1.4490e+02 7.6769e+02 2.5475e+02 1.6884e-02
8.6757e+02 1.8383e+02 8.8444e+02 2.3691e+02 1.6813e-02
7.3646e+02 1.8680e+02 8.3506e+02 2.7737e+02 1.6783e-02
6.5082e+02 1.6206e+02 7.8533e+02 2.3153e+02 1.6708e-02
4.7138e+02 1.7999e+02 5.1446e+02 2.0151e+02 1.6690e-02
1.2083e+03 2.3348e+02 1.2420e+03 3.7500e+02 1.6530e-02
8.3229e+02 1.6983e+02 8.6917e+02 2.6280e+02 1.6512e-02
1.1055e+03 2.2787e+02 1.2420e+03 3.7500e+02 1.6372e-02
8.7058e+02 2.2749e+02 1.1133e+03 3.6556e+02 1.6134e-02
7.5185e+02 1.5569e+02 7.8455e+02 2.2522e+02 1.5987e-02
4.8580e+02 1.7406e+02 5.0766e+02 2.2123e+02 1.5426e-02
8.6403e+02 1.8359e+02 8.8063e+02 2.3903e+02 1.5349e-02
7.2978e+02 1.1904e+02 8.0732e+02 2.5810e+02 1.5214e-02
1.0974e+03 1.7820e+02 1.2257e+03 3.7087e+02 1.5059e-02
4.9372e+02 1.7225e+02 5.2499e+02 2.2458e+02 1.5053e-02
3.5429e+02 1.6373e+02 4.0723e+02 2.7503e+02 1.5022e-02
8.3940e+02 1.4815e+02 9.4620e+02 3.7500e+02 1.4980e-02
5.3277e+02 1.7033e+02 5.8815e+02 2.0434e+02 1.4840e-02
7.3276e+02 1.8214e+02 7.9196e+02 2.1333e+02 1.4671e-02
4.7855e+02 1.7310e+02 5.0513e+02 2.2367e+02 1.4630e-02
1.0092e+03 1.7932e+02 1.2199e+03 2.5556e+02 1.4519e-02
8.4678e+02 1.9400e+02 9.5409e+02 2.5699e+02 1.4438e-02
1.0277e+03 2.0212e+02 1.2420e+03 3.1427e+02 1.4418e-02
4.2366e+02 1.6088e+02 5.6573e+02 2.2812e+02 1.4392e-02
5.3599e+02 1.7673e+02 5.6262e+02 1.9512e+02 1.4385e-02
7.3514e+02 1.7650e+02 7.7783e+02 2.0169e+02 1.4350e-02
5.1465e+02 1.8285e+02 5.4238e+02 2.0331e+02 1.4300e-02
4.3067e+02 1.1960e+02 5.0744e+02 2.5741e+02 1.4178e-02
4.4776e+02 1.5788e+02 5.0163e+02 2.5834e+02 1.4169e-02
1.0362e+03 1.9256e+02 1.2420e+03 2.8642e+02 1.3979e-02
7.2689e+02 1.9187e+02 7.7481e+02 2.3501e+02 1.3910e-02
7.6984e+02 1.7634e+02 8.3975e+02 2.2444e+02 1.3910e-02
8.5896e+02 1.8370e+02 8.7714e+02 2.3902e+02 1.3902e-02
8.6712e+02 1.8364e+02 9.1647e+02 2.0314e+02 1.3503e-02
7.9819e+02 1.7301e+02 8.3097e+02 2.4186e+02 1.3499e-02
4.8964e+02 1.8429e+02 5.1569e+02 2.3131e+02 1.3476e-02
8.5937e+02 2.1047e+02 9.9317e+02 3.3002e+02 1.3476e-02
7.4815e+02 1.7227e+02 7.7595e+02 1.9872e+02 1.3470e-02
7.1827e+02 1.5775e+02 7.6451e+02 2.7195e+02 1.3322e-02
1.1661e+03 2.5097e+02 1.2420e+03 3.4889e+02 1.3210e-02
7.6959e+02 1.6430e+02 7.8336e+02 2.0746e+02 1.3107e-02
7.0509e+02 1.7428e+02 7.4177e+02 1.9701e+02 1.3011e-02
7.3805e+02 1.6698e+02 9.1286e+02 2.3513e+02 1.2960e-02
4.9891e+02 1.8150e+02 5.2715e+02 1.9993e+02 1.2911e-02
7.5220e+02 1.5585e+02 7.6777e+02 1.9647e+02 1.2837e-02
8.5527e+02 1.9056e+02 9.4717e+02 2.4280e+02 1.2787e-02
7.1673e+02 1.1585e+02 7.9081e+02 2.5397e+02 1.2738e-02
7.4333e+02 1.7919e+02 7.8571e+02 2.1539e+02 1.2706e-02
1.1023e+03 1.3010e+02 1.2266e+03 3.7500e+02 1.2538e-02
8.1151e+02 2.0200e+02 9.3742e+02 2.7499e+02 1.2458e-02
0.0000e+00 0.0000e+00 3.6513e+01 9.3245e+01 1.2136e-02
7.7408e+02 1.7529e+02 8.3321e+02 3.0147e+02 1.1937e-02
7.3470e+02 1.6216e+02 7.8984e+02 2.8939e+02 1.1887e-02
7.4826e+02 1.7537e+02 7.7911e+02 2.0531e+02 1.1857e-02
9.3245e+02 1.9241e+02 1.0450e+03 2.3982e+02 1.1786e-02
7.4407e+02 1.2151e+02 8.2499e+02 2.6216e+02 1.1666e-02
1.0390e+03 8.0360e+01 1.2013e+03 3.4134e+02 1.1535e-02
1.2242e+03 2.6179e+02 1.2420e+03 3.6899e+02 1.1509e-02
7.0962e+02 1.7507e+02 7.3774e+02 2.0074e+02 1.1468e-02
4.3379e+02 1.6034e+02 4.8638e+02 2.7198e+02 1.1343e-02
8.8708e+02 1.3519e+02 9.8622e+02 3.7500e+02 1.1297e-02
7.0539e+02 1.1909e+02 7.7390e+02 2.4993e+02 1.1285e-02
8.1720e+02 1.7430e+02 8.6569e+02 2.7493e+02 1.1283e-02
8.4382e+02 1.8307e+02 8.9627e+02 2.0296e+02 1.1280e-02
8.7004e+02 1.8521e+02 9.0844e+02 2.0949e+02 1.1182e-02
8.3972e+02 1.8652e+02 8.5548e+02 2.4218e+02 1.1072e-02
1.1913e+03 2.4085e+02 1.2420e+03 3.6831e+02 1.1048e-02
8.1400e+02 1.8531e+02 8.3522e+02 2.3629e+02 1.0999e-02
4.7643e+02 1.6296e+02 5.1558e+02 2.2674e+02 1.0918e-02
8.0470e+02 1.9536e+02 9.0755e+02 2.5544e+02 1.0916e-02
4.5789e+02 1.8105e+02 5.0816e+02 2.0812e+02 1.0827e-02
0.0000e+00 0.0000e+00 1.7320e+01 5.0204e+01 1.0724e-02
5.3915e+02 1.6301e+02 5.6854e+02 2.1699e+02 1.0691e-02
8.6087e+02 1.7436e+02 8.7702e+02 2.2413e+02 1.0675e-02
1.2108e+03 1.9730e+02 1.2404e+03 3.6371e+02 1.0634e-02
5.5460e+02 1.7724e+02 5.7031e+02 2.0878e+02 1.0630e-02
7.5138e+02 1.7682e+02 7.7645e+02 2.3478e+02 1.0614e-02
6.9997e+02 1.8085e+02 7.2456e+02 2.2935e+02 1.0513e-02
1.2236e+03 1.5079e+02 1.2420e+03 2.5470e+02 1.0350e-02
9.9722e+02 1.8870e+02 1.2176e+03 2.8002e+02 1.0338e-02
4.4802e+02 1.8295e+02 5.0403e+02 2.1241e+02 1.0318e-02
6.6251e+02 1.5346e+02 8.3851e+02 2.2925e+02 1.0175e-02
7.1550e+02 1.7043e+02 7.4567e+02 2.5291e+02 1.0084e-02
7.8224e+02 1.6501e+02 8.3846e+02 2.7249e+02 9.9677e-03
1.2086e+03 1.8525e+02 1.2420e+03 2.2907e+02 9.9097e-03
7.2808e+02 1.7768e+02 7.7206e+02 2.0221e+02 9.8808e-03
7.4234e+02 1.6547e+02 7.5655e+02 2.0265e+02 9.8598e-03
8.7620e+02 1.7220e+02 9.1494e+02 2.6342e+02 9.8301e-03
6.8558e+02 1.4986e+02 8.1763e+02 2.4208e+02 9.7656e-03
8.4164e+02 1.9700e+02 9.0537e+02 2.2612e+02 9.7559e-03
7.8545e+02 1.6775e+02 8.0080e+02 2.1039e+02 9.7091e-03
4.6785e+02 1.7417e+02 5.3100e+02 2.0962e+02 9.6932e-03
7.6709e+02 1.9580e+02 8.6140e+02 2.5282e+02 9.6076e-03
1.0435e+03 1.8467e+02 1.2420e+03 2.5878e+02 9.5883e-03
1.2239e+03 3.3232e+02 1.2420e+03 3.7500e+02 9.5675e-03
7.0859e+02 2.0272e+02 7.4222e+02 2.3036e+02 9.5455e-03
7.8179e+02 1.6896e+02 9.6275e+02 2.3187e+02 9.4084e-03
7.3607e+02 1.7296e+02 7.7561e+02 1.9443e+02 9.3689e-03
8.5364e+02 1.9607e+02 9.1881e+02 2.2682e+02 9.3463e-03
8.7127e+02 2.1978e+02 1.0455e+03 3.6165e+02 9.3215e-03
5.0750e+02 1.8312e+02 5.3543e+02 2.0305e+02 9.2829e-03
3.7319e+02 1.8176e+02 4.2548e+02 2.8025e+02 9.2506e-03
7.8883e+02 1.6867e+02 8.0421e+02 2.0929e+02 9.2427e-03
3.8534e+02 1.8815e+02 4.3809e+02 2.8050e+02 9.2387e-03
6.8715e+02 1.0328e+02 1.1731e+03 3.4743e+02 9.1399e-03
8.0993e+02 1.8311e+02 8.3101e+02 2.3489e+02 9.1025e-03
6.5215e+02 1.7334e+02 6.7545e+02 1.9254e+02 9.0827e-03
7.1783e+02 1.4529e+02 7.5473e+02 2.2479e+02 8.9350e-03
6.7041e+02 1.7543e+02 6.8978e+02 1.9389e+02 8.9271e-03
3.3910e+02 1.8717e+02 4.2298e+02 2.5590e+02 8.9002e-03
4.4524e+02 1.9788e+02 4.9709e+02 2.3595e+02 8.8721e-03
4.5128e+02 1.8790e+02 5.1418e+02 2.2928e+02 8.8186e-03
1.2181e+03 1.8764e+02 1.2420e+03 2.4530e+02 8.7527e-03
7.4250e+02 1.7090e+02 7.6575e+02 1.9438e+02 8.7526e-03
1.2093e+03 1.9385e+02 1.2420e+03 2.3627e+02 8.7294e-03
4.3783e+02 1.7299e+02 5.0994e+02 2.0864e+02 8.7274e-03
7.1847e+02 0.0000e+00 1.0120e+03 3.7500e+02 8.7193e-03
1.2012e+03 2.7624e+02 1.2420e+03 3.7500e+02 8.6852e-03
8.5909e+02 1.8252e+02 9.0893e+02 2.0276e+02 8.5736e-03
9.2549e+02 5.0385e+01 1.0762e+03 3.4119e+02 8.5360e-03
7.7399e+02 1.6415e+02 7.8761e+02 2.0695e+02 8.4407e-03
0.0000e+00 9.0130e+01 3.1445e+01 3.0540e+02 8.4321e-03
3.4647e+02 1.7450e+02 4.3234e+02 2.4531e+02 8.2284e-03
1.2012e+03 2.0326e+02 1.2338e+03 3.5548e+02 8.1429e-03
1.2069e+03 1.5281e+02 1.2420e+03 3.5791e+02 8.0895e-03
7.0924e+02 1.4872e+02 7.4527e+02 2.2438e+02 8.0164e-03
1.2208e+03 3.5140e+02 1.2420e+03 3.7500e+02 7.9609e-03
3.3263e+02 1.8365e+02 4.2742e+02 2.3424e+02 7.9525e-03
7.7778e+02 2.3107e+02 9.4834e+02 3.0914e+02 7.9406e-03
9.1349e+02 1.6220e+02 1.0126e+03 3.4654e+02 7.8105e-03
0.0000e+00 2.8128e+02 3.1044e+01 3.7500e+02 7.6994e-03
4.0443e+02 1.5026e+02 5.2384e+02 2.3959e+02 7.6932e-03
1.1777e+03 2.0968e+02 1.2233e+03 3.4749e+02 7.6146e-03
4.4743e+02 1.1892e+02 5.1745e+02 2.5376e+02 7.5860e-03
9.5369e+02 1.7929e+02 1.0849e+03 2.2411e+02 7.5238e-03
7.9083e+02 1.6486e+02 8.2537e+02 2.3618e+02 7.4795e-03
8.9059e+02 1.8651e+02 9.5552e+02 3.1565e+02 7.4174e-03
7.5855e+02 1.5698e+02 7.9368e+02 2.2714e+02 7.3973e-03
6.7077e+02 1.7102e+02 7.2160e+02 2.0961e+02 7.3556e-03
7.0055e+02 1.7381e+02 7.3136e+02 2.4067e+02 7.0637e-03
0.0000e+00 0.0000e+00 7.1699e+01 1.7574e+02 7.0432e-03
7.7818e+02 1.7771e+02 8.5450e+02 2.1327e+02 6.9968e-03
1.2200e+03 2.5497e+02 1.2420e+03 3.2259e+02 6.9155e-03
1.2182e+03 2.7038e+02 1.2420e+03 3.3782e+02 6.8829e-03
7.0195e+02 1.5100e+02 7.3644e+02 2.2047e+02 6.8647e-03
8.7969e+02 1.0529e+02 9.8124e+02 3.4283e+02 6.7670e-03
1.1838e+03 3.1531e+02 1.2420e+03 3.7500e+02 6.7613e-03
6.9462e+02 1.5377e+02 7.3061e+02 2.1680e+02 6.7052e-03
7.0288e+02 1.4691e+02 7.5596e+02 2.5972e+02 6.6108e-03
6.4840e+02 8.2889e+01 1.1140e+03 3.7500e+02 6.5714e-03
7.8300e+02 1.9281e+02 8.8081e+02 2.4913e+02 6.5492e-03
8.1487e+02 1.8410e+02 9.1289e+02 2.6473e+02 6.5045e-03
7.0392e+02 1.8425e+02 7.5577e+02 2.2961e+02 6.4993e-03
7.9029e+02 1.1037e+02 9.0536e+02 3.2851e+02 6.4527e-03
1.2178e+03 1.7216e+02 1.2420e+03 2.2991e+02 6.3876e-03
1.1639e+03 7.3747e+01 1.2420e+03 3.7500e+02 6.3866e-03
8.2478e+02 1.7936e+02 9.1904e+02 2.1056e+02 6.3785e-03
3.7627e+02 2.0386e+02 4.6951e+02 2.6072e+02 6.3304e-03
1.0493e+03 1.7968e+02 1.2420e+03 3.3329e+02 6.3135e-03
4.2936e+02 1.8527e+02 4.6550e+02 2.6322e+02 6.2491e-03
8.6187e+02 1.7781e+02 1.0402e+03 2.5124e+02 6.2171e-03
1.1971e+03 2.2954e+02 1.2373e+03 3.6735e+02 6.1339e-03
4.1402e+02 1.6521e+02 4.7020e+02 2.8863e+02 6.1179e-03
1.2200e+03 2.1761e+02 1.2420e+03 2.8203e+02 6.0261e-03
4.7116e+02 1.6347e+02 5.0667e+02 2.2346e+02 6.0109e-03
7.7522e+02 1.8642e+02 8.6905e+02 2.5765e+02 5.9708e-03
1.1895e+03 2.0568e+02 1.2287e+03 3.5248e+02 5.9497e-03
4.2970e+02 1.7197e+02 4.9745e+02 2.1746e+02 5.8458e-03
8.3472e+02 2.0390e+02 9.5565e+02 2.7036e+02 5.8035e-03
1.2106e+03 2.0123e+02 1.2420e+03 2.4522e+02 5.7967e-03
2.8005e+02 1.5851e+02 4.4375e+02 2.3257e+02 5.6712e-03
3.3704e+02 1.9884e+02 4.4827e+02 2.6777e+02 5.6567e-03
5.4516e+02 1.6495e+02 5.7229e+02 2.1555e+02 5.6431e-03
1.2145e+03 1.7739e+02 1.2420e+03 3.3383e+02 5.6284e-03
3.5659e+02 1.6614e+02 4.0073e+02 2.5758e+02 5.5527e-03
7.1277e+02 1.5247e+02 8.4352e+02 2.4247e+02 5.5136e-03
9.0904e+02 1.6407e+02 1.1298e+03 2.3139e+02 5.4403e-03
7.3368e+02 1.7072e+02 8.1791e+02 2.0691e+02 5.4233e-03
1.2099e+03 1.7058e+02 1.2420e+03 2.1344e+02 5.3831e-03
4.0278e+02 1.7531e+02 4.8873e+02 2.1522e+02 5.3751e-03
9.0269e+02 0.0000e+00 1.0551e+03 3.7500e+02 5.3656e-03
1.2209e+03 2.3291e+02 1.2420e+03 2.9806e+02 5.3563e-03
0.0000e+00 1.2311e+02 2.9360e+01 3.3581e+02 5.3503e-03
1.2205e+03 2.0303e+02 1.2420e+03 2.6316e+02 5.3063e-03
1.2071e+03 2.7795e+02 1.2420e+03 3.2713e+02 5.1929e-03
0.0000e+00 0.0000e+00 2.9915e+01 2.5896e+01 5.0403e-03
0.0000e+00 0.0000e+00 1.4232e+02 3.4738e+02 5.0102e-03
4.1685e+02 1.1039e+02 4.9230e+02 2.6583e+02 4.9669e-03
8.8496e+02 1.7386e+02 9.2240e+02 2.6331e+02 4.9485e-03
8.9105e+02 1.7297e+02 9.3208e+02 2.6755e+02 4.9227e-03
0.0000e+00 0.0000e+00 3.7313e+01 1.9134e+01 4.8737e-03
6.8453e+02 1.6728e+02 7.6955e+02 2.4355e+02 4.8459e-03
2.4769e+02 1.4080e+02 5.7801e+02 2.7160e+02 4.8369e-03
4.8169e+02 1.7417e+02 5.1673e+02 2.4459e+02 4.8084e-03
3.4872e+02 1.7407e+02 3.9047e+02 2.6163e+02 4.7733e-03
6.3760e+02 1.4625e+02 9.8849e+02 2.7502e+02 4.7130e-03
7.6694e+02 1.5482e+02 8.0325e+02 2.2684e+02 4.6981e-03
9.6602e+02 1.9081e+02 1.0791e+03 2.3842e+02 4.6911e-03
3.5251e+02 1.7392e+02 4.2051e+02 2.9379e+02 4.6644e-03
8.0974e+02 2.1538e+02 9.2705e+02 2.8634e+02 4.6095e-03
0.0000e+00 0.0000e+00 5.5023e+01 5.0822e+01 4.5826e-03
6.9349e+02 1.0959e+02 7.5922e+02 2.5071e+02 4.5586e-03
1.0115e+03 2.6792e+02 1.2349e+03 3.7212e+02 4.5511e-03
9.9758e+02 1.9084e+02 1.1061e+03 2.3687e+02 4.5324e-03
8.2482e+02 2.2034e+02 9.7504e+02 3.1267e+02 4.5285e-03
1.2097e+03 2.6269e+02 1.2420e+03 3.1193e+02 4.4992e-03
7.4749e+02 1.5987e+02 8.0562e+02 3.1150e+02 4.4562e-03
1.0800e+03 1.9244e+02 1.2054e+03 3.7500e+02 4.3852e-03
3.5828e+02 1.8271e+02 4.1589e+02 2.7242e+02 4.3675e-03
8.0220e+02 1.9610e+02 9.4624e+02 2.8778e+02 4.3193e-03
7.2857e+02 1.9589e+02 8.5720e+02 2.7440e+02 4.3079e-03
8.6951e+02 1.7262e+02 9.1765e+02 2.8073e+02 4.3074e-03
4.4473e+02 1.5692e+02 4.8521e+02 2.2844e+02 4.2999e-03
1.2149e+03 1.6013e+02 1.2420e+03 2.8540e+02 4.2700e-03
1.2118e+03 2.0941e+02 1.2420e+03 2.5371e+02 4.2541e-03
1.2101e+03 2.8555e+02 1.2420e+03 3.3358e+02 4.2183e-03
9.6202e+02 1.7630e+02 1.0790e+03 2.1650e+02 4.2121e-03
7.8909e+02 1.8478e+02 8.5820e+02 3.1187e+02 4.1883e-03
1.2096e+03 2.2458e+02 1.2420e+03 2.7115e+02 4.1532e-03
8.6541e+02 1.6093e+02 1.0125e+03 3.7500e+02 4.1137e-03
8.0393e+02 1.6992e+02 9.5058e+02 2.4638e+02 4.0381e-03
8.8183e+02 1.9797e+02 9.8354e+02 3.5818e+02 4.0194e-03
1.1711e+03 2.1266e+02 1.2164e+03 3.4113e+02 4.0034e-03
7.7759e+02 2.2590e+02 9.1036e+02 3.0494e+02 3.9709e-03
7.9786e+02 1.8316e+02 8.8924e+02 2.6057e+02 3.9671e-03
8.3855e+02 2.2309e+02 9.6037e+02 2.8519e+02 3.8776e-03
1.2100e+03 1.2447e+02 1.2420e+03 3.1699e+02 3.8766e-03
7.4296e+02 1.6856e+02 8.0777e+02 2.1474e+02 3.8761e-03
6.8658e+02 1.5175e+02 7.2317e+02 2.1513e+02 3.8488e-03
4.1582e+02 1.7799e+02 5.4487e+02 2.4911e+02 3.8366e-03
0.0000e+00 2.7276e+01 6.9322e+01 3.7500e+02 3.8208e-03
9.5087e+02 1.6176e+02 1.0431e+03 3.5308e+02 3.8123e-03
6.8236e+02 1.6604e+02 7.3917e+02 2.0904e+02 3.8117e-03
1.1111e+03 1.4453e+02 1.2195e+03 3.4200e+02 3.7833e-03
1.1730e+03 2.2172e+02 1.2420e+03 3.2166e+02 3.7344e-03
2.4189e+02 1.5687e+02 3.5172e+02 1.9305e+02 3.7253e-03
8.0692e+02 2.1782e+02 9.3716e+02 3.0907e+02 3.7251e-03
1.2238e+03 1.2659e+02 1.2420e+03 2.2975e+02 3.7131e-03
9.1768e+02 1.9440e+02 1.1965e+03 3.4346e+02 3.6883e-03
9.4324e+02 1.9737e+02 1.0538e+03 2.4559e+02 3.6852e-03
9.2254e+02 1.8466e+02 1.0392e+03 2.2978e+02 3.6798e-03
1.1653e+03 2.7851e+02 1.2420e+03 3.7500e+02 3.6667e-03
1.2119e+03 2.1702e+02 1.2420e+03 2.6184e+02 3.6598e-03
4.3644e+02 1.7485e+02 5.3418e+02 2.4549e+02 3.6158e-03
8.0749e+02 1.8155e+02 8.8241e+02 2.3458e+02 3.5927e-03
1.1350e+03 2.6140e+02 1.2420e+03 3.6279e+02 3.5618e-03
1.1969e+03 2.1257e+02 1.2420e+03 3.4144e+02 3.5344e-03
0.0000e+00 0.0000e+00 1.1496e+02 9.2842e+01 3.4288e-03
7.7505e+02 1.5589e+02 8.1005e+02 2.2577e+02 3.4188e-03
1.2217e+03 2.8595e+02 1.2420e+03 3.4955e+02 3.4106e-03
1.1444e+03 1.5262e+02 1.2291e+03 3.3967e+02 3.3592e-03
3.9639e+02 1.7977e+02 4.7182e+02 2.2596e+02 3.3553e-03
7.9089e+02 2.0516e+02 1.0765e+03 3.6745e+02 3.3214e-03
9.6126e+02 2.8872e+00 1.2420e+03 3.7500e+02 3.2785e-03
3.8673e+02 1.5385e+02 5.4098e+02 2.2432e+02 3.2738e-03
4.6419e+02 1.5333e+02 5.1765e+02 2.6084e+02 3.2514e-03
1.2105e+03 2.3953e+02 1.2420e+03 2.8750e+02 3.2395e-03
1.2120e+03 1.5674e+02 1.2372e+03 2.7594e+02 3.2352e-03
1.2120e+03 2.9314e+02 1.2420e+03 3.4152e+02 3.2287e-03
8.5308e+02 1.8345e+02 9.4912e+02 2.3020e+02 3.2282e-03
1.2113e+03 1.6327e+02 1.2420e+03 2.0565e+02 3.1305e-03
1.0168e+03 1.9046e+02 1.1194e+03 2.3441e+02 3.1253e-03
8.3779e+02 1.7896e+02 9.3714e+02 2.0920e+02 3.1113e-03
9.8951e+02 1.8256e+02 1.1079e+03 2.3099e+02 3.0257e-03
5.3312e+02 1.6382e+02 5.6247e+02 2.1711e+02 3.0204e-03
3.9274e+02 1.7608e+02 4.5959e+02 3.0188e+02 2.9953e-03
0.0000e+00 0.0000e+00 8.0783e+01 4.2205e+01 2.9725e-03
5.0273e+02 1.7440e+02 5.2813e+02 2.2937e+02 2.9693e-03
6.6466e+02 1.4573e+02 7.8171e+02 2.3765e+02 2.9217e-03
1.0364e+03 2.0786e+02 1.1451e+03 2.5072e+02 2.8727e-03
1.1672e+03 1.5459e+02 1.2383e+03 3.5553e+02 2.8635e-03
0.0000e+00 0.0000e+00 2.5872e+01 5.5757e+01 2.8632e-03
6.9578e+02 1.5187e+02 8.6293e+02 2.2778e+02 2.8444e-03
8.0841e+02 2.3010e+02 9.3063e+02 2.9342e+02 2.8418e-03
1.2120e+03 2.5536e+02 1.2420e+03 3.0337e+02 2.8405e-03
1.0739e+03 1.1261e+02 1.2420e+03 2.8070e+02 2.8286e-03
0.0000e+00 0.0000e+00 1.6964e+02 7.6575e+01 2.8193e-03
1.0057e+03 1.7997e+02 1.1204e+03 2.2324e+02 2.7867e-03
0.0000e+00 1.4757e+02 1.6563e+01 2.6212e+02 2.7815e-03
8.6855e+02 2.6642e+02 1.0811e+03 3.7410e+02 2.7556e-03
1.1852e+03 1.5993e+02 1.2383e+03 3.7500e+02 2.7335e-03
8.1042e+02 1.9385e+02 8.8529e+02 3.2903e+02 2.7188e-03
0.0000e+00 9.9780e+00 1.4027e+01 1.2595e+02 2.6924e-03
4.9915e+02 1.7162e+02 5.6241e+02 2.0369e+02 2.6486e-03
9.4131e+02 1.9397e+02 1.2031e+03 3.0413e+02 2.6094e-03
0.0000e+00 1.6418e+02 1.5495e+01 2.8821e+02 2.6073e-03
8.6404e+02 0.0000e+00 1.1037e+03 3.7500e+02 2.5298e-03
0.0000e+00 3.1702e+02 4.2848e+01 3.7500e+02 2.5096e-03
5.4674e+02 1.0984e+02 1.1698e+03 3.7500e+02 2.5058e-03
1.1460e+03 2.7176e+02 1.2245e+03 3.7500e+02 2.4912e-03
1.1124e+03 2.1858e+02 1.2420e+03 3.2613e+02 2.4426e-03
8.7718e+02 1.6628e+02 9.4378e+02 2.8091e+02 2.4189e-03
2.5782e+02 1.5544e+02 4.2479e+02 2.2684e+02 2.3729e-03
2.4681e+02 1.5291e+02 5.2625e+02 2.9068e+02 2.3684e-03
3.1551e+02 1.7836e+02 4.2307e+02 2.6687e+02 2.3262e-03
4.4738e+02 1.5624e+02 5.9096e+02 2.2199e+02 2.3054e-03
0.0000e+00 1.9351e+02 5.3002e+01 3.7500e+02 2.2702e-03
3.0392e+02 1.6491e+02 4.2502e+02 2.5724e+02 2.2407e-03
8.4337e+02 1.3844e+02 9.2112e+02 2.7099e+02 2.2328e-03
8.3195e+02 1.0938e+02 9.5287e+02 3.2152e+02 2.2236e-03
7.7958e+02 1.6457e+02 9.2226e+02 2.4399e+02 2.2131e-03
0.0000e+00 0.0000e+00 2.3388e+02 1.8636e+02 2.2107e-03
1.0955e+03 1.4139e+02 1.2005e+03 3.3361e+02 2.1942e-03
3.4069e+02 1.4198e+02 4.0882e+02 2.7529e+02 2.1639e-03
4.4379e+02 1.5537e+02 5.5570e+02 2.3472e+02 2.0917e-03
0.0000e+00 1.7671e+02 3.0989e+01 3.7500e+02 2.0387e-03
1.1761e+03 1.7923e+02 1.2420e+03 2.6597e+02 2.0352e-03
1.1711e+03 2.0470e+02 1.2420e+03 3.0376e+02 1.9899e-03
0.0000e+00 0.0000e+00 3.3300e+02 1.5237e+02 1.9147e-03
7.6166e+02 1.1234e+02 8.3512e+02 2.6124e+02 1.9051e-03
1.2088e+03 9.9173e+01 1.2420e+03 2.8041e+02 1.8663e-03
9.3754e+02 1.4921e+02 1.0208e+03 3.1926e+02 1.8623e-03
6.6736e+02 1.6046e+02 7.5960e+02 2.3314e+02 1.7647e-03
0.0000e+00 7.1851e+01 4.7206e+01 3.1786e+02 1.7618e-03
1.0686e+03 1.6277e+02 1.1847e+03 3.6376e+02 1.7544e-03
4.6135e+02 1.1141e+02 5.2773e+02 2.5174e+02 1.7520e-03
1.0615e+03 1.7989e+02 1.2420e+03 2.4160e+02 1.7271e-03
8.8649e+02 2.0187e+02 1.1800e+03 3.7335e+02 1.7201e-03
4.0615e+02 1.8345e+02 5.0418e+02 2.6004e+02 1.7136e-03
9.0925e+02 1.7072e+02 9.7892e+02 3.1010e+02 1.7083e-03
9.0770e+02 1.8774e+02 1.0234e+03 3.7176e+02 1.7079e-03
1.0756e+03 8.3661e+01 1.2231e+03 3.5372e+02 1.6720e-03
1.2053e+03 2.3830e+02 1.2420e+03 3.7500e+02 1.6415e-03
1.1039e+03 3.1118e+02 1.2420e+03 3.7500e+02 1.5514e-03
1.1773e+03 1.6441e+02 1.2420e+03 2.4802e+02 1.5253e-03
6.3035e+02 1.4734e+02 7.9829e+02 2.2821e+02 1.5226e-03
1.1395e+03 2.3987e+02 1.2312e+03 3.7500e+02 1.5129e-03
1.1042e+03 2.7545e+02 1.2420e+03 3.7500e+02 1.5070e-03
0.0000e+00 5.8969e+01 3.1814e+01 2.4751e+02 1.4958e-03
9.0242e+02 4.8601e+01 1.0313e+03 3.2887e+02 1.4820e-03
1.0934e+03 1.7883e+02 1.2414e+03 3.0465e+02 1.4761e-03
3.6165e+02 1.1345e+02 4.4461e+02 2.7454e+02 1.4561e-03
9.1000e+02 2.7151e+02 9.8070e+02 3.7500e+02 1.4305e-03
8.7234e+02 2.3181e+02 9.9620e+02 3.5079e+02 1.4151e-03
0.0000e+00 0.0000e+00 3.0749e+01 1.1825e+02 1.3781e-03
9.7105e+02 1.4749e+02 1.0480e+03 3.3237e+02 1.3739e-03
0.0000e+00 0.0000e+00 5.2096e+01 9.5552e+01 1.3408e-03
8.6109e+02 2.3665e+02 1.0168e+03 3.3801e+02 1.3130e-03
0.0000e+00 8.7204e+01 6.6416e+01 3.4312e+02 1.3066e-03
1.0603e+03 3.2234e+02 1.2420e+03 3.7500e+02 1.2678e-03
1.1755e+03 1.4900e+02 1.2420e+03 2.3198e+02 1.2586e-03
2.7681e+02 1.6938e+02 4.2846e+02 2.4235e+02 1.2540e-03
6.8317e+02 1.2586e+02 7.3945e+02 2.4895e+02 1.2508e-03
4.4705e+02 1.5753e+02 5.0352e+02 2.9704e+02 1.2491e-03
1.0110e+01 8.3139e+01 8.1478e+01 3.0464e+02 1.2104e-03
9.2550e+02 2.7057e+02 9.9498e+02 3.7500e+02 1.1570e-03
3.5094e+02 1.4970e+02 5.2696e+02 2.2300e+02 1.1505e-03
8.9500e+02 1.7828e+02 9.5366e+02 2.9107e+02 1.1199e-03
1.1301e+03 2.7551e+02 1.2076e+03 3.7500e+02 1.1177e-03
9.7295e+02 1.2958e+02 1.2420e+03 3.1705e+02 1.1049e-03
3.9850e+02 1.0617e+02 4.7633e+02 2.6236e+02 1.1003e-03
8.2811e+02 1.6709e+02 9.9908e+02 2.3270e+02 1.0900e-03
0.0000e+00 3.2641e+02 5.7865e+01 3.7500e+02 1.0839e-03
9.5288e+02 1.6234e+02 1.1686e+03 2.2992e+02 1.0820e-03
8.7064e+02 1.6293e+02 1.0598e+03 2.3436e+02 1.0725e-03
1.1942e+03 1.6885e+02 1.2420e+03 2.8169e+02 1.0652e-03
3.5188e+02 7.0546e+01 4.8146e+02 3.2172e+02 1.0632e-03
0.0000e+00 2.5681e+02 9.0110e+01 3.7500e+02 1.0626e-03
3.1908e+02 1.4980e+02 4.9175e+02 2.2132e+02 1.0594e-03
1.1861e+03 2.9030e+02 1.2420e+03 3.7500e+02 1.0558e-03
9.5450e+02 1.6047e+02 1.1393e+03 2.4961e+02 1.0446e-03
1.1468e+03 3.1578e+02 1.2420e+03 3.7500e+02 1.0389e-03
8.9329e+02 2.7558e+02 9.6601e+02 3.7500e+02 1.0284e-03
0.0000e+00 9.3008e+01 2.0419e+02 3.7500e+02 9.9353e-04
1.0259e+03 2.9727e+02 1.2396e+03 3.7311e+02 9.8190e-04
3.3178e+02 1.4688e+02 4.6959e+02 2.3329e+02 9.0936e-04
9.4039e+02 2.6825e+02 1.0102e+03 3.7500e+02 9.0919e-04
3.7907e+02 1.1044e+02 4.5923e+02 2.6597e+02 8.9919e-04
0.0000e+00 1.2819e+02 4.5056e+01 2.5157e+02 8.9016e-04
7.5766e+02 2.1337e+02 8.7447e+02 2.9697e+02 8.7531e-04
0.0000e+00 2.6622e+02 1.4994e+02 3.7500e+02 8.6290e-04
1.1770e+03 1.3385e+02 1.2420e+03 2.1837e+02 8.6258e-04
8.6158e+02 1.3696e+02 9.3444e+02 2.7176e+02 8.5864e-04
9.8840e+02 1.3793e+02 1.0603e+03 3.2459e+02 8.5641e-04
2.7814e+00 7.0556e+01 6.4068e+01 2.8726e+02 8.5531e-04
2.0867e+02 1.5554e+02 3.7465e+02 2.2353e+02 8.5101e-04
1.1061e+03 9.9001e+01 1.2420e+03 3.0777e+02 8.1683e-04
9.2344e+02 1.5980e+02 1.0014e+03 3.1431e+02 8.1500e-04
8.2514e+02 8.9022e+01 1.2146e+03 2.7370e+02 8.0445e-04
8.0008e+02 1.4081e+02 8.6429e+02 2.6838e+02 7.6936e-04
0.0000e+00 1.0346e+02 2.8386e+02 3.7500e+02 7.5643e-04
5.9890e+02 1.2469e+02 9.1341e+02 2.7238e+02 7.4691e-04
3.4773e+02 1.0944e+02 4.2737e+02 2.7086e+02 7.4673e-04
1.2047e+03 0.0000e+00 1.2420e+03 8.1134e+01 7.4643e-04
1.1129e+03 2.7496e+02 1.1904e+03 3.7500e+02 7.4275e-04
0.0000e+00 7.6536e+01 9.0096e+01 3.0526e+02 7.4064e-04
1.0037e+03 3.2317e+02 1.2172e+03 3.7500e+02 7.3817e-04
6.9967e+02 1.7782e+02 7.8957e+02 2.5768e+02 7.3276e-04
1.0203e+03 1.7189e+02 1.2347e+03 2.9554e+02 7.3139e-04
0.0000e+00 0.0000e+00 3.2479e+01 1.9217e+02 7.2600e-04
5.5259e+01 1.5399e+02 2.3591e+02 2.2719e+02 7.1770e-04
1.1115e+03 1.3484e+02 1.1956e+03 3.1268e+02 6.6817e-04
2.9505e+02 1.5197e+02 4.2265e+02 2.3925e+02 6.6557e-04
2.7761e+02 1.4688e+02 4.5525e+02 2.1955e+02 6.6550e-04
1.1909e+03 1.3970e+02 1.2420e+03 2.4489e+02 6.6513e-04
3.6236e+02 1.4298e+02 5.0415e+02 2.3421e+02 6.6458e-04
4.7935e+02 1.3034e+02 5.3272e+02 2.6469e+02 6.6266e-04
9.8310e+02 1.8104e+02 1.2234e+03 3.2224e+02 6.5447e-04
8.7070e+02 3.1781e+02 1.0132e+03 3.7500e+02 6.5038e-04
1.0862e+03 1.2984e+02 1.1774e+03 3.1829e+02 6.4896e-04
6.4736e+02 1.3642e+02 7.6691e+02 2.3446e+02 6.4721e-04
8.5572e+02 2.7500e+02 1.0337e+03 3.7227e+02 6.4171e-04
8.7724e+02 2.7809e+02 9.4963e+02 3.7500e+02 6.3258e-04
1.0206e+03 1.6149e+02 1.2156e+03 2.6852e+02 6.3214e-04
9.5961e+02 1.4578e+02 1.0312e+03 3.0918e+02 6.2920e-04
6.7453e+02 1.3575e+02 9.2203e+02 2.9160e+02 6.1975e-04
8.6426e+01 1.5760e+02 2.6165e+02 2.2394e+02 6.1542e-04
2.4448e+02 1.4561e+02 4.2706e+02 2.1454e+02 6.1361e-04
4.4965e+02 1.6534e+02 5.8790e+02 2.3569e+02 6.1353e-04
0.0000e+00 2.8914e+02 4.6754e+01 3.7500e+02 6.0706e-04
1.1690e+03 0.0000e+00 1.2420e+03 2.8855e+01 6.0222e-04
2.2517e+01 1.5323e+02 2.0888e+02 2.3027e+02 6.0111e-04
2.9115e+02 1.2446e+02 6.5449e+02 2.7102e+02 5.9999e-04
3.3185e+02 6.7683e+01 4.5682e+02 3.2042e+02 5.9590e-04
4.2376e+02 1.8630e+02 5.2513e+02 2.6341e+02 5.9170e-04
3.6028e+02 2.0956e+02 4.9810e+02 2.8016e+02 5.8631e-04
1.1597e+03 0.0000e+00 1.2420e+03 1.7772e+02 5.7468e-04
1.6699e+01 1.4129e+01 1.9176e+02 3.7500e+02 5.7007e-04
7.4125e+02 2.5700e+02 1.0968e+03 3.7500e+02 5.6289e-04
2.5158e+02 1.6918e+02 4.0350e+02 2.4013e+02 5.5728e-04
8.4218e+02 3.2771e+02 1.0285e+03 3.7500e+02 5.5138e-04
2.4735e+01 9.0190e+01 1.0224e+02 2.9585e+02 5.4523e-04
8.9369e+02 2.6081e+02 1.1334e+03 3.6799e+02 5.2889e-04
0.0000e+00 2.3913e+02 2.8372e+01 3.7500e+02 5.2204e-04
6.7306e+02 7.8979e+01 7.4318e+02 2.5034e+02 5.1282e-04
1.0970e+03 2.7683e+02 1.1732e+03 3.7500e+02 5.1273e-04
1.0758e+03 1.2357e+02 1.1563e+03 3.1070e+02 5.1270e-04
1.1905e+03 1.3561e+02 1.2402e+03 3.3227e+02 5.0231e-04
9.9613e+02 1.2242e+02 1.0553e+03 2.7833e+02 4.9405e-04
9.0126e+02 2.2236e+02 9.9475e+02 3.7155e+02 4.9251e-04
1.0454e+03 3.1525e+02 1.2048e+03 3.7500e+02 4.9076e-04
8.8574e+02 2.1672e+02 9.5369e+02 3.6004e+02 4.8865e-04
3.3095e+02 1.5260e+02 3.9105e+02 2.8231e+02 4.8542e-04
1.0125e+03 1.2012e+02 1.0687e+03 2.7358e+02 4.8270e-04
7.5356e+02 9.3175e+01 8.6533e+02 3.3924e+02 4.8228e-04
0.0000e+00 1.1226e+02 4.7331e+01 3.7276e+02 4.6998e-04
8.3742e+00 1.2162e+02 8.6774e+01 3.4070e+02 4.6590e-04
2.1399e+01 1.6809e+02 2.0758e+02 2.4485e+02 4.6079e-04
8.5925e+02 2.9951e+02 1.0563e+03 3.7053e+02 4.5346e-04
7.9351e+02 2.5554e+02 1.0381e+03 3.7500e+02 4.4864e-04
2.9563e+02 1.2128e+02 5.7058e+02 2.9101e+02 4.4822e-04
1.2075e+03 6.8453e+01 1.2420e+03 2.4949e+02 4.4067e-04
9.7752e+02 1.4859e+02 1.0671e+03 3.5531e+02 4.3131e-04
1.1650e+03 2.3956e+02 1.2397e+03 3.7500e+02 4.3075e-04
9.7741e+02 1.6122e+02 1.1807e+03 2.6914e+02 4.2878e-04
8.9598e+02 3.1601e+02 1.0499e+03 3.7500e+02 4.2722e-04
1.1171e+03 2.4029e+02 1.2195e+03 3.7500e+02 4.2713e-04
0.0000e+00 9.3948e+01 1.5151e+02 2.7885e+02 4.2603e-04
7.1985e+02 1.4999e+02 9.0336e+02 2.2314e+02 4.2536e-04
5.9255e+02 1.3988e+02 7.6644e+02 2.1892e+02 4.2463e-04
8.5412e+02 1.7936e+02 9.9339e+02 2.6182e+02 4.1913e-04
7.1329e+02 1.5645e+02 9.3498e+02 3.1597e+02 4.1338e-04
4.7463e+02 1.5682e+02 6.3399e+02 2.2339e+02 4.1075e-04
4.0658e+01 1.1491e+02 1.1964e+02 3.0888e+02 4.1015e-04
1.0037e+03 1.2594e+02 1.0704e+03 3.1539e+02 4.0995e-04
9.6837e+02 2.9866e+02 1.2175e+03 3.6994e+02 4.0686e-04
1.0007e+03 1.6532e+02 1.2112e+03 2.2904e+02 4.0436e-04
3.7849e+02 5.6972e+01 5.1278e+02 3.2376e+02 4.0328e-04
6.8810e+02 1.4746e+02 7.3926e+02 2.8932e+02 4.0032e-04
9.7137e+02 0.0000e+00 1.2420e+03 1.2600e+02 3.9880e-04
5.8179e+01 1.1326e+02 1.3896e+02 3.0418e+02 3.9770e-04
1.1793e+03 1.1586e+02 1.2420e+03 2.0641e+02 3.9647e-04
7.1014e+02 6.4318e+01 8.3547e+02 3.3045e+02 3.9510e-04
9.5627e+02 2.6996e+02 1.0243e+03 3.7500e+02 3.9412e-04
8.6132e+02 2.8130e+02 9.3435e+02 3.7500e+02 3.9083e-04
9.7996e+02 1.2677e+02 1.0407e+03 2.7917e+02 3.8913e-04
8.7397e+02 1.9805e+02 9.3693e+02 3.4954e+02 3.8648e-04
0.0000e+00 1.4329e+02 7.0786e+01 2.3649e+02 3.7532e-04
8.5949e+02 2.5765e+02 1.0125e+03 3.5841e+02 3.7523e-04
0.0000e+00 1.0025e+02 4.3338e+01 2.2022e+02 3.6825e-04
1.1020e+03 0.0000e+00 1.2420e+03 5.9589e+01 3.6604e-04
6.6219e+02 9.6920e+01 7.2979e+02 2.5568e+02 3.6222e-04
1.0447e+03 1.6532e+02 1.2420e+03 2.2663e+02 3.6082e-04
1.0738e+03 1.1030e+02 1.1361e+03 2.8488e+02 3.6066e-04
9.5410e+02 3.2180e+02 1.1696e+03 3.7500e+02 3.5670e-04
1.1812e+03 0.0000e+00 1.2420e+03 3.8239e+01 3.5652e-04
1.7596e+02 1.5533e+02 3.4976e+02 2.2192e+02 3.5543e-04
7.5850e+01 1.1935e+02 1.5324e+02 2.9542e+02 3.4896e-04
0.0000e+00 6.7514e+01 1.4568e+02 2.4634e+02 3.4837e-04
1.0816e+03 2.7490e+02 1.1564e+03 3.7500e+02 3.4720e-04
0.0000e+00 1.5915e+02 4.1686e+01 2.8621e+02 3.4682e-04
5.8637e+01 1.7076e+02 2.3565e+02 2.4090e+02 3.4626e-04
1.0912e+03 1.1415e+02 1.1547e+03 2.7196e+02 3.4278e-04
2.8484e+02 1.8385e+02 4.2204e+02 2.5898e+02 3.3798e-04
4.7903e+02 1.0394e+02 5.4255e+02 2.5811e+02 3.3361e-04
9.1084e+02 2.2458e+02 1.1818e+03 3.5510e+02 3.3353e-04
7.4654e+02 7.8157e+01 8.2211e+02 2.5577e+02 3.3285e-04
4.9452e+01 3.2703e+01 2.1900e+02 3.7273e+02 3.2990e-04
0.0000e+00 0.0000e+00 1.1123e+02 3.7500e+02 3.2223e-04
5.4465e+02 1.0639e+02 8.9333e+02 2.4980e+02 3.0368e-04
7.9845e+02 1.8386e+02 9.3476e+02 3.7500e+02 2.9952e-04
2.6598e+02 1.1447e+02 5.8688e+02 2.4997e+02 2.9362e-04
6.3842e+02 1.2800e+02 8.8195e+02 2.8931e+02 2.8718e-04
1.0267e+03 0.0000e+00 1.2420e+03 1.8162e+02 2.7925e-04
1.1256e+03 0.0000e+00 1.2420e+03 8.6008e+01 2.6801e-04
0.0000e+00 0.0000e+00 6.0540e+01 2.8817e+02 2.6515e-04
0.0000e+00 3.6487e+00 2.9844e+02 3.7161e+02 2.6344e-04
6.7740e+02 3.9003e+01 8.1124e+02 3.3325e+02 2.5986e-04
7.8790e+02 1.3471e+02 9.1344e+02 3.7500e+02 2.4820e-04
0.0000e+00 1.2262e+02 1.4633e+02 3.1382e+02 2.3946e-04
0.0000e+00 0.0000e+00 1.9929e+02 3.6007e+02 2.3766e-04
6.4929e+02 7.0779e-01 9.5903e+02 3.7500e+02 2.3364e-04
8.2770e+02 2.4947e+01 1.0188e+03 3.7500e+02 2.1154e-04
0.0000e+00 0.0000e+00 1.5713e+02 3.6530e+02 1.9830e-04
1.1661e+03 1.7075e-02 1.2420e+03 3.1681e+02 1.9018e-04
1.0706e+03 7.6310e+01 1.2420e+03 2.5467e+02 1.7946e-04
1.1226e+03 6.6454e+01 1.2420e+03 3.6511e+02 1.6930e-04
0.0000e+00 1.5335e+01 8.4235e+01 2.4504e+02 1.6922e-04
0.0000e+00 0.0000e+00 3.0419e+02 2.3636e+02 1.4481e-04
2.9886e+02 1.0951e+02 5.3725e+02 2.6357e+02 1.4334e-04
6.9252e+02 2.6833e+02 1.0452e+03 3.7500e+02 1.4058e-04
7.4873e+02 2.6699e+02 9.9359e+02 3.7500e+02 1.3731e-04
0.0000e+00 1.4571e+02 8.4080e+01 3.6528e+02 1.3715e-04
0.0000e+00 0.0000e+00 9.9308e+01 1.3171e+02 1.3476e-04
7.6350e+02 9.4444e+01 1.1544e+03 2.6575e+02 1.3382e-04
4.8106e+02 9.1951e+01 8.3142e+02 2.4960e+02 1.3297e-04
0.0000e+00 1.2832e+02 6.0373e+01 3.7500e+02 1.3234e-04
7.6506e+02 2.0375e+02 9.9705e+02 3.7395e+02 1.3197e-04
0.0000e+00 3.2300e+01 1.3499e+02 2.1890e+02 1.2846e-04
3.3245e+02 1.0175e+02 6.9681e+02 2.5140e+02 1.2397e-04
7.6145e+02 1.9862e+02 9.0894e+02 3.7500e+02 1.1383e-04
0.0000e+00 1.5581e+02 1.3722e+02 3.4240e+02 1.0858e-04
2.9934e+02 4.9868e+01 4.2853e+02 3.4053e+02 1.0567e-04
8.1169e+01 4.4916e+01 2.4607e+02 3.7046e+02 1.0249e-04
3.8908e+02 9.2090e+01 7.6237e+02 2.5662e+02 1.0233e-04
0.0000e+00 0.0000e+00 1.5335e+02 1.1505e+02 1.0173e-04
4.1213e+02 4.5776e+01 5.4970e+02 3.3631e+02 1.0055e-04
9.1718e+02 8.7891e+01 1.2323e+03 2.5979e+02 9.4526e-05

