8.1465e+02 1.8386e+02 8.7569e+02 2.3232e+02 9.9881e-01
9.9679e+02 2.1087e+02 1.2420e+03 3.6197e+02 9.9865e-01
1.0131e+03 2.1521e+02 1.2420e+03 3.6460e+02 9.0421e-01
8.2382e+02 1.8450e+02 8.6961e+02 2.2451e+02 8.4380e-01
8.1445e+02 1.7576e+02 8.7076e+02 2.2636e+02 8.0384e-01
8.2501e+02 1.7039e+02 8.6872e+02 2.3726e+02 7.8905e-01
7.9698e+02 1.4280e+02 1.2420e+03 3.7500e+02 7.7817e-01
8.2080e+02 1.8232e+02 8.7845e+02 2.2280e+02 7.4874e-01
1.0196e+03 2.0187e+02 1.2322e+03 3.3212e+02 6.7675e-01
1.0593e+03 1.8935e+02 1.2420e+03 3.6185e+02 6.5261e-01
1.0343e+03 1.8839e+02 1.1878e+03 3.7500e+02 6.2406e-01
9.2027e+02 1.2283e+02 1.2420e+03 3.7500e+02 6.0353e-01
9.7807e+02 2.1940e+02 1.2086e+03 3.4079e+02 5.9416e-01
1.0583e+03 1.4368e+02 1.1875e+03 3.6206e+02 5.8736e-01
9.9914e+02 1.8415e+02 1.2420e+03 3.3413e+02 5.5868e-01
9.5955e+02 1.9953e+02 1.1997e+03 3.7204e+02 5.0466e-01
9.1849e+02 2.0962e+02 1.2420e+03 3.7500e+02 4.9572e-01
8.3110e+02 1.7468e+02 8.5713e+02 2.2745e+02 4.5440e-01
8.2821e+02 1.8027e+02 8.6420e+02 2.4192e+02 4.5397e-01
8.2311e+02 1.8369e+02 8.7320e+02 2.1180e+02 4.2907e-01
8.3105e+02 1.8111e+02 8.7363e+02 2.1885e+02 4.1776e-01
1.0159e+03 1.9807e+02 1.2224e+03 2.9712e+02 4.0760e-01
8.2666e+02 1.8086e+02 8.6407e+02 2.1509e+02 3.8859e-01
8.0956e+02 1.9445e+02 8.7951e+02 2.3272e+02 3.7677e-01
1.0787e+03 1.5280e+02 1.2054e+03 3.5505e+02 3.6493e-01
8.2270e+02 1.8182e+02 8.5970e+02 2.1994e+02 3.6078e-01
8.1881e+02 1.9037e+02 8.7320e+02 2.2673e+02 3.5718e-01
8.1447e+02 1.8833e+02 8.6609e+02 2.2002e+02 3.5286e-01
8.1654e+02 1.7261e+02 8.5665e+02 2.3753e+02 3.4491e-01
8.2418e+02 1.7431e+02 8.5001e+02 2.2761e+02 3.3250e-01
8.2718e+02 1.8803e+02 8.7884e+02 2.1982e+02 3.2478e-01
9.8648e+02 2.0999e+02 1.2016e+03 3.1331e+02 3.1531e-01
8.4245e+02 1.7655e+02 8.6905e+02 2.3005e+02 3.1476e-01
9.3864e+02 2.4337e+02 1.2420e+03 3.7500e+02 3.0923e-01
9.9741e+02 7.0654e+01 1.2420e+03 3.7500e+02 2.1482e-01
8.3955e+02 1.7395e+02 8.6390e+02 2.2548e+02 1.6238e-01
1.0646e+03 2.1694e+02 1.2420e+03 3.3168e+02 1.5630e-01
1.0525e+03 2.0409e+02 1.2420e+03 2.9473e+02 1.5500e-01
9.0957e+02 2.1782e+02 1.1659e+03 3.7023e+02 1.4699e-01
1.0368e+03 1.3073e+02 1.1706e+03 3.7467e+02 1.4461e-01
8.2641e+02 1.8308e+02 8.7141e+02 2.0554e+02 1.3260e-01
8.3734e+02 1.7359e+02 8.5884e+02 2.2316e+02 1.1833e-01
9.7752e+02 2.4149e+02 1.1899e+03 3.6567e+02 1.1723e-01
1.0484e+03 2.3783e+02 1.2420e+03 3.5502e+02 1.0455e-01
1.0747e+03 1.7812e+02 1.1815e+03 3.7500e+02 9.3288e-02
1.0585e+03 2.6591e+00 1.2420e+03 3.7500e+02 9.1699e-02
8.0417e+02 1.8088e+02 8.6199e+02 2.2377e+02 9.0971e-02
8.5284e+02 1.7771e+02 8.7498e+02 2.2659e+02 8.6861e-02
9.8850e+02 2.3256e+02 1.1467e+03 3.7351e+02 7.6829e-02
9.8772e+02 2.0423e+02 1.1969e+03 2.8639e+02 7.6172e-02
8.3232e+02 1.8380e+02 8.7667e+02 2.0940e+02 7.1832e-02
8.2872e+02 1.8799e+02 8.7517e+02 2.3043e+02 6.2097e-02
8.3103e+02 1.8043e+02 8.6586e+02 2.0859e+02 6.0468e-02
8.2119e+02 1.7084e+02 8.4443e+02 2.2815e+02 5.7753e-02
8.3506e+02 1.7928e+02 8.5896e+02 2.3060e+02 5.7194e-02
8.1567e+02 1.8426e+02 8.6415e+02 2.0990e+02 5.4893e-02
8.3102e+02 1.7172e+02 8.5068e+02 2.2057e+02 5.1147e-02
8.3456e+02 1.8242e+02 8.7209e+02 2.5266e+02 5.1107e-02
8.2658e+02 1.7023e+02 8.4691e+02 2.1984e+02 4.7139e-02
7.9400e+02 1.7116e+02 8.9229e+02 2.4749e+02 4.5735e-02
1.0170e+03 1.8960e+02 1.2109e+03 2.6750e+02 4.5169e-02
8.3552e+02 1.7244e+02 8.5407e+02 2.1862e+02 4.3911e-02
1.1170e+03 2.1260e+02 1.2299e+03 3.7500e+02 4.0447e-02
8.2216e+02 1.7880e+02 8.8500e+02 2.1457e+02 4.0229e-02
8.2453e+02 1.8051e+02 8.5902e+02 2.1014e+02 3.7566e-02
7.6848e+02 1.6618e+02 8.9539e+02 2.3372e+02 3.3888e-02
8.2144e+02 1.7946e+02 8.6024e+02 2.4922e+02 3.2507e-02
8.4449e+02 1.8455e+02 8.7498e+02 2.2126e+02 3.2384e-02
8.4908e+02 1.7559e+02 8.7154e+02 2.2437e+02 2.7452e-02
8.3910e+02 1.8152e+02 8.7411e+02 2.1208e+02 2.7440e-02
1.0869e+03 1.9620e+02 1.2420e+03 3.1723e+02 2.7268e-02
8.4296e+02 1.7613e+02 8.7128e+02 2.4017e+02 2.5726e-02
1.0920e+03 1.9293e+02 1.2129e+03 3.7500e+02 2.4880e-02
8.1933e+02 1.8128e+02 8.5323e+02 2.1471e+02 2.4664e-02
1.1290e+03 1.8313e+02 1.2268e+03 3.6060e+02 2.4076e-02
1.0638e+03 2.4801e+02 1.2420e+03 3.7500e+02 2.3900e-02
5.8185e+00 1.4279e+02 4.1942e+01 2.9389e+02 2.2476e-02
1.0942e+03 2.0742e+02 1.2420e+03 2.8455e+02 2.2223e-02
8.1844e+02 1.7160e+02 8.3861e+02 2.2807e+02 2.1852e-02
8.5060e+02 1.8189e+02 8.7588e+02 2.3418e+02 2.0840e-02
8.4397e+02 1.7366e+02 8.6182e+02 2.1602e+02 2.0792e-02
1.0687e+03 1.4920e+02 1.2420e+03 3.1322e+02 2.0785e-02
8.4756e+02 1.7544e+02 8.6685e+02 2.1672e+02 2.0666e-02
8.2264e+02 1.6877e+02 8.4136e+02 2.2058e+02 2.0106e-02
8.1762e+02 1.5169e+02 8.7850e+02 2.6438e+02 1.9820e-02
1.0925e+03 1.5788e+02 1.1730e+03 3.2895e+02 1.9806e-02
1.9756e-01 1.3407e+02 3.3155e+01 3.0261e+02 1.9489e-02
8.3627e+02 1.8318e+02 8.7600e+02 2.0389e+02 1.9349e-02
1.1076e+03 1.7028e+02 1.2109e+03 3.7500e+02 1.9194e-02
0.0000e+00 1.3987e+02 1.3824e+01 2.6924e+02 1.8660e-02
1.0897e+03 1.7055e+02 1.1912e+03 3.5736e+02 1.8507e-02
9.8296e+02 2.6633e+02 1.1705e+03 3.7459e+02 1.8488e-02
8.3678e+02 1.8047e+02 8.6423e+02 2.3448e+02 1.8225e-02
8.2694e+02 1.7882e+02 8.5305e+02 2.3148e+02 1.7408e-02
9.8520e+02 2.2789e+02 1.1580e+03 3.2999e+02 1.6397e-02
8.1798e+02 1.8265e+02 8.6336e+02 2.0395e+02 1.5316e-02
6.6752e+00 1.7057e+02 4.3163e+01 3.3185e+02 1.5063e-02
7.8443e+02 1.6292e+02 9.2165e+02 2.2838e+02 1.4979e-02
1.0969e+03 1.9220e+02 1.2339e+03 3.7500e+02 1.4953e-02
0.0000e+00 1.2456e+02 2.2527e+01 2.9027e+02 1.4586e-02
1.0273e+03 1.9925e+02 1.1311e+03 3.6909e+02 1.4535e-02
1.2062e+03 1.7850e+02 1.2420e+03 2.2115e+02 1.4218e-02
9.7566e+02 2.4761e+02 1.1104e+03 3.7317e+02 1.3835e-02
8.1978e+02 1.7043e+02 8.3633e+02 2.1855e+02 1.3731e-02
1.1070e+03 1.5610e+02 1.1887e+03 3.2438e+02 1.3548e-02
8.1007e+02 1.8550e+02 8.5763e+02 2.1270e+02 1.3517e-02
1.3140e+01 1.6000e+02 5.1409e+01 3.0871e+02 1.3512e-02
1.1075e+03 1.7624e+02 1.2069e+03 3.5471e+02 1.2947e-02
1.0010e+03 2.6272e+02 1.2130e+03 3.7063e+02 1.2770e-02
1.1410e+03 1.7232e+02 1.2235e+03 3.3302e+02 1.2398e-02
8.1660e+02 1.7524e+02 8.3367e+02 2.2463e+02 1.2397e-02
1.1508e+03 1.6895e+02 1.2420e+03 3.7500e+02 1.2372e-02
8.2807e+02 1.7966e+02 8.6648e+02 1.9901e+02 1.2174e-02
0.0000e+00 1.6233e+02 1.4104e+01 2.9434e+02 1.1760e-02
1.0213e+03 2.1676e+02 1.1391e+03 2.6155e+02 1.1334e-02
1.1684e+03 1.9345e+02 1.2420e+03 2.8327e+02 1.1298e-02
8.4222e+02 1.8539e+02 8.7319e+02 2.3559e+02 1.1281e-02
9.9886e+02 1.7777e+02 1.1309e+03 3.7500e+02 1.1239e-02
2.0577e+01 1.7502e+02 6.1171e+01 3.2636e+02 1.1187e-02
1.0631e+03 1.9014e+02 1.1542e+03 3.7047e+02 1.1016e-02
9.7511e+02 2.1882e+02 1.1548e+03 3.0083e+02 1.0869e-02
1.0268e+03 2.2418e+02 1.1375e+03 2.7410e+02 1.0820e-02
9.0814e+02 1.6596e+02 9.5768e+02 1.8295e+02 1.0817e-02
8.2169e+02 1.9217e+02 8.7767e+02 2.3620e+02 1.0697e-02
8.1659e+02 1.8525e+02 8.5043e+02 2.2056e+02 1.0555e-02
8.1904e+02 1.7999e+02 8.4866e+02 2.3163e+02 9.6968e-03
8.2456e+02 1.7804e+02 8.5609e+02 2.0242e+02 9.5917e-03
7.9692e+02 1.7446e+02 8.6016e+02 2.1307e+02 9.3942e-03
0.0000e+00 1.0458e+02 3.2005e+01 3.2199e+02 9.3635e-03
1.2196e+01 1.7986e+02 5.2956e+01 3.3539e+02 9.3009e-03
1.0568e+03 1.9341e+02 1.2420e+03 2.6441e+02 9.0427e-03
8.1316e+02 1.7383e+02 8.5060e+02 1.9306e+02 9.0317e-03
1.1597e+00 1.6273e+02 3.4328e+01 3.4015e+02 8.7335e-03
0.0000e+00 1.1265e+02 1.3685e+01 2.4753e+02 8.7309e-03
9.9499e+02 2.2296e+02 1.0958e+03 3.6805e+02 8.6464e-03
8.2969e+02 1.8601e+02 8.8874e+02 2.2850e+02 8.5735e-03
1.1510e+03 2.0783e+02 1.2404e+03 3.7500e+02 8.5554e-03
8.1549e+02 1.9637e+02 8.6984e+02 2.3146e+02 8.3821e-03
8.1016e+02 1.7039e+02 8.6496e+02 2.1098e+02 8.3463e-03
8.5725e+02 1.5926e+02 9.6386e+02 1.9320e+02 8.1937e-03
8.1628e+02 1.8146e+02 8.4538e+02 2.1318e+02 8.1034e-03
1.1223e+03 1.6538e+02 1.2040e+03 3.2548e+02 8.0891e-03
0.0000e+00 1.5461e+02 2.3001e+01 3.2426e+02 7.7939e-03
2.9402e+01 1.7817e+02 6.8688e+01 3.2269e+02 7.7911e-03
8.1491e+02 1.7074e+02 8.5131e+02 1.9008e+02 7.7729e-03
8.1252e+02 1.7056e+02 8.4194e+02 2.3693e+02 7.7352e-03
1.1663e+03 1.0977e+02 1.2420e+03 3.7500e+02 7.4870e-03
8.1182e+02 1.8326e+02 8.5480e+02 2.0807e+02 7.4673e-03
8.0756e+02 1.3956e+02 8.6747e+02 2.5854e+02 7.3907e-03
0.0000e+00 1.8716e+02 1.4106e+01 3.1859e+02 7.3254e-03
1.9973e+01 1.5606e+02 5.9806e+01 2.9792e+02 7.2886e-03
1.2095e+03 1.9364e+02 1.2420e+03 2.3565e+02 7.1913e-03
1.2113e+01 1.4053e+02 5.0427e+01 2.8089e+02 6.9972e-03
8.1748e+02 1.7870e+02 8.5866e+02 1.9873e+02 6.8065e-03
1.2240e+03 1.8858e+02 1.2420e+03 2.9201e+02 6.7732e-03
7.3534e+02 1.4660e+02 8.9667e+02 2.1055e+02 6.7324e-03
1.0706e+03 1.7036e+02 1.1482e+03 3.4697e+02 6.6006e-03
1.1628e+03 1.7692e+02 1.2354e+03 3.4419e+02 6.5303e-03
8.0263e+02 1.7332e+02 8.5264e+02 2.1839e+02 6.5265e-03
8.2617e+02 1.9224e+02 8.7817e+02 2.3675e+02 6.3421e-03
1.0095e+03 2.0920e+02 1.1135e+03 3.6625e+02 6.3252e-03
8.4075e+02 1.8765e+02 8.8103e+02 2.1614e+02 6.2899e-03
8.2976e+02 1.7580e+02 8.9047e+02 2.1160e+02 6.2542e-03
1.2083e+03 1.7180e+02 1.2420e+03 2.1373e+02 6.1804e-03
8.1701e+02 1.7077e+02 8.3199e+02 2.1632e+02 6.0279e-03
1.0897e+03 1.5264e+02 1.1544e+03 3.0613e+02 5.8915e-03
9.7501e+02 2.3044e+02 1.0623e+03 3.6872e+02 5.8057e-03
0.0000e+00 1.5970e+02 3.3449e+01 3.6606e+02 5.7672e-03
1.2030e+03 2.7687e+02 1.2420e+03 3.7500e+02 5.6840e-03
7.6743e+02 1.8100e+02 9.1175e+02 2.5164e+02 5.4081e-03
8.5743e+02 1.8016e+02 8.7566e+02 2.3036e+02 5.4006e-03
8.1054e+02 1.6903e+02 8.7787e+02 2.0485e+02 5.3748e-03
8.6430e+02 2.2230e+02 1.1217e+03 3.7500e+02 5.3665e-03
4.9356e+00 1.1580e+02 4.1222e+01 2.7223e+02 5.1994e-03
0.0000e+00 2.7823e+02 2.8896e+01 3.7500e+02 5.1784e-03
1.2232e+03 3.3184e+02 1.2420e+03 3.7500e+02 5.0776e-03
1.1664e+03 1.6794e+02 1.2420e+03 2.4927e+02 5.0075e-03
1.2258e+03 1.7299e+02 1.2420e+03 2.6378e+02 4.9142e-03
1.2380e+03 1.9409e+02 1.2420e+03 2.4515e+02 4.8575e-03
7.3226e+02 1.5540e+02 8.8605e+02 2.2762e+02 4.8529e-03
0.0000e+00 1.8090e+02 6.1876e+00 2.4657e+02 4.8378e-03
0.0000e+00 9.5048e+01 3.3927e+01 2.7473e+02 4.7773e-03
1.2365e+03 2.1527e+02 1.2420e+03 2.7270e+02 4.6719e-03
3.7064e+01 1.8125e+02 7.5656e+01 3.1699e+02 4.5728e-03
1.1092e+03 2.0437e+02 1.2420e+03 3.3782e+02 4.5583e-03
1.1655e+03 1.5036e+02 1.2420e+03 2.3266e+02 4.4755e-03
9.5680e+02 2.7314e+02 1.0296e+03 3.7500e+02 4.3000e-03
1.0386e+03 2.3281e+02 1.1052e+03 2.5630e+02 4.2912e-03
8.3732e+02 1.7949e+02 8.6674e+02 2.0212e+02 4.2383e-03
0.0000e+00 2.0041e+02 5.1679e+01 3.7500e+02 4.2282e-03
0.0000e+00 1.6939e+02 6.3961e+00 2.3440e+02 4.2197e-03
9.0051e+02 1.6486e+02 9.4916e+02 1.8265e+02 4.2036e-03
9.7380e+02 2.7078e+02 1.0427e+03 3.7500e+02 4.1923e-03
8.1361e+02 1.7653e+02 8.3043e+02 2.2585e+02 4.0836e-03
7.9777e+02 1.5786e+02 9.0803e+02 2.3660e+02 4.0728e-03
8.1124e+02 1.8077e+02 8.5194e+02 2.0326e+02 4.0530e-03
1.0116e+03 2.1344e+02 1.1262e+03 2.5428e+02 4.0184e-03
8.3681e+02 1.9211e+02 8.7604e+02 2.3418e+02 4.0155e-03
8.1606e+02 1.7793e+02 8.5364e+02 2.5286e+02 3.9617e-03
1.2368e+03 1.8315e+02 1.2420e+03 2.3352e+02 3.9456e-03
1.2201e+03 3.5165e+02 1.2420e+03 3.7500e+02 3.8884e-03
0.0000e+00 1.2245e+01 1.3503e+02 3.7500e+02 3.8708e-03
1.1859e+03 3.1496e+02 1.2420e+03 3.7500e+02 3.8675e-03
8.0913e+02 1.9239e+02 8.6327e+02 2.2386e+02 3.8046e-03
1.2150e+03 1.7494e+02 1.2420e+03 2.2562e+02 3.7999e-03
1.2174e+03 1.8981e+02 1.2420e+03 2.4123e+02 3.7951e-03
8.1078e+02 1.7802e+02 8.4985e+02 1.9742e+02 3.7345e-03
1.2071e+03 1.6025e+02 1.2420e+03 3.4571e+02 3.7105e-03
8.1885e+02 1.7707e+02 8.4732e+02 2.0162e+02 3.6268e-03
8.1502e+02 1.8984e+02 8.5747e+02 2.2838e+02 3.6081e-03
7.7110e+02 1.4921e+02 9.2038e+02 2.1291e+02 3.5952e-03
8.1645e+02 1.8092e+02 8.4119e+02 2.3149e+02 3.5744e-03
1.0770e+03 1.5433e+02 1.1416e+03 3.0628e+02 3.5286e-03
9.0030e+02 1.6712e+02 9.5065e+02 1.8735e+02 3.4471e-03
5.7492e+00 1.7075e+02 6.7276e+01 3.7354e+02 3.4433e-03
8.3489e+02 1.9213e+02 8.8021e+02 2.2429e+02 3.3185e-03
2.8879e+01 1.5901e+02 6.7750e+01 2.9567e+02 3.2981e-03
8.3538e+02 1.7986e+02 8.9516e+02 2.1972e+02 3.2945e-03
8.2187e+02 1.5658e+02 8.5756e+02 2.2990e+02 3.2936e-03
9.6252e+02 2.4836e+02 1.0767e+03 3.7457e+02 3.2518e-03
9.9717e+02 1.7832e+02 1.1916e+03 2.4789e+02 3.1934e-03
9.5933e+02 2.2027e+02 1.0413e+03 3.6869e+02 3.0976e-03
9.9032e+02 2.6815e+02 1.0560e+03 3.7500e+02 3.0945e-03
5.1428e+00 1.9532e+02 4.5836e+01 3.6628e+02 3.0639e-03
0.0000e+00 2.0813e+02 1.4438e+01 3.4487e+02 3.0541e-03
8.5465e+02 1.6516e+02 9.5709e+02 2.0290e+02 3.0361e-03
7.9463e+02 1.8329e+02 8.5795e+02 2.2842e+02 3.0298e-03
3.8357e+00 1.2315e+02 6.5184e+01 3.5044e+02 2.9719e-03
8.0775e+02 1.8580e+02 8.6365e+02 2.3378e+02 2.9585e-03
9.6683e+02 1.9108e+02 1.1639e+03 2.6577e+02 2.9179e-03
9.6680e+02 2.3654e+02 1.1233e+03 3.4580e+02 2.9023e-03
8.2837e+02 1.5734e+02 8.6521e+02 2.2825e+02 2.8984e-03
0.0000e+00 3.2658e+02 1.3291e+01 3.7500e+02 2.8900e-03
1.2086e+03 1.3968e+02 1.2420e+03 3.0834e+02 2.8887e-03
1.0587e+03 1.6940e+02 1.1291e+03 3.3238e+02 2.8726e-03
1.0076e+03 2.1841e+02 1.1172e+03 2.6025e+02 2.8617e-03
9.7037e+02 3.3364e+02 1.0082e+03 3.7500e+02 2.8606e-03
9.1710e+02 1.6654e+02 9.6914e+02 1.8543e+02 2.8595e-03
0.0000e+00 1.2073e+02 2.9033e+02 3.7500e+02 2.8585e-03
7.7347e+02 1.6262e+02 8.7535e+02 2.4636e+02 2.8425e-03
8.1418e+02 1.8395e+02 8.4037e+02 2.1686e+02 2.8126e-03
8.6099e+02 1.5392e+02 9.6012e+02 1.8617e+02 2.7807e-03
1.2117e+03 2.0111e+02 1.2420e+03 2.4487e+02 2.7569e-03
0.0000e+00 8.6021e+01 2.3296e+01 2.6444e+02 2.7416e-03
1.6266e+01 1.8120e+02 8.3607e+01 3.6651e+02 2.7390e-03
1.2373e+03 2.0210e+02 1.2420e+03 2.5570e+02 2.7372e-03
9.4097e+02 2.7538e+02 1.0171e+03 3.7500e+02 2.7334e-03
8.9594e+02 1.6567e+02 9.4139e+02 1.8536e+02 2.7222e-03
1.2113e+03 2.0885e+02 1.2420e+03 2.5409e+02 2.7154e-03
8.2071e+02 1.7238e+02 8.5087e+02 1.9670e+02 2.7023e-03
0.0000e+00 1.1203e+02 2.0566e+02 3.7500e+02 2.6926e-03
0.0000e+00 7.5614e+01 7.0692e+01 3.7500e+02 2.6873e-03
1.1846e+03 1.8536e+02 1.2420e+03 2.9468e+02 2.6654e-03
9.6381e+02 3.3166e+02 1.0009e+03 3.7500e+02 2.6619e-03
1.0451e+03 2.3570e+02 1.1153e+03 2.5904e+02 2.6603e-03
1.1692e+03 1.3312e+02 1.2420e+03 2.2058e+02 2.6570e-03
1.2302e+03 1.9484e+02 1.2420e+03 2.1981e+02 2.6443e-03
1.0164e+03 9.2011e+01 1.1300e+03 3.5804e+02 2.6408e-03
1.2370e+03 1.7104e+02 1.2420e+03 2.2230e+02 2.6395e-03
9.6806e+02 1.8140e+02 1.0813e+03 3.7500e+02 2.6341e-03
8.2774e+02 1.6510e+02 8.4444e+02 2.1004e+02 2.6208e-03
8.1264e+02 1.7954e+02 8.3814e+02 2.0588e+02 2.6155e-03
1.2269e+03 1.5690e+02 1.2420e+03 2.4563e+02 2.6070e-03
0.0000e+00 3.5725e+02 6.2852e+00 3.7500e+02 2.6027e-03
1.2135e+03 3.5467e+02 1.2420e+03 3.7500e+02 2.5931e-03
1.1386e+03 1.6418e+02 1.2024e+03 3.0854e+02 2.5758e-03
8.3874e+02 1.8007e+02 8.7250e+02 1.9945e+02 2.5737e-03
1.1734e+03 2.1590e+02 1.2420e+03 3.1930e+02 2.5605e-03
1.1148e+03 1.2260e+02 1.2364e+03 3.6697e+02 2.5511e-03
8.1429e+02 1.8194e+02 8.3377e+02 2.3452e+02 2.5398e-03
0.0000e+00 1.9300e+02 5.6439e+00 2.5864e+02 2.5151e-03
9.6320e+02 1.6858e+02 1.2158e+03 3.2068e+02 2.5117e-03
0.0000e+00 2.6058e+02 9.2032e+01 3.7500e+02 2.5052e-03
0.0000e+00 1.6622e+02 2.0081e+01 2.3313e+02 2.3991e-03
1.8489e+01 1.9488e+02 6.4343e+01 3.4835e+02 2.3986e-03
8.4432e+02 1.8063e+02 8.7510e+02 2.5811e+02 2.3784e-03
9.7843e+02 3.3395e+02 1.0163e+03 3.7500e+02 2.3669e-03
7.9866e+02 1.5827e+02 9.5287e+02 2.2555e+02 2.3615e-03
1.1389e+03 2.0059e+02 1.2420e+03 2.8130e+02 2.3607e-03
1.2339e+03 1.9273e+02 1.2420e+03 2.2269e+02 2.3598e-03
1.0063e+03 1.9467e+02 1.1717e+03 2.9160e+02 2.3597e-03
8.3256e+02 1.8353e+02 8.6190e+02 2.3970e+02 2.3510e-03
8.3184e+02 1.4297e+02 8.8411e+02 2.6547e+02 2.3427e-03
0.0000e+00 6.3346e+01 3.0007e+01 2.7327e+02 2.3427e-03
1.0473e+03 2.2933e+02 1.1125e+03 2.5158e+02 2.3426e-03
1.2240e+03 2.5261e+02 1.2420e+03 3.7500e+02 2.3386e-03
7.7527e+02 1.4542e+02 8.8823e+02 2.2147e+02 2.3222e-03
1.2202e+03 1.9547e+02 1.2420e+03 2.5112e+02 2.2998e-03
1.0607e+01 1.9694e+02 5.6114e+01 3.6056e+02 2.2860e-03
1.2093e+03 1.6292e+02 1.2420e+03 2.0639e+02 2.2851e-03
8.1764e+02 1.7360e+02 8.5998e+02 1.9422e+02 2.2802e-03
0.0000e+00 2.6512e+02 1.5917e+02 3.7500e+02 2.2781e-03
1.0183e+03 2.0742e+02 1.1274e+03 2.4674e+02 2.2099e-03
9.1791e+02 1.6577e+02 9.6278e+02 1.8232e+02 2.2077e-03
7.8449e-01 1.8920e+02 3.6756e+01 3.7326e+02 2.2018e-03
8.4018e+02 1.7116e+02 8.5743e+02 2.1170e+02 2.1888e-03
8.4634e+02 1.6514e+02 8.7533e+02 2.3176e+02 2.1834e-03
0.0000e+00 8.7588e+01 1.3554e+01 2.2545e+02 2.1737e-03
1.2355e+03 2.0521e+02 1.2420e+03 2.3318e+02 2.1550e-03
8.1557e+02 2.5964e+02 1.1871e+03 3.7500e+02 2.1499e-03
1.2046e+03 1.0439e+02 1.2420e+03 2.7606e+02 2.1420e-03
8.0598e+02 1.7336e+02 8.4467e+02 1.9358e+02 2.1372e-03
8.2213e+02 1.8657e+02 8.5194e+02 2.3609e+02 2.1225e-03
8.5849e+02 1.7427e+02 8.7412e+02 2.2273e+02 2.1146e-03
7.1090e+02 1.2956e+02 8.8004e+02 1.9134e+02 2.1038e-03
8.5588e+02 1.7406e+02 8.7245e+02 2.1754e+02 2.1014e-03
1.2089e+03 2.1024e+02 1.2420e+03 3.7500e+02 2.0962e-03
0.0000e+00 1.1339e+02 4.9333e+01 3.4994e+02 2.0813e-03
8.1332e+02 1.9760e+02 8.5636e+02 2.3393e+02 2.0747e-03
9.3611e+02 1.8737e+02 1.0494e+03 3.7500e+02 2.0733e-03
9.8635e+02 3.3201e+02 1.0230e+03 3.7500e+02 2.0370e-03
1.2316e+03 2.0329e+02 1.2420e+03 2.2669e+02 2.0325e-03
1.0090e+03 3.1844e+02 1.0312e+03 3.7359e+02 2.0112e-03
1.2298e+03 1.8715e+02 1.2420e+03 2.1164e+02 2.0074e-03
1.0975e+01 1.7671e+02 2.9502e+01 2.5900e+02 2.0046e-03
7.0641e+02 1.4206e+02 8.7021e+02 2.0756e+02 1.9950e-03
1.1850e+03 1.8083e+02 1.2420e+03 2.1998e+02 1.9823e-03
1.2345e+03 2.0120e+02 1.2420e+03 2.2929e+02 1.9751e-03
1.5142e+01 1.3426e+02 8.1041e+01 3.4197e+02 1.9735e-03
8.1292e+02 1.6679e+02 8.5074e+02 1.8698e+02 1.9609e-03
6.9491e+00 1.7233e+02 2.5883e+01 2.5600e+02 1.9579e-03
0.0000e+00 1.8247e+02 2.3919e+01 3.5962e+02 1.9483e-03
1.1809e+03 1.4009e+02 1.2420e+03 2.4260e+02 1.9402e-03
9.4206e+02 2.3670e+02 1.0545e+03 3.6821e+02 1.9260e-03
8.2519e+02 1.6548e+02 8.3910e+02 2.0761e+02 1.9176e-03
8.4396e+02 1.8350e+02 8.7945e+02 2.0742e+02 1.9145e-03
8.1562e+02 1.7666e+02 8.4193e+02 2.0090e+02 1.9081e-03
8.9549e+02 1.6302e+02 9.4073e+02 1.8147e+02 1.8974e-03
9.3347e+02 0.0000e+00 1.2056e+03 3.7500e+02 1.8657e-03
9.5611e+02 2.0680e+02 1.1546e+03 2.7904e+02 1.8629e-03
1.2326e+03 2.0745e+02 1.2420e+03 2.3018e+02 1.8593e-03
1.0350e+03 2.2951e+02 1.0994e+03 2.5258e+02 1.8428e-03
8.9876e+02 1.6906e+02 9.4530e+02 1.9056e+02 1.8402e-03
0.0000e+00 1.8209e+02 2.0341e+01 2.4959e+02 1.8299e-03
1.0394e+03 1.7276e+02 1.1491e+03 2.1188e+02 1.8242e-03
1.2077e+03 2.1426e+02 1.2420e+03 2.6196e+02 1.8164e-03
8.2637e+02 1.7299e+02 8.6537e+02 1.9466e+02 1.8120e-03
1.0062e+03 2.6545e+02 1.0728e+03 3.7500e+02 1.8027e-03
1.2334e+03 1.8473e+02 1.2420e+03 2.1508e+02 1.7751e-03
1.2255e+03 2.0453e+02 1.2420e+03 3.1554e+02 1.7737e-03
0.0000e+00 2.1274e+02 5.6247e+00 2.7954e+02 1.7671e-03
7.5868e+02 1.5080e+02 8.4966e+02 1.8767e+02 1.7402e-03
4.4209e+01 1.8363e+02 8.2827e+01 3.1238e+02 1.7287e-03
1.0101e+03 1.7243e+02 1.1086e+03 2.1229e+02 1.7249e-03
9.2496e+02 1.6485e+02 9.7081e+02 1.8237e+02 1.7223e-03
1.0327e+03 2.0981e+02 1.1552e+03 2.5838e+02 1.7103e-03
1.2325e+03 2.1103e+02 1.2420e+03 2.3474e+02 1.6936e-03
8.1474e+02 1.7212e+02 8.4084e+02 1.9545e+02 1.6822e-03
1.0415e+03 1.7503e+02 1.1185e+03 3.3866e+02 1.6787e-03
1.1825e+03 1.5860e+02 1.2420e+03 2.5920e+02 1.6783e-03
8.2212e+02 1.6419e+02 8.3569e+02 2.0582e+02 1.6657e-03
0.0000e+00 1.5613e+02 6.0955e+00 2.2326e+02 1.6319e-03
9.5613e+02 3.3217e+02 9.9284e+02 3.7500e+02 1.6269e-03
2.5873e+01 1.9762e+02 7.2077e+01 3.4582e+02 1.6109e-03
8.1536e+02 1.5442e+02 8.5055e+02 2.3216e+02 1.6102e-03
0.0000e+00 3.1819e+02 4.3085e+01 3.7500e+02 1.6021e-03
9.4349e+02 2.2067e+02 1.0249e+03 3.7238e+02 1.6005e-03
1.2196e+03 2.0807e+02 1.2420e+03 2.7072e+02 1.5985e-03
8.0926e+02 1.8876e+02 8.5069e+02 2.1768e+02 1.5974e-03
1.0446e+03 2.6091e+02 1.2420e+03 3.7052e+02 1.5972e-03
1.2248e+03 2.2272e+02 1.2420e+03 3.4649e+02 1.5952e-03
7.6230e+02 1.5719e+02 8.4884e+02 1.9363e+02 1.5821e-03
1.2322e+03 2.1535e+02 1.2420e+03 2.4012e+02 1.5805e-03
1.3235e+01 2.3099e+02 8.4835e+01 3.7500e+02 1.5505e-03
1.0698e+03 1.2248e+02 1.2420e+03 2.8302e+02 1.5328e-03
8.0141e+02 1.4747e+02 9.6762e+02 2.1021e+02 1.5151e-03
1.2348e+03 2.1308e+02 1.2420e+03 2.4350e+02 1.5140e-03
8.0446e+02 1.6970e+02 8.4577e+02 1.9051e+02 1.4685e-03
7.9439e+02 1.2244e+02 8.4931e+02 2.5536e+02 1.4562e-03
1.0449e+03 1.6615e+02 1.1470e+03 2.0411e+02 1.4427e-03
8.5095e+02 1.8211e+02 8.7588e+02 2.1550e+02 1.4343e-03
7.8867e+02 1.6713e+02 8.5948e+02 2.0340e+02 1.4312e-03
3.6611e+01 1.6056e+02 7.4665e+01 2.9123e+02 1.4274e-03
0.0000e+00 1.7645e+02 4.6585e+01 2.4574e+02 1.4216e-03
1.2309e+03 1.8015e+02 1.2420e+03 2.0360e+02 1.3964e-03
7.3366e+02 1.6621e+02 8.8050e+02 2.4270e+02 1.3963e-03
7.3853e+02 1.3147e+02 9.1166e+02 1.9312e+02 1.3874e-03
9.9501e+02 3.3196e+02 1.0293e+03 3.7500e+02 1.3871e-03
8.2641e+02 1.6916e+02 8.6460e+02 1.9054e+02 1.3871e-03
8.2126e+02 1.6897e+02 8.5224e+02 1.9272e+02 1.3817e-03
9.5568e+02 3.5188e+02 1.0225e+03 3.7500e+02 1.3598e-03
1.0961e+03 2.5247e+02 1.2420e+03 3.6646e+02 1.3350e-03
0.0000e+00 1.7333e+02 5.1502e+01 3.7500e+02 1.3324e-03
3.8197e+00 1.7118e+02 2.1101e+01 2.5602e+02 1.3279e-03
1.1757e+03 2.2463e+02 1.2251e+03 3.3883e+02 1.3240e-03
8.1715e+02 1.2390e+02 8.8108e+02 2.5107e+02 1.3104e-03
1.1869e+03 2.1836e+02 1.2290e+03 3.4690e+02 1.3079e-03
9.8166e+02 1.5806e+02 1.1617e+03 2.3020e+02 1.2999e-03
1.1731e+03 1.1549e+02 1.2420e+03 2.0541e+02 1.2904e-03
1.0243e+03 1.3959e+02 1.1267e+03 3.7500e+02 1.2458e-03
6.8504e+02 1.2631e+02 8.5122e+02 1.8986e+02 1.2454e-03
1.1390e+03 1.8971e+02 1.2420e+03 2.6216e+02 1.2452e-03
8.4947e+02 1.5230e+02 9.4171e+02 1.8589e+02 1.2409e-03
5.1150e+00 1.8479e+02 5.5983e+01 2.5338e+02 1.2339e-03
8.7615e+02 1.6051e+02 9.7583e+02 1.9518e+02 1.2290e-03
1.0468e+03 2.2516e+02 1.1121e+03 2.4739e+02 1.2244e-03
0.0000e+00 1.9802e+02 1.9270e+01 2.6555e+02 1.2236e-03
0.0000e+00 2.2311e+02 3.1006e+01 3.7500e+02 1.2209e-03
0.0000e+00 1.5056e+02 1.9898e+01 2.1723e+02 1.2186e-03
9.1754e+02 3.1521e+02 1.0543e+03 3.7500e+02 1.2173e-03
1.2024e+03 0.0000e+00 1.2420e+03 8.1872e+01 1.2150e-03
0.0000e+00 1.7315e+02 2.8457e+01 2.2264e+02 1.2097e-03
1.1314e+03 2.0868e+02 1.2420e+03 3.0071e+02 1.1985e-03
1.1685e+03 0.0000e+00 1.2420e+03 3.4762e+01 1.1920e-03
9.9662e+02 2.1341e+02 1.1054e+03 2.5244e+02 1.1811e-03
1.2345e+03 2.2689e+02 1.2420e+03 2.6090e+02 1.1625e-03
1.0304e+03 2.3248e+02 1.0898e+03 2.5594e+02 1.1468e-03
1.2273e+03 1.4003e+02 1.2420e+03 2.2999e+02 1.1391e-03
1.0375e+03 2.1781e+02 1.1530e+03 2.7819e+02 1.1336e-03
1.4980e+01 1.7789e+02 3.3228e+01 2.5770e+02 1.1325e-03
0.0000e+00 2.3703e+02 1.4792e+01 3.7292e+02 1.1322e-03
7.4359e+02 1.4924e+02 8.3738e+02 1.8865e+02 1.1286e-03
1.2247e+03 1.6972e+02 1.2405e+03 2.3496e+02 1.1278e-03
9.8737e+02 2.1977e+02 1.0968e+03 2.5916e+02 1.1271e-03
1.2198e+03 1.7145e+02 1.2372e+03 2.3401e+02 1.1067e-03
8.3807e+02 1.7376e+02 9.0278e+02 2.1082e+02 1.1034e-03
1.0210e+03 2.6480e+02 1.0900e+03 3.7500e+02 1.1028e-03
1.1277e+03 1.9352e+02 1.1643e+03 2.8471e+02 1.0985e-03
9.2527e+02 2.7905e+02 1.0021e+03 3.7500e+02 1.0872e-03
1.0788e+03 1.9710e+02 1.1174e+03 2.8934e+02 1.0863e-03
1.2116e+03 1.7748e+02 1.2301e+03 2.3566e+02 1.0780e-03
1.2312e+03 2.1865e+02 1.2420e+03 2.4476e+02 1.0735e-03
1.2154e+03 1.7241e+02 1.2338e+03 2.3318e+02 1.0691e-03
0.0000e+00 1.4610e+02 4.3704e+01 2.7074e+02 1.0687e-03
1.0459e+03 2.1988e+02 1.1109e+03 2.4350e+02 1.0680e-03
1.2098e+03 1.5460e+02 1.2420e+03 1.9724e+02 1.0539e-03
1.2345e+03 2.1988e+02 1.2420e+03 2.5217e+02 1.0449e-03
1.2183e+03 1.5944e+02 1.2420e+03 2.1185e+02 1.0428e-03
1.1925e+03 2.0791e+02 1.2420e+03 3.3102e+02 1.0380e-03
6.6240e+00 2.0074e+02 5.6983e+01 2.7071e+02 1.0290e-03
1.2338e+03 1.7809e+02 1.2420e+03 2.0716e+02 1.0269e-03
1.1866e+03 1.7302e+02 1.2392e+03 3.5063e+02 1.0202e-03
1.0717e+03 1.9529e+02 1.1113e+03 2.9093e+02 1.0136e-03
8.0888e+02 1.5972e+02 8.8085e+02 1.9212e+02 1.0134e-03
1.1606e+03 4.1593e+01 1.2420e+03 3.4468e+02 1.0076e-03
7.4530e+02 1.5589e+02 8.3518e+02 1.9583e+02 1.0051e-03
1.0821e+03 2.0989e+02 1.2073e+03 2.6048e+02 1.0008e-03
7.9547e+02 1.6956e+02 9.3952e+02 2.4154e+02 9.9865e-04
1.2078e+03 1.7837e+02 1.2256e+03 2.3369e+02 9.9538e-04
9.0371e+02 1.9536e+02 1.0251e+03 3.7500e+02 9.8799e-04
0.0000e+00 3.5031e+02 2.0818e+01 3.7500e+02 9.8624e-04
1.0072e+03 1.6047e+02 1.2028e+03 2.3317e+02 9.8459e-04
1.2315e+03 1.7622e+02 1.2420e+03 1.9975e+02 9.8275e-04
1.2300e+03 2.2943e+02 1.2420e+03 2.5706e+02 9.7947e-04
3.8663e-01 1.9162e+02 4.7216e+01 2.6275e+02 9.7446e-04
1.2041e+03 6.5193e+01 1.2420e+03 2.4724e+02 9.6856e-04
0.0000e+00 1.8893e+02 2.8961e+01 2.3887e+02 9.6824e-04
8.1703e+02 1.9292e+02 8.4151e+02 2.3427e+02 9.5634e-04
9.6183e+02 1.7481e+02 1.1544e+03 2.4707e+02 9.5559e-04
8.8429e+02 1.6501e+02 9.3361e+02 1.8272e+02 9.5084e-04
9.0540e+02 1.6224e+02 9.5121e+02 1.7830e+02 9.4557e-04
1.0511e+03 2.0242e+02 1.1648e+03 2.4667e+02 9.4361e-04
9.4772e+02 2.7578e+02 1.0852e+03 3.7500e+02 9.3911e-04
8.5118e+02 1.7098e+02 8.6928e+02 2.1435e+02 9.3760e-04
8.3954e+02 1.8906e+02 8.8738e+02 2.3466e+02 9.3702e-04
7.7967e+02 1.5490e+02 8.3272e+02 1.7885e+02 9.3103e-04
1.2612e+01 2.0772e+02 6.6364e+01 2.7931e+02 9.2950e-04
9.9834e+02 2.2531e+02 1.1068e+03 2.6484e+02 9.2742e-04
7.4600e+02 1.4730e+02 8.5796e+02 2.3431e+02 9.1844e-04
1.2351e+03 3.5643e+02 1.2420e+03 3.7500e+02 9.1603e-04
7.9115e+02 1.5906e+02 8.6654e+02 1.9338e+02 9.1377e-04
8.1332e+02 2.0425e+02 8.5060e+02 2.3246e+02 9.1324e-04
1.1772e+03 2.6204e+02 1.2420e+03 3.6641e+02 8.9912e-04
1.1205e+03 1.9127e+02 1.1558e+03 2.8463e+02 8.9893e-04
9.9011e+02 1.7101e+02 1.0936e+03 2.1273e+02 8.9346e-04
0.0000e+00 3.6815e+02 1.0266e+01 3.7500e+02 8.9214e-04
1.2122e+03 1.9442e+02 1.2401e+03 3.1329e+02 8.9187e-04
9.4125e+02 3.5137e+02 1.0091e+03 3.7500e+02 8.8253e-04
1.2373e+03 1.4196e+02 1.2420e+03 1.9476e+02 8.7782e-04
8.1791e+02 1.6344e+02 8.3237e+02 2.0596e+02 8.7680e-04
1.1562e+01 1.9321e+02 6.5440e+01 2.6111e+02 8.7328e-04
1.2363e+03 2.2352e+02 1.2420e+03 2.8698e+02 8.6298e-04
1.0403e+03 1.8002e+02 1.1494e+03 2.1856e+02 8.5567e-04
0.0000e+00 1.4305e+02 5.7954e+00 2.1179e+02 8.5289e-04
0.0000e+00 0.0000e+00 3.2351e+01 8.0574e+01 8.5133e-04
9.4809e+02 3.1529e+02 1.0877e+03 3.7500e+02 8.5103e-04
1.0026e+03 3.1907e+02 1.0241e+03 3.7219e+02 8.5095e-04
1.0535e+03 1.9677e+02 1.1603e+03 2.3584e+02 8.4736e-04
1.1560e+03 1.8352e+02 1.2420e+03 2.1981e+02 8.4604e-04
8.4792e+02 1.9047e+02 8.7682e+02 2.2792e+02 8.4264e-04
1.2259e+03 0.0000e+00 1.2420e+03 4.6684e+01 8.4155e-04
8.0342e+02 1.7710e+02 8.4291e+02 1.9784e+02 8.3362e-04
1.1629e+03 2.7744e+02 1.2375e+03 3.7500e+02 8.2463e-04
1.2321e+03 3.6779e+02 1.2420e+03 3.7500e+02 8.1937e-04
7.7604e+02 1.5275e+02 8.6067e+02 1.8669e+02 8.1717e-04
8.4402e+02 1.7852e+02 8.7366e+02 2.0316e+02 8.1667e-04
4.5867e+00 1.7166e+02 5.5189e+01 2.3696e+02 8.1565e-04
1.0350e+03 2.6881e+02 1.1055e+03 3.7500e+02 8.1465e-04
1.2006e+03 2.0503e+02 1.2340e+03 3.2626e+02 8.1463e-04
1.0518e+03 2.0665e+02 1.1758e+03 2.6031e+02 8.1080e-04
1.0521e+03 2.2203e+02 1.0689e+03 2.6684e+02 8.0964e-04
8.2976e+02 1.8530e+02 8.6357e+02 2.6459e+02 8.0317e-04
0.0000e+00 2.1360e+02 1.9255e+01 2.8215e+02 8.0274e-04
8.4047e+02 1.5842e+02 9.3436e+02 1.9300e+02 8.0113e-04
1.1422e+01 1.9447e+02 2.9349e+01 2.8087e+02 7.9577e-04
9.6750e+02 2.9932e+02 1.1748e+03 3.6712e+02 7.8998e-04
1.1721e+03 1.8896e+02 1.2420e+03 2.2465e+02 7.8681e-04
9.6199e+02 3.2127e+02 1.0520e+03 3.7500e+02 7.8472e-04
9.2039e+02 1.6928e+02 9.7631e+02 1.8904e+02 7.7791e-04
1.0207e+03 2.3058e+02 1.1296e+03 2.8161e+02 7.7737e-04
7.9465e+02 1.7740e+02 8.4566e+02 2.2388e+02 7.7640e-04
9.3360e+02 2.4491e+02 1.0760e+03 3.5676e+02 7.7630e-04
1.2372e+03 1.5811e+02 1.2420e+03 2.1149e+02 7.7566e-04
0.0000e+00 1.2469e+02 8.8358e+01 3.4832e+02 7.7535e-04
7.6499e+02 1.6371e+02 8.4733e+02 2.0202e+02 7.7342e-04
0.0000e+00 0.0000e+00 6.6546e+01 1.5542e+02 7.7313e-04
7.9489e+02 1.6021e+02 8.4369e+02 1.8258e+02 7.7004e-04
1.1993e+03 2.1021e+02 1.2312e+03 3.6224e+02 7.6845e-04
8.0204e+02 1.6571e+02 8.4573e+02 1.8683e+02 7.6430e-04
8.1396e+02 1.6677e+02 8.2975e+02 2.1195e+02 7.5994e-04
0.0000e+00 3.2703e+02 5.5579e+01 3.7500e+02 7.5252e-04
8.1222e+02 1.8798e+02 8.4282e+02 2.2331e+02 7.5205e-04
1.0582e+03 1.8119e+02 1.1655e+03 2.2128e+02 7.5121e-04
1.0956e+01 1.7747e+02 6.4819e+01 2.4405e+02 7.4827e-04
1.1794e+03 0.0000e+00 1.2420e+03 4.3777e+01 7.4761e-04
0.0000e+00 1.7385e+02 1.1098e+01 2.5814e+02 7.4742e-04
0.0000e+00 1.9217e+02 8.3797e+00 2.2335e+02 7.4664e-04
1.4680e+00 2.0775e+02 4.8173e+01 2.8040e+02 7.4590e-04
1.0051e+03 3.1227e+02 1.0287e+03 3.6883e+02 7.4565e-04
8.2646e+02 1.6736e+02 9.0155e+02 2.0316e+02 7.4404e-04
0.0000e+00 6.3280e+01 1.2886e+01 2.0256e+02 7.3517e-04
0.0000e+00 1.8432e+02 8.5170e+00 2.1547e+02 7.3425e-04
1.0277e+01 1.1220e+02 5.1055e+01 2.5763e+02 7.2911e-04
9.6993e+02 3.5070e+02 1.0388e+03 3.7500e+02 7.2514e-04
8.1039e+02 1.8097e+02 8.3597e+02 2.1120e+02 7.2292e-04
1.0567e+03 2.2119e+02 1.0726e+03 2.6560e+02 7.2137e-04
7.8953e+00 1.9354e+02 2.5677e+01 2.8269e+02 7.2063e-04
1.1831e+03 2.0818e+02 1.2399e+03 3.7500e+02 7.1976e-04
1.0472e+03 1.5872e+02 1.1486e+03 1.9715e+02 7.1895e-04
7.3943e+02 1.3745e+02 8.6132e+02 2.1830e+02 7.1886e-04
8.3121e+02 1.6584e+02 8.6896e+02 1.8560e+02 7.1824e-04
7.9264e+02 1.5595e+02 8.4343e+02 1.7910e+02 7.1811e-04
9.4831e+02 3.3416e+02 9.8431e+02 3.7500e+02 7.1762e-04
1.0914e+03 2.1964e+02 1.1993e+03 2.7408e+02 7.1534e-04
7.8440e+02 1.5922e+02 8.3387e+02 1.8209e+02 7.1352e-04
0.0000e+00 1.7923e+02 4.3365e+01 3.0314e+02 7.1334e-04
8.5488e+02 1.6913e+02 8.8109e+02 2.3992e+02 7.1304e-04
8.3689e+02 1.6969e+02 8.7261e+02 1.9086e+02 7.0725e-04
8.1299e+02 1.9574e+02 8.4666e+02 2.3092e+02 7.0294e-04
1.1218e+03 1.5719e+02 1.1880e+03 3.0024e+02 6.9806e-04
1.2324e+03 1.5582e+02 1.2420e+03 1.7950e+02 6.9800e-04
1.2256e+03 2.9048e+02 1.2420e+03 3.7500e+02 6.9371e-04
8.3615e+02 1.7299e+02 8.7224e+02 1.9557e+02 6.9266e-04
1.1853e+03 1.0435e+02 1.2420e+03 2.1632e+02 6.8945e-04
8.3833e+02 1.5692e+02 8.7351e+02 2.2657e+02 6.8604e-04
1.0350e+03 2.2523e+02 1.0989e+03 2.4795e+02 6.8061e-04
1.0606e+01 1.6247e+02 2.9424e+01 2.4099e+02 6.8005e-04
1.1075e+03 0.0000e+00 1.2420e+03 3.5180e+02 6.7979e-04
7.9570e+02 1.6550e+02 8.5198e+02 2.0834e+02 6.7905e-04
1.2283e+03 1.7415e+02 1.2420e+03 2.4227e+02 6.7820e-04
9.1188e+02 1.4737e+02 9.2629e+02 1.8849e+02 6.7761e-04
4.9532e-01 2.2932e+02 4.8187e+01 3.7500e+02 6.7445e-04
6.0637e-01 1.6992e+02 1.6406e+01 2.5652e+02 6.7309e-04
1.1351e+03 1.9418e+02 1.1715e+03 2.8490e+02 6.6361e-04
1.0151e+03 1.8018e+02 1.1175e+03 2.1797e+02 6.5780e-04
1.9270e+01 2.0283e+02 7.3091e+01 2.6950e+02 6.5433e-04
0.0000e+00 2.2271e+02 5.3181e+00 2.9320e+02 6.5405e-04
8.1460e+02 1.9680e+02 8.7385e+02 2.4043e+02 6.5303e-04
9.3483e+02 3.5460e+02 1.0255e+03 3.7500e+02 6.5267e-04
5.9485e+00 2.1486e+02 5.8547e+01 2.8890e+02 6.5164e-04
5.4318e+01 1.8817e+02 9.0311e+01 3.0981e+02 6.4931e-04
0.0000e+00 1.6677e+02 3.8896e+01 2.3968e+02 6.4696e-04
1.2371e+03 0.0000e+00 1.2420e+03 2.3286e+01 6.4636e-04
8.4755e+02 1.6544e+02 8.6435e+02 2.1333e+02 6.4469e-04
8.0712e+02 1.7988e+02 8.4333e+02 2.0258e+02 6.4314e-04
2.7982e+01 1.8721e+02 9.6822e+01 3.6032e+02 6.4125e-04
1.2320e+03 1.7188e+02 1.2420e+03 1.9559e+02 6.3739e-04
8.2016e+02 1.6706e+02 8.5866e+02 1.8752e+02 6.3457e-04
9.0954e+02 1.4608e+02 9.2263e+02 1.8875e+02 6.3420e-04
8.4405e+02 1.6602e+02 8.5944e+02 2.1107e+02 6.3344e-04
7.7576e+02 1.1676e+02 8.3308e+02 2.6356e+02 6.3147e-04
1.0306e+03 1.8126e+02 1.2365e+03 2.5049e+02 6.3124e-04
1.0039e+03 3.3188e+02 1.0368e+03 3.7500e+02 6.3047e-04
1.1031e+03 1.0617e+02 1.2420e+03 3.0078e+02 6.2972e-04
1.1447e+03 2.7293e+02 1.2222e+03 3.7500e+02 6.2637e-04
0.0000e+00 1.3364e+02 1.9632e+01 2.0140e+02 6.2397e-04
7.4868e+02 1.6274e+02 8.3477e+02 2.0370e+02 6.2000e-04
8.8632e+02 3.2362e+02 1.0686e+03 3.7500e+02 6.1942e-04
9.8442e+02 2.7701e+02 1.0315e+03 3.7500e+02 6.1912e-04
1.1781e+03 2.1442e+02 1.2237e+03 3.1823e+02 6.1879e-04
1.0607e+03 2.2097e+02 1.0767e+03 2.6563e+02 6.1822e-04
8.6145e+02 1.7557e+02 8.7681e+02 2.2397e+02 6.1303e-04
0.0000e+00 1.8173e+02 3.9413e+01 2.5579e+02 6.0899e-04
1.2044e+03 1.7638e+02 1.2212e+03 2.2901e+02 6.0676e-04
1.2328e+03 1.5949e+02 1.2420e+03 1.8365e+02 5.9988e-04
1.2119e+03 3.2843e+02 1.2420e+03 3.7500e+02 5.9911e-04
8.9010e+02 1.6771e+02 9.3910e+02 1.8954e+02 5.9816e-04
0.0000e+00 2.0500e+02 2.8135e+01 2.5491e+02 5.9619e-04
1.2126e+03 1.4690e+02 1.2420e+03 1.8911e+02 5.9164e-04
7.6844e+02 1.3244e+02 9.5340e+02 1.9296e+02 5.8831e-04
1.1340e+03 2.4627e+02 1.2403e+03 3.0427e+02 5.8789e-04
1.1090e+03 1.9189e+02 1.2420e+03 2.7293e+02 5.8598e-04
1.2134e+03 2.2854e+02 1.2420e+03 2.7778e+02 5.8279e-04
0.0000e+00 1.5724e+02 2.8289e+01 2.0763e+02 5.8204e-04
8.9618e+02 1.5927e+02 9.3827e+02 1.7710e+02 5.8127e-04
9.9404e+02 2.9444e+02 1.0357e+03 3.7500e+02 5.8073e-04
1.0191e+03 1.9878e+02 1.1253e+03 2.3724e+02 5.7961e-04
1.1585e+03 0.0000e+00 1.2420e+03 1.7517e+02 5.7806e-04
0.0000e+00 7.1900e+01 4.5611e+01 3.0395e+02 5.7614e-04
1.0409e+03 1.7908e+02 1.0937e+03 2.0382e+02 5.7289e-04
1.2106e+03 1.8344e+02 1.2385e+03 2.8217e+02 5.7218e-04
8.2213e+02 1.4475e+02 1.0021e+03 2.0927e+02 5.6821e-04
5.8146e+00 2.3224e+02 6.8282e+01 3.7500e+02 5.6449e-04
7.5652e+02 1.1183e+02 8.1952e+02 2.7312e+02 5.6348e-04
1.0416e+03 2.3101e+02 1.0825e+03 2.5855e+02 5.6095e-04
6.7573e+00 1.5554e+02 2.5903e+01 2.4045e+02 5.6023e-04
1.2348e+03 1.5352e+02 1.2420e+03 1.8288e+02 5.5961e-04
1.9326e+01 2.1625e+02 7.5362e+01 2.8788e+02 5.5615e-04
1.2197e+03 1.4978e+02 1.2420e+03 2.0326e+02 5.5582e-04
8.0878e+02 1.5984e+02 8.6539e+02 1.9817e+02 5.5295e-04
0.0000e+00 1.9158e+02 7.3282e+01 2.3905e+02 5.5058e-04
4.0899e+01 1.9586e+02 8.5356e+01 3.3236e+02 5.5026e-04
1.1578e+03 1.6337e+02 1.2203e+03 3.0589e+02 5.4986e-04
8.1525e+02 1.9442e+02 8.3520e+02 2.3509e+02 5.4865e-04
0.0000e+00 1.9999e+02 8.0875e+00 2.3136e+02 5.4744e-04
9.5674e+02 3.3453e+02 1.0476e+03 3.7457e+02 5.4163e-04
1.1962e+03 2.3986e+02 1.2420e+03 3.6675e+02 5.4080e-04
8.0208e+02 1.4427e+02 8.2134e+02 1.9126e+02 5.3894e-04
9.1675e+02 3.2422e+02 1.1041e+03 3.7500e+02 5.3877e-04
1.0111e+03 2.3992e+02 1.1033e+03 3.7207e+02 5.3808e-04
1.2250e+03 1.8876e+02 1.2406e+03 2.4529e+02 5.3807e-04
8.3432e+02 1.6502e+02 9.2507e+02 2.0289e+02 5.3633e-04
1.0644e+03 2.2080e+02 1.0810e+03 2.6602e+02 5.3598e-04
9.7492e+02 2.8069e+02 1.0227e+03 3.7500e+02 5.3591e-04
1.0291e+03 1.6680e+02 1.1234e+03 2.0447e+02 5.3508e-04
1.0683e+03 2.2092e+02 1.0850e+03 2.6591e+02 5.3407e-04
1.0228e+03 2.3177e+02 1.1420e+03 2.9711e+02 5.3370e-04
9.9265e+02 1.6542e+02 1.0911e+03 2.0561e+02 5.3161e-04
0.0000e+00 1.3557e+02 1.5344e+02 3.1868e+02 5.3133e-04
7.9763e+02 1.4364e+02 8.1857e+02 1.9267e+02 5.2990e-04
1.0653e+03 1.9730e+02 1.1012e+03 2.8743e+02 5.2842e-04
9.1323e+02 1.6934e+02 9.6635e+02 1.8799e+02 5.2676e-04
1.1879e+03 2.0493e+02 1.2284e+03 3.1197e+02 5.2449e-04
9.2139e+02 2.5629e+02 1.0384e+03 3.7500e+02 5.2378e-04
1.2228e+03 2.2196e+02 1.2420e+03 2.8482e+02 5.2364e-04
1.0674e+03 2.0850e+02 1.0850e+03 2.5367e+02 5.2174e-04
1.2332e+03 1.6350e+02 1.2420e+03 1.8769e+02 5.2153e-04
1.1032e+03 1.9431e+02 1.1397e+03 2.8836e+02 5.2011e-04
1.1900e+03 1.9412e+02 1.2420e+03 2.3371e+02 5.1785e-04
1.1315e+03 2.2131e+02 1.2375e+03 2.7252e+02 5.1707e-04
8.7970e+02 1.6340e+02 9.2834e+02 1.8027e+02 5.1407e-04
1.1116e+03 1.9380e+02 1.1475e+03 2.8673e+02 5.1243e-04
2.9777e+01 1.4360e+02 9.6217e+01 3.3631e+02 5.0983e-04
1.0128e+03 3.2784e+02 1.0332e+03 3.7500e+02 5.0856e-04
4.4045e+01 1.6337e+02 8.1922e+01 2.8899e+02 5.0827e-04
0.0000e+00 2.1330e+02 2.6943e+01 2.6273e+02 5.0685e-04
1.2345e+03 1.6976e+02 1.2420e+03 1.9891e+02 5.0305e-04
8.6811e+02 1.5598e+02 9.3767e+02 1.9955e+02 5.0244e-04
1.0874e+03 1.9178e+02 1.1238e+03 2.8747e+02 4.9912e-04
1.0487e+03 2.3099e+02 1.0919e+03 2.5851e+02 4.9829e-04
1.0516e+03 1.8788e+02 1.1567e+03 2.2843e+02 4.9641e-04
1.2043e+03 3.2785e+02 1.2373e+03 3.7500e+02 4.9223e-04
0.0000e+00 1.3183e+02 5.9629e+00 1.9968e+02 4.9133e-04
9.6607e+02 0.0000e+00 1.2420e+03 1.2912e+02 4.9096e-04
1.2279e+03 1.2324e+02 1.2420e+03 2.1706e+02 4.8959e-04
1.1878e+03 1.7373e+02 1.2420e+03 2.1366e+02 4.8878e-04
8.3873e+02 1.6637e+02 8.7714e+02 1.8547e+02 4.8854e-04
1.4656e+01 2.1708e+02 6.7642e+01 3.6593e+02 4.8691e-04
1.5561e+01 1.9538e+02 3.3350e+01 2.7904e+02 4.8517e-04
6.8533e+02 1.5211e+02 8.6005e+02 2.2765e+02 4.7743e-04
0.0000e+00 3.4148e+01 2.8078e+01 2.3832e+02 4.7682e-04
7.9826e+02 1.3985e+02 9.1833e+02 2.2120e+02 4.7414e-04
2.6381e+01 2.1133e+02 8.0963e+01 2.7645e+02 4.7290e-04
6.4989e+02 1.2410e+02 8.2732e+02 1.9122e+02 4.6867e-04
8.9531e+02 1.7869e+02 1.1605e+03 3.5843e+02 4.6786e-04
7.5212e+02 1.4310e+02 8.5193e+02 1.7948e+02 4.6640e-04
9.5646e+02 3.2319e+02 1.1688e+03 3.7500e+02 4.6599e-04
8.1191e+02 2.0681e+02 8.4335e+02 2.3080e+02 4.6425e-04
8.0791e+02 1.7552e+02 8.3498e+02 2.0064e+02 4.6365e-04
1.2162e+03 1.7981e+02 1.2420e+03 2.8110e+02 4.6335e-04
9.8906e+02 2.6658e+02 1.0446e+03 3.6736e+02 4.6310e-04
8.1463e+02 1.5274e+02 9.3643e+02 2.3493e+02 4.6091e-04
0.0000e+00 0.0000e+00 1.4603e+01 5.2480e+01 4.6080e-04
1.1747e+03 1.6624e+02 1.2338e+03 3.0999e+02 4.5814e-04
8.9114e+02 3.2009e+02 1.0250e+03 3.7500e+02 4.5618e-04
0.0000e+00 2.8533e+02 4.7146e+01 3.7500e+02 4.5614e-04
1.1964e+03 3.3102e+02 1.2301e+03 3.7500e+02 4.5459e-04
1.0423e+03 2.3866e+02 1.1172e+03 2.6380e+02 4.5134e-04
9.7866e+02 3.1247e+02 1.1339e+03 3.7500e+02 4.5075e-04
0.0000e+00 1.7628e+02 8.7190e+00 2.0752e+02 4.4783e-04
1.0148e+03 1.6590e+02 1.1087e+03 2.0592e+02 4.4689e-04
1.1361e+03 2.3362e+02 1.2413e+03 2.9211e+02 4.4540e-04
1.2352e+03 1.6131e+02 1.2420e+03 1.9093e+02 4.4482e-04
9.4904e+02 2.9741e+02 1.1264e+03 3.7500e+02 4.4478e-04
9.6977e+02 2.9722e+02 1.0110e+03 3.7500e+02 4.4466e-04
8.4831e+02 2.5890e+02 1.0823e+03 3.7500e+02 4.4408e-04
8.3052e+02 1.6106e+02 8.4973e+02 2.0345e+02 4.4343e-04
0.0000e+00 1.1725e+02 4.0382e+01 2.3730e+02 4.4274e-04
8.1065e+02 1.7580e+02 8.2729e+02 2.2602e+02 4.4272e-04
8.0484e+02 1.6622e+02 8.3147e+02 2.3730e+02 4.4157e-04
8.2460e+02 1.4655e+02 8.5581e+02 2.1664e+02 4.4139e-04
0.0000e+00 1.8383e+02 6.3361e+01 2.3113e+02 4.4122e-04
8.0381e+02 2.0360e+02 8.8148e+02 2.4077e+02 4.4002e-04
1.1436e+03 1.9049e+02 1.2409e+03 2.2512e+02 4.3969e-04
7.9453e+02 1.5036e+02 8.1375e+02 2.0042e+02 4.3288e-04
0.0000e+00 2.4924e+02 2.5265e+01 3.7500e+02 4.3189e-04
1.2347e+03 2.3372e+02 1.2420e+03 2.6827e+02 4.2847e-04
1.0555e+03 2.3042e+02 1.1010e+03 2.5794e+02 4.2797e-04
9.1578e+02 1.6312e+02 9.6048e+02 1.7865e+02 4.2748e-04
0.0000e+00 1.7299e+02 2.9073e+01 2.4612e+02 4.2573e-04
8.0830e+02 1.5191e+02 8.4054e+02 2.2707e+02 4.2462e-04
1.0106e+00 2.0831e+02 8.3856e+01 2.5461e+02 4.2261e-04
1.0179e+03 1.8758e+02 1.1273e+03 2.2604e+02 4.2199e-04
1.0967e+03 0.0000e+00 1.2420e+03 6.2113e+01 4.2128e-04
8.2074e+02 1.5847e+02 9.0282e+02 1.9199e+02 4.2103e-04
1.0602e+03 1.7425e+02 1.1715e+03 2.1387e+02 4.2090e-04
1.0814e-01 2.0034e+02 8.3209e+01 2.4621e+02 4.1888e-04
1.0008e+03 1.7860e+02 1.0995e+03 2.1712e+02 4.1777e-04
1.2022e+03 1.9443e+02 1.2328e+03 2.9391e+02 4.1748e-04
1.2099e+03 0.0000e+00 1.2420e+03 1.5344e+01 4.1737e-04
1.2187e+03 3.2548e+02 1.2420e+03 3.7222e+02 4.1654e-04
1.0434e+03 2.1022e+02 1.1385e+03 2.6804e+02 4.1543e-04
1.2107e+03 1.9916e+02 1.2369e+03 3.7454e+02 4.1223e-04
1.8356e+01 1.8736e+02 7.2793e+01 2.5193e+02 4.1195e-04
1.2200e+03 1.9059e+02 1.2365e+03 2.4190e+02 4.1104e-04
1.0070e+03 3.2451e+02 1.0278e+03 3.7500e+02 4.1034e-04
1.8460e+01 1.7990e+02 3.7128e+01 2.5561e+02 4.1026e-04
1.1524e+03 2.1578e+02 1.1999e+03 3.2604e+02 4.0794e-04
8.0600e+02 1.4516e+02 8.6833e+02 3.0132e+02 4.0692e-04
3.7622e+00 1.5396e+02 2.1263e+01 2.4100e+02 4.0613e-04
1.2249e+03 2.7828e+02 1.2420e+03 3.4357e+02 4.0577e-04
1.0634e+03 2.0779e+02 1.0813e+03 2.5440e+02 4.0511e-04
8.3778e+02 1.6318e+02 8.7865e+02 1.8089e+02 4.0491e-04
0.0000e+00 1.5949e+02 6.9788e+01 2.5663e+02 4.0437e-04
8.7219e+02 1.6588e+02 9.2360e+02 1.8420e+02 4.0374e-04
1.0835e+03 2.3798e+02 1.1842e+03 3.7500e+02 4.0039e-04
7.8933e+02 1.7164e+02 8.4356e+02 2.1834e+02 3.9975e-04
9.7344e+02 3.1963e+02 1.0765e+03 3.7500e+02 3.9911e-04
0.0000e+00 0.0000e+00 3.3560e+02 1.4583e+02 3.9808e-04
1.0396e+03 1.7866e+02 1.1954e+03 2.5724e+02 3.9705e-04
0.0000e+00 1.5842e+02 1.1512e+01 2.4164e+02 3.9588e-04
7.9248e+02 1.8353e+02 8.9446e+02 2.7074e+02 3.9046e-04
1.1315e+03 1.8281e+02 1.2317e+03 2.2056e+02 3.9039e-04
6.6842e+02 1.3741e+02 8.4484e+02 2.0674e+02 3.8899e-04
7.9185e+02 1.4098e+02 8.5114e+02 2.8447e+02 3.8791e-04
7.9757e+02 1.5287e+02 8.7560e+02 1.8705e+02 3.8784e-04
9.0966e+02 1.6397e+02 9.4728e+02 1.8446e+02 3.8645e-04
1.0955e+03 1.9365e+02 1.1314e+03 2.8746e+02 3.8438e-04
4.8542e+00 1.9241e+02 2.1413e+01 2.8268e+02 3.8326e-04
0.0000e+00 2.3781e+02 5.8549e+00 3.0967e+02 3.8272e-04
1.2312e+03 2.3605e+02 1.2420e+03 2.6413e+02 3.8112e-04
0.0000e+00 2.1568e+02 7.4971e+01 2.6423e+02 3.7901e-04
1.1687e+03 2.2420e+02 1.2147e+03 3.3511e+02 3.7867e-04
1.4690e+01 1.6341e+02 3.3683e+01 2.3967e+02 3.7624e-04
0.0000e+00 2.0844e+02 8.0035e+00 2.3934e+02 3.7574e-04
1.0479e+03 9.4039e+01 1.1904e+03 3.4879e+02 3.7397e-04
8.6083e+02 1.8345e+02 8.7731e+02 2.3617e+02 3.7323e-04
1.1499e+03 1.9503e+02 1.1893e+03 2.8851e+02 3.7301e-04
0.0000e+00 1.3907e+02 6.2356e+01 3.7500e+02 3.7282e-04
0.0000e+00 0.0000e+00 2.3748e+02 1.5571e+02 3.7192e-04
7.9117e+02 1.6389e+02 8.3832e+02 1.8559e+02 3.7098e-04
7.3954e+02 1.0911e+02 8.0588e+02 2.7396e+02 3.7056e-04
0.0000e+00 2.2773e+02 1.9858e+01 2.9874e+02 3.6995e-04
8.0924e+02 1.6785e+02 8.3863e+02 1.9195e+02 3.6947e-04
8.4556e+02 1.8095e+02 8.8101e+02 2.0341e+02 3.6946e-04
8.0773e+02 1.8242e+02 8.4401e+02 2.0786e+02 3.6855e-04
0.0000e+00 2.1132e+02 4.3055e+01 3.3636e+02 3.6849e-04
1.0575e+03 2.0121e+02 1.0926e+03 2.8750e+02 3.6823e-04
7.3086e+02 1.4082e+02 8.3521e+02 1.8010e+02 3.6803e-04
9.9634e+02 2.0647e+02 1.1002e+03 2.4433e+02 3.6413e-04
1.2238e+03 3.1175e+02 1.2420e+03 3.7346e+02 3.6368e-04
1.9401e+01 1.2668e+02 5.9671e+01 2.6248e+02 3.6353e-04
8.3473e+02 1.1100e+02 8.9267e+02 2.5411e+02 3.6250e-04
8.8811e+02 1.6624e+02 9.9040e+02 2.0093e+02 3.6209e-04
1.1606e+03 2.2218e+02 1.2071e+03 3.3177e+02 3.6141e-04
8.5597e+02 1.8590e+02 8.7677e+02 2.3917e+02 3.6046e-04
9.1061e+02 2.8122e+02 9.8491e+02 3.7500e+02 3.5922e-04
7.6192e+02 1.7057e+02 8.4078e+02 2.1005e+02 3.5919e-04
1.0505e+03 1.8022e+02 1.1009e+03 2.0457e+02 3.5800e-04
1.2125e+03 1.9047e+02 1.2289e+03 2.4112e+02 3.5703e-04
9.8405e+02 2.1040e+02 1.1277e+03 3.1015e+02 3.5640e-04
8.3208e+02 1.5128e+02 9.2473e+02 1.8433e+02 3.5619e-04
9.6403e+02 2.9834e+02 1.0029e+03 3.7500e+02 3.5562e-04
8.2998e+02 1.4444e+02 8.6508e+02 2.1491e+02 3.5554e-04
0.0000e+00 1.7773e+02 7.2527e+01 2.2360e+02 3.5544e-04
8.1493e+02 1.6302e+02 8.5549e+02 1.8317e+02 3.5509e-04
1.2155e+03 1.8600e+02 1.2340e+03 2.4002e+02 3.5434e-04
0.0000e+00 1.9129e+02 1.0926e+01 2.1703e+02 3.5383e-04
1.0346e+03 2.1995e+02 1.0985e+03 2.4353e+02 3.5352e-04
1.1343e+03 1.7493e+02 1.2420e+03 2.4550e+02 3.5328e-04
9.4792e+02 2.3023e+02 1.0976e+03 3.2382e+02 3.5287e-04
7.9173e+02 1.5255e+02 8.2859e+02 1.8238e+02 3.5159e-04
1.2156e+03 3.1750e+02 1.2420e+03 3.6622e+02 3.4764e-04
1.1117e+03 2.4199e+02 1.2170e+03 3.7500e+02 3.4738e-04
0.0000e+00 0.0000e+00 1.1343e+02 7.2977e+01 3.4627e-04
9.5623e+02 3.5341e+02 1.0474e+03 3.7500e+02 3.4603e-04
8.0988e+02 1.6978e+02 8.2634e+02 2.1752e+02 3.4574e-04
1.1229e+03 2.0659e+02 1.1645e+03 3.1132e+02 3.4573e-04
1.0481e+03 2.1315e+02 1.1069e+03 2.3518e+02 3.4408e-04
7.2701e+02 1.4350e+02 8.4112e+02 2.3826e+02 3.4383e-04
7.9848e+02 1.5108e+02 8.1679e+02 1.9908e+02 3.4203e-04
9.4302e+02 3.3692e+02 1.0311e+03 3.7466e+02 3.3989e-04
1.0003e+03 3.4026e+02 1.0399e+03 3.7437e+02 3.3956e-04
1.2037e+03 1.8410e+02 1.2221e+03 2.3555e+02 3.3953e-04
1.0513e+03 2.7504e+02 1.1205e+03 3.7500e+02 3.3931e-04
7.9045e+02 1.5337e+02 8.0983e+02 2.0745e+02 3.3723e-04
1.1433e+03 1.9312e+02 1.1795e+03 2.8602e+02 3.3717e-04
0.0000e+00 4.2006e+00 2.2614e+02 3.7500e+02 3.3684e-04
8.6662e+02 1.6230e+02 9.1760e+02 1.8050e+02 3.3621e-04
1.0444e+03 2.2771e+02 1.0860e+03 2.5516e+02 3.3496e-04
8.2793e+02 1.5944e+02 8.4523e+02 1.9924e+02 3.3464e-04
1.0418e+03 2.2568e+02 1.1361e+03 3.7335e+02 3.3221e-04
8.4092e+02 1.6475e+02 8.6957e+02 1.8798e+02 3.3190e-04
1.2372e+03 2.4288e+02 1.2420e+03 3.0780e+02 3.3103e-04
1.0619e+03 1.8330e+02 1.1131e+03 2.0831e+02 3.3042e-04
1.2178e+03 0.0000e+00 1.2420e+03 2.0039e+01 3.2985e-04
8.1067e+02 1.8697e+02 8.3674e+02 2.1820e+02 3.2818e-04
7.9442e+02 1.5911e+02 8.1310e+02 2.0920e+02 3.2742e-04
0.0000e+00 0.0000e+00 5.1667e+01 4.2265e+01 3.2683e-04
7.4789e+02 1.4539e+02 7.6460e+02 1.9313e+02 3.2545e-04
8.1697e+02 1.6569e+02 8.4622e+02 1.8869e+02 3.2528e-04
2.8750e+01 1.4121e+02 6.7048e+01 2.6833e+02 3.2524e-04
1.0777e+01 2.1833e+02 6.9416e+01 2.9933e+02 3.2467e-04
1.0291e+03 0.0000e+00 1.2420e+03 1.7913e+02 3.2372e-04
1.1748e+03 9.8698e+01 1.2420e+03 1.9010e+02 3.2288e-04
1.2342e+03 0.0000e+00 1.2420e+03 9.0166e+00 3.2146e-04
1.0663e+03 1.7935e+02 1.1167e+03 2.0415e+02 3.2020e-04
0.0000e+00 2.2184e+02 1.3521e+02 3.7500e+02 3.1941e-04
1.0557e+03 1.4159e+02 1.1275e+03 2.8938e+02 3.1672e-04
1.0421e+03 1.5249e+02 1.1118e+03 3.0829e+02 3.1661e-04
0.0000e+00 1.9783e+02 3.9301e+01 2.7245e+02 3.1651e-04
1.0480e+03 2.2315e+02 1.0653e+03 2.6716e+02 3.1630e-04
9.2900e+02 1.6708e+02 9.7878e+02 1.8608e+02 3.1592e-04
0.0000e+00 3.2626e+02 2.2115e+01 3.7500e+02 3.1284e-04
0.0000e+00 1.9902e+02 1.1233e+01 2.2516e+02 3.1266e-04
0.0000e+00 0.0000e+00 3.2552e+02 3.7500e+02 3.1201e-04
6.3210e+01 1.8743e+02 9.6193e+01 2.9603e+02 3.1125e-04
2.4851e-01 2.2307e+02 8.3698e+01 2.7106e+02 3.1091e-04
1.2216e+03 1.4221e+02 1.2420e+03 1.9606e+02 3.1074e-04
1.0684e+03 2.1691e+02 1.1738e+03 2.7730e+02 3.0994e-04
7.8006e+02 1.6301e+02 8.3181e+02 1.8567e+02 3.0946e-04
1.0628e+03 1.6617e+02 1.1709e+03 2.0465e+02 3.0827e-04
1.1112e+03 2.2537e+02 1.2217e+03 2.8043e+02 3.0801e-04
7.1434e+02 1.3911e+02 8.1815e+02 1.8146e+02 3.0761e-04
0.0000e+00 1.5837e+02 2.9204e+01 2.3004e+02 3.0708e-04
1.2104e+03 1.6958e+02 1.2384e+03 2.6088e+02 3.0665e-04
7.8482e+02 1.5265e+02 8.3581e+02 1.7579e+02 3.0635e-04
1.2088e+03 1.9001e+02 1.2251e+03 2.4146e+02 3.0597e-04
1.1917e+03 1.5675e+02 1.2420e+03 3.1253e+02 3.0548e-04
3.0949e+00 2.8703e+02 6.8721e+01 3.7500e+02 3.0496e-04
0.0000e+00 1.4453e+02 6.6735e+01 2.4037e+02 3.0422e-04
9.1009e+02 1.5527e+02 9.2358e+02 2.0329e+02 3.0396e-04
7.1894e+02 1.4664e+02 8.1759e+02 1.8864e+02 3.0356e-04
8.1417e+02 1.9118e+02 8.2973e+02 2.3513e+02 3.0294e-04
8.1276e+02 1.6470e+02 8.4077e+02 1.8848e+02 3.0226e-04
7.6317e+00 2.0839e+02 2.5847e+01 2.9857e+02 3.0131e-04
9.2845e+02 2.2538e+02 1.0071e+03 3.7500e+02 3.0058e-04
8.0507e+02 1.6148e+02 8.4716e+02 1.8294e+02 3.0003e-04
0.0000e+00 0.0000e+00 1.6262e+02 6.8384e+01 2.9878e-04
1.0362e+03 1.7512e+02 1.0890e+03 2.0217e+02 2.9792e-04
1.1307e+03 1.5574e+02 1.2420e+03 2.3018e+02 2.9696e-04
1.1126e+01 2.0893e+02 2.9566e+01 2.9693e+02 2.9630e-04
0.0000e+00 1.4076e+02 2.7619e+01 1.9100e+02 2.9570e-04
8.6197e+02 3.2802e+02 1.0417e+03 3.7500e+02 2.9452e-04
7.9547e+02 1.7230e+02 8.3880e+02 1.9350e+02 2.9397e-04
1.0882e+03 1.8152e+02 1.2420e+03 2.4660e+02 2.9394e-04
8.0630e+02 1.4363e+02 8.2522e+02 1.9229e+02 2.9389e-04
1.0495e+03 2.2269e+02 1.1608e+03 2.8765e+02 2.9372e-04
1.2246e+03 2.3131e+02 1.2420e+03 2.9479e+02 2.9354e-04
8.0125e+02 1.3378e+02 9.8161e+02 1.9371e+02 2.9322e-04
8.4204e+02 1.7097e+02 9.1849e+02 2.0973e+02 2.9176e-04
0.0000e+00 2.1650e+02 7.8835e+00 2.4719e+02 2.9108e-04
1.1442e+03 2.1517e+02 1.1914e+03 3.2114e+02 2.9105e-04
9.4143e+02 3.3771e+02 9.7590e+02 3.7500e+02 2.8986e-04
2.5656e+01 1.9697e+02 8.0061e+01 2.5915e+02 2.8980e-04
8.5522e+02 1.7881e+02 8.8006e+02 2.5540e+02 2.8979e-04
1.9184e+01 1.9680e+02 3.7591e+01 2.7749e+02 2.8906e-04
1.1223e+03 0.0000e+00 1.2420e+03 8.6123e+01 2.8843e-04
1.1872e+03 3.3230e+02 1.2227e+03 3.7500e+02 2.8835e-04
8.3555e+02 1.4691e+02 8.9428e+02 3.0296e+02 2.8817e-04
0.0000e+00 1.0266e+02 1.5104e+02 2.8671e+02 2.8706e-04
8.1590e+02 1.4451e+02 8.4921e+02 2.1790e+02 2.8677e-04
1.2325e+03 1.7608e+02 1.2420e+03 2.3685e+02 2.8548e-04
1.1004e+03 3.1498e+02 1.2420e+03 3.7500e+02 2.8506e-04
1.8049e+01 1.6902e+02 3.7606e+01 2.4260e+02 2.8258e-04
1.1533e+03 2.3779e+02 1.2336e+03 3.1407e+02 2.8220e-04
1.2333e+03 1.4821e+02 1.2420e+03 1.7183e+02 2.8195e-04
8.5000e+02 1.2261e+02 9.0826e+02 2.6293e+02 2.8146e-04
8.2191e+02 1.8532e+02 8.5624e+02 2.6283e+02 2.8145e-04
1.0525e+03 2.2797e+02 1.0962e+03 2.5416e+02 2.8057e-04
1.2293e+03 1.8668e+02 1.2420e+03 2.5599e+02 2.8042e-04
7.9304e+02 1.6781e+02 8.3949e+02 1.8982e+02 2.8004e-04
1.2154e+03 2.3663e+02 1.2420e+03 2.8809e+02 2.7981e-04
0.0000e+00 2.2317e+02 2.5273e+01 3.7500e+02 2.7947e-04
1.2161e+03 2.8487e+02 1.2420e+03 3.3483e+02 2.7937e-04
8.1105e+02 1.5158e+02 8.9514e+02 1.8447e+02 2.7904e-04
1.0125e+03 3.3274e+02 1.0457e+03 3.7500e+02 2.7833e-04
8.3828e+02 2.0080e+02 8.7839e+02 2.3642e+02 2.7762e-04
0.0000e+00 1.5403e+02 4.6172e+01 2.2175e+02 2.7532e-04
1.1569e+03 2.0176e+02 1.1986e+03 3.0146e+02 2.7454e-04
1.0600e+03 2.1361e+02 1.0766e+03 2.5789e+02 2.7442e-04
1.0215e+03 2.3587e+02 1.0800e+03 2.5871e+02 2.7383e-04
0.0000e+00 2.1659e+02 8.4349e+01 3.7500e+02 2.7369e-04
9.9905e+02 3.1848e+02 1.0194e+03 3.7243e+02 2.7083e-04
1.1297e+03 2.1064e+02 1.1721e+03 3.1380e+02 2.7053e-04
9.5268e+02 3.1888e+02 1.0251e+03 3.7500e+02 2.7006e-04
1.0553e+03 2.1780e+02 1.0985e+03 2.4591e+02 2.6964e-04
1.1498e+03 3.1776e+02 1.2420e+03 3.7500e+02 2.6758e-04
1.1716e+03 1.9665e+02 1.2420e+03 2.3306e+02 2.6755e-04
0.0000e+00 1.9168e+02 7.0248e+01 2.8851e+02 2.6687e-04
9.0573e+02 1.6218e+02 9.3581e+02 1.8562e+02 2.6668e-04
8.4806e+02 1.5950e+02 8.6413e+02 2.0332e+02 2.6623e-04
9.4849e+02 2.2398e+02 1.1046e+03 2.9964e+02 2.6610e-04
0.0000e+00 1.8331e+02 1.0637e+01 2.0922e+02 2.6567e-04
9.0651e+02 1.4634e+02 9.1985e+02 1.9126e+02 2.6459e-04
7.4783e+02 1.5660e+02 7.6442e+02 2.0511e+02 2.6420e-04
8.3152e+02 1.9770e+02 8.9643e+02 2.3763e+02 2.6100e-04
1.0557e+03 2.1374e+02 1.0727e+03 2.5912e+02 2.6061e-04
8.0548e+02 1.7094e+02 8.3529e+02 1.9582e+02 2.6028e-04
9.1297e+02 1.5763e+02 9.2795e+02 2.0487e+02 2.6006e-04
7.1562e+01 1.8781e+02 1.0379e+02 2.9647e+02 2.5945e-04
4.7078e+01 2.0638e+02 6.6251e+01 2.8182e+02 2.5911e-04
9.5646e+02 1.5503e+02 1.1329e+03 2.2715e+02 2.5808e-04
7.0715e+02 1.3100e+02 8.2725e+02 2.1882e+02 2.5636e-04
0.0000e+00 2.2782e+02 2.7972e+01 2.7969e+02 2.5620e-04
8.2099e+02 1.5720e+02 8.3577e+02 1.9914e+02 2.5587e-04
8.7586e+02 1.6818e+02 9.2941e+02 1.8833e+02 2.5575e-04
7.4483e+02 1.4540e+02 7.6130e+02 1.9364e+02 2.5449e-04
8.9666e+02 1.7060e+02 9.4252e+02 1.9538e+02 2.5444e-04
1.2369e+03 2.3187e+02 1.2420e+03 2.9529e+02 2.5329e-04
7.7444e+02 1.5868e+02 8.2735e+02 1.8252e+02 2.5246e-04
1.0810e+03 2.0349e+02 1.1972e+03 2.4603e+02 2.5225e-04
7.4121e+02 1.7102e+02 8.2645e+02 2.1127e+02 2.5225e-04
8.5520e+02 1.4692e+02 9.5255e+02 1.7872e+02 2.5218e-04
9.9689e+02 3.3399e+02 1.0362e+03 3.7155e+02 2.5142e-04
0.0000e+00 2.4325e+02 2.0567e+01 3.1596e+02 2.5057e-04
7.5903e+02 1.4212e+02 7.7691e+02 1.9273e+02 2.5040e-04
1.2179e+03 1.6487e+02 1.2420e+03 2.6233e+02 2.4937e-04
1.0282e+03 1.8328e+02 1.1007e+03 3.3787e+02 2.4799e-04
8.1675e+02 1.5579e+02 8.3258e+02 1.9812e+02 2.4792e-04
0.0000e+00 2.2837e+02 7.6394e+00 2.5917e+02 2.4763e-04
9.0550e+02 1.5921e+02 9.3363e+02 1.8071e+02 2.4706e-04
9.9872e+02 2.9901e+02 1.2149e+03 3.6219e+02 2.4649e-04
1.1106e+03 2.1155e+02 1.2257e+03 2.6456e+02 2.4556e-04
9.3738e+02 3.2606e+02 1.0243e+03 3.7219e+02 2.4506e-04
5.5697e-01 2.1959e+02 4.9856e+01 2.9906e+02 2.4496e-04
9.6592e+02 2.7210e+02 1.0168e+03 3.7500e+02 2.4469e-04
1.0898e+03 1.8474e+02 1.1231e+03 2.6480e+02 2.4383e-04
9.5887e+02 2.8506e+02 1.0063e+03 3.7500e+02 2.4361e-04
8.9725e+02 1.6285e+02 9.9164e+02 1.9443e+02 2.4332e-04
5.6455e+00 1.9454e+02 9.0165e+01 2.3759e+02 2.4318e-04
1.2350e+03 1.4615e+02 1.2420e+03 1.7609e+02 2.4311e-04
9.0596e+02 1.6739e+02 9.3692e+02 1.9434e+02 2.4151e-04
8.3035e+02 1.6226e+02 8.7041e+02 1.8078e+02 2.4135e-04
1.0985e+03 1.8468e+02 1.1307e+03 2.6493e+02 2.4071e-04
0.0000e+00 2.4359e+02 4.3359e+01 3.6727e+02 2.4022e-04
1.0715e+03 2.0889e+02 1.1894e+03 2.6748e+02 2.3991e-04
1.2301e+03 0.0000e+00 1.2420e+03 6.8880e+00 2.3717e-04
1.1247e+03 2.4064e+02 1.2327e+03 2.9660e+02 2.3670e-04
7.7041e+02 1.5476e+02 8.3904e+02 1.9920e+02 2.3662e-04
1.1826e+03 2.0313e+02 1.2198e+03 2.9431e+02 2.3644e-04
6.7278e+02 1.2317e+02 9.8745e+02 2.6326e+02 2.3640e-04
1.0742e+03 8.1621e+01 1.2420e+03 2.4985e+02 2.3512e-04
1.0554e+03 2.2341e+02 1.0988e+03 2.4986e+02 2.3452e-04
7.5152e+02 1.4330e+02 7.6881e+02 1.9425e+02 2.3346e-04
1.0330e+03 1.8222e+02 1.0932e+03 2.0682e+02 2.3296e-04
3.0237e+01 2.1028e+02 8.1030e+01 3.5425e+02 2.3227e-04
0.0000e+00 6.1400e+01 3.4927e+01 2.4094e+02 2.3198e-04
1.0490e+03 2.3122e+02 1.1259e+03 2.5700e+02 2.3194e-04
7.7106e+02 1.4383e+02 8.6727e+02 1.7915e+02 2.3151e-04
9.1208e+02 1.6217e+02 9.2947e+02 2.1176e+02 2.3115e-04
1.0395e+03 2.1705e+02 1.1034e+03 2.4062e+02 2.3055e-04
7.2162e+02 1.3243e+02 8.2611e+02 1.7390e+02 2.3049e-04
1.0474e+03 2.0200e+02 1.0860e+03 2.9048e+02 2.2875e-04
7.8404e+02 1.5188e+02 8.2255e+02 1.8285e+02 2.2832e-04
6.8885e+02 1.1637e+02 8.7108e+02 1.8046e+02 2.2811e-04
0.0000e+00 2.5117e+02 5.3576e+00 3.2690e+02 2.2734e-04
8.8814e+02 1.3975e+02 9.2046e+02 2.1184e+02 2.2732e-04
1.1382e+03 2.3399e+02 1.1938e+03 3.3538e+02 2.2652e-04
1.6783e+01 2.9295e+02 8.4547e+01 3.7500e+02 2.2651e-04
0.0000e+00 0.0000e+00 7.4612e+01 4.3948e+01 2.2646e-04
1.1160e+03 2.0543e+02 1.1559e+03 3.0707e+02 2.2608e-04
1.1712e+03 1.8612e+02 1.1891e+03 2.2904e+02 2.2559e-04
8.3128e+02 1.5242e+02 8.4983e+02 1.9503e+02 2.2538e-04
7.3048e+02 1.2270e+02 8.6346e+02 2.0026e+02 2.2458e-04
4.7513e+00 8.3764e+01 6.2265e+01 2.9935e+02 2.2417e-04
1.0175e+03 2.3320e+02 1.0738e+03 2.5519e+02 2.2401e-04
9.0613e+02 1.6502e+02 9.4314e+02 1.9009e+02 2.2383e-04
7.7544e+02 1.7909e+02 8.4439e+02 2.1886e+02 2.2372e-04
9.2019e+02 3.5602e+02 1.0098e+03 3.7500e+02 2.2362e-04
9.8377e+02 1.7882e+02 1.0812e+03 2.1712e+02 2.2350e-04
1.2168e+03 1.9262e+02 1.2314e+03 2.4541e+02 2.2327e-04
5.4985e-01 1.5283e+02 1.6618e+01 2.4171e+02 2.2280e-04
7.6270e+02 1.4232e+02 7.8094e+02 1.9341e+02 2.2270e-04
1.0899e+03 2.3267e+02 1.2012e+03 2.9305e+02 2.2089e-04
1.1041e+03 2.6768e+02 1.2100e+03 3.2446e+02 2.2082e-04
7.9167e+02 1.6400e+02 8.0968e+02 2.1291e+02 2.2058e-04
0.0000e+00 5.1378e+01 2.3980e+01 2.3259e+02 2.2052e-04
1.0735e+03 1.8311e+02 1.1248e+03 2.0877e+02 2.2009e-04
7.4458e+02 1.5651e+02 7.6100e+02 2.0555e+02 2.1989e-04
1.0059e+03 3.1606e+02 1.1665e+03 3.7500e+02 2.1985e-04
8.5350e+02 1.6863e+02 9.4255e+02 2.1003e+02 2.1934e-04
1.4608e+01 2.1795e+02 9.4943e+01 2.6206e+02 2.1925e-04
1.1104e+03 2.1030e+02 1.2017e+03 2.7547e+02 2.1900e-04
9.2396e+02 1.6167e+02 9.6877e+02 1.7884e+02 2.1867e-04
0.0000e+00 1.1705e+02 1.9404e+01 1.8563e+02 2.1809e-04
7.6829e+02 1.9161e+02 9.2173e+02 2.6877e+02 2.1676e-04
1.1376e+03 2.1621e+02 1.2420e+03 2.6331e+02 2.1672e-04
1.2161e+03 3.0204e+02 1.2420e+03 3.4939e+02 2.1601e-04
6.7398e+02 1.2341e+02 7.8246e+02 1.6340e+02 2.1596e-04

