6.0330e+02 1.8077e+02 6.2897e+02 2.0871e+02 9.9983e-01
3.4530e+02 1.8866e+02 4.2086e+02 2.2958e+02 9.9958e-01
9.1611e+02 1.5034e+02 1.0007e+03 3.7343e+02 9.9919e-01
8.0742e+02 1.7669e+02 8.7566e+02 3.4082e+02 9.9907e-01
1.1156e+03 1.2727e+02 1.2376e+03 3.6432e+02 9.9721e-01
1.1429e+03 1.4267e+02 1.2420e+03 3.7500e+02 9.9544e-01
8.1863e+02 1.8366e+02 8.7510e+02 3.2614e+02 9.9462e-01
1.0543e+03 1.1110e+02 1.2420e+03 3.4143e+02 9.9393e-01
1.0931e+03 1.0630e+02 1.2237e+03 3.7003e+02 9.9262e-01
3.5679e+02 1.8586e+02 4.1902e+02 2.2040e+02 9.8143e-01
6.0629e+02 1.8124e+02 6.3073e+02 2.0455e+02 9.7916e-01
1.1685e+03 1.3727e+02 1.2384e+03 3.7372e+02 9.7877e-01
1.0998e+03 1.2883e+02 1.2117e+03 3.5890e+02 9.7767e-01
1.2056e+02 1.8373e+02 1.3611e+02 2.3310e+02 9.6301e-01
8.0714e+02 1.8484e+02 8.6111e+02 3.1637e+02 9.6032e-01
6.0661e+02 1.7948e+02 6.2427e+02 2.1148e+02 9.5572e-01
1.2347e+02 1.8009e+02 1.3959e+02 2.3700e+02 9.4683e-01
9.9590e+02 1.1677e+02 1.2420e+03 3.7500e+02 9.4294e-01
1.0827e+03 1.3022e+02 1.2420e+03 3.2647e+02 9.3903e-01
6.0219e+02 1.7988e+02 6.2174e+02 2.0341e+02 9.3628e-01
3.8359e+02 1.8499e+02 4.2649e+02 2.0761e+02 9.3346e-01
8.9272e+02 1.6353e+02 9.7478e+02 3.5264e+02 9.2510e-01
7.8654e+02 1.7156e+02 8.8681e+02 3.2131e+02 9.2247e-01
4.9603e+02 1.8194e+02 5.2044e+02 2.0264e+02 9.1820e-01
3.6068e+02 1.8980e+02 4.1872e+02 2.1988e+02 9.1444e-01
6.0814e+02 1.7999e+02 6.2980e+02 1.9943e+02 9.1372e-01
8.1409e+02 1.7895e+02 8.6527e+02 2.9421e+02 9.1067e-01
1.0451e+03 1.6841e+02 1.2420e+03 3.6411e+02 9.0940e-01
8.1060e+02 1.7788e+02 8.5713e+02 2.7559e+02 9.0690e-01
1.1159e+03 7.8022e+01 1.2420e+03 3.7500e+02 8.9375e-01
8.7217e+02 7.6390e+01 1.2420e+03 3.7500e+02 8.7748e-01
1.1872e+02 1.8505e+02 1.3238e+02 2.2446e+02 8.7547e-01
9.2621e+02 1.7286e+02 9.7783e+02 3.0426e+02 8.7235e-01
8.9584e+02 1.5632e+02 1.0181e+03 3.5208e+02 8.6708e-01
1.1772e+03 1.8749e+02 1.2370e+03 3.7498e+02 8.6024e-01
8.2206e+02 2.1477e+02 8.7355e+02 3.3689e+02 8.5578e-01
9.3725e+02 1.5894e+02 1.0271e+03 3.7500e+02 8.4403e-01
3.5509e+02 1.9138e+02 4.1599e+02 2.2588e+02 8.2942e-01
8.0229e+02 1.8650e+02 8.6373e+02 2.5123e+02 8.2464e-01
6.1428e+02 1.8059e+02 6.3199e+02 2.0381e+02 8.2091e-01
1.0072e+03 1.5273e+02 1.2420e+03 3.2766e+02 8.1824e-01
1.2660e+02 1.7654e+02 1.4420e+02 2.4085e+02 8.1359e-01
9.3230e+02 1.7606e+02 9.8797e+02 3.3100e+02 8.1215e-01
3.7767e+02 1.8524e+02 4.3100e+02 2.1122e+02 8.1160e-01
1.1076e+03 1.1121e+02 1.2244e+03 3.3321e+02 8.0835e-01
3.6562e+02 1.8667e+02 4.1634e+02 2.0697e+02 8.0783e-01
1.1546e+03 1.9331e+02 1.2420e+03 3.7202e+02 8.0364e-01
3.6255e+02 1.8695e+02 4.1681e+02 2.1394e+02 8.0019e-01
6.0453e+02 1.8064e+02 6.2495e+02 1.9999e+02 7.8641e-01
1.1134e+03 1.6699e+02 1.2220e+03 3.7500e+02 7.8353e-01
8.0228e+02 1.8051e+02 8.5212e+02 2.9424e+02 7.7251e-01
6.0383e+02 1.8380e+02 6.2219e+02 2.1405e+02 7.5012e-01
6.1044e+02 1.7771e+02 6.2717e+02 2.0804e+02 7.3717e-01
6.0273e+02 1.7908e+02 6.1948e+02 2.1151e+02 7.3676e-01
1.1039e+03 1.9107e+02 1.2420e+03 3.6437e+02 7.3578e-01
6.0131e+02 1.8756e+02 6.3028e+02 2.0848e+02 7.3016e-01
1.1756e+02 1.8555e+02 1.3386e+02 2.3433e+02 7.2964e-01
4.9793e+02 1.8167e+02 5.2437e+02 1.9931e+02 7.2227e-01
7.9579e+02 1.3460e+02 1.2420e+03 3.7500e+02 7.1753e-01
1.1133e+03 1.4646e+02 1.2209e+03 3.7449e+02 7.1298e-01
3.9178e+02 1.8413e+02 4.2259e+02 2.0887e+02 7.0913e-01
8.0636e+02 1.7281e+02 8.4950e+02 2.6096e+02 7.0649e-01
6.1198e+02 1.7844e+02 6.3168e+02 1.9820e+02 6.8385e-01
9.2036e+02 1.6912e+02 9.6955e+02 3.1721e+02 6.7445e-01
8.6900e+02 1.6124e+02 1.0611e+03 3.6558e+02 6.6913e-01
7.9986e+02 1.8976e+02 8.6716e+02 2.7367e+02 6.6185e-01
8.1762e+02 1.7332e+02 8.6249e+02 2.6409e+02 6.6151e-01
9.0283e+02 1.5781e+02 9.8829e+02 3.3731e+02 6.5561e-01
1.0100e+03 1.9942e+02 1.2420e+03 3.5405e+02 6.5111e-01
3.8199e+02 1.8320e+02 4.2411e+02 2.1357e+02 6.5064e-01
1.2076e+03 1.6060e+02 1.2400e+03 3.3785e+02 6.3776e-01
1.0715e+03 1.6891e+02 1.2378e+03 3.4963e+02 6.3097e-01
1.1926e+03 1.4511e+02 1.2420e+03 3.5553e+02 6.2652e-01
7.9162e+02 1.6745e+02 8.6085e+02 3.3362e+02 6.2652e-01
3.8816e+02 1.8456e+02 4.2364e+02 2.0331e+02 5.9488e-01
3.8089e+02 1.8473e+02 4.1742e+02 2.0952e+02 5.8507e-01
9.1426e+02 1.6798e+02 9.5936e+02 3.1109e+02 5.7884e-01
6.0848e+02 1.8376e+02 6.2707e+02 2.1344e+02 5.7450e-01
9.3406e+02 1.6991e+02 9.8408e+02 2.9457e+02 5.7115e-01
8.2342e+02 1.7797e+02 8.6983e+02 2.7783e+02 5.6991e-01
8.9768e+02 1.5550e+02 1.0235e+03 3.7500e+02 5.6791e-01
8.9669e+02 1.8732e+02 1.0325e+03 3.7500e+02 5.6072e-01
1.0027e+03 1.2138e+02 1.2420e+03 2.8384e+02 5.5926e-01
6.0911e+02 1.7851e+02 6.3038e+02 1.9451e+02 5.5385e-01
6.1312e+02 1.8136e+02 6.2711e+02 2.1057e+02 5.4634e-01
9.5983e+02 3.9568e+01 1.2420e+03 3.7500e+02 5.4316e-01
5.9746e+02 1.7902e+02 6.2046e+02 1.9918e+02 5.3547e-01
1.0596e+03 0.0000e+00 1.2420e+03 3.7500e+02 5.3189e-01
1.1950e+03 1.7000e+02 1.2366e+03 3.2666e+02 5.1988e-01
1.1455e+02 1.8172e+02 1.2811e+02 2.1975e+02 5.0971e-01
8.4355e+02 2.1398e+02 1.0884e+03 3.5443e+02 5.0840e-01
8.0724e+02 2.0506e+02 8.7826e+02 3.1753e+02 5.0358e-01
8.7680e+02 2.1067e+02 1.1337e+03 3.6319e+02 4.9480e-01
1.1815e+03 1.5996e+02 1.2319e+03 3.1844e+02 4.6383e-01
3.9807e+02 1.7655e+02 4.1795e+02 2.1854e+02 4.5697e-01
8.8099e+02 1.6243e+02 9.5932e+02 3.4713e+02 4.4858e-01
9.1166e+02 1.3094e+02 1.0515e+03 3.7500e+02 4.2991e-01
1.1457e+03 1.1159e+02 1.2420e+03 3.2617e+02 4.2818e-01
9.4850e+02 1.8245e+02 1.0011e+03 3.2308e+02 4.2808e-01
7.9980e+02 1.7862e+02 8.5618e+02 2.4308e+02 4.2087e-01
8.2882e+02 1.8038e+02 8.7857e+02 3.0181e+02 3.7393e-01
8.1099e+02 1.8467e+02 8.7731e+02 2.5179e+02 3.6812e-01
8.2512e+02 1.6956e+02 8.8948e+02 3.3295e+02 3.6579e-01
6.0861e+02 1.7428e+02 6.2538e+02 2.0367e+02 3.6304e-01
6.1488e+02 1.7596e+02 6.2828e+02 2.0594e+02 3.6274e-01
7.9983e+02 1.9569e+02 8.7504e+02 3.0218e+02 3.5367e-01
1.0973e+03 1.1482e+02 1.2420e+03 2.9105e+02 3.4620e-01
1.1697e+03 1.6754e+02 1.2275e+03 3.0847e+02 3.4542e-01
3.5934e+02 1.8331e+02 4.2390e+02 2.1391e+02 3.4283e-01
9.0674e+02 1.6936e+02 9.4762e+02 3.0709e+02 3.3292e-01
7.9994e+02 1.7727e+02 8.3935e+02 2.7070e+02 3.2781e-01
7.9126e+02 1.9240e+02 8.7522e+02 2.3815e+02 3.2304e-01
6.1604e+02 1.7655e+02 6.3394e+02 1.9580e+02 3.1251e-01
8.6839e+02 1.5326e+02 9.9836e+02 3.1757e+02 3.0720e-01
8.9976e+02 1.7229e+02 9.4015e+02 3.0069e+02 3.0279e-01
5.0114e+02 1.8208e+02 5.2998e+02 2.0201e+02 2.9962e-01
9.2634e+02 2.0773e+02 1.0162e+03 3.7500e+02 2.9501e-01
3.6789e+02 1.7878e+02 3.9891e+02 2.4040e+02 2.9209e-01
1.1288e+03 1.0506e+02 1.2323e+03 2.9203e+02 2.8660e-01
3.7394e+01 1.9855e+02 5.3702e+01 2.3956e+02 2.8582e-01
3.8861e+02 1.8597e+02 4.2252e+02 2.1612e+02 2.8065e-01
8.9449e+02 1.5179e+02 1.0152e+03 2.9843e+02 2.7358e-01
1.1979e+03 1.8008e+02 1.2420e+03 3.7500e+02 2.7052e-01
1.1032e+03 1.0625e+02 1.2041e+03 2.9862e+02 2.6600e-01
9.3613e+02 1.7788e+02 1.2078e+03 3.4228e+02 2.6418e-01
6.0397e+02 1.7895e+02 6.2588e+02 1.9549e+02 2.6112e-01
3.6680e+02 1.7516e+02 4.0421e+02 2.3222e+02 2.4577e-01
8.2510e+02 1.7530e+02 1.0865e+03 3.3906e+02 2.4301e-01
9.4070e+02 1.7523e+02 9.9297e+02 3.0523e+02 2.4282e-01
1.0859e+03 1.0566e+02 1.1977e+03 3.2839e+02 2.4130e-01
4.9570e+02 1.8357e+02 5.2641e+02 2.0396e+02 2.3939e-01
4.0190e+01 1.9715e+02 5.6566e+01 2.3740e+02 2.3529e-01
3.7134e+02 1.8492e+02 4.1114e+02 2.0841e+02 2.3512e-01
6.0566e+02 1.7561e+02 6.2065e+02 2.0429e+02 2.3083e-01
5.0450e+02 1.8083e+02 5.3095e+02 1.9837e+02 2.2813e-01
7.8778e+02 2.1210e+02 8.9178e+02 3.4423e+02 2.2487e-01
7.8461e+02 1.9777e+02 8.8031e+02 2.4609e+02 2.2050e-01
1.2186e+03 1.8188e+02 1.2420e+03 3.1781e+02 2.1831e-01
1.0588e+03 1.6308e+02 1.2420e+03 2.9652e+02 2.1721e-01
3.7815e+02 1.8524e+02 4.1719e+02 2.0292e+02 2.1576e-01
1.1236e+03 2.1877e+02 1.2420e+03 3.7098e+02 2.1558e-01
4.0169e+02 1.7786e+02 4.2044e+02 2.1800e+02 2.1257e-01
5.0050e+02 1.7714e+02 5.1557e+02 2.0560e+02 2.0860e-01
1.2890e+02 1.8159e+02 1.4743e+02 2.4203e+02 2.0565e-01
9.3134e+02 2.0779e+02 1.2011e+03 3.6342e+02 2.0314e-01
8.7946e+02 1.3255e+02 1.0076e+03 3.7500e+02 1.9723e-01
1.2142e+03 1.4850e+02 1.2420e+03 3.2799e+02 1.9555e-01
8.3207e+02 1.7930e+02 8.7584e+02 2.7333e+02 1.9468e-01
8.2485e+02 2.3910e+02 8.7100e+02 3.3291e+02 1.9208e-01
6.1307e+02 1.8486e+02 6.3255e+02 2.0717e+02 1.8454e-01
6.0176e+02 1.9074e+02 6.2613e+02 2.1098e+02 1.8413e-01
8.9027e+02 1.8246e+02 9.3507e+02 3.1480e+02 1.6726e-01
9.1820e+02 1.6404e+02 9.7295e+02 2.8482e+02 1.6234e-01
1.2098e+02 1.7881e+02 1.3678e+02 2.2131e+02 1.6173e-01
3.6761e+02 1.8305e+02 4.2486e+02 2.2450e+02 1.6059e-01
3.9383e+02 1.7390e+02 4.1404e+02 2.1856e+02 1.5893e-01
8.8967e+02 1.6670e+02 1.1174e+03 3.6550e+02 1.5724e-01
3.8847e+02 1.7504e+02 4.0984e+02 2.2003e+02 1.4718e-01
3.5226e+01 1.9917e+02 4.9984e+01 2.4061e+02 1.4576e-01
7.8640e+02 2.0463e+02 8.8913e+02 2.5732e+02 1.4544e-01
5.9972e+02 1.8395e+02 6.2155e+02 2.0877e+02 1.4455e-01
8.3275e+02 1.4044e+02 1.0415e+03 3.6067e+02 1.4381e-01
1.0790e+03 6.9152e+01 1.2420e+03 3.1242e+02 1.4256e-01
1.1362e+02 1.8552e+02 1.2860e+02 2.3117e+02 1.3932e-01
3.9755e+02 1.7611e+02 4.1228e+02 2.1348e+02 1.3915e-01
8.1742e+02 1.8126e+02 8.3810e+02 2.3205e+02 1.3600e-01
1.0499e+03 1.9494e+02 1.2420e+03 3.1737e+02 1.3390e-01
8.1690e+02 1.8734e+02 8.4037e+02 2.4100e+02 1.3054e-01
3.4703e+02 1.9232e+02 4.0807e+02 2.2243e+02 1.2852e-01
7.5402e+02 1.9155e+02 9.0798e+02 2.8160e+02 1.2799e-01
3.4707e+02 1.8170e+02 4.1878e+02 2.1657e+02 1.2669e-01
9.1853e+02 1.7792e+02 9.8645e+02 2.7068e+02 1.2669e-01
1.2222e+02 1.8417e+02 1.4257e+02 2.4163e+02 1.2300e-01
1.1516e+03 1.6200e+02 1.2133e+03 3.0120e+02 1.2143e-01
1.1595e+02 1.8587e+02 1.3499e+02 2.1882e+02 1.2094e-01
8.3177e+02 1.4606e+02 1.1156e+03 3.2741e+02 1.2020e-01
1.2112e+03 1.8359e+02 1.2420e+03 3.4999e+02 1.1954e-01
7.9315e+02 1.8565e+02 8.7253e+02 2.2975e+02 1.1711e-01
1.1152e+02 1.8125e+02 1.2464e+02 2.1847e+02 1.1664e-01
8.1412e+02 1.7649e+02 8.5335e+02 2.4855e+02 1.1497e-01
8.0265e+02 1.8146e+02 8.6376e+02 2.3205e+02 1.1487e-01
4.9848e+02 1.7700e+02 5.1271e+02 2.0678e+02 1.1457e-01
3.0741e+02 1.8320e+02 4.4357e+02 2.3892e+02 1.1253e-01
8.2093e+02 1.8810e+02 8.4371e+02 2.3929e+02 1.1045e-01
6.1697e+02 1.7207e+02 6.2964e+02 2.0091e+02 1.0964e-01
7.8865e+02 0.0000e+00 1.0670e+03 3.7500e+02 1.0797e-01
8.9278e+02 1.7874e+02 9.3275e+02 2.8320e+02 1.0796e-01
3.9315e+02 1.7637e+02 4.0835e+02 2.1343e+02 1.0780e-01
8.1094e+02 2.3844e+02 8.8002e+02 3.3390e+02 1.0701e-01
3.7090e+02 1.8702e+02 4.1425e+02 2.0335e+02 1.0680e-01
8.5415e+02 1.7711e+02 1.0384e+03 2.8111e+02 1.0655e-01
5.9480e+02 1.8089e+02 6.1693e+02 2.0207e+02 1.0613e-01
3.6243e+02 1.8297e+02 3.9439e+02 2.4337e+02 1.0369e-01
9.6719e+02 1.6034e+02 1.1474e+03 2.2703e+02 1.0338e-01
6.0065e+02 1.7815e+02 6.2214e+02 1.9519e+02 1.0179e-01
5.0418e+02 1.7832e+02 5.1686e+02 2.0734e+02 1.0031e-01
6.0611e+02 1.8458e+02 6.2395e+02 2.1982e+02 9.9862e-02
9.3740e+02 1.4618e+02 1.2190e+03 3.1247e+02 9.8277e-02
1.0730e+03 2.1646e+02 1.2420e+03 3.3559e+02 9.6191e-02
5.9072e+02 1.7914e+02 6.1293e+02 1.9733e+02 9.5968e-02
8.2193e+02 1.8207e+02 8.4164e+02 2.3192e+02 9.5957e-02
6.1947e+02 1.7711e+02 6.3072e+02 2.0760e+02 9.5955e-02
8.1377e+02 1.8573e+02 8.3518e+02 2.4071e+02 9.5151e-02
1.2220e+03 1.6309e+02 1.2420e+03 2.9991e+02 9.5068e-02
3.7130e+02 1.8912e+02 4.2962e+02 2.1903e+02 9.3798e-02
9.0806e+02 2.0544e+02 9.9206e+02 3.7500e+02 9.2980e-02
1.1451e+03 1.6702e+02 1.2036e+03 3.1118e+02 9.2821e-02
8.2021e+02 2.3465e+02 1.1050e+03 3.6447e+02 9.2467e-02
4.9413e+02 1.8225e+02 5.1445e+02 2.0180e+02 9.2287e-02
7.7022e+02 1.8258e+02 9.2461e+02 2.6921e+02 9.1636e-02
3.3881e+02 1.8403e+02 4.0260e+02 2.3129e+02 9.1444e-02
9.3539e+02 1.8831e+02 9.9685e+02 3.4960e+02 9.0411e-02
9.8783e+02 1.8193e+02 1.0962e+03 2.1686e+02 8.8073e-02
5.1177e+02 1.7982e+02 5.3806e+02 1.9763e+02 8.7895e-02
8.8609e+02 2.3494e+02 1.0352e+03 3.7500e+02 8.7369e-02
1.0617e+03 1.4035e+02 1.2420e+03 2.6965e+02 8.7006e-02
1.1664e+02 1.8571e+02 1.3819e+02 2.2643e+02 8.6848e-02
1.2906e+02 1.7231e+02 1.4577e+02 2.3267e+02 8.6732e-02
3.8451e+02 1.7578e+02 4.0545e+02 2.1937e+02 8.6594e-02
9.8342e+02 1.4398e+02 1.1662e+03 2.1347e+02 8.4197e-02
9.1175e+02 1.4730e+02 9.9976e+02 3.1438e+02 8.2495e-02
4.3418e+01 1.9793e+02 5.9978e+01 2.3705e+02 8.1046e-02
5.0932e+02 1.8209e+02 5.3756e+02 2.0130e+02 7.9613e-02
7.8394e+02 1.7195e+02 8.8514e+02 2.7869e+02 7.8861e-02
3.7729e+02 1.8614e+02 4.1026e+02 2.0507e+02 7.6572e-02
8.0918e+02 1.8579e+02 8.3189e+02 2.4449e+02 7.3220e-02
1.1714e+03 9.7405e+01 1.2420e+03 3.3774e+02 7.2435e-02
5.1465e+02 1.7917e+02 5.3444e+02 1.9950e+02 7.1555e-02
9.6588e+02 1.7361e+02 1.1503e+03 2.4372e+02 7.0932e-02
1.1250e+02 1.8730e+02 1.3259e+02 2.1781e+02 7.0090e-02
8.8210e+02 1.5159e+02 1.1690e+03 3.3277e+02 6.9784e-02
1.1855e+03 1.8899e+02 1.2323e+03 3.3681e+02 6.8749e-02
3.8084e+02 1.8204e+02 4.0849e+02 2.3906e+02 6.8106e-02
6.1969e+02 1.7756e+02 6.3808e+02 1.9859e+02 6.7948e-02
4.0127e+02 1.7945e+02 4.1619e+02 2.0881e+02 6.7443e-02
1.0602e+03 7.5603e+01 1.2054e+03 3.5085e+02 6.3995e-02
7.5722e+02 2.1097e+02 9.0879e+02 3.0596e+02 6.3739e-02
9.8730e+02 1.7378e+02 1.0965e+03 2.0983e+02 6.3506e-02
6.0068e+02 1.7619e+02 6.1368e+02 2.1008e+02 6.3003e-02
3.8074e+02 1.7830e+02 4.0144e+02 2.2433e+02 6.2996e-02
8.1367e+02 1.7612e+02 8.3379e+02 2.2845e+02 6.2435e-02
1.0374e+03 7.8632e+01 1.2420e+03 2.7487e+02 6.2286e-02
3.8852e+02 1.7594e+02 4.0471e+02 2.1328e+02 6.1479e-02
1.1640e+03 1.8703e+02 1.2192e+03 3.2162e+02 6.0564e-02
9.4756e+02 1.4630e+02 1.1346e+03 2.1050e+02 5.8794e-02
9.5836e+02 1.7613e+02 1.0517e+03 3.7232e+02 5.8245e-02
9.8744e+02 1.8960e+02 1.0951e+03 2.2407e+02 5.8212e-02
8.5113e+02 1.9360e+02 1.0610e+03 3.0136e+02 5.7441e-02
8.8488e+02 1.8018e+02 9.2554e+02 2.8802e+02 5.7106e-02
1.1737e+03 1.9107e+02 1.2270e+03 3.2976e+02 5.7082e-02
1.1955e+03 1.0328e+02 1.2420e+03 3.2454e+02 5.6771e-02
5.1633e+02 1.7905e+02 5.4225e+02 1.9755e+02 5.6744e-02
3.5629e+02 1.7689e+02 3.8901e+02 2.4052e+02 5.5853e-02
5.1825e+02 1.7783e+02 5.3786e+02 1.9870e+02 5.5581e-02
6.1942e+02 1.7537e+02 6.3850e+02 1.9406e+02 5.5106e-02
8.7748e+02 1.7343e+02 1.0716e+03 2.8417e+02 5.4702e-02
8.4822e+02 1.2371e+02 1.0612e+03 3.3221e+02 5.4271e-02
7.0998e+02 1.7437e+02 7.3089e+02 1.9575e+02 5.3744e-02
1.0068e+03 1.3976e+02 1.1985e+03 2.1871e+02 5.3523e-02
8.3827e+02 2.5032e+02 8.6571e+02 3.1875e+02 5.3271e-02
8.3399e+02 2.3988e+02 8.6262e+02 3.1509e+02 5.2775e-02
1.0763e+03 1.2972e+02 1.1813e+03 3.3553e+02 5.1689e-02
5.9324e+02 1.7975e+02 6.1127e+02 2.0077e+02 5.0752e-02
9.8087e+02 1.2960e+02 1.1696e+03 1.9690e+02 5.0228e-02
6.1974e+02 1.8067e+02 6.3765e+02 2.0307e+02 5.0065e-02
9.4208e+02 1.6727e+02 9.8994e+02 2.7495e+02 4.9285e-02
8.4412e+02 0.0000e+00 1.1793e+03 3.7500e+02 4.9103e-02
5.9782e+02 1.9305e+02 6.2817e+02 2.1185e+02 4.8761e-02
1.1754e+03 1.7513e+02 1.2420e+03 3.3738e+02 4.6852e-02
8.0917e+02 1.7484e+02 8.3091e+02 2.3167e+02 4.6218e-02
7.9414e+02 1.6722e+02 9.0012e+02 3.0143e+02 4.6050e-02
1.0774e+03 1.0891e+02 1.2266e+03 2.6018e+02 4.5766e-02
8.2357e+01 1.9131e+02 9.6285e+01 2.3618e+02 4.5291e-02
1.0451e+03 1.4147e+02 1.1488e+03 1.7863e+02 4.4611e-02
3.8350e+02 1.8158e+02 4.1742e+02 1.9845e+02 4.4270e-02
7.9418e+02 1.8351e+02 8.6645e+02 2.2061e+02 4.4196e-02
8.3596e+02 1.9563e+02 8.7524e+02 3.2105e+02 4.4168e-02
1.0000e+03 1.8864e+02 1.1143e+03 2.2590e+02 4.4135e-02
1.0105e+03 1.5283e+02 1.1989e+03 2.3639e+02 4.4123e-02
8.0671e+02 1.8620e+02 8.8924e+02 2.2944e+02 4.3685e-02
9.2730e+02 1.8867e+02 9.7956e+02 3.4647e+02 4.3026e-02
1.0114e+03 1.8173e+02 1.1217e+03 2.1943e+02 4.2688e-02
8.2508e+02 1.8560e+02 8.4607e+02 2.3341e+02 4.1344e-02
5.0532e+02 1.7967e+02 5.2482e+02 1.9795e+02 4.1164e-02
7.9211e+02 1.8756e+02 8.5723e+02 2.5823e+02 4.0706e-02
1.1822e+02 1.8711e+02 1.4301e+02 2.3362e+02 4.0306e-02
7.7714e+02 1.2626e+02 9.0673e+02 3.7500e+02 4.0104e-02
1.0159e+03 1.8610e+02 1.0741e+03 2.0465e+02 3.9805e-02
8.0174e+02 1.3917e+02 9.2287e+02 3.7500e+02 3.8988e-02
6.0259e+02 1.7424e+02 6.1620e+02 2.0572e+02 3.8712e-02
8.4654e+01 1.8864e+02 1.0065e+02 2.3419e+02 3.8703e-02
1.0448e+03 1.3500e+02 1.1496e+03 1.7099e+02 3.8620e-02
5.9462e+02 1.7698e+02 6.1711e+02 1.9517e+02 3.8477e-02
1.1361e+03 1.5240e+02 1.1974e+03 3.0475e+02 3.8325e-02
9.3464e+02 1.6128e+02 9.8560e+02 2.6484e+02 3.8081e-02
6.1647e+02 1.7552e+02 6.3774e+02 1.9088e+02 3.7629e-02
1.1027e+03 1.9319e+02 1.2420e+03 3.7500e+02 3.7522e-02
7.1421e+02 1.7206e+02 7.2634e+02 2.0032e+02 3.7351e-02
7.0813e+02 5.9943e+01 1.1574e+03 3.7500e+02 3.7243e-02
1.1495e+03 1.6286e+02 1.2420e+03 3.7500e+02 3.7039e-02
8.1126e+02 2.1611e+02 8.6159e+02 3.3365e+02 3.6529e-02
9.8652e+02 1.6554e+02 1.0952e+03 2.0288e+02 3.5992e-02
4.9635e+02 1.8071e+02 5.1775e+02 1.9914e+02 3.5754e-02
8.3875e+02 1.1174e+02 9.7036e+02 3.7500e+02 3.5660e-02
5.2208e+02 1.7777e+02 5.4254e+02 1.9888e+02 3.5549e-02
6.2083e+02 1.7128e+02 6.3226e+02 2.0041e+02 3.5267e-02
3.4541e+01 1.9658e+02 4.9260e+01 2.5191e+02 3.5203e-02
9.5278e+02 1.7109e+02 9.9583e+02 2.8831e+02 3.5111e-02
9.0713e+02 1.6316e+02 9.5269e+02 2.7731e+02 3.4985e-02
1.0947e+03 2.3959e+02 1.2420e+03 3.7500e+02 3.4666e-02
9.4916e+02 1.3262e+02 1.1363e+03 1.9470e+02 3.4356e-02
3.7349e+02 1.7680e+02 3.9467e+02 2.2484e+02 3.4306e-02
8.4183e+02 2.4486e+02 8.6937e+02 3.1388e+02 3.4049e-02
1.0445e+03 1.4895e+02 1.1507e+03 1.8626e+02 3.3919e-02
8.5083e+02 1.6727e+02 1.0252e+03 2.6307e+02 3.3855e-02
9.2249e+02 1.6017e+02 1.1295e+03 2.3098e+02 3.3778e-02
1.0443e+03 1.2582e+02 1.1496e+03 1.6236e+02 3.3722e-02
9.3217e+02 2.1550e+02 9.8990e+02 3.5263e+02 3.3415e-02
7.1105e+02 1.7124e+02 7.2267e+02 2.0070e+02 3.3115e-02
8.6160e+02 2.5030e+02 1.1136e+03 3.7500e+02 3.2746e-02
5.7547e+02 1.7602e+02 6.0155e+02 1.9233e+02 3.2552e-02
6.1346e+02 1.7489e+02 6.3507e+02 1.8990e+02 3.2270e-02
3.8598e+02 1.8299e+02 4.1297e+02 2.0160e+02 3.2209e-02
7.1321e+02 1.7561e+02 7.3431e+02 1.9686e+02 3.2167e-02
8.5333e+02 2.2040e+02 1.0762e+03 3.3738e+02 3.2006e-02
3.9899e+02 1.7738e+02 4.1241e+02 2.0626e+02 3.1891e-02
8.9102e+02 1.4335e+02 9.7035e+02 3.0845e+02 3.1717e-02
1.2187e+03 2.1573e+02 1.2420e+03 3.4770e+02 3.1551e-02
5.6951e+02 1.7600e+02 5.9733e+02 1.9205e+02 3.1506e-02
1.0081e+03 1.8926e+02 1.0671e+03 2.0821e+02 3.1176e-02
3.9470e+02 1.8626e+02 4.2694e+02 2.0675e+02 3.1028e-02
7.7945e+02 1.5380e+02 1.0640e+03 3.2385e+02 3.0935e-02
9.1793e+02 2.0265e+02 1.0540e+03 3.7500e+02 3.0840e-02
8.6339e+02 1.5141e+02 9.4415e+02 3.3774e+02 3.0417e-02
8.3125e+02 2.5059e+02 8.5862e+02 3.1801e+02 3.0323e-02
5.1624e+02 1.7657e+02 5.3537e+02 1.9537e+02 3.0135e-02
8.7822e+02 2.5263e+02 1.0881e+03 3.6811e+02 2.9785e-02
8.6814e+02 1.7818e+02 9.9936e+02 3.6398e+02 2.9739e-02
9.1684e+02 1.6741e+02 9.8967e+02 2.5071e+02 2.9558e-02
9.0639e+02 1.6505e+02 1.0461e+03 3.3310e+02 2.9532e-02
9.3797e+02 2.3870e+02 9.9718e+02 3.6774e+02 2.9367e-02
1.0190e+03 1.2319e+02 1.2156e+03 2.0471e+02 2.8431e-02
3.4007e+01 1.9844e+02 5.7090e+01 2.3230e+02 2.8359e-02
5.9547e+02 1.7852e+02 6.3676e+02 2.1644e+02 2.8356e-02
5.1696e+02 1.7650e+02 5.4118e+02 1.9381e+02 2.8299e-02
7.5426e+02 1.4628e+02 9.4839e+02 3.5203e+02 2.8294e-02
8.1396e+02 1.9264e+02 8.5281e+02 2.2914e+02 2.8051e-02
6.1048e+02 1.7567e+02 6.3157e+02 1.9010e+02 2.7787e-02
5.0000e+02 1.7916e+02 5.2333e+02 1.9554e+02 2.7733e-02
9.4550e+02 1.0072e+02 1.0956e+03 3.7500e+02 2.6982e-02
6.1359e+02 1.8186e+02 6.3622e+02 2.0183e+02 2.6882e-02
4.0456e+02 1.7963e+02 4.1947e+02 2.1055e+02 2.6873e-02
5.7598e+02 1.7903e+02 6.0214e+02 1.9552e+02 2.6868e-02
8.1003e+02 1.8856e+02 8.8222e+02 2.7346e+02 2.6710e-02
1.0483e+03 2.5549e+02 1.2420e+03 3.7500e+02 2.6673e-02
1.1639e+03 1.5512e+02 1.2195e+03 3.0212e+02 2.6528e-02
3.3823e+02 1.8075e+02 4.0854e+02 2.1400e+02 2.6488e-02
8.2880e+02 1.8886e+02 8.5047e+02 2.3921e+02 2.6445e-02
1.1820e+03 2.1533e+02 1.2420e+03 3.6023e+02 2.6420e-02
3.8518e+02 1.7597e+02 4.0037e+02 2.1304e+02 2.6370e-02
8.9963e+02 1.8969e+02 1.0112e+03 2.3910e+02 2.5997e-02
8.1691e+02 1.8415e+02 8.8354e+02 2.4024e+02 2.5888e-02
5.7058e+02 1.7233e+02 5.9792e+02 1.8879e+02 2.5843e-02
9.4361e+02 2.0877e+02 1.0034e+03 3.4723e+02 2.5773e-02
5.0806e+02 1.7814e+02 5.2005e+02 2.0655e+02 2.5485e-02
5.2306e+02 1.7919e+02 5.5070e+02 1.9745e+02 2.5421e-02
1.0406e+03 2.2916e+02 1.2420e+03 3.4904e+02 2.5350e-02
7.8910e+01 1.9274e+02 9.2280e+01 2.3643e+02 2.5127e-02
8.4971e+02 1.6701e+02 9.0940e+02 3.4261e+02 2.5033e-02
5.1480e+02 1.8179e+02 5.4328e+02 2.0047e+02 2.4692e-02
7.8017e+02 2.1624e+02 8.9520e+02 2.7383e+02 2.4547e-02
1.0245e+03 1.4212e+02 1.2330e+03 2.4255e+02 2.4537e-02
8.0328e+02 1.9739e+02 8.6146e+02 2.2625e+02 2.4166e-02
1.2018e+03 7.9203e+01 1.2420e+03 2.8354e+02 2.4088e-02
9.1965e+02 1.9057e+02 9.9671e+02 2.9845e+02 2.3955e-02
1.1992e+03 1.9185e+02 1.2370e+03 3.6127e+02 2.3879e-02
5.9002e+02 1.1559e+02 1.2420e+03 3.7500e+02 2.3569e-02
8.0288e+02 2.6351e+02 1.1835e+03 3.7500e+02 2.3256e-02
5.1125e+02 1.7791e+02 5.3102e+02 1.9574e+02 2.3216e-02
9.8027e+02 2.2173e+02 1.2420e+03 3.7116e+02 2.3146e-02
5.9608e+02 1.8321e+02 6.1863e+02 2.0640e+02 2.3145e-02
3.7833e+02 1.7633e+02 3.9655e+02 2.1771e+02 2.2988e-02
7.1695e+02 1.7258e+02 7.2960e+02 2.0071e+02 2.2945e-02
1.1401e+03 9.9297e+01 1.2279e+03 2.6021e+02 2.2280e-02
9.4788e+02 1.8897e+02 1.1393e+03 2.5866e+02 2.2249e-02
8.2409e+02 1.9000e+02 8.4762e+02 2.4270e+02 2.2243e-02
7.0721e+02 1.7596e+02 7.2700e+02 1.9740e+02 2.2242e-02
1.0389e+03 1.0032e+02 1.1769e+03 3.7458e+02 2.2055e-02
9.9434e+02 1.5668e+02 1.1038e+03 1.9469e+02 2.1828e-02
7.0449e+02 1.7416e+02 7.2450e+02 1.9577e+02 2.1819e-02
8.9485e+02 1.9695e+02 1.0082e+03 2.4658e+02 2.1688e-02
3.9059e+02 1.8377e+02 4.1741e+02 2.0173e+02 2.1447e-02
7.7648e+02 1.6512e+02 8.4759e+02 3.2916e+02 2.1360e-02
4.0850e+02 1.7975e+02 4.2161e+02 2.1323e+02 2.1199e-02
1.1600e+03 1.0421e+02 1.2398e+03 2.7384e+02 2.1069e-02
8.0623e+02 1.8150e+02 8.5516e+02 2.0469e+02 2.0855e-02
7.9462e+02 1.6986e+02 8.2594e+02 2.5774e+02 2.0641e-02
9.0360e+02 1.6860e+02 9.4259e+02 2.6562e+02 2.0485e-02
8.3930e+02 1.7595e+02 8.8100e+02 3.2505e+02 2.0362e-02
3.7414e+02 1.7515e+02 4.1182e+02 2.2750e+02 2.0340e-02
1.0116e+03 1.7348e+02 1.1188e+03 2.1055e+02 2.0330e-02
7.0877e+02 1.7775e+02 7.3885e+02 1.9568e+02 2.0071e-02
7.0786e+02 1.6998e+02 7.1957e+02 2.0055e+02 2.0044e-02
8.1043e+02 1.5356e+02 1.0034e+03 3.6042e+02 1.9928e-02
8.8622e+02 1.4539e+02 1.0097e+03 2.6900e+02 1.9836e-02
1.0089e+03 1.9556e+02 1.1258e+03 2.3458e+02 1.9744e-02
1.1974e+03 1.3192e+02 1.2355e+03 3.0902e+02 1.9731e-02
8.7838e+01 1.8207e+02 1.0505e+02 2.2893e+02 1.9703e-02
8.0860e+02 1.9295e+02 8.9648e+02 2.3419e+02 1.9585e-02
1.2255e+03 1.3698e+02 1.2420e+03 2.7635e+02 1.9562e-02
8.0019e+02 1.8336e+02 8.5353e+02 2.0875e+02 1.9539e-02
1.1214e+03 1.0272e+02 1.2123e+03 2.6068e+02 1.9523e-02
9.2212e+02 1.2553e+02 1.2266e+03 2.8531e+02 1.9477e-02
8.1260e+02 1.8895e+02 8.4790e+02 2.2541e+02 1.9468e-02
8.0218e+02 1.7154e+02 8.3380e+02 2.4556e+02 1.9224e-02
1.0051e+03 1.8633e+02 1.0641e+03 2.0523e+02 1.9224e-02
1.0713e+03 1.4836e+02 1.2126e+03 3.7500e+02 1.9184e-02
4.9709e+02 1.7897e+02 5.0794e+02 2.0755e+02 1.9144e-02
7.0636e+02 1.7144e+02 7.2802e+02 1.9347e+02 1.9135e-02
1.0920e+03 1.2665e+02 1.2420e+03 2.4379e+02 1.9133e-02
1.2020e+02 1.8117e+02 1.4076e+02 2.2616e+02 1.9082e-02
8.1668e+01 1.8149e+02 9.6376e+01 2.2929e+02 1.9005e-02
1.1983e+03 2.7443e+02 1.2420e+03 3.7500e+02 1.8971e-02
9.1669e+02 1.4318e+02 1.1097e+03 2.1251e+02 1.8815e-02
6.1808e+02 1.8070e+02 6.3132e+02 2.1224e+02 1.8756e-02
1.0046e+03 1.9318e+02 1.0615e+03 2.1203e+02 1.8522e-02
9.8724e+02 1.9621e+02 1.0974e+03 2.3082e+02 1.8408e-02
7.8998e+02 1.8061e+02 8.4736e+02 2.2835e+02 1.8286e-02
1.2260e+03 1.1975e+02 1.2420e+03 2.3745e+02 1.8230e-02
7.3827e+02 1.6913e+02 7.7679e+02 1.9075e+02 1.8182e-02
5.8203e+02 1.7892e+02 6.0665e+02 1.9585e+02 1.8088e-02
7.3549e+02 1.5299e+02 9.9940e+02 3.1404e+02 1.8072e-02
3.2980e+01 1.9675e+02 4.6014e+01 2.3927e+02 1.8007e-02
6.2335e+02 1.7366e+02 6.3608e+02 2.0647e+02 1.7923e-02
7.0663e+02 1.7549e+02 7.3462e+02 1.9375e+02 1.7871e-02
8.2956e+02 2.3447e+02 8.5992e+02 3.0981e+02 1.7657e-02
7.8106e+02 2.3327e+02 9.0041e+02 2.9693e+02 1.7564e-02
1.0043e+03 1.9708e+02 1.0603e+03 2.1526e+02 1.7527e-02
5.2526e+02 1.7652e+02 5.4655e+02 1.9672e+02 1.7467e-02
7.3720e+02 1.1530e+02 1.1008e+03 3.7500e+02 1.7297e-02
5.9393e+02 1.8229e+02 6.1286e+02 2.0496e+02 1.7271e-02
0.0000e+00 1.7545e+02 8.5686e+00 2.2513e+02 1.7062e-02
1.1732e+02 1.7605e+02 1.3341e+02 2.1918e+02 1.7058e-02
8.3046e+02 1.5569e+02 8.9477e+02 3.0929e+02 1.6892e-02
9.2795e+02 1.7453e+02 9.9706e+02 2.5327e+02 1.6767e-02
1.1257e+03 1.6941e+02 1.1814e+03 3.0845e+02 1.6664e-02
1.1444e+03 2.1365e+02 1.2420e+03 3.1395e+02 1.6540e-02
1.0784e+02 1.7798e+02 1.2144e+02 2.1936e+02 1.6448e-02
8.7875e+02 1.8070e+02 9.1614e+02 2.7485e+02 1.6374e-02
5.2951e+02 1.7952e+02 5.5805e+02 1.9648e+02 1.6327e-02
5.6176e+02 1.7609e+02 5.8828e+02 1.9205e+02 1.6200e-02
3.8734e+02 1.7625e+02 4.0188e+02 2.0745e+02 1.6156e-02
7.1604e+02 1.7438e+02 7.3778e+02 1.9548e+02 1.6135e-02
9.0603e+02 1.7043e+02 9.7677e+02 2.6406e+02 1.6043e-02
1.1090e+02 1.8726e+02 1.2449e+02 2.2963e+02 1.5879e-02
6.0326e+02 1.7057e+02 6.3024e+02 2.3025e+02 1.5878e-02
1.0158e+03 1.8208e+02 1.0752e+03 2.0119e+02 1.5817e-02
5.6703e+02 1.7517e+02 5.9141e+02 1.9274e+02 1.5666e-02
8.0649e+02 1.7914e+02 8.2687e+02 2.3990e+02 1.5588e-02
6.1731e+02 1.7296e+02 6.4065e+02 1.8871e+02 1.5339e-02
9.2868e+02 1.3813e+02 1.0110e+03 3.1442e+02 1.5228e-02
7.5615e+02 1.6172e+02 7.7279e+02 2.0186e+02 1.5214e-02
8.3645e+02 2.3450e+02 8.6815e+02 3.0941e+02 1.4941e-02
5.0459e+02 1.7394e+02 5.1859e+02 2.0443e+02 1.4894e-02
1.1484e+03 2.3252e+02 1.2420e+03 3.3014e+02 1.4882e-02
1.2132e+03 1.1701e+02 1.2400e+03 2.6779e+02 1.4691e-02
8.3328e+02 1.2470e+02 1.1413e+03 2.9301e+02 1.4662e-02
7.7125e+02 1.7031e+02 9.2801e+02 2.4816e+02 1.4647e-02
3.8239e+02 1.8074e+02 4.0596e+02 2.2748e+02 1.4346e-02
1.0028e+03 2.0093e+02 1.0617e+03 2.1940e+02 1.4342e-02
8.7317e+02 2.0324e+02 1.0945e+03 3.1376e+02 1.4328e-02
7.4529e+02 1.6962e+02 7.9048e+02 1.9105e+02 1.4289e-02
3.4140e+02 1.9068e+02 3.9958e+02 2.1610e+02 1.4217e-02
8.1216e+02 1.8336e+02 8.9497e+02 2.1924e+02 1.4207e-02
8.4347e+02 1.7682e+02 8.8126e+02 2.8482e+02 1.4113e-02
9.1399e+01 1.7826e+02 1.0870e+02 2.2711e+02 1.4007e-02
5.8671e+02 1.7672e+02 6.0988e+02 1.9471e+02 1.3945e-02
8.9474e+02 1.7251e+02 9.3136e+02 2.6239e+02 1.3900e-02
1.2023e+03 1.1926e+02 1.2353e+03 2.6035e+02 1.3877e-02
8.2675e+02 2.4004e+02 8.5523e+02 3.1447e+02 1.3869e-02
9.5942e+02 1.7382e+02 1.0029e+03 3.1432e+02 1.3855e-02
3.6282e+02 1.8593e+02 4.0714e+02 2.0171e+02 1.3824e-02
8.3361e+02 1.8835e+02 8.5440e+02 2.3831e+02 1.3795e-02
8.2882e+02 1.7660e+02 8.6656e+02 2.4564e+02 1.3660e-02
9.4508e+02 1.4233e+02 1.0295e+03 3.3238e+02 1.3608e-02
9.9225e+02 1.4928e+02 1.1040e+03 1.8697e+02 1.3486e-02
1.0913e+03 1.7248e+02 1.1882e+03 3.6765e+02 1.3328e-02
7.5110e+02 1.6659e+02 7.7848e+02 1.9316e+02 1.3315e-02
8.3640e+02 2.2896e+02 8.7900e+02 3.3683e+02 1.3293e-02
8.1333e+02 1.8125e+02 8.4575e+02 2.1533e+02 1.3172e-02
1.0763e+03 1.0563e+02 1.1675e+03 2.8244e+02 1.3171e-02
8.8517e+02 1.9238e+02 9.2651e+02 3.2548e+02 1.3057e-02
1.0797e+02 1.8786e+02 1.3008e+02 2.1807e+02 1.3057e-02
1.2060e+03 2.2645e+02 1.2411e+03 3.7289e+02 1.2997e-02
9.6384e+02 1.8022e+02 1.0722e+03 2.1590e+02 1.2856e-02
5.8017e+02 1.7595e+02 6.0585e+02 1.9309e+02 1.2847e-02
8.5460e+02 1.6086e+02 9.7930e+02 3.3008e+02 1.2765e-02
3.2602e+02 1.7763e+02 4.3071e+02 2.4898e+02 1.2715e-02
1.0580e+02 1.9147e+02 1.4469e+02 2.1329e+02 1.2668e-02
1.1441e+02 1.8084e+02 1.3661e+02 2.1410e+02 1.2607e-02
5.6734e+02 1.7120e+02 5.9308e+02 1.8955e+02 1.2446e-02
5.2875e+02 1.7686e+02 5.5125e+02 1.9681e+02 1.2415e-02
1.1396e+03 1.3044e+02 1.1808e+03 2.3896e+02 1.2376e-02
8.5092e+02 1.5218e+02 9.8138e+02 2.8467e+02 1.2179e-02
3.8696e+01 1.9758e+02 5.5637e+01 2.4794e+02 1.2171e-02
8.0122e+02 1.9422e+02 8.5876e+02 2.2109e+02 1.2149e-02
1.1320e+03 1.2542e+02 1.1743e+03 2.2391e+02 1.2025e-02
7.0411e+02 1.7796e+02 7.3260e+02 1.9601e+02 1.1967e-02
8.2895e+02 2.0463e+02 8.8422e+02 3.5045e+02 1.1910e-02
1.1529e+03 2.4779e+02 1.2420e+03 3.4609e+02 1.1886e-02
1.1804e+03 3.1363e+02 1.2420e+03 3.7500e+02 1.1883e-02
5.2237e+02 1.7395e+02 5.3417e+02 2.0427e+02 1.1807e-02
1.1096e+03 1.1184e+02 1.2420e+03 2.2949e+02 1.1768e-02
9.1221e+02 1.6255e+02 9.6387e+02 2.6956e+02 1.1687e-02
8.6991e+02 1.9319e+02 9.9643e+02 3.7500e+02 1.1657e-02
1.0153e+03 1.9299e+02 1.0743e+03 2.1147e+02 1.1572e-02
7.6306e+02 2.2648e+02 9.1162e+02 3.2410e+02 1.1545e-02
6.1383e+02 1.7058e+02 6.2808e+02 2.0023e+02 1.1542e-02
1.0434e+03 1.1875e+02 1.1448e+03 1.5531e+02 1.1541e-02
7.8069e+02 2.2393e+02 9.0339e+02 2.8372e+02 1.1459e-02
3.6958e+02 1.7708e+02 3.9212e+02 2.2913e+02 1.1366e-02
1.1485e+03 1.1585e+01 1.2420e+03 3.0336e+02 1.1247e-02
8.8351e+02 1.9820e+02 9.5231e+02 3.6661e+02 1.1214e-02
7.4473e+02 1.7287e+02 7.8721e+02 1.9414e+02 1.1176e-02
8.9450e+02 1.5277e+02 1.0914e+03 2.3822e+02 1.1118e-02
1.2258e+03 1.0399e+02 1.2420e+03 2.0626e+02 1.1098e-02
7.5884e+02 1.6111e+02 7.7660e+02 2.0294e+02 1.1078e-02
9.2258e+02 2.3286e+02 1.0012e+03 3.7500e+02 1.0933e-02
3.8146e+02 1.8263e+02 4.0897e+02 2.0022e+02 1.0908e-02
5.1877e+02 1.7458e+02 5.3074e+02 2.0522e+02 1.0855e-02
1.2225e+03 3.2902e+02 1.2420e+03 3.7500e+02 1.0801e-02
7.2763e+02 1.6956e+02 7.6632e+02 1.8967e+02 1.0798e-02
8.5182e+02 1.9699e+02 9.6434e+02 2.3526e+02 1.0750e-02
7.3848e+02 1.6524e+02 7.7659e+02 1.8705e+02 1.0747e-02
1.1793e+03 1.3009e+02 1.2237e+03 2.5619e+02 1.0712e-02
9.2566e+02 1.8544e+02 9.9924e+02 2.7399e+02 1.0628e-02
9.2546e+02 2.0155e+02 1.0058e+03 3.1342e+02 1.0604e-02
7.9870e+02 1.4303e+02 8.6844e+02 2.9208e+02 1.0569e-02
6.8710e+01 2.0319e+02 1.2221e+02 2.2565e+02 1.0526e-02
1.0101e+03 1.6498e+02 1.1164e+03 2.0277e+02 1.0492e-02
7.4609e+02 1.6565e+02 7.9068e+02 1.8703e+02 1.0460e-02
9.8152e+02 1.8387e+02 1.1638e+03 2.6075e+02 1.0422e-02
4.8995e+02 1.8118e+02 5.1026e+02 2.0219e+02 1.0364e-02
7.1136e+02 1.7545e+02 7.4150e+02 1.9409e+02 1.0304e-02
8.7461e+02 1.7062e+02 9.3888e+02 3.4614e+02 1.0283e-02
1.0726e+02 1.8468e+02 1.2054e+02 2.2455e+02 1.0219e-02
1.0469e+03 1.5660e+02 1.1525e+03 1.9493e+02 1.0184e-02
4.6224e+02 1.7140e+02 4.7457e+02 2.0969e+02 1.0148e-02
5.1354e+02 1.7588e+02 5.2525e+02 2.0496e+02 1.0110e-02
9.5370e+02 1.9051e+02 1.0099e+03 3.4110e+02 1.0101e-02
0.0000e+00 1.8923e+02 8.2569e+00 2.3343e+02 1.0089e-02
1.1565e+03 1.2618e+02 1.1970e+03 2.3897e+02 1.0045e-02
6.2192e+02 1.7556e+02 6.4226e+02 1.9329e+02 1.0021e-02
8.8721e+02 1.6533e+02 1.0966e+03 2.5789e+02 9.9236e-03
3.7565e+02 1.8321e+02 4.3798e+02 2.1623e+02 9.9139e-03
3.8186e+02 1.7618e+02 4.0692e+02 1.9488e+02 9.8020e-03
8.8512e+01 1.9128e+02 1.0555e+02 2.3279e+02 9.7735e-03
3.9240e+02 1.7990e+02 4.1508e+02 2.2649e+02 9.7707e-03
1.1472e+03 1.2508e+02 1.1904e+03 2.2242e+02 9.7638e-03
1.1085e+02 1.8096e+02 1.3259e+02 2.1349e+02 9.7142e-03
1.0196e+03 1.9693e+02 1.0776e+03 2.1562e+02 9.6309e-03
7.3219e+02 1.6546e+02 7.7003e+02 1.8665e+02 9.6100e-03
8.0583e+02 1.9748e+02 9.0270e+02 2.4442e+02 9.5588e-03
1.1896e+03 1.2598e+02 1.2308e+03 2.5779e+02 9.5541e-03
1.1353e+02 1.7333e+02 1.2873e+02 2.1791e+02 9.5313e-03
4.8672e+02 1.8066e+02 5.1266e+02 1.9881e+02 9.4419e-03
3.5587e+02 1.8844e+02 4.0208e+02 2.2155e+02 9.4396e-03
7.5658e+02 1.5206e+02 7.7247e+02 1.9565e+02 9.4116e-03
9.4774e+02 2.6485e+02 1.0032e+03 3.6956e+02 9.4007e-03
7.4360e+01 1.9368e+02 8.8331e+01 2.3454e+02 9.3865e-03
4.9402e+02 1.8393e+02 5.1819e+02 2.0520e+02 9.3839e-03
9.0578e+02 1.8198e+02 1.0093e+03 2.3169e+02 9.3779e-03
8.8627e+02 1.7168e+02 9.2338e+02 2.6110e+02 9.2555e-03
8.5058e+01 1.7463e+02 1.0049e+02 2.2543e+02 9.2189e-03
5.3274e+02 1.7673e+02 5.5502e+02 1.9566e+02 9.2067e-03
7.6384e+02 1.3203e+02 1.0863e+03 2.9457e+02 9.1806e-03
1.1993e+02 1.7594e+02 1.4688e+02 2.4412e+02 9.1637e-03
8.1000e+02 1.8531e+02 8.4178e+02 2.2059e+02 9.1401e-03
7.1184e+02 1.7116e+02 7.3374e+02 1.9349e+02 9.1356e-03
5.0607e+02 1.8416e+02 5.3701e+02 2.0487e+02 9.1115e-03
1.1492e+03 1.3331e+02 1.1897e+03 2.5306e+02 8.9519e-03
5.1735e+02 1.7158e+02 5.3853e+02 1.9337e+02 8.8030e-03
3.8856e+02 1.7083e+02 4.0427e+02 2.0400e+02 8.7315e-03
1.1653e+03 1.3170e+02 1.2076e+03 2.5112e+02 8.7083e-03
3.5583e+02 1.6225e+02 4.0890e+02 2.8114e+02 8.5525e-03
8.1146e+02 1.4092e+02 8.8333e+02 2.9360e+02 8.5388e-03
7.0193e+02 1.7506e+02 7.2955e+02 1.9383e+02 8.5302e-03
1.1615e+03 2.6061e+02 1.2420e+03 3.6367e+02 8.5278e-03
9.6139e+02 1.7310e+02 1.0732e+03 2.1047e+02 8.4598e-03
1.1820e+03 8.3601e+01 1.2420e+03 2.8287e+02 8.3928e-03
3.5026e+02 1.9927e+02 4.1127e+02 2.2744e+02 8.3656e-03
7.1335e+02 1.7420e+02 7.2557e+02 2.0818e+02 8.2980e-03
3.6714e+02 1.8909e+02 4.2122e+02 2.2799e+02 8.2754e-03
8.6810e+02 2.7725e+02 1.0673e+03 3.7500e+02 8.2332e-03
9.0012e+02 1.8194e+02 9.1712e+02 2.3015e+02 8.2287e-03
8.1722e+02 2.6016e+02 1.0687e+03 3.7500e+02 8.1852e-03
1.1854e+03 1.2869e+02 1.2340e+03 2.9311e+02 8.1144e-03
3.6481e+01 1.9971e+02 6.2258e+01 2.2925e+02 8.1109e-03
8.2977e+02 1.8372e+02 8.4976e+02 2.3014e+02 8.0964e-03
5.6871e+02 1.7897e+02 5.9689e+02 1.9490e+02 8.0798e-03
7.5909e+02 1.5229e+02 7.7680e+02 1.9636e+02 8.0651e-03
7.5303e+02 1.6281e+02 7.8294e+02 1.9029e+02 8.0612e-03
7.2576e+02 1.6604e+02 7.6300e+02 1.8587e+02 8.0593e-03
7.3281e+02 1.6758e+02 7.6169e+02 1.9195e+02 8.0374e-03
1.1132e+02 1.9125e+02 1.3439e+02 2.2427e+02 8.0097e-03
7.7474e+01 1.8133e+02 9.3553e+01 2.2927e+02 7.9689e-03
4.5728e+02 1.6838e+02 4.7153e+02 2.0923e+02 7.9329e-03
9.9020e+02 1.4247e+02 1.1064e+03 1.7930e+02 7.9294e-03
7.3073e+02 1.6407e+02 7.5796e+02 1.8812e+02 7.8595e-03
7.9286e+02 1.7381e+02 8.3002e+02 2.7568e+02 7.8236e-03
1.0163e+03 1.4873e+02 1.1307e+03 1.8795e+02 7.7921e-03
5.2548e+02 1.7358e+02 5.3732e+02 2.0393e+02 7.7579e-03
7.8860e+02 2.5288e+02 8.9591e+02 3.1516e+02 7.7027e-03
8.3766e+02 1.8781e+02 8.5853e+02 2.3781e+02 7.6614e-03
6.0708e+02 1.9042e+02 6.3151e+02 2.1061e+02 7.6197e-03
5.7841e+02 1.7248e+02 6.0118e+02 1.9103e+02 7.5780e-03
1.1083e+03 2.0549e+02 1.2420e+03 3.1691e+02 7.4985e-03
5.5997e+02 1.7927e+02 5.8816e+02 1.9512e+02 7.4737e-03
7.9817e+02 1.7734e+02 8.3872e+02 3.0739e+02 7.4609e-03
8.7351e+02 1.5179e+02 1.0492e+03 2.4618e+02 7.4152e-03
7.7211e+02 1.8077e+02 8.5349e+02 2.1839e+02 7.3093e-03
1.1950e+03 2.4306e+02 1.2384e+03 3.7020e+02 7.2791e-03
1.2172e+03 1.1491e+02 1.2420e+03 2.8893e+02 7.2771e-03
1.2161e+03 3.4880e+02 1.2420e+03 3.7500e+02 7.2414e-03
7.2147e+02 1.7128e+02 7.3338e+02 2.0072e+02 7.2395e-03
1.2196e+03 2.4896e+02 1.2420e+03 3.7118e+02 7.2332e-03
8.9265e+02 2.1680e+02 9.7101e+02 3.7500e+02 7.2262e-03
1.0381e+03 1.1732e+02 1.1868e+03 2.3647e+02 7.2050e-03
1.1333e+03 1.3309e+02 1.1730e+03 2.5054e+02 7.1674e-03
7.0928e+02 1.6160e+02 7.2353e+02 1.9601e+02 7.1372e-03
1.1775e+03 1.4848e+02 1.2420e+03 3.0757e+02 7.1163e-03
1.1512e+03 1.8416e+02 1.2420e+03 2.8696e+02 7.0617e-03
1.1790e+03 2.2195e+02 1.2357e+03 3.4621e+02 7.0259e-03
3.7605e+02 1.7905e+02 3.9764e+02 2.2823e+02 7.0097e-03
1.1248e+03 1.2203e+02 1.1671e+03 2.1981e+02 6.9990e-03
7.7349e+01 1.9433e+02 1.0700e+02 2.2828e+02 6.9581e-03
6.2053e+02 1.6982e+02 6.4133e+02 1.8918e+02 6.9426e-03
1.1645e+03 1.2491e+02 1.2067e+03 2.2199e+02 6.9277e-03
9.2793e+02 1.5362e+02 9.7805e+02 2.5873e+02 6.9030e-03
1.0197e+03 2.0133e+02 1.0783e+03 2.2006e+02 6.8876e-03
6.2361e+02 1.8016e+02 6.3563e+02 2.1184e+02 6.8572e-03
1.1847e+03 2.5048e+02 1.2420e+03 3.7500e+02 6.8469e-03
1.2020e+03 2.2525e+02 1.2420e+03 3.7500e+02 6.8447e-03
7.0980e+02 1.7495e+02 7.2206e+02 2.0856e+02 6.8072e-03
8.0602e+02 1.9188e+02 8.4090e+02 2.3034e+02 6.7107e-03
6.1883e+02 1.6924e+02 6.3159e+02 1.9799e+02 6.7012e-03
3.1307e+02 1.7071e+02 4.5309e+02 2.3117e+02 6.6917e-03
7.1311e+02 1.6179e+02 7.2707e+02 1.9683e+02 6.6900e-03
4.7684e+01 1.9622e+02 6.3240e+01 2.3668e+02 6.6774e-03
7.0551e+02 1.6127e+02 7.1958e+02 1.9583e+02 6.6415e-03
1.1383e+03 1.1743e+02 1.1824e+03 2.1451e+02 6.5875e-03
9.6242e+02 1.8708e+02 1.0721e+03 2.2461e+02 6.5583e-03
8.9503e+02 3.5849e+01 1.1171e+03 3.7500e+02 6.5461e-03
0.0000e+00 1.9919e+02 1.1063e+01 2.2559e+02 6.5321e-03
8.0058e+02 2.0094e+02 8.5560e+02 2.2949e+02 6.4219e-03
3.7409e+02 1.8235e+02 4.1199e+02 1.9783e+02 6.3766e-03
7.9905e+02 1.9049e+02 8.5317e+02 2.1549e+02 6.3633e-03
8.9578e+02 1.3924e+02 1.0674e+03 2.1760e+02 6.3606e-03
5.3664e+02 1.7951e+02 5.6520e+02 1.9666e+02 6.2831e-03
8.0786e+02 1.8081e+02 8.4223e+02 2.1143e+02 6.2805e-03
8.2062e+02 1.5750e+02 9.2180e+02 1.9258e+02 6.2080e-03
8.0572e+02 1.8530e+02 8.2843e+02 2.5060e+02 6.1973e-03
7.3156e+02 1.7199e+02 7.7214e+02 1.9349e+02 6.1812e-03
1.0027e+03 2.0425e+02 1.0628e+03 2.2316e+02 6.1683e-03
3.5939e+02 1.7246e+02 3.9907e+02 2.3730e+02 6.1327e-03
1.0484e+03 1.6412e+02 1.1533e+03 2.0156e+02 6.1018e-03
8.1944e+02 1.7556e+02 8.3813e+02 2.1945e+02 6.0628e-03
6.0220e+02 1.7518e+02 6.2487e+02 1.9041e+02 6.0623e-03
7.5208e+02 1.7072e+02 7.8275e+02 1.9675e+02 6.0422e-03
1.2152e+03 2.1131e+02 1.2420e+03 2.9627e+02 6.0392e-03
9.9776e+02 1.5108e+02 1.1435e+03 2.3859e+02 6.0250e-03
5.4821e+02 1.7823e+02 5.6878e+02 1.9678e+02 5.9841e-03
1.0600e+03 1.3989e+02 1.1670e+03 1.7884e+02 5.9574e-03
7.0348e+02 1.6491e+02 7.1585e+02 1.9764e+02 5.9261e-03
1.2098e+03 1.0527e+02 1.2392e+03 2.3420e+02 5.8529e-03
5.9918e+02 1.7512e+02 6.1971e+02 1.9232e+02 5.8397e-03
1.0098e+03 2.0270e+02 1.1244e+03 2.4298e+02 5.7863e-03
8.0708e+02 1.7525e+02 8.2576e+02 2.2189e+02 5.7723e-03
4.6571e+02 1.7114e+02 4.7772e+02 2.0974e+02 5.7584e-03
4.9207e+02 1.8662e+02 5.2726e+02 2.0654e+02 5.7376e-03
8.6296e+02 2.2031e+02 1.0113e+03 3.7500e+02 5.7215e-03
1.0671e+03 1.1518e+02 1.1504e+03 2.9351e+02 5.6841e-03
3.6201e+02 1.7760e+02 3.8345e+02 2.2742e+02 5.6550e-03
1.1736e+03 1.2913e+02 1.2149e+03 2.5172e+02 5.6547e-03
8.1949e+02 1.8868e+02 9.0338e+02 2.2703e+02 5.6476e-03
1.0972e+03 9.5206e+01 1.1794e+03 2.6232e+02 5.6403e-03
3.7176e+02 1.8132e+02 4.0679e+02 2.5202e+02 5.6376e-03
9.9682e+02 9.1041e+01 1.1302e+03 3.7388e+02 5.6222e-03
9.7039e+02 1.5593e+02 1.0787e+03 1.9479e+02 5.5994e-03
7.5534e+01 1.9849e+02 1.0173e+02 2.2993e+02 5.5876e-03
7.1959e+02 1.7437e+02 7.5356e+02 1.9402e+02 5.5581e-03
7.6642e+02 1.7013e+02 8.0908e+02 1.9022e+02 5.5571e-03
1.0627e+03 1.4743e+02 1.1688e+03 1.8755e+02 5.5568e-03
8.1311e+02 1.7656e+02 8.9782e+02 2.0858e+02 5.5519e-03
8.1971e+02 1.5006e+02 9.2281e+02 1.8755e+02 5.5347e-03
8.9743e+02 1.8188e+02 9.1379e+02 2.3117e+02 5.5239e-03
3.8618e+02 1.8229e+02 4.1210e+02 2.3084e+02 5.5203e-03
6.3009e+01 1.9958e+02 1.1667e+02 2.2281e+02 5.5143e-03
7.4105e+02 1.6674e+02 8.2827e+02 2.0175e+02 5.5127e-03
8.0926e+02 1.9443e+02 8.4732e+02 2.3351e+02 5.4942e-03
1.2022e+03 1.1515e+02 1.2335e+03 2.2543e+02 5.4521e-03
9.2629e+02 2.6742e+02 9.9305e+02 3.7500e+02 5.4286e-03
9.0995e+02 1.5081e+02 1.0546e+03 2.7990e+02 5.4203e-03
1.0249e+03 1.5586e+02 1.1368e+03 1.9457e+02 5.3904e-03
7.4657e+02 1.6135e+02 7.9136e+02 1.8298e+02 5.3812e-03
7.5343e+02 1.6096e+02 7.6882e+02 2.0212e+02 5.3552e-03
5.2498e+02 1.7192e+02 5.4656e+02 1.9340e+02 5.3548e-03
9.5058e+02 2.0627e+02 1.0867e+03 3.7500e+02 5.3395e-03
5.3731e+02 1.7698e+02 5.5879e+02 1.9525e+02 5.3197e-03
0.0000e+00 1.8525e+02 1.0881e+01 2.1503e+02 5.2836e-03
9.6214e+01 1.8411e+02 1.1357e+02 2.2874e+02 5.2777e-03
7.8097e+02 1.7826e+02 8.5562e+02 2.0987e+02 5.2764e-03
9.1576e+02 2.0685e+02 1.0812e+03 3.7500e+02 5.2714e-03
6.2182e+02 1.6827e+02 6.3419e+02 1.9679e+02 5.2705e-03
1.2070e+03 3.5259e+02 1.2420e+03 3.7500e+02 5.2123e-03
7.8023e+02 1.6167e+02 9.5985e+02 2.3087e+02 5.1970e-03
8.1494e+02 1.7888e+02 8.4982e+02 2.0635e+02 5.1963e-03
1.0719e+02 1.8767e+02 1.4567e+02 2.0974e+02 5.1605e-03
1.0975e+03 4.1262e+01 1.2420e+03 2.6357e+02 5.1555e-03
4.0024e+02 1.8509e+02 4.2319e+02 2.0585e+02 5.1472e-03
7.7165e+02 1.7373e+02 8.1226e+02 1.9382e+02 5.1455e-03
0.0000e+00 2.8194e+02 2.8743e+01 3.7500e+02 5.0983e-03
1.0065e+03 1.7759e+02 1.2018e+03 2.6740e+02 5.0616e-03
1.2236e+03 2.7757e+02 1.2420e+03 3.7500e+02 5.0593e-03
3.5787e+01 1.9533e+02 5.2342e+01 2.5792e+02 5.0365e-03
5.1388e+02 1.7225e+02 5.4079e+02 1.9082e+02 5.0347e-03
9.1891e+01 1.8938e+02 1.0988e+02 2.3319e+02 5.0181e-03
7.6250e+02 1.5194e+02 7.8109e+02 1.9596e+02 5.0164e-03
3.0764e+01 1.9804e+02 5.3894e+01 2.2861e+02 4.9891e-03
7.2664e+02 1.7311e+02 7.6489e+02 1.9304e+02 4.9623e-03
7.4648e+02 1.7675e+02 7.9191e+02 1.9761e+02 4.9288e-03
8.7954e+02 1.3784e+02 9.5293e+02 2.9249e+02 4.9263e-03
8.2287e+02 1.7583e+02 8.4209e+02 2.1993e+02 4.9228e-03
6.9957e+02 1.7074e+02 7.2099e+02 1.9230e+02 4.9124e-03
5.7074e+02 1.6798e+02 5.9550e+02 1.8758e+02 4.8827e-03
7.9293e+02 2.6911e+02 8.8999e+02 3.2200e+02 4.8622e-03
8.6946e+02 1.8735e+02 9.3909e+02 2.5093e+02 4.8615e-03
9.0126e+02 2.4201e+02 1.1087e+03 3.5593e+02 4.8349e-03
8.3130e+02 2.7030e+02 8.7522e+02 3.1607e+02 4.8341e-03
8.4235e+02 2.2424e+02 8.6983e+02 3.0462e+02 4.8333e-03
1.0214e+03 1.8976e+02 1.0803e+03 2.0833e+02 4.8257e-03
8.0390e+02 1.8070e+02 8.3827e+02 2.1679e+02 4.8064e-03
4.5320e+02 1.6839e+02 4.6780e+02 2.0727e+02 4.8038e-03
1.0156e+03 1.4104e+02 1.1315e+03 1.7993e+02 4.7943e-03
8.8905e+02 1.7831e+02 9.5304e+02 2.5452e+02 4.7600e-03
1.0290e+03 1.6471e+02 1.1343e+03 2.0261e+02 4.7543e-03
9.6234e+02 1.6459e+02 1.0697e+03 2.0258e+02 4.7145e-03
9.9664e+02 1.1656e+02 1.1873e+03 1.8800e+02 4.6748e-03
9.6992e+02 1.4969e+02 1.0798e+03 1.8775e+02 4.6705e-03
1.0447e+03 2.0024e+02 1.2001e+03 3.7500e+02 4.6228e-03
9.6506e+02 1.5487e+02 1.0459e+03 3.3360e+02 4.6043e-03
8.9503e+02 1.7886e+02 9.6569e+02 2.6912e+02 4.5995e-03
7.3167e+02 1.5746e+02 8.2293e+02 1.9509e+02 4.5886e-03
1.2042e+03 5.2252e+01 1.2420e+03 2.2614e+02 4.5873e-03
8.2619e+02 1.6695e+02 9.1831e+02 2.0019e+02 4.5679e-03
9.2132e+02 1.9312e+02 9.6744e+02 3.4326e+02 4.5336e-03
9.6597e+02 1.1795e+02 1.1506e+03 1.8207e+02 4.5196e-03
0.0000e+00 1.5402e+02 1.7949e+01 2.5156e+02 4.5034e-03
5.9146e+02 1.7771e+02 6.4322e+02 2.1133e+02 4.4477e-03
1.1557e+03 1.1818e+02 1.1979e+03 2.1271e+02 4.4408e-03
8.4161e+02 2.6507e+02 1.0421e+03 3.6416e+02 4.4103e-03
0.0000e+00 9.9878e+01 3.3164e+01 2.8631e+02 4.3996e-03
9.0050e+02 1.8353e+02 1.1123e+03 2.7076e+02 4.3939e-03
1.0545e+03 5.2169e+01 1.2420e+03 2.3604e+02 4.3135e-03
1.1744e+03 1.3421e+02 1.2291e+03 2.8492e+02 4.3123e-03
8.2818e+02 1.5603e+02 1.0228e+03 2.4385e+02 4.2859e-03
3.8931e+02 1.7738e+02 4.1683e+02 2.4264e+02 4.1905e-03
1.1184e+03 1.5552e+02 1.1731e+03 3.0021e+02 4.1761e-03
1.1218e+03 2.6544e+02 1.2420e+03 3.7500e+02 4.1679e-03
8.7209e+02 1.9226e+02 9.7928e+02 2.3643e+02 4.1539e-03
8.3068e+02 1.8221e+02 9.1465e+02 2.1875e+02 4.0594e-03
0.0000e+00 2.2929e+00 1.3575e+02 3.7500e+02 3.9910e-03
7.2323e+02 0.0000e+00 9.9721e+02 3.7500e+02 3.9729e-03
8.4733e+02 1.4318e+02 9.1730e+02 3.1283e+02 3.9718e-03
1.0578e+03 1.1735e+02 1.2420e+03 2.1746e+02 3.9707e-03
7.8134e+02 1.5754e+02 9.0531e+02 2.5134e+02 3.9681e-03
7.0948e+02 1.3558e+02 1.0218e+03 2.9228e+02 3.9317e-03
1.1401e+03 1.8355e+02 1.1956e+03 3.2211e+02 3.8679e-03
1.2085e+03 1.2217e+02 1.2420e+03 1.6400e+02 3.8530e-03
1.1816e+03 8.9161e+01 1.2420e+03 2.0687e+02 3.8338e-03
1.0197e+03 1.2646e+02 1.1654e+03 2.2686e+02 3.8147e-03
1.0174e+03 1.3998e+02 1.1640e+03 2.4810e+02 3.8036e-03
1.2149e+03 2.3008e+02 1.2420e+03 3.0913e+02 3.7939e-03
7.5895e+02 1.7991e+02 8.6428e+02 3.0900e+02 3.7826e-03
9.1372e+02 1.8443e+02 9.6126e+02 3.4087e+02 3.7548e-03
9.6254e+02 1.6615e+02 1.0022e+03 2.8254e+02 3.7466e-03
1.2110e+03 1.3002e+02 1.2420e+03 1.7120e+02 3.7457e-03
1.2193e+03 1.9735e+02 1.2420e+03 2.8071e+02 3.7365e-03
1.1692e+03 2.4226e+02 1.2304e+03 3.5621e+02 3.7172e-03
9.4371e+02 1.5512e+02 9.9015e+02 2.4917e+02 3.7032e-03
9.2133e+02 1.5463e+02 9.6895e+02 2.5458e+02 3.6924e-03
1.1678e+03 9.9113e+01 1.2420e+03 1.9127e+02 3.6803e-03
9.4079e+02 2.6570e+02 1.0069e+03 3.7500e+02 3.6693e-03
9.0986e+02 2.7313e+02 9.7987e+02 3.7500e+02 3.6687e-03
9.1027e+02 2.0228e+02 1.0182e+03 2.5497e+02 3.6460e-03
1.0648e+03 1.3248e+02 1.1575e+03 3.2752e+02 3.5972e-03
7.4506e+02 1.7458e+02 8.3007e+02 2.0808e+02 3.5859e-03
8.0640e+02 1.9955e+02 8.4949e+02 3.2047e+02 3.5789e-03
9.9028e+02 1.3389e+02 1.1096e+03 1.7166e+02 3.5456e-03
9.8039e+02 1.6516e+02 1.1286e+03 2.4932e+02 3.5357e-03
1.1141e+03 1.4322e+02 1.2255e+03 1.9271e+02 3.5149e-03
3.2934e+02 1.7450e+02 4.7250e+02 2.3654e+02 3.5050e-03
1.1279e+03 1.3329e+02 1.2074e+03 1.9889e+02 3.4858e-03
7.6143e+02 1.7590e+02 8.4332e+02 2.0762e+02 3.4849e-03
1.2191e+03 1.2297e+02 1.2420e+03 1.7918e+02 3.4786e-03
8.4474e+02 1.7778e+02 8.7934e+02 2.5467e+02 3.4693e-03
1.0210e+03 1.8846e+02 1.1380e+03 2.2730e+02 3.4493e-03
8.3618e+02 1.7535e+02 8.7300e+02 2.4383e+02 3.4122e-03
9.1114e+02 1.2914e+02 1.0891e+03 1.9538e+02 3.3762e-03
7.5021e+02 8.8206e+01 8.9010e+02 3.7500e+02 3.3469e-03
8.2856e+02 1.7430e+02 9.1502e+02 2.0862e+02 3.3201e-03
1.0159e+03 1.3364e+02 1.1322e+03 1.7214e+02 3.3061e-03
7.1713e+02 1.1852e+02 9.3685e+02 3.1629e+02 3.2910e-03
8.9735e+02 2.0924e+02 1.0122e+03 2.6293e+02 3.2588e-03
1.1538e+03 1.3293e+02 1.2019e+03 2.6269e+02 3.1952e-03
9.6321e+02 1.5387e+02 1.1106e+03 2.3466e+02 3.1705e-03
9.1693e+02 2.5251e+02 1.1905e+03 3.7500e+02 3.1625e-03
7.9756e+02 1.7921e+02 8.7196e+02 2.1194e+02 3.1298e-03
7.8354e+02 1.7905e+02 8.3831e+02 2.3807e+02 3.1078e-03
9.9635e+02 1.2490e+02 1.1194e+03 1.6340e+02 3.0996e-03
7.2432e+02 1.6560e+02 8.1243e+02 2.0166e+02 3.0818e-03
8.9982e+02 1.8902e+02 9.3953e+02 3.2964e+02 3.0669e-03
3.8339e+02 1.7345e+02 4.1402e+02 2.2561e+02 3.0636e-03
1.2158e+03 1.0575e+02 1.2420e+03 2.4526e+02 3.0394e-03
8.5087e+02 2.0080e+02 9.5186e+02 2.4151e+02 3.0342e-03
7.8692e+02 1.7064e+02 9.8511e+02 2.5013e+02 3.0142e-03
7.8697e+02 1.3862e+02 8.5238e+02 2.9113e+02 2.9717e-03
1.1551e+03 1.9953e+02 1.2126e+03 3.3078e+02 2.9584e-03
1.1171e+03 1.2545e+02 1.1571e+03 2.2896e+02 2.9551e-03
8.8955e+02 1.5682e+02 9.1965e+02 2.4272e+02 2.8957e-03
7.7548e+02 1.4453e+02 8.4038e+02 3.0431e+02 2.8778e-03
9.5309e+02 2.0805e+02 1.1371e+03 2.7480e+02 2.8357e-03
0.0000e+00 1.4714e+02 2.8100e+01 3.4337e+02 2.8319e-03
3.4837e+02 1.7389e+02 3.7984e+02 2.3759e+02 2.8126e-03
8.9925e+02 1.7063e+02 9.6746e+02 2.5050e+02 2.7889e-03
8.2806e+02 1.8780e+02 8.9150e+02 2.4693e+02 2.7654e-03
1.1831e+03 1.1113e+02 1.2420e+03 2.4582e+02 2.7419e-03
1.1543e+03 1.9296e+02 1.2350e+03 3.0275e+02 2.6976e-03
8.2300e+02 2.2536e+01 1.0237e+03 3.7500e+02 2.6937e-03
8.1271e+02 1.4234e+02 9.1581e+02 1.8063e+02 2.6823e-03
8.8619e+02 1.8745e+02 9.5235e+02 2.7834e+02 2.6789e-03
9.7860e+02 2.0119e+02 1.1239e+03 3.7500e+02 2.6647e-03
7.7900e+02 1.4598e+02 9.5381e+02 2.1208e+02 2.6506e-03
8.3207e+02 1.3304e+02 8.9983e+02 2.8987e+02 2.6459e-03
7.8624e+02 1.6923e+02 8.1670e+02 2.5779e+02 2.6367e-03
7.4653e+02 1.8145e+02 8.2858e+02 2.1707e+02 2.6126e-03
8.3962e+02 2.0780e+02 1.0435e+03 3.1778e+02 2.5837e-03
0.0000e+00 1.7184e+02 1.5616e+01 2.6538e+02 2.5835e-03
1.2167e+03 1.0841e+02 1.2420e+03 1.6557e+02 2.5515e-03
7.9324e+02 1.7622e+02 8.5452e+02 2.1892e+02 2.5506e-03
0.0000e+00 1.9776e+02 5.3836e+01 3.7500e+02 2.5402e-03
0.0000e+00 1.8494e+02 2.8830e+01 3.7500e+02 2.5176e-03
9.2499e+02 1.6702e+02 9.9878e+02 2.3294e+02 2.5169e-03
3.5486e+02 1.4468e+02 4.1360e+02 2.5770e+02 2.5144e-03
8.6317e+02 1.2768e+02 9.3478e+02 2.8976e+02 2.5062e-03
3.4409e+02 1.6407e+02 3.9919e+02 2.8255e+02 2.4638e-03
1.2009e+03 1.0712e+02 1.2357e+03 1.9992e+02 2.4519e-03
9.9568e+02 1.2087e+02 1.1460e+03 2.0224e+02 2.4403e-03
8.2990e+02 2.4782e+02 8.7655e+02 3.4066e+02 2.4393e-03
0.0000e+00 1.7543e+02 3.9645e+01 2.2264e+02 2.4349e-03
1.1856e+03 2.8776e+02 1.2420e+03 3.7500e+02 2.3892e-03
1.0350e+03 1.3445e+02 1.1996e+03 2.7877e+02 2.3845e-03
8.0983e+02 1.4387e+02 9.9633e+02 2.1786e+02 2.3650e-03
8.1988e+02 2.4830e+02 8.6432e+02 3.4019e+02 2.2933e-03
5.9903e+02 1.6929e+02 6.2589e+02 2.3321e+02 2.2833e-03
9.8253e+02 1.9852e+02 1.0656e+03 3.5710e+02 2.2699e-03
9.8466e+02 2.0392e+02 1.0977e+03 2.4020e+02 2.2478e-03
1.0807e+03 9.5866e+01 1.1595e+03 2.5567e+02 2.2167e-03
9.2352e+02 3.4050e+02 9.5827e+02 3.7500e+02 2.2117e-03
9.3943e+02 1.2161e+02 1.1183e+03 1.8134e+02 2.2055e-03
3.6849e+02 1.5429e+02 4.2259e+02 2.8348e+02 2.1938e-03
3.5056e+02 1.6965e+02 3.8735e+02 2.3602e+02 2.1926e-03
7.4681e+02 1.5896e+02 8.3540e+02 1.9459e+02 2.1824e-03
1.0969e+03 1.4209e+02 1.2014e+03 1.9002e+02 2.1718e-03
8.5272e+02 1.8951e+02 9.5260e+02 2.2982e+02 2.1543e-03
8.9281e+02 1.4187e+02 1.0273e+03 2.3544e+02 2.1474e-03
9.5252e+02 2.5117e+02 1.0111e+03 3.6047e+02 2.1451e-03
8.3793e+02 2.4213e+02 1.0536e+03 3.5332e+02 2.1266e-03
1.1684e+03 9.2096e+01 1.2362e+03 2.4569e+02 2.0838e-03
1.1723e+03 8.5814e+01 1.2420e+03 1.7289e+02 2.0777e-03
8.9535e+02 7.2222e+01 1.0345e+03 3.4853e+02 2.0536e-03
1.0037e+03 1.9692e+02 1.1658e+03 3.7500e+02 2.0092e-03
9.2259e+02 1.9759e+02 1.0727e+03 3.3876e+02 2.0043e-03
1.1704e+03 1.2490e+02 1.2420e+03 2.2327e+02 1.9493e-03
0.0000e+00 7.8350e+01 7.2058e+01 3.7500e+02 1.9054e-03
9.3576e+02 2.3688e+02 1.1407e+03 3.4483e+02 1.8960e-03
1.1191e+03 1.7794e+02 1.2420e+03 2.8876e+02 1.8909e-03
9.2171e+02 1.3597e+02 9.9607e+02 2.7794e+02 1.8905e-03
1.1466e+03 2.7700e+02 1.2221e+03 3.7500e+02 1.8816e-03
7.5236e+02 1.6182e+02 9.2213e+02 2.3222e+02 1.8653e-03
7.3916e+02 2.7303e+02 1.1024e+03 3.7500e+02 1.8647e-03
9.1715e+02 2.5658e+02 1.1253e+03 3.7048e+02 1.8324e-03
9.0178e+02 2.2157e+02 1.1041e+03 3.2861e+02 1.8309e-03
9.3281e+02 1.3425e+02 1.0838e+03 2.2055e+02 1.8173e-03
0.0000e+00 3.1789e+02 4.0307e+01 3.7500e+02 1.8008e-03
0.0000e+00 9.8261e+01 2.0327e+02 3.7500e+02 1.7219e-03
8.8002e+02 2.7047e+02 1.0230e+03 3.7500e+02 1.6787e-03
0.0000e+00 2.5983e+02 8.9030e+01 3.7500e+02 1.6425e-03
9.2654e+02 1.4470e+02 1.0807e+03 2.4553e+02 1.6234e-03
8.3483e+02 1.6141e+02 9.6791e+02 3.0608e+02 1.6227e-03
8.9357e+02 2.7941e+02 9.6630e+02 3.7500e+02 1.5781e-03
1.1082e+03 0.0000e+00 1.2420e+03 3.5070e+02 1.5752e-03
8.4675e+02 1.4213e+02 1.0209e+03 2.2313e+02 1.5643e-03
1.1478e+03 3.1519e+02 1.2420e+03 3.7500e+02 1.5620e-03
9.4185e+02 2.3522e+02 1.1289e+03 3.2031e+02 1.5532e-03
0.0000e+00 1.3295e+02 4.8932e+01 2.4467e+02 1.5470e-03
7.5709e+02 2.5187e+02 9.1364e+02 3.3735e+02 1.5383e-03
0.0000e+00 1.4615e+02 7.9947e+01 2.3437e+02 1.5350e-03
1.0527e+03 1.2007e+02 1.1274e+03 2.7820e+02 1.5332e-03
9.4830e+02 2.2448e+02 1.1303e+03 2.9632e+02 1.5017e-03
8.1205e+02 1.7933e+02 1.0192e+03 2.7032e+02 1.4798e-03
1.1641e+03 1.4897e+02 1.2420e+03 2.5876e+02 1.4495e-03
1.1421e+03 2.3992e+02 1.2341e+03 3.7500e+02 1.4467e-03
9.0385e+02 1.9967e+02 1.1045e+03 2.8776e+02 1.3967e-03
7.3416e+02 1.7138e+02 8.9728e+02 2.5067e+02 1.3889e-03
0.0000e+00 1.3301e+02 7.5566e+01 2.1813e+02 1.3870e-03
9.1919e+02 6.9623e+01 1.0693e+03 3.4735e+02 1.3832e-03
8.4020e+02 2.0269e+02 9.6573e+02 3.7500e+02 1.3698e-03
7.7726e+02 1.2782e+02 9.4773e+02 1.9430e+02 1.3656e-03
0.0000e+00 2.6672e+02 1.4471e+02 3.7500e+02 1.3635e-03
9.3934e+02 1.6252e+02 1.1013e+03 2.5537e+02 1.3608e-03
0.0000e+00 1.2196e+02 2.9181e+02 3.7500e+02 1.3548e-03
9.2376e+02 1.6951e+02 1.0731e+03 2.9243e+02 1.3365e-03
7.9191e+02 2.0655e+02 8.5949e+02 3.5858e+02 1.3361e-03
9.6814e+02 1.3024e+02 1.0469e+03 2.8658e+02 1.2996e-03
3.4528e+02 1.4415e+02 4.0376e+02 2.6112e+02 1.2937e-03
1.0614e+03 2.7995e+02 1.2420e+03 3.7484e+02 1.2692e-03
9.8326e+02 2.0015e+02 1.1694e+03 2.7122e+02 1.2634e-03
1.0695e+03 9.2266e+01 1.1429e+03 2.4655e+02 1.2470e-03
1.2029e+03 0.0000e+00 1.2420e+03 8.2827e+01 1.2424e-03
9.6577e+02 1.2449e+02 1.1099e+03 1.9766e+02 1.2361e-03
1.1489e+03 9.4507e+01 1.2202e+03 2.3120e+02 1.1528e-03
1.1663e+03 0.0000e+00 1.2420e+03 3.3122e+01 1.1511e-03
9.5543e+02 2.6714e+02 1.0238e+03 3.7500e+02 1.1500e-03
8.2605e+02 1.4552e+02 9.6764e+02 2.5504e+02 1.1243e-03
7.5698e+02 1.4343e+02 8.2270e+02 3.1631e+02 1.0939e-03
9.6333e+02 1.8100e+02 1.1120e+03 2.6807e+02 1.0817e-03
8.1764e+02 2.2850e+02 8.7656e+02 3.6630e+02 1.0763e-03
8.8404e+02 3.1945e+02 1.0205e+03 3.7500e+02 1.0505e-03
1.0180e+03 2.0938e+02 1.2361e+03 2.9590e+02 1.0401e-03
8.4011e+02 2.8971e+02 1.0305e+03 3.7321e+02 1.0394e-03
9.3834e+02 1.2402e+02 1.0080e+03 2.7061e+02 1.0252e-03
8.0879e+02 1.5745e+02 9.4429e+02 2.7476e+02 1.0093e-03
9.9978e+02 1.7558e+02 1.1418e+03 2.7081e+02 9.8857e-04
1.0404e+03 1.4530e+02 1.1099e+03 2.8581e+02 9.8571e-04
1.0275e+03 4.7444e+01 1.1659e+03 3.3173e+02 9.8420e-04
9.5489e+02 0.0000e+00 1.2420e+03 1.2970e+02 9.7011e-04
1.0230e+03 2.5761e+02 1.2420e+03 3.6414e+02 9.6574e-04
7.7186e+02 1.2859e+02 8.3535e+02 2.8149e+02 9.4016e-04
3.5508e+02 1.5049e+02 4.1451e+02 3.0468e+02 9.2246e-04
0.0000e+00 1.6169e+02 7.7168e+01 2.4845e+02 9.1630e-04
7.5973e+02 1.5674e+02 8.7561e+02 2.4929e+02 9.1242e-04
8.7079e+02 5.9339e+01 1.0069e+03 3.4810e+02 9.1028e-04
0.0000e+00 2.3088e+02 2.5746e+01 3.7500e+02 9.0579e-04
7.9754e+02 2.4323e+02 9.0002e+02 3.4626e+02 9.0134e-04
0.0000e+00 0.0000e+00 3.2589e+01 8.0301e+01 9.0102e-04
1.0026e+03 1.9648e+02 1.1968e+03 2.7779e+02 8.7661e-04
1.1050e+03 1.1212e+02 1.2420e+03 1.9525e+02 8.7252e-04
8.9669e+02 1.2607e+02 9.6507e+02 2.7170e+02 8.4046e-04
8.7031e+02 2.1204e+02 9.3099e+02 3.5756e+02 8.2467e-04
0.0000e+00 3.2713e+02 5.4035e+01 3.7500e+02 8.1881e-04
1.0268e+03 0.0000e+00 1.2420e+03 1.8581e+02 8.0955e-04
1.2033e+03 7.6608e+00 1.2420e+03 1.9951e+02 7.9041e-04
7.5293e+02 1.6066e+02 8.5775e+02 2.6795e+02 7.8582e-04
0.0000e+00 0.0000e+00 7.2357e+01 1.5360e+02 7.8451e-04
8.7865e+02 2.8526e+02 9.4920e+02 3.7500e+02 7.8332e-04
9.2961e+02 2.1966e+02 1.1054e+03 3.6252e+02 7.6321e-04
8.6392e+02 1.3919e+02 9.9784e+02 2.3517e+02 7.4179e-04
1.0502e+03 1.4086e+02 1.1324e+03 3.1395e+02 7.3053e-04
1.1620e+03 0.0000e+00 1.2420e+03 1.6899e+02 7.2847e-04
1.1800e+03 0.0000e+00 1.2420e+03 4.3234e+01 7.2537e-04
9.5755e+02 1.1709e+02 1.0282e+03 2.6352e+02 7.1547e-04
8.4752e+02 3.2764e+02 1.0488e+03 3.7500e+02 7.1220e-04
8.1510e+02 1.1484e+02 8.8292e+02 2.6564e+02 7.1106e-04
8.0251e+02 1.2808e+02 9.9061e+02 1.9893e+02 7.0130e-04
1.1057e+03 3.1519e+02 1.2420e+03 3.7500e+02 6.9058e-04
1.0217e+03 1.8768e+02 1.2399e+03 2.8606e+02 6.8145e-04
1.1278e+03 9.7237e+01 1.2047e+03 2.2977e+02 6.7488e-04
0.0000e+00 1.1695e+02 9.4199e+01 3.3317e+02 6.5954e-04
7.5416e+02 1.1685e+02 8.1997e+02 2.8255e+02 6.5823e-04
7.2042e+02 1.5912e+02 8.8896e+02 2.3053e+02 6.5144e-04
1.1143e+03 9.8780e+01 1.1890e+03 2.3347e+02 6.5106e-04
3.4963e+02 1.1376e+02 4.2172e+02 2.5864e+02 6.5003e-04
0.0000e+00 1.3304e+02 1.5710e+02 3.0483e+02 6.4926e-04
7.9488e+02 1.3987e+02 9.3016e+02 2.2228e+02 6.4789e-04
1.0565e+03 9.5953e+01 1.1254e+03 2.3873e+02 6.2917e-04
9.8873e+02 1.6247e+02 1.0632e+03 3.1387e+02 6.2175e-04
8.0050e+02 1.1424e+02 8.6769e+02 2.7041e+02 6.1790e-04
9.7791e+02 2.4384e+02 1.1804e+03 3.5090e+02 6.1770e-04
1.1740e+03 6.7504e+01 1.2420e+03 1.6067e+02 6.1640e-04
0.0000e+00 1.0578e+02 1.5874e+02 2.7288e+02 6.1297e-04
1.1873e+03 5.7598e+01 1.2420e+03 1.7590e+02 5.9626e-04
9.7481e+02 1.1590e+02 1.0444e+03 2.5790e+02 5.8848e-04
3.0684e+02 1.6687e+02 4.1408e+02 2.4647e+02 5.8241e-04
7.4668e+02 1.4455e+02 9.2350e+02 2.1391e+02 5.7671e-04
8.6163e+02 3.0224e+02 1.0644e+03 3.7240e+02 5.6346e-04
0.0000e+00 1.6961e+02 4.2060e+01 2.7889e+02 5.5574e-04
8.5313e+02 2.1234e+02 9.0904e+02 3.5401e+02 5.5434e-04
0.0000e+00 1.4465e+01 6.9783e+01 3.3687e+02 5.5139e-04
1.0154e+03 1.6558e+02 1.1678e+03 2.8339e+02 5.5006e-04

