1.0540e+03 1.6386e+02 1.1219e+03 3.1675e+02 9.9923e-01
1.0599e+03 1.6129e+02 1.1176e+03 3.0402e+02 9.9703e-01
1.0388e+03 1.5930e+02 1.1359e+03 3.0330e+02 9.8695e-01
1.0712e+03 1.6839e+02 1.1293e+03 2.9589e+02 8.8931e-01
1.0406e+03 1.8088e+02 1.1143e+03 3.2426e+02 7.1867e-01
1.0304e+03 1.9752e+02 1.1381e+03 3.1799e+02 6.9793e-01
1.0513e+03 1.6406e+02 1.1015e+03 2.9357e+02 6.6937e-01
1.0691e+03 1.6221e+02 1.1399e+03 3.1911e+02 6.0322e-01
1.0263e+03 1.6888e+02 1.1069e+03 3.1720e+02 5.2370e-01
1.0499e+03 1.7388e+02 1.1253e+03 2.9184e+02 5.0149e-01
1.0587e+03 1.5902e+02 1.1074e+03 2.7911e+02 4.6114e-01
1.0704e+03 1.6287e+02 1.1206e+03 2.7723e+02 3.1393e-01
1.0129e+03 1.7794e+02 1.1556e+03 2.7254e+02 3.0964e-01
1.0069e+03 1.6405e+02 1.1260e+03 3.0246e+02 2.9085e-01
1.0474e+03 1.6922e+02 1.1563e+03 3.1163e+02 2.4874e-01
1.0529e+03 1.6409e+02 1.1191e+03 2.5990e+02 2.4824e-01
1.0090e+03 1.9753e+02 1.1526e+03 2.9428e+02 2.2026e-01
1.0836e+03 1.6604e+02 1.1331e+03 2.9045e+02 1.7107e-01
1.0636e+03 1.8489e+02 1.1252e+03 3.0919e+02 1.2607e-01
1.0186e+03 1.6914e+02 1.1674e+03 2.5838e+02 1.0221e-01
1.0365e+03 1.5403e+02 1.1501e+03 2.6764e+02 1.0217e-01
1.0797e+03 1.5984e+02 1.1251e+03 2.6982e+02 7.0210e-02
1.0078e+03 1.8572e+02 1.1337e+03 3.2600e+02 6.3200e-02
1.0523e+03 1.9347e+02 1.1110e+03 3.0384e+02 5.7907e-02
1.0238e+03 1.2771e+02 1.1554e+03 3.6469e+02 5.3769e-02
1.0418e+03 1.5709e+02 1.0911e+03 2.8560e+02 5.3384e-02
1.0588e+03 1.6671e+02 1.1244e+03 2.4406e+02 5.0956e-02
7.6555e+02 1.5730e+02 8.6475e+02 1.9602e+02 4.2647e-02
1.0537e+03 1.9071e+02 1.1353e+03 2.9941e+02 4.1181e-02
9.8042e+02 1.3771e+02 1.1835e+03 3.3762e+02 3.3261e-02
1.0650e+03 1.8239e+02 1.1307e+03 3.2797e+02 2.8607e-02
1.0616e+03 1.6708e+02 1.1335e+03 2.6772e+02 2.7427e-02
7.6874e+02 1.6438e+02 8.6297e+02 2.0311e+02 2.5899e-02
1.0225e+03 2.2532e+02 1.1425e+03 3.2256e+02 2.5220e-02
1.0105e+03 1.5945e+02 1.1605e+03 2.3943e+02 2.1165e-02
7.4962e+02 1.5755e+02 8.4807e+02 1.9757e+02 1.8994e-02
1.0445e+03 1.7720e+02 1.1370e+03 2.2670e+02 1.5981e-02
7.4931e+02 1.6381e+02 8.4511e+02 2.0499e+02 1.5600e-02
1.0445e+03 2.1257e+02 1.1006e+03 3.1010e+02 1.5383e-02
1.2231e+03 1.5200e+02 1.2410e+03 2.5384e+02 1.5064e-02
7.7334e+02 1.5148e+02 8.7134e+02 1.8941e+02 1.4502e-02
1.0311e+03 1.8648e+02 1.1432e+03 2.4090e+02 1.4032e-02
1.0430e+03 1.2568e+02 1.1807e+03 3.7246e+02 1.3678e-02
1.0821e+03 1.3623e+02 1.1513e+03 2.9025e+02 1.2023e-02
1.0071e+03 1.0441e+02 1.1368e+03 3.7500e+02 1.1654e-02
9.4192e+02 1.4569e+02 1.2179e+03 3.0630e+02 1.1325e-02
1.2239e+03 1.2861e+02 1.2410e+03 2.3030e+02 1.1185e-02
8.4105e+02 1.5221e+02 9.4093e+02 1.8733e+02 1.0656e-02
1.0298e+03 1.9878e+02 1.1501e+03 2.6084e+02 9.8580e-03
1.0463e+03 2.0401e+02 1.1644e+03 3.1587e+02 9.7434e-03
1.0544e+03 1.5528e+02 1.0951e+03 2.6117e+02 9.6776e-03
7.7550e+02 1.6582e+02 7.9351e+02 2.1129e+02 9.5111e-03
1.2360e+03 1.8151e+02 1.2410e+03 2.3965e+02 9.2848e-03
1.0889e+03 1.5803e+02 1.1301e+03 2.6443e+02 9.2775e-03
1.0482e+03 2.2955e+02 1.0950e+03 3.1519e+02 8.7237e-03
1.0555e+03 2.2645e+02 1.1028e+03 3.1362e+02 8.6038e-03
1.0550e+03 2.0107e+02 1.1173e+03 3.4499e+02 8.4098e-03
1.2036e+03 1.8540e+02 1.2410e+03 2.2950e+02 8.3199e-03
7.5879e+02 1.7314e+02 8.0969e+02 1.9477e+02 8.2124e-03
7.5760e+02 1.7021e+02 8.0867e+02 1.9037e+02 8.0287e-03
1.2359e+03 1.6956e+02 1.2410e+03 2.2787e+02 8.0075e-03
1.0210e+03 1.3753e+02 1.0985e+03 2.9276e+02 8.0041e-03
8.3362e+02 1.5836e+02 9.3178e+02 1.9282e+02 7.9804e-03
1.2359e+03 1.5024e+02 1.2410e+03 2.0638e+02 7.7130e-03
1.2045e+03 1.7827e+02 1.2410e+03 2.2173e+02 7.5611e-03
1.0522e+03 1.6085e+02 1.1155e+03 2.3570e+02 7.4792e-03
8.5301e+02 1.5643e+02 9.5871e+02 1.9343e+02 7.4554e-03
1.2012e+03 8.1387e+01 1.2410e+03 2.6962e+02 7.4111e-03
1.1189e+03 1.8743e+02 1.2359e+03 2.3000e+02 7.3025e-03
1.0431e+03 1.4745e+02 1.1743e+03 2.5962e+02 6.9785e-03
1.2054e+03 1.7024e+02 1.2410e+03 2.1380e+02 6.8363e-03
8.6518e+02 1.5168e+02 9.6458e+02 1.8734e+02 6.7654e-03
7.7379e+02 1.6993e+02 8.6677e+02 2.0951e+02 6.7649e-03
7.3654e+02 1.5818e+02 8.3083e+02 1.9563e+02 6.6054e-03
1.2056e+03 1.5405e+02 1.2410e+03 1.9769e+02 6.5860e-03
1.1612e+03 1.4296e+02 1.2410e+03 2.3776e+02 6.4777e-03
1.2048e+03 1.6213e+02 1.2410e+03 2.0556e+02 6.4694e-03
1.2159e+03 1.7178e+02 1.2410e+03 2.3156e+02 6.4392e-03
1.0398e+03 1.9098e+02 1.1499e+03 2.4944e+02 6.2257e-03
1.1663e+03 1.3000e+02 1.2410e+03 2.2268e+02 6.2002e-03
1.0667e+03 1.5275e+02 1.1088e+03 2.4452e+02 6.0894e-03
1.0140e+03 2.1842e+02 1.1672e+03 3.1007e+02 5.7571e-03
1.0591e+03 1.7564e+02 1.1496e+03 2.2337e+02 5.7123e-03
1.2167e+03 1.5585e+02 1.2410e+03 2.1546e+02 5.5817e-03
7.5325e+02 1.5184e+02 8.4608e+02 1.8883e+02 5.5755e-03
1.0786e+03 1.5639e+02 1.2410e+03 2.3358e+02 5.5225e-03
7.2977e+02 1.4803e+02 9.0090e+02 2.1295e+02 5.4817e-03
1.2070e+03 1.4703e+02 1.2410e+03 1.9061e+02 5.3485e-03
1.0467e+03 2.1298e+02 1.1355e+03 3.1297e+02 5.2693e-03
1.2003e+03 2.8561e+02 1.2410e+03 3.7500e+02 5.2376e-03
7.5440e+02 1.6547e+02 8.0407e+02 1.8578e+02 5.2218e-03
1.0561e+03 2.7959e+02 1.1145e+03 3.0779e+02 5.1520e-03
8.2553e+02 1.5260e+02 9.2291e+02 1.8631e+02 5.1235e-03
0.0000e+00 8.1492e+01 1.6291e+01 1.9562e+02 5.0430e-03
7.9275e+02 1.7156e+02 8.4681e+02 1.9329e+02 4.9243e-03
1.0367e+03 2.0544e+02 1.1091e+03 3.5403e+02 4.8708e-03
1.0512e+03 1.3668e+02 1.1286e+03 2.7837e+02 4.7724e-03
9.9343e+02 2.3856e+02 1.1521e+03 3.1494e+02 4.7364e-03
7.1417e+02 1.5091e+02 8.0693e+02 1.8447e+02 4.6445e-03
1.2010e+03 1.5142e+02 1.2351e+03 2.6343e+02 4.6195e-03
1.2091e+03 1.3753e+02 1.2409e+03 2.5974e+02 4.6114e-03
1.0116e+03 1.7063e+02 1.0855e+03 3.2408e+02 4.6113e-03
1.0983e+03 1.5821e+02 1.1361e+03 2.8167e+02 4.5111e-03
1.0178e+03 2.5785e+02 1.1303e+03 3.0650e+02 4.4236e-03
1.0765e+03 1.9943e+02 1.1269e+03 3.1075e+02 4.3887e-03
1.1103e+03 1.9590e+02 1.2261e+03 2.3492e+02 4.2816e-03
7.7940e+02 1.6290e+02 7.9656e+02 2.0785e+02 4.2667e-03
1.0339e+03 1.6217e+02 1.0788e+03 2.7976e+02 4.2655e-03
1.0800e+03 1.4309e+02 1.2410e+03 2.1648e+02 4.2455e-03
7.5153e+02 1.5694e+02 7.9865e+02 1.7852e+02 4.2044e-03
1.1840e+03 1.1881e+02 1.2410e+03 2.3840e+02 4.1825e-03
0.0000e+00 2.8520e+02 2.9525e+01 3.7500e+02 4.1770e-03
0.0000e+00 1.1833e+02 8.1896e+00 1.8033e+02 4.1260e-03
7.2858e+02 1.5743e+02 9.0251e+02 2.2698e+02 4.0921e-03
7.6788e+02 1.6936e+02 8.1548e+02 1.8969e+02 4.0529e-03
7.6595e+02 1.7171e+02 8.1663e+02 1.9402e+02 3.9808e-03
7.6676e+02 1.6951e+02 8.0138e+02 1.9953e+02 3.9598e-03
1.2168e+03 1.4164e+02 1.2410e+03 1.9942e+02 3.8416e-03
1.2240e+03 3.3435e+02 1.2410e+03 3.7500e+02 3.8383e-03
1.1882e+03 3.2010e+02 1.2410e+03 3.7500e+02 3.8290e-03
7.6660e+02 1.5723e+02 8.1209e+02 1.7658e+02 3.8122e-03
1.9123e+02 2.0929e+02 2.0907e+02 2.5679e+02 3.7892e-03
1.0970e+03 1.6236e+02 1.1704e+03 3.1827e+02 3.7393e-03
9.7208e+02 1.7075e+02 1.1364e+03 2.5746e+02 3.7221e-03
1.1184e+03 1.7933e+02 1.2340e+03 2.2243e+02 3.6954e-03
1.0658e+03 1.3201e+02 1.1422e+03 2.7216e+02 3.6482e-03
7.9283e+02 1.6816e+02 8.4774e+02 1.8931e+02 3.6234e-03
7.2320e+02 1.5757e+02 8.1714e+02 1.9248e+02 3.5983e-03
7.7307e+02 1.6317e+02 7.9085e+02 2.0689e+02 3.5535e-03
7.5164e+02 1.6122e+02 7.9905e+02 1.8173e+02 3.4997e-03
1.8770e+02 2.0947e+02 2.0504e+02 2.5674e+02 3.4597e-03
1.1707e+03 1.1623e+02 1.2410e+03 2.0640e+02 3.3636e-03
9.5396e+02 2.6519e+01 1.2283e+03 3.7500e+02 3.2591e-03
7.9538e+02 1.6404e+02 8.5202e+02 1.8600e+02 3.2516e-03
1.9491e+02 2.1006e+02 2.1286e+02 2.5685e+02 3.2458e-03
1.2334e+03 1.6021e+02 1.2410e+03 1.9265e+02 3.1290e-03
7.2986e+02 1.6479e+02 8.2541e+02 2.0232e+02 3.0777e-03
1.0220e+03 2.0584e+02 1.1464e+03 2.7281e+02 3.0700e-03
9.2141e+02 1.2826e+02 1.2346e+03 2.7765e+02 3.0644e-03
1.0274e+03 2.4812e+02 1.1146e+03 3.1621e+02 2.9966e-03
1.0722e+03 2.5826e+02 1.0967e+03 3.0872e+02 2.9698e-03
7.8418e+02 1.6163e+02 7.9961e+02 2.0880e+02 2.9648e-03
1.2365e+03 1.3934e+02 1.2410e+03 1.9441e+02 2.9577e-03
1.2296e+03 1.6297e+02 1.2410e+03 1.8821e+02 2.9133e-03
1.2071e+03 1.3999e+02 1.2410e+03 1.8213e+02 2.9122e-03
7.6043e+02 1.6093e+02 8.0676e+02 1.8187e+02 2.9022e-03
1.0371e+03 2.0534e+02 1.0942e+03 3.0442e+02 2.8993e-03
1.0695e+03 2.1995e+02 1.1168e+03 3.1092e+02 2.8502e-03
1.2332e+03 1.9119e+02 1.2410e+03 2.2545e+02 2.7942e-03
1.0382e+03 1.4580e+02 1.2070e+03 2.1638e+02 2.7892e-03
9.9605e+02 1.4533e+02 1.1226e+03 2.6215e+02 2.7706e-03
1.2336e+03 1.5226e+02 1.2410e+03 1.8462e+02 2.7673e-03
7.6994e+02 1.7753e+02 8.6181e+02 2.1763e+02 2.7635e-03
1.2199e+03 3.5326e+02 1.2410e+03 3.7500e+02 2.7501e-03
8.0613e+02 1.5217e+02 9.0461e+02 1.8625e+02 2.7481e-03
1.0927e+03 1.7560e+02 1.1378e+03 2.9462e+02 2.7422e-03
1.1892e+03 1.5431e+02 1.2298e+03 2.5905e+02 2.7413e-03
1.0222e+03 1.9931e+02 1.1006e+03 3.4792e+02 2.6907e-03
1.2334e+03 1.6808e+02 1.2410e+03 2.0074e+02 2.6757e-03
1.1123e+03 1.4360e+02 1.2410e+03 2.4260e+02 2.6592e-03
7.8677e+02 1.5719e+02 8.8264e+02 1.9392e+02 2.6513e-03
1.1654e+03 1.1518e+02 1.2386e+03 2.8045e+02 2.6365e-03
7.3727e+02 1.5271e+02 8.2811e+02 1.8709e+02 2.6359e-03
1.0517e+03 1.8476e+02 1.1565e+03 2.3970e+02 2.6305e-03
7.6402e+02 1.6570e+02 8.1238e+02 1.8567e+02 2.6012e-03
1.2300e+03 1.5499e+02 1.2410e+03 1.8027e+02 2.5915e-03
1.1025e+03 1.5473e+02 1.2171e+03 1.9508e+02 2.5804e-03
7.9476e+02 1.5661e+02 8.4758e+02 1.7791e+02 2.5725e-03
7.1731e+02 1.5503e+02 7.7068e+02 1.7845e+02 2.5493e-03
8.9124e+02 9.3468e+00 1.1999e+03 3.7500e+02 2.5465e-03
7.3483e+02 1.4168e+02 7.5292e+02 1.9020e+02 2.5216e-03
1.2330e+03 1.8341e+02 1.2410e+03 2.1780e+02 2.5179e-03
8.5193e+02 1.6346e+02 9.6083e+02 2.0144e+02 2.5053e-03
1.9907e+02 2.0963e+02 2.1680e+02 2.5740e+02 2.4903e-03
2.0308e+02 2.0920e+02 2.2093e+02 2.5714e+02 2.4847e-03
1.2297e+03 1.7086e+02 1.2410e+03 1.9599e+02 2.4758e-03
0.0000e+00 8.7501e+00 1.2921e+02 3.7500e+02 2.4638e-03
8.1815e+02 1.5699e+02 9.1558e+02 1.9269e+02 2.4530e-03
0.0000e+00 1.8526e+02 2.9951e+01 3.7314e+02 2.4514e-03
1.0118e+03 1.4929e+02 1.0793e+03 2.9612e+02 2.4013e-03
1.0318e+03 1.8022e+02 1.1289e+03 2.3417e+02 2.3989e-03
1.2298e+03 1.9439e+02 1.2410e+03 2.2034e+02 2.3661e-03
7.0399e+02 1.4878e+02 8.6655e+02 2.1405e+02 2.3578e-03
1.1478e+03 1.8388e+02 1.2410e+03 2.3195e+02 2.3570e-03
1.3200e+02 2.1170e+02 1.4878e+02 2.5893e+02 2.3531e-03
1.2779e+02 2.1222e+02 1.4491e+02 2.5935e+02 2.3448e-03
7.3115e+02 1.4228e+02 7.4988e+02 1.9034e+02 2.3202e-03
1.0809e+03 1.7107e+02 1.2410e+03 2.4703e+02 2.3078e-03
7.9509e+02 1.6060e+02 8.4780e+02 1.8214e+02 2.2853e-03
1.1014e+03 1.3034e+02 1.1720e+03 2.8455e+02 2.2851e-03
1.2151e+03 1.8638e+02 1.2410e+03 2.4469e+02 2.2811e-03
1.0347e+03 2.2933e+02 1.1283e+03 3.2077e+02 2.2628e-03
1.0940e+03 0.0000e+00 1.2410e+03 3.7500e+02 2.2584e-03
1.2330e+03 1.7568e+02 1.2410e+03 2.0952e+02 2.2581e-03
1.6321e+02 2.1546e+02 1.8072e+02 2.6370e+02 2.2065e-03
1.6749e+02 2.1466e+02 1.8412e+02 2.6330e+02 2.1963e-03
7.4700e+02 1.5388e+02 7.9166e+02 1.7568e+02 2.1871e-03
9.8738e+02 1.5667e+02 1.0762e+03 1.9525e+02 2.1857e-03
7.4216e+02 1.7018e+02 8.3602e+02 2.1151e+02 2.1594e-03
8.3803e+02 1.4545e+02 9.4213e+02 1.8015e+02 2.1580e-03
1.2297e+03 1.8658e+02 1.2410e+03 2.1252e+02 2.1496e-03
1.2007e+03 1.2883e+02 1.2360e+03 2.3865e+02 2.1455e-03
1.8416e+02 2.0940e+02 2.0102e+02 2.5680e+02 2.1045e-03
1.0721e+03 1.6898e+02 1.1392e+03 2.5000e+02 2.0952e-03
1.5919e+02 2.1595e+02 1.7690e+02 2.6332e+02 2.0929e-03
7.7207e+02 1.5476e+02 7.8998e+02 1.9882e+02 2.0702e-03
1.2143e+03 1.2586e+02 1.2410e+03 2.4009e+02 2.0614e-03
1.0466e+03 1.5832e+02 1.0839e+03 2.6398e+02 2.0305e-03
1.2297e+03 1.7869e+02 1.2410e+03 2.0431e+02 2.0190e-03
1.3573e+02 2.1062e+02 1.5212e+02 2.6028e+02 1.9943e-03
1.1570e+03 1.8871e+02 1.2410e+03 3.7500e+02 1.9836e-03
8.8550e+02 1.4931e+02 9.8996e+02 1.8738e+02 1.9819e-03
7.6428e+02 1.6736e+02 7.9951e+02 1.9443e+02 1.9703e-03
1.9526e+02 2.1873e+02 2.1265e+02 2.6482e+02 1.9699e-03
1.0360e+03 1.6818e+02 1.2296e+03 2.5130e+02 1.9520e-03
1.0272e+03 1.6212e+02 1.0680e+03 2.7535e+02 1.9474e-03
0.0000e+00 1.0628e+02 7.5936e+00 1.6870e+02 1.9382e-03
0.0000e+00 2.0036e+02 5.2955e+01 3.7500e+02 1.9372e-03
7.5469e+02 1.7537e+02 8.0616e+02 1.9800e+02 1.9320e-03
1.1019e+03 1.6303e+02 1.2174e+03 2.0324e+02 1.9300e-03
0.0000e+00 3.2824e+02 1.2940e+01 3.7500e+02 1.9183e-03
7.4432e+02 1.4253e+02 7.6132e+02 1.8679e+02 1.9043e-03
1.1169e+03 1.7128e+02 1.2317e+03 2.1315e+02 1.8843e-03
9.5848e+02 1.5919e+02 1.1383e+03 2.3874e+02 1.8684e-03
1.0746e+03 1.5212e+02 1.1168e+03 2.4264e+02 1.8679e-03
7.5753e+02 1.4552e+02 9.3409e+02 2.1200e+02 1.8632e-03
1.9169e+02 2.1848e+02 2.0914e+02 2.6478e+02 1.8586e-03
1.7202e+02 2.1437e+02 1.8836e+02 2.6370e+02 1.8343e-03
1.1493e+03 1.2178e+02 1.2248e+03 2.7298e+02 1.8311e-03
7.3057e+02 1.5227e+02 7.8091e+02 1.7514e+02 1.8038e-03
1.0751e+03 2.6686e+02 1.0992e+03 3.1294e+02 1.7910e-03
1.1789e+03 1.5571e+02 1.2229e+03 2.5390e+02 1.7827e-03
7.5898e+02 1.5442e+02 8.0313e+02 1.7514e+02 1.7790e-03
1.1598e+03 0.0000e+00 1.2410e+03 1.7384e+02 1.7752e-03
0.0000e+00 3.5576e+01 2.9973e+01 2.3150e+02 1.7467e-03
1.2085e+03 2.0091e+02 1.2410e+03 2.4407e+02 1.7461e-03
1.2231e+03 1.6720e+02 1.2410e+03 2.4995e+02 1.7354e-03
1.0984e+03 1.4916e+02 1.2072e+03 1.8846e+02 1.7324e-03
1.8038e+02 2.1401e+02 1.9662e+02 2.6140e+02 1.6891e-03
7.4016e+02 1.4165e+02 7.5741e+02 1.8759e+02 1.6864e-03
8.7533e+02 1.5492e+02 9.8144e+02 1.9204e+02 1.6805e-03
1.2033e+03 0.0000e+00 1.2410e+03 8.7211e+01 1.6743e-03
0.0000e+00 3.1973e+02 4.0671e+01 3.7500e+02 1.6715e-03
1.0402e+03 1.7181e+02 1.1310e+03 2.1679e+02 1.6695e-03
1.1330e+03 1.2621e+02 1.2100e+03 2.7331e+02 1.6679e-03
7.7509e+02 1.5640e+02 7.9352e+02 1.9876e+02 1.6564e-03
1.0374e+03 1.8326e+02 1.2123e+03 2.6567e+02 1.6542e-03
7.8888e+02 1.7436e+02 8.4418e+02 1.9790e+02 1.6535e-03
1.9932e+02 2.1859e+02 2.1625e+02 2.6474e+02 1.6504e-03
7.4893e+02 1.6939e+02 8.0164e+02 1.8938e+02 1.6468e-03
1.2231e+03 1.0561e+02 1.2410e+03 2.0491e+02 1.6379e-03
0.0000e+00 3.5799e+02 5.8049e+00 3.7500e+02 1.6064e-03
8.2204e+02 1.4405e+02 9.2526e+02 1.7971e+02 1.6061e-03
8.3259e+02 1.6400e+02 9.3359e+02 2.0000e+02 1.6048e-03
7.8629e+02 1.6422e+02 8.8189e+02 2.0280e+02 1.5873e-03
1.2341e+03 1.9951e+02 1.2410e+03 2.3260e+02 1.5866e-03
1.5532e+02 2.1516e+02 1.7311e+02 2.6308e+02 1.5795e-03
1.1807e+03 1.4443e+02 1.2410e+03 2.6096e+02 1.5776e-03
7.7700e+02 1.7201e+02 8.2540e+02 1.9488e+02 1.5725e-03
7.2594e+02 1.3415e+02 9.0081e+02 1.9776e+02 1.5527e-03
1.2068e+03 1.3169e+02 1.2410e+03 1.7349e+02 1.5399e-03
7.6342e+02 1.6356e+02 7.9786e+02 1.8996e+02 1.5372e-03
2.0708e+02 2.0907e+02 2.2492e+02 2.5743e+02 1.5342e-03
1.1009e+03 1.8783e+02 1.2080e+03 2.2911e+02 1.5332e-03
1.2314e+03 2.0240e+02 1.2410e+03 2.2824e+02 1.5192e-03
7.8751e+02 1.6470e+02 8.3759e+02 1.8611e+02 1.5168e-03
1.2190e+03 1.6743e+02 1.2384e+03 2.4899e+02 1.5006e-03
7.2695e+02 1.5541e+02 7.7935e+02 1.7833e+02 1.4979e-03
1.2364e+03 1.9402e+02 1.2410e+03 2.4880e+02 1.4727e-03
9.8393e+02 1.6403e+02 1.0780e+03 2.0322e+02 1.4631e-03
7.9011e+02 1.5394e+02 8.4230e+02 1.7492e+02 1.4616e-03
1.8817e+02 2.1830e+02 2.0511e+02 2.6522e+02 1.4419e-03
1.2073e+03 1.6419e+02 1.2268e+03 2.4085e+02 1.4413e-03
7.3579e+02 1.5633e+02 7.8643e+02 1.7742e+02 1.4398e-03
1.3915e+02 2.1478e+02 1.5598e+02 2.6330e+02 1.4389e-03
0.0000e+00 7.2188e+01 2.4437e+01 2.0669e+02 1.4378e-03
1.0195e+03 1.6294e+02 1.0603e+03 2.6957e+02 1.4249e-03
1.0657e+03 2.3966e+02 1.1081e+03 3.1660e+02 1.4063e-03
1.7638e+02 2.1445e+02 1.9238e+02 2.6249e+02 1.3948e-03
8.2967e+02 1.4918e+02 9.9923e+02 2.1518e+02 1.3894e-03
1.0576e+03 2.8479e+02 1.1183e+03 3.1097e+02 1.3848e-03
1.0671e+03 1.3163e+02 1.2387e+03 1.9646e+02 1.3792e-03
9.3930e+02 1.3359e+02 1.2410e+03 3.7500e+02 1.3780e-03
7.8858e+02 1.6130e+02 8.0323e+02 2.0825e+02 1.3747e-03
2.0368e+02 2.2264e+02 2.2021e+02 2.6834e+02 1.3683e-03
1.1192e+03 1.2714e+02 1.1940e+03 2.7686e+02 1.3535e-03
1.2241e+03 1.7607e+02 1.2410e+03 2.7115e+02 1.3509e-03
1.8463e+02 2.1877e+02 2.0093e+02 2.6489e+02 1.3497e-03
0.0000e+00 2.3428e+02 1.4818e+01 3.6200e+02 1.3391e-03
1.1623e+03 7.8108e-01 1.2410e+03 3.6462e+02 1.3384e-03
9.8359e+02 1.7185e+02 1.0763e+03 2.1187e+02 1.3162e-03
1.0988e+03 1.7935e+02 1.2073e+03 2.2128e+02 1.3152e-03
1.2147e+03 1.6448e+02 1.2349e+03 2.4441e+02 1.3150e-03
1.2118e+03 2.1145e+02 1.2410e+03 2.5236e+02 1.3023e-03
9.7778e+02 1.5809e+02 1.1054e+03 2.7507e+02 1.2742e-03
1.1823e+03 8.9321e+01 1.2410e+03 2.7683e+02 1.2731e-03
1.0624e+03 1.4335e+02 1.2006e+03 2.5004e+02 1.2622e-03
1.0888e+03 2.6608e+02 1.2410e+03 3.7500e+02 1.2610e-03
7.7475e+02 1.6884e+02 8.0629e+02 1.9936e+02 1.2568e-03
9.4894e+02 0.0000e+00 1.2410e+03 1.3249e+02 1.2567e-03
7.7251e+02 1.4552e+02 8.7164e+02 1.8220e+02 1.2503e-03
9.9482e+02 1.5139e+02 1.0851e+03 1.8821e+02 1.2381e-03
7.7259e+02 1.6493e+02 8.2185e+02 1.8567e+02 1.2376e-03
8.6340e+02 1.4542e+02 9.6447e+02 1.8131e+02 1.2345e-03
1.2109e+03 1.6485e+02 1.2310e+03 2.4303e+02 1.2330e-03
1.0127e+03 2.4652e+02 1.1422e+03 3.0332e+02 1.2326e-03
0.0000e+00 1.0839e+02 1.9532e+02 3.7500e+02 1.2317e-03
1.2030e+03 1.6846e+02 1.2228e+03 2.4116e+02 1.2315e-03
1.0858e+03 1.8592e+02 1.1500e+03 3.3160e+02 1.2310e-03
1.0179e+03 2.4901e+02 1.1407e+03 3.3366e+02 1.2243e-03
7.8228e+02 1.6829e+02 8.3310e+02 1.8971e+02 1.2230e-03
1.0777e+03 1.5015e+02 1.1835e+03 1.8885e+02 1.2154e-03
1.1619e+03 0.0000e+00 1.2410e+03 3.1127e+01 1.2105e-03
1.1591e+03 1.7764e+02 1.2410e+03 2.2501e+02 1.2069e-03
0.0000e+00 1.0252e+02 1.4306e+01 2.2219e+02 1.1970e-03
1.0160e+03 1.0707e+02 1.2410e+03 3.7500e+02 1.1892e-03
0.0000e+00 0.0000e+00 3.3901e+02 1.5102e+02 1.1793e-03
0.0000e+00 0.0000e+00 6.5545e+01 1.5492e+02 1.1777e-03
1.0966e+03 1.3165e+02 1.2339e+03 2.2459e+02 1.1775e-03
0.0000e+00 1.1169e+02 2.1462e+01 1.7547e+02 1.1758e-03
1.0381e+03 1.9883e+02 1.2044e+03 2.8108e+02 1.1589e-03
1.0654e+03 1.6273e+02 1.1358e+03 2.2908e+02 1.1584e-03
7.7134e+02 1.4796e+02 7.8868e+02 1.9067e+02 1.1547e-03
1.0391e+03 1.2560e+02 1.1148e+03 2.7879e+02 1.1491e-03
7.4736e+02 1.4269e+02 7.6442e+02 1.8692e+02 1.1401e-03
1.2256e+03 0.0000e+00 1.2410e+03 4.6950e+01 1.1285e-03
1.2128e+03 2.1909e+02 1.2410e+03 2.5821e+02 1.1243e-03
1.0846e+03 1.5468e+02 1.1896e+03 1.9530e+02 1.1225e-03
7.6912e+02 1.6163e+02 8.1658e+02 1.8089e+02 1.1155e-03
7.7284e+02 1.5749e+02 8.2166e+02 1.7680e+02 1.1145e-03
1.0149e+03 2.6610e+02 1.1266e+03 3.1265e+02 1.1144e-03
1.2273e+03 1.7039e+02 1.2410e+03 2.5575e+02 1.1140e-03
1.0591e+03 1.7134e+02 1.1880e+03 2.8472e+02 1.1045e-03
0.0000e+00 2.5943e+02 8.5813e+01 3.7500e+02 1.1001e-03
8.0166e+02 1.4617e+02 9.7017e+02 2.1211e+02 1.0921e-03
1.0475e+03 2.4627e+02 1.1288e+03 3.1280e+02 1.0721e-03
7.6790e+02 1.5103e+02 7.8580e+02 1.9491e+02 1.0700e-03
7.4977e+02 1.7242e+02 8.0186e+02 1.9392e+02 1.0700e-03
1.2402e+02 2.1247e+02 1.4160e+02 2.6001e+02 1.0635e-03
0.0000e+00 0.0000e+00 2.3774e+02 1.6798e+02 1.0612e-03
7.8561e+02 1.6072e+02 8.3773e+02 1.8223e+02 1.0591e-03
7.6448e+02 1.3453e+02 9.3295e+02 1.9539e+02 1.0567e-03
0.0000e+00 5.8526e+01 1.6708e+01 1.7524e+02 1.0562e-03
1.0593e+03 2.7082e+02 1.1095e+03 3.0826e+02 1.0544e-03
7.9964e+02 1.7521e+02 8.5531e+02 1.9805e+02 1.0522e-03
1.3913e+02 2.2853e+02 1.5612e+02 2.7029e+02 1.0428e-03
1.0949e+03 1.7086e+02 1.2074e+03 2.1234e+02 1.0388e-03
1.0864e+03 1.2153e+02 1.1567e+03 2.6855e+02 1.0371e-03
1.3593e+02 2.2783e+02 1.5291e+02 2.7125e+02 1.0348e-03
9.8386e+02 1.7965e+02 1.0764e+03 2.1899e+02 1.0216e-03
7.7125e+02 1.7394e+02 8.2032e+02 1.9857e+02 1.0201e-03
7.8603e+02 1.5625e+02 8.3802e+02 1.7764e+02 1.0200e-03
9.4518e+02 1.7584e+02 1.1996e+03 3.2387e+02 1.0179e-03
0.0000e+00 0.0000e+00 3.3923e+01 8.8730e+01 1.0132e-03
1.0895e+03 0.0000e+00 1.2410e+03 5.8887e+01 1.0122e-03
1.7997e+02 2.2413e+02 1.9640e+02 2.6905e+02 1.0091e-03
0.0000e+00 1.2362e+02 2.8183e+02 3.7500e+02 1.0040e-03
7.7956e+02 1.5604e+02 7.9699e+02 1.9921e+02 1.0032e-03
1.1723e+03 1.5786e+02 1.2134e+03 2.5184e+02 9.9000e-04
1.2038e+03 1.2503e+02 1.2410e+03 3.1280e+02 9.8810e-04
1.2153e+03 1.2649e+02 1.2410e+03 1.8197e+02 9.8576e-04
1.0429e+03 2.4341e+02 1.0863e+03 3.2135e+02 9.8468e-04
1.7589e+02 2.2368e+02 1.9239e+02 2.7020e+02 9.8123e-04
1.3517e+02 2.1880e+02 1.5337e+02 2.6599e+02 9.7847e-04
1.0561e+03 2.8946e+02 1.1135e+03 3.1419e+02 9.7472e-04
0.0000e+00 8.0624e+01 3.4070e+01 2.1273e+02 9.6726e-04
7.5985e+02 1.5428e+02 7.9364e+02 1.8217e+02 9.6095e-04
1.2064e+03 5.2465e+01 1.2410e+03 2.3307e+02 9.6005e-04
7.1004e+02 1.4533e+02 7.9880e+02 1.8085e+02 9.5355e-04
7.8430e+02 1.5533e+02 8.0031e+02 1.9931e+02 9.4915e-04
1.1895e+03 1.2976e+02 1.2304e+03 2.3459e+02 9.4570e-04
7.6272e+02 1.5891e+02 7.9644e+02 1.8593e+02 9.3795e-04
8.0414e+02 1.6831e+02 8.5891e+02 1.8891e+02 9.3741e-04
7.4525e+02 1.6540e+02 7.9598e+02 1.8463e+02 9.3532e-04
1.1110e+03 2.0293e+02 1.2237e+03 2.4159e+02 9.3384e-04
1.0094e+03 1.4853e+02 1.1789e+03 2.2226e+02 9.3105e-04
2.0777e+02 2.2271e+02 2.2418e+02 2.6791e+02 9.1895e-04
1.2173e+03 1.9623e+02 1.2410e+03 2.5101e+02 9.0883e-04
1.0444e+03 1.3703e+02 1.1846e+03 2.3215e+02 9.0754e-04
1.1739e+03 1.7661e+02 1.2410e+03 2.6369e+02 9.0425e-04
0.0000e+00 1.9023e+02 1.6183e+01 2.9447e+02 9.0380e-04
7.3943e+02 1.6012e+02 7.9076e+02 1.8106e+02 9.0313e-04
7.2632e+02 1.5158e+02 7.6094e+02 1.8316e+02 9.0274e-04
1.5163e+02 2.1425e+02 1.6907e+02 2.6331e+02 9.0198e-04
1.1194e+03 1.4853e+02 1.2309e+03 1.8826e+02 9.0192e-04
1.1014e+03 1.5940e+02 1.1373e+03 2.5588e+02 8.9447e-04
7.0528e+02 1.5459e+02 8.0073e+02 1.9109e+02 8.8819e-04
1.2130e+03 2.2660e+02 1.2410e+03 2.6713e+02 8.8236e-04
0.0000e+00 2.6760e+02 1.4198e+02 3.7500e+02 8.8051e-04
8.0413e+02 1.7220e+02 8.5780e+02 1.9354e+02 8.7356e-04
1.1727e+03 1.7096e+02 1.2393e+03 2.3501e+02 8.6814e-04
7.7144e+02 1.5564e+02 8.1647e+02 1.7361e+02 8.6761e-04
8.0370e+02 1.4432e+02 9.0710e+02 1.8012e+02 8.6175e-04
1.0782e+03 6.5956e+01 1.2210e+03 3.6221e+02 8.5282e-04
8.0445e+02 1.6093e+02 8.5708e+02 1.8112e+02 8.4850e-04
1.0794e+03 2.2288e+02 1.1213e+03 3.1059e+02 8.4767e-04
0.0000e+00 2.0934e+02 1.5252e+01 3.2628e+02 8.4307e-04
1.2058e+03 1.2377e+02 1.2410e+03 1.6478e+02 8.4054e-04
1.0840e+03 1.5125e+02 1.1242e+03 2.3937e+02 8.3607e-04
1.1319e+03 1.2695e+02 1.2410e+03 2.3328e+02 8.2542e-04
1.0436e+03 2.1558e+02 1.1977e+03 2.9412e+02 8.2355e-04
7.6988e+02 1.6377e+02 8.0365e+02 1.9020e+02 8.2096e-04
1.1475e+03 1.6940e+02 1.2410e+03 2.1648e+02 8.0837e-04
7.6413e+02 1.4782e+02 7.8145e+02 1.9010e+02 8.0013e-04
6.9722e+02 1.5667e+02 8.5672e+02 2.2736e+02 7.9702e-04
7.5189e+02 1.4256e+02 7.6814e+02 1.8600e+02 7.9582e-04
1.1766e+03 9.9881e+01 1.2410e+03 1.8897e+02 7.9400e-04
1.1220e+03 0.0000e+00 1.2410e+03 8.4958e+01 7.8921e-04
1.0559e+03 1.5090e+02 1.0934e+03 2.3861e+02 7.8508e-04
1.0847e+03 1.0404e+02 1.2410e+03 2.7458e+02 7.8056e-04
7.2026e+02 1.5845e+02 7.7524e+02 1.8214e+02 7.8053e-04
1.0546e+03 1.6123e+02 1.1225e+03 2.1840e+02 7.7921e-04
1.5719e+02 2.2031e+02 2.4470e+02 2.5957e+02 7.7884e-04
1.0544e+03 2.6969e+02 1.1181e+03 3.0131e+02 7.7669e-04
1.1625e+03 1.7714e+02 1.2344e+03 2.3889e+02 7.7430e-04
7.5122e+02 1.7626e+02 8.4662e+02 2.1977e+02 7.7186e-04
1.5579e+02 2.2403e+02 1.7371e+02 2.6882e+02 7.6339e-04
0.0000e+00 3.2803e+02 5.3441e+01 3.7500e+02 7.5962e-04
0.0000e+00 1.1793e+02 3.0455e+01 1.6695e+02 7.5647e-04
7.9702e+02 1.3541e+02 9.6095e+02 1.9611e+02 7.5539e-04
1.1802e+03 1.3773e+02 1.2227e+03 2.3802e+02 7.5461e-04
1.1864e+03 1.7857e+02 1.2410e+03 2.3885e+02 7.5089e-04
7.2985e+02 1.7034e+02 9.0461e+02 2.4288e+02 7.5025e-04
0.0000e+00 3.5138e+02 2.1237e+01 3.7500e+02 7.4938e-04
1.0110e+03 2.0257e+02 1.1531e+03 3.7500e+02 7.4753e-04
1.2259e+03 2.0804e+02 1.2410e+03 3.0698e+02 7.4408e-04
1.0298e+03 2.2479e+02 1.1482e+03 2.9508e+02 7.3942e-04
1.2319e+03 1.7454e+02 1.2410e+03 2.4915e+02 7.3531e-04
1.1786e+03 0.0000e+00 1.2410e+03 4.3153e+01 7.3282e-04
1.2354e+03 3.5762e+02 1.2410e+03 3.7500e+02 7.2770e-04
1.1293e+03 1.5243e+02 1.2362e+03 1.9683e+02 7.1056e-04
1.8542e+02 2.1621e+02 2.1478e+02 2.4716e+02 7.0770e-04
1.3130e+02 2.1890e+02 1.4960e+02 2.6593e+02 6.9918e-04
1.1267e+03 1.6058e+02 1.2367e+03 2.0569e+02 6.9635e-04
8.6587e+02 1.4942e+02 1.0266e+03 2.1475e+02 6.9030e-04
7.3653e+02 1.4915e+02 7.6745e+02 1.7875e+02 6.8816e-04
1.0843e+03 1.6253e+02 1.1893e+03 2.0280e+02 6.8318e-04
1.1992e+03 1.6565e+02 1.2187e+03 2.3563e+02 6.6928e-04
1.4315e+02 2.1411e+02 1.6018e+02 2.6366e+02 6.6889e-04
1.2242e+03 2.8086e+01 1.2410e+03 1.3746e+02 6.6816e-04
1.0140e+03 0.0000e+00 1.2410e+03 1.8151e+02 6.6702e-04
9.3364e+02 1.4778e+02 1.0994e+03 2.0943e+02 6.6535e-04
7.9188e+02 1.5941e+02 8.0753e+02 2.0874e+02 6.6419e-04
1.0675e+03 2.8042e+02 1.1252e+03 3.0821e+02 6.6368e-04
0.0000e+00 1.3171e+02 1.1658e+01 1.6377e+02 6.6283e-04
0.0000e+00 9.6545e+01 2.1692e+01 1.6054e+02 6.5975e-04
1.0711e+03 1.6381e+02 1.0902e+03 2.1708e+02 6.5932e-04
1.1820e+03 2.8849e+02 1.2410e+03 3.7500e+02 6.5889e-04
7.7707e+02 1.6059e+02 8.2607e+02 1.8190e+02 6.5876e-04
7.6015e+02 1.4596e+02 7.7667e+02 1.8982e+02 6.5792e-04
1.0343e+03 2.3036e+02 1.0813e+03 3.1660e+02 6.5471e-04
8.2812e+02 1.3642e+02 9.9811e+02 1.9926e+02 6.5313e-04
7.6571e+02 1.5554e+02 7.9901e+02 1.8085e+02 6.4793e-04
1.0628e+03 1.7091e+02 1.1597e+03 2.1332e+02 6.4595e-04
7.6947e+02 1.6171e+02 7.8609e+02 2.0635e+02 6.4349e-04
1.2072e+03 1.5932e+02 1.2397e+03 2.7717e+02 6.4325e-04
7.5210e+02 1.5418e+02 7.8424e+02 1.8145e+02 6.4080e-04
7.8837e+02 1.5371e+02 8.0459e+02 2.0021e+02 6.3940e-04
7.7939e+02 1.6643e+02 8.1056e+02 1.9469e+02 6.3839e-04
7.5639e+02 1.5879e+02 7.8966e+02 1.8495e+02 6.3743e-04
1.2308e+03 1.4773e+02 1.2410e+03 1.7300e+02 6.3712e-04
1.0910e+03 1.5152e+02 1.1308e+03 2.3704e+02 6.3630e-04
1.0747e+03 1.6338e+02 1.0938e+03 2.1695e+02 6.3011e-04
6.9751e+02 1.4961e+02 7.8680e+02 1.8440e+02 6.2951e-04
1.4738e+02 2.1445e+02 1.6447e+02 2.6373e+02 6.2842e-04
8.0947e+02 1.6513e+02 8.6168e+02 1.8509e+02 6.2730e-04
9.3877e+02 1.6000e+02 1.0996e+03 2.2707e+02 6.2704e-04
7.8009e+02 1.7476e+02 8.2967e+02 1.9848e+02 6.1651e-04
1.8933e+02 2.1959e+02 2.3628e+02 2.4280e+02 6.1226e-04
1.2080e+03 2.4902e+02 1.2410e+03 3.7500e+02 6.0953e-04
1.2325e+03 3.6802e+02 1.2410e+03 3.7500e+02 6.0913e-04
1.1849e+03 1.6305e+02 1.2410e+03 2.2535e+02 6.0911e-04
7.9372e+02 1.7747e+02 8.4861e+02 2.0234e+02 6.0745e-04
1.0701e+03 2.6465e+02 1.0923e+03 3.1111e+02 6.0365e-04
4.2093e+00 8.5002e+01 4.1776e+01 2.0756e+02 6.0316e-04
1.1652e+03 1.5756e+02 1.2065e+03 2.4953e+02 6.0028e-04
1.3879e+02 2.2022e+02 2.2894e+02 2.6002e+02 5.9966e-04
7.7658e+02 1.1805e+02 1.2410e+03 3.7500e+02 5.9881e-04
1.1447e+03 1.7863e+02 1.2221e+03 2.3619e+02 5.9512e-04
1.0360e+03 1.6908e+02 1.1093e+03 2.6519e+02 5.9497e-04
8.2474e+02 1.5690e+02 1.0038e+03 2.3113e+02 5.9389e-04
1.0145e+03 1.6474e+02 1.0521e+03 2.5593e+02 5.9038e-04
1.6372e+02 2.2824e+02 1.7974e+02 2.6998e+02 5.8690e-04
6.9866e+02 1.3389e+02 8.6507e+02 1.9884e+02 5.8543e-04
1.2116e+02 2.3654e+02 1.6306e+02 2.5977e+02 5.8420e-04
1.0415e+03 2.5819e+02 1.1244e+03 3.1663e+02 5.8341e-04
8.1432e+02 1.6291e+02 9.1806e+02 1.9992e+02 5.7910e-04
1.0752e+03 2.5117e+02 1.1005e+03 3.0468e+02 5.7411e-04
8.7313e+02 1.6253e+02 9.8394e+02 2.0024e+02 5.7266e-04
1.0721e+03 2.0315e+02 1.1047e+03 2.8035e+02 5.7241e-04
2.2397e+02 1.6341e+02 3.1538e+02 2.0345e+02 5.7200e-04
1.1530e+03 1.7056e+02 1.2277e+03 2.3218e+02 5.7155e-04
1.3270e+02 2.2807e+02 1.4869e+02 2.7022e+02 5.7083e-04
0.0000e+00 0.0000e+00 1.0783e+02 7.7202e+01 5.6829e-04
7.7584e+02 1.4897e+02 7.9153e+02 1.8944e+02 5.6580e-04
0.0000e+00 2.6287e+02 6.0782e+00 3.3103e+02 5.6530e-04
1.6648e+02 2.3316e+02 2.1141e+02 2.5493e+02 5.5963e-04
7.5322e+02 1.5534e+02 9.4014e+02 2.2795e+02 5.5939e-04
0.0000e+00 2.7561e+02 5.9372e+00 3.4199e+02 5.5784e-04
1.1905e+03 1.5366e+02 1.2410e+03 1.9856e+02 5.5777e-04
1.7826e+02 2.1975e+02 2.2348e+02 2.4279e+02 5.5772e-04
1.0650e+03 2.0433e+02 1.1874e+03 3.0796e+02 5.5702e-04
1.0215e+03 1.9462e+02 1.1339e+03 2.5261e+02 5.5268e-04
1.9267e+02 2.1648e+02 2.2264e+02 2.4714e+02 5.5236e-04
1.8874e+02 2.2137e+02 2.1826e+02 2.5078e+02 5.5025e-04
8.0370e+02 1.5698e+02 8.5658e+02 1.7741e+02 5.4964e-04
7.5624e+02 1.4326e+02 7.7217e+02 1.8697e+02 5.4758e-04
0.0000e+00 3.2408e+01 1.6024e+01 1.5338e+02 5.4663e-04
1.5896e+02 2.3582e+02 2.0304e+02 2.5848e+02 5.4654e-04
7.8219e+02 1.5507e+02 8.2987e+02 1.7474e+02 5.4634e-04
1.2274e+03 1.5600e+02 1.2410e+03 2.3846e+02 5.4569e-04
7.5468e+02 1.5582e+02 8.2648e+02 2.0147e+02 5.4360e-04
1.9232e+02 2.2492e+02 2.0819e+02 2.7104e+02 5.3973e-04
0.0000e+00 0.0000e+00 1.6451e+02 6.9637e+01 5.3033e-04
0.0000e+00 1.2410e+02 1.1090e+01 1.5497e+02 5.2287e-04
1.8515e+02 2.2384e+02 2.3157e+02 2.4674e+02 5.1700e-04
1.4752e+02 2.3642e+02 1.9232e+02 2.5896e+02 5.1638e-04
1.1817e+03 1.8086e+02 1.2026e+03 2.4457e+02 5.1346e-04
1.1103e+03 1.6199e+02 1.1464e+03 2.7532e+02 5.1325e-04
1.2233e+03 1.5296e+02 1.2410e+03 2.3184e+02 5.1255e-04
7.6936e+02 1.8516e+02 8.5947e+02 2.2545e+02 5.1131e-04
1.2238e+03 8.5683e+01 1.2410e+03 1.8839e+02 5.0963e-04
7.5766e+02 1.5300e+02 7.8804e+02 1.7863e+02 5.0890e-04
1.2320e+03 1.4504e+02 1.2410e+03 2.1409e+02 5.0571e-04
8.6593e+02 1.5111e+02 9.3989e+02 1.9775e+02 5.0565e-04
8.2688e+02 1.3592e+02 9.2284e+02 1.7205e+02 5.0540e-04
0.0000e+00 1.2798e+02 6.7491e+00 1.9224e+02 4.9939e-04
1.2102e+03 0.0000e+00 1.2410e+03 1.5932e+01 4.9626e-04
1.8418e+02 2.2568e+02 2.0018e+02 2.7149e+02 4.9492e-04
1.6026e+02 2.2824e+02 1.7651e+02 2.7064e+02 4.9351e-04
1.6389e+02 2.0805e+02 1.8040e+02 2.5623e+02 4.9195e-04
8.9932e+02 1.5035e+02 1.0570e+03 2.1123e+02 4.9130e-04
1.2072e+03 1.1562e+02 1.2410e+03 1.5707e+02 4.9085e-04
1.1657e+03 2.9959e+02 1.2390e+03 3.7500e+02 4.8967e-04
1.0471e+03 2.2987e+02 1.1726e+03 3.2307e+02 4.8961e-04
7.6485e+02 1.5346e+02 7.8082e+02 1.9964e+02 4.8933e-04
9.7534e+02 1.4573e+02 1.1022e+03 2.5215e+02 4.8457e-04
8.0076e+02 1.6860e+02 8.3868e+02 1.9746e+02 4.8295e-04
1.2332e+03 1.4515e+02 1.2410e+03 1.7733e+02 4.8085e-04
1.0789e+03 1.5953e+02 1.2187e+03 2.5935e+02 4.7985e-04
7.4388e+02 1.5021e+02 7.7433e+02 1.7859e+02 4.7630e-04
1.2371e+03 0.0000e+00 1.2410e+03 2.2226e+01 4.7500e-04
9.8190e+02 1.5032e+02 1.0693e+03 1.8909e+02 4.7325e-04
0.0000e+00 9.3614e+01 7.1130e+00 1.5780e+02 4.7165e-04
7.7162e+02 1.5981e+02 8.0339e+02 1.8503e+02 4.7079e-04
9.8140e+02 2.0318e+02 1.1268e+03 3.7500e+02 4.7047e-04
7.7223e+02 1.5592e+02 8.0348e+02 1.7997e+02 4.7010e-04
1.0293e+03 1.5834e+02 1.0650e+03 2.5472e+02 4.6826e-04
1.1629e+03 1.6328e+02 1.2342e+03 2.2536e+02 4.6275e-04
1.2319e+03 1.5942e+02 1.2410e+03 2.3237e+02 4.6233e-04
1.4300e+02 2.2762e+02 2.2643e+02 2.6334e+02 4.6098e-04
1.1577e+03 1.6136e+02 1.2410e+03 2.0826e+02 4.6074e-04
7.4552e+02 1.3974e+02 8.8249e+02 2.2132e+02 4.5797e-04
1.2277e+03 1.3804e+02 1.2410e+03 2.1607e+02 4.5659e-04
1.0408e+03 1.3404e+02 1.2122e+03 1.9842e+02 4.5544e-04
1.8623e+02 2.1650e+02 2.3255e+02 2.3955e+02 4.5482e-04
0.0000e+00 1.2919e+02 1.5008e+01 2.4654e+02 4.5378e-04
2.2209e+02 1.5554e+02 3.1528e+02 1.9755e+02 4.5270e-04
1.0007e+03 1.5565e+02 1.0951e+03 1.9337e+02 4.5064e-04
0.0000e+00 2.2261e+02 7.0553e+00 2.7560e+02 4.5028e-04
7.1294e+02 1.6377e+02 8.1278e+02 2.0002e+02 4.4743e-04
1.2181e+03 2.0680e+02 1.2410e+03 2.5762e+02 4.4527e-04
7.7387e+02 1.6518e+02 7.9445e+02 2.2321e+02 4.4512e-04
1.7386e+02 2.3243e+02 2.1931e+02 2.5501e+02 4.4474e-04
1.6789e+02 2.2683e+02 1.8355e+02 2.6981e+02 4.4210e-04
1.1217e+03 7.6819e+01 1.2410e+03 3.0566e+02 4.3933e-04
1.2888e+02 2.2760e+02 1.4446e+02 2.6976e+02 4.3850e-04
1.1900e+03 8.9605e+01 1.2410e+03 2.0494e+02 4.3814e-04
9.9579e+02 2.2703e+02 1.1265e+03 3.3371e+02 4.3803e-04
8.7821e+02 1.2932e+02 9.5437e+02 2.7041e+02 4.3786e-04
1.0665e+03 2.5762e+02 1.0881e+03 3.0698e+02 4.3648e-04
1.0219e+03 1.5998e+02 1.0568e+03 2.4617e+02 4.2970e-04
1.6968e+02 2.3562e+02 2.1463e+02 2.5800e+02 4.2533e-04
1.2184e+03 0.0000e+00 1.2410e+03 2.0738e+01 4.2346e-04
1.7878e+02 2.1717e+02 2.0742e+02 2.4678e+02 4.2317e-04
1.0699e+03 2.1463e+02 1.0987e+03 2.8357e+02 4.2251e-04
1.1240e+03 1.8272e+02 1.2104e+03 2.3422e+02 4.2072e-04
1.2236e+03 1.3542e+02 1.2410e+03 2.0991e+02 4.1980e-04
1.9666e+02 2.2100e+02 2.2652e+02 2.5098e+02 4.1942e-04
7.2464e+02 1.4886e+02 7.5640e+02 1.7993e+02 4.1478e-04
0.0000e+00 1.0169e+02 2.9367e+01 1.5216e+02 4.1459e-04
1.1375e+03 1.5806e+02 1.2410e+03 2.5020e+02 4.1422e-04
1.6743e+02 2.2931e+02 2.1112e+02 2.5058e+02 4.1403e-04
0.0000e+00 3.6831e+02 9.2024e+00 3.7500e+02 4.1396e-04
1.8163e+02 2.2123e+02 2.1129e+02 2.5063e+02 4.1321e-04
7.0438e+02 1.7225e+02 8.6618e+02 2.4422e+02 4.1206e-04
1.5508e+02 2.3334e+02 1.9937e+02 2.5557e+02 4.1202e-04
7.2044e+02 1.7033e+02 8.2042e+02 2.1044e+02 4.1192e-04
0.0000e+00 0.0000e+00 1.5113e+01 5.1462e+01 4.1156e-04
1.8929e+02 2.3249e+02 2.3407e+02 2.5455e+02 4.1148e-04
1.2189e+03 1.5337e+02 1.2380e+03 2.3175e+02 4.1125e-04
1.5328e+02 2.1322e+02 2.4841e+02 2.5333e+02 4.0970e-04
1.1851e+03 1.6501e+02 1.2410e+03 2.7656e+02 4.0776e-04
9.9448e+02 1.4587e+02 1.0657e+03 2.9200e+02 4.0688e-04
1.1849e+03 1.4834e+02 1.2407e+03 2.0853e+02 4.0676e-04
1.0670e+03 1.6351e+02 1.0872e+03 2.0985e+02 4.0636e-04
1.0360e+03 1.5748e+02 1.0722e+03 2.6028e+02 4.0572e-04
1.2435e+02 2.2733e+02 1.4060e+02 2.7108e+02 4.0395e-04
1.8498e+02 2.2825e+02 2.3042e+02 2.5093e+02 4.0341e-04
8.6303e+02 1.3566e+02 1.0300e+03 1.9847e+02 4.0272e-04
1.1589e+03 1.5333e+02 1.2410e+03 1.9912e+02 4.0259e-04
1.1657e+03 8.6526e+01 1.2385e+03 2.4747e+02 4.0198e-04
1.1949e+03 1.5569e+02 1.2410e+03 2.1782e+02 4.0185e-04
9.8478e+02 1.8629e+02 1.0781e+03 2.2766e+02 4.0149e-04
7.2132e+02 1.4826e+02 7.7040e+02 1.7226e+02 4.0094e-04
0.0000e+00 2.0618e+02 7.5358e+00 2.6089e+02 4.0046e-04
8.5223e+02 1.7047e+02 9.5987e+02 2.1047e+02 4.0034e-04
1.0664e+03 1.6525e+02 1.0863e+03 2.2395e+02 3.9898e-04
9.5263e+02 1.4842e+02 1.1341e+03 2.1873e+02 3.9751e-04
1.2141e+03 1.8254e+02 1.2343e+03 2.5624e+02 3.9579e-04
1.1036e+03 1.8630e+02 1.1723e+03 3.3325e+02 3.9566e-04
1.1367e+02 2.3643e+02 1.5547e+02 2.5990e+02 3.9466e-04
7.6907e+02 1.4794e+02 7.8474e+02 1.8722e+02 3.9458e-04
0.0000e+00 0.0000e+00 5.4846e+01 4.7288e+01 3.9295e-04
1.0404e+03 2.1477e+02 1.1862e+03 3.7500e+02 3.9029e-04
1.0702e+03 1.6532e+02 1.0911e+03 2.0291e+02 3.9015e-04
7.8300e+02 1.6692e+02 8.5705e+02 2.1353e+02 3.8999e-04
1.0324e+03 1.9236e+02 1.1286e+03 3.0567e+02 3.8994e-04
9.8395e+02 1.7620e+02 1.1106e+03 3.1223e+02 3.8972e-04
7.9389e+02 1.7982e+02 8.1174e+02 2.3358e+02 3.8862e-04
9.8850e+02 2.5875e+02 1.1554e+03 3.2858e+02 3.8793e-04
1.4253e+02 2.2399e+02 1.6010e+02 2.6953e+02 3.8596e-04
1.1330e+03 2.0009e+02 1.2016e+03 2.2224e+02 3.8510e-04
0.0000e+00 0.0000e+00 6.7165e+01 3.4027e+02 3.8335e-04
1.0814e+03 1.8731e+02 1.2410e+03 2.5819e+02 3.8014e-04
1.1860e+03 1.8000e+02 1.2062e+03 2.4540e+02 3.8006e-04
1.2975e+02 2.3431e+02 1.5950e+02 2.6328e+02 3.7969e-04
9.5796e+02 1.5555e+02 1.0595e+03 1.9458e+02 3.7937e-04
1.7239e+02 2.2679e+02 1.8762e+02 2.6988e+02 3.7725e-04
1.1325e+03 1.7365e+02 1.2173e+03 2.2812e+02 3.7707e-04
1.8158e+02 2.3208e+02 2.2679e+02 2.5517e+02 3.7651e-04
1.2248e+03 2.1941e+02 1.2410e+03 3.2606e+02 3.7559e-04
7.5766e+02 1.6352e+02 7.8971e+02 1.8890e+02 3.7559e-04
1.2133e+03 5.6401e+01 1.2410e+03 1.0445e+02 3.7045e-04
1.9215e+02 2.2544e+02 2.2171e+02 2.5498e+02 3.6920e-04
7.3739e+02 1.4931e+02 7.8149e+02 1.7244e+02 3.6870e-04
1.8509e+02 2.2550e+02 2.1468e+02 2.5533e+02 3.6805e-04
7.6838e+02 1.6552e+02 8.4720e+02 2.1483e+02 3.6692e-04
1.0625e+03 2.7584e+02 1.1212e+03 3.0397e+02 3.6656e-04
1.7452e+02 2.2432e+02 2.1972e+02 2.4600e+02 3.6631e-04
7.8504e+02 1.4857e+02 8.0039e+02 1.8832e+02 3.6607e-04
1.1726e+03 1.5532e+02 1.2396e+03 2.1803e+02 3.6466e-04
1.0083e+03 1.4034e+02 1.1432e+03 2.4316e+02 3.6464e-04
1.0687e+03 2.5293e+02 1.0933e+03 3.0284e+02 3.6347e-04
7.4505e+02 1.5965e+02 8.2110e+02 2.0867e+02 3.6133e-04
8.1541e+02 1.6150e+02 8.3324e+02 2.0456e+02 3.6100e-04
1.2050e+03 1.7779e+02 1.2410e+03 3.5403e+02 3.5998e-04
1.2064e+03 1.8221e+02 1.2268e+03 2.5076e+02 3.5978e-04
1.0619e+03 2.5715e+02 1.0842e+03 3.0768e+02 3.5924e-04
2.2184e+02 1.2031e+02 5.8844e+02 2.8300e+02 3.5842e-04
7.3776e+02 1.5178e+02 7.7167e+02 1.8247e+02 3.5836e-04
7.3234e+02 1.4924e+02 8.6637e+02 2.3802e+02 3.5730e-04
1.2135e+03 3.3229e+02 1.2410e+03 3.7500e+02 3.5672e-04
1.2250e+02 2.2016e+02 2.1435e+02 2.6123e+02 3.5668e-04
7.9185e+02 1.5228e+02 8.0837e+02 2.0006e+02 3.5627e-04
1.7420e+02 2.2716e+02 2.0236e+02 2.5483e+02 3.5567e-04
1.0447e+03 1.6681e+02 1.1325e+03 2.0663e+02 3.5561e-04
1.2101e+03 1.8246e+02 1.2304e+03 2.5388e+02 3.5557e-04
8.4395e+02 1.3891e+02 9.7777e+02 2.2489e+02 3.5527e-04
1.2277e+03 1.9782e+02 1.2410e+03 2.8448e+02 3.5469e-04
1.1291e+03 2.0298e+02 1.1992e+03 2.2599e+02 3.5238e-04
7.9571e+02 1.6056e+02 8.1232e+02 2.0665e+02 3.5150e-04
1.0702e+03 2.4489e+02 1.0974e+03 2.9886e+02 3.4962e-04
1.2256e+03 2.7451e+02 1.2410e+03 3.7500e+02 3.4945e-04
9.6966e+02 1.0655e+02 1.1096e+03 3.7500e+02 3.4827e-04
7.9492e+02 0.0000e+00 1.1527e+03 3.7500e+02 3.4685e-04
1.1379e+03 1.2164e+02 1.2410e+03 2.0459e+02 3.4661e-04
7.8866e+02 1.4739e+02 8.0462e+02 1.8916e+02 3.4625e-04
1.6144e+02 2.2751e+02 1.8994e+02 2.5561e+02 3.4527e-04
1.9610e+02 2.1375e+02 2.2792e+02 2.4358e+02 3.4412e-04
8.0377e+02 1.6446e+02 8.4337e+02 1.9266e+02 3.4391e-04
1.2113e+03 2.3242e+02 1.2410e+03 2.7549e+02 3.4348e-04
0.0000e+00 2.1498e+02 3.9513e+01 3.2955e+02 3.3925e-04
1.0891e+03 2.2296e+02 1.1293e+03 3.1181e+02 3.3888e-04
1.0688e+03 1.7605e+02 1.1670e+03 2.1908e+02 3.3357e-04
1.0628e+03 1.4599e+02 1.0999e+03 2.2732e+02 3.3301e-04
1.1009e+03 1.4283e+02 1.2166e+03 1.8165e+02 3.3281e-04
1.7441e+02 2.2872e+02 2.1922e+02 2.5070e+02 3.3074e-04
6.7991e+02 1.4653e+02 8.3827e+02 2.1548e+02 3.3026e-04
0.0000e+00 2.6035e+02 2.4699e+01 3.7500e+02 3.2936e-04
8.1146e+02 1.6097e+02 8.2899e+02 2.0521e+02 3.2703e-04
1.2207e+03 2.2125e+02 1.2410e+03 2.7360e+02 3.2688e-04
2.4760e+02 1.4324e+02 6.1635e+02 3.0123e+02 3.2600e-04
0.0000e+00 1.1271e+02 1.1808e+01 1.8940e+02 3.2529e-04
0.0000e+00 1.1609e+02 1.0487e+01 1.4728e+02 3.2514e-04
7.8303e+02 1.6943e+02 8.1564e+02 1.9941e+02 3.2340e-04
0.0000e+00 2.5332e+02 1.2869e+01 3.7500e+02 3.2173e-04
9.5692e+02 1.6296e+02 1.0586e+03 2.0244e+02 3.2036e-04
1.0287e+03 6.9199e+01 1.1637e+03 3.2777e+02 3.1980e-04
1.9649e+02 2.2978e+02 2.2535e+02 2.5872e+02 3.1919e-04
1.1272e+03 2.0003e+02 1.2410e+03 2.4038e+02 3.1732e-04
8.9693e+02 1.5462e+02 1.0058e+03 1.9399e+02 3.1582e-04
9.7734e+02 1.8807e+02 1.1480e+03 2.8794e+02 3.1442e-04
7.9489e+02 1.6437e+02 8.1302e+02 2.1801e+02 3.1436e-04
9.9464e+02 1.5266e+02 1.0650e+03 1.9960e+02 3.1385e-04
1.5639e+02 2.2176e+02 1.8585e+02 2.5171e+02 3.1318e-04
1.6912e+02 2.3076e+02 1.9899e+02 2.5969e+02 3.1247e-04
1.0733e+03 1.6786e+02 1.0945e+03 2.2843e+02 3.1108e-04
1.2146e+03 1.5017e+02 1.2348e+03 2.2714e+02 3.1017e-04
8.9170e+02 1.4450e+02 9.9859e+02 1.8122e+02 3.0974e-04
1.8840e+02 2.2909e+02 2.1846e+02 2.5922e+02 3.0936e-04
1.1635e+02 2.3856e+02 1.5887e+02 2.6339e+02 3.0912e-04
7.8108e+02 1.4869e+02 7.9542e+02 1.8840e+02 3.0897e-04
0.0000e+00 8.3958e+01 4.1565e+01 1.9978e+02 3.0852e-04
7.9792e+02 1.6597e+02 8.1715e+02 2.1584e+02 3.0819e-04
1.0656e+03 1.6458e+02 1.1623e+03 2.0537e+02 3.0624e-04
8.7449e+02 1.4735e+02 9.4851e+02 1.9013e+02 3.0574e-04
1.1906e+03 1.7946e+02 1.2100e+03 2.4518e+02 3.0299e-04
0.0000e+00 1.3843e+02 1.0652e+01 1.7121e+02 3.0138e-04
7.2773e+02 1.3983e+02 7.4727e+02 1.9278e+02 3.0118e-04
1.2192e+03 1.3954e+02 1.2383e+03 2.1365e+02 2.9953e-04
1.1722e+03 1.9111e+02 1.2410e+03 2.3715e+02 2.9878e-04
0.0000e+00 1.3959e+02 2.9376e+01 3.2285e+02 2.9820e-04
7.4735e+02 1.5052e+02 7.9008e+02 1.7204e+02 2.9732e-04
1.2210e+03 5.1225e+01 1.2410e+03 1.1074e+02 2.9596e-04
1.6722e+02 2.2460e+02 2.1150e+02 2.4621e+02 2.9491e-04
1.7772e+02 2.3518e+02 2.2244e+02 2.5819e+02 2.9453e-04
1.7684e+02 2.3008e+02 2.0719e+02 2.5973e+02 2.9299e-04
1.2025e+02 2.1215e+02 1.3824e+02 2.5966e+02 2.9263e-04
1.8868e+02 2.1387e+02 2.1893e+02 2.4353e+02 2.9216e-04
1.2044e+02 2.2771e+02 1.3692e+02 2.7157e+02 2.9174e-04
1.2569e+02 2.1690e+02 1.5382e+02 2.4769e+02 2.9135e-04
0.0000e+00 0.0000e+00 7.6924e+01 4.4282e+01 2.9024e-04
1.5733e+02 2.3125e+02 1.8773e+02 2.6013e+02 2.8873e-04
1.2366e+03 5.6792e+01 1.2410e+03 1.1601e+02 2.8771e-04
8.1911e+02 1.6199e+02 8.3696e+02 2.0451e+02 2.8740e-04
1.5244e+02 2.1689e+02 1.8245e+02 2.4753e+02 2.8669e-04
8.0769e+02 1.6912e+02 8.4655e+02 1.9700e+02 2.8656e-04
1.1784e+03 1.8147e+02 1.1990e+03 2.4279e+02 2.8591e-04
1.6798e+02 2.2031e+02 2.1108e+02 2.4255e+02 2.8561e-04
1.1949e+03 1.6727e+02 1.2148e+03 2.3303e+02 2.8472e-04
1.0137e+03 1.5523e+02 1.0498e+03 2.3586e+02 2.8444e-04
1.5491e+02 2.2944e+02 1.9791e+02 2.5156e+02 2.8391e-04
8.4597e+02 1.3620e+02 9.4754e+02 1.7162e+02 2.8361e-04
7.3935e+02 1.5413e+02 8.1293e+02 1.9985e+02 2.8280e-04
9.9321e+02 1.6582e+02 1.0642e+03 2.1783e+02 2.8148e-04
9.5691e+02 2.6307e+02 1.2068e+03 3.7500e+02 2.8108e-04
1.1735e+03 1.3801e+02 1.2133e+03 2.3474e+02 2.8055e-04
2.1025e+02 2.0759e+02 2.2910e+02 2.5823e+02 2.7823e-04
7.6236e+02 1.7115e+02 7.9589e+02 2.0320e+02 2.7790e-04
1.1512e+03 9.1095e+01 1.2248e+03 2.3946e+02 2.7684e-04
1.2077e+03 1.5294e+02 1.2260e+03 2.2816e+02 2.7652e-04
1.1950e+03 1.7900e+02 1.2144e+03 2.4522e+02 2.7605e-04
1.2343e+03 0.0000e+00 1.2410e+03 8.5941e+00 2.7573e-04
1.0811e+03 2.3400e+02 1.1169e+03 3.2082e+02 2.7438e-04
9.0802e+02 1.4800e+02 1.0118e+03 1.8742e+02 2.7372e-04
8.0189e+02 1.6449e+02 8.2126e+02 2.1025e+02 2.7332e-04
8.6060e+02 1.5922e+02 1.0276e+03 2.2798e+02 2.7316e-04
6.9406e+02 1.4420e+02 7.8477e+02 1.7895e+02 2.7301e-04
8.6125e+02 1.5709e+02 9.1743e+02 1.7808e+02 2.7283e-04
1.1809e+03 1.9605e+02 1.2410e+03 2.7803e+02 2.7147e-04
1.1158e+03 1.3581e+02 1.1551e+03 2.2250e+02 2.7109e-04
1.9990e+02 2.1637e+02 2.3029e+02 2.4709e+02 2.7095e-04
8.0063e+02 1.6116e+02 8.4048e+02 1.8938e+02 2.6963e-04
1.1500e+03 1.4661e+02 1.2410e+03 1.9008e+02 2.6850e-04
1.4053e+02 2.3680e+02 1.8500e+02 2.5848e+02 2.6813e-04
1.7555e+02 2.1692e+02 2.2009e+02 2.3931e+02 2.6773e-04
1.2601e+02 2.2781e+02 2.1008e+02 2.6458e+02 2.6738e-04
1.2273e+03 3.1465e+02 1.2410e+03 3.7500e+02 2.6708e-04
7.5059e+02 1.4563e+02 8.4921e+02 1.8219e+02 2.6675e-04
8.5061e+02 1.5332e+02 9.2657e+02 1.9567e+02 2.6339e-04
0.0000e+00 2.9670e+02 4.7447e+01 3.7500e+02 2.6283e-04
1.8548e+02 2.3520e+02 2.3019e+02 2.5775e+02 2.6162e-04
1.1007e+03 1.4971e+02 1.1395e+03 2.3380e+02 2.6119e-04
9.4795e+02 2.0166e+02 1.0982e+03 3.7500e+02 2.6059e-04
1.2921e+02 2.3610e+02 1.7171e+02 2.5925e+02 2.5991e-04
1.1025e+03 1.3635e+02 1.2410e+03 3.0014e+02 2.5972e-04
7.1653e+02 1.6231e+02 7.7015e+02 1.8515e+02 2.5967e-04
1.1499e+02 1.7317e+02 2.9747e+02 2.4780e+02 2.5960e-04
1.0762e+03 2.7676e+02 1.0978e+03 3.1838e+02 2.5952e-04
1.2158e+03 1.0990e+02 1.2410e+03 1.6570e+02 2.5934e-04
1.2113e+03 1.4972e+02 1.2303e+03 2.2570e+02 2.5921e-04
1.2055e+03 3.3323e+02 1.2387e+03 3.7500e+02 2.5909e-04
2.1567e+02 1.7185e+02 3.1200e+02 2.0948e+02 2.5899e-04
8.5654e+02 1.4743e+02 9.3355e+02 1.8935e+02 2.5896e-04
1.1231e+03 1.6656e+02 1.1921e+03 3.0592e+02 2.5848e-04
1.5248e+02 2.2772e+02 1.6872e+02 2.7077e+02 2.5807e-04
1.1589e+03 3.2775e+02 1.2410e+03 3.7500e+02 2.5768e-04
1.2397e+02 2.3892e+02 1.6594e+02 2.6294e+02 2.5749e-04
9.1285e+02 1.3719e+02 1.0714e+03 1.9493e+02 2.5749e-04
1.2103e+03 1.0768e+02 1.2410e+03 1.5009e+02 2.5616e-04
1.0991e+03 1.2148e+02 1.2311e+03 2.0495e+02 2.5614e-04
8.9740e+02 1.3554e+02 9.6560e+02 2.6647e+02 2.5543e-04
1.0453e+03 2.7491e+02 1.1127e+03 3.0378e+02 2.5506e-04
1.0791e+03 1.7032e+02 1.1815e+03 2.0921e+02 2.5493e-04
1.0573e+03 2.9380e+02 1.1134e+03 3.1807e+02 2.5366e-04
1.8173e+02 2.1420e+02 2.1140e+02 2.4389e+02 2.5236e-04
0.0000e+00 2.1956e+02 2.4812e+01 3.7500e+02 2.5207e-04
2.3986e+02 1.6362e+02 3.3149e+02 2.0199e+02 2.5155e-04
7.9161e+02 1.8408e+02 8.0931e+02 2.3615e+02 2.5097e-04
1.0581e+03 1.6985e+02 1.1047e+03 1.9234e+02 2.4984e-04
8.8978e+02 1.8331e+02 9.0969e+02 2.3871e+02 2.4924e-04
2.1111e+02 2.2197e+02 2.2800e+02 2.6761e+02 2.4863e-04
8.9041e+02 1.4860e+02 9.1012e+02 1.9814e+02 2.4693e-04
8.8023e+02 1.5067e+02 9.5527e+02 1.9970e+02 2.4683e-04
1.2078e+03 1.3938e+02 1.2254e+03 2.0984e+02 2.4665e-04
1.2299e+03 0.0000e+00 1.2410e+03 6.7733e+00 2.4614e-04
1.5298e+02 2.2755e+02 1.8276e+02 2.5635e+02 2.4579e-04
1.1697e+02 2.3322e+02 1.5996e+02 2.5601e+02 2.4534e-04
0.0000e+00 7.6941e+01 2.8319e+01 2.7394e+02 2.4489e-04
8.9530e+02 1.4531e+02 9.1434e+02 1.9315e+02 2.4362e-04
1.1486e+03 3.0157e+02 1.2244e+03 3.7500e+02 2.4300e-04
1.0685e+03 1.6861e+02 1.0916e+03 2.3214e+02 2.4280e-04
7.7916e+02 1.5522e+02 8.1298e+02 1.8097e+02 2.4236e-04
0.0000e+00 7.9348e+01 2.1707e+01 1.4526e+02 2.4202e-04
9.0135e+02 1.6080e+02 1.0595e+03 2.2530e+02 2.4075e-04
8.1421e+02 1.6139e+02 8.6539e+02 1.8070e+02 2.3995e-04
0.0000e+00 1.2749e+02 2.1930e+01 1.8975e+02 2.3972e-04
7.5735e+02 1.5195e+02 7.9779e+02 1.7257e+02 2.3952e-04
8.0721e+02 1.6206e+02 8.2507e+02 2.0601e+02 2.3859e-04
1.6997e+02 2.2228e+02 1.9832e+02 2.5119e+02 2.3826e-04
0.0000e+00 1.0308e+02 1.7764e+01 1.8536e+02 2.3731e-04
1.2200e+02 2.3429e+02 1.5180e+02 2.6278e+02 2.3729e-04
8.8521e+02 1.4345e+02 9.2357e+02 2.2477e+02 2.3714e-04
1.1439e+03 1.6373e+02 1.2203e+03 2.2252e+02 2.3663e-04
9.2703e+02 1.3377e+02 1.1486e+03 3.3278e+02 2.3641e-04
7.9163e+02 1.6322e+02 8.0928e+02 2.1836e+02 2.3611e-04
1.3659e+02 2.1273e+02 2.3022e+02 2.5356e+02 2.3493e-04
7.9665e+02 1.6568e+02 8.3582e+02 1.9305e+02 2.3488e-04
7.9471e+02 1.5252e+02 8.1210e+02 1.9817e+02 2.3463e-04
1.2983e+02 2.2177e+02 1.5763e+02 2.5228e+02 2.3408e-04
0.0000e+00 2.0910e+02 2.4357e+01 2.7031e+02 2.3303e-04
1.2683e+02 1.8768e+02 2.9422e+02 2.6336e+02 2.3266e-04
9.5907e+02 1.4941e+02 1.0555e+03 1.8788e+02 2.3256e-04
1.4897e+02 2.2167e+02 1.7923e+02 2.5176e+02 2.3252e-04
7.7879e+02 1.7117e+02 8.1022e+02 2.0371e+02 2.3221e-04
1.0073e+03 1.6932e+02 1.0467e+03 2.6131e+02 2.3126e-04
8.6093e+02 1.6077e+02 9.1776e+02 1.8182e+02 2.3105e-04
9.4436e+02 1.7452e+02 1.1009e+03 2.4487e+02 2.3072e-04
8.0120e+02 1.5332e+02 8.4039e+02 1.8153e+02 2.2872e-04
0.0000e+00 2.2758e+02 5.9510e+00 2.8388e+02 2.2867e-04
1.0638e+03 1.6717e+02 1.0984e+03 1.9479e+02 2.2839e-04
1.0554e+03 2.3218e+02 1.1169e+03 3.6881e+02 2.2830e-04
7.9183e+02 1.4695e+02 8.0794e+02 1.9023e+02 2.2795e-04
0.0000e+00 1.3044e+02 1.3141e+01 1.5738e+02 2.2785e-04
8.9364e+02 1.4321e+02 9.3142e+02 2.2516e+02 2.2764e-04
1.1313e+03 1.8733e+02 1.2170e+03 2.4078e+02 2.2763e-04
8.0444e+02 1.7173e+02 8.4214e+02 2.0197e+02 2.2724e-04
1.5345e+02 2.3407e+02 1.8409e+02 2.6314e+02 2.2665e-04
1.4434e+02 2.3342e+02 1.8964e+02 2.5548e+02 2.2577e-04
7.9294e+02 1.6935e+02 8.3129e+02 1.9797e+02 2.2548e-04
8.0413e+02 1.5731e+02 8.4421e+02 1.8604e+02 2.2545e-04
2.4562e+02 1.5589e+02 3.3867e+02 1.9631e+02 2.2515e-04
0.0000e+00 1.3826e+02 1.4172e+01 1.6534e+02 2.2481e-04
7.3258e+02 0.0000e+00 1.0862e+03 3.7500e+02 2.2462e-04
1.0976e+03 1.4802e+02 1.1719e+03 2.0233e+02 2.2443e-04
1.2250e+03 2.4905e+02 1.2410e+03 3.6095e+02 2.2440e-04
7.6073e+02 1.4886e+02 8.9752e+02 2.3395e+02 2.2352e-04
7.6085e+02 1.5236e+02 7.7651e+02 1.9890e+02 2.2281e-04
1.0673e+03 2.9219e+02 1.1446e+03 3.7500e+02 2.2200e-04
1.0738e+03 2.7557e+02 1.0942e+03 3.1461e+02 2.2189e-04
1.1103e+03 1.5143e+02 1.1457e+03 2.4338e+02 2.2188e-04
1.0797e+03 2.5866e+02 1.1029e+03 3.0739e+02 2.2058e-04
1.2148e+03 1.3529e+02 1.2345e+03 2.1041e+02 2.1885e-04
1.2519e+02 2.3141e+02 1.5719e+02 2.6019e+02 2.1721e-04
1.0386e+03 2.7947e+02 1.1057e+03 3.0724e+02 2.1705e-04
9.4126e+02 1.5496e+02 1.0432e+03 1.9543e+02 2.1487e-04
7.7831e+02 1.7455e+02 8.5089e+02 2.2221e+02 2.1485e-04
1.8777e+02 2.1308e+02 2.3734e+02 2.3496e+02 2.1460e-04
0.0000e+00 4.8737e+01 2.6280e+01 1.8688e+02 2.1458e-04
7.6561e+02 1.7148e+02 7.9946e+02 2.0934e+02 2.1385e-04
0.0000e+00 1.7955e+02 4.7105e+01 3.7500e+02 2.1298e-04
9.9962e+02 1.6333e+02 1.0947e+03 2.0111e+02 2.1294e-04
1.6102e+02 2.1737e+02 1.8969e+02 2.4779e+02 2.1171e-04
1.4943e+02 2.2426e+02 1.9463e+02 2.4721e+02 2.1155e-04
8.1571e+02 1.5705e+02 8.6652e+02 1.7680e+02 2.1151e-04
1.0680e+02 2.1974e+02 1.9833e+02 2.6145e+02 2.1148e-04
1.1748e+03 1.8148e+02 1.1952e+03 2.4145e+02 2.1142e-04
1.1096e+03 1.3766e+02 1.1478e+03 2.2179e+02 2.1134e-04
1.2170e+03 4.8486e+01 1.2410e+03 9.6281e+01 2.1093e-04
1.0323e+03 1.7307e+02 1.0833e+03 3.0544e+02 2.1065e-04
8.0568e+02 1.5434e+02 8.5739e+02 1.7387e+02 2.0985e-04
1.4549e+02 2.2024e+02 1.9100e+02 2.4319e+02 2.0885e-04
7.3006e+02 1.4549e+02 7.6011e+02 1.7622e+02 2.0802e-04
1.0766e+03 2.1201e+02 1.1079e+03 2.8007e+02 2.0777e-04
1.0514e+03 7.1922e+01 1.1887e+03 3.1852e+02 2.0729e-04
2.3273e+02 1.5580e+02 2.7836e+02 1.7875e+02 2.0626e-04
6.8160e+02 1.2101e+02 1.0132e+03 2.7003e+02 2.0568e-04
1.1166e+03 1.7493e+02 1.2025e+03 2.2588e+02 2.0534e-04
9.0127e+02 1.4305e+02 9.3938e+02 2.2668e+02 2.0488e-04
1.0933e+03 1.9395e+02 1.1983e+03 2.3557e+02 2.0463e-04
2.2126e+02 1.4706e+02 3.1322e+02 1.9047e+02 2.0387e-04
1.1108e+03 1.4865e+02 1.1904e+03 2.0116e+02 2.0310e-04
1.1389e+03 1.6317e+02 1.2081e+03 3.0467e+02 2.0236e-04
1.0189e+03 2.1676e+02 1.1556e+03 2.8553e+02 2.0233e-04
0.0000e+00 1.0380e+02 6.4124e+01 3.7500e+02 2.0224e-04
1.1974e+03 3.3776e+02 1.2316e+03 3.7500e+02 2.0185e-04
8.7397e+02 1.5764e+02 9.4781e+02 2.0803e+02 2.0088e-04
7.7329e+02 1.3557e+02 9.1301e+02 2.1823e+02 1.9982e-04
1.0141e+03 1.2874e+02 1.2337e+03 3.2878e+02 1.9963e-04
3.7215e+02 0.0000e+00 4.3757e+02 6.7407e+01 1.9963e-04
1.0714e+03 1.4448e+02 1.1865e+03 1.8180e+02 1.9944e-04
9.4295e+02 1.4785e+02 1.0395e+03 1.8807e+02 1.9812e-04
1.7229e+02 1.3096e+02 5.4900e+02 3.0362e+02 1.9715e-04
1.1642e+03 1.4728e+02 1.2330e+03 2.0691e+02 1.9601e-04
1.0509e+03 2.9221e+02 1.1275e+03 3.7500e+02 1.9557e-04
1.1112e+03 2.1096e+02 1.2229e+03 2.5125e+02 1.9469e-04
1.2082e+03 1.1364e+02 1.2410e+03 2.2690e+02 1.9428e-04
1.1233e+03 1.3497e+02 1.1628e+03 2.2149e+02 1.9427e-04
1.1577e+03 1.6715e+02 1.1978e+03 2.5176e+02 1.9410e-04
5.0098e+02 1.7858e+02 5.8998e+02 2.2080e+02 1.9384e-04
7.8574e+02 1.2888e+02 8.5280e+02 2.6852e+02 1.9319e-04
1.1654e+03 1.3836e+02 1.2048e+03 2.3173e+02 1.9273e-04
1.1260e+03 1.4860e+02 1.2063e+03 2.0064e+02 1.9257e-04
1.1179e+03 1.6082e+02 1.1536e+03 2.5845e+02 1.9197e-04
7.3175e+02 1.4947e+02 8.0483e+02 1.9022e+02 1.9147e-04
1.1113e+02 2.2823e+02 1.9433e+02 2.6523e+02 1.9144e-04
8.6706e+02 1.1425e+02 9.3602e+02 2.5079e+02 1.9043e-04
7.3129e+02 1.7630e+02 8.2904e+02 2.2009e+02 1.8928e-04
1.0728e+03 1.5984e+02 1.1459e+03 2.1474e+02 1.8827e-04
8.2974e+02 1.2677e+02 9.3424e+02 1.6440e+02 1.8697e-04
1.0921e+03 2.3492e+02 1.1253e+03 3.2508e+02 1.8617e-04
7.2687e+02 1.4625e+02 8.1818e+02 1.8047e+02 1.8585e-04
0.0000e+00 2.1007e+02 6.3830e+01 3.0182e+02 1.8433e-04
0.0000e+00 2.2027e+02 3.5353e+01 3.7500e+02 1.8417e-04
7.9817e+02 1.7021e+02 8.9547e+02 2.0960e+02 1.8365e-04
1.0243e+03 1.7575e+02 1.1195e+03 2.2234e+02 1.8221e-04
1.2251e+03 4.8874e+01 1.2410e+03 1.6208e+02 1.8178e-04
1.0087e+03 2.0385e+02 1.0808e+03 3.5006e+02 1.8015e-04
0.0000e+00 0.0000e+00 3.0205e+01 1.8716e+02 1.7975e-04
8.7465e+02 2.6690e+02 1.2331e+03 3.7500e+02 1.7960e-04
1.2074e+02 1.5635e+02 2.9670e+02 2.3009e+02 1.7840e-04
1.0753e+03 2.1320e+02 1.2230e+03 3.7500e+02 1.7807e-04
9.8643e+02 1.5867e+02 1.0580e+03 2.0753e+02 1.7494e-04
0.0000e+00 2.2154e+02 3.3111e+01 2.6982e+02 1.7444e-04
1.0705e+03 1.0780e+02 1.1437e+03 2.4962e+02 1.7387e-04
1.0834e+03 2.9667e+02 1.1609e+03 3.7500e+02 1.7380e-04
3.8755e+02 0.0000e+00 4.5365e+02 6.6529e+01 1.7352e-04
1.2112e+03 7.1995e+01 1.2410e+03 1.1789e+02 1.7324e-04
3.5680e+02 0.0000e+00 4.2115e+02 6.5920e+01 1.7287e-04
1.1659e+03 1.2612e+02 1.2410e+03 3.7500e+02 1.7076e-04
1.0677e+03 1.2578e+02 1.2022e+03 2.0657e+02 1.7065e-04
8.5982e+02 1.5758e+02 9.3270e+02 2.0647e+02 1.6884e-04
1.0382e+02 2.0371e+02 2.5778e+02 2.7627e+02 1.6881e-04
1.1367e+03 9.5818e+01 1.2062e+03 2.3646e+02 1.6874e-04
1.1520e+03 1.8400e+02 1.2297e+03 2.4341e+02 1.6848e-04
7.1611e+02 1.4544e+02 7.8595e+02 1.8867e+02 1.6825e-04
1.2003e+02 2.1309e+02 2.1339e+02 2.5281e+02 1.6819e-04
1.1662e+03 1.7116e+02 1.2031e+03 2.5973e+02 1.6776e-04
2.6340e+02 1.5513e+02 3.5476e+02 1.9658e+02 1.6737e-04
7.5108e+02 1.6494e+02 8.2585e+02 2.1698e+02 1.6638e-04
1.1331e+03 1.5697e+02 1.2132e+03 2.1018e+02 1.6587e-04
9.9565e+02 1.7812e+02 1.0653e+03 2.3719e+02 1.6549e-04
1.0663e+03 1.5683e+02 1.1656e+03 1.9729e+02 1.6516e-04
2.0156e+02 1.6381e+02 2.9662e+02 2.0512e+02 1.6505e-04
7.4576e+02 1.2609e+02 8.8240e+02 2.0477e+02 1.6486e-04
0.0000e+00 9.4302e+01 6.1296e+01 1.8845e+02 1.6482e-04
1.5971e+02 2.0451e+02 2.5630e+02 2.4532e+02 1.6367e-04
0.0000e+00 2.5242e+02 2.3187e+01 3.2212e+02 1.6366e-04
7.0222e+02 1.4631e+02 8.3523e+02 2.4252e+02 1.6272e-04
0.0000e+00 1.8818e+02 4.0186e+01 2.9377e+02 1.6221e-04
0.0000e+00 0.0000e+00 2.1627e+02 3.7500e+02 1.6196e-04
9.2262e+02 2.0211e+02 1.2131e+03 3.3549e+02 1.6133e-04
7.6919e+02 1.2772e+02 8.3884e+02 2.7313e+02 1.5962e-04
1.1219e+03 9.7612e+01 1.1898e+03 2.3806e+02 1.5819e-04
0.0000e+00 5.6401e+01 3.4994e+01 1.6795e+02 1.5763e-04
9.1455e+02 1.9857e+02 1.0649e+03 3.7500e+02 1.5714e-04
1.1899e+03 2.1281e+02 1.2410e+03 2.9631e+02 1.5710e-04
1.1393e+03 1.1482e+02 1.2410e+03 3.2532e+02 1.5497e-04
3.4089e+02 0.0000e+00 4.0524e+02 6.4239e+01 1.5405e-04
1.0361e+03 2.9138e+02 1.1112e+03 3.7500e+02 1.5393e-04
8.7532e+02 1.4063e+02 1.0075e+03 2.2500e+02 1.5190e-04
3.2499e+02 0.0000e+00 3.8901e+02 6.4970e+01 1.4931e-04
1.1068e+03 1.0449e+02 1.1720e+03 2.4045e+02 1.4805e-04
2.1821e-01 1.7659e+02 6.6131e+01 3.7500e+02 1.4671e-04
8.1603e+02 1.3698e+02 9.4823e+02 2.2148e+02 1.4537e-04
4.0369e+02 0.0000e+00 4.7050e+02 6.6902e+01 1.4378e-04
0.0000e+00 2.4283e+02 3.9560e+01 3.6128e+02 1.4304e-04
9.6301e+02 1.8761e+02 1.1813e+03 3.5847e+02 1.4276e-04
0.0000e+00 8.0512e+01 5.7521e+01 1.7350e+02 1.4235e-04
1.0545e+03 1.0729e+02 1.1282e+03 2.5154e+02 1.4209e-04
3.0872e+02 0.0000e+00 3.7262e+02 6.4748e+01 1.4131e-04
9.4041e+02 1.3624e+02 1.1061e+03 1.9744e+02 1.4124e-04
1.1167e+03 2.2346e+01 1.2410e+03 3.7500e+02 1.4027e-04
1.0958e+03 1.7789e+02 1.2247e+03 2.6621e+02 1.4005e-04
1.1846e+03 8.3515e+01 1.2410e+03 1.7414e+02 1.3985e-04
1.0082e+03 1.1549e+02 1.0780e+03 2.6490e+02 1.3419e-04
9.1539e+02 1.2375e+02 9.8103e+02 2.5064e+02 1.3408e-04
7.5070e+02 1.2589e+02 8.2543e+02 2.7555e+02 1.3290e-04
8.4248e+02 1.2816e+02 9.7738e+02 2.0709e+02 1.3277e-04
9.5723e+02 2.8923e+02 1.0316e+03 3.7500e+02 1.3210e-04
2.9274e+02 0.0000e+00 3.5680e+02 6.4574e+01 1.3186e-04
9.6456e+02 1.8113e+02 1.1156e+03 2.6492e+02 1.3150e-04
1.0986e+03 2.9992e+02 1.1755e+03 3.7500e+02 1.3077e-04
7.4921e+02 1.6112e+02 8.7956e+02 2.5097e+02 1.3020e-04
3.0945e+02 1.4634e+02 6.5117e+02 2.8846e+02 1.2842e-04
9.7270e+02 2.9040e+02 1.0476e+03 3.7500e+02 1.2828e-04
0.0000e+00 6.4438e+01 1.4450e+02 2.4745e+02 1.2823e-04
1.0714e+03 2.2607e+02 1.1321e+03 3.6768e+02 1.2709e-04
0.0000e+00 2.2520e+02 1.2874e+02 3.7500e+02 1.2666e-04
1.6195e+02 1.6338e+02 2.2850e+02 3.2112e+02 1.2525e-04
7.2455e+02 1.3526e+02 1.0436e+03 2.9100e+02 1.2485e-04
6.7161e+02 1.3424e+02 9.7324e+02 2.9181e+02 1.2366e-04
1.1556e+03 1.5542e+02 1.2218e+03 3.0584e+02 1.2228e-04
6.3583e+02 1.1607e+02 9.4404e+02 2.6970e+02 1.2132e-04
1.0216e+03 2.9174e+02 1.0936e+03 3.7500e+02 1.2050e-04
1.1188e+03 2.0636e+02 1.2410e+03 3.7500e+02 1.1936e-04
8.0012e+02 1.1323e+02 8.6849e+02 2.5045e+02 1.1900e-04
1.1701e+03 1.4803e+02 1.2374e+03 3.1462e+02 1.1887e-04
1.0503e+03 2.5013e+02 1.1706e+03 3.3423e+02 1.1879e-04

