6.6651e+02 1.7133e+02 7.4984e+02 2.4058e+02 9.9978e-01
5.3374e+02 1.7632e+02 6.3209e+02 2.6788e+02 9.9976e-01
6.4510e+02 1.7219e+02 7.0810e+02 2.2095e+02 9.9975e-01
6.5453e+02 1.7388e+02 7.2208e+02 2.2492e+02 9.9972e-01
6.3951e+02 1.6990e+02 6.9727e+02 2.1631e+02 9.9972e-01
7.0437e+02 1.7091e+02 8.4244e+02 2.7229e+02 9.9966e-01
6.6441e+02 1.7404e+02 7.3689e+02 2.2951e+02 9.9954e-01
3.4526e+02 1.7624e+02 4.0548e+02 2.0235e+02 9.9935e-01
2.2706e+02 1.8009e+02 2.9714e+02 2.0471e+02 9.9915e-01
5.7815e+02 1.6709e+02 6.4431e+02 2.2238e+02 9.9885e-01
6.7885e+02 1.7280e+02 7.9745e+02 2.5130e+02 9.9859e-01
5.3590e+02 1.7669e+02 6.2800e+02 2.6426e+02 9.9853e-01
6.8753e+02 1.7475e+02 8.1867e+02 2.6079e+02 9.9748e-01
5.6308e+02 1.6701e+02 6.4101e+02 2.3405e+02 9.9702e-01
6.4507e+02 1.7385e+02 6.9777e+02 2.1612e+02 9.9561e-01
6.3178e+02 1.7330e+02 6.8540e+02 2.1313e+02 9.9555e-01
5.8725e+02 1.6995e+02 6.4901e+02 2.1663e+02 9.9344e-01
6.6156e+02 1.7196e+02 7.7319e+02 2.4674e+02 9.9307e-01
4.6758e+02 1.7416e+02 5.0450e+02 1.9068e+02 9.9289e-01
5.5160e+02 1.7547e+02 6.3710e+02 2.5479e+02 9.9271e-01
2.3082e+02 1.8487e+02 2.9325e+02 2.0707e+02 9.8980e-01
5.4454e+02 1.6858e+02 6.2140e+02 2.4155e+02 9.8958e-01
5.5940e+02 1.6742e+02 6.3771e+02 2.1610e+02 9.8798e-01
5.7051e+02 1.6810e+02 6.3978e+02 2.0761e+02 9.8312e-01
3.3885e+02 1.7494e+02 3.9457e+02 1.9988e+02 9.8311e-01
2.2683e+02 1.8103e+02 2.9919e+02 2.0732e+02 9.7905e-01
5.4779e+02 1.6530e+02 6.4670e+02 2.5820e+02 9.7901e-01
6.8022e+02 1.7513e+02 7.5962e+02 2.4298e+02 9.7810e-01
6.1184e+02 1.7400e+02 6.6759e+02 2.1456e+02 9.7698e-01
6.3734e+02 1.7504e+02 6.9007e+02 2.1155e+02 9.7250e-01
3.3956e+02 1.7484e+02 4.0144e+02 2.0311e+02 9.7091e-01
5.6886e+02 1.7371e+02 6.4087e+02 2.4815e+02 9.6937e-01
2.3681e+02 1.8014e+02 2.8803e+02 2.0803e+02 9.6839e-01
2.3597e+02 1.8291e+02 3.0508e+02 2.0561e+02 9.6655e-01
4.6736e+02 1.7245e+02 4.9572e+02 1.9205e+02 9.6055e-01
6.4931e+02 1.6845e+02 7.5561e+02 2.4166e+02 9.5191e-01
5.5028e+02 1.6787e+02 6.1599e+02 2.7407e+02 9.4938e-01
5.4512e+02 1.6529e+02 6.1273e+02 2.7817e+02 9.4808e-01
5.8557e+02 1.7124e+02 6.4207e+02 2.3267e+02 9.4579e-01
5.8375e+02 1.6361e+02 6.3084e+02 2.5488e+02 9.4528e-01
5.5239e+02 1.6449e+02 6.1983e+02 2.2799e+02 9.4338e-01
5.7518e+02 1.7466e+02 6.5218e+02 2.3075e+02 9.2962e-01
5.9145e+02 1.6208e+02 6.3475e+02 2.4133e+02 9.1970e-01
6.2657e+02 1.7487e+02 6.7691e+02 2.0788e+02 9.1662e-01
5.5329e+02 1.5626e+02 6.2524e+02 2.7362e+02 9.1517e-01
4.6509e+02 1.7572e+02 5.0350e+02 1.9387e+02 8.9950e-01
6.8044e+02 1.6526e+02 7.3110e+02 2.5017e+02 8.9950e-01
5.7301e+02 1.6115e+02 6.2635e+02 2.6166e+02 8.9107e-01
3.6145e+02 1.7769e+02 4.0570e+02 2.0005e+02 8.8344e-01
5.6664e+02 1.6763e+02 6.2533e+02 2.1130e+02 8.7525e-01
6.9158e+02 1.7703e+02 7.7970e+02 2.4824e+02 8.7163e-01
6.8356e+02 1.6585e+02 8.2227e+02 2.4411e+02 8.5740e-01
7.2272e+02 1.7700e+02 8.3633e+02 2.6068e+02 8.4452e-01
6.9230e+02 1.6522e+02 7.3935e+02 2.5239e+02 8.4179e-01
3.5210e+02 1.7567e+02 4.0178e+02 1.9815e+02 8.2473e-01
5.5963e+02 1.5742e+02 6.0927e+02 2.5983e+02 8.0702e-01
7.0342e+02 1.7854e+02 8.0548e+02 2.5472e+02 7.9991e-01
4.7054e+02 1.7312e+02 4.9931e+02 1.8947e+02 7.9632e-01
5.7037e+02 1.5614e+02 6.1511e+02 2.5356e+02 7.9245e-01
7.3918e+02 1.5446e+02 8.1511e+02 2.9164e+02 7.9183e-01
5.7998e+02 1.5893e+02 6.2330e+02 2.4823e+02 7.8958e-01
6.8867e+02 1.7591e+02 7.6886e+02 2.2963e+02 7.8542e-01
5.9887e+02 1.6634e+02 6.3825e+02 2.3766e+02 7.8410e-01
5.3997e+02 1.6231e+02 6.5617e+02 2.3457e+02 7.7548e-01
6.7715e+02 1.6749e+02 7.2060e+02 2.4617e+02 7.7214e-01
6.7714e+02 1.7366e+02 7.5314e+02 2.2927e+02 7.6637e-01
6.5822e+02 1.7255e+02 7.1206e+02 2.1767e+02 7.5533e-01
4.5976e+02 1.7182e+02 4.9367e+02 1.8969e+02 7.4067e-01
5.6789e+02 1.6835e+02 6.3457e+02 2.0075e+02 7.3742e-01
6.5963e+02 1.7292e+02 7.0669e+02 2.1571e+02 7.3436e-01
5.5992e+02 1.6880e+02 6.2925e+02 2.7229e+02 7.1407e-01
5.8620e+02 1.6071e+02 6.0704e+02 2.1378e+02 7.1405e-01
6.6261e+02 1.7020e+02 6.9294e+02 2.3138e+02 7.0489e-01
6.5702e+02 1.6658e+02 6.8706e+02 2.2270e+02 7.0139e-01
6.5167e+02 1.6559e+02 6.8146e+02 2.2176e+02 6.9664e-01
5.7171e+02 1.7180e+02 6.3889e+02 2.0581e+02 6.9132e-01
6.5889e+02 1.6875e+02 6.9750e+02 2.1275e+02 6.8894e-01
5.3130e+02 1.7547e+02 6.1955e+02 2.3107e+02 6.8695e-01
7.0499e+02 1.9599e+02 8.4741e+02 2.7792e+02 6.8530e-01
5.7650e+02 1.6867e+02 6.2136e+02 2.0644e+02 6.7721e-01
5.6525e+02 1.6733e+02 6.2582e+02 1.9475e+02 6.6201e-01
6.2071e+02 1.6470e+02 7.3866e+02 2.3231e+02 6.5834e-01
6.2557e+02 1.7064e+02 6.7963e+02 2.0787e+02 6.4528e-01
5.4423e+02 1.6945e+02 6.2252e+02 2.1808e+02 6.4433e-01
5.6824e+02 1.4987e+02 6.3272e+02 2.6728e+02 6.4058e-01
6.7015e+02 1.6794e+02 7.0693e+02 2.4001e+02 6.3170e-01
6.6778e+02 1.6421e+02 6.9073e+02 2.1777e+02 6.2304e-01
5.8172e+02 1.6917e+02 6.3247e+02 2.0736e+02 6.1452e-01
5.4084e+02 1.6133e+02 6.0364e+02 2.7077e+02 6.1438e-01
5.9032e+02 1.6279e+02 6.0994e+02 2.1857e+02 6.0256e-01
7.2726e+02 1.4937e+02 8.1666e+02 2.6874e+02 5.9534e-01
6.5884e+02 1.6393e+02 6.9641e+02 2.2140e+02 5.8400e-01
3.5630e+02 1.7621e+02 4.0003e+02 2.0407e+02 5.8002e-01
5.7635e+02 1.5609e+02 6.1381e+02 2.3465e+02 5.7610e-01
5.8559e+02 1.5633e+02 6.2262e+02 2.3161e+02 5.7536e-01
5.3673e+02 1.9552e+02 6.2680e+02 2.7709e+02 5.7436e-01
5.6778e+02 1.6289e+02 6.3585e+02 1.9670e+02 5.7420e-01
6.9802e+02 1.8024e+02 7.9659e+02 2.3997e+02 5.6947e-01
6.7263e+02 1.6369e+02 6.9367e+02 2.1742e+02 5.6702e-01
6.7555e+02 1.6730e+02 6.9823e+02 2.2183e+02 5.6447e-01
6.5849e+02 1.6489e+02 6.8415e+02 2.2168e+02 5.6210e-01
6.8022e+02 1.6636e+02 7.0193e+02 2.2282e+02 5.5925e-01
7.2903e+02 1.7256e+02 8.6565e+02 2.5762e+02 5.4911e-01
5.7663e+02 1.7154e+02 6.3448e+02 2.6851e+02 5.4886e-01
7.1941e+02 1.6858e+02 7.9723e+02 2.9356e+02 5.4463e-01
6.3401e+02 1.7097e+02 6.7201e+02 2.0895e+02 5.4339e-01
5.4553e+02 1.8255e+02 6.0885e+02 2.8102e+02 5.3817e-01
6.5433e+02 1.6903e+02 6.8924e+02 2.3368e+02 5.3706e-01
6.7257e+02 1.7630e+02 7.1798e+02 2.1805e+02 5.1886e-01
5.9088e+02 1.7126e+02 6.4284e+02 2.1391e+02 5.1226e-01
5.3046e+02 1.7006e+02 6.1353e+02 2.5439e+02 5.1150e-01
5.6632e+02 1.5494e+02 6.0811e+02 2.4180e+02 5.1071e-01
7.2896e+02 1.7255e+02 8.3347e+02 2.3531e+02 5.0649e-01
6.4874e+02 1.6397e+02 6.8564e+02 2.2912e+02 5.0525e-01
6.8018e+02 1.6466e+02 7.1518e+02 2.3049e+02 4.9956e-01
7.1312e+02 1.7921e+02 8.2286e+02 2.4567e+02 4.7899e-01
5.7321e+02 1.6687e+02 6.1806e+02 2.0030e+02 4.7844e-01
6.4540e+02 1.6544e+02 6.7377e+02 2.2038e+02 4.4994e-01
7.0194e+02 1.7186e+02 7.4552e+02 2.5794e+02 4.4266e-01
6.9948e+02 1.7600e+02 7.8637e+02 2.2722e+02 4.3842e-01
5.8356e+02 1.6123e+02 6.0291e+02 2.1164e+02 4.3364e-01
5.7898e+02 1.7482e+02 6.4091e+02 2.1111e+02 4.2841e-01
6.3140e+02 1.7514e+02 6.9810e+02 2.2212e+02 4.2378e-01
5.7929e+02 1.6665e+02 6.4070e+02 1.9844e+02 4.2193e-01
6.7146e+02 1.6724e+02 7.0130e+02 2.2505e+02 4.1314e-01
6.4695e+02 1.6780e+02 6.7453e+02 2.1562e+02 4.1132e-01
2.2901e+02 1.7390e+02 3.0732e+02 2.0592e+02 3.9707e-01
7.2784e+02 1.5472e+02 7.9238e+02 2.7107e+02 3.8545e-01
2.3939e+02 1.7891e+02 3.0629e+02 2.0048e+02 3.8183e-01
7.4558e+02 1.6478e+02 8.2985e+02 2.9814e+02 3.8002e-01
5.2426e+02 1.9725e+02 6.3828e+02 2.7545e+02 3.7653e-01
6.8532e+02 1.5839e+02 6.9977e+02 1.9663e+02 3.6648e-01
5.3841e+02 1.7650e+02 6.0155e+02 2.8012e+02 3.6371e-01
5.9399e+02 1.5991e+02 6.1448e+02 2.1368e+02 3.5645e-01
6.8491e+02 1.6666e+02 7.0426e+02 2.2193e+02 3.5439e-01
4.6232e+02 1.7157e+02 4.8601e+02 1.9148e+02 3.3662e-01
5.7846e+02 1.6070e+02 6.9198e+02 2.2707e+02 3.1901e-01
3.4398e+02 1.7358e+02 3.8332e+02 1.9870e+02 3.1832e-01
1.7176e+02 1.8002e+02 2.2746e+02 2.0253e+02 3.1120e-01
1.9336e+02 1.8166e+02 2.4276e+02 2.0176e+02 3.1103e-01
5.7976e+02 1.6100e+02 5.9842e+02 2.1048e+02 3.0517e-01
5.7566e+02 1.5920e+02 5.9310e+02 2.0806e+02 3.0397e-01
5.9146e+02 1.5906e+02 6.2740e+02 2.2078e+02 3.0003e-01
5.1979e+02 1.7566e+02 6.1215e+02 2.6667e+02 2.9365e-01
7.1681e+02 1.7470e+02 8.1220e+02 2.3083e+02 2.8517e-01
6.3491e+02 1.6557e+02 6.5516e+02 2.1430e+02 2.8281e-01
7.1049e+02 1.6472e+02 7.5312e+02 2.5161e+02 2.8275e-01
4.7392e+02 1.6875e+02 4.8781e+02 1.9650e+02 2.8036e-01
6.1121e+02 1.6876e+02 6.4361e+02 2.3147e+02 2.6907e-01
3.6776e+02 1.7532e+02 4.0159e+02 2.0151e+02 2.6843e-01
5.7678e+02 1.7598e+02 6.2259e+02 2.1421e+02 2.6656e-01
1.0677e+02 1.5128e+02 1.2585e+02 2.0329e+02 2.5918e-01
5.7887e+02 1.6721e+02 5.9781e+02 2.2213e+02 2.5899e-01
5.9393e+02 1.7370e+02 6.4893e+02 2.2882e+02 2.5712e-01
5.5646e+02 1.5613e+02 6.0213e+02 2.4615e+02 2.5024e-01
4.5626e+02 1.6910e+02 4.9061e+02 1.8824e+02 2.4929e-01
4.8100e+02 1.6873e+02 4.9465e+02 1.9420e+02 2.4734e-01
6.8223e+02 1.7650e+02 7.2900e+02 2.1772e+02 2.4392e-01
5.7468e+02 1.6733e+02 5.9341e+02 2.2208e+02 2.4241e-01
6.8908e+02 1.6585e+02 7.0852e+02 2.2168e+02 2.4218e-01
4.7730e+02 1.7251e+02 5.0369e+02 1.9074e+02 2.4118e-01
5.8074e+02 1.6356e+02 6.4926e+02 2.0140e+02 2.3948e-01
5.7181e+02 1.6192e+02 5.9018e+02 2.1107e+02 2.3719e-01
5.4777e+02 1.6127e+02 5.9647e+02 2.5695e+02 2.3579e-01
5.1891e+02 1.7705e+02 6.1902e+02 2.4433e+02 2.3557e-01
5.7658e+02 1.6530e+02 6.3361e+02 1.9192e+02 2.3339e-01
6.8306e+02 1.5991e+02 7.2468e+02 2.3264e+02 2.3014e-01
6.8123e+02 1.5984e+02 7.3875e+02 2.7253e+02 2.2957e-01
7.3915e+02 1.6688e+02 7.9836e+02 2.6931e+02 2.2928e-01
5.9324e+02 1.6802e+02 6.3675e+02 2.7116e+02 2.2554e-01
6.7868e+02 1.6080e+02 6.9499e+02 2.1068e+02 2.2434e-01
4.7766e+02 1.6923e+02 4.9101e+02 1.9598e+02 2.1839e-01
7.2697e+02 1.6737e+02 8.1315e+02 2.4025e+02 2.1661e-01
6.8867e+02 1.5216e+02 7.4714e+02 2.5428e+02 2.0912e-01
6.6389e+02 1.7113e+02 7.2357e+02 2.1012e+02 2.0260e-01
6.4145e+02 1.8080e+02 6.8934e+02 2.2143e+02 2.0244e-01
6.4028e+02 1.6492e+02 6.6147e+02 2.1667e+02 1.9933e-01
3.6070e+02 1.7375e+02 3.9682e+02 1.9969e+02 1.9815e-01
6.0510e+02 1.6418e+02 6.3272e+02 2.1860e+02 1.9730e-01
7.4778e+02 1.5796e+02 8.0537e+02 2.6475e+02 1.9357e-01
6.5317e+02 1.6751e+02 6.8963e+02 2.0646e+02 1.9221e-01
5.8197e+02 1.6536e+02 6.0310e+02 2.2581e+02 1.9093e-01
5.1308e+02 1.7132e+02 6.3368e+02 2.5381e+02 1.9084e-01
6.0381e+02 1.7885e+02 6.3476e+02 2.3615e+02 1.8691e-01
5.8949e+02 1.6902e+02 6.1115e+02 2.3158e+02 1.8533e-01
7.2095e+02 1.6959e+02 7.7101e+02 2.6236e+02 1.8375e-01
6.6565e+02 1.6209e+02 6.8632e+02 2.1535e+02 1.7874e-01
5.8611e+02 1.6749e+02 6.0686e+02 2.2909e+02 1.7779e-01
5.7052e+02 1.6802e+02 5.8998e+02 2.2246e+02 1.7655e-01
7.1165e+02 1.6003e+02 7.6755e+02 2.7571e+02 1.7440e-01
7.5149e+02 1.6724e+02 8.3682e+02 2.3784e+02 1.7180e-01
5.9747e+02 1.6061e+02 6.1905e+02 2.1408e+02 1.7065e-01
4.5735e+02 1.6627e+02 4.7962e+02 1.8907e+02 1.6909e-01
4.6004e+02 1.7477e+02 4.9676e+02 1.9323e+02 1.6756e-01
5.9515e+02 1.8305e+02 6.4221e+02 2.2698e+02 1.6453e-01
4.8324e+02 1.6835e+02 4.9773e+02 1.9333e+02 1.6388e-01
5.6210e+02 1.7219e+02 6.2358e+02 2.0252e+02 1.5906e-01
5.3711e+02 1.4526e+02 6.0514e+02 2.7052e+02 1.5723e-01
4.3224e+02 1.6763e+02 4.5489e+02 1.8915e+02 1.5667e-01
5.8048e+02 1.5899e+02 6.1180e+02 2.1969e+02 1.5628e-01
7.3012e+02 1.6569e+02 7.7973e+02 2.5936e+02 1.5205e-01
6.8475e+02 1.5616e+02 7.0116e+02 1.8967e+02 1.4915e-01
6.5088e+02 1.5519e+02 6.9275e+02 2.2924e+02 1.4857e-01
5.9570e+02 1.7705e+02 6.4875e+02 2.1297e+02 1.4842e-01
6.8418e+02 1.6015e+02 6.9805e+02 2.0188e+02 1.4751e-01
6.3956e+02 1.6467e+02 6.5687e+02 2.1229e+02 1.4721e-01
6.9040e+02 1.6012e+02 7.3317e+02 2.3266e+02 1.4365e-01
6.4446e+02 1.6417e+02 6.6695e+02 2.1608e+02 1.4357e-01
5.5359e+02 1.6919e+02 6.2422e+02 2.0468e+02 1.4342e-01
6.6512e+02 1.5356e+02 7.2611e+02 2.7301e+02 1.4311e-01
6.3761e+02 1.6408e+02 6.8926e+02 2.1241e+02 1.4301e-01
4.6224e+02 1.6289e+02 4.7564e+02 1.9389e+02 1.4072e-01
1.0268e+02 1.5145e+02 1.2269e+02 2.0274e+02 1.3984e-01
5.4298e+02 1.6765e+02 6.0549e+02 2.2596e+02 1.3976e-01
5.8771e+02 1.5892e+02 6.2083e+02 2.1698e+02 1.3974e-01
5.3510e+02 1.7116e+02 6.0380e+02 2.3800e+02 1.3888e-01
5.7155e+02 1.6519e+02 6.1185e+02 1.9558e+02 1.3534e-01
6.4376e+02 1.6886e+02 6.8149e+02 2.0421e+02 1.3158e-01
4.7161e+02 1.6793e+02 4.8323e+02 1.9680e+02 1.3154e-01
5.9060e+02 1.6657e+02 6.3978e+02 2.0466e+02 1.3135e-01
1.0809e+02 1.4231e+02 1.2595e+02 1.9459e+02 1.2958e-01
5.8730e+02 1.5766e+02 6.0545e+02 2.0277e+02 1.2725e-01
6.2929e+02 1.7607e+02 6.6622e+02 2.1047e+02 1.2718e-01
1.1022e+02 1.5333e+02 1.2933e+02 2.0359e+02 1.2369e-01
6.1804e+02 1.7603e+02 6.8237e+02 2.2321e+02 1.2254e-01
6.4986e+02 1.8166e+02 6.9616e+02 2.2091e+02 1.2137e-01
3.6471e+02 1.7549e+02 4.0671e+02 1.9617e+02 1.2135e-01
6.4278e+02 1.6015e+02 6.7735e+02 2.2862e+02 1.1731e-01
7.3065e+02 1.7976e+02 8.5406e+02 2.7807e+02 1.1515e-01
5.5882e+02 1.6899e+02 6.1605e+02 1.9637e+02 1.1484e-01
4.3748e+02 1.6351e+02 4.5142e+02 1.9134e+02 1.1477e-01
2.2810e+00 1.8416e+02 9.2435e+01 2.1558e+02 1.1436e-01
5.6858e+02 1.6686e+02 6.0446e+02 1.9911e+02 1.1430e-01
7.1436e+02 1.6899e+02 7.4172e+02 2.3264e+02 1.1014e-01
6.0261e+02 1.6295e+02 6.3940e+02 2.2329e+02 1.0956e-01
2.3700e+02 1.8865e+02 2.9744e+02 2.0837e+02 1.0923e-01
6.6277e+02 1.6878e+02 7.0144e+02 2.4191e+02 1.0419e-01
5.9253e+02 1.6982e+02 6.1690e+02 2.3027e+02 1.0408e-01
5.3152e+02 1.7873e+02 5.9809e+02 2.7138e+02 1.0336e-01
3.7056e+02 1.6789e+02 3.8755e+02 2.0684e+02 1.0312e-01
3.4773e+02 1.7363e+02 4.0959e+02 2.0654e+02 1.0295e-01
3.4266e+02 1.7310e+02 3.9317e+02 1.9229e+02 1.0269e-01
5.5145e+02 1.6938e+02 6.0989e+02 2.1297e+02 1.0187e-01
7.4061e+02 1.7177e+02 8.3221e+02 2.1708e+02 1.0176e-01
6.4976e+02 1.6306e+02 6.6984e+02 2.1133e+02 1.0080e-01
6.9035e+02 1.5953e+02 7.0444e+02 1.9830e+02 1.0033e-01
2.5191e+02 1.7185e+02 2.6845e+02 2.1485e+02 1.0027e-01
1.8162e+02 1.8294e+02 2.3869e+02 2.0440e+02 9.8770e-02
6.5646e+02 1.6279e+02 6.7879e+02 2.1251e+02 9.8355e-02
2.3618e+02 1.7757e+02 2.8042e+02 2.0476e+02 9.7019e-02
3.2414e+02 1.6747e+02 3.9556e+02 1.9944e+02 9.6836e-02
6.5431e+02 1.6985e+02 6.8155e+02 2.2420e+02 9.6329e-02
2.4306e+02 1.7826e+02 3.0106e+02 2.0713e+02 9.4893e-02
7.5572e+02 1.6202e+02 8.1836e+02 2.6609e+02 9.4676e-02
7.5629e+02 1.4873e+02 8.3447e+02 2.6336e+02 9.4570e-02
6.8190e+02 1.6068e+02 7.0432e+02 1.8347e+02 9.3575e-02
3.7731e+02 1.7586e+02 4.0363e+02 2.0142e+02 9.3001e-02
5.9538e+02 1.5509e+02 6.3608e+02 2.1813e+02 9.2834e-02
5.7053e+02 1.7877e+02 6.3158e+02 2.1155e+02 9.2050e-02
1.7029e+02 1.8172e+02 2.1526e+02 2.0320e+02 9.1769e-02
7.5983e+02 1.5298e+02 8.0841e+02 2.5693e+02 9.1422e-02
5.1489e+02 1.6892e+02 5.2642e+02 1.9800e+02 9.0891e-02
7.1492e+02 1.8918e+02 8.2730e+02 2.7176e+02 9.0412e-02
5.7277e+02 1.5956e+02 6.0496e+02 2.2345e+02 9.0313e-02
3.6809e+02 1.6787e+02 3.8359e+02 2.0581e+02 8.8712e-02
2.3407e+02 1.6901e+02 3.1698e+02 2.0384e+02 8.6411e-02
6.6160e+02 1.6812e+02 6.8936e+02 2.2588e+02 8.6208e-02
1.8871e+02 1.7817e+02 2.4024e+02 1.9921e+02 8.5413e-02
6.6352e+02 1.6744e+02 6.9411e+02 2.0481e+02 8.4227e-02
8.3047e+01 1.5663e+02 1.9017e+02 1.9362e+02 8.3193e-02
4.3787e+02 1.6885e+02 4.5044e+02 1.9615e+02 8.2763e-02
5.9429e+02 1.7355e+02 6.2191e+02 2.3405e+02 8.1858e-02
1.2093e+03 2.2640e+02 1.2379e+03 3.7500e+02 8.1713e-02
3.8434e+02 1.7057e+02 4.0007e+02 2.0322e+02 8.0867e-02
6.0027e+02 1.7752e+02 6.6440e+02 2.2358e+02 8.0783e-02
5.6763e+02 1.6399e+02 5.8577e+02 2.1704e+02 8.0636e-02
6.8107e+02 1.6153e+02 6.9478e+02 2.0283e+02 8.0478e-02
3.4899e+02 1.7495e+02 4.0084e+02 1.9083e+02 7.9923e-02
6.6790e+02 1.5074e+02 7.1940e+02 2.5257e+02 7.9719e-02
7.4738e+02 1.5451e+02 7.9263e+02 2.5385e+02 7.9672e-02
6.8695e+02 1.6082e+02 7.0130e+02 2.0160e+02 7.9191e-02
4.7549e+02 1.6750e+02 4.8690e+02 1.9323e+02 7.7813e-02
1.1062e+02 1.3855e+02 1.2914e+02 1.9191e+02 7.6924e-02
4.5210e+02 1.6709e+02 4.8719e+02 1.8665e+02 7.6837e-02
6.4048e+02 1.6395e+02 6.6419e+02 2.1536e+02 7.6825e-02
7.0355e+02 1.4948e+02 7.6241e+02 2.5407e+02 7.6256e-02
6.7197e+02 1.6973e+02 7.0349e+02 2.1000e+02 7.5899e-02
6.2948e+02 1.5124e+02 8.9220e+02 2.8642e+02 7.5295e-02
5.6841e+02 1.7688e+02 6.1311e+02 2.1331e+02 7.4459e-02
6.9389e+02 1.6525e+02 7.1196e+02 2.2034e+02 7.2092e-02
6.5312e+02 1.6168e+02 6.7357e+02 2.1165e+02 7.1176e-02
1.2239e+03 2.4540e+02 1.2420e+03 3.6238e+02 7.0494e-02
7.2733e+02 1.5995e+02 7.5969e+02 2.4398e+02 6.8028e-02
4.3535e+02 1.6758e+02 4.4796e+02 1.9568e+02 6.5668e-02
5.9821e+02 1.9267e+02 6.3828e+02 2.3414e+02 6.5511e-02
6.1379e+02 1.6673e+02 6.3923e+02 2.1766e+02 6.4745e-02
1.2019e+03 2.3103e+02 1.2340e+03 3.7500e+02 6.4403e-02
7.4047e+02 1.5730e+02 7.8415e+02 2.4717e+02 6.4376e-02
6.9746e+02 1.6121e+02 7.5302e+02 2.9382e+02 6.3943e-02
7.0027e+02 1.5589e+02 7.4015e+02 2.3459e+02 6.3267e-02
5.8833e+02 1.7599e+02 6.1221e+02 2.4358e+02 6.2802e-02
4.5828e+02 1.5638e+02 4.7150e+02 1.9193e+02 6.2743e-02
6.0034e+02 1.6364e+02 6.2275e+02 2.1745e+02 6.2560e-02
5.5617e+02 1.6045e+02 6.2513e+02 1.9303e+02 6.2415e-02
6.3747e+02 1.6724e+02 6.6290e+02 2.2279e+02 6.1845e-02
5.2501e+02 1.8880e+02 6.1979e+02 2.5867e+02 6.1154e-02
7.6193e+02 1.7310e+02 8.4964e+02 2.2963e+02 6.0474e-02
6.9548e+02 1.7252e+02 7.7138e+02 2.1886e+02 6.0451e-02
5.3242e+02 2.1636e+02 6.3185e+02 2.6731e+02 5.9091e-02
5.8592e+02 1.5108e+02 6.3744e+02 2.6096e+02 5.8508e-02
6.0855e+02 1.7714e+02 6.3725e+02 2.3026e+02 5.7673e-02
6.3801e+02 1.6689e+02 6.5335e+02 2.0835e+02 5.7445e-02
5.9392e+02 1.7163e+02 6.5191e+02 2.0621e+02 5.7177e-02
6.3759e+02 1.7005e+02 6.6889e+02 2.0349e+02 5.6879e-02
6.8326e+02 1.5804e+02 6.9717e+02 1.9041e+02 5.5939e-02
2.4937e+02 1.6969e+02 2.6680e+02 2.1163e+02 5.5472e-02
7.1893e+02 1.5861e+02 7.4899e+02 2.4170e+02 5.4989e-02
7.7023e+02 1.5884e+02 8.2453e+02 2.6354e+02 5.4825e-02
5.9602e+02 1.5284e+02 6.1271e+02 1.8950e+02 5.3566e-02
7.1886e+02 1.6545e+02 7.3777e+02 2.1799e+02 5.3456e-02
6.0435e+02 1.6006e+02 6.2680e+02 2.1086e+02 5.3173e-02
3.6475e+02 1.6709e+02 3.8010e+02 2.0522e+02 5.2925e-02
3.6092e+02 1.6727e+02 3.7748e+02 2.0559e+02 5.2875e-02
0.0000e+00 1.8807e+02 8.7695e+01 2.2227e+02 5.1138e-02
6.0412e+02 1.7584e+02 6.5403e+02 2.0720e+02 5.1024e-02
5.6209e+02 1.7752e+02 6.0387e+02 2.1293e+02 5.0758e-02
5.1780e+02 1.6962e+02 5.2962e+02 1.9790e+02 5.0318e-02
4.3079e+02 1.7111e+02 4.5220e+02 1.9177e+02 5.0033e-02
3.7534e+02 1.6724e+02 3.9135e+02 2.0331e+02 4.9495e-02
4.6673e+02 1.6367e+02 4.7754e+02 1.9199e+02 4.8879e-02
5.1222e+02 1.6831e+02 5.2268e+02 1.9705e+02 4.8683e-02
5.6289e+02 1.6595e+02 6.1654e+02 1.9056e+02 4.8668e-02
2.4598e+02 1.8429e+02 2.9997e+02 2.0977e+02 4.8534e-02
1.1996e+03 2.1803e+02 1.2348e+03 3.4013e+02 4.7966e-02
6.4965e+02 1.6109e+02 7.0544e+02 2.1204e+02 4.7673e-02
7.4490e+02 1.6692e+02 8.2447e+02 2.2573e+02 4.7478e-02
7.3166e+02 1.6491e+02 8.7907e+02 2.4328e+02 4.7374e-02
8.4438e+01 1.5020e+02 1.8789e+02 1.8716e+02 4.6470e-02
5.1078e+02 1.7394e+02 5.3054e+02 1.9456e+02 4.6070e-02
5.5638e+02 1.9093e+02 6.2023e+02 2.8522e+02 4.5912e-02
5.7863e+02 1.6341e+02 6.2219e+02 1.9388e+02 4.5478e-02
6.1795e+01 1.5625e+02 1.5815e+02 1.9735e+02 4.5446e-02
6.0063e+02 1.8360e+02 6.3047e+02 2.3960e+02 4.5061e-02
6.9131e+02 1.6117e+02 7.0759e+02 2.1105e+02 4.4819e-02
7.3236e+02 1.6654e+02 7.4711e+02 2.1997e+02 4.4166e-02
3.4352e+02 1.7958e+02 3.9607e+02 2.0175e+02 4.4003e-02
6.2420e+02 1.6874e+02 6.4935e+02 2.2481e+02 4.2821e-02
6.3055e+02 1.6241e+02 7.2678e+02 2.4563e+02 4.2674e-02
4.4149e+02 1.6209e+02 4.5344e+02 1.9086e+02 4.2558e-02
3.1264e+02 1.5970e+02 3.9159e+02 1.9659e+02 4.2296e-02
4.7328e+02 1.7702e+02 5.0963e+02 1.9460e+02 4.1933e-02
5.4168e+02 1.6129e+02 5.8556e+02 2.6119e+02 4.1731e-02
7.3330e+02 1.5807e+02 7.7174e+02 2.4467e+02 4.1637e-02
1.6721e+02 1.7775e+02 2.1910e+02 2.0114e+02 4.1606e-02
7.1049e+02 1.7503e+02 7.6414e+02 2.5894e+02 4.1578e-02
3.4890e+02 1.6792e+02 3.6477e+02 2.0066e+02 4.1254e-02
7.2423e+02 1.6669e+02 7.4168e+02 2.1771e+02 4.1156e-02
4.7128e+02 1.6403e+02 4.8242e+02 1.9147e+02 4.1064e-02
7.1623e+02 1.6389e+02 7.3268e+02 2.1732e+02 4.0784e-02
5.2965e+02 1.7043e+02 5.8191e+02 2.7257e+02 4.0526e-02
5.7001e+02 1.6352e+02 5.8658e+02 2.0583e+02 4.0141e-02
1.6524e+02 1.7486e+02 2.4753e+02 2.0818e+02 4.0125e-02
5.6079e+02 1.2685e+02 6.3657e+02 2.5852e+02 3.9931e-02
1.6769e+02 1.8476e+02 2.0938e+02 2.0665e+02 3.9526e-02
7.2366e+02 1.7142e+02 8.0923e+02 2.1485e+02 3.9510e-02
6.9289e+02 1.9257e+02 8.0806e+02 2.8275e+02 3.9375e-02
6.1559e+02 1.7596e+02 6.6152e+02 2.0648e+02 3.9345e-02
5.5844e+02 1.6010e+02 6.1549e+02 2.0191e+02 3.9308e-02
1.2072e+03 2.0986e+02 1.2401e+03 3.4692e+02 3.9287e-02
6.0000e+02 1.5292e+02 6.1606e+02 1.8781e+02 3.9079e-02
5.8829e+02 1.5561e+02 6.0463e+02 1.9381e+02 3.8975e-02
5.9296e+02 1.5259e+02 6.0865e+02 1.9024e+02 3.8733e-02
6.9900e+02 1.6810e+02 7.6227e+02 2.2890e+02 3.8383e-02
7.1074e+02 1.5656e+02 7.4605e+02 2.3553e+02 3.8327e-02
1.0729e+02 1.6126e+02 1.2594e+02 2.1144e+02 3.8205e-02
5.6637e+02 1.7109e+02 6.0041e+02 2.0309e+02 3.8065e-02
7.1203e+02 1.6377e+02 7.2926e+02 2.1738e+02 3.7770e-02
6.6857e+02 1.2689e+02 7.4253e+02 2.5310e+02 3.7719e-02
5.8389e+02 1.5825e+02 6.0044e+02 1.9766e+02 3.7253e-02
7.2898e+02 1.6600e+02 7.4430e+02 2.1774e+02 3.6729e-02
6.0935e+02 1.7343e+02 6.5901e+02 2.2161e+02 3.6571e-02
5.1339e+02 1.7642e+02 5.3405e+02 1.9642e+02 3.6498e-02
9.9176e+01 1.5115e+02 1.1876e+02 2.0145e+02 3.6477e-02
4.8008e+02 1.7470e+02 5.1264e+02 1.9176e+02 3.6248e-02
6.6731e+02 1.6888e+02 6.9326e+02 2.2838e+02 3.6097e-02
4.6817e+02 1.6725e+02 4.7827e+02 1.9508e+02 3.5178e-02
5.9178e+02 1.5696e+02 6.0830e+02 2.0186e+02 3.5163e-02
7.6505e+02 1.5926e+02 8.4373e+02 2.9144e+02 3.4959e-02
8.5893e+01 1.6345e+02 1.8688e+02 2.0076e+02 3.4878e-02
6.1097e+02 1.6010e+02 7.1125e+02 2.3139e+02 3.4875e-02
5.6043e+02 1.7881e+02 6.2075e+02 2.1078e+02 3.4341e-02
2.0219e+02 1.7951e+02 2.3801e+02 2.0393e+02 3.3630e-02
6.1008e+02 1.8535e+02 6.3457e+02 2.3641e+02 3.3615e-02
5.9641e+02 1.7758e+02 6.2682e+02 2.3799e+02 3.3194e-02
1.2229e+03 2.2628e+02 1.2420e+03 3.3634e+02 3.3141e-02
6.6630e+02 1.8057e+02 7.2126e+02 2.1457e+02 3.2729e-02
6.2894e+02 1.6794e+02 6.5232e+02 2.1945e+02 3.2387e-02
4.3053e+02 1.6834e+02 4.6226e+02 1.8570e+02 3.2235e-02
5.6413e+02 1.5660e+02 5.9766e+02 2.2546e+02 3.1999e-02
6.1100e+02 1.6237e+02 6.3402e+02 2.1078e+02 3.1713e-02
7.2975e+02 1.6739e+02 7.4904e+02 2.3151e+02 3.1467e-02
6.0061e+02 1.7258e+02 6.3058e+02 2.2939e+02 3.1252e-02
6.9383e+01 1.5092e+02 1.6683e+02 1.8850e+02 3.1041e-02
8.6584e+01 1.5103e+02 1.0629e+02 2.0380e+02 3.0741e-02
5.9373e+02 1.6708e+02 6.4769e+02 1.9573e+02 3.0720e-02
7.3533e+02 1.6687e+02 7.5053e+02 2.2295e+02 3.0715e-02
6.3863e+02 1.7532e+02 7.1254e+02 2.3126e+02 3.0704e-02
1.6219e+02 1.8210e+02 2.0691e+02 2.0312e+02 3.0082e-02
6.4893e+02 1.4414e+02 7.0852e+02 2.8096e+02 3.0001e-02
9.0130e+01 1.5170e+02 1.0878e+02 2.0166e+02 2.9728e-02
1.2154e+03 2.2941e+02 1.2420e+03 3.7095e+02 2.9482e-02
5.8436e+02 1.8089e+02 6.3717e+02 2.2402e+02 2.9332e-02
5.8113e+02 1.7776e+02 6.3231e+02 2.1787e+02 2.9168e-02
5.8041e+02 1.5782e+02 5.9713e+02 1.9847e+02 2.9052e-02
1.2030e+03 1.9383e+02 1.2420e+03 3.7500e+02 2.8986e-02
6.7701e+02 1.6299e+02 6.9157e+02 2.0326e+02 2.8767e-02
6.7898e+02 1.6233e+02 7.1173e+02 1.8063e+02 2.8764e-02
1.0855e+01 1.8494e+02 7.3018e+01 2.0777e+02 2.8351e-02
1.8753e+02 1.8650e+02 2.4300e+02 2.0934e+02 2.7844e-02
7.2477e+02 1.6670e+02 7.4663e+02 2.3091e+02 2.7541e-02
6.3255e+02 1.6557e+02 6.4996e+02 2.1202e+02 2.7540e-02
6.0059e+02 1.8099e+02 6.4919e+02 2.2185e+02 2.7428e-02
6.2017e+02 1.6474e+02 6.4052e+02 2.1136e+02 2.7413e-02
4.2793e+02 1.7062e+02 4.5958e+02 1.8831e+02 2.7206e-02
5.6572e+02 1.6899e+02 5.8774e+02 2.2633e+02 2.7080e-02
6.7297e+02 1.6426e+02 6.8837e+02 2.0443e+02 2.6995e-02
5.6557e+02 1.6666e+02 5.9919e+02 1.9421e+02 2.6909e-02
6.8617e+02 1.6770e+02 7.4753e+02 2.2336e+02 2.6425e-02
5.8479e+02 1.8755e+02 6.3979e+02 2.3327e+02 2.5922e-02
6.7768e+02 1.7041e+02 7.0804e+02 2.0951e+02 2.5842e-02
6.9510e+01 1.6398e+02 1.5929e+02 2.0081e+02 2.5754e-02
6.0853e+02 1.5340e+02 6.2592e+02 1.8825e+02 2.5681e-02
6.3863e+02 1.6975e+02 6.7786e+02 1.9299e+02 2.5597e-02
4.3188e+02 1.6724e+02 4.4444e+02 1.9484e+02 2.5524e-02
7.3942e+02 1.6020e+02 7.5578e+02 2.1774e+02 2.5436e-02
4.4071e+02 1.6769e+02 4.5317e+02 1.9606e+02 2.5289e-02
4.6107e+01 1.6180e+02 1.4746e+02 2.0115e+02 2.5162e-02
7.3230e+02 1.7770e+02 7.5237e+02 2.3491e+02 2.5083e-02
5.7529e+02 1.2393e+02 6.4591e+02 2.5343e+02 2.5081e-02
6.8345e+02 1.2670e+02 7.5894e+02 2.5625e+02 2.4655e-02
3.8057e+02 1.6639e+02 3.9414e+02 2.0168e+02 2.4152e-02
6.3548e+02 1.6335e+02 6.9621e+02 2.0176e+02 2.3840e-02
1.1907e+03 2.3272e+02 1.2266e+03 3.7500e+02 2.3793e-02
4.5517e+02 1.6248e+02 4.7638e+02 1.8596e+02 2.3658e-02
4.6145e+02 1.5434e+02 4.7466e+02 1.8965e+02 2.3629e-02
2.0387e+02 1.7946e+02 2.4368e+02 1.9966e+02 2.3489e-02
5.7994e+02 1.6306e+02 6.2734e+02 1.8631e+02 2.3459e-02
1.0388e+02 1.3762e+02 1.2256e+02 1.9213e+02 2.3357e-02
5.7733e+02 1.7316e+02 5.9853e+02 2.3298e+02 2.3086e-02
3.3251e+02 1.6622e+02 4.0922e+02 2.0125e+02 2.2729e-02
6.1992e+02 1.7746e+02 6.4242e+02 2.2544e+02 2.2652e-02
6.5988e+02 1.6989e+02 7.0059e+02 2.0013e+02 2.2502e-02
6.0440e+02 1.5335e+02 6.2067e+02 1.8771e+02 2.2394e-02
8.2714e+01 1.5129e+02 1.0310e+02 2.0564e+02 2.2391e-02
7.8132e+02 1.5579e+02 8.3134e+02 2.6490e+02 2.2377e-02
2.5526e+02 1.7296e+02 2.7087e+02 2.1571e+02 2.2209e-02
7.4235e+02 1.6211e+02 7.6051e+02 2.1857e+02 2.2167e-02
6.8744e+02 1.5410e+02 7.0291e+02 1.8705e+02 2.2078e-02
6.1497e+02 1.7922e+02 6.3935e+02 2.3318e+02 2.1969e-02
5.7702e+02 1.5836e+02 5.9285e+02 1.9733e+02 2.1909e-02
7.3144e+02 1.6468e+02 8.0210e+02 2.2913e+02 2.1855e-02
5.9337e+02 1.4092e+02 6.4323e+02 2.5201e+02 2.1808e-02
3.2541e+02 1.7127e+02 4.0016e+02 2.0567e+02 2.1692e-02
6.5089e+02 1.6108e+02 6.6774e+02 2.0427e+02 2.1658e-02
6.7546e+02 1.7931e+02 7.3051e+02 2.2432e+02 2.1594e-02
1.1093e+02 1.6238e+02 1.2935e+02 2.1188e+02 2.1095e-02
6.5665e+02 1.7208e+02 7.5364e+02 2.6337e+02 2.0974e-02
6.4858e+02 1.4794e+02 6.9900e+02 2.5287e+02 2.0890e-02
4.7879e+02 1.7496e+02 5.0586e+02 1.9381e+02 2.0786e-02
6.7867e+02 1.7086e+02 7.4973e+02 2.1421e+02 2.0359e-02
7.3378e+02 1.7652e+02 7.8916e+02 2.7466e+02 2.0352e-02
2.2638e+02 1.8380e+02 3.0379e+02 2.1317e+02 2.0328e-02
7.0817e+02 1.7064e+02 7.8709e+02 2.1451e+02 1.9763e-02
5.6209e+02 1.8460e+02 6.4830e+02 2.7243e+02 1.9611e-02
5.6836e+02 1.7251e+02 6.3028e+02 2.9706e+02 1.9247e-02
2.0963e+02 1.7525e+02 2.8503e+02 2.0767e+02 1.8827e-02
5.3331e+02 1.5946e+02 5.8871e+02 2.7459e+02 1.8502e-02
7.0867e+02 1.7214e+02 7.7507e+02 3.0710e+02 1.8361e-02
1.1743e+03 2.0970e+02 1.2361e+03 3.7500e+02 1.8087e-02
5.4028e+02 1.5414e+02 6.8246e+02 2.2510e+02 1.8076e-02
7.5732e+02 1.5813e+02 7.9860e+02 2.4231e+02 1.7635e-02
1.1892e+03 2.2217e+02 1.2281e+03 3.3514e+02 1.7338e-02
4.4789e+02 1.6866e+02 5.1626e+02 1.9526e+02 1.7205e-02
7.5193e+02 1.7509e+02 8.1113e+02 2.8183e+02 1.6952e-02
7.6501e+02 1.5557e+02 8.0543e+02 2.4237e+02 1.6868e-02
6.1602e+02 1.5281e+02 7.6122e+02 2.3077e+02 1.6665e-02
6.7058e+02 1.6593e+02 7.1253e+02 2.5516e+02 1.6513e-02
6.5909e+02 1.7722e+02 7.3212e+02 2.4060e+02 1.5459e-02
1.2001e+01 1.8179e+02 1.1468e+02 2.1447e+02 1.4987e-02
7.4699e+02 1.7581e+02 8.4651e+02 2.5392e+02 1.4899e-02
6.1334e+02 1.6245e+02 6.4538e+02 2.2051e+02 1.4729e-02
6.1083e+02 1.6795e+02 6.4160e+02 2.5529e+02 1.4202e-02
7.1428e+02 1.6439e+02 7.7818e+02 2.2735e+02 1.4084e-02
7.7148e+02 1.5793e+02 8.1237e+02 2.4339e+02 1.4006e-02
7.2957e+02 1.4952e+02 7.5811e+02 2.2968e+02 1.3456e-02
7.3690e+02 1.4005e+02 7.6644e+02 2.2145e+02 1.3401e-02
1.2185e+03 2.5622e+02 1.2420e+03 3.1970e+02 1.3296e-02
2.4439e+02 1.4971e+02 3.4400e+02 1.8737e+02 1.2852e-02
1.7564e+02 1.8075e+02 2.5252e+02 2.1132e+02 1.2465e-02
5.9331e+02 1.6282e+02 6.6093e+02 1.9989e+02 1.2213e-02
7.0352e+02 1.9756e+02 8.1177e+02 2.6430e+02 1.2210e-02
0.0000e+00 2.8309e+02 3.1105e+01 3.7500e+02 1.1991e-02
5.6829e+02 1.5476e+02 7.1831e+02 2.2585e+02 1.1837e-02
1.2219e+03 2.6974e+02 1.2420e+03 3.3697e+02 1.1724e-02
5.4535e+02 1.2254e+02 6.2118e+02 2.6155e+02 1.1591e-02
6.9183e+02 1.9096e+02 7.9680e+02 2.5725e+02 1.1563e-02
7.9198e+02 1.5739e+02 8.3766e+02 2.6702e+02 1.1537e-02
1.1806e+03 2.3610e+02 1.2202e+03 3.7500e+02 1.1512e-02
6.3264e+02 1.4223e+02 6.8641e+02 2.8841e+02 1.1442e-02
6.5772e+02 1.2282e+02 7.2176e+02 2.4518e+02 1.1327e-02
4.7328e+01 1.7083e+02 1.4552e+02 2.0705e+02 1.1312e-02
2.3451e+02 1.5795e+02 3.2743e+02 1.9531e+02 1.1255e-02
7.5225e+02 1.7070e+02 8.9176e+02 2.5165e+02 1.1138e-02
3.5703e+02 1.6000e+02 3.8341e+02 2.1164e+02 1.0815e-02
1.0004e+01 1.8848e+02 1.1609e+02 2.2284e+02 1.0616e-02
7.2983e+02 1.9777e+02 8.3477e+02 2.6482e+02 1.0486e-02
1.2074e+03 2.5626e+02 1.2420e+03 3.0197e+02 1.0260e-02
7.4360e+02 1.5456e+02 7.7465e+02 2.2941e+02 1.0260e-02
3.6064e+02 1.6290e+02 3.8847e+02 2.1289e+02 1.0004e-02
6.2059e+02 1.6277e+02 6.8124e+02 2.0007e+02 9.9877e-03
6.6562e+01 1.6950e+02 1.5644e+02 2.0757e+02 9.8690e-03
1.8213e+02 1.7565e+02 2.5394e+02 2.0623e+02 9.7226e-03
6.5989e+02 1.6091e+02 7.1154e+02 2.0701e+02 9.4277e-03
1.6424e+02 1.6692e+02 2.4809e+02 2.0247e+02 9.3427e-03
2.1097e+02 1.6458e+02 3.5530e+02 2.2034e+02 9.1677e-03
6.4654e+02 1.8044e+02 7.7737e+02 2.6144e+02 9.0366e-03
5.0220e+01 1.4757e+02 1.5956e+02 1.9171e+02 8.9181e-03
1.2175e+03 2.4221e+02 1.2420e+03 3.0442e+02 8.8115e-03
5.3397e+02 1.7248e+02 6.0806e+02 2.1356e+02 8.7711e-03
5.8533e+02 1.6124e+02 6.3951e+02 2.9471e+02 8.7202e-03
1.1544e+03 1.7820e+02 1.2420e+03 3.7500e+02 8.6638e-03
7.4139e+02 1.6939e+02 8.2539e+02 2.0244e+02 8.4701e-03
5.2419e+02 1.5200e+02 6.3790e+02 2.3769e+02 8.3111e-03
9.0616e+01 1.7070e+02 1.8431e+02 2.0640e+02 8.2130e-03
1.0865e+02 1.5631e+02 2.0801e+02 1.9364e+02 8.2100e-03
1.1918e+03 2.3126e+02 1.2420e+03 3.4852e+02 8.1974e-03
1.0709e+02 1.6346e+02 2.0914e+02 2.0093e+02 8.0584e-03
2.6429e+01 1.7329e+02 1.2764e+02 2.0747e+02 7.8274e-03
7.0406e+02 2.0766e+02 8.3049e+02 2.8940e+02 7.6938e-03
6.4808e+02 1.6123e+02 7.1430e+02 1.9900e+02 7.5033e-03
5.6022e+02 1.4892e+02 6.6950e+02 2.3090e+02 7.4541e-03
3.6747e+01 1.5463e+02 1.4489e+02 1.9642e+02 7.3264e-03
7.6158e+02 1.7133e+02 8.2785e+02 2.7140e+02 7.2506e-03
1.1802e+03 2.2488e+02 1.2207e+03 3.2893e+02 7.2403e-03
1.2092e+03 2.7023e+02 1.2420e+03 3.1777e+02 7.1603e-03
7.8122e+02 1.5755e+02 8.1803e+02 2.4379e+02 7.1523e-03
7.4380e+02 1.2722e+02 8.2634e+02 2.7273e+02 6.9615e-03
1.1688e+03 2.4007e+02 1.2420e+03 3.3247e+02 6.8745e-03
4.3829e+02 1.6192e+02 5.1239e+02 1.9186e+02 6.7428e-03
5.4324e+02 1.6711e+02 5.9999e+02 2.1144e+02 6.7107e-03
1.1569e+03 2.1438e+02 1.2257e+03 3.6712e+02 6.7026e-03
5.4494e+02 2.0003e+02 6.3404e+02 2.6537e+02 6.6391e-03
7.1289e+02 1.4140e+02 7.4355e+02 2.2697e+02 6.6276e-03
0.0000e+00 1.8203e+02 7.3733e+01 2.2009e+02 6.4688e-03
6.1270e+02 1.6531e+02 7.0484e+02 2.4968e+02 6.3949e-03
1.1879e+03 1.8707e+02 1.2420e+03 3.7452e+02 6.1079e-03
5.5391e+02 1.5270e+02 5.8953e+02 2.2841e+02 5.8995e-03
4.9034e+02 1.6202e+02 6.3564e+02 2.3748e+02 5.8903e-03
7.5136e+02 1.5630e+02 7.8548e+02 2.3206e+02 5.8137e-03
7.1041e+02 9.9118e+01 8.3386e+02 3.1286e+02 5.6871e-03
6.1150e+02 1.4861e+02 6.6032e+02 2.8974e+02 5.6822e-03
1.2090e+03 2.4171e+02 1.2420e+03 2.8682e+02 5.6437e-03
2.9712e+02 1.5731e+02 3.8337e+02 1.9205e+02 5.6192e-03
0.0000e+00 1.7587e+02 7.8741e+01 2.1425e+02 5.5797e-03
1.1877e+03 2.4812e+02 1.2404e+03 3.1467e+02 5.5454e-03
2.9273e+01 1.8002e+02 1.3103e+02 2.1345e+02 5.4440e-03
7.4935e+01 1.4498e+02 1.7628e+02 1.8336e+02 5.3787e-03
1.2110e+03 2.7748e+02 1.2420e+03 3.2628e+02 5.3725e-03
7.2291e+02 1.4219e+02 7.5148e+02 2.2477e+02 5.3657e-03
1.1262e+03 2.4524e+02 1.2420e+03 3.7500e+02 5.2294e-03
2.7140e+02 1.5081e+02 3.6370e+02 1.8736e+02 5.2134e-03
7.2346e+02 2.1654e+02 8.3280e+02 2.7396e+02 5.1551e-03
7.6562e+02 1.7119e+02 8.4634e+02 2.1603e+02 4.9837e-03
1.0895e+03 0.0000e+00 1.2420e+03 3.7500e+02 4.8054e-03
7.5130e+01 1.5162e+02 1.4503e+02 2.0169e+02 4.8044e-03
5.9268e+02 1.1709e+02 6.5242e+02 2.4366e+02 4.6624e-03
7.2688e+02 2.0415e+02 8.6096e+02 2.8387e+02 4.4705e-03
1.4252e+02 1.7373e+02 2.2879e+02 2.0797e+02 4.4468e-03
0.0000e+00 3.2521e+02 1.5186e+01 3.7500e+02 4.4431e-03
5.9160e+02 1.7005e+02 6.7635e+02 2.5248e+02 4.3911e-03
6.3520e+02 1.5242e+02 6.6346e+02 2.1657e+02 4.3399e-03
6.4390e+02 1.2127e+02 7.0525e+02 2.4326e+02 4.2542e-03
1.0834e+03 2.5704e+02 1.2420e+03 3.7500e+02 4.1703e-03
1.1464e+02 1.7052e+02 2.0911e+02 2.0804e+02 4.0677e-03
5.8239e+02 1.9045e+02 6.2865e+02 2.8068e+02 4.0543e-03
2.3957e+02 1.7913e+02 3.1889e+02 2.0835e+02 4.0197e-03
7.3928e+02 1.6810e+02 7.9974e+02 2.1295e+02 4.0191e-03
0.0000e+00 3.1612e+02 4.2934e+01 3.7500e+02 3.9902e-03
1.2008e+03 2.8519e+02 1.2420e+03 3.7500e+02 3.9899e-03
7.5436e+02 1.7070e+02 8.3742e+02 2.0556e+02 3.9297e-03
1.0881e+02 1.4891e+02 2.0821e+02 1.8747e+02 3.8875e-03
3.3024e+02 1.7587e+02 4.0952e+02 2.0854e+02 3.8581e-03
5.4215e+02 1.9562e+02 5.9547e+02 2.7823e+02 3.8477e-03
1.1757e+03 2.3992e+02 1.2345e+03 3.0803e+02 3.7391e-03
1.2056e+03 1.5053e+02 1.2420e+03 3.3223e+02 3.6918e-03
7.7976e+02 1.4363e+02 8.4580e+02 2.6657e+02 3.6030e-03
7.0254e+02 1.1916e+02 7.7183e+02 2.6152e+02 3.5780e-03
5.2615e+02 1.3204e+02 5.8629e+02 2.7370e+02 3.5432e-03
7.0343e+02 1.4772e+02 8.3894e+02 2.4230e+02 3.5350e-03
2.2302e+02 1.6190e+02 3.1848e+02 1.9958e+02 3.5174e-03
7.2455e+02 1.6824e+02 8.0068e+02 2.0313e+02 3.4361e-03
0.0000e+00 1.9840e+02 5.7748e+01 3.7500e+02 3.3916e-03
5.6284e+02 1.2848e+02 8.8628e+02 2.7238e+02 3.3508e-03
1.1929e+03 2.0064e+02 1.2420e+03 3.1894e+02 3.3475e-03
0.0000e+00 1.5000e+02 1.4902e+01 2.5291e+02 3.3450e-03
2.5257e+02 1.4420e+02 3.5016e+02 1.7941e+02 3.2953e-03
5.3618e+02 1.6168e+02 5.7386e+02 2.5744e+02 3.2364e-03
1.1709e+03 2.1014e+02 1.2420e+03 3.0073e+02 3.2336e-03
9.2303e+02 1.2522e+02 1.2420e+03 3.7500e+02 3.2034e-03
6.8732e+02 8.0240e+01 8.1106e+02 3.2132e+02 3.1920e-03
7.3259e+02 1.7145e+02 8.0373e+02 3.1579e+02 3.1811e-03
1.2221e+03 2.8447e+02 1.2420e+03 3.5249e+02 3.1256e-03
6.3744e+02 1.3956e+02 6.8831e+02 2.4580e+02 3.0891e-03
7.6071e+02 1.5538e+02 7.9435e+02 2.2934e+02 3.0883e-03
7.7482e+02 1.7350e+02 8.4515e+02 2.4519e+02 3.0708e-03
7.3324e+02 1.6513e+02 7.8892e+02 2.1103e+02 3.0355e-03
6.4987e+02 1.4999e+02 7.9829e+02 2.2847e+02 3.0247e-03
4.8582e+02 1.7662e+02 6.1749e+02 2.6516e+02 3.0194e-03
1.1937e+03 2.5680e+02 1.2420e+03 3.7500e+02 2.7366e-03
1.1876e+03 3.1948e+02 1.2420e+03 3.7500e+02 2.7131e-03
1.9292e+02 1.7349e+02 3.4474e+02 2.2992e+02 2.7002e-03
5.0254e+02 1.5747e+02 6.0671e+02 2.4968e+02 2.6719e-03
7.2001e+02 1.1933e+02 7.8949e+02 2.6548e+02 2.5740e-03
1.0119e+03 9.5115e+01 1.2420e+03 3.7500e+02 2.5286e-03
1.1731e+03 2.6621e+02 1.2420e+03 3.6571e+02 2.4790e-03
6.1661e+02 1.3797e+02 6.5982e+02 2.4950e+02 2.2887e-03
0.0000e+00 9.1240e+01 3.1142e+01 2.9998e+02 2.2428e-03
6.4194e+02 1.5533e+02 8.7157e+02 3.2044e+02 2.1511e-03
0.0000e+00 1.9483e+01 1.3643e+02 3.7500e+02 2.0181e-03
1.0948e+03 1.7078e+02 1.2420e+03 3.3505e+02 2.0131e-03
6.7157e+02 1.4874e+02 9.4871e+02 2.9155e+02 1.9726e-03
2.2763e+02 1.6009e+02 3.8154e+02 2.1924e+02 1.9585e-03
6.8067e+02 1.4919e+02 8.5696e+02 2.2622e+02 1.9000e-03
5.0354e+02 2.0608e+02 6.3155e+02 2.8458e+02 1.8517e-03
7.2991e+02 1.1299e+02 8.6004e+02 3.5705e+02 1.8069e-03
0.0000e+00 3.2667e+02 6.0326e+01 3.7500e+02 1.7989e-03
0.0000e+00 2.8945e+02 4.7692e+01 3.7500e+02 1.7665e-03
1.0917e+03 1.9722e+02 1.2420e+03 3.6580e+02 1.7413e-03
1.1527e+03 2.3644e+02 1.2420e+03 3.4825e+02 1.7308e-03
2.8122e+01 1.4512e+02 2.0226e+02 2.0950e+02 1.6580e-03
6.8495e+02 2.1948e+02 8.3280e+02 2.9578e+02 1.6505e-03
7.6373e+02 1.7535e+02 8.7304e+02 2.6688e+02 1.6235e-03
2.1028e+02 1.4718e+02 3.5656e+02 2.0797e+02 1.5946e-03
0.0000e+00 2.5568e+02 9.2733e+01 3.7500e+02 1.5564e-03
0.0000e+00 1.2803e+02 3.0247e+01 3.3371e+02 1.4920e-03
1.7435e+02 1.6190e+02 3.2724e+02 2.1629e+02 1.4824e-03
1.1748e+03 1.9509e+02 1.2420e+03 2.8484e+02 1.4811e-03
4.3222e+02 1.2676e+02 7.6845e+02 2.7158e+02 1.3744e-03
7.2089e+02 2.1890e+02 8.6571e+02 2.9192e+02 1.3315e-03
1.1668e+03 9.4065e+01 1.2420e+03 3.7500e+02 1.2999e-03
7.6951e+01 1.4638e+02 2.4028e+02 2.0648e+02 1.2721e-03
6.3248e+02 1.1722e+02 6.9160e+02 2.4341e+02 1.2587e-03
7.7513e+02 1.7372e+02 8.5074e+02 3.1365e+02 1.2557e-03
0.0000e+00 2.6644e+02 1.4803e+02 3.7500e+02 1.2539e-03
7.6192e+02 1.5904e+02 9.2768e+02 2.3372e+02 1.2346e-03
0.0000e+00 2.8803e+02 6.8495e+01 3.7500e+02 1.1803e-03
6.6977e+02 1.4677e+02 7.9688e+02 2.4685e+02 1.1651e-03
0.0000e+00 9.7718e+01 1.9313e+02 3.7500e+02 1.1647e-03
1.1336e+03 2.4577e+02 1.2393e+03 3.5897e+02 1.1374e-03
7.0460e+02 1.1768e+02 8.4032e+02 3.6862e+02 1.0930e-03
4.6199e+02 1.5781e+02 6.2707e+02 2.3022e+02 1.0886e-03
2.6466e+02 1.4770e+02 4.1892e+02 2.0936e+02 1.0855e-03
5.1797e+02 6.7122e+01 6.4474e+02 3.3076e+02 1.0477e-03
1.1581e+03 1.8913e+02 1.2215e+03 3.4206e+02 1.0003e-03
5.3986e+02 6.3452e+01 6.7269e+02 3.3669e+02 9.9440e-04
1.2034e+03 0.0000e+00 1.2420e+03 7.9953e+01 9.8318e-04
4.9414e+02 1.4817e+02 6.5248e+02 2.2345e+02 9.7916e-04
6.6667e+02 2.0169e+02 8.0233e+02 2.8098e+02 9.4928e-04
5.6750e+02 8.8014e+01 6.4793e+02 2.5338e+02 9.3740e-04
5.0800e+02 2.1574e+02 6.5193e+02 2.9060e+02 9.3309e-04
0.0000e+00 2.2790e+02 2.8439e+01 3.7500e+02 9.2111e-04
2.8587e+02 1.5867e+02 4.4744e+02 2.1656e+02 9.1734e-04
4.8525e+02 1.6082e+02 5.8639e+02 2.5324e+02 9.0705e-04
5.5637e+02 8.6203e+01 6.3381e+02 2.5995e+02 9.0011e-04
2.0430e+02 1.5803e+02 3.2684e+02 2.2369e+02 8.9599e-04
0.0000e+00 4.6931e+01 6.7130e+01 3.7108e+02 8.9031e-04
0.0000e+00 0.0000e+00 3.2454e+01 8.2046e+01 8.8054e-04
0.0000e+00 1.0960e+02 2.7563e+02 3.7500e+02 8.4418e-04
6.7490e+02 1.9279e+02 7.7729e+02 2.8465e+02 8.4417e-04
4.2832e+02 1.4633e+02 7.0079e+02 2.8896e+02 8.3171e-04
1.1669e+03 0.0000e+00 1.2420e+03 3.1003e+01 8.2582e-04
7.6734e+02 1.7625e+02 8.3287e+02 3.1694e+02 8.1057e-04
1.1735e+03 1.4684e+02 1.2420e+03 2.3362e+02 8.1021e-04
1.4913e+01 1.5786e+02 1.8961e+02 2.1964e+02 7.9605e-04
6.4713e+02 5.8902e+01 7.7450e+02 3.2780e+02 7.8583e-04
9.3048e+01 1.5342e+02 2.5906e+02 2.1736e+02 7.7803e-04
6.2865e+02 1.5436e+02 6.8208e+02 3.1416e+02 7.7626e-04
1.1737e+03 1.7821e+02 1.2420e+03 2.6607e+02 7.6243e-04
1.4588e+02 1.5993e+02 3.0572e+02 2.1953e+02 7.6131e-04
5.6247e+02 2.0093e+02 6.5512e+02 2.8632e+02 7.5729e-04
5.0753e+02 1.4506e+02 6.2306e+02 2.3375e+02 7.5319e-04
1.1744e+03 1.6253e+02 1.2420e+03 2.4987e+02 7.5208e-04
1.0885e+03 1.3804e+02 1.2420e+03 3.0494e+02 7.4610e-04
5.8640e+02 1.1562e+02 8.2509e+02 2.8905e+02 7.4241e-04
6.1529e+02 1.1099e+02 6.6947e+02 2.4012e+02 7.2806e-04
1.2075e+03 2.4758e+02 1.2420e+03 3.7500e+02 7.1746e-04
1.1401e+03 2.1808e+02 1.2130e+03 3.5993e+02 7.1716e-04
6.5400e+02 8.9644e+01 7.2698e+02 2.4838e+02 7.1231e-04
5.1327e+02 1.3552e+02 5.6895e+02 2.8361e+02 7.0754e-04
1.1724e+03 1.3034e+02 1.2420e+03 2.1913e+02 7.0446e-04
4.5029e+02 1.6568e+02 5.9919e+02 2.4400e+02 7.0222e-04
4.3649e+02 1.5620e+02 6.0166e+02 2.2773e+02 6.6859e-04
0.0000e+00 0.0000e+00 3.1262e+02 1.3822e+02 6.6718e-04
0.0000e+00 1.6329e+02 3.2409e+01 3.6431e+02 6.6498e-04
7.2845e+02 1.4987e+02 8.5682e+02 2.3890e+02 6.6304e-04
1.2378e+01 2.8976e+02 8.5422e+01 3.7500e+02 6.5677e-04
1.2071e+03 1.0050e+02 1.2420e+03 2.7731e+02 6.5499e-04
0.0000e+00 1.3245e+02 4.4909e+01 2.4649e+02 6.5330e-04
4.9211e+01 1.5520e+02 2.1474e+02 2.1550e+02 6.4899e-04
5.2266e+02 1.3690e+02 8.3530e+02 2.7925e+02 6.4830e-04
0.0000e+00 0.0000e+00 6.9030e+01 1.5139e+02 6.4663e-04
9.8974e+02 0.0000e+00 1.2420e+03 1.2407e+02 6.3991e-04
5.8970e+02 1.7383e+02 6.4451e+02 3.1101e+02 6.0816e-04
1.1052e+02 1.4358e+02 2.7181e+02 2.0885e+02 6.0741e-04
7.1420e+02 1.5143e+02 8.8790e+02 2.2625e+02 6.0652e-04
1.1897e+03 1.6833e+02 1.2420e+03 2.8176e+02 5.8835e-04
1.1535e+03 2.5635e+02 1.2420e+03 3.7177e+02 5.7282e-04
0.0000e+00 0.0000e+00 2.3691e+02 1.6065e+02 5.6895e-04
4.7420e+02 1.1556e+02 7.2272e+02 2.9497e+02 5.6102e-04
7.9821e+02 1.6250e+02 8.5920e+02 2.9299e+02 5.3095e-04
6.1291e+02 0.0000e+00 9.2147e+02 3.7500e+02 5.1107e-04
1.1191e+03 2.4514e+02 1.2420e+03 3.3024e+02 5.1047e-04
1.1821e+03 0.0000e+00 1.2420e+03 4.0959e+01 5.0588e-04
0.0000e+00 1.4406e+02 6.9574e+01 2.3475e+02 5.0455e-04
6.2449e+02 1.7714e+02 7.2433e+02 2.6972e+02 4.9816e-04
6.3873e+02 8.9827e+01 7.1119e+02 2.4574e+02 4.8735e-04
1.1752e+03 1.1457e+02 1.2420e+03 2.0574e+02 4.8592e-04
5.2440e+02 1.6657e+02 5.8469e+02 3.0305e+02 4.8542e-04
2.2452e+02 1.7079e+02 3.8122e+02 2.3432e+02 4.7675e-04
0.0000e+00 1.0930e+02 1.4699e+02 2.7622e+02 4.6144e-04
2.2061e+01 1.3073e+02 2.0136e+02 2.0022e+02 4.6110e-04
6.8198e+02 1.6044e+02 7.3776e+02 3.2858e+02 4.5894e-04
5.3792e+02 1.2583e+02 6.6620e+02 2.2111e+02 4.5791e-04
1.1607e+03 0.0000e+00 1.2420e+03 1.6175e+02 4.4031e-04
5.0686e+02 1.0572e+02 8.5954e+02 2.5391e+02 4.3811e-04
2.0449e+02 1.3059e+02 3.6634e+02 1.9647e+02 4.3382e-04
1.1315e+03 1.2306e+02 1.2420e+03 3.4037e+02 4.3344e-04
4.8607e+02 1.2735e+02 5.4916e+02 2.8657e+02 4.2818e-04
1.0953e+03 1.0821e+02 1.2420e+03 2.7527e+02 4.2616e-04
0.0000e+00 9.5807e+01 8.8798e+01 3.0362e+02 4.2023e-04
1.7145e+02 1.4921e+02 3.3024e+02 2.1016e+02 4.1950e-04
1.1108e+03 0.0000e+00 1.2420e+03 5.9243e+01 4.1758e-04
1.1834e+03 2.8427e+02 1.2420e+03 3.7500e+02 4.1690e-04
1.1884e+03 1.3697e+02 1.2420e+03 2.4547e+02 4.1431e-04
1.0317e+03 0.0000e+00 1.2420e+03 1.7321e+02 4.0347e-04
5.8637e+02 8.8471e+01 6.5969e+02 2.4519e+02 4.0047e-04
9.6992e+02 2.4613e+01 1.2420e+03 3.7323e+02 3.9656e-04
8.0210e+02 1.3789e+02 8.6069e+02 2.6681e+02 3.9432e-04
1.1730e+03 1.6701e+02 1.2368e+03 3.3727e+02 3.9071e-04
1.1663e+03 2.9181e+02 1.2392e+03 3.7500e+02 3.8225e-04
4.6614e+02 1.2792e+02 5.3495e+02 2.8663e+02 3.7827e-04
6.1454e+02 4.5629e+01 7.4442e+02 3.3539e+02 3.7730e-04
0.0000e+00 1.6021e+02 1.5839e+02 2.2291e+02 3.7445e-04
3.0011e+02 1.4564e+02 4.5615e+02 2.1307e+02 3.6200e-04
3.1758e+02 1.5368e+02 4.7912e+02 2.2046e+02 3.5995e-04
1.1448e+03 2.2903e+02 1.2420e+03 3.1568e+02 3.5283e-04
5.9275e+01 1.3060e+02 2.2280e+02 1.9559e+02 3.4059e-04
0.0000e+00 5.5537e+01 3.2149e+01 2.4971e+02 3.3588e-04
5.8011e+02 4.2117e+01 7.0664e+02 3.3707e+02 3.3332e-04
4.2950e+02 1.4130e+02 6.0029e+02 2.1505e+02 3.2895e-04
2.0502e+02 1.4150e+02 3.3297e+02 2.1706e+02 3.2522e-04
0.0000e+00 0.0000e+00 1.1314e+02 7.5942e+01 3.2506e-04
0.0000e+00 7.8669e+01 1.5008e+02 2.4183e+02 3.2469e-04
0.0000e+00 1.6000e+02 6.8119e+01 2.5038e+02 3.2295e-04
4.9415e+02 6.2632e+01 6.1873e+02 3.4658e+02 3.1768e-04
5.2371e+02 1.3447e+02 6.9366e+02 2.1249e+02 3.1022e-04
5.8973e+02 1.8638e+02 6.7844e+02 2.7530e+02 3.0774e-04
0.0000e+00 0.0000e+00 1.6184e+02 6.9552e+01 3.0470e-04
2.2388e+02 1.6486e+02 3.3864e+02 2.3259e+02 2.9760e-04
9.5901e+01 1.3122e+02 2.5425e+02 1.9249e+02 2.9690e-04
0.0000e+00 0.0000e+00 5.1679e+01 4.3581e+01 2.8839e-04
7.3047e+02 9.0433e+01 8.0662e+02 2.5710e+02 2.7896e-04
1.9576e+02 1.8071e+02 3.5157e+02 2.4703e+02 2.7792e-04
6.2302e+02 8.1996e+01 6.9545e+02 2.5120e+02 2.7699e-04
1.1283e+03 0.0000e+00 1.2420e+03 8.0135e+01 2.6967e-04
2.3978e+02 1.5247e+02 3.5867e+02 2.2487e+02 2.6676e-04
0.0000e+00 1.0594e+02 4.5236e+01 2.1626e+02 2.6596e-04
4.7582e+02 1.5057e+02 5.8826e+02 2.3826e+02 2.6255e-04
1.1894e+03 1.0603e+02 1.2420e+03 2.1604e+02 2.5917e-04
7.7168e+02 1.7979e+02 9.1558e+02 2.5797e+02 2.5859e-04
4.5797e+02 1.5552e+02 5.6472e+02 2.5199e+02 2.5672e-04
4.4902e+02 1.2684e+02 5.1878e+02 2.8190e+02 2.5248e-04
2.7377e+01 2.8967e+02 1.0302e+02 3.7500e+02 2.4603e-04
4.7206e+02 7.2515e+01 1.0181e+03 3.2908e+02 2.4416e-04
2.4591e+02 1.3309e+02 3.8971e+02 1.9732e+02 2.3762e-04
3.9770e+02 1.5593e+02 5.7214e+02 2.2519e+02 2.3667e-04
2.6051e+02 1.2533e+02 3.1309e+02 2.4955e+02 2.3588e-04
0.0000e+00 6.3297e+01 9.1295e+01 2.6449e+02 2.3149e-04
4.4126e+02 1.1631e+02 6.7304e+02 2.9926e+02 2.3140e-04
1.1414e+03 1.8995e+02 1.2070e+03 3.3518e+02 2.2939e-04
1.2086e+03 5.3996e+01 1.2420e+03 2.3544e+02 2.2603e-04
2.4643e+02 1.2888e+02 3.0098e+02 2.5156e+02 2.2177e-04
0.0000e+00 1.6222e+02 4.1509e+01 2.8026e+02 2.1892e-04
5.7779e+02 1.7456e+02 6.3454e+02 3.1715e+02 2.1327e-04
0.0000e+00 1.1513e+02 6.6292e+01 2.0454e+02 2.1238e-04
6.1652e+02 1.8652e+02 7.4595e+02 2.6535e+02 2.1146e-04
6.1948e+02 1.1956e+02 7.4998e+02 2.1978e+02 2.0742e-04
1.1496e+03 2.9197e+02 1.2242e+03 3.7500e+02 2.0732e-04
7.8417e+02 1.5387e+02 9.0509e+02 2.3975e+02 2.0461e-04
2.8228e+02 1.6364e+02 4.3933e+02 2.3069e+02 2.0456e-04
6.0108e+02 1.2974e+02 7.7642e+02 2.1070e+02 2.0451e-04
5.1136e+02 1.0537e+02 7.5696e+02 2.8935e+02 2.0369e-04
3.6312e+02 1.2052e+02 6.9799e+02 2.8472e+02 1.9854e-04
7.4236e+02 1.4741e+02 9.1734e+02 2.1940e+02 1.9272e-04
1.1793e+03 9.7556e+01 1.2420e+03 1.9158e+02 1.9202e-04
1.1627e+03 0.0000e+00 1.2420e+03 3.2678e+02 1.9001e-04
8.1761e+02 1.3230e+02 8.7869e+02 2.6804e+02 1.8651e-04
5.4137e+02 2.0786e+02 6.4340e+02 2.8763e+02 1.8488e-04
4.0818e+02 1.6590e+02 5.7136e+02 2.4391e+02 1.8419e-04
4.8793e+02 1.8084e+02 5.8292e+02 2.7664e+02 1.8347e-04
0.0000e+00 1.7320e+02 1.5502e+02 2.3569e+02 1.8187e-04
1.9952e+02 1.6635e+02 3.1180e+02 2.3177e+02 1.8179e-04
0.0000e+00 3.2375e+02 9.0196e+01 3.7500e+02 1.8125e-04
0.0000e+00 2.6205e+01 2.9125e+02 3.5221e+02 1.8042e-04
0.0000e+00 1.8545e+02 8.9482e+01 3.7500e+02 1.7973e-04
0.0000e+00 1.4447e+02 1.5813e+02 2.1339e+02 1.7879e-04
1.1413e+03 2.1505e+02 1.2420e+03 2.9922e+02 1.7868e-04
3.3443e+01 1.3502e+02 1.7807e+02 2.1518e+02 1.7468e-04
6.0620e+02 1.8263e+02 7.0180e+02 2.7293e+02 1.6960e-04
5.8060e+02 1.5485e+02 8.6201e+02 3.0195e+02 1.6789e-04
0.0000e+00 1.3195e+02 6.0121e+01 3.7500e+02 1.6629e-04
6.4078e+02 1.0335e+02 8.8309e+02 2.7700e+02 1.6535e-04
7.4485e+02 8.8406e+01 8.2287e+02 2.5718e+02 1.6193e-04
4.9627e+02 1.3071e+02 6.6836e+02 2.0790e+02 1.5650e-04
6.6257e+02 1.5676e+02 7.2389e+02 3.3234e+02 1.5606e-04
1.5759e+02 1.2776e+02 3.3571e+02 1.9377e+02 1.5568e-04
6.0718e+02 8.2116e+01 6.7815e+02 2.4661e+02 1.5040e-04
4.4880e+02 1.7630e+02 5.8541e+02 2.6187e+02 1.4928e-04
3.4257e+02 1.2880e+02 3.9699e+02 2.6774e+02 1.4749e-04
5.4347e+02 8.1425e+01 1.0969e+03 3.5041e+02 1.4746e-04
1.2090e+03 0.0000e+00 1.2420e+03 1.9063e+02 1.4681e-04
0.0000e+00 1.8780e+02 1.3578e+02 3.7500e+02 1.4516e-04
8.3157e+02 1.2539e+02 8.9829e+02 2.7014e+02 1.4485e-04
0.0000e+00 1.7427e+02 6.9537e+01 2.6882e+02 1.4420e-04
5.1353e+02 1.2328e+02 6.4105e+02 2.1646e+02 1.4376e-04
5.7143e+02 1.8904e+02 6.8716e+02 2.6767e+02 1.4172e-04
5.5129e+02 1.3156e+02 7.3224e+02 2.1043e+02 1.4013e-04
3.0564e+02 1.5228e+02 4.2140e+02 2.2172e+02 1.3759e-04
4.3512e+02 1.4758e+02 5.5004e+02 2.3416e+02 1.3600e-04
0.0000e+00 1.2942e+02 6.7735e+01 3.5072e+02 1.3363e-04
1.1601e+03 3.2490e+02 1.2420e+03 3.7500e+02 1.3228e-04
0.0000e+00 1.1731e+02 4.8539e+01 3.5063e+02 1.3208e-04
2.7843e+02 1.2305e+02 3.3246e+02 2.5005e+02 1.3124e-04
6.5526e+02 1.2094e+02 7.8368e+02 2.2157e+02 1.3050e-04
7.7399e+02 1.4298e+02 9.5899e+02 2.1819e+02 1.2995e-04
7.1336e+02 6.9770e+01 8.6868e+02 3.0927e+02 1.2980e-04
7.7932e+02 1.7129e+02 9.4415e+02 2.4533e+02 1.2633e-04
4.1897e+01 2.8746e+02 1.1950e+02 3.7500e+02 1.2555e-04
4.1842e+02 1.2410e+02 6.0309e+02 2.0179e+02 1.2338e-04
7.8471e+02 1.6851e+02 9.0258e+02 2.5371e+02 1.1951e-04
4.2377e+02 1.5340e+02 5.4028e+02 2.5219e+02 1.1911e-04
1.1846e+03 8.0921e+01 1.2420e+03 1.7570e+02 1.1908e-04
7.8204e+02 1.5507e+02 9.7442e+02 2.3285e+02 1.1788e-04
1.1030e+03 2.5655e+02 1.2420e+03 3.4640e+02 1.1655e-04
0.0000e+00 9.0464e+01 5.0192e+01 3.0313e+02 1.1632e-04
7.6433e+00 1.4731e+02 1.4762e+02 2.3198e+02 1.1605e-04
1.1319e+03 2.1415e+02 1.2306e+03 3.1624e+02 1.1526e-04
8.6234e+01 1.3844e+02 2.2163e+02 2.1306e+02 1.1507e-04
1.2784e+02 1.4464e+02 2.4534e+02 2.2675e+02 1.1351e-04
6.1021e+02 1.7058e+02 6.6492e+02 3.1979e+02 1.1243e-04
7.4333e+02 1.4378e+02 8.7645e+02 2.3424e+02 1.1122e-04
5.8264e+02 1.0708e+02 9.3841e+02 2.5427e+02 1.1095e-04
5.3526e+02 1.7224e+02 5.9520e+02 3.0778e+02 1.1063e-04
7.5424e+02 2.1093e+02 8.7467e+02 2.8407e+02 1.1059e-04
4.7611e+02 1.2201e+01 7.9208e+02 3.7500e+02 1.1003e-04
3.5535e+02 1.2693e+02 4.1093e+02 2.7098e+02 1.0995e-04
1.2609e+02 1.2688e+02 2.8642e+02 1.9536e+02 1.0816e-04
1.1214e+03 5.7654e+01 1.2420e+03 2.8139e+02 1.0712e-04
5.3150e+02 8.2314e+01 5.9740e+02 2.5450e+02 1.0592e-04
4.8715e+02 1.3931e+02 6.0615e+02 2.2632e+02 1.0264e-04
2.6002e+02 1.3948e+02 3.7659e+02 2.1442e+02 1.0261e-04
5.0098e+02 1.0525e+02 5.6682e+02 2.5568e+02 1.0249e-04
4.3475e+02 1.2416e+02 5.0128e+02 2.7664e+02 1.0225e-04
1.1239e+03 2.1915e+02 1.1960e+03 3.5145e+02 1.0208e-04
6.4647e-01 2.2152e+02 5.9403e+01 3.7500e+02 1.0177e-04
3.8553e+02 1.2450e+02 5.7171e+02 2.0300e+02 9.9028e-05
8.4464e+02 1.1847e+02 9.1542e+02 2.7533e+02 9.8648e-05
4.8327e+02 1.0225e+02 5.4881e+02 2.5499e+02 9.8625e-05
3.7653e+02 1.4033e+02 5.5651e+02 2.1318e+02 9.7844e-05
0.0000e+00 0.0000e+00 6.3603e+01 2.9950e+02 9.6843e-05
0.0000e+00 0.0000e+00 2.2429e+02 3.7500e+02 9.5713e-05
5.8913e+02 1.2074e+02 7.2072e+02 2.1889e+02 9.4444e-05
6.5097e+02 1.9669e+02 7.5557e+02 2.8966e+02 9.4435e-05
2.0178e+02 1.2197e+02 3.3880e+02 2.0699e+02 9.4078e-05
2.3387e+02 1.3392e+02 2.9033e+02 2.5601e+02 9.3334e-05
7.6928e+02 1.0194e+02 8.8886e+02 3.6364e+02 9.2770e-05
4.2506e+02 2.1458e+01 7.2977e+02 3.7500e+02 9.2756e-05
1.8712e+01 1.9492e+02 1.6736e+02 3.7500e+02 9.2454e-05
3.6359e+02 5.8810e+01 9.6986e+02 3.5234e+02 9.2075e-05
1.1876e+03 4.6045e+01 1.2420e+03 1.4653e+02 9.1783e-05
4.6409e+02 1.0025e+02 5.3213e+02 2.5978e+02 9.1272e-05
6.3923e+02 1.2762e+02 8.1543e+02 2.1273e+02 8.9880e-05
2.0277e+00 3.2538e+02 1.2586e+02 3.7500e+02 8.9729e-05
1.2951e+02 1.6623e+02 2.8881e+02 2.3139e+02 8.9282e-05
0.0000e+00 2.4657e+02 4.2869e+01 3.7500e+02 8.8794e-05
7.9910e+02 1.4849e+02 9.2594e+02 2.3802e+02 8.7526e-05
4.4377e+02 1.3388e+02 5.7183e+02 2.2056e+02 8.6708e-05
2.7339e+02 1.3357e+02 4.2750e+02 2.0235e+02 8.6557e-05
1.6299e+02 1.2057e+02 2.2551e+02 2.6956e+02 8.6271e-05
2.3875e+02 1.0200e+02 3.1444e+02 2.3644e+02 8.5713e-05
9.4914e+00 1.2465e+02 8.5792e+01 3.1080e+02 8.5413e-05
1.1338e+03 2.9282e+02 1.2079e+03 3.7500e+02 8.5243e-05
1.0484e+03 2.0229e+02 1.1905e+03 3.7500e+02 8.4841e-05
5.4354e+02 9.2101e+01 8.0008e+02 2.7110e+02 8.4622e-05
1.1874e+03 1.3920e+02 1.2420e+03 3.2624e+02 8.3765e-05
6.3905e+02 2.0656e+02 7.8155e+02 2.8334e+02 8.3367e-05
2.6765e+01 1.6955e+02 2.0619e+02 2.3467e+02 8.1577e-05
1.1143e+03 2.2849e+02 1.2269e+03 3.2555e+02 8.1465e-05
7.9753e+01 1.6618e+02 2.4627e+02 2.3388e+02 7.9631e-05
2.0916e+02 1.7428e+02 3.2352e+02 2.4885e+02 7.8979e-05
7.5092e+01 1.4676e+02 2.0202e+02 2.2584e+02 7.8903e-05
3.3077e+02 2.9068e+02 4.0726e+02 3.7500e+02 7.8665e-05
1.0932e+03 4.2836e+01 1.2420e+03 2.2192e+02 7.8501e-05
2.9625e+02 1.2238e+02 3.4913e+02 2.5554e+02 7.7922e-05
5.8453e+01 2.8578e+02 1.3618e+02 3.7500e+02 7.6727e-05
8.5477e+02 0.0000e+00 1.2101e+03 3.7500e+02 7.5978e-05
1.9235e+01 1.1586e+02 1.6755e+02 2.0782e+02 7.5082e-05
4.4854e+02 1.0052e+02 5.1737e+02 2.5597e+02 7.5016e-05
1.1573e+03 1.5971e+02 1.2229e+03 3.1221e+02 7.4376e-05
1.1244e+03 1.8805e+02 1.1921e+03 3.3021e+02 7.3715e-05
6.9566e+02 1.7519e+02 7.5099e+02 3.3294e+02 7.3706e-05
1.0993e+03 2.3505e+02 1.2420e+03 3.1001e+02 7.3652e-05
7.0238e+02 1.1498e+02 1.2420e+03 3.7500e+02 7.3340e-05
0.0000e+00 9.9390e+01 6.7549e+01 2.9200e+02 7.2736e-05
3.1518e+02 1.6260e+02 4.8335e+02 2.3607e+02 7.2625e-05
2.7450e+02 1.5064e+02 3.9185e+02 2.2594e+02 7.2424e-05
5.8988e+02 1.8917e+02 7.1801e+02 2.6524e+02 7.1918e-05
4.5202e+02 5.1700e+01 5.8663e+02 3.7231e+02 7.1727e-05
3.2698e+02 1.2241e+02 3.8315e+02 2.6875e+02 7.1593e-05
1.4646e+02 1.2248e+02 2.0869e+02 2.6829e+02 7.1248e-05
3.1533e+02 2.8895e+02 3.9191e+02 3.7500e+02 7.0292e-05
1.8171e+02 1.5598e+02 3.0129e+02 2.2473e+02 7.0134e-05
1.3080e+01 2.2521e+02 7.9402e+01 3.7500e+02 6.9565e-05
1.1209e+03 3.2850e+02 1.2397e+03 3.7500e+02 6.8651e-05
3.4551e+02 2.9154e+02 4.2250e+02 3.7500e+02 6.8406e-05
6.4399e+02 1.5547e+02 7.0511e+02 3.3306e+02 6.8086e-05
2.5713e+02 9.8468e+01 3.2528e+02 2.3847e+02 6.7926e-05
7.4143e+01 2.8583e+02 1.5256e+02 3.7500e+02 6.7589e-05
4.5442e+01 1.2158e+02 1.2071e+02 2.7078e+02 6.6695e-05
3.9218e+02 1.1033e+02 1.0890e+03 3.7500e+02 6.6501e-05
4.4471e+02 0.0000e+00 5.9304e+02 1.5907e+02 6.6273e-05
0.0000e+00 2.8279e+00 3.3022e+01 2.0287e+02 6.5928e-05
6.4133e+01 1.1506e+02 1.3560e+02 2.5212e+02 6.5237e-05
0.0000e+00 1.5455e+02 1.3207e+02 3.4214e+02 6.4597e-05
3.7047e+02 0.0000e+00 6.7943e+02 3.2547e+02 6.4154e-05
9.1116e+01 2.8541e+02 1.6847e+02 3.7500e+02 6.4023e-05
6.7112e+02 1.2691e+02 8.6112e+02 2.0880e+02 6.3187e-05
1.8732e+02 1.6565e+02 2.9301e+02 2.3679e+02 6.2966e-05
6.9438e+02 1.1953e+02 8.3800e+02 2.1682e+02 6.2486e-05
4.7841e+02 0.0000e+00 6.2386e+02 1.5520e+02 6.2156e-05
7.6166e+02 8.6585e+01 8.4060e+02 2.5282e+02 6.1918e-05
1.5637e+02 2.8730e+02 2.3160e+02 3.7500e+02 6.1613e-05
2.2528e+02 1.3433e+02 2.8616e+02 2.8729e+02 6.1231e-05
7.0668e+02 1.4227e+02 1.0079e+03 2.9909e+02 6.1069e-05
1.1164e+03 2.6139e+02 1.2274e+03 3.6256e+02 6.0340e-05
4.0867e+02 1.3525e+02 5.4306e+02 2.2303e+02 5.9877e-05
4.5604e+02 1.2854e+02 6.3347e+02 2.0254e+02 5.9821e-05
3.2485e+02 1.5684e+02 4.3357e+02 2.3785e+02 5.9782e-05
1.7981e+02 1.2220e+02 2.3881e+02 2.6956e+02 5.9427e-05
2.2989e+02 1.1519e+02 2.9434e+02 2.4441e+02 5.9247e-05
0.0000e+00 4.2269e+01 1.4010e+02 2.0597e+02 5.9199e-05
7.6251e+02 1.4084e+02 8.9427e+02 2.2752e+02 5.8323e-05
3.3718e+02 1.4853e+02 4.5547e+02 2.2789e+02 5.7709e-05
4.1445e+02 0.0000e+00 5.6170e+02 1.5918e+02 5.7681e-05
3.6539e+02 1.5214e+02 5.4816e+02 2.2413e+02 5.7646e-05
1.1931e+03 2.8834e+01 1.2420e+03 1.3332e+02 5.7414e-05
4.2191e+02 1.0270e+02 7.4582e+02 2.5560e+02 5.7189e-05
2.7051e+02 2.0158e+02 4.2235e+02 3.7500e+02 5.6982e-05
1.1975e+03 5.3773e+01 1.2420e+03 1.6697e+02 5.6919e-05
1.7170e+02 2.8726e+02 2.4703e+02 3.7500e+02 5.6516e-05
7.9718e+01 1.1772e+02 1.4920e+02 2.4964e+02 5.6273e-05
3.6941e+02 1.2435e+02 4.2974e+02 2.7550e+02 5.5551e-05
2.3632e+02 1.2423e+02 3.6246e+02 2.0293e+02 5.5396e-05
2.2706e+02 1.8433e+02 3.7629e+02 2.5027e+02 5.4982e-05
2.3965e+02 1.9931e+02 3.9264e+02 3.7500e+02 5.4934e-05
5.1297e+02 8.6122e+01 5.7887e+02 2.5161e+02 5.4636e-05
5.1419e+01 2.0615e+02 1.9658e+02 3.7500e+02 5.4442e-05
1.0747e+02 2.8572e+02 1.8400e+02 3.7500e+02 5.4408e-05
9.7831e+02 2.6539e+02 1.2420e+03 3.7500e+02 5.4070e-05
1.3067e+02 1.2660e+02 1.9398e+02 2.6640e+02 5.4037e-05
7.8101e+02 1.9632e+02 9.0969e+02 2.7213e+02 5.3889e-05
1.0125e+03 2.0541e+02 1.1592e+03 3.7500e+02 5.3776e-05
3.6301e+02 2.9285e+02 4.3952e+02 3.7500e+02 5.3532e-05
8.1992e+02 1.6505e+02 8.7778e+02 2.9566e+02 5.3181e-05
1.3824e+02 1.3786e+02 2.6183e+02 2.1605e+02 5.2575e-05
1.1174e+03 2.9467e+02 1.1914e+03 3.7500e+02 5.2362e-05
9.5967e+02 0.0000e+00 1.0984e+03 1.4905e+02 5.1577e-05
4.1975e+02 1.1884e+02 4.8404e+02 2.8055e+02 5.1239e-05
4.0977e+02 4.3967e+01 5.6560e+02 3.7500e+02 5.0958e-05
0.0000e+00 2.0137e+02 4.5316e+01 3.7500e+02 5.0835e-05
7.1583e+02 2.9316e+02 7.9212e+02 3.7500e+02 5.0755e-05
1.1941e+02 0.0000e+00 4.2122e+02 3.3320e+02 5.0419e-05
0.0000e+00 1.4815e+02 1.1087e+02 2.3837e+02 5.0276e-05
1.4090e+02 2.8660e+02 2.1582e+02 3.7500e+02 5.0153e-05
2.4029e+02 1.3666e+02 3.0155e+02 2.8055e+02 5.0121e-05
2.7378e+01 1.1193e+02 1.0260e+02 2.7484e+02 5.0015e-05
5.1422e+02 1.2009e+02 6.5144e+02 3.7075e+02 4.9890e-05
8.3389e+02 0.0000e+00 1.1182e+03 3.2051e+02 4.9783e-05
5.1041e+02 0.0000e+00 6.5522e+02 1.5418e+02 4.9707e-05
0.0000e+00 1.8942e+02 6.4470e+01 2.8661e+02 4.9554e-05

