8.3453e+02 1.8952e+02 1.2148e+03 3.6940e+02 9.9980e-01
7.4051e+02 1.7759e+02 9.0839e+02 3.0145e+02 9.9975e-01
5.4682e+02 1.7715e+02 5.8915e+02 1.9710e+02 9.9964e-01
2.2585e+00 2.1388e+02 3.0240e+02 3.6549e+02 9.9943e-01
7.6908e+02 1.7036e+02 1.2420e+03 3.7500e+02 9.9941e-01
5.8936e+02 1.7956e+02 6.3044e+02 2.0278e+02 9.9937e-01
2.4122e+02 1.9157e+02 4.4363e+02 3.3203e+02 9.9921e-01
6.4884e+02 1.7559e+02 6.9690e+02 2.1147e+02 9.9910e-01
5.5817e+02 1.7898e+02 5.9668e+02 1.9583e+02 9.9869e-01
7.9507e+02 1.6843e+02 1.1063e+03 3.6455e+02 9.9867e-01
6.3997e+02 1.7591e+02 6.9837e+02 2.1216e+02 9.9859e-01
6.2068e+02 1.7440e+02 6.6291e+02 1.9463e+02 9.9853e-01
6.5891e+02 1.7522e+02 6.9675e+02 2.0556e+02 9.9841e-01
7.8399e+02 1.6746e+02 1.0469e+03 3.4249e+02 9.9815e-01
9.0840e+02 1.5884e+02 1.2276e+03 3.6355e+02 9.9782e-01
5.9838e+02 1.7913e+02 6.3455e+02 1.9904e+02 9.9737e-01
6.2167e+02 1.7577e+02 6.6938e+02 1.9792e+02 9.9696e-01
6.1682e+02 1.7578e+02 6.5416e+02 1.9456e+02 9.9515e-01
1.1675e+02 2.0532e+02 3.6843e+02 3.5282e+02 9.9493e-01
5.8413e+02 1.7834e+02 6.2534e+02 1.9948e+02 9.9341e-01
6.0683e+02 1.7842e+02 6.4216e+02 1.9725e+02 9.9326e-01
6.6742e+02 1.7622e+02 7.0530e+02 1.9938e+02 9.9273e-01
5.5010e+02 1.7990e+02 5.8441e+02 1.9605e+02 9.9022e-01
2.2255e+02 1.9678e+02 4.4481e+02 3.3359e+02 9.8959e-01
5.5637e+02 1.7790e+02 5.8708e+02 1.9692e+02 9.8750e-01
5.9505e+02 1.7766e+02 6.2749e+02 1.9835e+02 9.8723e-01
8.3847e+02 2.1321e+02 1.1368e+03 3.7500e+02 9.8691e-01
6.6354e+02 1.7323e+02 6.9510e+02 1.9773e+02 9.8669e-01
6.0485e+02 1.7661e+02 6.3665e+02 1.9466e+02 9.8659e-01
6.7152e+02 1.7450e+02 7.0382e+02 1.9377e+02 9.8553e-01
6.2866e+02 1.7499e+02 6.7137e+02 1.9511e+02 9.8526e-01
6.4060e+02 1.7756e+02 6.8782e+02 2.1301e+02 9.8492e-01
7.0899e+02 1.1058e+02 1.2420e+03 3.7500e+02 9.8461e-01
6.1170e+02 1.7659e+02 6.4509e+02 1.9448e+02 9.8354e-01
6.9461e+02 1.7355e+02 7.2504e+02 1.8805e+02 9.8341e-01
5.6938e+02 1.7962e+02 6.0546e+02 1.9666e+02 9.8137e-01
6.5059e+02 1.7313e+02 6.9064e+02 2.0608e+02 9.7960e-01
5.6255e+02 1.7629e+02 5.9223e+02 1.9607e+02 9.7904e-01
8.5085e+02 1.5204e+02 1.1863e+03 3.4645e+02 9.7785e-01
5.4436e+01 2.0695e+02 3.3799e+02 3.4922e+02 9.7785e-01
6.4001e+02 1.7508e+02 6.8793e+02 2.0343e+02 9.6891e-01
7.5130e+02 1.7691e+02 9.2481e+02 2.7455e+02 9.6711e-01
5.4928e+02 1.7361e+02 5.9048e+02 1.9252e+02 9.6428e-01
6.3222e+02 1.7832e+02 6.8180e+02 2.0705e+02 9.6263e-01
6.2533e+02 1.7473e+02 6.8131e+02 2.0705e+02 9.6168e-01
5.5253e+02 1.7433e+02 5.8563e+02 1.9537e+02 9.5997e-01
5.6521e+02 1.7716e+02 5.9843e+02 1.9439e+02 9.5858e-01
0.0000e+00 1.4580e+02 4.7087e+02 3.7500e+02 9.5689e-01
6.3083e+02 1.7677e+02 6.7771e+02 2.0170e+02 9.5546e-01
8.9836e+02 2.0921e+02 1.2006e+03 3.7500e+02 9.5513e-01
7.4124e+02 1.7263e+02 9.8370e+02 3.1696e+02 9.5040e-01
6.5705e+02 1.7286e+02 6.8914e+02 1.9846e+02 9.5018e-01
3.6108e+01 2.2933e+02 2.8438e+02 3.5069e+02 9.4773e-01
5.7662e+02 1.7970e+02 6.1273e+02 1.9717e+02 9.4330e-01
6.2891e+02 1.7404e+02 6.6334e+02 1.9810e+02 9.4199e-01
6.3462e+02 1.7488e+02 6.6836e+02 2.0000e+02 9.2673e-01
0.0000e+00 2.2003e+02 4.5541e+02 3.7500e+02 9.1833e-01
3.9233e+01 2.1468e+02 2.6136e+02 3.0894e+02 9.1331e-01
7.4995e+02 1.8779e+02 8.8364e+02 2.8992e+02 9.1185e-01
8.6868e+01 2.2956e+02 3.1170e+02 3.4562e+02 8.8976e-01
6.8763e+02 1.7334e+02 7.2020e+02 1.8917e+02 8.8772e-01
1.1777e+03 1.4538e+02 1.2420e+03 1.8937e+02 8.8753e-01
6.7711e+02 1.7324e+02 7.0730e+02 1.9003e+02 8.8095e-01
6.8020e+02 1.7470e+02 7.1211e+02 1.9186e+02 8.7987e-01
5.8848e+02 1.7756e+02 6.2285e+02 1.9606e+02 8.7320e-01
6.3438e+02 1.7462e+02 6.9216e+02 2.0490e+02 8.6540e-01
5.6911e+02 1.7855e+02 5.9561e+02 1.9714e+02 8.5364e-01
7.3057e+02 1.6289e+02 9.3381e+02 3.2888e+02 8.4348e-01
5.8355e+02 1.7857e+02 6.1131e+02 1.9991e+02 8.3053e-01
7.7348e+02 1.6156e+02 8.6583e+02 3.2251e+02 8.3018e-01
6.6801e+02 1.7381e+02 6.9747e+02 1.8981e+02 8.2930e-01
9.2180e+02 9.2588e+01 1.2420e+03 3.7500e+02 8.2685e-01
7.5507e+02 2.0040e+02 9.2463e+02 2.9488e+02 8.2651e-01
8.2681e+02 1.4857e+02 1.0923e+03 3.2910e+02 8.1630e-01
2.0562e+02 2.0924e+02 4.2229e+02 3.2551e+02 8.1623e-01
9.7781e+02 1.4921e+02 1.2420e+03 3.4872e+02 8.1236e-01
6.4703e+02 1.7552e+02 7.0542e+02 2.0589e+02 8.0888e-01
0.0000e+00 1.8367e+02 2.6599e+02 3.5280e+02 7.9773e-01
5.4346e+02 1.7856e+02 5.7898e+02 1.9638e+02 7.8927e-01
6.5892e+02 1.7013e+02 6.8395e+02 2.1983e+02 7.7992e-01
6.4572e+02 1.7310e+02 6.8410e+02 1.9638e+02 7.7432e-01
2.8155e+02 1.9675e+02 4.5988e+02 3.0366e+02 7.6811e-01
8.4553e+02 1.9284e+02 1.0718e+03 2.8638e+02 7.6164e-01
6.7591e+02 1.7643e+02 7.0976e+02 1.9623e+02 7.4873e-01
6.6101e+02 1.7453e+02 6.9197e+02 1.9067e+02 7.4322e-01
6.5343e+02 1.8038e+02 6.9924e+02 2.1688e+02 7.3639e-01
8.5499e+02 1.8055e+02 1.0779e+03 2.6613e+02 7.2219e-01
5.5883e+02 1.7476e+02 5.9411e+02 1.9065e+02 7.1860e-01
6.6234e+02 1.6709e+02 6.8223e+02 2.1007e+02 7.1451e-01
1.1807e+03 1.4623e+02 1.2420e+03 2.0741e+02 7.1317e-01
6.5533e+02 1.7812e+02 7.0311e+02 2.0821e+02 7.1230e-01
1.1607e+03 1.4130e+02 1.2420e+03 1.8035e+02 7.1000e-01
6.2806e+02 1.7886e+02 6.8920e+02 2.1345e+02 7.0239e-01
6.3812e+02 1.7785e+02 6.7478e+02 2.0905e+02 6.9542e-01
6.7507e+02 1.7477e+02 7.0032e+02 1.9200e+02 6.8794e-01
6.1666e+02 1.7417e+02 6.7459e+02 2.0337e+02 6.8664e-01
6.2530e+02 1.7498e+02 6.5671e+02 1.9760e+02 6.8618e-01
6.6932e+02 1.6907e+02 6.8908e+02 2.0916e+02 6.7836e-01
5.8009e+02 1.7882e+02 6.0554e+02 1.9836e+02 6.7313e-01
2.4448e+01 2.0852e+02 2.6109e+02 2.8256e+02 6.7069e-01
5.7471e+02 1.7820e+02 6.0071e+02 1.9704e+02 6.6473e-01
6.6344e+02 1.7089e+02 6.9221e+02 2.1935e+02 6.5505e-01
5.7914e+02 1.7715e+02 6.4014e+02 2.0453e+02 6.4748e-01
2.8680e+02 1.8204e+02 3.8756e+02 3.6879e+02 6.4607e-01
5.7830e+02 1.7813e+02 6.0910e+02 1.9415e+02 6.4575e-01
6.1474e+02 1.7474e+02 6.4679e+02 1.9163e+02 6.2283e-01
8.2956e+02 2.3833e+02 1.2147e+03 3.7500e+02 6.2263e-01
6.3381e+01 2.1039e+02 2.8124e+02 3.3794e+02 6.2006e-01
1.1917e+03 1.4380e+02 1.2420e+03 1.9682e+02 6.1520e-01
0.0000e+00 2.4933e+02 3.2897e+02 3.7500e+02 5.9259e-01
6.3305e+02 1.7997e+02 7.0119e+02 2.1716e+02 5.8673e-01
7.9215e+02 1.9662e+02 9.5962e+02 2.8151e+02 5.8547e-01
6.0093e+02 1.7182e+02 6.6957e+02 2.0049e+02 5.8332e-01
6.7319e+02 1.6923e+02 6.9230e+02 2.0778e+02 5.8271e-01
9.7648e+02 1.8284e+02 1.2013e+03 2.7204e+02 5.7237e-01
2.5490e+02 2.2405e+02 4.2438e+02 3.4444e+02 5.6920e-01
5.8764e+02 1.7373e+02 6.5392e+02 2.0311e+02 5.5704e-01
5.3715e+02 1.7357e+02 6.0642e+02 1.9930e+02 5.5276e-01
2.6488e+02 1.9497e+02 4.3979e+02 2.8516e+02 5.5167e-01
5.6466e+02 1.6878e+02 5.7848e+02 1.9956e+02 5.5014e-01
5.5787e+02 1.7335e+02 5.8511e+02 1.9233e+02 5.4563e-01
8.6960e+02 1.7255e+02 1.0968e+03 2.4868e+02 5.3532e-01
5.8205e+02 1.7758e+02 6.1648e+02 1.9493e+02 5.3198e-01
6.4891e+02 1.7191e+02 6.7271e+02 2.1825e+02 5.2674e-01
5.5056e+02 1.8276e+02 5.8596e+02 1.9842e+02 5.2667e-01
6.0631e+02 1.7493e+02 6.3755e+02 1.9104e+02 5.2542e-01
6.4452e+02 1.7333e+02 6.7413e+02 1.9905e+02 5.1437e-01
9.3616e+02 1.9156e+02 1.1766e+03 2.8235e+02 4.9222e-01
4.5800e+00 2.0942e+02 2.2366e+02 3.1163e+02 4.8633e-01
5.6759e+02 1.6957e+02 5.8155e+02 1.9959e+02 4.8625e-01
6.6039e+02 1.7500e+02 6.8631e+02 1.9313e+02 4.7752e-01
6.0191e+02 1.7590e+02 6.3185e+02 1.9110e+02 4.7366e-01
7.8447e+02 1.6472e+02 8.8595e+02 3.3278e+02 4.6981e-01
6.6417e+02 1.6592e+02 6.8118e+02 2.0119e+02 4.6825e-01
6.1709e+02 1.7548e+02 6.4168e+02 1.9328e+02 4.6694e-01
1.1484e+03 1.3778e+02 1.2402e+03 1.7299e+02 4.6200e-01
6.0214e+02 1.7726e+02 6.2789e+02 1.9406e+02 4.6048e-01
3.7082e+00 2.1747e+02 2.3700e+02 3.3873e+02 4.5821e-01
6.0329e+02 1.7155e+02 6.1901e+02 2.0572e+02 4.5763e-01
6.0096e+02 1.7091e+02 6.1612e+02 2.0553e+02 4.5711e-01
8.5232e+02 2.0093e+02 1.0755e+03 3.1397e+02 4.5585e-01
1.2036e+03 1.3591e+02 1.2418e+03 2.6534e+02 4.5111e-01
6.4630e+02 1.7021e+02 6.6657e+02 2.1482e+02 4.4638e-01
7.8444e+02 1.8563e+02 9.5481e+02 2.6734e+02 4.4452e-01
6.7544e+02 1.6727e+02 6.9137e+02 2.0017e+02 4.3933e-01
6.7210e+02 1.6676e+02 6.8841e+02 2.0000e+02 4.3665e-01
5.4423e+02 1.7298e+02 5.8236e+02 1.9153e+02 4.3620e-01
6.5477e+02 1.6905e+02 6.7472e+02 2.1585e+02 4.3172e-01
2.9445e+02 1.7001e+02 4.1480e+02 3.5394e+02 4.2702e-01
5.6170e+02 1.6848e+02 5.7522e+02 1.9884e+02 4.2589e-01
5.5845e+02 1.6948e+02 5.7239e+02 1.9922e+02 4.2017e-01
6.5745e+02 1.7142e+02 6.8584e+02 2.2327e+02 4.2011e-01
8.4056e+01 1.9340e+02 2.1566e+02 3.7500e+02 4.1785e-01
1.3352e+02 2.1865e+02 3.0934e+02 3.5787e+02 4.1783e-01
1.2024e+03 1.4583e+02 1.2420e+03 1.8967e+02 4.0917e-01
1.1876e+03 1.4154e+02 1.2420e+03 1.8048e+02 4.0762e-01
1.2004e+03 1.5226e+02 1.2420e+03 1.9789e+02 4.0238e-01
9.2741e+02 1.8284e+02 1.1561e+03 2.6555e+02 3.9382e-01
9.9100e+02 1.8781e+02 1.2253e+03 2.9261e+02 3.9308e-01
9.3738e+01 1.4302e+02 2.1840e+02 3.6319e+02 3.8829e-01
6.3503e+02 1.7492e+02 6.6510e+02 1.9309e+02 3.7912e-01
1.1925e+03 1.4010e+02 1.2381e+03 2.5894e+02 3.7603e-01
8.8183e+02 3.1317e+01 1.1675e+03 3.7500e+02 3.7005e-01
6.2089e+02 1.7513e+02 6.4843e+02 1.9677e+02 3.6897e-01
5.8489e+02 1.8004e+02 6.2013e+02 2.0413e+02 3.6881e-01
8.9863e+02 1.8918e+02 1.1363e+03 2.8124e+02 3.6812e-01
8.3059e+02 1.8869e+02 1.0195e+03 2.6688e+02 3.6361e-01
6.3383e+02 1.6788e+02 6.4793e+02 2.0029e+02 3.6044e-01
6.0432e+02 1.7010e+02 6.1926e+02 1.9831e+02 3.5806e-01
9.5967e+02 1.9059e+02 1.2309e+03 3.7500e+02 3.5598e-01
6.5336e+02 1.7392e+02 6.8616e+02 1.9101e+02 3.5533e-01
6.6766e+02 1.6662e+02 6.8460e+02 2.0063e+02 3.5375e-01
7.0797e+02 1.7298e+02 7.4017e+02 1.8913e+02 3.5366e-01
5.6345e+02 1.7518e+02 6.2982e+02 2.0304e+02 3.4787e-01
5.5325e+02 1.7214e+02 5.8968e+02 1.8902e+02 3.4571e-01
6.0678e+02 1.7382e+02 6.2179e+02 2.0479e+02 3.4530e-01
1.0099e+03 1.0819e+02 1.1473e+03 3.7500e+02 3.4387e-01
1.7249e+02 2.1056e+02 4.3037e+02 3.5690e+02 3.4258e-01
5.5665e+02 1.8212e+02 5.9261e+02 1.9912e+02 3.3488e-01
1.5224e+02 2.2301e+02 3.3158e+02 3.2659e+02 3.2674e-01
1.1519e+03 1.4547e+02 1.2420e+03 1.8772e+02 3.2414e-01
5.5737e+02 1.7567e+02 5.7129e+02 2.0173e+02 3.2269e-01
9.7888e+02 1.7602e+02 1.2043e+03 2.5018e+02 3.1718e-01
5.6963e+02 1.7563e+02 5.9199e+02 1.9319e+02 3.1336e-01
6.3651e+02 1.6726e+02 6.5124e+02 2.0148e+02 3.1229e-01
8.4715e+02 2.0888e+02 1.0860e+03 3.4304e+02 3.0571e-01
8.7132e+01 7.4546e+01 5.4385e+02 3.7500e+02 3.0476e-01
1.0254e+03 1.8183e+02 1.2400e+03 2.7072e+02 3.0445e-01
2.8863e+02 1.5139e+02 4.0550e+02 3.6385e+02 3.0424e-01
6.5075e+02 1.6791e+02 6.6811e+02 2.0871e+02 2.9823e-01
5.4877e+02 1.8125e+02 5.7685e+02 1.9851e+02 2.9134e-01
6.1350e+02 1.7609e+02 6.3739e+02 1.9303e+02 2.8641e-01
5.7756e+02 1.7142e+02 5.8962e+02 1.9812e+02 2.8438e-01
5.7291e+02 1.7077e+02 5.8593e+02 1.9847e+02 2.8396e-01
6.6101e+02 1.6519e+02 6.7713e+02 2.0181e+02 2.8281e-01
6.0808e+02 1.7053e+02 6.2193e+02 1.9754e+02 2.8158e-01
6.9959e+02 1.7226e+02 7.2360e+02 1.8729e+02 2.7934e-01
1.0842e+01 3.6369e+01 2.8225e+02 3.7500e+02 2.7844e-01
5.9254e+02 1.7537e+02 6.2442e+02 1.9148e+02 2.7612e-01
1.1781e+03 1.3746e+02 1.2420e+03 1.7173e+02 2.7442e-01
9.3151e+01 2.1904e+02 3.0052e+02 3.0258e+02 2.7402e-01
8.8486e+02 1.7546e+02 1.0419e+03 3.7500e+02 2.7229e-01
5.9118e+02 1.7276e+02 6.0338e+02 2.0274e+02 2.7085e-01
5.6054e+02 1.7514e+02 5.7478e+02 2.0221e+02 2.7050e-01
1.0262e+03 1.1313e+02 1.1802e+03 3.7500e+02 2.6733e-01
9.3737e+02 1.1035e+02 1.0594e+03 3.7500e+02 2.6695e-01
6.4371e+02 1.6923e+02 6.6140e+02 2.1135e+02 2.6419e-01
6.6286e+02 1.6819e+02 6.9121e+02 2.1989e+02 2.6001e-01
6.8174e+02 1.7112e+02 7.1344e+02 1.8699e+02 2.5790e-01
6.4728e+02 1.8591e+02 6.9468e+02 2.1560e+02 2.5752e-01
5.6818e+02 1.7555e+02 5.8252e+02 2.0261e+02 2.5726e-01
6.3851e+02 1.8353e+02 6.8508e+02 2.1043e+02 2.5490e-01
9.0897e+02 1.1379e+02 1.0368e+03 3.7500e+02 2.5317e-01
1.8145e+02 2.1704e+02 3.2476e+02 3.5228e+02 2.4953e-01
5.9860e+02 1.7146e+02 6.1204e+02 2.0369e+02 2.4894e-01
9.0988e+02 1.8288e+02 1.0678e+03 3.7500e+02 2.4516e-01
6.3553e+02 1.7369e+02 6.7200e+02 1.9132e+02 2.4317e-01
1.0385e+03 1.7454e+02 1.2316e+03 2.5054e+02 2.4011e-01
7.5572e+02 1.8403e+02 8.5719e+02 3.2117e+02 2.3935e-01
6.5320e+02 1.6780e+02 6.8170e+02 2.1861e+02 2.3790e-01
1.0791e+03 1.4984e+02 1.2420e+03 3.3772e+02 2.3785e-01
1.1629e+03 1.3213e+02 1.2413e+03 3.2719e+02 2.3572e-01
8.2003e+02 2.0400e+02 1.0338e+03 3.0250e+02 2.3499e-01
9.3467e+02 7.3259e+01 1.0633e+03 3.0946e+02 2.2919e-01
1.2035e+03 1.3712e+02 1.2400e+03 2.3261e+02 2.2774e-01
5.5589e+02 1.6999e+02 5.7017e+02 1.9885e+02 2.2476e-01
6.4463e+02 1.6850e+02 6.5950e+02 2.0471e+02 2.2356e-01
6.7869e+02 1.7067e+02 6.9464e+02 2.0648e+02 2.2304e-01
6.4814e+02 1.6724e+02 6.6294e+02 2.0253e+02 2.2048e-01
1.0397e+03 1.9091e+02 1.2420e+03 2.8960e+02 2.1864e-01
5.9404e+02 1.7649e+02 6.2020e+02 1.9482e+02 2.1863e-01
5.5100e+02 1.7432e+02 6.1457e+02 2.0143e+02 2.1675e-01
0.0000e+00 1.2083e+02 3.4125e+02 3.7500e+02 2.0615e-01
9.8928e+02 1.0316e+02 1.1174e+03 3.7500e+02 2.0538e-01
9.0701e+02 8.0010e+01 1.0365e+03 3.1380e+02 2.0464e-01
5.6558e+02 1.6767e+02 5.7967e+02 1.9425e+02 2.0220e-01
6.3653e+02 1.7827e+02 6.6606e+02 2.0508e+02 2.0122e-01
6.8058e+02 1.6794e+02 6.9432e+02 1.9898e+02 2.0014e-01
6.4851e+02 1.7356e+02 6.8032e+02 1.9140e+02 1.9591e-01
9.9207e+02 1.8971e+02 1.1619e+03 3.7500e+02 1.9475e-01
9.5746e+01 2.3980e+02 3.0850e+02 3.7500e+02 1.9449e-01
5.4616e+02 1.7294e+02 5.7426e+02 1.9380e+02 1.9447e-01
1.9616e+02 2.1928e+02 3.7483e+02 3.2616e+02 1.9004e-01
8.1740e+00 1.8630e+02 3.3772e+02 3.2669e+02 1.8961e-01
5.9458e+02 1.7161e+02 6.0715e+02 2.0266e+02 1.8780e-01
5.8886e+02 1.8437e+02 6.2726e+02 2.0483e+02 1.8754e-01
0.0000e+00 2.2152e+02 1.7929e+02 3.2572e+02 1.8660e-01
5.5473e+02 1.7572e+02 5.6882e+02 2.0290e+02 1.8609e-01
1.2028e+03 1.3899e+02 1.2420e+03 1.8131e+02 1.8559e-01
6.3146e+02 1.6903e+02 6.4382e+02 1.9971e+02 1.8310e-01
6.4007e+02 1.6671e+02 6.5365e+02 2.0050e+02 1.8122e-01
1.0254e+02 1.9881e+02 2.5501e+02 3.7500e+02 1.8114e-01
6.5645e+02 1.7358e+02 6.8022e+02 2.2266e+02 1.8021e-01
6.2623e+02 1.7583e+02 6.5605e+02 1.9206e+02 1.7840e-01
5.9978e+02 1.7726e+02 6.1629e+02 2.1042e+02 1.7836e-01
1.0662e+03 1.8069e+02 1.2420e+03 3.7299e+02 1.7532e-01
9.6835e+02 1.8643e+02 1.1273e+03 3.7500e+02 1.6648e-01
9.0899e+02 1.7731e+02 1.1514e+03 2.4906e+02 1.6619e-01
8.1938e+02 1.9915e+02 9.9762e+02 2.8394e+02 1.6268e-01
1.0860e+03 1.7281e+02 1.2420e+03 2.4787e+02 1.6199e-01
9.5038e+02 2.9934e+01 1.1218e+03 3.7500e+02 1.6188e-01
6.5672e+02 1.6550e+02 6.7145e+02 2.0181e+02 1.6142e-01
6.0200e+02 1.6827e+02 6.1721e+02 1.9720e+02 1.6095e-01
8.9380e+02 1.4562e+02 1.2420e+03 3.0569e+02 1.6024e-01
8.4343e+02 1.7820e+02 1.0489e+03 2.5285e+02 1.5841e-01
6.8809e+02 1.7631e+02 7.1761e+02 1.9248e+02 1.5688e-01
6.7435e+02 1.7114e+02 7.0381e+02 1.8597e+02 1.5631e-01
1.2100e+03 1.4300e+02 1.2402e+03 2.9379e+02 1.5603e-01
1.1740e+03 1.3547e+02 1.2368e+03 3.0203e+02 1.5397e-01
1.1265e+03 1.3983e+02 1.2337e+03 1.7694e+02 1.5346e-01
6.0536e+02 1.7756e+02 6.2315e+02 2.0870e+02 1.5015e-01
7.9126e+02 1.7730e+02 9.0623e+02 2.2689e+02 1.4957e-01
1.2092e+03 1.4816e+02 1.2420e+03 2.0569e+02 1.4942e-01
9.4437e+02 1.8897e+02 1.0948e+03 3.7500e+02 1.4824e-01
6.5540e+02 1.7144e+02 7.1976e+02 2.0001e+02 1.4647e-01
6.4024e+02 1.6993e+02 6.5588e+02 2.0940e+02 1.4468e-01
6.2736e+02 1.6896e+02 6.3891e+02 1.9917e+02 1.4386e-01
6.5601e+02 1.6536e+02 6.9051e+02 2.1423e+02 1.4250e-01
5.9369e+02 8.3222e+01 1.1982e+03 3.7500e+02 1.4247e-01
6.2403e+02 1.6872e+02 6.3463e+02 1.9725e+02 1.3907e-01
5.4233e+02 1.7550e+02 5.6816e+02 1.9494e+02 1.3884e-01
9.6869e+02 1.0321e+02 1.0799e+03 3.7500e+02 1.3690e-01
1.1396e+03 1.3216e+02 1.2324e+03 3.1728e+02 1.3496e-01
1.0194e+03 1.8261e+02 1.1952e+03 3.7500e+02 1.3450e-01
7.4913e+02 1.6998e+02 9.3002e+02 2.4053e+02 1.3299e-01
6.7523e+02 1.7096e+02 6.9595e+02 2.1156e+02 1.3068e-01
9.7439e+02 1.9782e+02 1.2308e+03 3.1588e+02 1.2996e-01
6.1193e+02 1.7395e+02 6.2441e+02 2.0388e+02 1.2864e-01
6.4158e+02 1.7476e+02 6.6807e+02 1.9345e+02 1.2822e-01
2.6495e+02 1.9198e+02 3.6041e+02 3.5243e+02 1.2763e-01
1.1925e+03 1.4750e+02 1.2420e+03 2.2941e+02 1.2720e-01
5.6556e+02 1.8288e+02 5.9939e+02 2.0112e+02 1.2668e-01
5.7403e+02 1.8229e+02 6.0762e+02 2.0187e+02 1.2560e-01
5.8189e+02 1.7224e+02 5.9246e+02 1.9733e+02 1.2341e-01
5.6873e+02 1.6724e+02 5.8227e+02 1.9421e+02 1.2272e-01
1.2214e+03 1.5742e+02 1.2420e+03 2.7436e+02 1.2073e-01
6.8588e+02 1.6763e+02 6.9825e+02 1.9733e+02 1.2070e-01
5.6970e+01 2.2572e+02 3.1931e+02 3.7500e+02 1.2034e-01
7.4767e+01 1.5770e+02 5.7164e+02 3.7500e+02 1.1996e-01
6.1389e+02 1.7034e+02 6.2502e+02 1.9634e+02 1.1972e-01
1.2189e+03 1.3868e+02 1.2420e+03 2.5390e+02 1.1743e-01
2.7892e+02 1.6771e+02 3.7493e+02 3.2792e+02 1.1625e-01
6.9353e+02 1.7629e+02 7.2325e+02 1.9134e+02 1.1587e-01
7.7516e+02 1.4670e+02 8.9237e+02 3.6061e+02 1.1459e-01
1.1041e+03 1.5531e+02 1.2393e+03 2.9069e+02 1.1090e-01
5.7295e+02 1.7644e+02 5.8622e+02 2.0269e+02 1.1081e-01
6.6146e+02 1.7496e+02 6.8785e+02 2.2527e+02 1.1075e-01
5.8771e+02 1.7335e+02 5.9801e+02 2.0121e+02 1.1064e-01
7.8668e+02 1.7546e+02 9.5560e+02 2.5069e+02 1.1014e-01
7.8805e+02 1.5067e+02 8.7935e+02 2.8874e+02 1.0976e-01
1.1899e+03 1.3054e+02 1.2385e+03 3.1138e+02 1.0773e-01
9.7270e+02 8.1845e+01 1.0837e+03 3.0657e+02 1.0772e-01
1.2052e+03 1.3084e+02 1.2392e+03 2.0884e+02 1.0437e-01
6.8454e+02 1.6966e+02 6.9786e+02 2.0369e+02 1.0326e-01
6.8037e+02 1.7172e+02 7.0462e+02 1.8834e+02 1.0248e-01
7.9982e+02 0.0000e+00 1.0799e+03 3.7500e+02 1.0141e-01
6.7471e+02 1.6699e+02 6.8817e+02 1.9391e+02 1.0024e-01
7.9025e+02 1.7435e+02 8.5742e+02 1.9449e+02 1.0017e-01
1.2939e+00 2.1620e+02 1.3798e+02 3.5583e+02 9.7937e-02
6.7598e+02 1.7263e+02 6.9992e+02 1.8848e+02 9.7619e-02
2.9547e+02 2.0839e+02 4.0178e+02 3.6464e+02 9.7618e-02
8.7570e+02 1.6009e+02 1.0984e+03 2.2844e+02 9.6936e-02
8.8127e+02 1.9701e+02 1.1378e+03 3.1290e+02 9.5356e-02
2.6560e+02 1.6501e+02 3.9048e+02 3.6661e+02 9.3588e-02
1.1839e+03 1.3996e+02 1.2400e+03 1.6422e+02 9.2166e-02
6.5217e+02 1.7462e+02 6.7698e+02 1.9334e+02 9.2007e-02
1.9486e+02 1.4736e+01 4.5446e+02 3.7500e+02 9.1779e-02
1.1982e+03 1.3395e+02 1.2344e+03 2.1397e+02 9.1744e-02
9.8468e+02 3.4620e+01 1.1696e+03 3.7500e+02 9.1256e-02
6.7796e+02 1.6682e+02 6.9068e+02 1.9362e+02 8.9148e-02
7.3420e+02 1.7897e+02 8.8160e+02 2.6567e+02 8.9036e-02
1.2159e+03 1.2681e+02 1.2319e+03 1.7862e+02 8.8676e-02
6.6923e+02 1.7149e+02 6.9853e+02 1.8618e+02 8.8251e-02
1.1234e+03 1.5674e+02 1.2420e+03 2.2505e+02 8.6124e-02
2.1062e+02 2.1053e+02 3.5544e+02 3.4740e+02 8.5074e-02
8.1495e+02 2.1027e+02 1.0408e+03 3.2902e+02 8.4047e-02
1.0220e+03 2.1195e+02 1.2420e+03 3.2807e+02 8.2717e-02
1.1875e+03 1.4378e+02 1.2316e+03 2.6924e+02 8.2354e-02
8.6833e+01 2.0366e+02 2.7334e+02 3.0698e+02 8.2246e-02
6.2480e+02 1.7380e+02 6.5924e+02 1.8928e+02 8.2127e-02
1.2007e+03 1.5031e+02 1.2347e+03 2.8506e+02 8.2082e-02
1.2051e+03 1.3222e+02 1.2420e+03 1.7238e+02 8.1067e-02
6.4599e+02 1.6736e+02 6.7314e+02 2.1735e+02 8.0745e-02
1.0555e+03 1.0916e+02 1.2069e+03 3.7500e+02 8.0638e-02
3.6747e+00 2.0654e+02 9.7623e+01 3.6695e+02 8.0506e-02
1.1666e+03 1.3678e+02 1.2420e+03 2.1905e+02 8.0011e-02
6.7047e+02 1.6728e+02 6.8359e+02 1.9427e+02 7.9976e-02
8.6645e+02 2.0739e+02 1.1514e+03 3.4902e+02 7.9675e-02
1.2127e+03 1.2730e+02 1.2279e+03 1.7844e+02 7.9388e-02
1.2181e+02 1.5313e+02 2.4509e+02 3.6357e+02 7.7326e-02
1.1934e+03 1.3831e+02 1.2384e+03 1.5987e+02 7.4904e-02
1.2106e+03 1.3493e+02 1.2420e+03 1.8814e+02 7.2757e-02
5.6926e+02 1.7455e+02 6.0125e+02 1.9029e+02 7.2445e-02
6.6643e+02 1.6698e+02 6.7962e+02 1.9483e+02 7.2413e-02
9.2441e+02 1.9756e+02 1.1817e+03 3.0967e+02 7.2399e-02
5.6295e+02 1.7829e+02 5.8007e+02 2.0480e+02 7.2309e-02
6.4671e+02 1.7486e+02 6.7166e+02 1.9401e+02 7.1359e-02
5.8916e+02 1.7566e+02 6.1413e+02 1.9394e+02 7.1050e-02
5.6497e+02 1.7253e+02 5.8913e+02 1.9102e+02 7.0837e-02
6.1569e+02 1.7940e+02 6.7564e+02 2.1315e+02 6.9825e-02
1.9898e+02 2.1337e+02 3.0694e+02 3.7500e+02 6.9301e-02
5.6617e+01 1.1317e+02 2.0783e+02 3.2011e+02 6.9211e-02
6.1983e+02 1.6865e+02 6.2979e+02 1.9679e+02 6.8848e-02
7.5928e+01 2.1344e+02 2.8978e+02 2.8048e+02 6.7809e-02
1.1881e+03 1.4981e+02 1.2420e+03 1.8034e+02 6.7534e-02
6.3209e+02 1.7086e+02 6.4856e+02 2.0532e+02 6.6681e-02
1.0610e+03 0.0000e+00 1.2420e+03 3.7500e+02 6.5975e-02
5.7343e+02 1.7528e+02 5.9492e+02 1.9250e+02 6.4430e-02
6.8988e+02 1.6884e+02 7.0265e+02 1.9728e+02 6.4048e-02
1.1645e+03 1.2402e+02 1.2420e+03 2.0474e+02 6.2634e-02
7.6334e+02 1.5702e+02 8.5466e+02 2.9748e+02 6.2527e-02
1.1113e+03 1.3637e+02 1.2420e+03 3.7052e+02 6.2069e-02
2.9954e+02 1.9574e+02 4.5835e+02 2.6979e+02 6.1258e-02
9.4826e+02 2.1454e+02 1.2221e+03 3.4740e+02 6.1053e-02
1.6026e+02 2.0083e+02 2.7140e+02 3.7486e+02 6.0372e-02
2.3371e+02 1.8067e+02 4.9462e+02 3.2522e+02 6.0088e-02
1.7209e+02 2.4016e+02 3.1999e+02 3.7500e+02 5.9950e-02
6.1107e+02 1.6828e+02 6.2322e+02 1.9426e+02 5.9932e-02
6.2797e+02 1.7032e+02 6.4443e+02 2.0251e+02 5.9901e-02
1.2031e+03 1.2383e+02 1.2420e+03 3.1559e+02 5.9714e-02
5.3896e+02 1.7209e+02 5.7523e+02 1.9058e+02 5.9176e-02
9.8569e+02 1.5970e+02 1.2094e+03 2.2455e+02 5.8805e-02
7.9281e+02 1.7289e+02 9.0946e+02 2.1344e+02 5.7615e-02
6.5844e+02 1.7120e+02 6.9394e+02 2.3105e+02 5.7611e-02
5.7607e+02 1.7150e+02 6.3153e+02 2.0542e+02 5.6668e-02
6.9712e+02 1.7449e+02 7.2067e+02 1.9010e+02 5.5493e-02
5.3588e+02 1.7870e+02 5.7045e+02 1.9626e+02 5.5429e-02
1.2367e+03 1.3358e+02 1.2420e+03 1.8795e+02 5.5098e-02
1.2125e+03 1.5491e+02 1.2420e+03 2.2418e+02 5.4794e-02
6.2842e+02 1.7243e+02 6.6522e+02 1.8844e+02 5.4602e-02
1.1712e+03 1.4729e+02 1.2383e+03 2.2982e+02 5.4417e-02
1.1738e+03 1.4691e+02 1.2420e+03 2.3114e+02 5.4347e-02
0.0000e+00 2.0504e+02 2.1233e+02 2.8661e+02 5.1968e-02
8.9576e+01 1.2644e+02 2.2828e+02 3.1614e+02 5.1751e-02
5.9842e+02 1.6859e+02 6.1281e+02 1.9747e+02 5.1584e-02
1.1874e+03 1.4315e+02 1.2416e+03 1.6969e+02 5.1331e-02
1.1925e+03 1.3455e+02 1.2420e+03 1.6994e+02 5.1244e-02
1.2087e+03 1.2754e+02 1.2251e+03 1.7883e+02 5.1181e-02
8.8296e+02 1.1174e+02 1.0045e+03 3.7500e+02 5.1119e-02
1.0680e+03 1.6122e+02 1.2420e+03 2.3056e+02 5.1073e-02
1.7617e+02 2.0891e+02 2.9235e+02 3.7500e+02 5.0738e-02
1.2140e+03 1.3127e+02 1.2343e+03 1.9234e+02 5.0714e-02
6.6914e+02 1.7825e+02 7.0210e+02 2.0646e+02 4.9909e-02
1.3842e+02 1.8885e+02 2.8098e+02 3.7500e+02 4.9592e-02
6.9176e+02 1.7484e+02 7.1567e+02 1.9104e+02 4.9448e-02
3.1205e+02 1.9269e+02 4.3387e+02 3.5995e+02 4.7502e-02
3.2729e+02 1.7240e+02 4.2718e+02 3.1921e+02 4.7487e-02
7.8267e+02 1.9392e+02 9.3551e+02 3.2062e+02 4.7383e-02
1.3563e+02 1.8983e+02 2.2648e+02 3.6947e+02 4.7341e-02
7.5262e+02 2.1379e+02 8.7387e+02 3.0682e+02 4.6207e-02
6.6188e+02 1.7240e+02 6.9177e+02 1.8662e+02 4.5643e-02
5.8654e+02 1.7443e+02 6.2072e+02 1.9127e+02 4.5539e-02
6.3350e+02 1.7860e+02 6.5920e+02 2.0245e+02 4.5374e-02
1.1891e+03 1.3824e+02 1.2322e+03 2.2862e+02 4.5052e-02
1.1759e+03 1.5688e+02 1.2420e+03 2.1477e+02 4.4718e-02
1.2014e+03 1.6299e+02 1.2420e+03 2.1400e+02 4.4497e-02
2.2314e+02 2.0120e+02 4.0592e+02 3.0822e+02 4.4377e-02
1.0526e+03 1.5920e+02 1.2326e+03 2.8161e+02 4.4236e-02
0.0000e+00 2.2739e+02 1.9417e+02 3.5348e+02 4.4198e-02
9.3835e+02 2.4326e+02 1.2420e+03 3.7500e+02 4.4188e-02
5.3718e+02 1.6898e+02 5.9378e+02 2.0055e+02 4.4062e-02
1.2198e+03 1.2681e+02 1.2363e+03 1.7871e+02 4.3735e-02
6.8255e+02 1.6654e+02 6.9400e+02 1.9291e+02 4.3323e-02
1.9141e+02 2.1483e+02 3.4747e+02 3.1215e+02 4.2805e-02
5.4140e+02 1.6962e+02 5.8075e+02 1.8802e+02 4.2147e-02
6.4790e+02 1.7032e+02 6.8247e+02 2.2999e+02 4.1791e-02
1.1584e+03 1.5307e+02 1.2420e+03 2.0624e+02 4.1434e-02
5.9404e+02 1.6382e+02 6.7215e+02 1.9696e+02 4.1341e-02
6.2415e+02 1.7008e+02 6.4016e+02 2.0145e+02 4.1005e-02
5.6021e+02 1.7158e+02 5.9636e+02 1.8785e+02 4.0468e-02
7.5015e+02 1.7303e+02 8.4016e+02 3.0943e+02 4.0309e-02
6.3133e+02 1.7393e+02 6.6124e+02 1.9117e+02 4.0205e-02
4.5682e+01 1.1632e+02 1.7459e+02 3.5848e+02 4.0049e-02
8.7936e+02 8.2729e+01 9.9787e+02 3.2500e+02 3.9899e-02
7.4545e+02 2.3451e+02 1.1234e+03 3.7500e+02 3.9847e-02
1.0893e+03 1.1043e+02 1.2420e+03 2.7794e+02 3.9511e-02
9.1745e+02 4.6448e+01 1.0732e+03 3.7500e+02 3.9482e-02
1.0111e+03 1.3356e+02 1.2420e+03 2.9304e+02 3.7733e-02
6.7818e+02 1.7709e+02 7.0555e+02 2.0047e+02 3.7560e-02
6.5803e+02 1.8684e+02 6.9804e+02 2.1515e+02 3.7404e-02
1.2237e+03 1.7393e+02 1.2420e+03 2.9039e+02 3.7388e-02
1.2370e+03 1.2735e+02 1.2420e+03 1.7633e+02 3.7349e-02
6.1793e+02 1.7168e+02 6.2852e+02 2.0132e+02 3.7300e-02
7.0049e+00 1.9413e+02 7.2992e+01 3.6740e+02 3.7103e-02
1.2355e+03 1.5033e+02 1.2420e+03 2.0783e+02 3.6883e-02
7.1456e+02 1.7242e+02 7.5002e+02 1.8907e+02 3.6839e-02
1.1475e+03 1.5076e+02 1.2411e+03 2.6412e+02 3.6248e-02
1.1850e+03 1.5346e+02 1.2396e+03 3.3725e+02 3.6142e-02
1.2058e+03 1.2337e+02 1.2420e+03 1.6438e+02 3.6087e-02
1.2103e+03 1.3179e+02 1.2300e+03 1.9204e+02 3.5869e-02
1.1767e+03 1.4581e+02 1.2293e+03 2.5022e+02 3.5775e-02
7.0979e+02 1.6008e+02 9.8581e+02 2.9485e+02 3.5483e-02
2.9503e+02 1.6636e+02 3.8528e+02 3.0298e+02 3.5449e-02
7.7671e+02 2.0167e+02 1.0458e+03 3.7309e+02 3.5262e-02
6.4182e+02 1.8475e+02 6.7640e+02 2.1420e+02 3.5097e-02
1.2176e+03 1.3271e+02 1.2382e+03 1.9227e+02 3.4908e-02
1.1501e+03 1.2852e+02 1.2420e+03 1.6679e+02 3.4786e-02
6.4430e+02 1.7592e+02 6.6380e+02 2.1559e+02 3.4736e-02
1.1871e+03 1.4048e+02 1.2420e+03 2.4536e+02 3.4308e-02
6.8182e+02 1.6964e+02 6.9877e+02 2.0811e+02 3.4279e-02
1.1716e+03 1.2820e+02 1.2420e+03 1.6342e+02 3.4276e-02
1.4746e+02 1.9502e+02 2.4605e+02 3.7052e+02 3.3687e-02
5.5336e+02 1.6960e+02 5.6521e+02 1.9612e+02 3.3337e-02
5.8280e+02 1.7375e+02 5.9359e+02 2.0187e+02 3.3032e-02
1.2246e+03 1.2522e+02 1.2405e+03 1.7916e+02 3.2711e-02
8.6109e+02 1.5428e+02 1.1556e+03 2.9650e+02 3.2276e-02
6.1555e+02 1.6790e+02 6.2624e+02 1.9287e+02 3.2259e-02
6.4610e+02 1.6614e+02 6.5835e+02 1.9455e+02 3.2163e-02
6.4560e+02 1.7738e+02 6.6917e+02 2.2042e+02 3.1936e-02
1.1083e+03 1.3633e+02 1.2203e+03 1.7362e+02 3.1922e-02
1.1779e+03 1.4678e+02 1.2398e+03 1.7705e+02 3.1298e-02
6.3379e+02 1.6638e+02 6.4873e+02 1.9222e+02 3.0934e-02
8.4065e+02 2.2434e+02 1.1307e+03 3.6202e+02 3.0575e-02
6.6314e+02 1.6643e+02 6.7509e+02 1.9542e+02 3.0522e-02
7.5103e+01 2.6214e+02 2.9342e+02 3.6782e+02 3.0493e-02
1.1258e+03 1.4588e+02 1.2320e+03 1.8626e+02 3.0470e-02
8.1208e+02 1.8563e+02 8.9467e+02 3.3775e+02 3.0423e-02
6.0635e+02 1.6984e+02 6.5922e+02 2.0269e+02 3.0191e-02
1.6171e+02 2.1749e+02 3.2733e+02 3.0432e+02 2.9385e-02
1.1609e+02 3.4285e+01 3.7573e+02 3.7500e+02 2.9297e-02
5.8965e+02 1.6826e+02 6.0252e+02 1.9870e+02 2.9148e-02
1.1676e+03 2.0032e+02 1.2368e+03 3.7500e+02 2.9108e-02
8.3903e+02 1.6071e+02 1.0418e+03 2.3210e+02 2.8933e-02
1.2222e+03 1.2976e+02 1.2420e+03 2.1557e+02 2.8600e-02
1.1979e+03 1.3592e+02 1.2323e+03 1.6693e+02 2.8574e-02
0.0000e+00 2.3887e+02 2.3912e+02 3.6636e+02 2.7851e-02
1.1778e+03 1.1493e+02 1.2420e+03 2.1481e+02 2.7691e-02
7.0645e+02 1.6972e+02 7.1831e+02 1.9211e+02 2.7470e-02
5.4979e+00 1.9504e+02 4.5306e+01 3.3342e+02 2.7405e-02
6.5426e+02 1.6728e+02 6.6633e+02 1.9821e+02 2.7391e-02
6.4162e+02 1.8923e+02 6.8851e+02 2.1475e+02 2.7334e-02
1.2673e+02 1.8013e+02 2.0683e+02 3.6671e+02 2.7267e-02
1.2058e+03 1.3155e+02 1.2266e+03 1.9238e+02 2.7087e-02
1.2228e+03 1.3150e+02 1.2416e+03 1.9204e+02 2.7067e-02
6.6769e+02 1.7812e+02 6.9595e+02 2.2052e+02 2.7002e-02
5.8532e+02 1.7517e+02 6.0840e+02 1.9340e+02 2.6773e-02
1.2231e+03 2.6227e+02 1.2420e+03 3.7424e+02 2.6591e-02
5.5211e+02 1.7600e+02 5.6549e+02 2.0333e+02 2.6387e-02
8.8120e+02 2.3200e+02 1.1950e+03 3.6023e+02 2.5455e-02
6.1958e+02 1.7297e+02 6.5088e+02 1.8967e+02 2.5449e-02
1.0136e+03 1.4964e+02 1.1411e+03 1.8676e+02 2.5257e-02
1.1171e+03 1.3164e+02 1.2420e+03 1.9640e+02 2.5019e-02
1.1399e+03 1.9634e+02 1.2325e+03 3.6953e+02 2.5001e-02
1.0518e+03 2.4904e+02 1.2420e+03 3.7500e+02 2.4958e-02
0.0000e+00 2.0902e+02 1.9557e+02 3.7500e+02 2.4827e-02
1.1918e+03 1.5224e+02 1.2420e+03 2.6589e+02 2.4707e-02
1.1963e+00 1.8996e+02 3.5262e+01 3.3935e+02 2.4615e-02
6.6109e+02 1.7357e+02 6.8547e+02 1.8871e+02 2.4251e-02
7.1919e+02 1.7001e+02 7.5398e+02 1.8680e+02 2.4143e-02
1.0461e+03 8.8971e+01 1.1978e+03 3.1936e+02 2.4111e-02
0.0000e+00 2.1434e+02 1.4368e+02 3.0269e+02 2.4051e-02
5.8040e+02 1.7513e+02 6.0198e+02 1.9249e+02 2.3851e-02
7.3649e+01 1.9023e+02 4.0373e+02 3.2326e+02 2.3718e-02
1.2026e+03 1.4040e+02 1.2347e+03 1.7140e+02 2.3626e-02
1.4625e+02 1.7806e+02 2.2500e+02 3.4171e+02 2.3406e-02
1.2383e+00 0.0000e+00 2.1952e+02 3.7500e+02 2.3055e-02
5.8601e+02 1.6782e+02 5.9704e+02 1.9663e+02 2.2924e-02
1.0837e+03 2.0006e+02 1.2420e+03 2.9979e+02 2.2820e-02
6.2191e+02 1.6569e+02 6.3442e+02 1.9456e+02 2.2562e-02
8.0101e+02 1.2894e+02 9.0603e+02 3.5470e+02 2.2411e-02
1.2335e+03 1.4405e+02 1.2420e+03 1.7585e+02 2.2360e-02
9.7651e+02 1.6908e+01 1.2420e+03 3.7500e+02 2.2327e-02
1.2006e+03 9.6766e+01 1.2420e+03 2.5898e+02 2.2205e-02
6.9462e+02 1.6858e+02 7.0706e+02 1.9619e+02 2.2117e-02
5.4079e+02 1.7178e+02 5.6564e+02 1.9227e+02 2.2102e-02
6.9491e+02 1.7009e+02 7.2970e+02 1.8501e+02 2.1870e-02
6.0848e+02 1.6576e+02 6.8498e+02 1.9783e+02 2.1806e-02
1.5151e+01 1.9347e+02 8.8161e+01 3.4121e+02 2.1618e-02
2.5519e+01 1.9652e+02 2.6724e+02 2.6295e+02 2.1597e-02
1.1792e+03 1.6047e+02 1.2420e+03 2.4940e+02 2.1515e-02
1.8558e+02 2.3217e+02 3.5282e+02 3.3841e+02 2.1315e-02
7.8186e+02 1.6856e+02 8.8545e+02 1.9910e+02 2.1313e-02
1.1168e+03 1.4906e+02 1.2414e+03 2.4182e+02 2.1233e-02
1.2042e+03 1.2831e+02 1.2220e+03 1.7806e+02 2.0813e-02
2.3133e+02 1.9100e+02 4.1499e+02 2.8374e+02 2.0571e-02
1.1982e+03 1.3977e+02 1.2420e+03 1.6317e+02 2.0547e-02
1.3355e+02 1.8681e+02 4.5635e+02 3.2551e+02 2.0507e-02
1.2163e+02 1.6975e+02 1.9124e+02 3.4056e+02 2.0330e-02
1.2105e+03 1.3293e+02 1.2420e+03 2.1880e+02 2.0317e-02
1.2297e+03 1.2472e+02 1.2420e+03 1.8184e+02 2.0294e-02
1.0181e+03 1.6618e+02 1.2068e+03 2.7591e+02 2.0281e-02
1.2275e+03 1.5042e+02 1.2420e+03 1.7619e+02 2.0198e-02
5.3840e+02 1.7413e+02 5.6137e+02 1.9465e+02 2.0069e-02
1.2285e+03 1.2845e+02 1.2420e+03 1.9746e+02 1.9851e-02
1.1205e+03 1.3159e+02 1.2182e+03 3.1128e+02 1.9832e-02
1.2067e+03 1.3702e+02 1.2366e+03 1.6806e+02 1.9744e-02
1.1428e+03 2.2659e+02 1.2412e+03 2.8096e+02 1.9676e-02
7.4395e+02 1.6850e+02 8.9868e+02 2.5432e+02 1.9598e-02
1.2162e+03 1.1697e+02 1.2316e+03 1.6882e+02 1.9281e-02
1.2287e+03 1.4699e+02 1.2420e+03 1.7206e+02 1.9257e-02
1.2344e+03 1.4124e+02 1.2420e+03 1.7021e+02 1.9235e-02
6.5877e+02 1.6733e+02 6.6984e+02 1.9676e+02 1.9178e-02
3.6973e+01 1.5599e+02 1.8734e+02 3.7500e+02 1.9146e-02
5.6507e+01 2.5306e+02 4.0881e+02 3.7500e+02 1.8918e-02
1.0988e+03 1.4155e+02 1.2123e+03 1.7841e+02 1.8877e-02
1.1447e+03 1.4619e+02 1.2420e+03 2.1356e+02 1.8866e-02
1.0569e+03 1.8013e+02 1.2420e+03 3.1933e+02 1.8789e-02
7.7486e+02 1.7888e+02 8.8616e+02 2.2329e+02 1.8788e-02
1.1682e+03 1.4114e+02 1.2340e+03 1.6608e+02 1.8774e-02
6.5067e+02 1.6479e+02 7.2084e+02 1.9580e+02 1.8762e-02
1.2157e+03 1.6325e+02 1.2420e+03 3.0265e+02 1.8595e-02
1.1700e+03 1.4370e+02 1.2382e+03 1.7170e+02 1.8484e-02
1.1251e+03 1.7383e+02 1.2407e+03 3.0502e+02 1.8468e-02
7.7542e+02 1.5374e+02 1.1150e+03 2.9721e+02 1.8422e-02
1.1618e+03 1.4566e+02 1.2340e+03 1.7708e+02 1.8419e-02
1.2231e+03 1.1411e+02 1.2420e+03 1.9656e+02 1.8283e-02
2.3036e+02 2.0892e+02 3.1943e+02 3.7500e+02 1.8252e-02
1.1519e+03 1.6360e+02 1.2420e+03 3.7500e+02 1.8204e-02
4.8459e+02 1.7210e+02 4.9828e+02 2.0747e+02 1.8172e-02
1.2074e+03 1.1593e+02 1.2420e+03 1.5785e+02 1.8090e-02
6.4271e+02 1.6491e+02 7.0252e+02 2.0439e+02 1.8052e-02
1.1375e+03 1.5162e+02 1.2392e+03 1.9563e+02 1.7909e-02
1.1610e+03 1.0317e+02 1.2420e+03 1.8977e+02 1.7783e-02
0.0000e+00 1.9552e+02 1.5195e+02 3.6531e+02 1.7730e-02
2.1523e+02 2.3104e+02 3.8299e+02 3.3979e+02 1.7672e-02
0.0000e+00 2.1015e+02 1.1824e+02 3.2000e+02 1.7657e-02
1.1913e+03 1.3142e+02 1.2283e+03 2.0161e+02 1.7642e-02
1.2098e+03 2.5209e+02 1.2377e+03 3.7500e+02 1.7617e-02
1.1676e+03 1.5043e+02 1.2405e+03 1.7985e+02 1.7465e-02
1.2235e+03 3.3196e+02 1.2420e+03 3.7500e+02 1.7365e-02
5.7694e+02 1.7417e+02 6.0821e+02 1.9001e+02 1.7344e-02
4.1623e+02 1.8188e+02 4.6271e+02 2.0197e+02 1.7331e-02
2.8681e+02 2.3096e+02 4.3801e+02 3.3640e+02 1.7086e-02
5.2905e+02 1.6624e+02 6.0369e+02 1.9797e+02 1.7042e-02
1.2157e+03 1.7086e+02 1.2420e+03 2.4153e+02 1.6673e-02
7.9270e+02 2.0672e+02 9.7711e+02 3.1445e+02 1.6666e-02
1.8789e+01 1.9737e+02 1.8969e+02 3.1480e+02 1.6647e-02
1.7391e+02 1.9195e+02 2.6713e+02 3.4985e+02 1.6559e-02
0.0000e+00 1.7785e+02 1.4150e+01 2.9629e+02 1.6517e-02
3.2244e+02 1.7382e+02 4.1195e+02 2.9623e+02 1.6510e-02
1.2014e+03 1.8786e+02 1.2420e+03 3.7500e+02 1.6387e-02
1.1908e+03 1.4030e+02 1.2299e+03 1.7187e+02 1.6365e-02
1.0871e+03 1.4860e+02 1.2420e+03 2.1597e+02 1.6241e-02
5.4504e+02 1.8417e+02 5.8011e+02 1.9959e+02 1.6210e-02
1.2300e+03 1.4387e+02 1.2420e+03 1.6722e+02 1.6208e-02
1.0101e+03 2.0122e+02 1.2324e+03 3.5987e+02 1.6189e-02
8.1451e+02 1.6089e+02 8.9573e+02 3.0735e+02 1.6178e-02
1.2336e+03 1.3733e+02 1.2420e+03 1.6609e+02 1.6117e-02
5.9550e+02 1.7230e+02 6.2040e+02 1.8961e+02 1.5993e-02
1.2145e+03 1.1924e+02 1.2420e+03 1.7131e+02 1.5940e-02
1.1034e+03 2.2861e+02 1.2420e+03 3.7500e+02 1.5913e-02
2.4731e+02 1.9791e+02 3.4285e+02 3.6128e+02 1.5884e-02
5.9304e+02 1.7675e+02 6.0891e+02 2.0939e+02 1.5788e-02
8.3335e+02 1.6427e+02 9.8481e+02 3.7500e+02 1.5740e-02
1.2005e+03 1.2753e+02 1.2307e+03 1.9354e+02 1.5546e-02
9.8117e+02 1.4808e+02 1.2032e+03 2.1142e+02 1.5502e-02
6.1232e+02 1.7318e+02 6.3592e+02 1.9051e+02 1.5462e-02
6.2715e+02 1.8000e+02 6.6130e+02 2.0365e+02 1.5309e-02
6.3715e+02 1.6666e+02 6.5222e+02 1.9268e+02 1.5307e-02
1.1991e+03 1.4289e+02 1.2366e+03 1.7951e+02 1.5168e-02
6.3816e+02 1.6372e+02 6.6157e+02 2.1311e+02 1.5109e-02
5.9212e+02 1.6228e+02 7.3330e+02 2.2412e+02 1.5080e-02
6.3085e+02 1.6589e+02 6.4339e+02 1.9204e+02 1.5066e-02
1.2255e+03 1.1650e+02 1.2399e+03 1.7013e+02 1.5060e-02
1.0218e+03 8.7713e+01 1.1695e+03 3.1427e+02 1.5003e-02
6.6034e+02 1.7278e+02 7.1116e+02 2.0614e+02 1.4885e-02
5.4294e+02 1.6617e+02 6.2439e+02 1.9984e+02 1.4819e-02
5.9899e+02 1.7344e+02 6.2417e+02 1.9045e+02 1.4770e-02
9.5646e+02 1.6490e+02 1.1822e+03 2.2707e+02 1.4718e-02
1.3465e+02 2.0952e+02 2.9526e+02 3.1151e+02 1.4691e-02
6.1824e+02 1.6495e+02 6.3027e+02 1.9410e+02 1.4541e-02
1.2292e+03 1.3996e+02 1.2420e+03 1.6290e+02 1.4521e-02
1.1181e+03 9.6485e+01 1.2420e+03 3.0943e+02 1.4485e-02
7.7746e+02 1.7320e+02 8.8731e+02 2.0830e+02 1.4447e-02
7.8721e+02 1.7760e+02 8.5450e+02 1.9719e+02 1.4412e-02
1.0809e+03 9.3394e+01 1.2239e+03 3.3108e+02 1.4363e-02
6.6932e+02 1.6976e+02 6.9535e+02 2.1791e+02 1.4329e-02
7.9402e+02 1.8872e+02 8.7647e+02 3.2933e+02 1.4137e-02
1.2019e+03 1.4650e+02 1.2408e+03 1.8399e+02 1.4071e-02
1.2012e+03 2.8036e+02 1.2420e+03 3.7500e+02 1.3979e-02
0.0000e+00 1.8891e+02 2.4752e+01 3.3763e+02 1.3935e-02
1.1761e+03 1.7511e+02 1.2420e+03 2.7012e+02 1.3892e-02
1.2211e+03 1.1694e+02 1.2359e+03 1.6962e+02 1.3868e-02
8.9834e+02 1.9415e+02 1.0304e+03 2.4335e+02 1.3774e-02
1.2121e+03 1.1748e+02 1.2285e+03 1.6855e+02 1.3759e-02
8.1064e+01 1.7458e+02 1.5276e+02 3.3564e+02 1.3756e-02
1.1915e+03 1.2561e+02 1.2420e+03 1.6315e+02 1.3670e-02
0.0000e+00 1.6282e+02 3.4290e+01 3.5698e+02 1.3614e-02
1.1694e+03 1.9134e+02 1.2420e+03 2.8476e+02 1.3474e-02
7.8907e+02 1.6407e+02 9.6210e+02 2.3464e+02 1.3451e-02
1.5937e+02 1.8763e+02 2.4392e+02 3.4308e+02 1.3329e-02
1.1999e+03 5.7783e+01 1.2420e+03 2.2960e+02 1.3238e-02
1.3882e+02 2.3649e+02 2.5337e+02 2.8784e+02 1.3223e-02
1.1873e+03 1.5558e+02 1.2420e+03 1.8915e+02 1.3124e-02
5.4258e+02 1.6581e+02 5.5547e+02 1.9967e+02 1.3060e-02
1.1621e+03 7.6163e+01 1.2420e+03 3.7500e+02 1.3033e-02
1.1185e+02 1.6962e+02 1.7603e+02 3.3257e+02 1.2963e-02
1.2227e+03 1.9687e+02 1.2420e+03 3.1402e+02 1.2934e-02
5.4445e+02 1.6873e+02 5.7153e+02 1.9030e+02 1.2874e-02
5.3472e+02 1.7333e+02 5.5685e+02 1.9493e+02 1.2809e-02
6.2792e+02 1.7906e+02 6.5486e+02 2.0094e+02 1.2776e-02
6.2620e+02 1.6603e+02 6.3787e+02 1.9412e+02 1.2693e-02
0.0000e+00 1.6833e+02 2.1927e+01 3.1099e+02 1.2652e-02
6.5133e+02 1.7861e+02 7.0329e+02 2.1830e+02 1.2625e-02
5.8081e+02 1.7394e+02 6.1506e+02 1.9051e+02 1.2479e-02
5.8993e+02 1.7711e+02 6.0459e+02 2.0722e+02 1.2401e-02
6.9629e+02 1.6715e+02 7.0794e+02 1.9264e+02 1.2363e-02
0.0000e+00 1.9254e+02 1.5540e+01 3.1420e+02 1.2299e-02
1.2200e+03 3.5048e+02 1.2420e+03 3.7500e+02 1.2277e-02
1.1970e+03 2.6494e+02 1.2310e+03 3.7500e+02 1.2262e-02
2.2015e+02 2.0366e+02 3.0072e+02 3.5208e+02 1.2251e-02
9.0949e+02 1.6239e+02 1.1511e+03 2.2544e+02 1.2237e-02
1.2316e+03 1.5057e+02 1.2420e+03 1.8441e+02 1.2159e-02
1.2336e+03 1.3193e+02 1.2420e+03 1.9399e+02 1.2130e-02
6.2588e+02 1.6447e+02 6.9935e+02 1.9723e+02 1.2052e-02
6.4811e+02 1.7721e+02 7.1314e+02 2.1146e+02 1.2029e-02
5.8331e+02 1.7484e+02 6.3671e+02 2.1007e+02 1.1942e-02
9.0928e+02 1.7020e+02 1.0976e+03 2.6455e+02 1.1896e-02
1.1388e+03 1.6573e+02 1.2420e+03 2.4071e+02 1.1740e-02
7.9282e+02 1.8679e+02 9.0094e+02 2.4268e+02 1.1736e-02
5.3850e+02 1.6651e+02 5.5131e+02 2.0059e+02 1.1616e-02
5.7019e+02 1.7193e+02 5.9270e+02 1.8989e+02 1.1561e-02
7.0359e+02 1.6957e+02 7.1467e+02 1.9380e+02 1.1512e-02
1.0340e+02 1.8081e+02 1.7986e+02 3.6866e+02 1.1490e-02
1.2017e+03 1.3179e+02 1.2229e+03 1.9002e+02 1.1392e-02
5.7461e+02 1.6523e+02 6.5482e+02 1.9840e+02 1.1364e-02
6.8566e+02 1.7149e+02 7.0169e+02 2.0698e+02 1.1348e-02
6.9953e+02 1.6953e+02 7.1031e+02 1.9408e+02 1.1347e-02
1.0437e+01 2.1773e+02 2.7651e+02 3.7384e+02 1.1324e-02
1.1347e+02 2.4150e+02 3.4994e+02 3.7500e+02 1.1218e-02
1.2013e+03 1.7932e+02 1.2420e+03 2.2969e+02 1.1190e-02
1.1224e+03 1.2887e+02 1.2348e+03 1.6777e+02 1.1160e-02
8.0538e+02 1.8009e+02 9.1607e+02 2.3533e+02 1.1149e-02
2.1422e+01 1.9175e+02 1.0995e+02 3.5984e+02 1.1118e-02
5.3382e+02 1.6598e+02 5.4669e+02 2.0245e+02 1.1038e-02
6.7293e+02 1.7518e+02 6.9809e+02 2.1651e+02 1.1014e-02
8.2875e+00 2.0826e+02 6.0015e+01 3.4302e+02 1.0972e-02
7.5165e+02 1.0131e+02 8.8414e+02 3.4343e+02 1.0952e-02
9.7324e+01 1.7281e+02 1.6230e+02 3.2906e+02 1.0944e-02
7.1164e+02 0.0000e+00 1.0093e+03 3.7500e+02 1.0735e-02
1.1817e+03 2.1205e+02 1.2323e+03 3.2221e+02 1.0716e-02
7.9526e+02 1.6818e+02 9.0373e+02 2.0438e+02 1.0663e-02
1.1301e+03 2.3273e+02 1.2327e+03 2.8510e+02 1.0503e-02
1.1788e+03 1.5702e+02 1.2249e+03 2.7067e+02 1.0486e-02
6.1511e+02 1.7416e+02 6.2815e+02 2.0376e+02 1.0333e-02
1.1905e+03 1.7971e+02 1.2420e+03 3.0252e+02 1.0328e-02
1.2129e+03 1.3919e+02 1.2356e+03 2.0671e+02 1.0190e-02
1.1434e+03 1.3489e+02 1.2215e+03 1.7603e+02 1.0166e-02
1.2084e+03 1.7359e+02 1.2396e+03 3.1200e+02 1.0122e-02
1.0438e+03 1.4893e+02 1.1648e+03 1.8483e+02 1.0122e-02
8.6883e+02 1.4823e+02 1.0960e+03 2.1653e+02 9.9696e-03
1.2269e+03 1.5707e+02 1.2420e+03 1.8526e+02 9.7651e-03
1.0959e+03 1.9570e+02 1.2324e+03 3.3833e+02 9.7063e-03
8.5415e+02 1.1221e+02 9.5963e+02 3.6699e+02 9.6908e-03
1.2352e+03 1.9714e+02 1.2420e+03 2.6376e+02 9.5990e-03
1.2315e+03 1.5801e+02 1.2420e+03 1.9341e+02 9.5810e-03
0.0000e+00 1.5308e+02 1.5301e+01 2.7165e+02 9.5665e-03
1.1756e+03 1.3913e+02 1.2363e+03 1.5977e+02 9.5111e-03
1.1845e+03 3.1726e+02 1.2420e+03 3.7500e+02 9.4827e-03
2.4342e+01 2.6894e+02 2.7355e+02 3.6720e+02 9.4675e-03
7.4166e+01 1.8849e+02 1.5933e+02 3.6623e+02 9.4400e-03
1.1914e+03 1.4563e+02 1.2361e+03 1.8358e+02 9.4317e-03
1.2096e+03 1.4209e+02 1.2396e+03 1.7164e+02 9.3606e-03
7.9097e+02 1.6752e+02 8.5500e+02 1.8862e+02 9.3249e-03
7.6894e+02 1.9089e+02 8.4482e+02 3.3090e+02 9.3186e-03
6.8647e+02 1.6456e+02 6.9842e+02 1.9060e+02 9.3183e-03
1.1734e+03 2.0501e+02 1.2268e+03 3.0829e+02 9.2865e-03
0.0000e+00 1.7100e+02 3.2299e+01 3.1169e+02 9.2642e-03
1.1832e+03 1.7956e+02 1.2407e+03 3.7500e+02 9.2488e-03
1.2283e+03 1.1516e+02 1.2420e+03 1.7318e+02 9.1712e-03
1.2230e+03 2.3636e+02 1.2420e+03 3.5570e+02 9.1604e-03
1.2340e+03 1.2706e+02 1.2420e+03 1.7977e+02 9.1153e-03
1.1114e+03 1.9113e+02 1.2420e+03 2.8263e+02 9.0957e-03
6.3784e+02 1.7054e+02 6.5239e+02 2.1095e+02 9.0923e-03
5.4851e+02 1.6749e+02 5.5904e+02 1.9603e+02 8.9970e-03
1.2368e+03 1.1634e+02 1.2420e+03 1.6506e+02 8.9377e-03
5.3735e+02 1.6817e+02 5.7407e+02 1.8694e+02 8.9206e-03
1.1555e+03 2.2789e+02 1.2344e+03 2.9778e+02 8.9104e-03
1.2045e+03 1.5069e+02 1.2420e+03 1.7808e+02 8.8616e-03
6.2303e+02 1.6411e+02 6.8413e+02 2.0270e+02 8.8087e-03
6.2117e+02 1.7198e+02 6.3424e+02 2.0120e+02 8.7954e-03
6.8956e+02 1.6880e+02 7.2493e+02 1.8411e+02 8.7845e-03
5.2965e+02 1.6549e+02 5.4337e+02 2.0285e+02 8.7441e-03
1.1873e+03 1.4267e+02 1.2322e+03 1.7922e+02 8.6903e-03
1.2349e+03 2.9387e+02 1.2420e+03 3.6270e+02 8.6584e-03
1.9783e+02 1.9885e+02 2.8417e+02 3.5007e+02 8.6068e-03
6.9068e+02 1.6485e+02 7.0268e+02 1.9040e+02 8.5445e-03
1.1209e+03 1.7710e+02 1.2420e+03 2.6866e+02 8.5195e-03
6.0688e+02 1.7278e+02 6.3123e+02 1.8977e+02 8.4979e-03
1.2149e+03 2.5952e+02 1.2420e+03 3.7500e+02 8.4974e-03
5.3343e+02 1.7503e+02 5.6460e+02 1.9403e+02 8.4701e-03
1.2181e+03 1.8901e+02 1.2420e+03 2.5690e+02 8.4633e-03
1.1780e+03 1.5281e+02 1.2420e+03 1.8455e+02 8.4408e-03
3.7493e+01 1.8572e+02 1.2978e+02 3.5904e+02 8.4132e-03
8.1737e+02 2.3575e+02 1.0729e+03 3.6493e+02 8.3969e-03
1.1946e+03 2.0356e+02 1.2362e+03 3.3063e+02 8.3814e-03
1.2000e+03 1.2868e+02 1.2190e+03 1.7838e+02 8.3511e-03
1.6961e+00 1.7744e+02 5.3022e+01 3.6630e+02 8.2342e-03
9.1349e+02 2.0451e+02 1.0433e+03 2.5636e+02 8.1582e-03
6.0980e+02 1.7156e+02 6.4286e+02 1.8803e+02 8.1428e-03
1.3184e+02 2.2906e+02 2.4919e+02 2.7894e+02 8.1084e-03
1.1852e+03 1.6160e+02 1.2382e+03 2.4396e+02 8.0180e-03
1.8349e+02 1.8750e+02 3.0554e+02 3.7500e+02 7.9527e-03
1.2337e+03 1.3111e+02 1.2420e+03 1.5891e+02 7.9499e-03
1.1828e+03 2.6882e+02 1.2286e+03 3.7500e+02 7.8812e-03
0.0000e+00 2.4632e+02 1.4040e+02 3.7432e+02 7.8556e-03
6.4003e+02 1.8284e+02 6.6920e+02 2.0922e+02 7.8287e-03
3.4329e+02 1.9695e+02 4.2602e+02 2.3260e+02 7.7229e-03
1.1071e+03 1.2896e+02 1.1984e+03 3.0229e+02 7.6978e-03
1.6021e+02 1.8156e+02 2.6014e+02 3.7500e+02 7.6644e-03
2.9793e+02 1.3832e+02 4.3253e+02 3.4606e+02 7.6158e-03
4.5070e+01 8.7129e+01 2.6506e+02 3.7500e+02 7.6111e-03
1.2167e+03 1.1227e+02 1.2420e+03 1.6340e+02 7.6109e-03
1.0061e+03 2.3918e+02 1.2420e+03 3.6718e+02 7.5688e-03
5.6299e+02 1.6468e+02 6.3974e+02 1.9764e+02 7.5344e-03
6.1085e+02 1.6393e+02 6.6906e+02 2.0140e+02 7.5325e-03
0.0000e+00 2.5873e+02 1.7874e+02 3.7500e+02 7.5154e-03
8.0945e+02 1.9419e+02 9.7253e+02 3.3624e+02 7.3613e-03
7.0109e+02 1.6895e+02 7.1113e+02 1.9130e+02 7.3266e-03
1.0645e+03 1.3010e+02 1.2420e+03 1.9475e+02 7.2961e-03
1.0644e+03 1.4226e+02 1.1823e+03 1.7775e+02 7.2940e-03
5.7644e+02 1.7585e+02 5.9069e+02 2.0578e+02 7.2735e-03
1.2128e+03 1.4474e+02 1.2420e+03 1.7826e+02 7.2705e-03
6.9295e+02 1.7070e+02 7.0596e+02 2.0104e+02 7.2647e-03
0.0000e+00 2.1772e+02 1.6531e+01 3.4658e+02 7.2441e-03
5.5976e+02 1.6800e+02 5.8378e+02 1.8801e+02 7.1410e-03
1.1790e+03 1.2905e+02 1.2394e+03 2.5885e+02 7.1383e-03
7.8607e+02 1.7140e+02 8.4945e+02 1.9080e+02 7.1218e-03
1.1968e+03 1.3412e+02 1.2404e+03 1.5688e+02 7.0561e-03
5.3859e+02 1.7898e+02 6.0904e+02 2.0997e+02 7.0470e-03
1.1978e+03 1.8365e+02 1.2340e+03 3.0198e+02 6.9773e-03
1.2089e+03 1.0808e+02 1.2420e+03 1.4943e+02 6.8869e-03
1.2252e+03 9.7010e+01 1.2420e+03 1.8071e+02 6.8572e-03
1.0285e+03 1.4541e+02 1.1470e+03 1.8207e+02 6.8489e-03
9.8570e+02 1.3106e+02 1.1860e+03 1.9557e+02 6.8430e-03
1.2117e+03 3.5347e+02 1.2420e+03 3.7500e+02 6.8049e-03
1.2307e+03 1.3319e+02 1.2420e+03 1.5593e+02 6.7885e-03
1.0990e+03 1.4847e+02 1.2109e+03 1.8623e+02 6.7301e-03
1.1325e+03 1.3567e+02 1.2098e+03 2.8500e+02 6.7079e-03
3.3186e+02 2.0701e+02 4.2452e+02 3.5174e+02 6.7067e-03
5.3085e+02 1.7286e+02 5.5128e+02 1.9519e+02 6.6737e-03
3.2280e+01 8.0504e+01 1.8421e+02 3.3746e+02 6.6621e-03
1.0838e+03 1.3543e+02 1.1934e+03 1.7363e+02 6.6493e-03
1.2031e+03 1.3328e+02 1.2327e+03 1.6055e+02 6.6282e-03
6.2787e+01 1.7510e+02 1.3984e+02 3.3985e+02 6.6175e-03
1.3145e+02 1.6332e+02 1.8892e+02 3.0648e+02 6.5829e-03
1.1810e+03 1.3553e+02 1.2261e+03 2.2423e+02 6.5299e-03
8.4236e+02 2.6076e+02 1.1041e+03 3.6617e+02 6.4992e-03
0.0000e+00 0.0000e+00 1.2168e+02 3.7500e+02 6.4972e-03
1.1548e+03 1.4208e+02 1.2303e+03 1.7188e+02 6.4887e-03
0.0000e+00 1.9054e+02 2.0686e+02 2.6374e+02 6.4842e-03
1.1605e+03 2.7378e+02 1.2362e+03 3.7500e+02 6.4680e-03
6.5476e+02 1.7114e+02 6.8467e+02 1.8649e+02 6.4395e-03
5.9892e+02 1.7813e+02 6.6240e+02 2.1032e+02 6.4389e-03
1.1584e+03 1.3575e+02 1.2243e+03 2.7578e+02 6.4275e-03
1.0265e+03 1.4822e+02 1.2410e+03 2.1731e+02 6.4252e-03
1.1651e+03 8.4442e+01 1.2420e+03 1.7438e+02 6.3887e-03
9.9410e+02 8.2535e+01 1.1372e+03 3.0717e+02 6.2627e-03
8.4967e+01 1.6286e+02 1.4624e+02 3.1070e+02 6.0700e-03
1.2052e+03 3.2580e+02 1.2370e+03 3.7500e+02 6.0356e-03
8.7920e+02 2.6355e+02 1.1620e+03 3.6666e+02 5.9654e-03
0.0000e+00 1.7996e+02 5.1304e+01 3.7500e+02 5.9410e-03
1.1866e+03 1.7083e+02 1.2309e+03 2.8929e+02 5.8843e-03
1.1329e+03 2.1325e+02 1.2420e+03 2.6249e+02 5.7803e-03
2.5028e+02 1.6646e+02 3.5711e+02 3.7500e+02 5.7782e-03
6.6693e+02 1.6916e+02 7.3182e+02 1.9484e+02 5.7698e-03
0.0000e+00 2.7256e+02 3.0519e+01 3.7500e+02 5.7686e-03
5.9590e+02 1.6342e+02 6.2320e+02 2.1432e+02 5.7037e-03
1.2089e+03 1.1246e+02 1.2370e+03 1.9438e+02 5.6592e-03
3.4045e+02 1.8146e+02 4.3687e+02 3.3544e+02 5.6481e-03
1.1046e+03 2.4208e+02 1.2391e+03 3.7500e+02 5.5994e-03
9.2071e+02 1.9826e+02 1.0525e+03 2.4690e+02 5.5548e-03
1.2069e+03 1.9743e+02 1.2415e+03 3.4168e+02 5.5512e-03
1.1829e+03 1.2746e+02 1.2217e+03 1.9760e+02 5.5179e-03
1.1114e+03 3.2590e+02 1.2275e+03 3.7014e+02 5.4590e-03
1.4483e+02 1.6814e+02 2.0648e+02 3.0642e+02 5.4455e-03
5.4470e+02 1.5839e+02 7.0435e+02 2.2169e+02 5.3591e-03
9.5325e+02 1.9898e+02 1.0824e+03 2.4689e+02 5.3330e-03
2.0506e+02 2.4283e+02 3.3364e+02 3.7500e+02 5.2706e-03
9.2403e+02 1.6736e+02 1.0504e+03 2.0339e+02 5.2552e-03
8.3453e+02 2.7637e+01 9.8700e+02 3.7500e+02 5.2377e-03
1.1117e+03 1.6937e+02 1.2193e+03 3.5751e+02 5.2005e-03
1.1776e+02 1.6387e+02 1.7265e+02 3.0649e+02 5.1878e-03
2.6272e+02 2.5246e+02 4.0876e+02 3.4556e+02 5.1839e-03
1.1705e+03 1.1986e+02 1.2420e+03 1.5670e+02 5.1812e-03
3.3864e+02 1.9827e+02 4.3147e+02 2.4460e+02 5.1734e-03
2.9771e+02 2.0054e+02 4.0674e+02 2.4611e+02 5.1731e-03
1.1558e+03 1.8221e+02 1.2420e+03 2.9945e+02 5.1621e-03
6.0991e+02 1.5754e+02 7.2001e+02 2.2851e+02 5.1590e-03
1.0550e+02 2.2694e+02 2.3016e+02 2.7925e+02 5.1578e-03
1.2123e+03 3.2476e+02 1.2420e+03 3.7500e+02 5.1512e-03
1.2187e+03 2.0583e+02 1.2420e+03 2.7117e+02 5.1496e-03
1.1798e+03 2.7555e+02 1.2420e+03 3.7500e+02 5.1381e-03
7.4069e+02 1.8444e+02 8.5953e+02 2.7854e+02 5.1283e-03
5.2197e+02 1.7193e+02 5.9645e+02 2.0205e+02 5.1040e-03
0.0000e+00 1.4562e+02 2.4591e+01 2.8764e+02 5.0181e-03
5.1810e+02 1.6285e+02 5.9728e+02 1.9574e+02 5.0083e-03
9.8966e+02 1.7180e+02 1.1791e+03 2.6460e+02 4.9988e-03
1.1438e+03 2.7177e+02 1.2231e+03 3.7500e+02 4.9717e-03
1.1814e+03 7.4583e+01 1.2420e+03 1.8667e+02 4.9670e-03
1.0322e+02 1.6174e+02 1.5800e+02 3.0535e+02 4.9430e-03
7.7436e+02 1.9842e+02 8.9138e+02 2.6150e+02 4.8760e-03
1.2138e+03 1.1887e+02 1.2420e+03 2.0134e+02 4.8699e-03
1.2079e+03 2.0572e+02 1.2420e+03 2.5463e+02 4.8668e-03
1.1282e+03 2.2025e+02 1.2346e+03 2.7092e+02 4.7976e-03
8.5641e+02 2.0410e+02 9.7870e+02 2.6076e+02 4.7802e-03
8.1418e+02 1.7576e+02 9.2173e+02 2.2695e+02 4.7678e-03
1.2220e+03 2.8668e+02 1.2420e+03 3.5324e+02 4.7597e-03
1.2053e+03 1.9727e+02 1.2420e+03 2.4640e+02 4.7542e-03
7.5266e+02 1.7816e+02 8.0234e+02 2.8762e+02 4.7372e-03
1.4297e+01 2.1164e+02 6.8552e+01 3.3092e+02 4.7327e-03
1.8109e+02 2.5267e+02 3.4041e+02 3.6272e+02 4.7247e-03
1.2056e+03 2.1376e+02 1.2420e+03 2.6128e+02 4.7102e-03
2.6747e+02 1.8462e+02 4.4749e+02 2.5038e+02 4.6583e-03
9.3977e+02 2.0462e+02 1.0676e+03 2.5804e+02 4.6018e-03
9.0192e+02 1.6749e+02 1.0255e+03 2.0442e+02 4.5990e-03
9.4606e+01 2.3326e+02 2.1323e+02 2.8754e+02 4.5087e-03
1.1865e+03 1.6532e+02 1.2420e+03 2.2212e+02 4.4796e-03
1.5761e+02 1.7125e+02 2.2415e+02 3.0423e+02 4.4683e-03
6.4294e+00 2.1900e+02 4.5858e+01 3.6861e+02 4.4409e-03
0.0000e+00 1.1994e+02 3.1698e+01 3.0976e+02 4.4180e-03
0.0000e+00 2.4909e+02 1.0490e+02 3.7500e+02 4.4170e-03
3.3472e+02 2.0416e+02 4.2923e+02 2.5525e+02 4.3996e-03
3.4354e+02 1.7170e+02 4.2317e+02 2.9730e+02 4.3916e-03
7.6796e+02 2.2462e+02 8.8417e+02 2.9480e+02 4.3372e-03
7.7967e+02 1.4700e+02 8.6128e+02 2.8182e+02 4.3369e-03
1.1737e+03 2.2046e+02 1.2420e+03 3.1672e+02 4.3358e-03
1.2216e+03 3.0198e+02 1.2420e+03 3.6755e+02 4.3349e-03
1.1931e+03 2.0795e+02 1.2420e+03 3.3412e+02 4.2847e-03
1.1672e+02 2.2234e+02 2.3893e+02 2.6964e+02 4.2470e-03
1.0765e+03 8.6594e+01 1.2420e+03 2.4723e+02 4.2466e-03
1.1004e+03 1.4832e+02 1.1978e+03 3.3474e+02 4.2450e-03
8.9784e+02 1.8462e+02 1.0292e+03 2.3311e+02 4.2360e-03
1.1017e+03 3.3627e+02 1.2169e+03 3.7386e+02 4.2192e-03
0.0000e+00 0.0000e+00 3.4120e+01 8.2452e+01 4.2039e-03
9.0360e+02 1.7427e+02 1.0364e+03 2.1180e+02 4.1868e-03
1.0222e+03 1.5568e+02 1.1493e+03 1.8918e+02 4.1842e-03
1.4150e+02 2.2448e+02 2.6143e+02 2.7262e+02 4.1220e-03
6.4386e+02 1.6764e+02 6.7458e+02 2.3051e+02 4.1063e-03
1.1563e+02 2.3443e+02 2.3318e+02 2.8701e+02 4.1057e-03
2.2971e+02 1.7740e+02 3.4314e+02 3.7500e+02 4.0687e-03
9.2283e+02 1.5850e+02 1.0501e+03 1.9687e+02 4.0233e-03
1.0732e+03 3.2528e+02 1.1908e+03 3.6751e+02 4.0007e-03
1.1971e+03 3.2914e+02 1.2297e+03 3.7500e+02 3.9950e-03
0.0000e+00 2.0445e+02 2.6123e+01 3.7447e+02 3.9476e-03
6.6281e+02 1.5182e+02 6.9800e+02 2.0987e+02 3.9303e-03
1.3479e+02 2.6144e+02 3.2507e+02 3.7500e+02 3.9097e-03
9.5701e+02 2.0269e+02 1.0911e+03 2.5728e+02 3.9092e-03
1.0178e+03 1.2797e+02 1.2249e+03 1.9251e+02 3.8989e-03
6.4721e+02 1.5285e+02 6.8231e+02 2.1420e+02 3.8531e-03
6.0108e+02 1.6499e+02 6.2881e+02 2.1630e+02 3.8414e-03
1.1299e+03 1.1055e+02 1.2420e+03 1.9052e+02 3.8356e-03
0.0000e+00 1.3343e+02 1.5898e+01 2.4610e+02 3.7679e-03
1.1336e+03 3.2319e+02 1.2347e+03 3.7359e+02 3.7475e-03
7.6747e+02 1.6810e+02 8.6380e+02 1.9671e+02 3.7335e-03
3.2125e+02 1.9669e+02 4.1819e+02 2.3357e+02 3.7236e-03
1.1936e+03 2.5398e+02 1.2420e+03 3.7500e+02 3.7016e-03
5.8735e+02 1.4748e+02 7.4374e+02 2.1657e+02 3.6954e-03
1.1147e+03 2.2753e+02 1.2252e+03 2.7910e+02 3.6833e-03
7.7033e+02 2.0759e+02 8.9298e+02 2.8405e+02 3.6520e-03
2.4802e+00 2.1160e+02 3.6610e+01 3.7500e+02 3.6420e-03
1.1750e+03 2.1995e+02 1.2263e+03 3.4205e+02 3.6407e-03
7.6337e+02 1.6125e+02 8.7205e+02 1.9266e+02 3.6189e-03
6.7060e+01 1.6904e+02 1.3164e+02 3.1669e+02 3.6171e-03
0.0000e+00 0.0000e+00 7.1923e+01 1.6176e+02 3.6103e-03
3.1070e+01 1.7980e+02 9.8831e+01 3.2820e+02 3.5837e-03
8.6869e+02 1.7109e+02 9.8082e+02 2.1323e+02 3.5807e-03
6.2904e+02 1.6193e+02 6.5465e+02 2.1321e+02 3.5556e-03
1.6453e+02 2.5021e+02 3.9689e+02 3.7500e+02 3.5127e-03
1.2068e+03 2.2207e+02 1.2420e+03 2.6993e+02 3.4437e-03
4.7244e+01 1.6650e+02 1.1602e+02 3.2388e+02 3.4429e-03
5.5701e+02 1.6148e+02 5.8307e+02 2.1536e+02 3.4199e-03
1.1715e+03 2.8133e+02 1.2259e+03 3.7500e+02 3.4064e-03
2.0029e+02 2.5185e+02 4.4345e+02 3.7500e+02 3.4030e-03
8.8273e+02 1.7287e+02 1.0052e+03 2.1263e+02 3.3944e-03
0.0000e+00 3.2687e+02 1.2762e+01 3.7500e+02 3.3683e-03
1.1246e+03 2.0636e+02 1.2382e+03 2.5432e+02 3.3620e-03
7.8401e+02 1.9299e+02 8.9853e+02 2.5293e+02 3.3579e-03
1.1612e+03 9.1553e+00 1.2420e+03 3.2693e+02 3.3502e-03
2.9307e+02 2.0473e+02 4.0713e+02 2.5726e+02 3.3366e-03
2.0649e+02 2.0226e+02 3.7535e+02 2.9864e+02 3.3334e-03
1.1527e+03 2.1187e+02 1.2365e+03 2.8414e+02 3.3196e-03
1.0684e+03 1.4827e+02 1.1887e+03 1.8563e+02 3.3153e-03
1.2037e+03 1.6411e+02 1.2420e+03 2.4518e+02 3.3035e-03
9.4256e+02 1.6602e+02 1.0643e+03 2.0093e+02 3.3030e-03
8.3152e+02 1.4896e+02 1.0378e+03 2.2083e+02 3.3022e-03
6.3192e+02 1.5308e+02 6.6442e+02 2.0960e+02 3.2743e-03
9.7836e+02 1.9864e+02 1.1089e+03 2.4875e+02 3.2590e-03
9.4354e+02 1.9456e+02 1.0667e+03 2.3703e+02 3.2376e-03
1.1355e+03 2.2628e+02 1.2234e+03 2.9500e+02 3.2144e-03
8.8050e+02 1.6666e+02 9.9967e+02 2.0493e+02 3.1649e-03
2.7523e+02 1.9648e+02 4.1912e+02 3.7500e+02 3.1575e-03
1.0833e+03 1.8131e+02 1.2055e+03 3.6788e+02 3.1385e-03
1.1270e+03 1.3274e+02 1.2085e+03 1.7638e+02 3.1105e-03
2.1566e+02 1.5284e+02 4.6193e+02 3.0230e+02 3.1099e-03
8.7395e-01 2.3750e+02 1.1032e+02 2.9252e+02 3.0561e-03
8.2565e+02 1.4807e+02 8.9579e+02 2.7711e+02 3.0519e-03
6.7345e+02 1.6320e+02 6.9943e+02 2.0965e+02 3.0085e-03
1.2185e+03 2.2262e+02 1.2420e+03 2.8858e+02 2.9964e-03
8.6000e+01 2.2204e+02 2.1820e+02 2.7209e+02 2.9917e-03
3.1810e+02 1.9829e+02 4.1913e+02 2.4627e+02 2.9722e-03
1.1881e+03 2.8573e+02 1.2246e+03 3.7500e+02 2.9586e-03
1.2099e+03 3.0970e+02 1.2420e+03 3.5918e+02 2.9477e-03
8.9646e+01 1.0368e+02 2.9243e+02 3.7500e+02 2.9029e-03
6.3936e+02 1.5291e+02 6.7176e+02 2.1265e+02 2.8658e-03
1.2094e+03 2.9410e+02 1.2420e+03 3.4245e+02 2.8589e-03
9.1505e+02 1.4899e+02 1.1386e+03 2.1227e+02 2.8527e-03
0.0000e+00 1.4656e+02 3.4881e+01 2.8693e+02 2.8356e-03
8.3147e+02 1.8220e+02 9.2642e+02 3.5183e+02 2.8298e-03
1.1702e+03 2.1308e+02 1.2156e+03 3.0776e+02 2.8161e-03
1.2141e+03 1.8604e+02 1.2420e+03 3.2942e+02 2.7891e-03
9.0693e+02 1.6269e+02 9.9062e+02 3.4231e+02 2.7860e-03
7.4134e+02 1.7295e+02 8.1892e+02 3.0409e+02 2.7789e-03
6.2370e+02 1.8330e+02 6.9261e+02 2.1807e+02 2.7781e-03
5.1448e+02 1.5688e+02 6.7444e+02 2.2213e+02 2.7708e-03
8.8580e+02 1.9903e+02 1.0234e+03 2.5155e+02 2.6988e-03
8.9977e+02 1.7918e+02 1.0364e+03 2.2365e+02 2.6978e-03
3.3739e+00 1.8000e+02 4.1219e+01 3.0172e+02 2.6967e-03
1.1747e+03 1.8826e+02 1.2245e+03 2.9221e+02 2.6824e-03
0.0000e+00 2.4419e+02 1.5673e+01 3.7500e+02 2.6717e-03
7.9414e+00 2.2604e+02 8.5083e+01 3.0498e+02 2.6713e-03
8.1287e+02 1.4259e+02 8.8823e+02 2.6800e+02 2.6526e-03
1.2092e+03 2.3043e+02 1.2420e+03 2.7927e+02 2.6472e-03
1.1035e+03 1.2650e+02 1.2133e+03 1.6509e+02 2.6400e-03
2.3758e+01 2.1716e+02 7.2442e+01 3.4436e+02 2.6201e-03
9.0101e+02 1.5818e+02 1.0238e+03 1.9700e+02 2.6101e-03
8.0264e+02 1.6205e+02 9.4387e+02 3.7500e+02 2.5913e-03
1.2219e+03 2.7107e+02 1.2420e+03 3.3916e+02 2.5812e-03
1.1700e+03 2.3445e+02 1.2420e+03 3.3725e+02 2.5443e-03
2.2065e+02 2.6554e+02 2.9164e+02 3.7500e+02 2.5017e-03
1.2033e+03 2.3199e+01 1.2420e+03 2.0571e+02 2.5006e-03
1.1397e+03 2.4687e+02 1.2420e+03 3.7500e+02 2.4936e-03
5.8043e+02 1.6376e+02 6.4404e+02 2.0287e+02 2.4881e-03
0.0000e+00 1.9819e+02 4.4911e+01 3.1351e+02 2.4672e-03
7.8741e+02 1.5509e+02 1.0280e+03 2.9420e+02 2.4649e-03
1.1967e+03 2.1780e+02 1.2364e+03 3.6336e+02 2.4610e-03
7.4974e+02 1.8524e+02 8.1563e+02 2.4618e+02 2.4433e-03
2.4243e+02 2.0176e+02 3.1550e+02 3.3493e+02 2.4374e-03
0.0000e+00 1.0052e+02 2.0071e+02 3.7500e+02 2.4198e-03
5.9181e+02 1.6311e+02 6.5417e+02 2.0204e+02 2.4159e-03
8.1504e+02 2.6801e+02 1.0260e+03 3.7131e+02 2.4145e-03
0.0000e+00 2.6875e+02 2.1371e+02 3.7205e+02 2.4046e-03
2.7145e+02 1.6858e+02 3.5268e+02 3.1051e+02 2.3957e-03
8.7611e+02 1.3237e+02 1.0870e+03 2.0229e+02 2.3773e-03
9.2745e+02 1.4992e+02 1.0565e+03 1.8932e+02 2.3655e-03
0.0000e+00 2.1879e+02 3.1556e+01 3.7500e+02 2.3638e-03
6.6646e+02 1.6884e+02 6.9835e+02 2.3856e+02 2.3525e-03
1.0974e+03 2.2030e+02 1.2185e+03 2.7111e+02 2.3471e-03
7.8825e+01 2.2602e+02 1.9914e+02 2.8187e+02 2.2948e-03
1.2064e+03 2.3887e+02 1.2420e+03 2.8666e+02 2.2771e-03

