5.8117e+02 1.7571e+02 6.4530e+02 2.3575e+02 9.9966e-01
5.8984e+02 1.6817e+02 6.3586e+02 2.3953e+02 9.5215e-01
5.7797e+02 1.7435e+02 6.4285e+02 2.2193e+02 8.8427e-01
5.9073e+02 1.7672e+02 6.4463e+02 2.2646e+02 8.7050e-01
5.9049e+02 1.7766e+02 6.3450e+02 2.1851e+02 8.0303e-01
9.6984e+02 1.6582e+02 9.9031e+02 2.1528e+02 6.8310e-01
5.8861e+02 1.8020e+02 6.4005e+02 2.2801e+02 6.6940e-01
5.8458e+02 1.6965e+02 6.2691e+02 2.4127e+02 6.5548e-01
5.9577e+02 1.7662e+02 6.3969e+02 2.4590e+02 5.7345e-01
5.8827e+02 1.7523e+02 6.2744e+02 2.1212e+02 4.4843e-01
9.6614e+02 1.6446e+02 9.8801e+02 2.1838e+02 4.2927e-01
5.7651e+02 1.8766e+02 6.5192e+02 2.3688e+02 4.0020e-01
5.6225e+02 1.6743e+02 6.5840e+02 2.4684e+02 3.9998e-01
9.7273e+02 1.6482e+02 9.9388e+02 2.1730e+02 3.9560e-01
5.8260e+02 1.8013e+02 6.3213e+02 2.1467e+02 3.8608e-01
5.8595e+02 1.7779e+02 6.2489e+02 2.0192e+02 3.1336e-01
5.9633e+02 1.6988e+02 6.2123e+02 2.2654e+02 3.1285e-01
6.0022e+02 1.7669e+02 6.3787e+02 2.1220e+02 3.0434e-01
6.0114e+02 1.6987e+02 6.4008e+02 2.3518e+02 3.0160e-01
5.9505e+02 1.7822e+02 6.3162e+02 2.0170e+02 2.3543e-01
6.0559e+02 1.6451e+02 6.4354e+02 2.4390e+02 2.0789e-01
8.8799e+02 1.0989e+02 1.2402e+03 2.8967e+02 2.0510e-01
6.0325e+02 1.7056e+02 6.2836e+02 2.2760e+02 2.0262e-01
9.6297e+02 1.6730e+02 9.8310e+02 2.1460e+02 1.9418e-01
6.0731e+02 1.7892e+02 6.3899e+02 2.0005e+02 1.8811e-01
6.8953e+02 6.4846e+01 1.0890e+03 2.7318e+02 1.8590e-01
5.7960e+02 1.7855e+02 6.2600e+02 2.0885e+02 1.6923e-01
5.7964e+02 1.5119e+02 6.4135e+02 2.6076e+02 1.6647e-01
9.7680e+02 1.6657e+02 9.9602e+02 2.1366e+02 1.5345e-01
6.0960e+02 1.6964e+02 6.3128e+02 2.2311e+02 1.3960e-01
6.1444e+02 1.6933e+02 6.3433e+02 2.2282e+02 1.3866e-01
8.2469e+02 9.9100e+01 1.1987e+03 2.9526e+02 1.3195e-01
5.9143e+02 1.7490e+02 6.2339e+02 1.9468e+02 1.2804e-01
1.2249e+03 1.7632e+02 1.2409e+03 2.5481e+02 1.2724e-01
5.9339e+02 1.6809e+02 6.1500e+02 2.2112e+02 1.2722e-01
5.8344e+02 1.7026e+02 6.1021e+02 2.2808e+02 1.1418e-01
5.7376e+02 1.7350e+02 6.2630e+02 2.2202e+02 1.1338e-01
1.1440e+03 1.8928e+02 1.2420e+03 2.2822e+02 1.1101e-01
9.5868e+02 1.6793e+02 9.7866e+02 2.1408e+02 1.1079e-01
6.1212e+02 1.7790e+02 6.4169e+02 1.9789e+02 1.0880e-01
5.7907e+02 1.7008e+02 6.1631e+02 2.3990e+02 1.0751e-01
5.8578e+02 1.7656e+02 6.3818e+02 2.1661e+02 1.0696e-01
5.9983e+02 1.7466e+02 6.4792e+02 2.1939e+02 1.0421e-01
7.4619e+02 5.7757e+01 1.1579e+03 2.7770e+02 1.0160e-01
1.2060e+03 1.7897e+02 1.2269e+03 2.4935e+02 9.5150e-02
9.5536e+02 1.6946e+02 9.7427e+02 2.1469e+02 8.9684e-02
1.2094e+03 1.7234e+02 1.2396e+03 2.7995e+02 8.5834e-02
1.2148e+03 1.7633e+02 1.2341e+03 2.5458e+02 8.5331e-02
1.2200e+03 1.7533e+02 1.2377e+03 2.5575e+02 8.1374e-02
1.2009e+03 1.6831e+02 1.2334e+03 2.6458e+02 7.7711e-02
6.0950e+02 1.7637e+02 6.3775e+02 1.9300e+02 7.7002e-02
6.0292e+02 1.7596e+02 6.3338e+02 1.9376e+02 7.6642e-02
5.8390e+02 1.7540e+02 6.1679e+02 2.1146e+02 7.5909e-02
5.8885e+02 1.6882e+02 6.1247e+02 2.2439e+02 7.4193e-02
5.8853e+02 1.6229e+02 6.2978e+02 2.3099e+02 7.4054e-02
6.1913e+02 1.6866e+02 6.3718e+02 2.2107e+02 7.3412e-02
1.2101e+03 1.7796e+02 1.2302e+03 2.5237e+02 7.3076e-02
7.3501e+02 9.3898e+01 1.1158e+03 2.9228e+02 6.7131e-02
1.2020e+03 1.8161e+02 1.2231e+03 2.4470e+02 6.3315e-02
5.9304e+02 1.7369e+02 6.2457e+02 2.3058e+02 6.2699e-02
6.0775e+02 1.7249e+02 6.3750e+02 2.3179e+02 5.9776e-02
1.1521e+03 1.9623e+02 1.2420e+03 2.3366e+02 5.5432e-02
1.1509e+03 1.8396e+02 1.2420e+03 2.2089e+02 5.5255e-02
6.0282e+02 1.7829e+02 6.4385e+02 2.0631e+02 4.8914e-02
1.2280e+03 1.7841e+02 1.2420e+03 2.6085e+02 4.8401e-02
5.8468e+02 1.7714e+02 6.1366e+02 2.0246e+02 4.7948e-02
1.2234e+03 1.7203e+02 1.2420e+03 2.7030e+02 4.6883e-02
5.8159e+02 1.8616e+02 6.3252e+02 2.2348e+02 4.6453e-02
6.1761e+02 1.7089e+02 6.3310e+02 2.1058e+02 4.3388e-02
6.2024e+02 1.7338e+02 6.4337e+02 2.3107e+02 3.9466e-02
1.2254e+03 1.6118e+02 1.2405e+03 2.3999e+02 3.9460e-02
6.1106e+02 1.7618e+02 6.4119e+02 2.0787e+02 3.9421e-02
1.2068e+03 1.6763e+02 1.2262e+03 2.3687e+02 3.8747e-02
7.0727e+02 3.6095e+01 1.1249e+03 2.4801e+02 3.8395e-02
5.8384e+02 1.8014e+02 6.2251e+02 2.2494e+02 3.7783e-02
1.2204e+03 1.6337e+02 1.2370e+03 2.4355e+02 3.7657e-02
5.9685e+02 1.6345e+02 6.3519e+02 2.2713e+02 3.7561e-02
8.6920e+02 6.1274e+01 1.2412e+03 2.7601e+02 3.6849e-02
6.0908e+02 9.4616e+00 1.2420e+03 3.7500e+02 3.5945e-02
1.2353e+03 1.8530e+02 1.2420e+03 2.4259e+02 3.5175e-02
5.8016e+02 1.7196e+02 6.3822e+02 2.0698e+02 3.4293e-02
1.2280e+03 1.6327e+02 1.2420e+03 2.4549e+02 3.4156e-02
9.6390e+02 1.5978e+02 9.8970e+02 2.2109e+02 3.3926e-02
5.3934e+02 1.6490e+02 6.6995e+02 2.3990e+02 3.3401e-02
1.2152e+03 1.6424e+02 1.2332e+03 2.4279e+02 3.3183e-02
6.2379e+02 1.7021e+02 6.3992e+02 2.1896e+02 3.2503e-02
5.9777e+02 1.7469e+02 6.2591e+02 1.9639e+02 3.2245e-02
1.2108e+03 1.6556e+02 1.2295e+03 2.4066e+02 3.1864e-02
1.0591e+03 2.1403e+02 1.1679e+03 2.5047e+02 3.1165e-02
6.1180e+02 1.6552e+02 6.4372e+02 2.3219e+02 3.0362e-02
1.1858e+03 1.8215e+02 1.2400e+03 2.4118e+02 3.0159e-02
1.1712e+03 1.8853e+02 1.2420e+03 2.2943e+02 2.9759e-02
1.0038e+03 2.1436e+02 1.1249e+03 2.5026e+02 2.9448e-02
1.1979e+03 1.8322e+02 1.2193e+03 2.4181e+02 2.9117e-02
1.1922e+03 1.7043e+02 1.2277e+03 2.5853e+02 2.9078e-02
6.1452e+02 1.6987e+02 6.4091e+02 2.3149e+02 2.8757e-02
1.0095e+03 1.8348e+02 1.1195e+03 2.1560e+02 2.8650e-02
1.2241e+03 1.9561e+02 1.2420e+03 3.0588e+02 2.7523e-02
6.3417e+02 4.7968e+01 1.0435e+03 2.4698e+02 2.6664e-02
5.8249e+02 1.6645e+02 6.0350e+02 2.2546e+02 2.6466e-02
1.2029e+03 1.7022e+02 1.2227e+03 2.3201e+02 2.6439e-02
1.2232e+03 2.1324e+02 1.2420e+03 3.3386e+02 2.6133e-02
1.2142e+03 1.6418e+02 1.2420e+03 2.6992e+02 2.6112e-02
1.0688e+03 2.0732e+02 1.1747e+03 2.4111e+02 2.6016e-02
1.2015e+03 1.8045e+02 1.2337e+03 3.0064e+02 2.5631e-02
1.2057e+03 1.9482e+02 1.2420e+03 2.3685e+02 2.5445e-02
6.1404e+02 1.6984e+02 6.2999e+02 2.0996e+02 2.4985e-02
1.2081e+03 1.8059e+02 1.2389e+03 3.3106e+02 2.4538e-02
1.2156e+03 1.8947e+02 1.2420e+03 2.4739e+02 2.4459e-02
1.2046e+03 1.8704e+02 1.2420e+03 2.3016e+02 2.3938e-02
9.6527e+02 1.6899e+02 9.9320e+02 2.1166e+02 2.3930e-02
5.9935e+02 1.6732e+02 6.1740e+02 2.1284e+02 2.3736e-02
1.0344e+03 2.1456e+02 1.1404e+03 2.4939e+02 2.2828e-02
5.8977e+02 1.5008e+02 6.4861e+02 2.7896e+02 2.2496e-02
1.1637e+03 1.8241e+02 1.2331e+03 2.3665e+02 2.2343e-02
5.8627e+02 1.8525e+02 6.4188e+02 2.3725e+02 2.1717e-02
6.2119e+02 1.7051e+02 6.3437e+02 2.0969e+02 2.1468e-02
5.8639e+02 1.7432e+02 6.1673e+02 1.9827e+02 2.1127e-02
1.0781e+03 1.9983e+02 1.1801e+03 2.3245e+02 2.0679e-02
1.1675e+03 1.7905e+02 1.1853e+03 2.3608e+02 1.9941e-02
5.9151e+02 1.6821e+02 6.0930e+02 2.1364e+02 1.9809e-02
1.2058e+03 2.0214e+02 1.2420e+03 2.4482e+02 1.9665e-02
5.8786e+02 1.7059e+02 6.0621e+02 2.1414e+02 1.9317e-02
5.4452e+02 1.7738e+02 6.7378e+02 2.5382e+02 1.9208e-02
1.2355e+03 1.7272e+02 1.2420e+03 2.3042e+02 1.9179e-02
1.0097e+03 2.0588e+02 1.0584e+03 2.2038e+02 1.8959e-02
5.9612e+02 1.7562e+02 6.2519e+02 1.9099e+02 1.8255e-02
1.2316e+03 1.7990e+02 1.2420e+03 2.5082e+02 1.8053e-02
6.0953e+02 1.6881e+02 6.2608e+02 2.1135e+02 1.8016e-02
5.7491e+02 1.3038e+02 6.3415e+02 2.5886e+02 1.7986e-02
1.2054e+03 1.8002e+02 1.2420e+03 2.2236e+02 1.7828e-02
1.1759e+03 1.8839e+02 1.2366e+03 2.4414e+02 1.7764e-02
9.6872e+02 1.5885e+02 9.9525e+02 2.2322e+02 1.7328e-02
9.9281e+02 2.0197e+02 1.1065e+03 2.3277e+02 1.7272e-02
6.0393e+02 1.6819e+02 6.2139e+02 2.1263e+02 1.7243e-02
1.1718e+03 1.9972e+02 1.2360e+03 2.2404e+02 1.7153e-02
1.2242e+03 1.4968e+02 1.2420e+03 2.4535e+02 1.7042e-02
5.8347e+02 1.5971e+02 6.2077e+02 2.3147e+02 1.6880e-02
1.2139e+03 1.7877e+02 1.2420e+03 3.0008e+02 1.6690e-02
1.2153e+03 1.7511e+02 1.2420e+03 2.3217e+02 1.6510e-02
1.1977e+03 1.8897e+02 1.2420e+03 2.4933e+02 1.6445e-02
1.2074e+03 2.1029e+02 1.2420e+03 2.5272e+02 1.6098e-02
1.1186e+03 2.0016e+02 1.1657e+03 2.1758e+02 1.6041e-02
9.7463e+02 1.7423e+02 9.9347e+02 2.2073e+02 1.5907e-02
1.0098e+03 2.0218e+02 1.0584e+03 2.1710e+02 1.5489e-02
1.0070e+03 2.0634e+02 1.1188e+03 2.3982e+02 1.5409e-02
1.2167e+03 2.0494e+02 1.2420e+03 2.6372e+02 1.5062e-02
1.2043e+03 1.3138e+02 1.2420e+03 3.1670e+02 1.4967e-02
1.1185e+03 2.0395e+02 1.1659e+03 2.2140e+02 1.4962e-02
1.0565e+03 2.2171e+02 1.1686e+03 2.5905e+02 1.4943e-02
1.0028e+03 1.9289e+02 1.1120e+03 2.2320e+02 1.4719e-02
1.0111e+03 1.7642e+02 1.1215e+03 2.0904e+02 1.4703e-02
1.1940e+03 1.8448e+02 1.2152e+03 2.3981e+02 1.3993e-02
5.8917e+02 1.7466e+02 6.1985e+02 1.9120e+02 1.3878e-02
1.0223e+03 2.0621e+02 1.0709e+03 2.2062e+02 1.3751e-02
5.9062e+02 1.8744e+02 6.4309e+02 2.2372e+02 1.3668e-02
1.2090e+03 1.5165e+02 1.2394e+03 2.5547e+02 1.3355e-02
1.1986e+03 1.7245e+02 1.2190e+03 2.2886e+02 1.3134e-02
1.0798e+03 1.9208e+02 1.1828e+03 2.2470e+02 1.2977e-02
5.9947e+02 1.7475e+02 6.3085e+02 2.3327e+02 1.2922e-02
1.0456e+03 1.9269e+02 1.0931e+03 2.0877e+02 1.2915e-02
6.0821e+02 1.7730e+02 6.4282e+02 2.1434e+02 1.2863e-02
9.5069e+02 6.2035e+01 1.2420e+03 3.7500e+02 1.2367e-02
1.1834e+03 1.7233e+02 1.2215e+03 2.5475e+02 1.2228e-02
1.2017e+03 9.9467e+01 1.2420e+03 2.8052e+02 1.2176e-02
1.1731e+03 1.7741e+02 1.2358e+03 2.3124e+02 1.1933e-02
1.1067e+03 1.9982e+02 1.1515e+03 2.1687e+02 1.1685e-02
9.5783e+02 1.5917e+02 9.8487e+02 2.2091e+02 1.1605e-02
5.7790e+02 1.7783e+02 6.0675e+02 1.9926e+02 1.1455e-02
1.1677e+03 1.9623e+02 1.2330e+03 2.1973e+02 1.1135e-02
1.0221e+03 2.0235e+02 1.0706e+03 2.1694e+02 1.1018e-02
1.1194e+03 1.9612e+02 1.1651e+03 2.1360e+02 1.0920e-02
9.6115e+02 1.7316e+02 9.9079e+02 2.1370e+02 1.0727e-02
1.1710e+03 1.7781e+02 1.1889e+03 2.3628e+02 1.0623e-02
6.1875e+02 1.7798e+02 6.4353e+02 2.0545e+02 1.0582e-02
1.1016e+03 2.3443e+02 1.1489e+03 2.5420e+02 1.0508e-02
1.0334e+03 1.9340e+02 1.0817e+03 2.0889e+02 1.0241e-02
1.1060e+03 2.0379e+02 1.1517e+03 2.2060e+02 1.0133e-02
1.0146e+03 2.0073e+02 1.1254e+03 2.3228e+02 1.0019e-02
9.5126e+02 1.6486e+02 9.7214e+02 2.1457e+02 9.9370e-03
1.1900e+03 1.8392e+02 1.2113e+03 2.3917e+02 9.9303e-03
1.2060e+03 1.7251e+02 1.2420e+03 2.1477e+02 9.7399e-03
9.8342e+02 2.0670e+02 1.0982e+03 2.4082e+02 9.6887e-03
5.7670e+02 1.1311e+02 6.4727e+02 2.6319e+02 9.6491e-03
1.0091e+03 2.0895e+02 1.0585e+03 2.2386e+02 9.6231e-03
9.8792e+02 1.8513e+02 1.0981e+03 2.1755e+02 9.4802e-03
1.1922e+03 1.9209e+02 1.2279e+03 2.3088e+02 9.4028e-03
1.1656e+03 1.4643e+02 1.2420e+03 2.3553e+02 9.2700e-03
1.1695e+03 1.6330e+02 1.2420e+03 2.5011e+02 9.1992e-03
6.2046e+02 1.7817e+02 6.4537e+02 1.9801e+02 9.1816e-03
1.2239e+03 2.3364e+02 1.2420e+03 3.5722e+02 9.1800e-03
6.0031e+02 1.8532e+02 6.4706e+02 2.2750e+02 9.0893e-03
1.1558e+03 1.6184e+02 1.2420e+03 3.7500e+02 9.0784e-03
1.0293e+03 1.9808e+02 1.0798e+03 2.1257e+02 9.0575e-03
5.6269e+02 1.7894e+02 6.2878e+02 2.3023e+02 9.0324e-03
1.0085e+03 2.2112e+02 1.1317e+03 2.5788e+02 8.9843e-03
1.1857e+03 1.8285e+02 1.2076e+03 2.3946e+02 8.9790e-03
6.1673e+02 1.7566e+02 6.4000e+02 1.9497e+02 8.9170e-03
5.7633e+02 1.7874e+02 6.1682e+02 2.0566e+02 8.7504e-03
1.0355e+03 2.0827e+02 1.1385e+03 2.4015e+02 8.7493e-03
1.1513e+03 1.7778e+02 1.2420e+03 2.1312e+02 8.5401e-03
1.0541e+03 1.9281e+02 1.1022e+03 2.0903e+02 8.4780e-03
7.7097e+02 2.5011e+01 1.1837e+03 2.5443e+02 8.4675e-03
1.0083e+03 1.9801e+02 1.0588e+03 2.1280e+02 8.2729e-03
9.8287e+02 1.7125e+02 9.9916e+02 2.1590e+02 8.2606e-03
1.2146e+03 2.0000e+02 1.2420e+03 3.5296e+02 8.2523e-03
5.9599e+02 1.6591e+02 6.1324e+02 2.0524e+02 8.2205e-03
6.2430e+02 1.7058e+02 6.3678e+02 2.0944e+02 8.1458e-03
1.2322e+03 1.9605e+02 1.2420e+03 2.2954e+02 8.0672e-03
1.0210e+03 1.9845e+02 1.0708e+03 2.1245e+02 8.0497e-03
1.2248e+03 1.3066e+02 1.2420e+03 2.2958e+02 7.9994e-03
1.1647e+03 1.8008e+02 1.1824e+03 2.3465e+02 7.9964e-03
1.1193e+03 2.0787e+02 1.1659e+03 2.2491e+02 7.9836e-03
5.8005e+02 1.7487e+02 6.0735e+02 2.3384e+02 7.9482e-03
9.8185e+02 2.1373e+02 1.1056e+03 2.4992e+02 7.8742e-03
1.1888e+03 1.9252e+02 1.2395e+03 2.5625e+02 7.8069e-03
1.1071e+03 1.9566e+02 1.1506e+03 2.1295e+02 7.6952e-03
1.1863e+03 1.9563e+02 1.2420e+03 2.3699e+02 7.5071e-03
1.0250e+03 1.9384e+02 1.0753e+03 2.0798e+02 7.5057e-03
1.0297e+03 2.0181e+02 1.0786e+03 2.1691e+02 7.4573e-03
1.2190e+03 2.1986e+02 1.2420e+03 2.8060e+02 7.4394e-03
1.2366e+03 1.6207e+02 1.2420e+03 2.1827e+02 7.4305e-03
5.9443e+02 1.7639e+02 6.2005e+02 1.9249e+02 7.2635e-03
1.2012e+03 2.7685e+02 1.2420e+03 3.7500e+02 7.1901e-03
1.2083e+03 2.1766e+02 1.2420e+03 2.5990e+02 7.1296e-03
1.1819e+03 2.0207e+02 1.2398e+03 2.2771e+02 7.0895e-03
1.0845e+03 0.0000e+00 1.2420e+03 3.7500e+02 7.0655e-03
1.1198e+03 1.9198e+02 1.1650e+03 2.0952e+02 7.0497e-03
1.2260e+03 1.5153e+02 1.2402e+03 2.2651e+02 6.9284e-03
9.6195e+02 1.7018e+02 1.1999e+03 2.4050e+02 6.9116e-03
9.5305e+02 1.7432e+02 9.7089e+02 2.1568e+02 6.8804e-03
1.1059e+03 2.0817e+02 1.1518e+03 2.2485e+02 6.8711e-03
1.1602e+03 1.9937e+02 1.2257e+03 2.2361e+02 6.8165e-03
1.1956e+03 1.7671e+02 1.2420e+03 2.3475e+02 6.8161e-03
6.0622e+02 1.6073e+02 6.3910e+02 2.2535e+02 6.7866e-03
1.1657e+03 2.0167e+02 1.2420e+03 2.4234e+02 6.7757e-03
1.0082e+03 1.9383e+02 1.0584e+03 2.0862e+02 6.7727e-03
1.2273e+03 1.9979e+02 1.2420e+03 2.2390e+02 6.6760e-03
1.1824e+03 1.7985e+02 1.2032e+03 2.3641e+02 6.6755e-03
1.0446e+03 1.9685e+02 1.0944e+03 2.1331e+02 6.6356e-03
1.2359e+03 1.9530e+02 1.2420e+03 2.5545e+02 6.6060e-03
5.5801e+02 1.6045e+02 6.9525e+02 2.3153e+02 6.6005e-03
5.7076e+02 1.5112e+02 6.3127e+02 2.8099e+02 6.5766e-03
1.1837e+03 1.3673e+02 1.2420e+03 2.5047e+02 6.5065e-03
0.0000e+00 2.8422e+02 2.9684e+01 3.7500e+02 6.4639e-03
5.8746e+02 1.7894e+02 6.2609e+02 2.5830e+02 6.3483e-03
1.0995e+03 2.0410e+02 1.1447e+03 2.2161e+02 6.3432e-03
1.0163e+03 1.9401e+02 1.0663e+03 2.0813e+02 6.3187e-03
5.9397e+02 1.7333e+02 6.5090e+02 2.0699e+02 6.3180e-03
1.1196e+03 1.8854e+02 1.2274e+03 2.2856e+02 6.1530e-03
1.1789e+03 1.7912e+02 1.1983e+03 2.3591e+02 6.0967e-03
1.0175e+03 2.0920e+02 1.0669e+03 2.2381e+02 6.0516e-03
1.2366e+03 2.4456e+02 1.2420e+03 3.0985e+02 6.0446e-03
9.7197e+02 2.0280e+02 1.0850e+03 2.3384e+02 5.9960e-03
1.2068e+03 1.6391e+02 1.2420e+03 2.0612e+02 5.9778e-03
1.1827e+03 1.9529e+02 1.2394e+03 2.2069e+02 5.9408e-03
1.2192e+03 2.3298e+02 1.2420e+03 2.9714e+02 5.9324e-03
5.7853e+02 1.8499e+02 6.2639e+02 2.1778e+02 5.8449e-03
1.0993e+03 2.0015e+02 1.1452e+03 2.1781e+02 5.8174e-03
1.2104e+03 2.2594e+02 1.2420e+03 2.6928e+02 5.7250e-03
5.8517e+02 1.6970e+02 6.0146e+02 2.1382e+02 5.7230e-03
6.6837e+02 9.0028e+01 1.0433e+03 2.8909e+02 5.7106e-03
1.2257e+03 1.3647e+02 1.2404e+03 2.0917e+02 5.6951e-03
1.2041e+03 1.6740e+02 1.2420e+03 3.6831e+02 5.5701e-03
1.2225e+03 2.5442e+02 1.2420e+03 3.7500e+02 5.5394e-03
1.1686e+03 1.9241e+02 1.2322e+03 2.1540e+02 5.5181e-03
1.2167e+03 1.5920e+02 1.2420e+03 2.1576e+02 5.4500e-03
9.8122e+02 1.9426e+02 1.0913e+03 2.2475e+02 5.4446e-03
5.9265e+02 1.8554e+02 6.4720e+02 2.4072e+02 5.4317e-03
1.1824e+03 1.9395e+02 1.2235e+03 2.2952e+02 5.2634e-03
1.1910e+03 1.8066e+02 1.2420e+03 2.2349e+02 5.2503e-03
1.2368e+03 1.4273e+02 1.2420e+03 1.9681e+02 5.2250e-03
1.1279e+03 1.8233e+02 1.2353e+03 2.2188e+02 5.2243e-03
1.1974e+03 1.9429e+02 1.2303e+03 2.3578e+02 5.2086e-03
1.2327e+03 1.8826e+02 1.2420e+03 2.2138e+02 5.1286e-03
1.2107e+03 2.3378e+02 1.2420e+03 2.7830e+02 5.1238e-03
1.1945e+03 1.7399e+02 1.2147e+03 2.2710e+02 5.1145e-03
1.0328e+03 2.0541e+02 1.0821e+03 2.2096e+02 5.0969e-03
1.1021e+03 1.8814e+02 1.2064e+03 2.2580e+02 5.0388e-03
1.1871e+03 3.1616e+02 1.2420e+03 3.7500e+02 5.0042e-03
9.6333e+02 1.6574e+02 9.9022e+02 2.4328e+02 4.9996e-03
1.1071e+03 2.3698e+02 1.1520e+03 2.5658e+02 4.9798e-03
1.0963e+03 2.0792e+02 1.1416e+03 2.2545e+02 4.8997e-03
1.1054e+03 2.1158e+02 1.1519e+03 2.2870e+02 4.8346e-03
1.2102e+03 2.0016e+02 1.2387e+03 3.7412e+02 4.8292e-03
1.0317e+03 1.8078e+02 1.1374e+03 2.1637e+02 4.8181e-03
6.1602e+02 1.7933e+02 6.4752e+02 2.0211e+02 4.7780e-03
1.0803e+03 1.8514e+02 1.1812e+03 2.1702e+02 4.7665e-03
6.1065e+02 1.6804e+02 6.4517e+02 2.5844e+02 4.7284e-03
1.0501e+03 1.8901e+02 1.0978e+03 2.0546e+02 4.6794e-03
1.1751e+03 1.7836e+02 1.1931e+03 2.3545e+02 4.6391e-03
1.2005e+03 1.4225e+02 1.2333e+03 2.4411e+02 4.5835e-03
1.0999e+03 2.3032e+02 1.1497e+03 2.5056e+02 4.5577e-03
1.1107e+03 1.9187e+02 1.1552e+03 2.0943e+02 4.5483e-03
1.1720e+03 1.7785e+02 1.2420e+03 2.6351e+02 4.5200e-03
9.7865e+02 1.7667e+02 9.9672e+02 2.2027e+02 4.5194e-03
1.1173e+03 2.2193e+02 1.1324e+03 2.6230e+02 4.4781e-03
1.1908e+03 2.0100e+02 1.2420e+03 2.4494e+02 4.4575e-03
9.1696e+02 1.6484e+02 1.1732e+03 2.4184e+02 4.3864e-03
5.7604e+02 1.9293e+02 6.3978e+02 2.4212e+02 4.3740e-03
1.2369e+03 1.5416e+02 1.2420e+03 2.0896e+02 4.3643e-03
6.2785e+02 1.7136e+02 6.4269e+02 2.1683e+02 4.3422e-03
5.8612e+02 1.7673e+02 6.1600e+02 2.3192e+02 4.3393e-03
1.1564e+03 1.7685e+02 1.2302e+03 2.2936e+02 4.3211e-03
1.2072e+03 1.5533e+02 1.2420e+03 1.9723e+02 4.3193e-03
1.0233e+03 1.9046e+02 1.1296e+03 2.2291e+02 4.3177e-03
1.1862e+03 1.7274e+02 1.2071e+03 2.2804e+02 4.3156e-03
1.1273e+03 2.3804e+02 1.2420e+03 3.7500e+02 4.2795e-03
1.2319e+03 1.6470e+02 1.2420e+03 2.3479e+02 4.2601e-03
1.2279e+03 1.9184e+02 1.2420e+03 2.1581e+02 4.2433e-03
1.1116e+03 2.3407e+02 1.1620e+03 2.5464e+02 4.2430e-03
1.1912e+03 1.6674e+02 1.2420e+03 2.8207e+02 4.1803e-03
1.0030e+03 2.0125e+02 1.0518e+03 2.1656e+02 4.1645e-03
9.5676e+02 1.6536e+02 1.0011e+03 2.1829e+02 4.1601e-03
1.1905e+03 1.7355e+02 1.2109e+03 2.2732e+02 4.1392e-03
1.0965e+03 2.1165e+02 1.1424e+03 2.2895e+02 4.0495e-03
1.2114e+03 1.5490e+02 1.2288e+03 2.2446e+02 4.0451e-03
1.1487e+03 1.8249e+02 1.2226e+03 2.3737e+02 4.0068e-03
1.2234e+03 3.2894e+02 1.2420e+03 3.7500e+02 3.9879e-03
7.9765e+02 1.4734e+01 1.0059e+03 3.6196e+02 3.9791e-03
5.8957e+02 1.9195e+02 6.3868e+02 2.3062e+02 3.9743e-03
9.5358e+02 1.7106e+02 9.8220e+02 2.1120e+02 3.9023e-03
5.7363e+02 1.7864e+02 6.0049e+02 1.9964e+02 3.8973e-03
1.1195e+03 2.1133e+02 1.1663e+03 2.2871e+02 3.8744e-03
1.1910e+03 1.8100e+02 1.2281e+03 2.9563e+02 3.8667e-03
1.1856e+03 1.7106e+02 1.2388e+03 2.2533e+02 3.8104e-03
1.2216e+03 2.4848e+02 1.2420e+03 3.1183e+02 3.8009e-03
1.2158e+03 1.5388e+02 1.2324e+03 2.2544e+02 3.7962e-03
1.2095e+03 2.4806e+02 1.2420e+03 2.9434e+02 3.7950e-03
5.8054e+02 1.7535e+02 6.1231e+02 1.9655e+02 3.7380e-03
9.2265e+02 1.8377e+02 1.1850e+03 2.5701e+02 3.7377e-03
1.1584e+03 1.9564e+02 1.2210e+03 2.1934e+02 3.6939e-03
1.2068e+03 1.9083e+02 1.2373e+03 2.3413e+02 3.6922e-03
1.2212e+03 1.5249e+02 1.2365e+03 2.2621e+02 3.6714e-03
1.0413e+03 2.0056e+02 1.0897e+03 2.1680e+02 3.6648e-03
1.1692e+03 1.8834e+02 1.2315e+03 2.1133e+02 3.6059e-03
1.2361e+03 2.3312e+02 1.2420e+03 2.9842e+02 3.5445e-03
1.0130e+03 1.7327e+02 1.2183e+03 2.4274e+02 3.5337e-03
9.9590e+02 1.6093e+02 1.2134e+03 2.3026e+02 3.5253e-03
1.1205e+03 2.2149e+02 1.1355e+03 2.6172e+02 3.5079e-03
1.2331e+03 1.8052e+02 1.2420e+03 2.1334e+02 3.4999e-03
1.0804e+03 1.2795e+02 1.2420e+03 3.0686e+02 3.4853e-03
1.2281e+03 1.8764e+02 1.2420e+03 2.1175e+02 3.4777e-03
6.1678e+02 1.7903e+02 6.4517e+02 2.1308e+02 3.4699e-03
1.2326e+03 2.0359e+02 1.2420e+03 2.3675e+02 3.4474e-03
1.0452e+03 2.0513e+02 1.0940e+03 2.2084e+02 3.4307e-03
1.0989e+03 2.3733e+02 1.1451e+03 2.5633e+02 3.4261e-03
5.8008e+02 1.6686e+02 5.9933e+02 2.2697e+02 3.4074e-03
1.1937e+03 1.8539e+02 1.2277e+03 2.2235e+02 3.4049e-03
1.1770e+03 1.7098e+02 1.2139e+03 2.5285e+02 3.4013e-03
1.0811e+03 2.5484e+02 1.2420e+03 3.7500e+02 3.3943e-03
1.1750e+03 1.8553e+02 1.2350e+03 2.0848e+02 3.3697e-03
1.1818e+03 1.7627e+02 1.2231e+03 2.7886e+02 3.3657e-03
1.0341e+03 1.9939e+02 1.1381e+03 2.3131e+02 3.3536e-03
1.1025e+03 1.9512e+02 1.2038e+03 2.3255e+02 3.3008e-03
9.7043e+02 1.6639e+02 9.9668e+02 2.4419e+02 3.2905e-03
1.0989e+03 1.5551e+02 1.2420e+03 3.3735e+02 3.2855e-03
5.5345e+02 1.4415e+02 6.5899e+02 2.3558e+02 3.2571e-03
1.2280e+03 2.0744e+02 1.2420e+03 2.3135e+02 3.2271e-03
1.2018e+03 1.8789e+02 1.2334e+03 2.2956e+02 3.2047e-03
1.0256e+03 2.0924e+02 1.0752e+03 2.2419e+02 3.1836e-03
1.0548e+03 1.9646e+02 1.1059e+03 2.1352e+02 3.1679e-03
1.0534e+03 2.0063e+02 1.1020e+03 2.1674e+02 3.1239e-03
1.2287e+03 1.8368e+02 1.2420e+03 2.0803e+02 3.1094e-03
1.0857e+03 1.7325e+02 1.2420e+03 2.4636e+02 3.0933e-03
1.0797e+03 2.1294e+02 1.1875e+03 2.4926e+02 3.0808e-03
1.1747e+03 1.9380e+02 1.2167e+03 2.2962e+02 3.0760e-03
1.1916e+03 1.9770e+02 1.2420e+03 2.2572e+02 3.0578e-03
9.3658e+02 1.5600e+02 1.1678e+03 2.2892e+02 3.0375e-03
5.6840e+02 1.7382e+02 6.1690e+02 2.2547e+02 3.0291e-03
1.1004e+03 2.1425e+02 1.1500e+03 2.3290e+02 3.0105e-03
1.2287e+03 1.4046e+02 1.2420e+03 2.1343e+02 2.9984e-03
1.2079e+03 1.4765e+02 1.2420e+03 1.8962e+02 2.9948e-03
1.1661e+03 1.1414e+02 1.2373e+03 2.8373e+02 2.9882e-03
1.0380e+03 1.8913e+02 1.0863e+03 2.0583e+02 2.9527e-03
6.2364e+02 1.8083e+02 6.4399e+02 2.4049e+02 2.9335e-03
5.8326e+02 1.8206e+02 6.1193e+02 2.3383e+02 2.9175e-03
1.1545e+03 3.9277e+01 1.2420e+03 3.7500e+02 2.9174e-03
1.1788e+03 1.9078e+02 1.2199e+03 2.2530e+02 2.9099e-03
5.9283e+02 1.8166e+02 6.4542e+02 2.1694e+02 2.8947e-03
1.2156e+03 2.3373e+02 1.2339e+03 3.2394e+02 2.8520e-03
1.0142e+03 1.6814e+02 1.1210e+03 2.0232e+02 2.8419e-03
6.2579e+02 1.7510e+02 6.5019e+02 1.9527e+02 2.8397e-03
1.1681e+03 1.7100e+02 1.1853e+03 2.2510e+02 2.7850e-03
1.1893e+03 1.4356e+02 1.2420e+03 3.2462e+02 2.7727e-03
1.1710e+03 1.4946e+02 1.2382e+03 3.1733e+02 2.7574e-03
9.5867e+02 1.6742e+02 9.8697e+02 2.1174e+02 2.7314e-03
1.2209e+03 1.3677e+02 1.2365e+03 2.0915e+02 2.7286e-03
1.0997e+03 1.9572e+02 1.1450e+03 2.1421e+02 2.7021e-03
6.1242e+02 1.8586e+02 6.4550e+02 2.2764e+02 2.6916e-03
1.2184e+03 1.9225e+02 1.2420e+03 2.3359e+02 2.6899e-03
9.6711e+02 1.8081e+02 9.9566e+02 2.1529e+02 2.6625e-03
1.1163e+03 2.1323e+02 1.1327e+03 2.5636e+02 2.6485e-03
1.2206e+03 3.5121e+02 1.2420e+03 3.7500e+02 2.6464e-03
1.2044e+03 6.8518e+01 1.2420e+03 2.4799e+02 2.6087e-03
6.2648e+02 1.7843e+02 6.5071e+02 1.9858e+02 2.5856e-03
6.0479e+02 1.7356e+02 6.6026e+02 2.0745e+02 2.5792e-03
1.2293e+03 1.7980e+02 1.2420e+03 2.0419e+02 2.5738e-03
1.0078e+03 2.1269e+02 1.0599e+03 2.2856e+02 2.5583e-03
1.1136e+03 2.2273e+02 1.1295e+03 2.6240e+02 2.5468e-03
1.1035e+03 1.9134e+02 1.1476e+03 2.0949e+02 2.5430e-03
1.1096e+03 2.3021e+02 1.1392e+03 2.5686e+02 2.5383e-03
1.1912e+03 2.0942e+02 1.2420e+03 2.5323e+02 2.5098e-03
9.4994e+02 1.7681e+02 9.7767e+02 2.1233e+02 2.5076e-03
6.1501e+02 1.7376e+02 6.4258e+02 1.9070e+02 2.4887e-03
1.1832e+03 1.8731e+02 1.2383e+03 2.1236e+02 2.4721e-03
1.1378e+03 2.0145e+02 1.2377e+03 2.4151e+02 2.4719e-03
9.7098e+02 1.7241e+02 9.9709e+02 2.1072e+02 2.4675e-03
1.0580e+03 1.9958e+02 1.1539e+03 2.3182e+02 2.4618e-03
9.8798e+02 1.7642e+02 1.0996e+03 2.0976e+02 2.4603e-03
6.7511e+02 1.4471e+01 1.0083e+03 2.5612e+02 2.4553e-03
1.2157e+03 1.3731e+02 1.2326e+03 2.0826e+02 2.4493e-03
0.0000e+00 3.1742e+02 4.1942e+01 3.7500e+02 2.4475e-03
1.2082e+03 1.5660e+02 1.2257e+03 2.2179e+02 2.4391e-03
1.1979e+03 2.0246e+02 1.2420e+03 2.6765e+02 2.4186e-03
0.0000e+00 3.5777e+02 5.9360e+00 3.7500e+02 2.4084e-03
5.6146e+02 1.7270e+02 6.2474e+02 2.1159e+02 2.4026e-03
1.1839e+03 1.0609e+02 1.2420e+03 2.8900e+02 2.3992e-03
1.2119e+03 2.5554e+02 1.2420e+03 3.0123e+02 2.3830e-03
5.2899e+02 1.5805e+02 6.3257e+02 2.4730e+02 2.3586e-03
1.1982e+03 1.8037e+02 1.2300e+03 2.2007e+02 2.3306e-03
5.8002e+02 1.7696e+02 6.0506e+02 2.0618e+02 2.3300e-03
7.8493e+02 0.0000e+00 9.6891e+02 3.1793e+02 2.3267e-03
1.1020e+03 1.8192e+02 1.2045e+03 2.1900e+02 2.3225e-03
1.2143e+03 1.4039e+02 1.2420e+03 2.4630e+02 2.3084e-03
1.0571e+03 2.0509e+02 1.1052e+03 2.2078e+02 2.2958e-03
0.0000e+00 3.2857e+02 1.3521e+01 3.7500e+02 2.2917e-03
5.6817e+02 1.0087e+02 6.3509e+02 2.6457e+02 2.2513e-03
5.7314e+02 1.5442e+02 6.7807e+02 2.3806e+02 2.2447e-03
6.2986e+02 1.7465e+02 6.5410e+02 1.9434e+02 2.2330e-03
1.0637e+03 1.8978e+02 1.1648e+03 2.2503e+02 2.2269e-03
6.2808e+02 1.7143e+02 6.4081e+02 2.0763e+02 2.2255e-03
1.1890e+03 1.8215e+02 1.2252e+03 2.1750e+02 2.2175e-03
1.2343e+03 1.7329e+02 1.2420e+03 2.0493e+02 2.2170e-03
9.4932e+02 1.6832e+02 9.6634e+02 2.1193e+02 2.2128e-03
9.8749e+02 1.7251e+02 1.0037e+03 2.1561e+02 2.2078e-03
9.5827e+02 1.7141e+01 1.1638e+03 3.4437e+02 2.1988e-03
1.1054e+03 1.5876e+02 1.2420e+03 2.3248e+02 2.1983e-03
1.2177e+03 1.4314e+02 1.2420e+03 1.9857e+02 2.1975e-03
1.0298e+03 1.9017e+02 1.0806e+03 2.0472e+02 2.1878e-03
1.1589e+03 1.9179e+02 1.2204e+03 2.1500e+02 2.1815e-03
1.0484e+03 2.0900e+02 1.0980e+03 2.2472e+02 2.1792e-03
9.8804e+02 1.8587e+02 1.2186e+03 2.5949e+02 2.1742e-03
1.2125e+03 1.8750e+02 1.2410e+03 2.2992e+02 2.1471e-03
1.1173e+03 2.3682e+02 1.1668e+03 2.5693e+02 2.1394e-03
1.2114e+03 1.3815e+02 1.2292e+03 2.0734e+02 2.1326e-03
1.1175e+03 1.8022e+02 1.1307e+03 2.2112e+02 2.1123e-03
1.2196e+03 2.3205e+02 1.2371e+03 3.2500e+02 2.0720e-03
1.0916e+03 2.0626e+02 1.1901e+03 2.3928e+02 2.0411e-03
1.0005e+03 1.9673e+02 1.0521e+03 2.1226e+02 2.0227e-03
5.7352e+02 1.6686e+02 6.0353e+02 2.4269e+02 2.0083e-03
1.1942e+03 1.7869e+02 1.2276e+03 2.1423e+02 2.0020e-03
1.1834e+03 1.5969e+02 1.2199e+03 2.4104e+02 1.9933e-03
1.2360e+03 2.5371e+02 1.2420e+03 3.2428e+02 1.9882e-03
0.0000e+00 1.9837e+02 5.1397e+01 3.7500e+02 1.9734e-03
5.6941e+02 1.9940e+02 6.4922e+02 2.4327e+02 1.9678e-03
1.1905e+03 1.7372e+02 1.2420e+03 2.1567e+02 1.9640e-03
6.0351e+02 1.7791e+02 6.3847e+02 2.6141e+02 1.9640e-03
5.7007e+02 1.8463e+02 6.3208e+02 2.4203e+02 1.9586e-03
9.8021e+02 2.2107e+02 1.1113e+03 2.5910e+02 1.9564e-03
1.0866e+03 2.3391e+02 1.1396e+03 2.5429e+02 1.9563e-03
1.0898e+03 2.0352e+02 1.1380e+03 2.2082e+02 1.9502e-03
1.2343e+03 1.5312e+02 1.2420e+03 1.8408e+02 1.9481e-03
6.2327e+02 1.7872e+02 6.4659e+02 2.0364e+02 1.9476e-03
9.6280e+02 1.6299e+02 9.8980e+02 2.0884e+02 1.9438e-03
1.1176e+03 1.9696e+02 1.1306e+03 2.3333e+02 1.9376e-03
1.2307e+03 1.7594e+02 1.2420e+03 1.9999e+02 1.9357e-03
9.5636e+02 1.7575e+02 1.0069e+03 2.0495e+02 1.9278e-03
1.1717e+03 1.7021e+02 1.1887e+03 2.2564e+02 1.9095e-03
1.0349e+03 1.7443e+02 1.1381e+03 2.0969e+02 1.9026e-03
1.1842e+03 1.8725e+02 1.2230e+03 2.2085e+02 1.8958e-03
1.1139e+03 1.9837e+02 1.1423e+03 2.1867e+02 1.8949e-03
1.1228e+03 1.9806e+02 1.1735e+03 2.1784e+02 1.8817e-03
1.1878e+03 1.9040e+02 1.2406e+03 2.1712e+02 1.8816e-03
9.6526e+02 1.9263e+02 1.0764e+03 2.2607e+02 1.8801e-03
9.6047e+02 1.4852e+02 9.9451e+02 2.2072e+02 1.8796e-03
9.9998e+02 1.9264e+02 1.0515e+03 2.0828e+02 1.8521e-03
1.1610e+03 2.1273e+02 1.2420e+03 3.7500e+02 1.8484e-03
1.1145e+03 1.9430e+02 1.1416e+03 2.1498e+02 1.8473e-03
1.0991e+03 2.2622e+02 1.1504e+03 2.4604e+02 1.8313e-03
1.2121e+03 1.9437e+02 1.2413e+03 2.3736e+02 1.8301e-03
5.9010e+02 1.8173e+02 6.2139e+02 2.3401e+02 1.8226e-03
1.2308e+03 1.5585e+02 1.2420e+03 1.7959e+02 1.8161e-03
1.1739e+03 1.9175e+02 1.2420e+03 2.8185e+02 1.8063e-03
1.1098e+03 2.0205e+02 1.1379e+03 2.2246e+02 1.8016e-03
1.1233e+03 1.1293e+02 1.2420e+03 3.4146e+02 1.7892e-03
1.2363e+03 2.2167e+02 1.2420e+03 2.8533e+02 1.7877e-03
5.8983e+02 1.4626e+02 6.2736e+02 2.2266e+02 1.7757e-03
1.1670e+03 1.9113e+02 1.2316e+03 2.5231e+02 1.7730e-03
1.1616e+03 1.8032e+02 1.1786e+03 2.3528e+02 1.7592e-03
1.1707e+03 1.1566e+02 1.2420e+03 2.0832e+02 1.7544e-03
1.2344e+03 1.6101e+02 1.2420e+03 1.9178e+02 1.7316e-03
1.0357e+03 2.0910e+02 1.0868e+03 2.2489e+02 1.7277e-03
1.2364e+03 2.0632e+02 1.2420e+03 2.6801e+02 1.7228e-03
1.1499e+03 1.1784e+02 1.2257e+03 2.7717e+02 1.6992e-03
9.6215e+02 2.0620e+02 1.0765e+03 2.4224e+02 1.6864e-03
1.0970e+03 2.1788e+02 1.1488e+03 2.3674e+02 1.6845e-03
1.2240e+03 2.3063e+02 1.2408e+03 3.2722e+02 1.6825e-03
1.0853e+03 2.0764e+02 1.1339e+03 2.2468e+02 1.6772e-03
9.4772e+02 1.7207e+02 1.0174e+03 2.0827e+02 1.6769e-03
6.2082e+02 1.6673e+02 6.4698e+02 2.4949e+02 1.6768e-03
5.7760e+02 1.7533e+02 6.0559e+02 1.9528e+02 1.6763e-03
1.1248e+03 1.9830e+02 1.1571e+03 2.1831e+02 1.6641e-03
1.1687e+03 1.7087e+02 1.2046e+03 2.5198e+02 1.6597e-03
1.0881e+03 1.9923e+02 1.1383e+03 2.1732e+02 1.6596e-03
1.2049e+03 2.2056e+02 1.2420e+03 3.7500e+02 1.6408e-03
1.1957e+03 2.4284e+02 1.2420e+03 3.6917e+02 1.6383e-03
1.2120e+03 2.3417e+02 1.2301e+03 3.2211e+02 1.6348e-03
1.2311e+03 1.6372e+02 1.2420e+03 1.8736e+02 1.6292e-03
1.1175e+03 1.8869e+02 1.1304e+03 2.2735e+02 1.6147e-03
1.1762e+03 1.8713e+02 1.2155e+03 2.2103e+02 1.6147e-03
0.0000e+00 0.0000e+00 1.2872e+02 3.7500e+02 1.6082e-03
8.0132e+02 6.8658e+01 1.2420e+03 3.7500e+02 1.5961e-03
1.2313e+03 1.7172e+02 1.2420e+03 1.9566e+02 1.5915e-03
1.1212e+03 1.8512e+02 1.1344e+03 2.2304e+02 1.5902e-03
1.1247e+03 2.0205e+02 1.1569e+03 2.2212e+02 1.5809e-03
1.1238e+03 1.9432e+02 1.1731e+03 2.1380e+02 1.5671e-03
9.5070e+02 1.7968e+02 1.0039e+03 2.0767e+02 1.5559e-03
1.1720e+03 2.6400e+02 1.2420e+03 3.6729e+02 1.5444e-03
1.2076e+03 1.8396e+02 1.2373e+03 2.2546e+02 1.5282e-03
1.1172e+03 2.0154e+02 1.1323e+03 2.4123e+02 1.5179e-03
1.1255e+03 1.9448e+02 1.1564e+03 2.1436e+02 1.5122e-03
1.2239e+03 2.7071e+02 1.2420e+03 3.3866e+02 1.5089e-03
9.5033e+02 1.5537e+02 9.7846e+02 2.2167e+02 1.5058e-03
5.3031e+02 1.4754e+02 6.8751e+02 2.2330e+02 1.5031e-03
6.0786e+02 1.7754e+02 6.5125e+02 2.2378e+02 1.4986e-03
1.1132e+03 2.1350e+02 1.1301e+03 2.5593e+02 1.4918e-03
5.7859e+02 1.5771e+02 6.0973e+02 2.2871e+02 1.4904e-03
1.1633e+03 2.8109e+02 1.2410e+03 3.7500e+02 1.4892e-03
5.9477e+02 1.8203e+02 6.5509e+02 2.2976e+02 1.4864e-03
9.7608e+02 1.5661e+02 1.0032e+03 2.2598e+02 1.4583e-03
1.0165e+03 2.1264e+02 1.0680e+03 2.2801e+02 1.4499e-03
1.0621e+03 1.8246e+02 1.1644e+03 2.1786e+02 1.4479e-03
1.2187e+03 1.8475e+02 1.2420e+03 2.2529e+02 1.4419e-03
1.1828e+03 1.7007e+02 1.2029e+03 2.2639e+02 1.4399e-03
1.1104e+03 2.3035e+02 1.1632e+03 2.5107e+02 1.4365e-03
8.4780e+02 1.2803e+02 8.6443e+02 1.6876e+02 1.4116e-03
1.1402e+03 1.6923e+02 1.2420e+03 2.4855e+02 1.4080e-03
1.1099e+03 2.0617e+02 1.1380e+03 2.2699e+02 1.4065e-03
1.2142e+03 2.6320e+02 1.2420e+03 3.1004e+02 1.4022e-03
1.0843e+03 2.2291e+02 1.1877e+03 2.5944e+02 1.3921e-03
1.2133e+03 2.3187e+02 1.2420e+03 3.7500e+02 1.3783e-03
1.1174e+03 2.0235e+02 1.1476e+03 2.2238e+02 1.3718e-03
1.2292e+03 2.1128e+02 1.2420e+03 2.3525e+02 1.3609e-03
1.2018e+03 1.9590e+02 1.2349e+03 3.4453e+02 1.3603e-03
8.3666e+02 0.0000e+00 1.0287e+03 3.0624e+02 1.3603e-03
9.5744e+02 1.6570e+02 9.8507e+02 2.4225e+02 1.3599e-03
1.1794e+03 1.7017e+02 1.1979e+03 2.2592e+02 1.3589e-03
5.8228e+02 1.7358e+02 6.1430e+02 1.9172e+02 1.3552e-03
1.1182e+03 1.6260e+02 1.2398e+03 2.5892e+02 1.3551e-03
5.7805e+02 1.7429e+02 6.6790e+02 2.5375e+02 1.3436e-03
1.0756e+03 2.3325e+02 1.1285e+03 2.5492e+02 1.3425e-03
1.1912e+03 1.4481e+02 1.2266e+03 2.3886e+02 1.3412e-03
1.1891e+03 1.8296e+02 1.2404e+03 2.0937e+02 1.3393e-03
1.1619e+03 1.8484e+02 1.2248e+03 2.0784e+02 1.3346e-03
1.1145e+03 1.9015e+02 1.1412e+03 2.1132e+02 1.3315e-03
6.1060e+02 1.9117e+02 6.4425e+02 2.3439e+02 1.3291e-03
6.0902e+02 1.7466e+02 6.5342e+02 2.1237e+02 1.3214e-03
1.0979e+03 2.2134e+02 1.1504e+03 2.4123e+02 1.3128e-03
1.1593e+03 1.9336e+02 1.1917e+03 2.2958e+02 1.3113e-03
1.2084e+03 1.3996e+02 1.2420e+03 1.8213e+02 1.3111e-03
6.0859e+02 1.4361e+02 6.6087e+02 2.6940e+02 1.3110e-03
6.3030e+02 1.7816e+02 6.5485e+02 1.9801e+02 1.3103e-03
7.9518e+02 1.2731e+02 9.0766e+02 1.6595e+02 1.3098e-03
1.1142e+03 1.9718e+02 1.1276e+03 2.3265e+02 1.3081e-03
1.1871e+03 1.0549e+02 1.2420e+03 2.2233e+02 1.3048e-03
1.2218e+03 2.8494e+02 1.2420e+03 3.5331e+02 1.3046e-03
5.5740e+02 1.1496e+02 6.1496e+02 2.6043e+02 1.2927e-03
1.1123e+03 1.8456e+02 1.2420e+03 3.6712e+02 1.2847e-03
6.1756e+02 1.5759e+02 6.4439e+02 2.2316e+02 1.2576e-03
1.0440e+03 1.8918e+02 1.1433e+03 2.2420e+02 1.2514e-03
9.4562e+02 4.5172e+01 1.1241e+03 3.4307e+02 1.2180e-03
9.6030e+02 1.7256e+02 1.0078e+03 2.2400e+02 1.2149e-03
0.0000e+00 2.5706e+02 8.8764e+01 3.7500e+02 1.2015e-03
1.1515e+03 1.5328e+02 1.2276e+03 3.0886e+02 1.1607e-03
0.0000e+00 1.3557e+02 3.1586e+01 3.2998e+02 1.1328e-03
0.0000e+00 2.6617e+02 1.4918e+02 3.7500e+02 1.1311e-03
9.5089e+02 1.4172e+02 1.1609e+03 2.1279e+02 1.1193e-03
1.0670e+03 1.8646e+02 1.2403e+03 2.5661e+02 1.1139e-03
9.6759e+02 1.8420e+02 1.0728e+03 2.1865e+02 1.1134e-03
0.0000e+00 3.2624e+02 5.6466e+01 3.7500e+02 1.1071e-03
9.9919e+02 2.2447e+02 1.1272e+03 2.6461e+02 1.0746e-03
9.4862e+02 1.8198e+02 1.0364e+03 2.1532e+02 1.0548e-03
1.1761e+03 2.3714e+02 1.2420e+03 3.3404e+02 1.0507e-03
1.1958e+03 1.9851e+02 1.2420e+03 3.1829e+02 1.0339e-03
8.2366e+02 1.2805e+02 9.2731e+02 1.6516e+02 1.0319e-03
9.5289e+02 1.4735e+02 9.8795e+02 2.1912e+02 1.0045e-03
9.7871e+02 1.6852e+02 1.0045e+03 2.4281e+02 9.9265e-04
0.0000e+00 2.1480e+02 2.8995e+01 3.7500e+02 9.8723e-04
1.1705e+03 1.6755e+02 1.2420e+03 2.0606e+02 9.7885e-04
4.8871e+02 1.5668e+02 6.5172e+02 2.3117e+02 9.7614e-04
9.5487e+02 1.9960e+02 1.0681e+03 2.3227e+02 9.6256e-04
5.7797e+02 1.6178e+02 6.3262e+02 2.0432e+02 9.6135e-04
9.8533e+02 1.3117e+02 1.2420e+03 3.1480e+02 9.2708e-04
9.5121e+02 1.7492e+02 1.0290e+03 2.1164e+02 9.1745e-04
1.2121e+03 2.9226e+02 1.2420e+03 3.4382e+02 9.1637e-04
1.2212e+03 3.0119e+02 1.2420e+03 3.6743e+02 9.0368e-04
1.2148e+03 2.7836e+02 1.2420e+03 3.2788e+02 8.9877e-04
0.0000e+00 3.5028e+02 2.1732e+01 3.7500e+02 8.9612e-04
6.0583e+02 1.8424e+02 6.5018e+02 2.4009e+02 8.8672e-04
5.5558e+02 1.8163e+02 6.5418e+02 2.6441e+02 8.6937e-04
1.1751e+03 1.7534e+02 1.2159e+03 2.7620e+02 8.6261e-04
1.2243e+03 2.8502e+02 1.2420e+03 3.7500e+02 8.5604e-04
8.0079e+02 1.3360e+02 9.1756e+02 1.7187e+02 8.4493e-04
1.1465e+03 2.8251e+02 1.2279e+03 3.7500e+02 8.4469e-04
1.1642e+03 2.1033e+02 1.2420e+03 2.5373e+02 8.2987e-04
1.1826e+03 2.0113e+02 1.2420e+03 3.7500e+02 8.2408e-04
9.0837e+02 0.0000e+00 1.0928e+03 3.5273e+02 8.2002e-04
0.0000e+00 9.8481e+01 1.8719e+02 3.7500e+02 8.1757e-04
2.2455e+01 1.8069e+02 1.2172e+02 2.1903e+02 8.1059e-04
1.1890e+03 1.6506e+02 1.2420e+03 2.0714e+02 8.0591e-04
1.1741e+03 2.0795e+02 1.2420e+03 2.9816e+02 8.0146e-04
1.2074e+03 2.5175e+02 1.2403e+03 3.7500e+02 7.9236e-04
8.6211e+02 7.1328e+00 1.0627e+03 3.5548e+02 7.9177e-04
5.1170e+02 1.7584e+02 6.6208e+02 2.5675e+02 7.8990e-04
1.1271e+03 1.7605e+02 1.2342e+03 2.1402e+02 7.8843e-04
1.1127e+03 2.0349e+02 1.2134e+03 2.4077e+02 7.6606e-04
0.0000e+00 1.7090e+02 2.9949e+01 3.6020e+02 7.6561e-04
0.0000e+00 1.0095e+02 3.0636e+01 2.9488e+02 7.6070e-04
7.4586e+02 0.0000e+00 9.5286e+02 3.6240e+02 7.6006e-04
8.9944e+02 1.3434e+02 1.2409e+03 3.2725e+02 7.5886e-04
1.0830e+03 1.7807e+02 1.2237e+03 3.7500e+02 7.5503e-04
1.0106e+03 1.4562e+02 1.2105e+03 2.1529e+02 7.4252e-04
1.2126e+03 3.0847e+02 1.2420e+03 3.5975e+02 7.4089e-04
1.1196e+03 2.5159e+02 1.2420e+03 3.7500e+02 7.3940e-04
1.0927e+03 1.9378e+02 1.1635e+03 2.3962e+02 7.2307e-04
8.2680e+02 1.3511e+02 9.3601e+02 1.7255e+02 7.1896e-04
1.1628e+03 0.0000e+00 1.2420e+03 1.7245e+02 7.1758e-04
1.2088e+03 1.2100e+02 1.2396e+03 2.3308e+02 7.1344e-04
1.2252e+03 6.0783e+01 1.2420e+03 1.6792e+02 7.0829e-04
0.0000e+00 0.0000e+00 3.2667e+02 1.4392e+02 7.0255e-04
0.0000e+00 0.0000e+00 3.1248e+01 7.9822e+01 6.9980e-04
1.1418e+03 1.6888e+02 1.2420e+03 2.0498e+02 6.9733e-04
0.0000e+00 1.1250e+02 2.7525e+02 3.7500e+02 6.9618e-04
9.2901e+02 1.9688e+02 1.1806e+03 2.7196e+02 6.9386e-04
9.6218e+02 2.1240e+02 1.0819e+03 2.5070e+02 6.9300e-04
1.1746e+03 2.2366e+02 1.2420e+03 3.1477e+02 6.8925e-04
1.1087e+03 1.8540e+02 1.1783e+03 2.3077e+02 6.8753e-04
1.1766e+03 1.5748e+02 1.2123e+03 2.3828e+02 6.7914e-04
1.0023e+03 7.5001e+01 1.1708e+03 3.3716e+02 6.7883e-04
9.9087e+02 1.6822e+02 1.1006e+03 2.0264e+02 6.7008e-04
1.1609e+03 1.7183e+02 1.1966e+03 2.5122e+02 6.6753e-04
4.9295e+02 1.6504e+02 6.4276e+02 2.4569e+02 6.5074e-04
1.1762e+03 2.0026e+02 1.2352e+03 2.6575e+02 6.4791e-04
1.0319e+03 1.7707e+02 1.1090e+03 2.2278e+02 6.4525e-04
1.1990e+03 2.3240e+02 1.2357e+03 3.7500e+02 6.3119e-04
1.2025e+03 2.1869e+02 1.2420e+03 2.8456e+02 6.2698e-04
0.0000e+00 0.0000e+00 7.1123e+01 1.5540e+02 6.2225e-04
9.3855e+02 0.0000e+00 1.2420e+03 1.3250e+02 6.2022e-04
0.0000e+00 2.5748e+02 2.5472e+01 3.7500e+02 6.1657e-04
9.8698e+02 1.6747e+02 1.0151e+03 2.4235e+02 6.1313e-04
0.0000e+00 0.0000e+00 2.3831e+02 1.5767e+02 6.1219e-04
1.2261e+03 1.0668e+02 1.2420e+03 2.0450e+02 6.0170e-04
1.6365e+01 1.6001e+02 1.7233e+02 2.2772e+02 5.9614e-04
1.2016e+03 1.6235e+02 1.2420e+03 2.1698e+02 5.9272e-04
1.2051e+03 0.0000e+00 1.2420e+03 8.0248e+01 5.9262e-04
1.0408e+03 2.2413e+02 1.1548e+03 2.6458e+02 5.9021e-04
1.0795e+03 7.3744e+01 1.2420e+03 2.5497e+02 5.8028e-04
5.8861e+02 5.8638e+01 9.8999e+02 2.7410e+02 5.7425e-04
1.1420e+03 1.8851e+02 1.2159e+03 2.4396e+02 5.7103e-04
1.1805e+03 2.9631e+02 1.2420e+03 3.7500e+02 5.5718e-04
1.1327e+03 1.8195e+02 1.2067e+03 2.3532e+02 5.5631e-04
1.4442e+01 1.8682e+02 1.1618e+02 2.2572e+02 5.4162e-04
9.4649e+02 1.5972e+02 9.9491e+02 2.1610e+02 5.3978e-04
1.0940e+03 1.8565e+02 1.1646e+03 2.3188e+02 5.3366e-04
6.0618e+02 1.6914e+02 6.7136e+02 2.0258e+02 5.3356e-04
1.1737e+03 1.6393e+02 1.2344e+03 2.1413e+02 5.3255e-04
1.2080e+03 3.8340e+01 1.2420e+03 2.1815e+02 5.3085e-04
5.4786e+02 1.8246e+02 6.1399e+02 2.2789e+02 5.1567e-04
9.4567e+02 1.8983e+02 1.0431e+03 2.2276e+02 5.0934e-04
1.0831e+03 2.0165e+02 1.1572e+03 2.4767e+02 5.0130e-04
9.4636e+02 1.4344e+02 9.8035e+02 2.1964e+02 4.9852e-04
1.1564e+03 3.1859e+02 1.2420e+03 3.7500e+02 4.9443e-04
1.0162e+03 1.7949e+02 1.0946e+03 2.2458e+02 4.9116e-04
0.0000e+00 2.9478e+02 4.7800e+01 3.7500e+02 4.8733e-04
6.2268e+02 1.6466e+02 6.4804e+02 2.3004e+02 4.8402e-04
1.0771e+03 1.7798e+02 1.1813e+03 2.0970e+02 4.8300e-04
1.1719e+03 1.5833e+02 1.2420e+03 1.9686e+02 4.8008e-04
1.1957e+03 1.5307e+02 1.2420e+03 2.0800e+02 4.7490e-04
1.1456e+03 1.7492e+02 1.2420e+03 2.7506e+02 4.6281e-04
1.2107e+03 1.3213e+02 1.2420e+03 1.7398e+02 4.6156e-04
0.0000e+00 7.0177e+01 7.2963e+01 3.7500e+02 4.5985e-04
1.1804e+03 9.8977e+01 1.2420e+03 1.9091e+02 4.5681e-04
9.4900e+02 1.7019e+02 9.9779e+02 2.2468e+02 4.5544e-04
9.6414e+02 1.6951e+02 1.0168e+03 2.1916e+02 4.5471e-04
1.2013e+03 1.2397e+02 1.2340e+03 2.2960e+02 4.5427e-04
0.0000e+00 1.5612e+02 1.6037e+01 2.6697e+02 4.4105e-04
1.1406e+03 1.7704e+02 1.2150e+03 2.3008e+02 4.3525e-04
1.0999e+03 1.9807e+02 1.1702e+03 2.4696e+02 4.3155e-04
1.1884e+03 2.0814e+02 1.2380e+03 2.7571e+02 4.2985e-04
1.0724e+03 2.0833e+02 1.1503e+03 2.5504e+02 4.2454e-04
1.2048e+03 2.3259e+02 1.2420e+03 3.0024e+02 4.1871e-04
1.2140e+03 9.0009e+01 1.2420e+03 1.3561e+02 4.1834e-04
8.8548e+02 1.2893e+02 9.9731e+02 1.6551e+02 4.1667e-04
1.0116e+03 1.5861e+02 1.1262e+03 1.9501e+02 4.1562e-04
1.1144e+03 3.2069e+02 1.2405e+03 3.7500e+02 4.1550e-04
1.0206e+03 1.5480e+02 1.2420e+03 3.4291e+02 4.1456e-04
5.3331e+02 1.1116e+02 5.9770e+02 2.6973e+02 4.1398e-04
4.9821e+02 1.4263e+02 6.7188e+02 2.2079e+02 4.1221e-04
1.0966e+03 0.0000e+00 1.2420e+03 5.6324e+01 4.1096e-04
1.1293e+03 1.3692e+02 1.2420e+03 2.2223e+02 4.0729e-04
1.0138e+03 0.0000e+00 1.2420e+03 1.8343e+02 4.0689e-04
1.1196e+03 5.5423e+01 1.2420e+03 2.8468e+02 4.0433e-04
9.8554e+02 1.5478e+02 1.0137e+03 2.2719e+02 4.0074e-04
1.2169e+03 3.2382e+02 1.2420e+03 3.7327e+02 3.9814e-04
1.1662e+03 0.0000e+00 1.2420e+03 2.8785e+01 3.9665e-04
1.2276e+03 0.0000e+00 1.2420e+03 4.6417e+01 3.9416e-04
1.1940e+03 8.7228e+01 1.2420e+03 2.0485e+02 3.9114e-04
1.1672e+03 1.7762e+02 1.2072e+03 2.7244e+02 3.9007e-04
1.0891e+03 2.0668e+02 1.1635e+03 2.5650e+02 3.8881e-04
1.1919e+03 2.2431e+02 1.2420e+03 2.6970e+02 3.8510e-04
6.1642e+02 1.7222e+02 6.7879e+02 2.0631e+02 3.7952e-04
3.5489e+01 1.4583e+02 1.9781e+02 2.1330e+02 3.6380e-04
1.1495e+03 1.7226e+02 1.2204e+03 2.2168e+02 3.6377e-04
1.2259e+03 8.5830e+01 1.2420e+03 1.8796e+02 3.6224e-04
9.4700e+02 2.0516e+02 1.0583e+03 2.4061e+02 3.5735e-04
8.3841e+02 5.7799e+01 1.0298e+03 3.6606e+02 3.5398e-04
0.0000e+00 1.5095e+02 4.5270e+01 2.6085e+02 3.5329e-04
1.1513e+03 1.7116e+02 1.1877e+03 2.4869e+02 3.5157e-04
1.0258e+03 1.7051e+02 1.1012e+03 2.1671e+02 3.5118e-04
8.1825e+02 1.4179e+02 9.2942e+02 1.8118e+02 3.4659e-04
1.1300e+03 1.7018e+02 1.1623e+03 2.4267e+02 3.4390e-04
0.0000e+00 0.0000e+00 1.1172e+02 7.7312e+01 3.4154e-04
1.2212e+03 8.4430e+01 1.2420e+03 1.4298e+02 3.3718e-04
1.1953e+03 2.3266e+02 1.2420e+03 2.7792e+02 3.3573e-04
8.5906e+02 1.4106e+01 1.2129e+03 2.6128e+02 3.3041e-04
9.2854e+02 1.0569e+02 9.6211e+02 1.8580e+02 3.2860e-04
0.0000e+00 1.7977e+02 1.6575e+01 2.9141e+02 3.2379e-04
1.1006e+03 2.1160e+02 1.2001e+03 2.4874e+02 3.2224e-04
9.6913e+02 1.7590e+02 1.0702e+03 2.1226e+02 3.1924e-04
1.2195e+03 1.2814e+02 1.2420e+03 1.8298e+02 3.1756e-04
7.2352e+02 7.3293e+00 1.0544e+03 2.2355e+02 3.1182e-04
5.5299e+02 1.3703e+02 6.1458e+02 2.8742e+02 3.1089e-04
8.8260e+02 1.3591e+02 9.9710e+02 1.7334e+02 3.0995e-04
1.0441e+03 1.8651e+02 1.1932e+03 3.7500e+02 3.0843e-04
1.0271e+03 2.0884e+02 1.1142e+03 2.5577e+02 3.0498e-04
1.1312e+03 1.8384e+02 1.2420e+03 2.5722e+02 3.0417e-04
1.1683e+03 1.5725e+02 1.2038e+03 2.3573e+02 3.0297e-04
3.6949e+01 1.7854e+02 1.3620e+02 2.1973e+02 3.0201e-04
5.7865e+02 1.4189e+02 6.0982e+02 2.1869e+02 2.9836e-04
1.2124e+03 1.0580e+02 1.2420e+03 1.4948e+02 2.9831e-04
5.0185e+02 1.4638e+02 6.1924e+02 2.3984e+02 2.9670e-04
1.0972e+03 1.7481e+02 1.2048e+03 2.1124e+02 2.9614e-04
0.0000e+00 1.6185e+02 6.5119e+01 2.5411e+02 2.9200e-04
9.3590e+02 1.7795e+02 1.0189e+03 2.1438e+02 2.9185e-04
1.1253e+03 0.0000e+00 1.2420e+03 8.0855e+01 2.9040e-04
1.2246e+03 2.7886e+01 1.2420e+03 1.3747e+02 2.9009e-04
1.0325e+03 1.5978e+02 1.1981e+03 2.5448e+02 2.8671e-04
0.0000e+00 0.0000e+00 1.5749e+02 7.3736e+01 2.8569e-04
5.3757e+02 1.9098e+02 6.7460e+02 2.6841e+02 2.8306e-04
9.4041e+02 1.9816e+02 1.0472e+03 2.3088e+02 2.8053e-04
1.1226e+03 1.7561e+02 1.1548e+03 2.4720e+02 2.7999e-04
1.2146e+03 8.1427e+01 1.2420e+03 1.2716e+02 2.7947e-04
1.1369e+03 1.6898e+02 1.1705e+03 2.4638e+02 2.7890e-04
3.0466e+02 1.2068e+02 4.9930e+02 1.9633e+02 2.7617e-04
1.2261e+03 3.0749e+02 1.2420e+03 3.7500e+02 2.7611e-04
5.1838e+01 1.5530e+02 2.0850e+02 2.2485e+02 2.7499e-04
1.2084e+03 2.0920e-01 1.2420e+03 1.8684e+02 2.7324e-04
5.1196e+02 1.0780e+02 5.8325e+02 2.7856e+02 2.7090e-04
1.1318e+03 2.8673e+02 1.2110e+03 3.7500e+02 2.7026e-04
1.1414e+03 1.4281e+02 1.2099e+03 2.7930e+02 2.7020e-04
1.2048e+03 3.2543e+02 1.2385e+03 3.7500e+02 2.6805e-04
0.0000e+00 2.9166e+02 7.0947e+01 3.7500e+02 2.6586e-04
1.1353e+03 2.1024e+02 1.2349e+03 2.5212e+02 2.6447e-04
1.1160e+03 1.8857e+02 1.1861e+03 2.3996e+02 2.6386e-04
5.8479e+02 1.6940e+02 7.1769e+02 2.4269e+02 2.6364e-04
8.2545e+02 1.1927e+02 9.2667e+02 1.5742e+02 2.6255e-04
1.0650e+03 2.0082e+02 1.2420e+03 2.7466e+02 2.6042e-04
1.2140e+03 1.2296e+02 1.2420e+03 1.6506e+02 2.5838e-04
6.0446e+02 9.4799e+01 6.7296e+02 2.6322e+02 2.5503e-04
1.0722e+03 1.6466e+02 1.2161e+03 2.5271e+02 2.5438e-04
8.2522e+02 0.0000e+00 1.1193e+03 3.1016e+02 2.5374e-04
5.4675e+02 1.7377e+02 6.1125e+02 2.0989e+02 2.5033e-04
1.1901e+03 1.4905e+02 1.2420e+03 1.9036e+02 2.5009e-04
1.2131e+03 1.1419e+02 1.2420e+03 1.5698e+02 2.5001e-04
9.5337e+02 1.7780e+02 1.0027e+03 2.3285e+02 2.4893e-04
1.1972e+03 3.2926e+02 1.2311e+03 3.7500e+02 2.4757e-04
5.8101e+02 1.6264e+02 6.4703e+02 1.9762e+02 2.4420e-04
5.8078e+02 1.5774e+02 7.2614e+02 2.2694e+02 2.3974e-04
1.0584e+03 1.7462e+02 1.1658e+03 2.1045e+02 2.3945e-04
1.1754e+03 2.1702e+02 1.2420e+03 2.6050e+02 2.3858e-04
1.4391e+01 2.9483e+02 8.7487e+01 3.7500e+02 2.3841e-04
7.9604e+02 1.1852e+02 9.0513e+02 1.5897e+02 2.3829e-04
9.2832e+02 1.7150e+02 1.0095e+03 2.0858e+02 2.3746e-04
1.1142e+03 1.7823e+02 1.1449e+03 2.4757e+02 2.3511e-04
5.5483e+02 1.6784e+02 6.2023e+02 2.0379e+02 2.3425e-04
0.0000e+00 1.7194e+02 1.6009e+02 2.4022e+02 2.3180e-04
8.8305e+02 1.8110e+02 1.1235e+03 2.5952e+02 2.3166e-04
4.9618e+02 1.1529e+02 5.7014e+02 2.9288e+02 2.2971e-04
7.6202e+02 0.0000e+00 1.0588e+03 3.2952e+02 2.2447e-04
9.6379e+02 2.2087e+02 1.0848e+03 2.5955e+02 2.2418e-04
5.5094e+02 1.4321e+02 7.2375e+02 2.1770e+02 2.2377e-04
7.9510e+02 1.3989e+02 9.0839e+02 1.7812e+02 2.2271e-04
1.2201e+03 1.0005e+02 1.2420e+03 1.5763e+02 2.2001e-04
1.2113e+03 0.0000e+00 1.2420e+03 1.3823e+01 2.1850e-04
9.3747e+02 1.6446e+02 9.8926e+02 2.1635e+02 2.1846e-04
1.1821e+03 0.0000e+00 1.2420e+03 3.8254e+01 2.1843e-04
1.0444e+03 2.0979e+02 1.1251e+03 2.5406e+02 2.1828e-04
1.1817e+03 1.3621e+02 1.2202e+03 2.2876e+02 2.1806e-04
6.1913e+02 1.7735e+02 6.7520e+02 2.1645e+02 2.1694e-04
0.0000e+00 3.3001e+02 2.2820e+01 3.7500e+02 2.1588e-04
1.1502e+03 1.2881e+02 1.2420e+03 2.3489e+02 2.1460e-04
0.0000e+00 1.4706e+02 6.2905e+01 2.3828e+02 2.1455e-04
8.8838e+02 1.1969e+02 9.9628e+02 1.5668e+02 2.1302e-04
8.4712e+02 1.0192e+02 8.8115e+02 1.7701e+02 2.1187e-04
9.9484e+02 1.6737e+02 1.0208e+03 2.4147e+02 2.1142e-04
8.5553e+02 1.0186e+02 8.8801e+02 1.7576e+02 2.0962e-04
1.1853e+03 2.5392e+02 1.2312e+03 3.7500e+02 2.0913e-04
1.0694e+03 2.1473e+02 1.1525e+03 2.6345e+02 2.0697e-04
4.1726e+02 1.0990e+02 7.4489e+02 2.7464e+02 2.0626e-04
1.0253e+03 2.4656e+02 1.2420e+03 3.7500e+02 2.0557e-04
1.0298e+03 1.9490e+02 1.1105e+03 2.3899e+02 2.0486e-04
1.0820e+03 1.4280e+02 1.2420e+03 2.1946e+02 2.0473e-04
1.1822e+03 8.2031e+01 1.2420e+03 1.7400e+02 2.0449e-04
1.1010e+03 1.7733e+02 1.2295e+03 2.7165e+02 2.0300e-04
1.0354e+03 1.6650e+02 1.1416e+03 2.0170e+02 1.9930e-04
1.1799e+03 1.8906e+02 1.2222e+03 3.0037e+02 1.9918e-04
1.1435e+03 1.6996e+02 1.1778e+03 2.4731e+02 1.9897e-04
1.1285e+03 1.8149e+02 1.1630e+03 2.6009e+02 1.9854e-04
1.1126e+03 2.2208e+02 1.2107e+03 2.5989e+02 1.9819e-04
8.8235e+02 1.6663e+02 1.1126e+03 2.4218e+02 1.9795e-04
9.5810e+02 1.2556e+02 1.1534e+03 1.9419e+02 1.9750e-04
9.3575e+02 1.8721e+02 1.0260e+03 2.2163e+02 1.9739e-04
9.3887e+02 1.4461e+02 9.7282e+02 2.1971e+02 1.9684e-04
1.0017e+03 1.7946e+02 1.0786e+03 2.2484e+02 1.9671e-04
1.0248e+03 1.8589e+02 1.1026e+03 2.3037e+02 1.9607e-04
7.8063e+02 1.3330e+02 8.9244e+02 1.7125e+02 1.9552e-04
6.9178e+01 1.4268e+02 2.2945e+02 2.1239e+02 1.9225e-04
1.1608e+03 0.0000e+00 1.2420e+03 3.0350e+02 1.9112e-04
8.6290e+02 1.1015e+02 8.9817e+02 1.8864e+02 1.9064e-04
1.1018e+03 1.7986e+02 1.1723e+03 2.2314e+02 1.8927e-04
8.5427e+02 1.1159e+02 8.8965e+02 1.9069e+02 1.8772e-04
6.1094e+02 1.6669e+02 6.8313e+02 2.0063e+02 1.8530e-04
1.1745e+03 1.5448e+02 1.2346e+03 2.0399e+02 1.8374e-04
1.2149e+03 7.3243e+01 1.2420e+03 1.1940e+02 1.8304e-04
1.0137e+03 1.9788e+02 1.2254e+03 2.7393e+02 1.8186e-04
9.4040e+02 1.6671e+02 1.0114e+03 2.0556e+02 1.8101e-04
1.2204e+03 1.1900e+02 1.2420e+03 1.7351e+02 1.8096e-04
1.1153e+03 1.7778e+02 1.1865e+03 2.2644e+02 1.7786e-04
5.7653e+02 1.7604e+02 6.1061e+02 2.6438e+02 1.7778e-04
2.4779e+01 1.7471e+02 1.2064e+02 2.1229e+02 1.7773e-04
8.2317e+02 0.0000e+00 9.8638e+02 2.6144e+02 1.7720e-04
1.1487e+03 1.8930e+02 1.2334e+03 3.5631e+02 1.7614e-04
0.0000e+00 0.0000e+00 1.3305e+01 5.6398e+01 1.7600e-04
9.2534e+02 1.2020e+02 9.6485e+02 2.0873e+02 1.7555e-04
8.8379e+02 1.4143e+02 9.9433e+02 1.8088e+02 1.7543e-04
0.0000e+00 0.0000e+00 5.0896e+01 4.2635e+01 1.7531e-04
0.0000e+00 1.4100e+02 1.4615e+01 2.4981e+02 1.7502e-04
3.0579e+02 1.3782e+02 4.9743e+02 2.1003e+02 1.7480e-04
1.1906e+03 1.9362e+02 1.2267e+03 3.2378e+02 1.7465e-04
6.2254e+02 1.7094e+02 6.5137e+02 2.5989e+02 1.7262e-04
6.2083e+02 1.7133e+02 6.7019e+02 2.1139e+02 1.7255e-04
0.0000e+00 1.9333e+02 1.4562e+01 3.0863e+02 1.7210e-04
5.1207e+02 2.1236e+01 6.5604e+02 3.5284e+02 1.7197e-04
1.0570e+03 1.5499e+02 1.0874e+03 2.3085e+02 1.7160e-04
8.8817e+02 1.6461e+02 9.8967e+02 2.0564e+02 1.7128e-04
1.2238e+03 6.9518e+00 1.2420e+03 1.2239e+02 1.7107e-04
5.9014e+00 1.4699e+02 1.6830e+02 2.1589e+02 1.6976e-04
1.6865e+00 1.8019e+02 1.0344e+02 2.1972e+02 1.6912e-04
3.3868e+01 1.5215e+02 1.5091e+02 2.3191e+02 1.6860e-04
1.1950e+03 2.4675e+02 1.2420e+03 2.9372e+02 1.6788e-04
1.0309e+03 7.2998e+01 1.2142e+03 3.6974e+02 1.6780e-04
2.7709e+01 2.9292e+02 1.0293e+02 3.7500e+02 1.6630e-04
4.7926e+02 1.1491e+02 5.5321e+02 2.9309e+02 1.6538e-04
9.3651e+02 1.0563e+02 9.7046e+02 1.8830e+02 1.6478e-04
1.1880e+03 3.3118e+02 1.2237e+03 3.7500e+02 1.6236e-04
5.3899e+02 3.3212e+01 6.8375e+02 3.5472e+02 1.6041e-04
9.5134e+02 1.4816e+02 1.1529e+03 2.5846e+02 1.6037e-04
1.0368e+03 2.0257e+02 1.1176e+03 2.4602e+02 1.6003e-04
2.4411e+00 2.0289e+02 6.4434e+01 3.7500e+02 1.5942e-04
1.1601e+03 1.8154e+02 1.1974e+03 2.6784e+02 1.5940e-04
1.0150e+03 1.9623e+02 1.0967e+03 2.3959e+02 1.5889e-04
8.3947e+02 1.0091e+02 8.7267e+02 1.7569e+02 1.5850e-04
1.1414e+03 1.5866e+02 1.2420e+03 1.9588e+02 1.5814e-04
2.9231e+01 1.7013e+02 1.8880e+02 2.3672e+02 1.5647e-04
5.6383e+02 1.6614e+02 5.9109e+02 2.4881e+02 1.5445e-04
1.0380e+03 1.7002e+02 1.1155e+03 2.1704e+02 1.5309e-04
5.1855e+02 1.3273e+02 6.4206e+02 2.2964e+02 1.5207e-04
1.0769e+03 7.8155e+01 1.2354e+03 3.7500e+02 1.5158e-04
1.1252e+03 2.1702e+02 1.2251e+03 3.7500e+02 1.5074e-04
1.2206e+03 0.0000e+00 1.2420e+03 1.8239e+01 1.4927e-04
4.5015e+02 1.5229e+02 6.2128e+02 2.2769e+02 1.4879e-04
1.0493e+03 1.4659e+02 1.0798e+03 2.2088e+02 1.4826e-04
1.0104e+03 1.8826e+02 1.0875e+03 2.3107e+02 1.4685e-04
6.3429e+02 1.6696e+02 6.5895e+02 2.4561e+02 1.4676e-04
0.0000e+00 3.3033e+02 3.2968e+01 3.7500e+02 1.4576e-04
1.2214e+03 6.7206e+01 1.2420e+03 1.2680e+02 1.4322e-04
1.3658e+01 2.2071e+02 7.9998e+01 3.7500e+02 1.4265e-04
1.2161e+03 6.4342e+01 1.2420e+03 1.1231e+02 1.4178e-04
4.5447e+02 1.6316e+02 6.1879e+02 2.4398e+02 1.4148e-04
3.5636e+02 1.2238e+02 5.3822e+02 1.9399e+02 1.4126e-04
1.0446e+03 1.7609e+02 1.1234e+03 2.2278e+02 1.4099e-04
9.8242e+01 1.1715e+02 1.6246e+02 2.6622e+02 1.4045e-04
5.6763e+02 1.5838e+02 6.2065e+02 2.0045e+02 1.4021e-04
1.0110e+03 1.7080e+02 1.0842e+03 2.1824e+02 1.4002e-04
6.2692e+02 1.2182e+02 6.8724e+02 2.6602e+02 1.3953e-04
1.3032e+02 1.1469e+02 1.9511e+02 2.7361e+02 1.3949e-04
1.0665e+03 2.0278e+02 1.1416e+03 2.4548e+02 1.3905e-04
1.0469e+03 1.5043e+02 1.2040e+03 2.4039e+02 1.3903e-04
9.6474e+02 1.8246e+02 1.0201e+03 2.3154e+02 1.3895e-04
0.0000e+00 2.5991e+02 3.8125e+01 3.7368e+02 1.3856e-04
1.2083e+03 2.4701e+02 1.2420e+03 3.1530e+02 1.3854e-04
9.3569e+02 1.2955e+02 9.7274e+02 2.1333e+02 1.3787e-04
9.7138e+02 1.7613e+02 1.0296e+03 2.2487e+02 1.3781e-04
4.3037e+01 2.9449e+02 1.1916e+02 3.7500e+02 1.3762e-04
1.0417e+03 1.5741e+02 1.0712e+03 2.2995e+02 1.3724e-04
1.0367e+03 1.8461e+02 1.1169e+03 2.2991e+02 1.3711e-04
0.0000e+00 1.8272e+02 3.5149e+01 2.3182e+02 1.3676e-04
1.1453e+02 1.1540e+02 1.7867e+02 2.6883e+02 1.3649e-04
6.2386e+02 1.5582e+02 6.5128e+02 2.2373e+02 1.3620e-04
1.1562e+03 1.6313e+02 1.2268e+03 2.1210e+02 1.3618e-04
8.3190e+02 9.8855e+01 8.6502e+02 1.7554e+02 1.3605e-04
9.1999e+02 1.0600e+02 9.5290e+02 1.8411e+02 1.3592e-04
9.9507e+02 1.9669e+02 1.0718e+03 2.3917e+02 1.3552e-04
8.9073e+02 0.0000e+00 1.1778e+03 3.1671e+02 1.3534e-04
1.1153e+03 2.8871e+02 1.1940e+03 3.7500e+02 1.3327e-04
1.0756e+03 1.9409e+02 1.1490e+03 2.3780e+02 1.3311e-04
1.4547e+02 1.1325e+02 2.1131e+02 2.7711e+02 1.3175e-04
7.7010e+02 1.5982e+02 8.6717e+02 1.9375e+02 1.3120e-04
8.4114e+02 1.2184e+02 9.0635e+02 1.7106e+02 1.3071e-04
9.1712e+02 1.1988e+02 9.5565e+02 2.0522e+02 1.2997e-04
6.0197e+02 1.6307e+02 7.0176e+02 2.4456e+02 1.2967e-04
0.0000e+00 1.8204e+02 4.0678e+01 2.9269e+02 1.2961e-04
8.4530e+02 1.1743e+02 8.8235e+02 1.9914e+02 1.2948e-04
5.9442e+02 1.9496e+02 6.5769e+02 2.3800e+02 1.2928e-04
7.7439e+02 1.2491e+02 8.8447e+02 1.6517e+02 1.2925e-04
1.0222e+03 8.7617e+01 1.0937e+03 2.3936e+02 1.2916e-04
9.4996e+02 1.6527e+02 9.7801e+02 2.3966e+02 1.2905e-04
1.0092e+03 1.5033e+02 1.1268e+03 1.8636e+02 1.2842e-04
8.9486e+02 1.1106e+02 1.0023e+03 1.4874e+02 1.2820e-04
3.1953e+02 1.5312e+02 5.1573e+02 2.2668e+02 1.2786e-04
1.0207e+03 2.0078e+02 1.1054e+03 2.4643e+02 1.2741e-04
8.2619e+01 1.1873e+02 1.4796e+02 2.6552e+02 1.2711e-04
9.9538e+02 1.2894e+02 1.1878e+03 1.9785e+02 1.2699e-04
1.0956e+03 2.5401e+02 1.2420e+03 3.5142e+02 1.2696e-04
0.0000e+00 1.7819e+02 2.3636e+01 2.3863e+02 1.2688e-04
8.3943e+02 1.4086e+02 9.5343e+02 1.8127e+02 1.2655e-04
7.2604e+02 0.0000e+00 9.0543e+02 3.2672e+02 1.2501e-04
0.0000e+00 3.1105e+02 1.0699e+01 3.7500e+02 1.2434e-04
1.1308e+03 2.2016e+02 1.2308e+03 2.6100e+02 1.2429e-04
9.8447e+02 1.5624e+02 1.1710e+03 2.5349e+02 1.2427e-04
1.1449e+03 2.6179e+02 1.2420e+03 3.6821e+02 1.2405e-04
1.0190e+03 1.1597e+02 1.1267e+03 1.5612e+02 1.2211e-04
4.7174e+02 2.0685e+01 6.2840e+02 3.7250e+02 1.2189e-04
1.0754e+03 3.2837e+02 1.2420e+03 3.7500e+02 1.2099e-04
0.0000e+00 1.1284e+02 9.1561e+01 3.3797e+02 1.2030e-04
4.6867e+01 1.2428e+02 1.1693e+02 2.6827e+02 1.1994e-04
1.0093e+03 1.9091e+02 1.1598e+03 3.7500e+02 1.1931e-04
7.2935e+02 9.2165e+01 9.8138e+02 1.8217e+02 1.1806e-04
1.0828e+03 1.2899e+02 1.1630e+03 2.6746e+02 1.1781e-04
6.6900e+01 1.1983e+02 1.3167e+02 2.6309e+02 1.1702e-04
4.5599e+02 1.3780e+02 6.4039e+02 2.1634e+02 1.1694e-04
8.3601e+01 1.5236e+02 2.4501e+02 2.2439e+02 1.1627e-04
4.8452e+02 1.5171e+02 6.0139e+02 2.5427e+02 1.1552e-04
0.0000e+00 1.0592e+01 6.6973e+01 3.3815e+02 1.1294e-04
1.0401e+03 1.7456e+02 1.2045e+03 2.7268e+02 1.1280e-04
1.2866e+01 1.3087e+02 8.8168e+01 2.9709e+02 1.1204e-04
1.0809e+03 3.4169e+01 1.2420e+03 2.2740e+02 1.1192e-04
2.9810e+01 1.3395e+02 1.0338e+02 2.9004e+02 1.1071e-04
5.6940e+02 1.3368e+02 6.9456e+02 2.2779e+02 1.1018e-04
0.0000e+00 1.0140e+02 1.4478e+02 2.7974e+02 1.0995e-04
6.1296e+02 1.5548e+02 6.6996e+02 3.0523e+02 1.0988e-04
8.7749e-01 1.4880e+02 1.2850e+02 2.4056e+02 1.0721e-04
5.8903e+02 7.7653e+01 6.6310e+02 2.5507e+02 1.0715e-04
6.1771e+01 1.2788e+02 2.3474e+02 1.9775e+02 1.0639e-04
5.7497e+02 0.0000e+00 1.2420e+03 1.3160e+02 1.0625e-04
6.8416e+01 1.4698e+02 1.8163e+02 2.3093e+02 1.0620e-04
1.1249e+03 1.4313e+02 1.1933e+03 2.6816e+02 1.0615e-04
4.6413e+02 1.2045e+02 5.3545e+02 2.8900e+02 1.0542e-04
3.4247e+01 1.3143e+02 2.0675e+02 1.9985e+02 1.0512e-04
0.0000e+00 1.2784e+02 5.9784e+01 3.7500e+02 1.0461e-04
9.7115e+01 1.3989e+02 2.6226e+02 2.1051e+02 1.0432e-04
0.0000e+00 0.0000e+00 7.5983e+01 4.4076e+01 1.0430e-04
4.1515e+02 1.1678e+02 4.8271e+02 2.6876e+02 1.0402e-04
4.3245e+02 1.1546e+02 4.9854e+02 2.6939e+02 1.0378e-04
0.0000e+00 2.2219e+02 1.2833e+02 3.7500e+02 1.0364e-04
1.0062e+03 8.4759e+01 1.0760e+03 2.4209e+02 1.0262e-04
4.4805e+02 1.2267e+02 5.1741e+02 2.8703e+02 1.0226e-04
1.6114e+02 1.2216e+02 2.2928e+02 2.9834e+02 1.0210e-04
0.0000e+00 1.5996e+02 1.4211e+02 3.4439e+02 1.0058e-04
6.0267e+01 2.9332e+02 1.3472e+02 3.7500e+02 1.0034e-04
1.1667e+03 8.4054e+01 1.2380e+03 2.5584e+02 1.0009e-04
1.0969e+03 1.3854e+02 1.1798e+03 2.6880e+02 1.0009e-04
0.0000e+00 2.2923e+02 3.9252e+01 3.4583e+02 1.0000e-04
8.0309e+02 0.0000e+00 1.1593e+03 3.7500e+02 9.7159e-05
9.7477e+02 1.2656e+02 1.1360e+03 2.3135e+02 9.4072e-05
9.3523e+02 2.6251e+02 1.2420e+03 3.7500e+02 9.3636e-05
3.5615e+02 1.3900e+02 5.3969e+02 2.0841e+02 9.3470e-05
3.9797e+02 1.1306e+02 4.6940e+02 2.6807e+02 9.3440e-05
1.1852e+03 4.6895e+01 1.2420e+03 1.4539e+02 9.3352e-05
4.8802e+01 1.3684e+02 1.7018e+02 2.1835e+02 9.3272e-05
1.1283e+03 2.3486e+02 1.2407e+03 3.5127e+02 9.3065e-05
0.0000e+00 2.0088e+02 4.7177e+01 3.7500e+02 9.1532e-05
1.0391e+03 9.5757e+01 1.1088e+03 2.3764e+02 9.1028e-05
7.7618e+02 8.9633e+01 1.1455e+03 3.3828e+02 9.0882e-05
1.1350e+03 1.2282e+02 1.2420e+03 2.0886e+02 9.0873e-05
3.8184e+02 7.3984e+01 4.5668e+02 2.4511e+02 9.0206e-05
3.6700e+02 7.5255e+01 4.4095e+02 2.4562e+02 9.0132e-05
3.7967e+02 1.1015e+02 4.5333e+02 2.7070e+02 9.0120e-05
1.1478e+03 2.3611e+02 1.2307e+03 3.7500e+02 8.8842e-05

