701.7 175.33 810.55 257.01
737.11 140.96 774.21 199.92
692.79 147.3 748.13 210.33
693.74 148.54 739.58 207.57
657.59 162.4 737.02 208.78
757.69 141.25 784.11 191.32
756.6 168.51 765.91 199.48
676.91 150.73 696.46 168.32
643.54 152.1 665.54 195.81
663.61 152.41 680.84 170.14
628.01 152.81 646.68 166.47
485.99 159.62 522.76 216.56
508.52 144.87 541.16 214.21
468.83 173.16 493.22 224.94
472.83 161.67 503.63 219.76
695.16 171.45 819.7 261.72
700.61 176.37 808.05 253.5
719.78 166.63 776.82 261.88
727.88 163.95 789.4 267.06
728.67 154.07 795.14 277.34
693.18 181.43 791.58 247.95
715.29 169.47 804.6 243.65
728.45 175.56 814.9 253.87
737.8 164.97 801.11 268.57
705.64 170.24 852.09 251.96
714.35 154.47 780.22 274.92
699.45 201.7 807.5 257.68
696.06 176.18 771.73 229.41
753.83 161.25 807.67 265.78
709.94 184.42 819.36 264.34
726.41 182.42 827.81 242.18
738.2 152.84 809.76 276.08
721.74 172.85 819.04 235.41
705.86 171.48 757.2 262.1
741.09 168.03 815.0 240.46
706.49 172.07 800.23 223.67
734.92 156.6 785.31 249.68
738.33 162.86 819.53 299.65
705.16 167.99 785.09 292.32
710.22 168.37 786.08 230.88
738.01 173.03 826.72 229.22
697.05 175.38 762.88 246.04
722.23 173.21 835.03 264.33
692.97 173.05 764.59 217.46
745.03 157.92 790.89 247.81
659.01 164.43 813.81 241.95
717.02 189.12 858.19 269.31
717.42 159.26 759.75 256.03
699.15 187.9 792.31 262.36
726.57 193.27 827.07 257.84
754.7 157.92 797.86 249.55
733.05 166.27 810.16 226.75
713.89 122.73 796.06 272.55
729.12 127.27 806.53 265.18
721.92 156.12 846.08 246.76
704.34 153.07 760.37 272.05
725.84 212.4 779.14 240.81
699.69 154.49 823.54 239.43
741.26 165.0 756.7 214.47
708.55 189.27 821.03 274.34
704.98 178.78 756.09 207.35
674.41 159.08 789.91 250.31
740.81 180.86 792.48 273.01
744.61 164.5 760.73 216.12
739.26 167.48 757.62 225.05
733.27 152.63 771.83 234.21
742.75 155.39 780.54 233.8
720.96 176.05 755.95 210.9
745.64 168.87 824.49 218.31
687.76 152.39 848.21 223.83
755.93 174.29 829.69 224.35
726.8 169.67 794.59 213.59
725.98 154.78 763.68 236.56
754.45 165.65 774.79 227.47
688.85 168.86 760.91 203.51
748.73 164.21 764.67 216.73
748.73 122.45 819.39 265.38
688.62 200.85 833.12 274.95
742.72 167.39 762.02 225.74
735.34 191.92 761.61 248.97
726.98 207.39 781.98 249.14
727.48 183.43 778.09 274.22
718.62 214.19 774.94 244.61
751.95 154.21 787.45 231.66
715.96 178.01 764.27 206.92
750.42 166.68 770.6 226.81
753.42 164.35 769.09 216.97
749.91 162.34 763.82 207.66
724.73 178.6 763.67 214.46
731.13 169.69 807.52 207.87
743.2 191.8 768.62 247.87
755.28 181.91 818.82 248.9
672.29 145.85 806.75 236.73
723.9 181.27 775.81 212.25
721.96 204.85 774.48 237.39
739.19 179.51 793.96 213.55
714.62 211.59 767.33 242.11
705.67 168.24 766.17 211.77
713.36 168.85 778.58 213.61
710.26 180.72 764.48 212.53
686.44 182.77 791.56 266.63
723.34 218.18 780.6 248.7
728.63 175.87 765.88 208.76
699.11 169.17 773.51 205.45
738.17 184.04 764.75 243.98
725.93 191.51 756.1 249.88
709.08 181.43 765.28 268.13
734.72 210.68 788.49 240.9
747.42 175.0 787.93 209.45
733.05 143.43 856.97 226.43
710.85 210.62 814.48 261.48
734.04 178.54 777.44 214.91
730.18 181.86 758.55 244.04
752.7 165.76 814.47 211.33
727.73 178.38 778.76 207.28
734.56 177.05 762.03 240.5
707.33 187.23 769.09 220.42
705.84 192.43 763.52 223.3
717.73 205.53 772.29 250.04
694.3 197.1 777.66 257.78
747.68 165.32 823.35 203.77
745.85 165.88 765.93 227.53
756.3 171.18 780.7 236.41
753.72 193.18 822.58 259.65
726.95 143.09 760.85 226.52
695.11 214.41 799.39 261.94
748.69 187.96 778.24 247.33
664.01 162.98 766.25 253.16
720.94 194.13 783.17 245.29
724.59 183.42 770.6 221.99
746.89 208.26 828.47 260.2
737.54 196.09 849.25 290.2
745.25 181.37 773.75 242.72
725.02 178.34 755.72 238.79
718.46 181.01 760.26 220.26
730.03 199.63 789.51 246.61
756.37 174.41 796.0 209.69
732.82 216.45 788.04 249.19
719.85 223.43 777.61 252.94
659.98 138.19 786.76 231.08
656.09 150.02 763.93 239.1
732.61 124.36 859.49 203.68
701.38 172.33 742.81 259.7
706.6 178.23 749.56 200.35
692.81 166.91 710.31 211.97
695.76 166.86 713.56 214.71
706.2 173.97 748.03 195.1
709.87 161.96 747.5 247.69
712.42 173.17 740.89 196.99
677.69 166.34 748.73 202.15
705.57 171.23 747.49 190.73
699.14 166.1 716.43 215.61
683.79 171.73 746.98 211.85
702.86 166.89 737.04 242.94
712.26 177.43 747.91 209.46
689.51 172.14 717.47 204.84
711.89 170.43 740.26 192.03
709.39 154.31 743.88 231.12
686.75 175.23 727.4 201.05
703.57 167.42 744.78 186.36
695.51 166.87 754.62 209.35
683.79 164.01 740.53 208.25
678.38 168.16 721.09 192.28
706.96 175.46 735.04 202.65
691.36 160.5 711.08 205.03
697.14 174.92 740.3 202.26
704.01 165.6 719.87 214.96
689.07 161.68 706.35 207.84
664.23 164.55 736.36 202.76
708.65 164.11 724.6 211.34
703.65 154.21 737.26 229.44
698.17 162.12 729.12 235.04
658.37 158.92 736.17 194.89
707.66 165.02 737.97 187.57
685.43 166.39 716.8 195.57
686.27 178.02 749.23 220.29
705.81 168.92 735.91 193.5
675.97 159.52 751.05 194.84
683.16 172.17 723.86 195.32
677.79 164.99 720.13 187.64
691.28 172.42 740.84 225.86
695.25 156.35 713.61 202.98
692.55 152.33 709.15 196.61
688.29 156.39 705.23 200.8
646.37 150.41 724.75 188.42
689.28 153.11 720.32 225.56
696.54 170.01 739.63 191.51
691.52 172.49 734.97 196.7
608.62 123.34 702.65 165.0
690.86 167.39 706.41 214.1
631.48 123.73 722.35 162.62
706.47 177.11 737.77 208.42
681.4 144.44 712.71 218.22
669.67 162.17 722.83 208.01
691.72 169.64 721.61 201.01
686.57 169.82 729.57 192.58
611.0 131.67 700.36 171.54
710.97 169.43 730.29 225.86
696.53 145.3 729.15 217.03
702.9 173.69 730.94 203.9
680.4 167.33 731.53 215.75
703.17 163.6 743.57 182.93
682.05 162.84 711.53 190.7
697.47 173.46 726.35 204.72
688.57 146.69 703.77 192.15
613.09 139.12 699.38 177.15
633.64 133.64 720.91 169.98
608.04 140.02 776.8 213.74
634.87 141.56 718.4 177.26
675.59 157.67 732.64 202.87
685.89 161.02 701.05 207.06
692.75 173.97 722.73 209.22
629.96 147.45 710.25 186.05
664.2 152.68 743.0 188.91
684.69 155.2 701.75 201.0
687.97 158.46 748.52 200.89
710.19 168.38 750.6 186.94
696.08 177.14 745.79 237.12
684.4 146.18 700.43 191.93
676.84 161.14 718.11 182.62
635.87 133.0 683.43 155.05
635.51 136.93 684.32 159.29
641.56 156.4 717.98 195.65
659.42 154.91 716.55 201.35
673.86 139.32 705.5 215.52
653.76 123.42 745.52 161.91
647.57 132.89 737.19 170.73
693.3 161.82 722.7 242.73
613.82 146.21 697.36 186.68
685.28 155.62 715.92 234.05
650.65 142.77 736.04 179.56
656.57 149.48 714.72 193.39
691.47 181.95 755.08 230.43
622.98 115.98 746.76 206.89
668.13 169.93 738.18 209.64
694.18 158.17 771.31 194.67
704.87 156.24 762.11 199.12
620.41 153.8 777.56 228.31
617.35 117.18 716.79 159.1
726.53 166.81 743.84 224.45
733.1 165.56 747.9 216.36
723.51 168.63 740.04 222.79
729.59 163.89 742.77 208.19
730.39 168.54 749.21 227.98
725.49 165.97 739.5 207.69
720.64 170.58 736.13 212.27
733.79 163.09 746.68 207.71
712.8 177.15 742.08 202.18
737.27 164.47 752.04 214.6
714.89 171.28 733.06 222.95
734.87 166.43 752.93 226.29
715.79 166.63 732.43 208.09
722.8 174.93 750.7 201.99
716.93 175.9 760.49 200.1
715.12 173.12 756.01 194.02
718.06 156.98 754.48 235.08
720.75 172.71 748.12 196.6
712.99 168.53 727.88 214.36
728.41 175.11 756.5 200.76
719.11 170.19 738.8 227.36
720.4 165.39 735.84 201.18
723.57 176.62 770.16 198.78
726.49 172.24 754.04 195.48
723.51 173.71 767.08 193.38
735.22 175.63 766.83 201.14
734.68 173.28 763.76 195.91
741.59 165.25 754.85 200.73
737.95 164.92 750.38 200.66
712.68 161.57 728.36 202.85
722.03 170.82 741.9 232.17
716.08 159.64 732.69 196.15
730.96 174.0 774.58 194.04
733.03 176.53 781.92 199.93
741.56 176.13 789.35 200.6
725.88 172.51 747.26 239.19
714.1 169.62 735.99 233.6
743.22 173.44 787.41 194.47
740.39 174.82 775.02 201.38
745.83 165.37 758.98 200.74
721.12 172.78 759.8 190.67
731.15 173.17 757.35 192.08
719.43 144.36 752.21 222.37
741.32 172.86 772.38 195.73
720.92 186.5 751.67 245.91
677.89 101.43 740.74 262.07
533.56 154.85 548.22 191.37
508.87 170.57 547.16 189.75
514.05 167.34 551.89 186.01
527.65 160.68 551.16 183.48
527.86 156.88 551.56 179.17
518.72 163.26 556.02 181.68
510.48 173.82 546.36 192.8
536.34 157.11 549.87 198.3
530.53 154.1 544.51 191.57
533.48 158.97 546.72 200.28
517.06 169.6 554.69 189.53
514.45 168.67 540.8 190.96
502.3 170.32 539.05 189.7
527.33 164.18 550.43 187.34
521.28 158.56 555.65 177.94
521.73 161.32 536.42 199.46
535.79 150.4 551.79 188.07
530.66 159.78 543.84 200.29
521.62 166.16 555.86 185.76
518.72 165.15 544.71 187.45
517.84 161.13 532.85 199.76
506.47 167.05 542.52 186.14
526.32 159.51 540.29 200.48
540.15 156.46 554.45 197.71
519.6 161.78 545.27 184.02
526.14 153.66 540.29 191.99
524.45 161.68 560.01 182.55
507.01 168.37 532.95 191.18
512.68 171.83 537.59 194.01
523.31 167.62 547.92 191.09
512.04 162.71 546.97 182.94
517.19 173.44 553.9 193.16
511.22 165.69 536.59 188.01
520.33 157.88 545.06 179.38
513.98 159.69 528.25 199.79
493.61 155.79 574.79 195.88
532.66 148.69 548.77 184.44
519.19 139.24 553.8 220.76
515.17 161.02 541.2 183.87
521.13 152.5 536.33 192.36
526.47 136.8 559.86 221.42
493.2 150.28 576.67 188.09
503.73 151.72 563.97 200.57
486.71 161.76 569.82 202.5
513.37 137.57 546.47 217.46
533.92 135.3 567.86 219.87
764.39 159.24 804.4 251.86
780.59 165.64 804.24 239.23
774.06 156.23 810.3 244.5
778.14 160.92 799.33 235.73
758.26 166.34 778.84 227.48
774.08 163.16 796.02 238.5
783.37 163.31 801.66 226.85
762.26 166.38 783.3 230.12
769.77 166.4 791.58 239.57
778.84 178.6 805.21 247.28
760.7 165.43 777.44 217.52
768.94 164.46 785.29 217.21
780.03 164.1 797.76 225.74
764.9 164.22 781.68 218.05
784.38 173.12 807.8 239.33
776.24 164.05 793.8 225.24
757.28 164.69 773.18 216.5
764.84 171.58 787.65 238.28
768.25 151.76 800.81 230.31
771.81 164.26 789.58 225.49
759.12 152.11 793.71 230.89
769.6 177.9 797.15 244.31
777.16 150.2 808.27 227.26
787.34 165.78 804.59 222.29
773.43 162.86 788.37 210.98
763.65 180.15 793.75 243.03
777.42 162.25 792.77 211.0
788.2 162.05 803.34 211.39
769.82 163.58 783.97 205.43
782.25 158.23 815.22 237.62
790.48 185.36 810.28 245.03
751.86 174.15 785.96 201.97
760.04 173.93 784.76 236.06
791.54 162.91 807.91 209.47
765.95 163.36 780.16 204.17
784.56 161.9 799.84 212.25
780.73 161.87 796.45 211.59
750.41 173.02 795.37 196.69
749.02 172.33 780.57 195.85
789.87 174.13 810.3 234.33
757.02 172.02 789.23 197.58
760.14 173.69 792.87 202.5
761.98 163.65 775.98 202.9
740.99 150.06 823.07 186.56
783.63 144.95 816.23 217.95
761.97 156.43 822.63 200.81
743.39 156.12 826.72 193.31
738.15 142.43 822.97 179.71
734.86 93.198 804.19 245.84
718.63 89.892 788.94 253.96
754.76 93.62 818.64 241.34
790.95 143.55 822.99 213.64
762.06 170.86 834.37 214.02
758.79 151.05 838.55 189.21
770.54 166.76 830.81 209.65
776.81 178.77 833.56 235.66
793.1 157.68 822.69 233.94
662.86 128.76 717.55 151.51
589.74 127.59 633.53 150.9
589.89 135.67 632.56 158.78
591.76 123.65 684.35 164.69
593.45 123.9 637.85 146.76
628.44 125.06 674.25 147.31
596.07 131.73 681.56 171.67
637.13 128.95 683.4 151.14
591.97 112.09 715.26 205.81
599.01 117.15 693.63 157.55
598.61 139.59 681.9 179.06
666.71 125.56 721.29 146.79
583.39 164.57 606.27 188.44
582.11 166.81 611.5 185.81
586.23 162.53 600.94 194.94
588.5 159.99 603.18 193.41
585.6 157.48 601.88 190.97
580.8 169.65 604.86 191.53
580.84 124.64 620.91 146.13
586.63 124.35 629.72 147.03
581.0 170.04 612.24 189.08
574.09 124.67 612.85 146.59
591.67 160.36 605.27 194.43
575.94 128.59 615.29 149.62
584.65 161.58 597.91 196.42
586.8 131.6 629.16 154.85
577.31 116.4 667.4 158.32
