276.45 165.51 323.17 222.73
285.08 164.69 335.72 203.1
280.35 157.01 353.1 209.71
83.81 146.22 305.72 234.82
0.0 113.68 206.85 285.27
462.39 172.0 522.56 199.78
492.18 149.15 542.04 169.93
485.06 151.74 505.48 169.71
306.55 165.18 339.35 179.41
317.96 165.22 386.6 199.16
333.43 165.71 351.49 169.8
335.99 167.23 344.06 185.88
350.28 169.99 395.32 203.3
361.02 148.18 373.9 166.93
0.0 112.89 68.03 337.02
38.78 130.56 79.61 181.34
19.76 142.05 52.52 180.97
249.65 145.11 269.92 154.54
0.0 127.54 42.86 163.5
70.27 157.64 151.72 190.78
65.28 141.11 156.21 181.23
246.81 153.97 263.24 158.0
1228.1 107.67 1242.0 256.4
196.85 147.71 211.83 154.0
1230.48 104.09 1242.0 113.88
820.11 141.49 868.9 216.43
120.6 145.81 140.66 172.64
136.63 155.12 185.25 172.71
138.21 163.25 167.0 180.12
176.38 148.11 206.62 158.16
2.6611 161.77 33.524 296.15
3.8268 163.49 43.348 289.65
1.2247 160.73 23.513 299.65
23.399 139.95 118.66 299.33
0.0 162.48 15.569 290.47
6.8908 161.35 57.461 284.53
14.37 164.21 68.511 284.31
4.91 158.16 51.925 317.83
0.0 160.48 33.777 348.18
3.0916 162.87 46.501 352.89
10.518 139.86 92.338 289.2
6.0305 139.95 69.991 289.69
0.0 134.06 98.212 325.73
0.0 131.22 32.724 307.07
5.0896 60.095 99.174 343.76
0.0 72.977 54.664 375.0
1.7727 122.5 49.51 289.21
66.542 154.55 315.08 240.82
35.171 158.76 290.01 253.45
118.31 161.44 330.66 239.04
70.133 170.42 290.97 247.29
48.317 142.75 350.93 249.47
98.75 145.5 339.39 211.81
125.75 174.04 273.06 229.7
74.113 183.25 261.38 260.5
102.56 174.2 260.06 240.02
58.747 143.29 304.04 213.38
120.09 161.65 266.27 225.24
135.89 158.11 271.72 213.57
125.19 185.06 268.72 244.33
103.48 189.63 286.69 256.29
134.03 144.66 321.42 222.78
119.56 150.62 256.9 192.5
97.158 131.1 355.69 263.03
138.19 179.73 291.18 252.78
1226.8 125.83 1242.0 227.69
1238.2 161.64 1242.0 215.04
1226.1 160.21 1242.0 260.94
1227.6 143.14 1242.0 246.64
1205.7 98.286 1242.0 285.4
1210.2 162.24 1242.0 205.18
1220.8 148.76 1242.0 205.65
1226.2 103.06 1242.0 206.26
1219.0 157.3 1242.0 213.25
1203.4 70.173 1242.0 253.44
1188.4 136.3 1242.0 251.4
1185.7 104.56 1242.0 216.43
238.46 168.55 349.51 212.69
263.25 171.22 357.05 211.44
236.09 166.53 335.01 225.45
281.82 169.44 366.0 208.48
250.78 164.74 352.56 202.63
264.12 172.38 339.21 207.7
244.28 176.49 350.0 221.69
237.22 158.89 364.83 217.77
249.82 161.66 337.31 209.0
252.79 174.34 328.15 206.06
276.8 175.09 348.27 205.97
263.62 178.81 352.32 217.96
272.85 164.0 361.88 199.99
271.49 153.72 303.73 230.68
280.5 155.35 310.85 228.6
286.87 159.66 317.64 228.71
290.15 172.47 355.55 204.14
262.67 149.62 298.18 235.01
293.71 158.39 325.79 228.86
231.71 137.02 282.07 254.18
255.82 143.66 290.17 228.39
282.6 178.71 354.34 209.11
279.34 176.91 365.24 214.03
248.37 139.63 281.69 224.62
239.51 137.57 273.78 226.04
222.59 172.31 331.0 231.98
277.79 162.31 313.25 238.07
273.0 179.25 343.5 211.05
249.77 140.26 297.66 246.78
271.81 144.75 306.98 213.15
257.66 142.64 312.74 243.87
285.27 151.44 322.19 210.6
317.49 159.93 337.64 205.09
280.01 150.01 312.91 210.81
302.05 158.93 332.74 225.36
263.44 138.8 298.71 212.07
237.6 174.58 317.21 206.49
244.66 168.21 349.51 238.09
265.82 168.57 335.16 196.54
273.53 141.03 327.13 246.42
222.99 154.5 332.94 197.02
315.12 159.85 333.24 203.81
239.84 180.23 338.65 228.95
255.09 119.63 323.57 231.4
245.11 168.72 323.18 204.19
309.76 160.56 328.57 204.62
279.12 184.3 347.36 214.41
240.46 124.04 306.37 226.79
282.93 170.1 346.89 201.15
225.73 123.09 292.02 224.25
247.1 150.99 283.2 239.46
294.38 151.14 328.78 206.86
278.95 153.14 297.27 205.69
304.87 160.53 325.8 206.26
250.28 153.11 268.27 203.88
309.01 158.79 341.25 222.31
254.39 152.7 272.13 202.66
249.93 155.79 344.03 195.78
320.24 161.28 341.94 205.63
260.74 180.15 328.41 210.57
275.36 152.65 292.8 204.3
258.32 152.58 276.0 202.33
230.49 178.0 305.04 209.14
273.64 116.33 338.89 228.8
301.77 161.86 321.72 209.81
267.13 153.97 285.16 206.3
305.45 173.43 363.4 202.1
263.14 153.69 280.98 205.51
289.37 161.26 359.95 203.79
271.45 152.98 288.35 204.64
309.27 167.89 348.59 201.25
282.12 158.57 300.91 209.99
289.68 142.96 343.76 259.73
242.99 146.23 300.47 261.74
241.56 132.82 274.22 199.49
303.91 152.06 334.34 207.25
252.51 159.85 292.53 245.3
249.11 135.63 280.87 199.11
248.96 132.25 371.57 219.67
242.43 175.03 375.13 241.49
263.57 171.43 362.2 243.56
306.36 136.53 361.11 264.44
306.37 122.32 367.06 236.73
403.41 172.78 427.99 187.47
399.5 171.95 424.89 186.22
398.17 170.15 420.74 187.03
295.76 165.8 385.25 204.63
392.6 171.44 417.82 186.77
391.5 169.49 413.27 186.39
401.97 163.76 416.13 187.75
402.89 167.22 415.17 190.23
401.13 169.43 427.04 185.1
396.37 168.5 423.96 184.84
399.54 167.41 412.11 190.7
387.86 170.17 407.82 186.92
398.9 162.78 411.49 186.68
395.89 166.77 408.03 190.53
316.41 166.19 391.62 201.92
383.99 168.87 407.46 183.77
404.69 157.26 419.06 187.82
389.75 173.19 414.64 187.37
383.47 170.63 402.24 187.14
399.86 165.05 422.29 183.73
311.25 161.73 388.92 196.05
323.26 161.99 384.04 204.94
35.459 178.12 161.02 229.86
30.476 189.16 152.95 241.94
54.595 174.31 184.96 227.38
70.562 167.86 204.74 223.84
19.769 182.21 133.08 234.8
27.107 148.51 140.88 190.64
39.913 169.45 156.98 220.14
33.384 143.42 146.59 182.32
34.303 162.12 141.61 201.72
26.277 170.75 133.3 216.29
48.35 186.75 182.41 236.62
68.891 161.22 191.52 212.27
38.828 153.08 154.1 193.36
23.128 133.7 133.28 172.76
52.226 162.98 162.69 205.44
15.956 154.15 121.91 194.95
17.746 171.66 108.73 234.83
49.516 149.35 168.9 190.89
57.07 154.47 170.89 198.88
68.129 152.46 190.52 201.83
31.63 125.4 139.25 164.53
116.39 126.94 185.83 242.21
254.58 154.18 383.63 213.06
293.73 161.26 379.99 197.35
258.65 164.0 389.85 224.88
265.16 142.02 388.42 222.3
463.48 171.51 514.89 201.37
457.63 171.72 506.35 196.97
459.4 169.44 515.97 202.84
464.43 168.17 511.17 196.73
462.52 172.55 498.7 198.78
455.71 171.77 500.42 191.07
473.88 168.67 517.31 194.28
476.51 170.06 516.81 202.62
480.54 164.12 502.1 208.15
460.02 170.89 491.94 194.58
473.42 164.11 495.41 205.04
458.09 170.56 497.94 187.51
471.01 164.66 490.94 203.57
466.47 175.78 508.73 200.4
461.29 168.54 505.86 189.14
468.87 164.64 485.49 201.48
484.99 164.4 509.91 207.23
477.61 167.71 497.87 208.47
460.34 163.72 524.97 199.83
474.75 160.82 503.68 211.81
470.41 168.71 511.89 189.83
479.07 161.19 497.77 200.27
489.32 164.66 513.42 203.57
445.97 163.94 513.62 195.52
485.73 161.91 505.83 202.08
478.33 160.34 509.35 214.47
471.05 154.8 506.71 207.58
454.03 166.41 507.04 200.33
458.18 171.18 487.05 190.67
478.89 168.05 516.64 188.12
466.47 165.42 480.69 199.75
470.98 170.13 535.21 203.29
471.48 159.18 497.65 209.63
466.63 152.93 499.66 206.22
457.09 166.56 497.35 184.17
470.22 172.99 518.32 206.22
470.24 159.95 537.91 195.98
472.35 162.49 489.13 195.79
457.5 173.5 521.69 209.2
412.8 145.04 562.04 213.26
461.77 167.18 492.9 185.88
480.51 169.46 507.13 211.97
483.79 160.64 501.85 194.96
475.57 161.77 492.34 194.81
485.57 168.13 517.8 192.1
462.71 164.76 476.92 196.1
482.49 165.7 551.42 201.18
483.81 160.71 515.27 220.99
488.9 174.04 521.17 199.73
494.59 165.21 515.78 204.76
483.17 151.09 516.27 209.7
411.48 128.71 571.61 199.71
431.83 138.34 547.93 217.1
479.97 157.11 553.31 194.21
452.21 156.71 517.44 190.54
491.75 159.94 509.88 194.95
468.51 159.13 485.2 192.07
437.13 162.35 506.48 192.8
471.94 162.62 504.18 224.41
497.97 166.07 574.06 202.07
460.88 147.72 489.39 204.63
465.91 157.71 489.63 211.11
421.59 151.41 533.13 226.27
495.28 157.18 573.73 195.35
461.8 144.86 499.06 211.27
434.05 120.25 555.19 207.06
503.02 172.6 571.79 206.24
447.55 147.91 556.37 226.57
417.29 165.48 568.7 235.24
438.71 159.2 541.48 239.79
452.02 155.97 558.63 243.92
0.0 177.07 85.1 224.31
0.0 170.79 54.244 232.2
11.038 162.24 31.932 227.94
7.3248 155.51 26.899 217.11
5.1198 130.69 27.376 195.74
0.0 171.7 67.011 213.06
0.0 120.27 30.684 227.71
5.1734 177.21 116.78 227.96
0.64894 171.93 92.425 214.98
10.196 137.6 30.514 202.28
6.4788 163.26 27.528 235.72
6.0249 141.81 25.772 205.55
10.938 154.9 31.313 210.93
3.2293 126.1 38.856 219.53
14.636 144.9 34.313 203.71
15.975 159.35 34.728 212.41
9.4357 127.67 31.488 193.29
0.28286 176.06 62.52 201.87
6.3525 119.43 26.455 184.63
0.0 166.66 81.767 205.79
15.458 164.7 33.973 229.66
5.1693 174.36 39.617 211.12
0.0 139.78 84.547 182.08
0.0 164.1 52.627 211.36
14.624 132.52 34.473 193.97
0.0 166.15 42.167 222.46
0.0 147.07 83.268 189.42
0.0 173.8 53.088 197.28
4.0604 169.75 38.454 202.55
0.0 145.45 49.78 197.75
18.116 139.9 37.949 200.48
9.6876 118.86 30.449 177.97
0.0 128.01 34.638 176.16
19.358 159.35 38.277 211.03
0.0 133.59 27.035 173.69
0.0 136.34 36.194 183.13
0.0 140.55 32.295 180.66
0.0 155.57 83.966 196.74
13.213 147.85 51.578 233.9
0.34347 178.46 49.314 205.96
7.48 177.62 77.391 202.0
10.997 127.05 48.869 215.6
6.4934 109.25 26.402 172.02
0.0 151.43 72.727 235.85
0.24432 169.17 58.683 192.28
4.8245 174.45 72.209 197.29
0.0 131.17 31.8 167.58
2.4776 155.19 36.734 191.85
0.0 144.92 34.486 189.81
0.0 162.19 34.299 206.31
0.89004 167.68 26.434 202.93
4.1775 108.0 40.687 206.4
13.773 122.0 34.7 182.94
0.0 134.97 75.607 218.85
0.0 121.38 32.183 167.59
8.7567 164.81 111.17 203.94
0.0 118.51 73.653 203.71
0.0 153.44 32.293 198.14
6.9746 161.05 42.059 194.58
0.0 94.055 32.874 209.82
0.0 132.36 101.62 175.19
1.7076 178.64 68.13 206.22
0.0 132.11 65.217 176.88
9.5849 141.45 123.34 182.45
0.0 110.5 44.869 215.29
0.0 152.87 41.818 206.83
0.6522 138.31 63.679 188.09
0.0 123.83 83.763 167.78
0.0 154.27 65.669 203.14
2.0157 148.66 113.88 190.93
9.9622 124.85 113.88 166.14
0.0 130.78 49.387 183.87
21.95 150.09 59.527 232.69
0.0 103.57 71.056 188.59
10.511 110.87 50.664 201.11
20.044 127.8 58.212 215.42
0.0 113.31 31.687 159.68
0.0 84.742 65.292 172.55
0.0 122.62 113.65 210.54
4.4789 155.01 20.698 218.35
0.0 120.4 8.2363 179.22
0.0 120.76 17.562 192.26
0.0 118.72 12.459 185.79
2.3896 129.12 22.225 195.93
0.38525 154.18 11.955 216.79
0.0 110.4 8.1734 166.52
3.7326 118.68 21.536 185.67
0.0 154.17 7.7314 209.39
3.2147 142.12 20.83 204.65
0.0 110.7 15.99 215.17
0.0 132.39 8.0532 189.84
0.0 132.27 11.674 164.28
0.85173 113.73 15.999 175.06
0.0 107.68 12.316 173.27
0.0 147.61 13.348 208.59
0.0 146.59 8.4832 200.56
0.3533 141.22 16.917 207.79
0.0 126.06 11.31 155.94
0.0 123.26 23.37 183.71
0.0 138.88 12.148 172.64
0.0 135.7 14.828 160.58
0.0 139.23 16.943 165.19
3.4719 108.19 21.194 172.08
0.0 176.52 10.025 208.25
0.0 86.926 15.77 194.29
0.0 157.38 19.992 212.01
0.0 132.85 13.203 198.03
0.0 169.14 10.153 199.37
0.0 140.79 21.21 197.14
0.0 128.08 14.464 152.95
0.0 109.22 21.933 167.44
0.0 75.135 42.935 183.82
10.403 121.62 187.24 216.15
465.82 131.38 587.32 218.23
288.64 107.23 352.79 229.41
91.113 161.41 216.38 216.64
271.99 143.2 426.51 213.57
204.1 152.46 320.19 198.93
246.5 152.0 264.31 204.24
231.4 151.04 248.63 205.64
217.15 171.15 298.8 206.4
235.81 151.95 252.01 205.27
243.79 151.68 260.64 207.02
239.95 151.45 255.95 205.54
235.21 130.83 267.27 198.64
228.01 130.9 259.31 197.61
406.72 171.12 427.24 186.17
409.14 167.0 422.1 190.27
411.65 167.12 424.41 190.33
405.78 163.44 419.38 186.58
406.92 167.62 418.8 189.87
409.61 162.99 422.79 186.56
1.6179 153.2 15.289 219.7
0.0 162.3 7.8208 225.21
0.0 159.64 11.182 229.41
0.0 107.89 24.075 220.47
6.021 189.59 39.223 234.33
1237.3 110.64 1242.0 161.76
1230.1 107.61 1242.0 131.2
1237.2 101.18 1242.0 149.72
1230.5 111.91 1242.0 134.95
1233.3 106.32 1242.0 135.23
1231.4 103.95 1242.0 127.4
1237.6 92.958 1242.0 141.85
1234.3 102.83 1242.0 131.0
1231.9 143.08 1242.0 167.22
1234.1 113.25 1242.0 143.04
1207.9 121.2 1242.0 164.14
1207.2 112.07 1242.0 156.96
1209.2 98.297 1242.0 142.82
193.42 145.88 308.36 187.52
800.94 189.65 892.99 223.58
801.73 182.79 891.0 218.17
815.67 181.43 909.61 217.68
786.85 189.09 876.83 225.31
815.8 188.99 911.04 224.09
807.06 174.19 900.76 211.86
780.88 150.07 909.36 234.79
782.51 136.0 907.47 218.77
802.19 117.88 868.07 265.67
817.32 119.73 883.48 265.41
785.52 114.82 851.9 266.72
2.3846 167.58 177.08 308.31
0.11289 151.07 239.32 281.49
12.038 159.55 239.32 266.55
7.711 151.67 201.17 284.89
0.0 157.6 188.05 308.29
0.0 160.23 169.38 247.97
52.672 138.17 157.93 323.56
43.95 130.22 157.82 330.1
25.54 154.03 240.73 235.29
0.0 116.83 161.81 268.28
36.9 70.846 159.48 292.89
0.0 84.392 155.31 243.86
0.0 103.98 223.53 256.59
