583.59 186.17 608.72 195.01
659.88 151.48 709.24 196.93
674.36 165.08 705.28 195.45
635.37 152.71 676.0 197.11
648.26 175.8 660.26 203.16
661.53 175.21 679.51 192.84
667.21 187.21 679.79 196.62
662.41 150.52 689.9 199.81
640.8 153.1 651.96 158.08
678.95 151.39 694.34 156.12
660.22 170.9 668.64 176.02
436.14 193.52 454.31 215.17
463.44 191.78 479.43 208.82
255.53 147.32 389.52 211.9
966.27 144.47 1057.54 185.53
947.01 133.82 1032.49 156.83
981.05 150.43 1046.01 171.82
965.76 143.89 1002.41 154.96
898.34 169.22 938.82 188.6
950.04 168.7 973.91 178.47
941.86 148.39 950.49 167.38
841.14 151.35 881.88 188.58
816.67 147.98 866.53 181.14
868.38 144.45 1045.09 201.21
1101.91 161.53 1125.91 204.9
1221.29 118.56 1242.0 204.69
782.13 150.39 796.74 164.73
1210.58 160.97 1242.0 202.93
1126.02 187.29 1150.18 198.43
698.01 150.38 729.28 185.74
755.16 149.68 799.02 165.23
750.33 152.12 801.42 161.97
711.97 124.75 944.17 224.05
27.35 144.11 109.47 218.26
745.83 148.61 767.0 163.6
244.61 139.62 289.66 265.37
0.0 134.17 70.82 218.96
0.0 148.16 74.441 235.24
0.0 117.69 67.335 203.09
0.0 101.54 68.397 188.15
2.7762 90.57 65.832 273.25
254.03 171.4 328.49 213.33
745.21 140.09 916.09 212.03
739.31 128.16 916.96 200.54
764.03 150.19 940.47 225.94
252.98 170.54 372.44 211.18
243.64 156.93 414.34 216.97
275.01 168.8 387.43 207.82
263.32 166.1 354.8 206.58
293.11 167.88 404.2 206.8
261.23 177.11 388.14 212.39
260.21 159.73 353.28 199.53
282.38 180.36 348.5 202.77
277.63 186.35 347.99 208.61
275.93 183.29 343.21 205.32
255.51 152.98 335.38 189.65
234.6 165.76 413.22 228.04
269.84 162.93 379.34 200.76
247.06 140.02 419.64 223.24
235.9 146.98 381.64 216.49
256.13 178.42 351.47 214.19
890.05 158.67 1037.4 225.08
910.54 157.42 1010.0 194.24
916.16 158.49 1074.2 225.1
888.55 146.19 1046.3 212.49
903.73 164.01 1003.2 202.55
902.91 170.62 1003.0 210.67
917.83 150.7 1017.2 186.05
915.93 146.48 1075.4 212.7
906.71 172.11 1050.3 238.36
858.7 156.77 1012.3 226.6
855.03 145.23 1015.8 212.43
876.91 172.66 1020.2 240.43
881.49 130.54 1045.1 196.01
895.47 193.48 991.26 235.88
902.42 177.95 1002.5 219.65
903.2 152.75 1015.6 233.78
892.58 185.78 992.74 228.46
910.22 185.39 1009.0 227.99
850.7 130.04 1018.2 197.39
916.24 139.06 1033.8 220.51
922.43 165.42 1027.9 246.46
908.78 143.0 1007.3 179.06
889.41 164.88 996.47 247.69
922.08 159.52 995.12 208.55
883.79 139.16 1002.7 221.39
920.35 192.7 1015.7 235.4
840.66 171.95 999.07 244.29
921.64 129.45 1091.7 197.23
918.13 133.37 1014.5 171.83
894.38 123.73 1017.9 205.23
922.16 173.12 995.02 225.75
919.38 123.32 1014.0 162.57
893.88 133.88 993.17 171.75
1224.7 95.444 1242.0 214.0
1224.1 130.36 1242.0 243.77
1223.1 70.608 1242.0 192.93
1172.6 160.47 1242.0 255.29
1209.7 70.5 1239.7 236.95
1201.3 74.91 1233.3 231.31
1175.6 144.83 1242.0 238.48
1221.6 164.3 1242.0 225.37
1222.3 115.82 1242.0 178.41
1221.6 131.61 1242.0 194.02
1213.3 169.27 1242.0 214.88
1221.5 148.37 1242.0 209.78
1195.0 117.85 1242.0 242.14
1190.7 77.928 1226.9 225.79
1215.1 121.2 1242.0 166.91
1213.4 137.25 1242.0 182.43
1181.2 81.743 1219.9 217.29
1214.1 129.24 1242.0 174.44
1180.1 129.51 1242.0 223.22
1212.8 145.68 1242.0 190.47
1213.1 153.58 1242.0 198.8
1221.3 98.911 1242.0 163.58
1214.8 89.044 1242.0 245.95
1213.5 104.68 1242.0 151.63
1181.8 113.06 1242.0 206.38
1196.9 82.54 1242.0 211.25
1179.9 116.06 1222.7 256.29
1174.6 86.244 1214.5 214.2
1182.7 94.707 1242.0 191.94
1173.6 127.89 1213.1 255.65
1167.9 168.07 1226.2 240.53
880.06 151.4 896.42 192.37
866.52 161.42 910.31 181.96
866.78 165.22 909.94 185.37
872.68 158.76 901.88 185.82
867.36 158.24 909.92 177.99
879.9 158.32 896.19 201.73
866.5 169.16 910.42 189.26
872.79 166.21 900.99 192.4
820.32 153.22 859.35 175.74
828.31 152.78 843.68 195.52
824.44 149.4 840.87 190.79
883.53 148.44 898.85 188.45
882.76 153.72 898.46 197.58
874.99 156.22 902.69 180.19
892.2 158.35 936.17 176.95
878.57 149.31 893.98 188.62
827.58 146.55 844.32 187.9
891.52 161.26 936.45 180.91
829.49 153.76 865.56 175.24
823.63 156.14 862.88 177.81
867.69 173.26 910.1 193.23
824.43 156.97 840.22 201.23
878.34 160.74 922.35 181.68
831.88 156.54 847.62 201.32
817.92 157.63 846.07 184.14
878.7 164.98 921.85 185.41
812.22 160.27 851.54 182.09
828.89 163.37 843.5 204.73
833.05 164.47 847.8 209.12
832.21 149.72 847.32 190.95
841.68 146.27 855.25 185.78
839.07 161.63 881.38 180.52
878.23 169.43 922.01 188.74
832.73 157.19 871.12 177.76
820.6 153.76 848.48 181.26
825.37 165.87 840.35 208.78
810.94 164.13 851.58 185.44
825.46 151.27 852.87 177.99
845.51 147.4 858.74 185.22
820.85 161.5 848.11 187.25
831.45 151.45 856.13 176.68
811.96 156.28 852.26 178.55
879.3 157.34 923.38 176.97
837.27 146.62 851.56 186.34
871.15 154.69 912.4 174.35
858.74 165.89 900.77 185.54
890.8 164.5 935.87 184.4
822.08 159.96 862.47 181.03
835.83 157.26 851.03 200.31
821.23 154.35 836.75 194.53
878.56 173.24 921.22 192.98
824.15 156.96 851.29 183.45
807.13 173.03 848.8 193.77
875.03 171.07 904.09 194.77
836.32 164.02 851.38 208.64
834.32 154.0 859.69 179.35
817.23 165.78 844.63 192.19
829.25 169.03 843.41 213.68
806.98 168.84 849.59 189.65
813.53 162.49 842.41 187.28
838.44 158.69 879.75 176.63
846.88 163.54 890.76 181.21
802.58 165.09 846.34 185.67
796.48 173.48 842.0 193.75
815.98 151.45 911.76 187.68
820.11 157.64 922.64 192.51
790.51 155.16 884.37 192.46
800.64 150.53 890.88 185.19
807.48 156.6 898.39 192.27
787.92 150.29 876.57 187.22
824.99 165.79 920.8 199.74
858.98 155.73 925.25 196.87
823.32 139.55 857.15 217.37
808.59 163.84 898.64 200.95
804.68 151.44 868.59 198.52
1221.1 195.3 1242.0 257.9
1174.5 185.36 1195.9 257.13
1221.0 179.59 1242.0 241.73
1211.7 200.77 1242.0 247.21
1170.7 188.11 1191.9 255.24
1212.0 192.91 1242.0 238.64
1212.1 185.03 1242.0 230.5
1212.9 176.95 1242.0 222.84
1167.4 183.7 1226.3 257.89
1157.9 176.68 1218.8 249.53
1175.5 174.53 1232.1 250.89
767.02 163.79 864.51 202.23
765.12 155.94 865.02 194.97
785.02 161.77 879.23 202.53
768.97 170.74 867.27 210.53
764.1 130.39 887.92 221.08
647.31 167.85 659.14 199.94
645.72 169.85 662.57 196.53
650.82 169.38 663.19 201.78
648.79 171.09 661.06 201.31
645.18 169.06 656.43 201.26
647.56 172.18 664.29 199.65
655.2 168.51 668.04 202.67
646.63 174.47 659.42 205.82
641.33 172.09 657.63 195.56
640.34 172.46 666.73 193.03
643.86 175.57 661.9 200.51
651.36 173.61 665.9 205.68
641.52 175.54 669.72 195.27
645.97 179.59 665.12 203.2
650.24 169.91 668.35 197.9
643.87 173.12 656.52 208.92
642.94 170.63 660.8 194.45
643.69 172.09 668.91 189.75
648.95 179.45 669.44 203.77
651.01 175.57 670.59 201.02
639.35 177.5 657.12 199.99
642.26 181.04 661.56 203.81
654.85 174.72 670.73 208.57
645.44 159.77 659.61 200.06
658.69 166.92 672.31 204.52
644.63 173.55 672.57 193.68
636.95 174.32 660.96 193.12
640.11 182.45 669.93 201.29
648.15 158.45 662.05 199.5
642.7 159.79 656.55 199.23
634.99 177.65 661.26 196.16
652.55 170.46 673.51 197.08
637.58 179.67 666.14 197.79
644.53 179.08 675.21 198.58
638.09 169.29 656.66 192.66
658.48 171.84 674.41 207.79
648.94 175.8 663.15 210.21
637.37 182.62 656.83 203.74
634.08 171.5 659.33 190.41
643.57 155.64 670.39 229.97
637.26 157.05 664.06 226.5
623.98 167.22 687.22 201.06
996.73 155.15 1035.9 174.74
949.87 164.6 1051.5 201.88
953.04 158.3 1051.3 194.28
1002.0 154.07 1030.9 179.82
934.19 157.98 1035.0 194.25
950.31 171.81 1049.3 209.69
924.65 164.37 1027.2 202.73
1008.7 148.1 1024.9 190.14
924.43 170.78 1027.2 211.05
1012.0 149.51 1028.1 188.98
953.6 151.45 1049.3 186.39
991.5 156.38 1034.4 177.76
936.72 150.25 1031.7 185.6
952.06 178.36 1048.6 218.73
985.37 154.29 1028.0 174.56
977.88 156.58 1022.4 177.59
996.54 160.06 1038.9 180.83
1005.2 146.01 1021.8 190.44
927.13 178.18 1026.1 219.27
1004.8 167.12 1100.5 203.47
1008.7 173.3 1100.3 211.98
987.47 150.47 1005.8 202.84
1006.7 156.81 1035.2 180.74
972.49 160.94 1020.6 182.55
1016.4 150.22 1031.3 189.59
969.32 178.15 1065.7 218.39
1019.9 162.35 1058.7 182.95
951.56 185.94 1047.2 227.13
975.34 167.17 1072.1 201.8
1019.2 165.93 1059.5 186.83
953.91 160.35 1030.1 208.33
975.58 159.29 1072.5 194.96
927.53 185.59 1024.9 227.36
933.12 151.64 1047.4 232.45
934.99 142.8 1032.5 179.64
977.06 172.77 1072.9 208.45
961.56 154.32 1036.8 199.69
961.22 168.1 1034.8 214.58
946.29 166.69 1020.3 216.5
951.34 144.68 1048.7 180.87
978.34 151.87 1068.0 186.95
1003.1 158.36 1100.6 195.98
937.39 160.45 1011.7 209.19
987.74 178.48 1081.9 218.59
967.91 185.4 1065.8 227.21
945.13 154.05 1021.0 200.35
928.65 153.96 1004.1 200.68
967.44 161.29 1043.8 206.64
955.48 174.1 1028.0 224.51
944.08 192.8 1039.4 234.27
961.03 151.88 1080.0 235.33
942.89 138.2 1063.0 220.7
973.45 154.75 1011.6 234.71
965.4 153.44 1003.4 235.53
961.67 192.76 1056.7 233.67
936.66 135.0 1030.5 172.95
939.32 173.15 1011.3 225.43
981.92 148.21 1019.4 227.33
953.46 147.37 1029.3 192.96
994.31 185.52 1091.8 229.08
1001.1 192.5 1102.6 235.85
970.93 174.86 1042.4 222.08
935.2 146.77 1011.3 191.06
926.13 121.6 1047.8 206.91
974.85 139.53 1010.8 220.17
643.08 169.53 653.0 200.27
641.12 172.59 652.37 205.79
635.24 173.31 652.07 194.4
640.84 164.41 652.46 199.23
640.43 176.21 652.88 211.97
633.57 171.07 651.02 192.08
633.56 178.71 652.46 199.08
907.13 159.57 979.57 208.91
904.87 153.14 980.15 199.58
1063.1 204.36 1179.3 247.19
1048.5 209.8 1162.3 252.83
1051.1 177.3 1101.2 198.16
1063.4 169.01 1081.4 217.31
1050.8 180.34 1100.3 202.53
1059.6 168.85 1078.0 217.9
1052.9 173.85 1101.4 194.28
1126.4 203.19 1146.8 258.48
1050.3 196.15 1161.8 236.17
1047.4 161.12 1082.9 245.13
1058.4 181.69 1156.6 219.4
1049.3 175.51 1146.1 213.84
1058.8 203.55 1133.6 259.7
1063.9 199.0 1142.3 251.92
1094.7 191.55 1174.8 247.27
1055.3 162.08 1089.5 243.62
902.68 159.09 948.84 177.83
898.91 162.07 945.42 180.82
903.17 156.05 947.67 174.58
897.99 155.42 940.28 173.59
844.65 158.66 942.58 193.53
846.55 151.06 940.21 185.61
906.57 157.25 957.34 178.14
889.47 156.14 986.39 193.58
889.51 149.85 984.42 186.34
864.94 157.48 963.24 192.64
900.63 164.5 948.36 184.12
904.84 156.4 938.18 179.17
865.13 150.58 960.37 186.56
911.48 153.97 961.29 174.86
908.26 153.47 941.22 176.48
919.0 153.01 970.48 174.26
908.52 159.69 962.22 181.51
891.89 202.3 980.48 241.18
935.35 142.42 953.56 192.45
849.15 164.72 940.61 201.31
885.03 163.1 979.89 201.16
870.15 148.96 986.24 234.08
887.06 142.86 984.05 180.66
867.26 164.25 962.68 199.9
883.88 171.56 979.98 210.54
914.69 165.67 986.57 216.83
881.89 179.8 980.85 220.37
856.15 143.29 952.03 180.87
877.57 195.86 968.23 234.9
851.62 136.06 973.56 220.43
942.86 147.06 978.58 226.51
907.98 188.65 977.59 240.18
950.22 147.41 986.6 226.41
934.25 153.8 971.61 233.34
906.67 172.82 979.69 225.95
598.02 175.31 621.22 192.19
608.81 174.32 629.24 193.12
606.05 174.23 625.06 192.61
637.81 168.7 648.43 199.66
612.69 174.5 633.19 192.96
603.13 175.46 627.43 191.28
601.29 171.1 621.3 190.69
605.96 178.29 632.08 195.06
602.1 172.29 627.67 188.7
612.44 170.75 625.77 200.41
609.16 169.17 621.6 199.52
609.19 179.99 630.43 198.16
615.5 177.59 636.34 195.02
636.41 173.51 649.16 207.19
616.32 172.25 630.09 201.18
604.56 167.77 624.91 187.97
612.41 180.68 633.96 198.51
598.15 169.14 624.7 186.26
609.93 172.75 636.91 189.03
620.65 174.72 641.02 192.81
608.49 162.41 621.53 196.55
613.38 175.59 639.86 191.9
627.97 173.82 646.55 193.15
603.76 181.08 627.11 199.01
635.4 162.46 647.69 198.21
620.56 171.96 634.37 201.6
615.81 172.08 637.56 190.9
594.68 177.74 613.83 198.03
597.93 177.61 620.5 195.73
595.89 171.32 607.62 200.81
594.0 173.61 613.75 189.67
599.6 171.64 610.61 204.37
596.62 180.56 618.95 199.79
601.36 179.55 620.5 198.77
593.27 182.93 613.34 202.57
605.44 164.92 617.67 198.28
601.8 166.8 613.49 198.94
598.0 167.44 610.28 198.43
605.39 170.18 616.54 202.74
598.61 169.58 618.51 188.43
742.04 163.81 844.21 204.09
738.54 156.01 843.59 195.17
736.1 171.52 834.79 211.43
727.17 163.95 825.66 205.13
725.73 149.92 821.86 187.4
751.64 170.2 851.5 211.12
731.27 178.99 824.17 218.2
580.99 178.56 607.07 204.2
580.45 179.37 601.09 201.49
587.1 179.27 607.36 201.93
583.8 176.11 601.05 207.74
577.64 184.17 606.54 205.49
581.69 177.86 606.22 198.04
587.99 177.72 608.69 196.28
576.31 179.46 597.21 198.9
587.95 177.48 603.97 207.97
578.35 178.23 600.42 196.74
543.7 174.07 565.93 190.2
591.21 176.73 610.11 194.52
581.45 180.46 599.09 210.06
573.84 178.79 592.25 198.82
581.73 174.18 598.02 204.73
569.27 179.82 590.5 198.69
580.94 175.58 592.94 205.88
579.42 187.59 603.84 207.65
571.05 181.85 592.23 201.32
547.53 175.86 570.19 191.43
576.71 183.41 598.58 204.76
590.91 173.26 605.95 202.42
593.07 176.94 606.36 206.5
574.08 177.26 595.74 195.36
541.11 176.18 563.41 192.04
584.5 181.25 603.97 212.64
567.8 178.78 586.09 197.66
556.13 174.87 575.85 191.69
593.17 176.06 614.97 192.8
548.83 173.71 571.89 189.62
565.92 177.19 589.04 195.18
533.8 176.29 558.1 191.12
552.11 177.23 571.68 193.01
581.6 175.4 605.02 191.72
539.88 172.35 562.66 190.17
545.05 178.52 567.62 192.57
579.38 171.55 592.07 203.25
556.86 177.57 576.82 194.01
587.98 171.33 605.23 204.81
585.3 184.28 608.91 205.26
559.96 179.51 582.73 196.34
559.52 175.08 580.01 193.02
590.39 175.04 611.05 190.56
577.22 190.56 605.63 209.39
534.79 173.07 559.8 189.95
536.18 178.2 561.94 192.74
547.91 170.25 563.05 194.11
568.12 184.12 586.87 203.02
568.98 185.0 590.97 204.98
530.93 178.68 556.33 194.24
552.67 173.93 576.3 189.23
544.9 171.1 560.36 195.25
577.83 175.53 588.31 205.56
545.73 170.17 567.57 190.01
578.87 178.48 594.82 212.4
588.68 181.18 606.22 214.16
569.56 172.94 615.41 211.99
549.84 180.87 568.73 196.19
562.2 182.3 583.82 199.61
557.48 181.16 576.72 197.49
539.07 169.68 565.55 187.94
553.0 181.07 571.54 196.88
574.46 174.62 598.21 191.75
551.86 170.83 564.81 194.8
578.99 165.67 607.26 229.92
556.66 174.08 582.11 189.9
576.34 169.95 587.74 204.92
545.24 164.79 561.72 193.84
576.0 188.7 599.86 208.4
548.95 169.78 573.95 187.24
562.86 184.49 582.33 202.54
532.6 169.36 559.66 187.37
563.08 174.16 588.2 191.03
540.54 179.15 562.69 195.96
556.25 170.23 568.81 195.71
570.73 173.87 591.38 192.57
564.44 179.0 620.08 213.91
560.04 169.27 573.54 196.57
576.93 196.01 606.94 212.83
566.71 171.46 624.79 206.55
592.16 179.14 607.77 211.16
571.45 172.87 583.29 206.25
583.66 193.39 608.65 211.74
582.29 162.43 611.85 224.43
585.86 188.3 609.95 207.59
542.63 171.68 556.74 196.18
557.29 185.16 577.25 202.53
552.87 175.97 565.69 205.15
583.89 165.49 600.52 205.25
535.52 179.63 557.98 196.91
556.16 168.62 578.71 187.63
586.08 185.13 603.9 220.37
564.66 169.42 577.98 199.9
541.99 164.45 566.59 187.71
582.8 185.16 601.03 221.55
550.66 165.62 566.4 193.75
565.12 187.61 585.76 207.02
542.2 181.61 567.75 196.08
556.54 176.97 569.13 206.78
573.32 162.55 601.86 231.05
571.71 167.7 634.53 203.08
576.3 146.22 610.64 220.07
553.73 174.52 615.74 206.58
571.42 143.03 602.82 219.22
577.25 169.94 629.5 209.77
567.6 177.45 633.32 211.79
582.65 145.07 615.97 216.33
564.25 158.16 618.89 205.4
1033.3 180.3 1083.1 202.21
1031.4 177.33 1075.4 197.96
1035.7 177.16 1088.2 198.86
1031.3 173.22 1074.1 194.09
1028.0 168.92 1059.7 191.28
1034.4 184.11 1082.7 206.68
1027.9 175.52 1062.2 200.07
930.0 166.32 1002.4 217.21
1023.7 170.88 1093.9 215.82
1029.0 166.16 1100.8 208.66
1085.4 202.32 1200.5 246.79
1072.6 197.31 1188.2 239.05
1076.6 189.65 1187.1 229.92
1132.7 189.58 1203.5 249.3
1112.3 190.44 1186.6 247.28
480.69 179.12 502.42 192.39
486.07 179.11 507.86 192.3
482.15 179.68 507.18 194.08
481.76 176.45 504.63 190.4
484.47 175.43 508.03 189.71
478.84 175.66 501.59 189.67
477.13 177.92 497.79 191.72
485.85 172.19 499.74 193.6
469.9 181.01 495.95 195.06
471.15 178.47 495.68 192.37
486.6 175.32 499.14 196.57
473.39 182.06 500.89 196.06
482.29 172.72 507.04 187.04
488.42 171.14 501.56 193.84
485.89 176.46 498.0 201.85
485.15 174.85 496.13 197.62
476.11 171.85 499.71 186.68
488.23 176.88 501.18 202.28
507.62 176.06 531.19 192.97
506.2 173.91 530.27 190.5
498.66 176.26 522.48 191.83
504.68 178.31 529.44 194.11
503.38 175.08 526.85 191.88
489.63 177.76 512.95 192.11
497.16 173.52 521.03 190.1
505.77 171.31 530.98 187.65
490.51 174.83 514.23 189.57
511.94 169.86 527.7 193.95
500.64 170.34 525.82 187.74
509.48 169.61 524.93 194.87
511.2 178.75 533.97 195.93
512.17 175.04 526.95 198.93
514.41 171.5 529.22 196.3
501.99 181.3 527.65 196.4
509.28 175.15 524.28 199.37
497.61 169.68 520.61 188.14
487.79 181.39 514.97 196.29
495.2 181.42 521.92 196.59
514.24 166.2 530.79 193.26
506.56 170.02 519.83 195.67
505.73 166.29 530.62 186.39
492.07 171.11 517.42 186.73
487.11 171.74 511.92 186.32
512.67 177.99 526.21 204.77
500.98 166.53 528.21 184.57
515.73 178.13 529.72 205.85
509.39 178.14 523.11 203.96
