497.58 174.29 566.15 225.83
679.56 159.75 754.21 229.37
664.85 177.61 684.76 214.09
659.84 179.61 674.87 206.5
565.18 183.75 575.5 193.25
547.59 167.49 551.63 184.34
545.3 167.27 548.24 179.65
522.47 170.99 543.62 179.48
524.36 166.91 539.39 175.93
720.02 153.83 972.98 332.23
703.58 149.65 711.24 168.45
721.51 147.64 730.46 163.32
714.74 157.73 957.01 325.42
661.88 169.95 738.02 221.22
672.78 163.8 757.1 228.98
681.76 167.98 767.06 224.17
694.82 155.26 741.68 236.5
692.03 165.77 764.49 212.85
679.77 158.02 746.57 213.21
684.4 142.83 737.64 246.84
682.68 174.8 738.78 219.2
688.76 171.88 750.12 217.51
493.24 174.54 566.04 229.83
505.97 174.33 568.83 221.01
510.05 168.6 553.17 235.13
490.27 175.16 557.24 219.46
511.63 178.19 565.81 230.6
479.7 167.79 575.64 240.67
498.66 173.25 561.53 208.47
515.3 174.25 559.62 212.42
501.42 181.09 554.25 214.71
500.89 184.65 559.85 222.98
507.19 175.11 550.27 211.92
515.1 161.31 556.94 227.27
510.9 177.99 565.44 209.43
497.25 179.01 548.42 209.4
505.82 176.78 564.38 221.39
502.64 188.47 554.74 230.93
510.83 185.99 563.42 228.22
496.49 188.95 550.14 223.49
486.49 190.46 566.28 234.41
654.91 174.13 702.21 209.67
651.63 176.74 696.01 205.88
651.71 178.86 688.33 203.11
655.99 172.28 694.19 203.34
652.39 179.33 675.21 201.2
656.78 179.13 697.17 212.01
664.43 169.02 687.85 215.06
661.29 167.77 684.32 211.64
653.29 176.82 684.35 197.83
668.72 166.14 696.77 219.73
674.09 164.13 702.04 220.81
665.55 165.89 685.62 206.49
671.6 165.85 695.35 215.78
668.22 164.57 690.42 210.88
660.3 172.76 678.48 209.41
674.84 167.25 700.11 219.02
651.25 178.44 673.31 197.36
659.37 164.3 693.85 215.23
655.46 176.76 667.97 203.93
657.85 173.01 671.46 207.24
661.48 170.88 677.97 202.28
673.79 162.39 693.5 207.7
667.49 171.44 692.2 223.19
677.67 161.61 697.91 209.43
656.16 182.65 692.49 207.99
652.77 181.22 681.66 204.48
682.11 160.66 701.86 209.42
665.0 166.4 681.72 200.46
654.41 173.96 667.51 199.34
661.53 177.32 686.38 217.6
661.75 176.67 680.5 212.78
661.24 185.11 700.04 211.59
662.66 167.31 676.97 197.93
668.01 164.76 685.01 198.43
671.85 162.55 686.67 200.63
658.92 167.75 671.32 197.59
656.69 166.17 682.22 224.13
697.84 158.06 728.46 183.97
704.2 157.75 746.8 179.64
524.85 172.5 557.69 189.67
533.87 172.77 559.43 195.12
524.46 170.53 555.11 196.07
531.59 170.3 554.64 188.65
515.77 172.62 552.71 189.79
505.86 172.84 552.46 194.86
537.35 163.85 551.94 193.3
516.78 170.2 549.86 197.12
519.44 172.03 547.85 192.13
505.96 173.55 545.98 190.68
530.92 165.98 554.93 184.6
514.21 172.67 543.57 192.62
522.99 169.7 555.62 186.09
525.99 170.3 551.65 189.41
529.07 165.04 561.18 182.09
552.44 175.56 578.33 192.56
561.87 175.1 585.34 192.72
547.27 175.12 573.11 192.4
558.49 174.49 581.06 192.83
552.08 177.73 577.61 196.47
547.76 177.62 572.96 196.07
556.27 177.82 581.89 195.17
566.69 174.9 589.61 193.0
548.57 170.96 562.08 209.49
549.46 169.53 561.14 201.56
561.06 171.82 582.12 190.32
561.52 172.44 576.01 200.7
578.59 168.15 589.57 193.95
554.16 169.73 566.32 201.72
558.05 170.96 571.61 201.81
564.61 170.99 578.5 199.82
574.64 168.21 585.63 194.96
547.65 170.63 575.7 187.12
569.73 169.49 581.14 196.01
554.8 170.58 581.64 187.2
570.95 170.04 589.89 190.54
564.65 170.52 589.27 188.65
566.0 166.99 580.34 196.69
657.61 173.58 686.59 195.93
648.37 177.77 669.3 195.98
653.39 174.72 665.42 202.68
654.87 174.61 680.03 195.02
644.68 177.99 665.17 195.65
660.54 171.48 691.14 193.46
642.7 176.18 667.01 193.39
543.08 174.2 569.02 191.82
530.98 172.7 561.86 189.27
537.52 172.64 565.95 189.44
530.55 175.98 565.49 197.8
539.55 173.33 562.17 194.55
539.34 175.37 562.46 200.31
533.47 174.0 560.7 201.43
542.7 177.38 568.6 196.38
531.15 169.46 561.83 186.43
537.35 169.14 566.43 185.12
533.6 165.44 548.6 198.66
539.54 169.12 561.7 187.0
530.25 164.31 544.49 200.14
541.27 166.02 555.23 197.32
544.47 169.32 566.07 188.0
536.19 164.86 566.51 180.18
655.47 170.12 722.72 214.33
768.02 175.2 1063.6 339.44
730.3 168.31 1009.0 338.61
876.96 206.72 1215.2 362.77
809.24 179.6 1118.9 348.55
844.44 200.27 1148.8 357.38
741.58 155.84 1242.0 375.0
590.26 173.4 610.72 190.46
659.36 172.64 711.68 211.41
658.72 173.34 710.81 211.21
749.2 180.02 984.8 312.25
875.4 167.96 1172.0 352.63
666.31 175.27 725.11 211.07
814.93 210.73 1242.0 375.0
587.55 173.9 607.02 190.99
650.65 171.83 703.69 213.37
649.72 162.79 765.16 230.35
942.47 216.55 1237.8 375.0
768.84 189.52 1020.5 295.0
582.96 95.233 1208.8 375.0
