141.15 142.13 200.81 288.82
1236.04 154.64 1242.0 195.49
1205.05 131.26 1242.0 223.31
1234.45 177.95 1242.0 195.48
1229.43 215.67 1242.0 247.73
1122.92 215.15 1242.0 375.0
0.0 217.36 5.62 241.34
1116.1 205.54 1241.0 375.0
133.33 157.77 186.75 304.47
139.95 154.04 192.29 283.43
149.19 155.17 198.24 293.23
133.9 124.42 212.14 288.77
1217.8 147.56 1241.0 207.42
1200.6 126.54 1235.9 239.2
1219.0 134.26 1238.0 209.97
1214.7 137.36 1234.5 215.42
1211.3 137.93 1229.8 213.61
1203.9 148.42 1241.0 208.48
1207.9 138.04 1225.4 210.59
1234.7 202.49 1241.0 235.13
1212.7 210.15 1241.0 252.17
1215.0 218.82 1241.0 258.89
0.0 206.72 7.6342 259.07
1235.8 149.52 1241.0 206.79
1233.7 159.77 1241.0 193.05
1236.5 138.66 1241.0 194.58
1233.8 167.7 1241.0 201.05
1233.9 151.87 1241.0 184.98
1229.7 162.7 1241.0 188.26
1229.8 170.64 1241.0 195.99
1230.1 154.74 1241.0 180.27
1230.3 182.52 1241.0 208.34
125.05 150.99 187.99 317.67
124.47 147.57 180.05 306.07
107.85 152.05 204.81 306.8
132.16 156.63 201.66 309.73
103.88 155.92 175.67 325.89
