372.35 157.17 463.76 228.16
291.53 188.85 310.45 221.56
475.39 194.02 479.88 202.19
374.62 166.69 395.73 189.12
366.84 160.61 458.16 234.31
370.82 174.61 453.57 229.09
359.44 161.15 465.33 239.03
358.04 178.33 391.27 197.74
359.07 181.46 392.55 202.21
288.71 193.12 304.79 233.92
284.9 199.51 305.29 230.34
280.7 203.73 318.01 225.4
462.66 182.34 495.25 201.78
465.25 184.51 490.86 206.05
471.09 188.51 497.11 208.08
466.2 188.52 490.54 208.92
469.97 177.42 486.38 213.9
475.41 177.78 492.41 213.57
467.05 178.35 482.23 213.11
480.22 181.15 496.23 216.89
462.27 180.71 488.0 204.53
573.81 187.62 594.73 202.23
575.86 185.91 596.52 200.58
