569.52 183.92 583.92 188.45
763.66 153.28 769.5 179.56
770.43 152.82 794.83 167.01
777.29 176.12 780.88 184.32
783.82 165.76 797.39 187.65
524.66 179.44 548.67 188.91
798.87 149.94 810.27 191.27
363.87 150.95 422.99 188.3
401.66 152.01 452.7 188.5
352.58 163.42 434.12 202.76
349.97 156.02 434.85 195.85
361.27 153.16 421.85 201.95
385.47 157.33 460.46 192.93
755.97 164.44 784.0 179.87
756.02 168.14 784.21 182.69
762.23 163.5 782.7 182.73
757.85 161.69 785.28 177.19
766.77 154.48 778.8 183.82
762.69 159.59 782.64 179.39
759.3 160.93 779.59 178.75
759.87 168.05 790.78 184.07
760.86 163.74 790.42 181.08
752.73 159.45 777.9 174.28
761.75 159.85 790.64 177.22
759.75 158.43 785.29 173.51
767.69 163.02 789.11 183.2
760.36 158.31 778.61 176.21
767.26 158.54 789.15 179.51
764.98 156.57 785.47 176.69
764.2 156.4 792.3 174.03
798.5 151.91 824.18 175.19
805.11 147.52 819.82 183.42
801.88 145.94 815.77 183.56
793.56 147.04 805.77 184.23
792.16 153.56 826.69 174.59
799.97 167.07 823.03 185.79
769.41 154.34 781.47 185.05
769.8 160.71 782.15 192.05
772.62 157.61 785.15 190.16
767.63 169.96 789.44 188.6
536.96 176.11 566.05 191.0
561.49 171.57 589.97 189.7
565.94 170.71 590.04 185.93
559.9 171.82 583.36 188.15
566.56 169.74 592.02 182.92
568.73 168.62 581.47 193.3
568.87 171.98 593.71 187.3
566.9 170.57 582.58 195.69
561.16 169.07 589.35 183.65
570.43 168.88 584.55 194.28
571.77 169.32 597.5 184.03
567.49 166.45 580.78 189.28
572.63 167.05 585.76 189.4
557.16 170.88 578.4 186.88
569.96 167.28 594.45 182.03
574.0 169.92 587.54 193.69
561.0 176.31 587.2 192.38
557.87 174.4 584.76 190.33
558.38 169.08 581.15 185.34
565.19 175.15 590.31 191.61
565.19 169.23 576.92 194.76
576.48 167.38 588.35 189.02
573.28 166.02 601.3 181.59
573.51 171.32 596.29 186.26
557.61 179.15 588.19 194.2
563.16 171.09 577.36 197.61
553.05 171.18 574.97 187.05
566.46 173.1 582.72 203.76
561.95 167.07 571.88 190.43
552.31 176.93 582.14 192.45
577.42 168.58 589.86 192.89
563.6 173.14 579.9 204.35
554.77 166.85 582.8 182.6
570.43 173.52 586.42 203.32
571.37 175.48 596.19 191.28
574.87 174.06 597.51 189.38
574.46 174.21 589.26 204.08
560.6 169.58 572.73 197.74
570.18 178.01 593.5 193.0
561.46 173.04 575.87 204.36
561.5 183.25 586.65 200.12
764.27 166.84 785.73 186.67
760.46 171.26 792.23 186.87
766.88 160.98 779.33 191.01
745.81 168.68 771.3 181.4
751.26 168.72 777.29 181.79
749.79 165.57 776.94 179.67
746.89 164.84 768.64 179.51
751.53 162.75 773.54 178.48
749.04 160.56 768.67 176.7
747.25 160.18 771.93 174.64
753.38 159.56 772.61 176.02
764.24 155.26 774.98 182.86
748.68 163.12 761.82 187.32
750.44 156.64 762.02 181.56
716.32 170.43 738.25 188.16
721.03 169.43 740.12 184.62
729.93 168.75 748.32 183.66
727.36 171.29 745.79 187.24
714.02 170.23 734.82 186.58
710.04 169.84 734.09 184.17
724.51 168.1 744.27 182.4
731.49 167.06 750.82 181.37
