638.87 187.3 663.51 205.18
314.18 185.07 472.89 271.51
539.54 187.5 586.89 220.87
684.13 176.12 712.4 240.21
758.96 193.41 774.41 197.31
739.86 150.9 775.91 200.67
558.63 182.36 571.47 186.81
642.89 153.32 659.65 188.44
513.39 148.32 557.62 202.76
535.49 149.22 539.19 210.42
742.81 148.75 748.96 202.38
657.38 153.12 667.82 179.69
744.34 144.36 757.94 220.86
315.32 189.31 470.13 278.3
297.99 185.15 458.91 262.69
326.09 195.7 469.29 282.06
528.75 166.11 544.43 216.71
686.97 182.62 710.97 243.09
688.87 174.97 710.59 227.56
691.39 177.3 713.36 232.49
687.03 175.66 706.92 222.22
682.29 176.49 703.87 227.64
682.64 175.89 712.65 239.36
682.97 182.9 710.71 223.44
683.0 182.78 704.66 239.97
685.95 191.82 705.87 242.52
681.08 188.19 710.62 233.59
691.53 188.18 712.63 241.7
674.65 176.46 717.61 225.59
697.21 175.88 715.41 232.29
680.22 179.08 697.89 229.46
677.48 180.76 720.52 241.81
677.62 171.21 708.01 236.03
698.01 186.58 716.48 243.97
680.12 181.34 700.76 242.7
667.22 184.84 728.81 225.39
701.03 178.04 719.55 238.57
686.4 167.58 717.06 232.1
700.84 172.6 718.39 224.27
685.79 177.66 714.95 257.97
693.76 178.12 721.34 253.01
679.46 176.26 729.05 226.96
677.33 181.53 707.01 257.82
693.09 165.57 722.41 228.82
669.9 169.71 695.97 242.42
535.29 181.33 590.3 224.06
538.58 183.85 586.73 222.89
542.05 180.57 582.36 215.38
535.49 181.11 579.26 220.13
537.95 180.19 573.03 213.62
531.42 182.92 577.71 210.67
528.47 178.57 589.57 214.34
532.95 188.26 576.94 222.91
544.16 182.63 592.5 212.74
537.0 182.45 584.14 206.84
547.69 176.04 573.71 225.36
545.57 187.07 595.32 217.14
545.7 172.29 579.03 232.97
552.67 176.32 580.2 224.84
533.27 181.49 574.34 205.45
526.47 179.86 580.7 224.27
548.29 179.65 585.26 209.27
541.34 173.23 573.0 231.52
544.24 179.73 571.13 204.85
528.0 186.17 574.56 214.34
544.69 181.52 604.46 220.48
544.52 178.33 569.43 230.04
550.47 172.61 569.8 215.59
534.62 192.9 586.84 225.81
548.9 181.46 579.86 204.15
549.82 182.96 591.97 205.61
529.15 188.77 596.56 228.94
550.84 188.73 591.28 221.19
554.3 172.6 573.85 215.26
555.93 172.91 584.99 232.36
557.15 181.01 582.25 228.8
556.22 181.82 588.3 208.09
545.85 185.48 572.34 236.17
525.45 170.4 580.6 213.77
529.55 173.47 601.36 207.35
653.8 171.23 667.97 196.86
747.85 162.27 770.22 223.75
741.21 161.19 765.36 225.66
740.95 151.72 769.1 211.6
754.85 167.46 769.72 194.66
750.16 167.11 763.81 195.04
756.33 167.38 781.32 184.96
749.16 167.19 773.55 188.62
757.01 163.94 774.47 195.12
749.75 166.26 778.78 184.71
744.81 166.86 767.92 188.17
731.1 165.33 791.61 197.9
732.99 166.54 779.58 203.48
756.63 161.77 779.46 184.05
745.1 160.38 759.6 198.42
741.19 165.43 763.45 187.82
743.42 166.23 773.46 184.56
741.54 165.37 785.36 199.53
747.94 152.69 776.2 210.15
754.16 151.5 781.05 209.32
634.49 181.63 672.77 202.63
633.28 182.66 663.37 203.43
631.05 181.36 666.15 200.24
641.67 179.21 674.93 195.84
636.17 180.25 668.27 198.46
639.2 184.96 671.96 203.48
629.37 180.28 658.63 201.09
643.04 178.52 658.91 208.74
640.24 178.87 656.07 208.7
641.37 174.73 657.48 202.51
647.0 182.7 675.81 202.27
636.45 182.94 654.05 209.74
646.89 178.88 662.08 209.73
630.3 178.58 666.75 195.48
631.75 186.58 660.92 205.12
638.2 174.52 653.61 201.84
648.04 173.94 662.62 202.77
652.68 176.32 665.79 207.75
643.81 172.66 660.96 197.8
635.73 175.74 649.21 205.33
649.3 171.77 663.89 196.55
642.1 176.05 676.09 190.91
629.37 189.39 662.0 207.1
643.14 176.91 671.16 193.12
634.6 188.38 668.26 205.76
641.49 182.67 659.86 213.18
628.52 185.42 654.0 204.15
661.77 168.59 676.23 194.65
532.79 165.36 549.39 205.4
525.27 166.42 540.74 216.67
521.52 166.94 537.14 217.62
520.11 144.39 553.75 221.32
761.17 176.48 780.02 194.66
764.49 176.44 783.37 195.4
769.58 177.18 786.95 194.02
757.63 180.06 776.59 197.99
762.2 181.07 780.12 198.63
753.71 179.64 774.93 199.37
766.26 182.44 783.51 198.87
749.86 178.95 772.22 201.21
771.39 182.86 788.54 199.14
743.38 178.83 766.88 203.41
770.97 179.63 791.72 195.98
759.37 182.79 780.04 200.96
544.76 181.78 585.0 200.41
542.67 175.39 569.55 198.4
754.11 175.28 776.71 194.45
644.39 180.92 682.14 201.43
746.53 175.19 774.54 194.63
4.0938 159.27 300.23 362.43
660.51 180.0 690.66 197.41
758.75 173.18 778.98 192.6
653.94 179.71 686.46 197.84
664.88 180.35 696.68 197.87
0.0 160.25 405.24 375.0
750.14 173.09 776.81 191.99
763.91 174.19 781.5 192.17
741.46 174.86 770.56 195.35
667.34 180.36 702.15 200.5
663.56 177.81 691.52 193.35
672.84 179.28 710.17 197.75
673.72 179.0 701.08 203.4
657.18 178.36 686.52 194.06
675.61 178.4 706.51 206.2
670.45 180.1 711.31 202.95
681.26 177.37 711.75 208.3
668.12 178.99 693.35 200.04
667.53 178.62 699.47 194.89
768.35 174.39 785.66 192.11
756.37 170.13 778.71 188.29
648.82 177.7 681.94 195.12
0.0 145.57 250.05 341.81
685.08 179.62 713.1 212.38
739.77 173.57 764.0 196.93
732.79 175.18 763.16 194.65
674.65 179.09 699.89 197.38
690.93 174.24 709.19 216.14
676.31 177.87 708.8 193.11
