381.69 187.47 420.59 201.28
430.55 192.48 452.31 196.48
1170.62 205.13 1240.28 217.7
500.52 191.32 523.15 195.44
755.13 149.39 766.29 203.01
374.27 183.69 415.05 206.24
384.94 183.51 418.29 203.24
372.65 183.72 405.58 203.83
394.11 183.67 424.55 200.61
380.44 186.7 419.02 205.08
378.4 183.05 410.8 202.19
368.41 180.26 425.21 207.69
390.69 180.03 419.68 195.3
384.81 181.44 415.04 200.1
374.49 188.32 408.31 206.33
388.05 176.81 404.12 209.78
379.81 179.91 411.59 196.49
391.55 177.53 406.5 209.12
395.01 181.43 420.91 199.07
396.4 178.5 409.11 207.53
374.24 180.68 404.39 199.48
396.78 176.84 411.7 204.48
395.47 183.15 410.21 212.11
399.15 182.78 414.01 210.07
386.41 184.28 403.99 214.48
390.04 184.49 407.46 214.13
391.73 185.54 425.19 204.77
392.2 176.27 409.63 204.5
374.8 173.35 433.87 209.66
364.94 182.05 421.75 215.0
1162.2 187.91 1228.4 213.13
422.25 181.2 462.79 202.88
417.41 182.51 449.78 200.48
429.43 181.57 464.61 199.81
425.77 179.46 459.38 196.72
422.17 181.45 454.24 199.39
431.24 179.81 464.34 196.21
419.54 180.18 448.94 196.2
438.68 182.32 465.54 201.12
416.89 179.56 442.89 195.81
435.49 175.36 450.8 208.73
431.56 177.67 447.66 209.45
436.43 181.32 462.7 198.28
428.62 179.26 444.76 209.44
433.09 174.9 449.09 205.02
430.15 175.66 445.11 203.6
438.89 175.56 453.76 208.6
421.85 184.94 456.98 204.29
438.2 180.3 466.25 194.18
427.8 176.78 440.67 206.19
444.45 176.28 457.58 203.82
424.78 184.1 466.4 205.04
440.87 174.49 455.99 200.19
432.87 178.3 452.41 211.39
442.43 178.0 458.3 208.8
447.47 178.23 460.65 205.07
424.67 174.69 439.49 201.66
436.62 178.6 455.43 210.67
428.49 175.94 461.86 190.36
425.55 176.11 455.1 193.31
422.12 179.52 435.05 207.39
423.37 178.85 442.88 209.91
420.42 187.79 460.4 207.67
741.05 163.63 757.41 211.43
495.83 176.65 508.21 206.01
491.85 175.99 514.1 202.12
333.13 184.43 372.7 207.72
1163.8 177.0 1242.0 216.12
523.7 162.51 744.13 366.28
339.92 185.0 377.01 206.41
532.86 173.03 725.63 343.5
117.63 187.65 204.64 223.04
368.9 183.28 399.27 202.79
400.38 182.99 430.06 200.14
409.88 182.43 440.72 200.4
351.64 184.36 380.24 202.96
510.77 184.47 722.27 316.0
335.69 186.99 366.91 208.01
362.34 183.23 391.51 203.54
357.62 183.82 385.05 202.94
333.64 185.31 360.29 206.52
341.01 183.25 372.49 201.14
531.47 204.32 730.82 370.21
554.09 116.66 718.24 375.0
1175.1 180.02 1238.3 219.62
406.48 182.01 434.11 199.04
