819.17 189.58 875.2 233.65
1202.24 183.12 1242.0 252.09
915.94 178.14 952.46 202.99
934.46 149.3 981.78 175.11
934.73 150.61 955.29 169.75
1176.66 129.85 1242.0 252.6
1197.45 123.21 1242.0 256.77
763.06 146.1 837.84 218.33
828.75 150.24 921.79 170.27
802.11 159.79 814.48 165.89
1067.27 198.33 1125.37 204.94
940.98 170.17 989.91 184.46
1180.9 140.09 1242.0 242.6
832.08 151.28 924.73 184.33
814.65 183.86 875.69 232.32
823.82 184.5 869.61 224.51
814.45 175.76 870.76 226.36
820.8 182.32 878.45 222.8
828.21 180.27 864.2 241.92
831.05 181.11 873.63 218.85
809.56 194.45 879.51 232.72
822.7 181.82 859.7 219.94
818.81 190.37 873.2 226.73
814.47 188.33 866.09 220.02
827.18 188.03 878.84 219.82
804.17 180.88 861.99 223.77
828.72 187.99 875.17 230.43
835.06 179.28 858.96 230.6
821.44 179.46 860.24 249.22
836.78 180.47 864.23 234.48
821.69 192.17 877.67 236.2
829.69 186.01 888.74 228.5
815.49 196.37 869.84 231.46
826.17 192.24 878.17 236.75
836.81 192.11 876.04 234.18
809.13 192.39 863.27 223.86
815.02 189.84 857.47 228.38
834.89 192.13 880.21 224.29
807.75 185.8 863.65 233.78
832.56 183.53 861.9 239.7
814.6 196.8 873.85 240.43
803.81 203.6 881.48 240.77
917.1 166.54 969.14 185.43
924.96 164.85 970.81 182.37
929.0 167.08 978.78 186.08
923.96 161.67 968.77 178.84
1209.5 193.64 1242.0 235.65
1217.4 189.81 1242.0 241.23
1211.7 201.11 1242.0 244.87
1220.2 195.47 1242.0 251.12
1211.6 177.48 1230.1 235.66
1220.0 190.59 1236.5 241.9
1212.5 190.47 1228.9 241.12
1215.5 186.0 1234.0 240.02
1210.4 169.58 1238.4 260.88
1208.8 190.01 1225.1 241.46
1216.8 192.62 1231.4 245.41
764.99 163.71 847.33 202.02
748.68 162.74 834.77 203.7
900.3 167.12 950.65 187.35
898.76 169.06 945.3 190.56
913.23 169.34 966.35 187.99
905.73 162.18 935.81 185.62
905.96 167.39 936.92 194.34
906.13 165.02 943.14 190.09
917.91 165.77 962.78 182.32
1061.9 183.3 1113.1 208.31
1073.5 183.11 1124.8 208.77
791.73 152.55 828.59 182.38
996.79 210.87 1242.0 361.97
1013.1 215.21 1242.0 364.6
