556.92 180.79 612.94 218.45
600.43 179.21 624.71 206.27
698.87 175.45 720.84 203.2
698.15 183.0 706.37 187.47
618.77 152.35 636.44 193.39
443.05 194.36 451.26 230.51
704.27 132.34 820.32 228.88
541.02 143.11 588.4 205.79
768.87 139.36 926.23 187.83
703.35 144.76 828.65 226.07
689.48 125.71 814.65 227.16
768.7 123.78 925.81 203.31
547.75 160.15 603.57 207.98
553.49 178.83 615.85 219.95
561.98 176.62 619.98 214.36
574.89 176.27 619.1 210.89
555.41 183.96 609.57 217.73
563.42 179.54 619.55 213.45
550.31 181.01 604.44 212.65
559.26 177.27 600.04 211.54
550.36 179.66 597.86 206.4
574.0 176.3 607.52 206.9
570.17 178.28 613.96 202.94
568.29 172.48 598.59 227.48
573.26 182.68 625.91 213.59
574.42 171.91 602.32 226.58
574.28 173.76 598.42 221.31
566.35 178.21 597.65 204.58
545.89 182.6 615.0 226.36
565.16 164.04 607.47 225.56
568.56 183.74 618.15 221.41
548.77 172.23 613.21 208.81
540.9 176.14 602.71 213.31
568.95 177.75 596.71 229.8
550.17 188.89 605.88 222.35
562.98 185.68 611.04 225.52
540.37 170.0 604.27 206.23
571.47 166.08 626.73 210.26
540.97 180.21 600.63 224.17
558.08 164.53 625.84 201.58
604.53 170.29 618.7 202.08
616.94 170.14 629.24 203.48
609.07 167.81 621.38 202.2
613.86 165.34 625.94 201.86
588.02 176.82 625.86 207.93
598.02 177.97 626.14 205.7
584.41 174.86 620.0 205.8
593.75 175.79 621.58 200.53
583.19 179.73 623.94 211.91
592.45 181.23 627.51 209.91
587.46 174.7 620.08 197.95
597.17 171.31 618.02 214.02
603.94 178.71 626.81 202.81
589.78 171.13 610.15 214.63
592.9 171.94 615.87 218.78
604.92 177.27 623.63 211.21
584.08 174.11 612.16 201.03
599.86 174.1 621.32 215.81
600.34 176.8 624.15 200.14
599.27 170.82 617.41 205.75
608.93 176.28 624.35 208.14
585.42 173.2 633.41 209.79
595.83 176.81 618.96 194.96
596.96 169.44 613.09 205.11
601.87 172.69 620.18 207.0
586.47 168.57 612.17 217.05
593.21 170.36 608.31 205.11
600.68 183.2 627.41 208.19
591.98 175.18 618.98 192.31
606.66 172.61 622.04 205.91
606.48 176.35 627.63 198.96
592.79 170.3 619.32 218.84
588.21 173.84 611.95 222.41
589.46 175.91 614.68 195.1
611.87 171.13 625.2 204.75
597.12 175.08 623.19 192.44
606.95 179.28 634.9 201.26
585.51 174.32 614.0 192.75
613.9 174.89 627.04 207.65
598.19 166.71 625.81 220.03
604.75 180.68 633.84 205.8
611.32 177.48 638.77 198.47
601.65 173.75 626.87 191.47
583.35 183.64 620.01 217.94
600.53 167.67 615.68 200.73
596.47 166.45 611.76 199.02
610.78 175.42 632.0 196.53
604.71 163.66 631.8 223.56
695.6 173.23 721.17 194.99
692.27 172.12 717.45 192.94
697.74 172.09 726.67 196.37
702.39 168.91 737.5 200.11
694.93 169.33 721.47 190.79
698.03 169.25 730.55 193.4
694.88 174.73 714.87 193.04
691.73 172.24 709.85 191.13
702.57 166.19 736.69 191.15
693.7 172.68 713.16 189.87
693.92 170.26 714.61 186.75
690.27 170.39 707.57 188.74
700.53 173.1 715.6 203.33
703.15 172.37 730.44 199.73
698.86 175.16 718.95 196.63
697.16 169.74 711.15 198.12
695.08 168.76 708.62 194.8
711.72 163.28 736.52 212.52
688.34 172.16 705.07 189.71
702.63 167.12 719.34 200.94
708.25 165.13 730.16 207.04
699.2 165.54 715.94 196.27
705.64 165.7 723.51 202.58
702.83 170.0 717.2 206.36
697.39 167.95 722.44 185.86
696.83 164.98 712.73 193.27
699.89 165.68 729.56 186.57
693.67 168.54 704.55 193.54
702.33 162.16 720.45 194.68
686.78 169.23 703.16 187.15
684.03 175.6 703.59 191.29
682.72 171.6 703.75 189.52
693.72 164.25 707.87 191.54
689.32 177.44 708.18 193.06
699.61 178.18 720.29 201.81
707.92 159.54 736.03 216.74
698.33 170.85 709.56 203.85
704.78 175.32 730.66 205.3
700.07 171.51 713.1 210.57
707.33 159.87 736.34 185.35
715.26 173.7 734.7 220.03
681.85 163.62 737.45 199.37
691.05 179.67 711.19 196.15
702.23 159.81 727.39 212.96
711.55 168.32 730.59 218.62
697.6 177.61 726.66 203.67
699.92 159.54 716.79 192.68
691.75 171.14 703.8 205.32
695.72 159.95 719.5 216.13
687.27 165.98 728.91 205.12
431.36 193.02 445.72 233.17
693.31 167.18 715.07 183.92
680.6 171.58 698.59 188.78
681.28 174.79 699.21 190.62
687.39 166.61 708.18 183.85
690.94 166.7 700.4 193.23
695.97 165.53 719.95 184.22
683.44 166.56 700.48 186.04
680.16 177.24 698.0 192.55
681.78 165.51 704.1 184.05
689.26 171.26 700.47 198.36
763.09 167.8 952.2 281.21
778.62 159.0 796.43 220.22
782.02 160.13 798.78 218.44
705.67 167.55 744.25 202.5
774.53 156.78 794.34 222.96
795.13 174.37 956.1 264.61
574.98 175.72 623.71 211.29
770.18 154.43 791.64 227.99
755.23 173.35 911.79 261.18
769.4 195.64 941.44 276.93
