772.67 181.13 831.28 200.3
681.4 174.65 705.3 192.35
588.42 153.35 603.7 193.31
117.18 139.3 135.0 212.81
854.44 145.94 866.09 211.06
606.99 147.32 624.14 208.89
1037.71 140.07 1057.33 221.75
291.92 183.55 298.78 202.98
311.22 146.87 339.76 204.19
59.41 137.92 86.56 214.96
737.9 153.43 758.1 161.94
56.63 143.87 128.0 194.36
287.96 145.32 314.2 204.42
970.23 141.26 999.02 220.52
961.28 140.36 994.04 233.5
970.28 152.2 1004.1 233.51
766.15 175.77 825.79 200.13
772.14 173.2 831.33 198.0
761.84 174.68 830.14 202.74
784.36 171.92 826.83 198.22
771.06 173.44 815.69 199.52
776.11 172.86 825.82 191.57
766.87 169.19 827.15 200.01
786.74 173.14 829.13 190.18
778.09 171.23 819.99 194.94
767.74 174.34 818.88 193.05
780.74 175.33 829.77 200.78
758.38 167.33 837.93 198.04
757.8 165.44 818.28 201.81
782.98 171.65 823.77 186.19
781.45 172.66 816.4 190.66
776.28 168.48 848.55 200.07
774.19 171.61 819.49 187.55
767.18 174.26 843.39 209.06
600.41 164.97 610.15 196.58
603.03 164.97 614.27 196.83
672.56 164.29 702.15 194.3
666.2 170.79 701.4 194.01
671.6 168.41 701.74 190.05
677.78 161.16 697.59 198.87
679.78 165.27 700.58 189.91
668.45 168.32 696.97 192.41
666.78 172.19 692.01 193.71
675.95 161.29 694.3 195.17
683.32 161.59 701.05 193.37
672.28 163.03 689.28 196.82
677.75 165.29 704.29 182.03
667.11 176.26 695.03 195.89
675.33 166.56 693.33 200.54
665.29 168.9 695.59 187.53
681.18 157.01 698.24 189.7
670.59 174.4 703.28 195.55
664.5 177.02 690.66 194.61
680.96 161.75 701.32 181.58
676.14 169.89 696.97 202.24
683.3 163.41 706.7 182.79
687.5 165.24 711.37 186.3
670.22 170.48 689.29 202.2
668.99 165.82 701.29 183.91
687.84 158.12 702.78 192.31
684.26 167.51 709.79 189.86
684.56 163.92 702.73 199.44
691.43 157.33 703.88 194.34
679.48 169.12 700.14 203.39
679.67 161.55 706.11 177.26
693.45 165.48 721.73 186.43
674.28 161.25 699.71 181.54
688.08 162.15 712.13 182.28
691.55 168.74 720.5 189.6
682.6 171.0 708.8 193.1
669.84 179.84 700.82 198.44
272.15 135.8 303.63 212.1
278.4 137.86 311.65 210.21
294.21 150.02 330.59 219.22
286.26 147.25 321.7 218.66
76.396 155.71 93.143 201.03
46.606 139.3 82.219 210.09
54.007 138.24 90.28 211.51
63.315 136.88 98.845 210.37
71.15 148.7 138.64 201.95
51.751 149.77 120.2 200.2
104.63 154.07 122.01 203.44
101.31 154.42 118.46 202.85
107.06 148.97 124.57 199.72
321.13 134.2 350.54 213.1
312.08 137.41 343.42 214.65
305.09 138.51 337.55 213.57
295.75 147.03 354.72 193.92
1042.0 157.62 1056.1 206.27
1038.5 157.89 1052.2 207.82
1033.0 140.31 1065.9 228.15
1025.6 133.65 1057.9 214.9
1023.6 143.11 1057.0 235.18
1039.3 131.03 1073.5 215.84
850.31 160.2 864.45 197.84
852.81 157.38 866.72 193.79
846.98 159.53 860.87 198.22
840.5 142.95 870.71 211.53
605.08 169.06 615.78 197.56
595.6 164.54 605.22 195.25
601.34 168.95 610.6 201.12
590.46 167.03 601.32 197.22
600.13 169.98 617.14 188.22
587.39 166.98 598.2 196.72
595.48 170.41 605.05 202.09
594.78 168.67 612.71 187.63
284.02 168.83 299.8 209.72
281.98 168.02 296.61 208.82
287.08 166.98 303.82 211.56
286.38 176.46 300.44 211.88
724.8 157.86 762.89 178.27
724.13 154.56 763.41 174.75
733.64 155.75 761.82 179.68
732.39 157.47 772.21 177.51
639.09 173.03 660.37 187.97
634.3 173.86 657.2 188.12
