917.78 139.36 1012.48 311.94
1240.03 181.58 1242.0 256.66
1234.84 154.66 1242.0 195.44
1205.49 131.31 1242.0 195.49
1203.58 118.3 1242.0 248.79
1234.24 177.95 1242.0 195.44
1125.41 234.77 1242.0 361.69
1225.09 214.83 1242.0 247.82
1161.66 130.62 1206.55 232.64
0.0 174.52 2.19 235.54
0.0 185.23 18.72 233.32
979.05 241.35 1059.34 370.81
838.76 215.75 872.79 239.64
1101.09 133.32 1154.56 265.66
933.85 145.0 1022.7 325.68
973.99 229.59 1045.3 363.6
1209.1 135.59 1241.0 261.35
1214.1 125.56 1241.0 240.24
1200.8 129.2 1235.9 239.21
1189.8 129.48 1230.3 236.07
1121.1 252.31 1241.0 375.0
0.0 168.65 7.7617 225.18
0.0 178.58 7.2322 231.45
0.0 190.49 7.3345 244.52
1236.1 186.07 1241.0 243.38
1223.3 174.34 1241.0 256.98
1232.3 179.07 1241.0 252.76
1227.5 165.71 1241.0 253.03
1224.3 171.85 1241.0 274.34
1232.0 166.32 1241.0 241.32
1237.5 194.16 1241.0 255.06
833.82 222.45 881.12 254.2
1206.3 147.37 1241.0 190.37
1216.7 147.87 1241.0 207.19
1205.9 140.16 1241.0 181.93
1216.0 134.91 1241.0 190.41
1215.0 126.08 1241.0 181.49
1195.3 148.33 1241.0 208.85
1207.6 134.41 1225.1 206.63
1207.7 199.36 1241.0 243.78
1234.2 202.57 1241.0 235.68
1212.2 210.19 1241.0 252.54
1172.7 138.14 1213.0 237.45
1235.8 150.04 1241.0 206.56
1233.5 160.03 1241.0 192.54
1233.6 167.88 1241.0 200.67
1229.6 162.89 1241.0 188.18
1236.5 139.11 1241.0 194.57
1233.6 152.02 1241.0 184.48
1229.8 170.8 1241.0 195.9
1230.0 154.86 1241.0 180.22
1230.0 182.56 1241.0 208.4
1086.0 126.09 1155.6 264.6
918.51 151.08 1042.1 310.64
949.46 150.09 1033.9 320.52
956.17 154.28 1014.7 296.08
922.21 182.13 1048.2 328.22
