311.71 186.04 413.99 243.81
120.87 180.18 336.5 292.83
761.42 195.56 788.67 200.52
231.75 192.72 314.46 230.73
665.31 182.62 750.43 237.93
368.71 191.24 394.97 204.82
303.3 196.77 340.12 227.03
769.28 199.38 777.65 225.82
486.99 183.81 491.81 197.16
812.53 161.77 883.72 222.13
400.91 146.9 502.7 220.68
114.63 192.78 319.23 306.77
395.94 143.19 515.13 237.6
305.22 190.33 401.53 249.41
296.44 179.83 419.83 247.33
311.85 203.08 397.15 250.09
676.37 179.22 733.2 225.4
649.69 170.99 742.99 246.46
676.82 183.67 734.29 239.14
659.29 165.15 757.97 243.47
818.6 173.62 898.16 207.82
286.47 195.91 338.75 223.28
291.11 195.46 333.16 229.31
297.38 198.67 346.23 224.29
285.75 197.93 328.58 233.84
315.11 186.44 334.5 238.13
304.37 198.23 354.73 225.1
307.51 195.71 349.61 234.4
304.88 187.84 325.02 237.8
286.52 201.41 343.51 231.52
309.92 194.29 345.0 228.52
312.11 186.55 328.85 234.01
309.35 196.36 357.87 221.47
298.26 201.35 356.18 232.26
304.04 195.29 338.71 227.45
318.59 185.39 336.88 232.54
299.87 186.93 323.39 227.29
293.8 198.45 336.38 235.48
299.71 194.28 340.7 216.08
293.06 192.62 329.42 221.27
290.08 188.94 328.11 217.35
290.43 180.06 327.08 238.92
754.05 181.91 782.8 203.42
755.94 182.45 784.78 199.15
759.29 183.4 786.25 204.37
753.89 182.07 776.24 199.83
753.75 185.65 785.21 205.56
756.69 180.32 784.59 195.82
759.94 178.76 775.33 209.79
749.38 180.97 772.52 197.72
761.21 183.87 788.16 200.39
763.06 180.34 778.74 210.75
750.34 178.98 775.92 194.09
752.84 183.68 774.24 203.07
754.74 189.63 786.9 208.04
756.41 181.16 774.37 210.79
767.02 181.61 781.98 209.02
770.19 183.05 797.82 199.09
763.95 182.07 791.52 197.43
770.23 186.47 798.03 203.62
763.45 177.88 779.29 203.87
765.26 185.73 789.9 202.47
746.91 177.69 772.15 193.72
762.44 184.69 780.55 214.32
770.91 180.37 800.99 197.18
752.97 181.08 771.17 210.1
759.19 184.63 777.17 213.77
763.25 178.87 789.32 194.12
761.93 188.47 790.01 205.81
770.03 179.66 783.44 206.49
778.32 188.49 805.71 203.35
766.72 178.03 794.95 193.73
771.49 189.67 799.27 205.96
249.1 192.03 319.53 232.33
228.54 192.65 306.56 232.65
249.11 187.96 324.91 224.25
219.39 193.18 312.11 242.98
245.32 189.2 315.37 247.15
242.36 195.46 324.67 239.33
246.72 200.12 310.09 229.09
246.68 193.36 311.97 224.8
235.99 195.11 296.89 225.38
237.99 187.91 310.42 227.45
244.99 192.56 305.34 218.42
241.72 179.8 322.24 216.77
363.21 186.95 410.64 214.32
367.95 184.44 404.13 216.19
372.17 186.97 408.49 211.43
375.48 189.21 404.43 221.23
376.63 182.66 408.61 217.18
361.3 187.14 402.18 210.51
356.75 193.29 406.76 222.78
382.84 182.46 400.35 221.49
370.45 187.79 398.36 209.84
355.44 190.67 403.27 216.24
374.55 179.97 389.7 217.12
378.71 185.99 409.63 208.66
472.69 177.95 498.79 197.5
479.46 177.21 504.84 193.47
665.54 178.98 730.22 237.06
73.035 199.43 248.27 281.2
85.582 196.09 288.21 290.36
40.571 201.7 189.22 272.54
21.822 207.97 142.38 264.49
15.591 202.44 163.38 273.5
329.98 188.83 402.84 243.66
7.4453 201.8 121.31 299.32
294.63 193.03 376.46 242.15
257.05 189.97 333.18 228.92
57.291 205.51 210.82 278.78
10.079 209.27 119.4 260.4
280.86 195.34 359.09 237.54
341.01 187.41 405.92 235.37
139.19 192.7 318.89 282.74
47.122 209.45 172.99 261.39
170.82 191.59 323.13 271.47
0.0 210.06 99.327 314.8
285.77 185.29 400.81 251.02
268.01 195.59 345.09 235.08
71.566 207.15 191.57 264.98
16.28 205.15 115.4 273.56
86.064 209.58 261.81 302.56
88.352 204.81 215.54 265.53
91.069 184.76 322.91 312.97
5.2695 208.07 82.983 294.02
9.0457 207.43 71.423 317.51
273.18 193.87 331.76 225.87
673.47 171.21 718.28 242.98
200.75 191.45 331.2 260.41
256.33 196.67 317.17 227.77
16.463 197.81 85.18 326.7
