607.48 185.98 630.54 204.25
350.65 191.49 418.59 225.12
794.62 165.97 870.88 318.41
368.35 168.74 389.15 187.08
415.67 152.15 430.26 201.53
921.27 127.43 978.71 326.7
504.19 194.57 527.65 209.34
500.0 193.89 516.74 197.77
521.86 191.58 536.78 204.89
533.77 192.67 549.08 201.19
514.65 191.28 522.27 204.13
527.86 191.99 529.58 200.01
652.39 192.37 669.36 201.12
644.17 153.67 654.66 158.89
925.61 78.13 1242.0 375.0
762.01 145.75 838.45 210.08
358.83 181.76 369.56 205.14
348.71 202.56 368.16 235.94
854.71 191.13 878.94 209.99
657.72 193.42 662.31 197.18
331.87 148.24 349.28 209.9
732.81 167.74 767.84 201.69
717.66 166.89 744.69 184.12
716.49 152.15 748.79 197.18
730.67 183.05 741.8 196.63
730.43 174.29 747.72 201.18
720.8 188.11 729.04 197.0
726.28 187.76 731.33 196.9
858.48 92.37 983.24 363.76
786.79 144.25 915.36 213.6
821.55 175.95 826.33 179.55
737.25 151.19 776.45 196.38
774.98 151.0 782.23 156.06
750.57 142.34 911.36 209.06
1110.72 130.2 1242.0 192.52
841.82 138.41 1048.57 215.79
667.12 191.65 680.86 200.89
1100.75 144.76 1129.77 172.43
804.12 183.95 1040.56 228.89
313.61 194.8 502.22 239.16
1124.45 139.75 1180.72 169.02
0.0 232.94 65.63 375.0
0.0 201.09 1.51 363.39
959.83 39.568 1242.0 375.0
0.0 184.94 28.83 375.0
0.0 230.88 25.746 375.0
771.25 170.31 928.01 248.16
752.36 161.82 922.13 232.22
777.26 127.82 947.73 194.3
720.42 159.12 888.96 230.53
746.68 144.55 923.5 213.91
0.0 197.76 53.836 375.0
0.0 259.83 89.03 375.0
329.34 174.5 472.5 236.54
873.51 151.79 1049.2 246.18
828.18 156.03 1022.8 243.85
846.75 142.13 1020.9 223.13
1109.6 111.84 1242.0 229.49
1114.1 143.22 1225.5 192.71
1127.9 133.29 1207.4 198.89
1148.9 94.507 1220.2 231.2
1105.0 112.12 1242.0 195.25
1127.8 97.237 1204.7 229.77
345.3 188.66 420.86 229.58
356.79 185.86 419.02 220.4
383.59 184.99 426.49 207.61
360.68 189.8 418.72 219.88
355.09 191.38 415.99 225.88
377.67 185.24 431.0 211.22
365.62 186.67 416.34 206.97
362.55 186.95 416.81 213.94
381.99 183.2 424.11 213.57
388.16 184.56 423.64 203.31
380.89 184.73 417.42 209.52
359.34 183.31 423.9 213.91
367.89 178.78 398.91 240.4
388.61 185.97 422.52 216.12
366.8 175.16 404.21 232.22
371.34 184.92 411.14 208.41
378.15 185.24 417.19 202.92
367.61 183.05 424.86 224.5
388.47 175.04 409.84 220.03
347.03 192.32 408.07 222.43
347.07 181.7 418.78 216.57
370.9 187.02 414.25 203.35
362.43 182.97 394.39 243.37
371.3 189.12 429.62 219.03
338.81 184.03 402.6 231.29
384.51 175.78 405.45 219.37
377.29 186.14 410.26 205.07
380.84 182.04 408.49 239.06
380.74 178.3 401.44 224.33
388.52 175.94 404.71 213.28
356.29 176.89 389.01 240.52
383.5 181.58 417.42 198.45
373.49 176.8 394.67 224.84
385.98 182.99 412.97 201.6
338.23 180.75 408.54 214.0
385.18 175.97 400.37 213.04
378.33 176.33 396.55 217.71
390.59 183.77 417.41 201.73
374.14 175.15 411.82 227.5
387.34 176.25 401.88 207.45
382.39 180.74 405.96 227.48
341.4 190.68 399.58 216.1
362.82 185.93 407.14 201.71
326.02 177.63 430.71 248.98
369.58 177.08 392.12 229.13
381.46 182.63 408.97 200.22
375.65 183.21 437.98 216.23
381.86 176.18 406.92 194.88
355.87 188.44 402.08 221.55
388.56 170.83 404.27 204.0
350.26 199.27 411.27 227.44
367.14 189.09 421.22 227.99
376.05 179.05 397.64 228.23
313.07 170.71 453.09 231.17
374.09 182.35 411.99 197.83
359.39 172.46 399.07 237.3
362.01 177.6 383.45 227.42
371.76 181.32 406.79 252.02
386.18 182.29 412.1 230.84
389.31 177.38 416.83 242.64
383.39 173.45 414.02 225.61
348.37 173.89 379.84 237.59
350.56 169.65 387.35 236.02
799.8 178.62 856.18 243.08
793.15 185.65 872.53 229.75
794.18 183.51 866.45 220.61
800.19 183.36 853.53 208.75
789.98 180.61 847.36 228.35
772.11 180.77 853.49 218.39
766.42 170.13 809.08 190.22
741.05 166.74 828.27 201.75
780.97 178.26 855.62 209.87
771.65 173.73 812.26 193.82
731.67 157.46 822.93 195.09
745.06 174.58 830.07 208.08
761.43 175.9 843.32 207.62
797.56 179.21 871.96 211.94
783.54 179.05 838.31 238.07
724.32 165.6 812.43 201.66
746.53 181.45 828.58 217.07
793.24 176.22 854.52 218.92
746.81 158.96 835.4 194.59
759.73 156.74 875.61 249.29
816.91 184.15 883.54 240.24
812.16 183.36 894.97 219.24
820.62 157.5 921.8 192.58
813.11 176.56 897.82 208.58
819.71 150.06 922.81 187.55
826.19 166.95 918.31 200.19
781.34 157.54 905.31 251.34
812.71 142.34 915.81 180.63
779.0 145.98 953.81 212.08
794.88 139.87 930.16 222.28
709.98 174.37 730.89 195.75
713.21 175.61 734.31 196.86
716.95 172.58 729.6 200.71
708.77 177.75 738.85 195.68
706.36 171.44 728.02 193.47
738.27 169.13 776.79 190.75
706.63 175.49 734.62 193.75
716.04 174.38 737.78 195.48
756.15 161.72 772.79 201.86
745.29 169.62 790.48 191.05
751.1 166.59 778.48 193.16
704.11 177.96 732.6 196.01
744.73 172.87 787.21 194.14
758.84 161.11 776.6 202.94
727.63 169.56 766.32 189.67
738.48 165.24 776.59 187.05
746.09 165.65 790.68 187.03
711.36 175.45 741.5 194.09
732.19 165.46 770.03 186.65
756.58 152.06 772.47 195.65
711.84 171.16 733.74 193.49
701.93 175.06 729.55 193.83
759.09 152.29 776.8 196.36
753.03 162.81 782.94 190.29
725.76 166.04 763.0 185.87
732.81 167.58 761.69 191.95
730.73 164.07 757.96 188.12
721.47 171.28 733.38 200.72
731.56 171.99 772.14 193.49
752.08 170.72 782.75 196.75
719.59 174.37 753.56 194.02
746.57 161.35 791.36 182.98
753.43 160.96 768.82 202.12
762.5 151.94 781.09 195.96
726.64 173.11 764.89 193.04
746.48 176.75 791.91 197.61
714.21 172.06 726.34 200.32
711.05 171.24 722.67 200.7
707.21 175.96 727.0 197.4
704.49 174.16 724.5 195.77
707.86 169.98 719.57 200.55
713.35 174.2 725.57 208.18
709.28 161.6 723.53 196.01
709.8 174.95 722.06 208.56
713.11 161.79 727.07 196.83
705.51 161.27 719.58 195.83
703.48 164.91 715.85 197.64
699.57 170.74 720.99 192.3
603.3 180.77 628.97 208.71
606.29 181.24 630.73 204.55
606.61 179.48 624.27 211.48
602.19 179.88 621.74 203.41
608.14 179.99 629.8 199.43
614.28 180.59 631.99 203.81
604.53 180.64 624.95 199.99
603.83 183.8 622.19 214.05
610.44 177.71 627.17 208.04
602.73 179.08 619.48 211.51
601.31 187.56 630.28 208.48
611.98 178.44 631.68 198.2
608.48 183.76 627.07 213.44
609.11 178.51 630.38 194.51
613.12 181.36 627.11 210.57
597.46 179.02 620.46 199.18
608.61 174.28 625.38 203.67
614.88 175.96 628.28 205.94
616.04 176.55 633.94 195.8
603.97 178.95 625.88 195.49
605.66 175.61 620.65 204.29
613.07 184.86 632.55 207.17
601.76 190.74 626.13 210.98
599.72 183.95 621.55 208.77
616.97 172.07 629.64 200.91
594.8 180.89 616.93 202.07
600.65 178.15 622.14 195.19
606.11 184.58 623.95 219.82
590.72 179.14 612.93 197.33
619.47 177.11 630.72 207.6
619.69 177.56 638.08 198.59
600.68 176.19 613.68 210.08
619.42 175.37 638.5 194.06
593.24 179.75 611.27 200.77
619.74 180.67 637.65 203.07
597.82 193.05 628.17 211.85
602.59 174.24 616.2 205.72
594.62 176.98 617.11 195.17
616.47 175.52 637.74 190.88
620.83 171.28 632.26 200.41
575.47 176.02 601.55 192.33
613.46 174.89 635.07 189.9
569.51 176.0 597.33 192.05
595.47 178.52 636.76 216.44
610.48 175.67 631.57 190.1
613.59 181.86 636.22 201.83
575.98 179.03 602.14 195.52
570.58 172.33 597.92 188.79
596.08 183.21 618.63 206.4
618.08 180.7 631.32 212.24
582.03 178.92 606.65 195.85
623.35 173.66 636.08 206.47
593.93 182.29 612.86 204.96
603.26 170.57 630.24 230.25
617.31 172.96 640.65 188.71
586.71 176.72 609.88 194.71
580.17 175.95 605.85 193.09
613.83 170.58 628.08 200.23
621.92 175.56 642.26 193.29
568.71 178.97 596.89 194.9
607.08 190.42 631.51 210.61
578.41 172.48 601.18 191.03
620.53 169.82 641.33 189.18
623.61 180.16 635.63 211.84
618.83 169.24 631.59 197.99
602.2 175.18 624.87 190.41
599.18 175.12 619.71 192.32
621.82 168.27 634.19 196.79
570.74 167.98 595.5 187.58
591.46 177.71 643.22 211.33
599.03 169.29 625.89 233.21
391.78 184.13 422.59 208.87
398.07 176.55 417.95 218.54
401.69 177.86 420.44 218.0
393.83 173.9 414.04 218.56
397.55 176.11 412.28 213.48
393.15 176.37 408.35 213.43
401.27 179.45 416.19 208.81
398.99 177.38 412.41 206.26
394.7 186.26 426.94 206.75
404.56 179.63 419.47 210.55
408.5 179.75 421.61 213.23
392.4 179.9 415.08 226.49
400.24 185.09 423.19 205.85
453.2 168.39 467.8 207.27
1096.9 142.09 1201.4 190.02
816.9 187.34 840.37 241.0
820.93 188.1 843.71 239.29
821.93 182.07 841.64 231.92
825.08 185.6 846.07 233.41
828.8 188.86 850.47 239.21
824.09 190.0 847.62 242.7
833.61 188.35 854.4 238.31
828.82 176.6 866.56 245.64
829.77 183.72 849.76 230.14
837.66 187.81 858.53 237.81
819.49 188.68 903.38 227.03
814.94 178.88 849.82 206.35
822.87 175.83 842.09 219.93
830.68 182.21 914.65 218.75
836.18 175.35 873.0 243.83
828.56 174.3 915.02 208.62
828.06 187.8 891.5 246.93
1062.7 147.43 1168.8 187.55
496.03 181.94 520.44 202.64
497.93 181.67 524.37 199.31
501.14 182.08 529.98 202.01
495.7 183.57 526.41 203.96
504.5 180.83 530.95 198.37
500.5 177.14 515.57 205.6
498.48 177.0 512.71 206.78
504.18 178.32 516.86 207.34
494.13 182.25 514.45 201.8
511.77 179.82 538.06 197.63
509.32 182.09 537.56 201.3
514.65 179.17 534.44 199.5
516.33 179.05 542.25 197.55
518.25 177.83 537.86 198.7
505.32 179.67 524.82 197.95
496.35 180.71 517.75 199.14
522.08 177.77 542.54 198.88
516.24 176.57 535.37 195.37
516.96 176.5 541.18 193.81
500.0 179.16 523.33 195.54
508.06 178.14 520.05 206.55
523.06 179.19 550.7 197.45
514.8 181.79 543.28 200.47
511.25 177.91 531.02 195.74
497.09 178.97 507.94 207.55
525.26 176.52 546.55 196.72
529.51 179.52 558.05 196.48
504.59 173.94 518.59 204.43
528.75 176.86 551.25 196.81
522.37 173.95 534.17 204.27
518.77 174.58 530.74 205.22
489.95 181.18 510.26 202.19
513.54 175.88 525.25 204.96
486.72 180.66 512.66 198.81
494.02 183.93 518.19 205.2
532.74 176.73 555.02 195.66
506.07 184.16 537.01 204.87
517.35 171.58 538.53 193.37
525.48 173.58 537.32 203.93
536.64 179.51 565.2 196.66
492.07 186.62 527.26 206.54
524.98 171.92 546.56 193.4
537.31 176.98 558.79 195.25
513.88 172.25 540.79 190.82
465.71 171.14 477.72 209.74
548.21 178.23 568.78 196.78
561.76 176.09 588.28 192.05
559.97 179.27 588.16 195.12
806.23 181.5 855.16 204.69
813.33 181.25 845.75 215.33
799.05 190.49 853.17 215.49
807.86 180.81 842.23 211.43
819.44 175.56 838.13 219.45
803.9 180.7 838.27 216.79
838.75 111.74 970.36 375.0
870.79 59.339 1006.9 348.1
807.42 176.69 875.66 340.82
818.63 183.66 875.1 326.14
807.14 184.84 861.11 316.37
786.54 171.56 886.81 321.31
814.09 178.95 865.27 294.21
802.28 180.51 852.12 294.24
791.62 167.45 860.85 333.62
807.24 205.06 878.26 317.53
828.82 180.38 878.57 301.81
825.12 169.56 889.48 332.95
799.83 195.69 875.04 302.18
783.94 171.95 885.14 278.69
794.14 167.22 900.12 301.43
776.48 165.12 847.59 329.16
830.46 155.69 894.77 309.29
828.95 204.63 884.22 350.45
798.7 143.03 868.44 292.08
811.46 140.92 883.33 293.6
798.17 177.34 838.72 307.39
758.95 179.91 864.28 309.0
806.4 199.55 849.49 320.47
786.97 138.62 852.38 291.13
775.48 144.53 840.38 304.31
832.07 133.04 899.83 289.87
771.86 128.59 835.35 281.49
892.72 163.53 974.78 352.64
895.84 156.32 1018.1 352.08
902.83 157.81 988.29 337.31
894.49 151.79 1015.2 298.43
911.75 147.3 999.76 314.38
891.02 143.35 970.35 308.45
928.68 138.13 1011.0 314.42
916.11 150.34 1000.7 373.43
1115.6 127.27 1237.6 364.32
1142.9 142.67 1242.0 375.0
1054.3 111.1 1242.0 341.43
1093.1 106.3 1223.7 370.03
1168.5 137.27 1238.4 373.72
1099.8 128.83 1211.7 358.9
120.56 183.73 136.11 233.1
123.47 180.09 139.59 237.0
995.9 116.77 1242.0 375.0
1082.7 130.22 1242.0 326.47
1045.1 168.41 1242.0 364.11
810.6 177.88 857.13 275.59
1115.9 78.022 1242.0 375.0
872.17 76.39 1242.0 375.0
118.72 185.05 132.38 224.46
926.21 172.86 977.83 304.26
1177.2 187.49 1237.0 374.98
822.06 214.77 873.55 336.89
937.25 158.94 1027.1 375.0
802.29 186.5 863.73 251.23
1007.2 152.73 1242.0 327.66
126.6 176.54 144.2 240.85
932.3 176.06 987.97 331.0
1107.6 111.21 1224.4 333.21
1154.6 193.31 1242.0 372.02
1113.4 166.99 1222.0 375.0
1103.9 191.07 1242.0 364.37
117.56 185.55 133.86 234.33
795.79 134.6 1242.0 375.0
1113.3 146.46 1220.9 374.49
806.36 172.81 849.5 260.96
920.36 169.12 969.55 317.21
869.0 161.24 1061.1 365.58
799.86 189.76 867.16 273.67
817.62 173.32 862.49 264.09
1010.0 199.42 1242.0 354.05
1207.6 160.6 1240.0 337.85
1071.5 168.91 1237.8 349.63
1192.6 145.11 1242.0 355.53
914.26 167.98 959.36 311.09
934.06 169.91 984.08 294.57
823.42 177.97 869.83 277.83
897.68 155.5 1023.5 375.0
896.69 187.32 1032.5 375.0
1002.7 121.38 1242.0 283.84
1059.6 0.0 1242.0 375.0
1195.0 170.0 1236.6 326.66
114.55 181.72 128.11 219.75
843.55 213.98 1088.4 354.43
876.8 210.67 1133.7 363.19
1181.5 159.96 1231.9 318.44
880.99 162.43 959.32 347.13
911.66 130.94 1051.5 375.0
1145.7 111.59 1242.0 326.17
948.5 182.45 1001.1 323.08
