569.18 176.56 669.76 213.05
651.53 173.9 786.73 271.88
815.75 167.23 943.17 209.97
853.25 148.68 931.91 177.07
960.37 163.81 1011.02 198.73
967.25 153.53 1002.53 164.47
969.08 148.36 1000.45 164.48
896.4 172.44 999.17 204.28
908.53 148.1 958.2 168.4
746.18 169.48 800.04 214.72
944.86 148.57 976.48 173.88
949.08 163.99 966.08 173.81
830.99 148.48 870.2 167.82
699.06 173.48 767.41 191.59
889.96 173.09 921.93 177.01
895.59 148.93 916.61 177.04
999.48 148.71 1017.75 164.37
995.24 148.86 1002.62 164.35
815.01 179.73 852.55 208.04
818.01 171.2 831.45 179.63
882.84 163.27 891.25 167.38
1003.8 194.19 1053.85 200.32
1006.15 157.93 1015.11 164.32
1009.53 184.54 1037.17 194.8
826.19 154.23 832.46 157.99
828.33 149.75 833.9 158.44
0.0 205.64 6.71 217.28
1040.35 142.27 1052.9 198.35
806.92 192.8 817.34 202.69
50.58 203.74 68.27 214.55
1138.61 134.47 1242.0 195.3
672.62 136.11 705.52 184.72
804.42 171.16 815.57 174.84
906.23 135.79 1115.42 209.46
1123.94 170.22 1137.65 174.59
1134.51 143.26 1139.18 164.56
1126.86 176.17 1136.33 181.74
0.0 127.44 153.44 227.68
91.39 202.37 116.72 218.87
0.0 111.06 160.83 309.71
874.71 204.65 1051.54 212.48
1220.97 166.1 1227.49 182.47
0.0 106.81 153.16 278.93
0.0 155.04 132.54 230.72
0.0 144.59 146.31 220.73
0.0 160.77 120.19 249.52
15.107 157.8 177.54 226.35
652.38 173.83 793.13 277.82
678.47 168.64 822.81 250.12
664.77 163.97 811.29 236.3
659.7 158.2 788.67 262.28
676.55 148.03 768.87 291.46
691.07 167.87 763.4 294.79
674.73 175.19 785.97 261.01
674.82 186.71 801.48 273.17
671.71 170.11 748.65 298.76
658.5 200.61 795.74 279.77
639.15 161.48 796.6 246.28
681.24 184.27 795.41 246.54
668.12 187.28 786.59 275.46
661.73 138.62 759.53 281.32
672.92 172.34 775.22 233.51
637.92 180.64 757.3 270.03
666.57 186.86 775.47 252.76
662.96 196.09 778.87 263.83
674.94 212.57 791.95 275.89
622.09 170.05 753.63 260.88
653.95 203.13 769.91 271.54
634.56 151.03 768.41 256.97
653.8 185.98 756.71 248.12
665.2 176.98 759.89 259.99
652.07 198.12 750.34 260.14
691.02 171.96 749.44 288.03
638.55 138.43 782.39 238.62
632.43 208.96 753.93 285.6
563.71 169.46 672.49 211.98
576.13 171.89 643.12 198.27
572.35 174.31 639.66 203.01
561.0 169.53 649.55 207.53
561.44 177.77 655.15 213.78
562.74 164.72 673.38 201.6
588.79 174.08 659.45 202.21
580.75 170.21 667.14 207.47
546.01 166.94 684.55 222.19
589.91 170.85 661.2 191.84
567.26 177.51 633.12 206.12
592.06 173.29 671.31 212.3
570.23 171.97 634.94 193.36
580.22 168.91 631.76 199.11
577.24 176.94 641.62 208.39
576.59 169.76 639.98 189.0
604.51 168.1 653.46 197.44
607.86 161.69 636.44 225.49
573.58 176.54 674.05 216.81
560.47 165.11 703.47 232.08
600.12 170.45 656.75 203.73
569.11 181.5 636.3 210.95
601.16 154.67 633.27 218.48
584.22 167.76 635.71 193.85
608.89 175.69 670.67 205.51
601.08 171.01 665.75 195.33
596.41 169.38 661.26 186.88
579.68 184.7 642.11 213.04
597.18 148.39 637.13 211.35
585.14 169.5 650.26 203.85
599.79 165.88 631.61 230.85
604.48 149.8 643.8 213.63
555.23 183.62 650.71 217.66
596.94 177.9 663.97 206.64
594.97 168.19 647.41 193.76
541.6 161.02 656.91 231.97
555.02 166.76 675.08 249.04
585.54 168.9 648.46 187.5
580.65 165.53 635.33 182.67
536.13 178.51 687.86 249.82
598.54 180.33 677.79 220.02
553.17 147.05 690.77 228.68
561.27 156.2 667.78 193.89
551.73 159.81 638.99 200.38
606.97 172.1 683.35 210.88
939.3 142.99 1082.8 210.28
937.0 132.4 1090.1 199.71
941.21 160.28 1095.6 234.28
928.03 113.63 1103.3 188.1
813.58 163.22 921.44 205.32
841.06 163.99 928.04 205.76
822.39 156.94 911.95 202.6
785.11 154.95 924.14 212.79
817.14 156.65 909.3 191.3
817.71 150.46 952.06 209.7
835.8 166.73 907.25 192.97
839.91 164.61 907.35 187.36
841.46 162.82 904.84 180.78
841.48 170.36 912.23 197.62
811.12 172.46 918.32 212.59
848.93 158.63 907.07 176.37
843.41 149.24 982.98 211.67
836.58 155.04 924.53 190.78
849.23 167.83 914.26 191.27
786.56 141.3 937.99 202.95
793.66 161.16 937.25 227.29
818.3 158.77 961.98 225.41
830.74 165.9 917.69 209.48
819.61 138.41 971.86 203.77
851.68 164.64 914.88 185.12
854.84 161.86 914.41 180.66
813.19 137.89 930.17 211.27
821.42 147.78 914.11 181.42
855.58 166.01 912.15 198.55
830.27 154.39 939.44 230.69
840.6 175.45 904.69 202.85
850.47 172.98 918.48 201.36
830.32 130.16 953.05 208.88
851.64 128.45 904.67 229.86
802.16 178.98 958.74 248.7
778.76 176.67 926.96 249.51
836.42 144.92 930.04 180.99
851.35 168.17 919.5 210.59
893.06 164.91 974.46 203.18
909.94 164.97 991.87 202.64
923.6 162.35 1014.7 203.04
879.58 162.53 965.11 204.99
934.22 156.97 1015.5 195.62
899.99 166.58 961.96 200.67
935.09 165.13 1032.5 203.35
892.21 146.66 1032.1 206.84
910.65 168.3 980.09 197.52
917.38 158.93 986.67 199.79
865.41 147.31 1012.2 210.09
900.57 165.2 963.47 191.81
898.38 157.11 981.26 196.73
914.97 172.81 976.84 200.93
911.91 163.67 972.52 190.66
925.01 169.87 987.58 196.81
885.62 170.99 975.21 208.34
926.6 166.76 975.97 200.17
903.06 164.02 960.25 184.93
920.69 163.89 971.49 196.82
863.73 162.53 1016.6 226.01
900.78 173.1 986.44 209.4
917.02 161.79 970.73 184.16
873.05 156.12 985.61 232.28
926.26 163.06 978.56 190.52
865.17 133.45 985.05 211.09
917.82 152.1 1032.3 229.66
927.71 149.64 1015.2 186.38
869.37 171.67 960.45 210.28
928.04 155.85 959.88 223.64
933.09 172.06 1029.6 211.08
1114.4 154.98 1218.2 195.56
1105.5 149.72 1211.8 190.45
1127.2 148.03 1204.9 202.69
1110.1 142.95 1215.0 184.13
1120.9 159.49 1223.9 201.61
1108.0 160.2 1202.9 197.9
1176.7 110.75 1242.0 203.9
711.9 168.14 809.47 211.56
713.72 172.56 821.85 218.5
711.96 161.94 821.0 202.61
714.52 165.64 835.78 254.04
727.46 171.02 801.93 205.93
721.51 172.47 809.48 230.43
725.96 152.28 763.61 239.98
708.06 171.92 782.78 204.43
778.39 148.46 816.77 227.52
724.24 141.25 784.29 249.65
720.08 169.5 792.04 200.17
768.07 147.63 804.47 226.26
761.52 151.78 793.84 229.48
730.57 153.02 762.46 223.64
747.02 171.18 819.86 207.07
716.87 169.41 761.88 198.58
712.33 169.03 780.84 194.13
754.39 152.61 785.7 228.81
774.35 152.51 807.88 234.54
748.3 151.07 777.48 222.7
743.42 136.45 801.69 246.23
746.38 158.47 779.85 234.43
737.25 156.62 771.13 235.64
755.84 131.7 818.57 234.01
740.04 154.71 769.23 221.65
715.62 177.33 805.41 245.04
709.52 168.02 772.55 188.28
766.9 158.77 801.63 238.67
750.01 163.69 789.74 239.95
771.29 142.39 813.27 215.37
731.17 168.33 797.69 195.44
716.04 171.2 767.47 204.61
747.68 160.16 765.65 206.75
757.8 143.24 797.97 217.25
740.22 167.76 793.94 201.47
759.77 170.5 833.41 205.22
751.69 159.94 768.76 206.63
757.6 163.15 796.0 239.55
751.31 143.89 789.05 213.37
743.47 160.64 761.22 206.62
714.25 182.04 824.26 230.77
755.36 159.75 772.07 206.02
724.78 170.1 779.15 204.68
731.95 168.19 783.95 200.49
730.36 153.6 838.51 194.05
738.06 175.63 805.24 207.17
744.72 144.08 779.83 213.98
729.33 145.82 763.47 209.44
737.84 145.6 769.61 208.29
707.85 153.72 815.31 192.81
864.8 164.65 946.08 205.24
828.48 169.67 901.64 200.11
824.57 167.42 892.94 196.24
834.76 163.46 897.71 183.01
838.41 160.49 899.68 178.39
858.04 157.22 909.48 174.35
884.61 156.23 954.35 200.2
846.44 161.18 901.98 189.59
863.49 169.93 924.49 195.19
892.58 167.73 953.05 197.54
851.22 159.61 899.08 181.81
869.66 158.55 937.43 199.97
857.01 157.31 900.29 178.16
877.23 153.02 955.56 192.57
877.12 168.29 928.96 192.61
863.53 152.19 943.53 190.68
854.07 142.93 892.36 197.85
855.89 172.43 939.66 210.15
871.98 171.16 930.86 198.33
885.65 168.8 937.23 193.78
879.91 156.02 906.73 213.75
877.94 154.51 897.67 196.22
862.06 143.91 897.93 197.26
868.51 179.65 1026.0 251.37
916.82 154.99 938.62 206.77
904.91 161.74 955.68 194.66
941.07 158.75 962.33 202.98
936.84 166.22 995.6 195.0
926.02 151.51 955.69 207.05
923.75 155.13 944.99 204.33
927.04 156.6 949.17 203.63
937.74 156.83 957.32 203.39
895.91 173.2 958.56 201.89
932.18 156.87 952.76 203.9
905.32 156.27 928.94 204.78
915.37 152.99 934.94 197.96
896.02 166.31 949.97 190.52
926.46 152.94 945.71 196.31
921.89 154.61 940.94 197.32
940.77 166.81 988.8 200.29
929.56 154.51 950.58 196.29
945.07 160.31 965.82 201.22
939.39 153.66 958.11 193.58
935.0 153.29 954.15 194.36
940.2 147.26 966.22 203.39
903.4 142.3 941.81 203.7
940.05 155.78 1035.7 199.6
959.69 154.95 1038.6 191.14
960.88 159.12 1032.5 203.25
957.27 159.42 1023.3 193.03
968.85 143.69 1002.9 211.66
945.14 160.92 1009.5 195.45
966.41 157.77 1030.3 186.75
979.12 145.81 1013.2 214.08
963.75 143.89 995.83 211.15
960.49 154.99 1019.3 184.4
972.24 141.99 1011.5 203.81
973.09 153.88 1034.8 179.68
952.75 158.15 1012.1 189.97
973.02 149.67 1007.0 217.16
978.51 156.24 1040.8 184.36
978.25 156.52 1051.0 193.03
942.77 149.37 1034.4 187.54
941.97 167.45 1007.0 198.09
961.51 155.42 1024.4 177.21
953.87 164.86 1016.9 196.36
983.45 153.65 1037.9 175.95
987.3 148.64 1019.8 211.33
966.47 161.46 1033.9 192.78
942.41 159.2 1000.8 190.83
958.06 145.57 987.61 207.34
992.47 155.36 1044.1 179.47
974.7 165.09 1038.8 196.21
953.15 153.26 976.73 202.53
957.52 147.61 1045.7 183.88
985.08 153.76 1034.8 187.57
980.44 151.03 1029.2 182.03
948.33 156.1 1005.9 184.09
997.42 144.68 1018.6 193.73
989.91 145.21 1023.5 200.85
992.28 144.54 1014.5 194.45
994.74 152.31 1034.8 181.76
954.55 156.03 1011.4 177.98
949.72 147.64 978.34 207.4
988.51 144.61 1010.1 193.77
969.91 144.69 988.98 192.09
966.27 144.81 985.94 193.48
999.33 150.48 1024.1 200.92
949.93 156.37 971.69 199.98
957.53 148.28 978.45 199.29
961.45 139.69 1008.2 201.66
996.44 147.77 1029.0 209.29
954.26 139.27 998.61 201.85
978.47 138.22 1021.5 197.53
946.63 152.33 975.7 216.86
937.12 148.14 1006.2 191.18
707.85 167.29 744.34 193.43
708.93 159.33 726.02 201.77
702.03 170.22 741.2 197.91
707.29 149.61 738.41 222.95
803.4 166.2 896.26 205.77
796.12 161.92 883.87 198.1
812.54 168.74 875.33 194.65
821.85 165.79 880.51 191.8
814.87 167.08 869.76 189.57
820.67 171.43 889.19 201.96
819.25 165.26 875.32 184.49
801.6 156.19 889.52 192.06
810.83 172.88 878.62 201.11
825.45 177.98 891.3 204.17
845.82 140.24 886.54 198.86
803.62 167.07 859.71 192.92
867.59 151.34 884.25 191.91
839.06 141.47 878.28 200.41
695.69 172.34 798.41 223.53
700.38 168.62 789.56 213.82
704.95 169.8 767.14 191.52
705.67 170.93 773.95 197.84
682.92 167.92 777.5 216.49
700.67 162.98 800.82 200.14
722.26 153.83 755.14 229.67
697.77 171.32 757.88 194.78
725.21 160.63 741.56 204.3
728.68 160.66 745.35 203.33
703.12 167.44 760.78 187.44
715.0 167.71 755.37 193.82
687.9 162.29 766.27 223.52
721.37 160.32 736.73 205.01
695.69 165.55 771.83 209.09
682.28 160.74 787.05 197.05
731.86 161.21 748.91 203.69
724.24 167.44 742.37 219.63
718.37 159.51 731.98 199.74
713.61 159.12 729.1 201.36
727.65 165.58 745.21 215.79
700.65 174.73 765.44 199.56
735.39 163.95 753.4 212.4
730.96 167.05 749.2 213.47
722.23 157.58 735.22 193.63
674.87 166.45 767.57 203.36
720.56 165.62 737.73 222.7
690.6 170.15 752.61 189.8
711.91 166.37 748.07 189.26
717.44 150.93 747.64 220.98
690.89 175.94 753.99 199.31
735.87 160.06 752.28 202.92
734.29 169.76 755.06 221.13
713.34 163.06 729.12 213.82
725.95 157.42 740.25 192.68
687.89 173.19 748.73 194.41
698.68 160.14 782.38 204.57
717.51 162.58 732.55 211.22
666.66 169.69 763.42 215.27
722.5 145.01 756.39 211.21
696.89 149.3 732.4 226.82
661.84 174.91 752.97 228.14
666.48 158.26 770.08 195.4
682.09 164.37 754.69 208.58
685.56 157.16 758.31 202.8
782.13 161.08 867.48 199.65
793.13 173.39 886.99 213.13
849.63 149.63 881.09 219.84
786.84 150.08 822.0 224.8
854.67 151.24 886.58 218.72
797.11 153.19 829.93 231.69
844.47 150.19 874.2 218.21
787.82 142.87 826.52 214.25
837.76 153.47 867.17 215.18
809.15 153.98 839.03 227.37
798.24 143.68 831.74 213.29
829.86 155.02 857.85 211.9
784.22 152.68 864.66 191.46
822.82 155.45 848.53 211.69
843.18 156.03 883.68 227.47
851.84 156.46 890.73 226.66
786.9 158.09 827.16 237.55
1009.3 157.81 1049.0 178.7
1016.1 156.86 1045.4 180.96
1005.9 147.19 1027.1 191.94
1023.3 152.44 1040.9 188.25
1014.7 157.12 1049.4 175.23
1006.2 155.57 1045.0 175.4
1020.7 150.8 1037.7 187.65
1002.3 144.29 1022.7 193.31
1002.4 159.09 1045.8 183.39
1004.0 153.82 1028.2 200.31
1011.3 146.01 1029.7 187.41
1016.9 148.94 1033.2 186.46
1012.6 161.02 1050.3 182.01
911.13 149.22 950.29 212.44
939.64 154.32 964.25 212.88
991.55 155.98 1066.3 191.05
58.941 178.59 154.01 222.6
914.16 154.02 944.71 215.76
917.99 159.14 950.18 216.98
927.59 157.86 953.29 214.44
906.5 151.43 940.9 217.0
913.49 156.63 935.54 208.9
895.91 160.84 911.78 201.38
894.11 158.9 909.19 194.72
901.53 151.63 930.02 210.78
981.73 152.4 1056.3 187.65
23.054 202.47 67.537 222.7
10.704 170.19 29.85 235.87
27.654 199.87 60.924 225.45
11.68 185.28 28.88 245.46
15.428 175.9 33.607 237.1
17.613 198.22 65.915 220.38
19.197 177.89 37.501 235.09
36.697 197.49 53.092 235.26
32.632 191.42 51.02 232.96
27.958 198.12 75.422 220.08
15.288 175.37 93.618 224.66
980.44 145.56 1061.6 180.66
1144.8 139.28 1167.9 191.64
1149.2 138.49 1171.4 190.38
4.8957 186.97 21.168 246.01
3.3618 170.45 21.58 236.32
0.0 174.29 8.5027 229.46
1.9125 185.31 16.796 247.55
0.54857 170.21 17.183 237.15
7.7745 187.0 25.251 245.39
6.7922 170.69 26.118 236.06
0.0 182.5 7.8232 237.57
0.0 171.92 13.02 235.01
0.0 185.11 12.205 245.92
0.0 190.0 6.9597 244.36
0.0 172.91 10.7 203.17
0.0 180.48 10.855 211.68
0.0 188.42 10.231 219.43
0.0 171.83 15.541 196.29
0.0 197.59 9.0575 227.19
0.0 183.5 16.513 208.65
0.0 169.91 22.474 231.03
2.0279 198.09 24.935 230.84
0.0 175.47 34.879 222.67
0.0 185.12 21.679 245.36
0.0 190.86 32.488 236.71
1183.9 130.28 1242.0 220.29
720.98 166.59 841.91 215.83
750.15 166.69 862.46 214.08
700.89 161.75 846.16 225.26
688.57 164.78 838.41 238.27
774.61 166.56 870.17 207.55
740.27 161.5 848.27 220.37
693.38 173.41 817.89 269.11
729.61 157.66 868.58 221.22
693.36 165.46 781.02 232.27
764.11 155.33 897.99 216.37
729.79 160.06 845.09 206.71
703.43 160.93 780.19 299.01
728.94 175.86 840.89 221.63
