681.54 172.94 740.67 220.93
694.02 171.71 796.37 239.34
395.13 174.02 470.47 224.22
451.42 176.94 496.43 213.36
687.37 157.6 731.85 179.05
771.09 169.31 1049.41 332.58
0.0 185.11 291.59 361.27
699.53 153.29 746.15 167.04
737.54 152.63 766.45 179.0
716.11 174.95 725.58 178.41
405.69 177.69 434.49 187.09
673.2 162.34 688.19 197.06
479.92 147.19 512.76 202.17
388.2 174.06 406.58 197.18
744.62 127.89 828.94 254.19
773.06 152.5 800.1 157.37
717.08 144.65 819.49 188.53
172.89 166.84 245.99 196.34
393.75 148.0 416.12 157.54
510.8 175.87 525.25 184.08
345.63 169.35 413.6 205.96
514.5 175.99 528.32 184.22
822.16 171.34 871.22 184.73
820.07 151.99 863.62 170.41
824.74 152.36 841.18 160.85
828.64 167.71 843.65 173.08
240.84 179.23 284.83 184.04
123.18 143.15 234.35 176.56
580.06 157.49 642.41 184.28
563.88 170.59 585.25 183.98
346.36 137.09 398.67 229.57
845.08 148.52 850.98 166.75
268.09 171.27 309.91 185.18
0.0 126.74 203.33 215.66
271.26 181.01 376.04 214.15
782.01 180.3 1060.1 337.5
808.65 185.27 1058.8 312.59
794.97 178.88 1018.7 327.72
747.8 165.8 1022.7 318.55
739.58 206.15 1033.9 351.5
686.32 172.16 775.87 230.85
692.22 170.22 796.62 242.63
687.33 169.08 800.03 242.26
704.49 166.42 759.56 220.65
711.73 164.86 771.33 223.51
679.66 164.54 777.83 238.57
725.97 153.87 761.59 227.99
719.63 157.52 769.03 247.81
705.97 170.4 809.12 231.85
715.85 157.73 758.34 241.89
728.45 149.17 757.08 221.7
732.43 156.37 771.47 229.56
730.35 157.45 783.24 247.01
718.21 164.05 795.94 232.36
715.42 157.17 782.86 265.4
700.39 167.57 761.97 207.5
725.09 167.4 784.95 221.33
712.55 165.52 763.56 257.94
713.63 147.8 766.83 254.68
721.34 156.51 763.91 208.46
709.01 167.06 774.01 208.39
703.07 171.15 823.99 247.3
661.05 158.71 765.84 235.3
727.46 155.54 773.56 206.97
728.78 157.29 792.03 275.48
697.74 131.98 775.41 256.67
718.21 170.72 760.1 212.31
720.93 168.61 776.04 261.98
698.04 157.36 756.62 266.69
724.79 169.63 792.69 208.58
732.78 165.97 790.45 260.56
732.84 170.07 806.4 220.05
716.45 175.06 766.99 216.55
667.32 155.73 806.57 231.27
706.2 179.06 797.85 249.88
684.66 186.12 781.42 242.84
732.02 166.88 766.82 208.59
675.98 178.94 816.26 258.22
727.52 171.2 773.74 212.34
706.32 175.74 763.77 207.71
692.23 190.92 794.75 247.33
723.52 176.11 780.75 209.17
710.17 171.82 767.68 201.94
702.62 148.67 804.76 243.35
715.98 184.07 813.21 244.12
695.32 151.52 832.35 224.07
733.89 157.59 791.09 205.57
732.25 178.47 810.93 231.79
728.21 141.17 758.26 207.02
0.0 163.91 215.98 228.05
740.52 165.54 798.24 216.27
737.2 166.26 808.1 206.86
684.44 122.41 802.64 218.2
717.31 150.63 790.54 291.07
751.02 157.62 792.74 245.24
732.01 125.89 797.59 261.26
758.21 151.85 791.41 232.5
762.12 164.89 796.84 249.36
712.88 91.55 788.94 254.76
753.86 165.74 795.94 265.24
752.29 158.68 810.72 286.52
749.36 152.21 802.7 267.09
731.71 91.6 803.42 254.55
705.09 148.95 863.6 219.27
384.11 174.92 417.51 195.01
366.85 172.77 428.93 210.18
369.9 176.97 431.97 217.48
360.11 167.25 430.39 203.47
250.84 180.72 342.17 217.88
266.62 181.13 358.71 218.36
390.33 174.77 467.0 228.37
411.78 174.72 482.78 222.47
428.41 173.55 491.86 217.26
389.94 176.87 456.86 219.93
434.47 178.94 486.61 215.69
405.85 166.16 445.44 234.92
385.76 177.88 434.36 207.25
419.53 167.63 456.21 232.6
369.15 172.3 488.81 234.81
411.45 164.08 452.17 231.75
422.41 178.76 477.09 214.17
431.17 169.38 462.73 231.64
400.5 171.41 439.11 240.3
389.55 179.37 442.45 211.35
394.25 177.5 440.15 202.36
406.58 177.22 458.29 216.41
409.1 174.16 449.1 244.49
400.13 176.02 440.75 210.74
415.76 177.04 466.15 215.35
399.1 181.65 449.74 214.28
386.58 161.48 487.32 230.42
409.54 175.19 452.48 210.36
419.24 172.58 483.18 211.18
399.88 181.35 472.83 231.08
377.11 175.58 439.75 213.34
429.68 166.73 450.61 216.82
400.77 175.62 433.75 203.57
403.71 176.46 450.55 202.54
398.05 179.15 455.97 224.91
398.28 174.99 435.84 195.76
391.0 183.56 452.07 218.96
398.27 172.69 468.29 210.76
425.55 166.89 446.2 214.82
406.24 174.93 440.36 203.47
433.93 167.46 454.98 217.48
413.23 173.63 448.16 203.98
421.83 167.06 442.43 214.57
418.77 166.86 438.16 214.39
401.76 150.23 459.88 253.19
414.17 175.22 459.65 203.26
419.61 173.3 455.29 205.97
387.15 179.77 449.94 227.62
415.84 166.93 433.84 213.48
413.27 180.15 472.86 221.3
403.18 174.0 442.47 194.66
385.75 172.65 453.04 207.85
359.11 177.26 498.88 244.7
433.95 181.77 479.49 222.8
417.08 166.94 444.7 220.24
406.9 173.11 437.84 197.23
392.15 153.53 451.46 257.67
392.65 181.43 438.61 221.19
416.03 145.19 470.51 254.28
432.52 162.79 448.97 210.92
407.2 170.43 434.73 222.54
429.05 162.65 445.55 210.53
424.02 163.31 441.54 208.3
426.22 171.98 463.23 242.7
428.34 173.51 464.41 207.04
406.76 172.6 449.96 196.61
374.95 170.82 471.99 247.9
375.42 169.66 445.54 205.15
394.73 157.19 509.31 233.33
380.28 191.56 466.39 234.66
430.11 169.61 457.28 222.35
411.84 166.85 437.02 219.74
416.69 168.04 455.71 258.99
431.36 160.47 496.68 214.38
375.14 148.11 491.72 237.39
430.09 178.97 488.7 225.08
357.69 156.86 466.04 234.42
431.51 150.39 467.81 227.03
423.08 151.32 460.3 226.79
405.0 147.28 444.78 227.0
419.8 161.14 496.97 203.84
397.17 145.32 436.34 223.07
406.39 169.24 503.5 248.06
577.77 163.31 612.62 181.76
580.89 161.41 605.44 183.46
581.31 166.66 615.33 181.97
678.03 172.95 754.81 225.33
681.01 171.71 743.8 218.55
720.81 155.9 734.35 199.78
675.92 171.23 731.04 216.14
717.88 156.29 734.23 213.2
719.01 158.87 730.62 194.85
717.79 160.58 731.19 203.49
715.77 159.3 731.52 212.1
696.01 167.14 749.62 216.59
715.4 159.09 727.38 195.26
711.08 158.97 728.35 212.34
669.71 173.04 724.37 207.93
719.18 153.84 732.32 190.58
717.79 156.31 740.69 187.94
674.76 171.48 713.6 206.84
713.05 161.01 733.56 220.0
714.66 161.11 736.07 191.08
720.65 148.71 747.83 216.25
690.92 169.82 737.74 211.12
713.76 159.99 740.74 197.83
718.86 153.04 740.17 182.21
681.37 170.72 731.41 208.96
714.51 153.18 740.64 213.23
706.44 163.97 734.69 197.39
705.95 158.44 725.48 215.33
705.31 167.54 740.51 208.31
715.3 153.58 728.6 190.21
701.43 164.4 736.46 204.81
679.01 174.3 739.19 214.24
710.35 163.08 732.96 191.48
694.06 166.93 729.44 230.3
708.33 162.04 729.72 218.6
705.97 155.78 734.95 214.42
675.54 171.76 706.06 199.82
682.28 169.42 722.86 203.27
709.39 158.43 724.45 204.77
711.45 156.26 725.46 195.39
695.0 161.75 742.82 210.12
702.6 158.63 721.23 215.25
704.51 159.49 748.86 207.9
670.08 172.68 712.15 197.55
667.0 173.69 715.69 202.45
694.25 153.48 732.36 218.76
712.77 160.21 732.37 186.52
690.53 166.79 731.2 205.16
691.27 171.21 751.81 206.94
712.17 155.15 753.65 206.66
709.9 162.14 748.2 239.57
679.57 171.79 719.29 193.95
688.45 161.64 726.52 220.19
711.61 161.86 743.28 226.97
681.09 165.45 703.61 214.86
703.31 164.14 731.15 221.02
672.13 172.17 703.53 191.13
698.05 159.77 716.99 214.69
676.62 172.43 718.5 213.62
705.2 158.07 719.95 204.31
687.44 170.89 726.1 235.94
700.31 166.7 745.64 191.72
666.72 171.28 724.71 206.89
693.49 159.67 713.94 214.4
706.22 155.54 720.73 195.26
680.99 168.14 741.63 204.34
707.87 170.44 748.39 211.4
712.62 155.57 731.8 182.02
700.29 168.15 738.39 244.37
695.3 167.71 749.78 199.72
704.34 164.87 728.97 191.85
716.54 166.03 736.72 216.37
685.39 165.19 715.81 222.49
709.85 163.37 744.74 185.32
721.22 164.71 741.64 217.12
695.27 166.36 727.83 196.99
692.67 175.32 746.21 215.74
689.47 164.97 710.83 215.86
686.36 167.66 738.6 194.27
666.88 175.14 702.14 198.22
707.11 161.86 728.14 187.27
680.21 169.29 729.93 195.01
707.21 171.87 756.07 253.13
700.43 159.45 714.86 203.37
686.31 169.65 717.55 195.42
692.37 162.25 752.82 197.41
720.64 160.03 748.55 203.94
699.62 152.16 715.72 192.7
696.53 160.51 711.14 204.01
687.05 164.17 704.42 208.93
719.84 165.39 752.93 208.24
707.02 155.83 727.65 182.23
699.15 166.58 724.35 191.87
699.71 145.94 751.92 247.6
674.5 180.5 728.9 214.77
708.65 164.6 752.86 191.31
678.28 164.12 707.43 220.88
696.94 165.73 719.94 218.62
696.07 152.15 711.46 192.42
701.67 162.79 723.43 186.29
700.67 166.19 738.65 186.61
671.38 161.28 725.76 209.29
700.9 171.73 756.21 202.39
678.46 152.17 715.4 222.25
693.96 162.73 707.46 201.77
714.8 162.84 751.88 185.84
684.57 176.73 742.28 221.72
700.32 155.42 722.69 181.24
675.69 162.96 744.39 200.32
704.92 158.2 760.17 193.36
703.12 167.61 755.55 196.36
697.88 177.46 753.67 211.81
658.78 167.16 718.03 202.86
688.82 170.19 714.27 191.34
684.0 165.72 708.3 216.54
693.64 157.41 707.6 194.34
683.3 172.06 709.38 191.15
675.82 181.06 715.77 218.29
697.32 163.78 719.33 186.18
710.75 152.79 724.39 187.29
689.74 164.05 702.73 200.16
682.32 170.64 717.48 189.5
666.44 168.01 712.22 211.14
683.29 140.01 739.83 251.68
720.26 156.36 761.09 194.46
698.25 156.94 743.01 197.91
693.46 165.0 715.95 186.48
679.62 172.41 706.11 220.33
703.79 162.15 737.06 181.29
678.6 183.19 734.76 218.92
702.89 155.69 759.28 185.35
717.92 165.79 761.31 189.85
673.06 152.34 706.11 222.5
705.03 152.24 719.88 188.65
685.93 168.39 726.01 188.33
676.82 170.92 711.62 189.04
721.02 157.19 779.1 191.61
689.45 158.91 703.96 194.18
690.53 156.84 754.51 188.03
686.46 156.52 738.12 199.24
688.95 143.98 721.82 214.96
672.64 176.18 740.2 223.68
661.95 172.44 724.52 217.92
649.87 160.03 715.09 195.55
716.37 153.9 772.23 184.94
656.66 158.3 707.02 201.43
676.32 154.91 730.47 198.86
682.95 161.84 717.82 245.26
677.21 157.39 708.17 235.11
714.73 139.5 746.16 206.52
680.41 142.49 711.65 213.66
325.35 196.08 391.99 232.18
723.58 155.41 737.12 199.89
727.24 156.04 742.64 207.04
724.55 150.67 739.11 192.85
721.57 152.0 736.54 191.35
721.66 154.41 738.01 212.51
726.33 152.09 738.04 186.24
722.58 158.9 743.86 192.74
723.86 153.3 735.8 185.2
719.94 155.71 739.24 177.92
723.55 151.56 743.47 182.1
674.46 172.44 699.24 196.63
680.95 165.47 697.69 207.75
669.24 171.92 696.54 190.59
678.47 164.02 699.34 213.7
714.83 156.6 743.16 174.57
711.93 160.59 743.61 180.47
677.62 165.97 692.27 207.27
682.17 165.9 696.19 200.48
722.44 155.36 754.81 175.58
724.65 159.94 754.31 204.8
684.18 165.5 700.4 203.07
670.29 169.33 700.08 187.55
666.63 169.02 694.09 187.64
708.45 156.76 740.26 176.45
716.25 159.48 751.83 180.67
675.03 161.95 694.46 212.03
695.55 155.63 718.31 180.45
680.23 158.34 694.75 194.0
718.21 154.53 746.87 174.28
725.91 160.22 760.21 180.02
724.22 163.35 759.69 184.78
679.14 151.51 693.63 191.05
703.53 155.5 735.56 176.59
684.17 160.19 699.74 196.19
694.46 156.95 731.81 177.14
664.41 164.62 695.32 184.67
675.59 165.78 698.55 186.37
670.48 172.6 697.23 204.45
725.69 153.97 768.99 192.0
671.14 153.78 697.51 218.9
120.74 174.09 232.46 212.72
104.41 172.9 212.48 209.32
95.793 169.25 197.13 204.48
124.07 171.43 224.75 204.31
443.81 173.24 493.96 214.16
443.8 172.46 495.81 215.82
447.35 166.38 480.71 225.35
453.26 176.03 498.55 209.52
455.88 167.68 485.94 219.52
449.2 164.49 490.29 221.81
464.29 177.88 502.14 207.03
459.44 173.04 492.84 207.86
472.15 176.83 499.13 208.52
446.32 170.58 473.21 222.89
465.81 170.38 491.03 217.98
473.02 170.57 493.42 216.84
440.59 179.74 496.4 219.81
451.18 168.13 477.37 220.34
477.6 172.19 496.09 215.93
468.98 175.77 494.66 206.08
455.89 171.42 506.34 213.38
474.82 177.87 502.02 201.42
459.31 165.74 488.7 221.68
451.54 170.14 491.05 203.53
461.68 179.0 498.42 214.94
444.1 148.31 486.9 231.73
450.56 150.72 494.21 228.92
461.0 165.38 484.52 212.47
475.4 174.54 501.9 195.34
452.3 168.73 512.63 206.41
470.41 161.99 497.47 222.62
461.21 147.36 498.0 223.62
465.34 171.49 514.59 212.35
450.22 180.43 502.66 220.1
800.93 161.18 855.53 182.65
796.87 157.54 848.74 179.62
791.59 160.82 844.19 183.33
806.29 159.91 863.71 181.02
796.38 164.29 848.79 185.96
788.56 159.0 873.63 190.81
731.91 155.68 745.34 200.84
728.09 153.93 741.13 196.06
736.35 154.84 749.35 201.35
737.34 149.72 751.3 191.3
732.75 150.48 745.03 192.43
728.18 159.47 748.61 192.87
729.61 151.88 739.53 185.24
733.45 156.78 753.24 186.3
732.04 159.8 752.16 191.48
728.61 152.0 748.35 182.38
734.25 150.72 743.75 185.16
734.4 151.74 754.79 182.39
731.57 160.43 754.46 199.82
735.58 159.97 756.21 191.83
735.79 160.98 758.89 200.07
738.61 151.41 759.84 182.11
739.26 162.06 763.42 198.75
727.69 154.68 760.79 175.39
731.2 153.2 766.23 174.42
727.4 166.29 767.95 190.23
731.95 160.32 767.41 180.13
228.15 179.62 322.24 218.39
440.45 168.42 470.93 230.7
439.43 170.31 464.82 221.59
436.41 168.83 460.14 220.06
441.09 172.91 470.15 225.27
435.85 174.32 481.42 207.84
439.7 166.18 458.04 214.25
442.53 166.58 462.36 215.64
450.17 166.77 471.29 218.38
436.75 167.93 470.03 246.67
439.16 148.84 476.04 227.35
445.49 167.45 478.86 245.79
436.02 162.18 508.1 202.76
139.35 178.0 258.23 226.16
177.34 180.77 280.26 220.59
162.2 182.86 275.49 229.22
136.06 175.34 246.2 218.25
178.66 189.67 283.52 235.02
192.9 184.27 263.6 211.68
164.71 178.08 264.08 218.09
147.03 177.17 241.48 235.59
192.32 179.17 281.69 230.33
731.09 154.46 747.43 211.21
735.84 153.82 750.8 211.58
739.94 151.57 754.36 196.14
739.49 154.27 754.3 210.77
743.23 152.68 757.73 195.86
743.59 154.09 758.83 211.51
747.76 153.49 762.14 195.55
747.83 154.77 763.21 209.94
740.34 149.97 753.48 186.24
751.11 155.55 767.93 218.19
752.77 156.85 766.28 201.01
743.22 149.15 757.22 185.14
739.71 157.63 759.61 185.52
734.55 160.28 752.74 218.92
750.03 149.43 766.23 193.29
739.71 162.1 760.51 190.9
742.16 160.01 760.51 216.83
743.85 159.2 764.09 185.41
747.05 149.17 761.52 185.8
743.69 163.7 764.9 190.44
731.13 151.12 755.1 208.46
742.8 163.42 767.62 197.23
742.4 152.82 763.75 181.8
746.03 160.39 764.62 216.31
755.15 157.56 770.81 207.14
736.85 150.12 763.27 210.33
739.14 167.73 774.37 208.18
754.65 154.19 769.9 196.91
746.89 160.69 767.73 184.96
743.89 146.62 772.96 211.32
388.99 178.61 428.75 203.34
391.64 175.37 427.99 208.6
392.04 177.41 420.47 203.35
391.31 177.0 425.41 196.64
394.33 172.14 414.87 218.63
396.66 168.69 427.73 230.92
401.62 169.16 420.05 216.71
406.35 167.98 425.8 216.73
411.26 167.89 429.79 215.59
400.2 172.1 415.09 211.45
397.75 171.6 413.18 205.86
390.89 176.57 415.89 198.27
394.83 171.88 409.1 212.86
391.88 171.69 418.11 224.87
413.48 165.49 428.42 205.06
391.19 179.04 428.38 217.95
404.92 168.68 418.65 205.03
387.09 176.41 411.09 202.15
394.49 174.25 429.73 190.52
409.27 166.76 423.03 204.8
400.71 171.21 426.9 224.57
390.44 157.4 427.27 230.7
389.53 169.34 417.39 231.11
203.33 180.94 300.33 219.7
209.13 174.87 310.48 213.11
804.12 149.14 821.31 195.84
667.26 170.9 687.37 190.6
670.72 172.71 691.22 195.08
679.28 166.48 691.25 200.75
665.75 167.15 686.91 187.57
674.54 165.04 686.42 204.97
675.86 165.86 685.77 198.68
668.04 173.15 688.46 197.59
672.39 166.41 683.56 199.28
670.62 160.66 683.52 193.47
661.36 167.66 689.01 185.63
674.52 161.66 684.74 192.37
678.11 162.1 689.32 193.39
674.16 152.47 686.51 190.28
665.6 173.18 685.93 193.74
675.8 151.5 689.18 191.18
666.16 160.13 681.43 193.45
650.49 166.7 680.25 184.35
640.17 165.08 667.01 182.15
657.96 166.09 682.1 185.98
644.46 165.5 671.22 182.89
634.11 164.44 661.64 182.16
668.65 164.31 689.31 186.52
672.91 161.17 688.12 211.77
668.78 166.73 681.5 200.34
658.24 165.19 688.07 183.73
665.55 154.76 680.17 189.89
659.75 170.01 682.78 188.85
666.55 160.13 687.88 183.93
670.32 158.63 690.78 183.13
1.4146 172.53 283.3 366.66
0.0 148.83 274.75 323.31
33.652 214.71 282.83 334.27
8.226 198.69 257.62 371.3
1001.9 184.05 1242.0 362.19
896.05 176.41 1134.8 343.52
807.4 151.53 1242.0 375.0
968.45 182.48 1193.5 355.02
832.2 189.05 1081.1 349.85
726.02 155.03 744.52 221.21
804.33 183.48 1040.4 282.5
845.58 173.41 1108.7 328.23
927.27 166.04 1242.0 375.0
5.7053 209.06 246.46 375.0
0.0 174.59 400.37 375.0
1050.5 211.14 1242.0 367.21
730.09 155.44 749.36 223.99
715.76 85.926 1242.0 375.0
43.427 176.1 307.05 343.44
111.02 181.48 302.72 263.96
868.44 189.92 1084.8 307.99
1013.1 219.39 1232.0 353.35
852.12 179.58 1078.8 336.17
858.71 184.58 1069.4 278.05
98.927 189.73 302.38 292.59
0.0 98.624 373.18 375.0
738.65 155.83 756.51 220.69
764.59 184.89 970.2 305.05
679.45 139.77 1168.6 375.0
909.64 83.497 1242.0 375.0
106.79 179.86 287.74 245.94
57.985 123.73 210.13 375.0
987.51 154.98 1229.1 338.4
783.6 178.83 988.29 284.25
1050.3 139.55 1190.6 375.0
36.754 181.59 214.23 375.0
834.97 178.78 1050.5 249.65
0.0 39.563 288.94 375.0
952.06 213.74 1205.9 370.69
1057.8 183.06 1218.4 375.0
54.29 200.14 293.55 315.34
1023.2 202.19 1234.5 328.67
54.579 182.51 265.23 261.62
1069.7 164.81 1242.0 348.24
32.749 190.64 265.37 294.39
