371.78 184.24 474.57 260.22
753.32 158.69 870.07 375.0
769.07 191.69 820.8 228.31
755.09 172.11 788.34 198.55
800.94 167.26 1140.1 375.0
405.92 206.86 458.87 271.41
772.96 150.01 839.91 177.64
806.07 173.71 819.75 186.62
808.95 181.99 820.29 186.63
373.78 204.92 419.15 263.03
834.0 188.25 884.47 221.38
827.49 187.92 853.64 201.69
842.74 189.51 851.18 213.32
831.28 190.18 849.43 214.73
807.21 158.97 915.06 204.06
871.56 188.06 1020.41 212.32
829.26 162.69 844.68 180.54
816.32 155.91 835.47 165.37
837.59 148.36 861.09 176.64
1015.03 69.49 1242.0 346.93
861.39 191.22 887.2 215.04
517.68 170.28 558.34 189.71
860.75 148.28 881.53 180.62
0.0 89.43 23.2 322.22
0.0 108.52 2.14 271.86
853.46 125.58 1110.85 218.06
913.61 135.53 1046.94 213.46
1022.2 90.342 1242.0 375.0
813.19 166.18 1106.6 344.33
0.0 89.612 31.569 297.74
0.0 129.34 33.443 329.19
787.68 169.04 870.6 370.76
762.48 165.28 894.19 352.43
770.71 176.91 856.64 369.35
788.11 187.1 845.2 338.07
765.52 166.11 848.07 337.73
759.9 194.13 883.43 374.52
774.1 135.33 887.78 373.8
763.53 192.12 834.14 362.94
877.06 165.54 1079.9 227.35
0.0 131.46 16.098 241.41
376.99 186.83 477.04 261.1
405.06 178.68 452.53 270.74
386.61 172.73 431.21 272.32
413.09 175.23 461.39 268.84
382.27 192.56 491.18 252.09
381.38 173.47 448.47 293.75
397.49 177.19 445.59 278.31
428.37 180.93 450.65 248.71
396.32 169.03 456.13 288.08
395.65 183.54 483.77 254.96
421.14 181.64 442.91 248.24
425.53 181.06 445.52 245.69
371.28 169.66 437.8 297.82
423.82 175.72 468.81 265.84
379.9 174.34 424.41 282.06
390.53 182.14 439.4 284.49
432.66 180.38 454.4 246.91
388.63 175.69 472.93 296.5
417.0 181.57 439.13 248.14
389.43 178.25 477.34 244.38
383.59 184.31 485.95 236.11
437.66 182.41 458.18 247.84
403.99 169.89 443.82 259.14
408.36 172.6 470.3 287.08
433.85 171.96 474.66 263.82
392.79 167.75 437.12 257.43
403.31 189.83 458.79 283.18
431.67 172.62 448.73 234.91
428.57 172.51 444.27 233.8
412.97 180.43 435.24 247.46
422.19 176.4 441.52 237.02
442.13 183.02 462.61 248.29
370.55 202.55 479.82 267.88
381.98 187.67 488.9 283.78
406.45 177.1 482.33 307.88
427.43 182.56 479.1 272.56
415.3 167.18 450.76 247.84
422.47 168.98 457.58 245.81
408.96 189.7 496.86 241.6
423.27 186.84 447.97 251.03
400.21 197.09 423.61 263.14
428.49 185.64 457.21 251.95
404.61 194.17 460.73 244.88
395.68 192.91 419.1 259.28
377.62 180.43 463.6 231.55
414.47 192.9 440.9 257.58
418.71 190.64 444.66 253.32
376.89 204.88 463.54 276.27
410.18 189.85 436.71 253.57
409.25 180.03 430.69 243.93
426.49 191.41 453.26 257.92
416.3 190.42 463.67 238.39
414.03 174.67 433.64 235.7
403.06 190.61 428.99 258.58
401.68 200.42 471.49 249.93
386.8 197.25 432.24 285.25
444.38 174.62 480.07 264.64
407.51 197.91 432.84 261.93
403.9 178.93 428.05 246.57
393.43 203.93 467.76 241.86
397.75 170.27 434.71 244.43
398.74 203.54 490.5 262.26
399.27 179.81 473.77 232.6
432.68 168.29 463.92 240.91
377.48 168.72 419.35 250.27
415.96 191.08 463.56 281.71
407.13 189.42 456.83 232.71
378.34 197.42 422.28 287.6
789.38 189.25 887.21 239.59
792.9 177.18 875.9 220.38
804.95 190.46 909.97 242.47
799.66 178.49 896.37 222.25
822.52 192.99 938.85 242.88
826.46 185.37 949.13 234.57
803.98 173.54 879.04 212.13
809.7 173.14 909.47 210.3
333.77 185.85 481.18 262.73
348.16 187.63 470.97 251.93
357.75 191.5 493.66 269.27
359.1 181.9 478.81 243.05
335.76 198.02 465.47 259.79
375.4 185.15 508.03 260.39
358.5 193.2 467.31 271.9
340.13 187.99 469.97 282.3
337.56 184.42 453.93 237.16
335.2 215.37 464.53 265.62
356.29 175.21 489.12 252.98
385.6 164.39 446.61 266.17
355.52 185.92 467.3 230.81
375.73 163.16 434.86 263.93
367.65 182.3 480.9 227.97
393.18 153.8 467.15 264.5
342.75 203.18 450.35 268.33
394.99 185.94 502.09 273.76
341.14 181.75 443.9 224.68
411.3 148.37 480.88 267.34
363.57 216.69 467.33 271.01
358.87 207.45 438.81 238.98
352.67 200.7 469.19 296.68
403.23 182.42 493.08 222.0
365.53 214.75 440.02 242.21
342.94 149.76 481.14 229.13
851.99 177.04 1051.7 241.4
862.46 197.37 981.46 246.45
902.0 198.53 1014.5 247.14
871.23 194.91 987.57 237.56
869.32 185.21 989.18 229.23
903.29 183.64 1018.5 227.71
478.08 192.04 526.04 215.5
479.85 196.16 525.67 219.2
763.31 176.65 828.21 226.98
761.98 180.61 842.61 222.3
759.73 171.51 817.54 220.19
769.03 177.5 839.64 234.17
748.97 174.28 787.98 203.36
753.22 171.78 807.58 213.06
756.36 186.88 836.79 231.34
753.7 175.48 795.24 201.91
767.7 181.51 821.48 217.06
775.99 179.69 855.71 220.83
781.08 174.89 847.49 237.56
774.35 168.81 813.84 237.11
778.54 170.92 819.12 246.05
744.82 178.46 785.0 205.2
794.82 175.62 859.75 255.16
765.46 187.04 820.96 222.95
776.2 174.1 823.89 265.03
774.39 176.54 817.14 211.24
766.97 180.23 814.2 209.33
755.65 178.3 803.69 205.57
746.06 167.62 793.76 211.46
771.42 179.26 815.48 255.46
769.52 172.43 807.73 240.54
783.31 170.45 826.41 239.49
795.58 174.18 859.37 227.9
768.05 178.9 809.85 201.88
750.98 169.9 790.63 197.22
762.88 175.42 798.48 197.58
767.77 173.81 823.27 208.63
773.91 178.24 818.53 202.49
758.94 167.37 783.09 212.03
771.86 190.23 830.71 221.53
776.3 183.12 829.18 209.97
764.22 170.54 795.58 228.55
763.24 176.28 808.63 212.5
764.65 175.55 801.38 204.63
769.78 176.04 804.3 196.94
783.63 170.0 807.95 219.31
768.0 179.42 838.58 254.55
750.15 180.09 815.87 226.98
761.66 172.23 795.46 194.56
774.69 175.4 811.03 195.49
776.04 169.7 801.07 217.68
782.26 174.08 848.68 217.85
796.94 169.99 836.25 236.49
757.07 180.99 816.05 212.85
781.2 168.92 802.93 214.41
787.74 169.07 811.06 216.26
778.43 180.49 828.07 204.89
767.34 167.04 789.81 215.14
755.32 162.31 784.45 222.93
744.02 184.82 781.99 207.72
779.75 178.32 823.13 198.72
762.07 165.95 787.47 209.44
745.28 159.85 853.93 243.15
771.54 167.23 797.04 216.55
754.27 169.81 789.87 190.5
767.26 173.46 797.03 192.26
766.83 193.92 821.14 227.88
761.84 166.84 805.29 230.87
753.09 193.05 849.2 238.75
772.38 172.92 843.7 206.0
764.61 180.01 827.02 243.9
778.68 160.95 818.81 229.24
782.47 188.76 837.69 216.34
806.37 175.91 849.43 200.81
779.26 173.44 804.4 225.82
785.43 175.09 811.66 226.89
756.35 164.72 794.65 226.0
792.87 169.37 814.01 215.63
746.23 182.05 789.76 209.16
774.08 175.35 801.47 227.0
776.31 173.97 806.37 191.58
778.48 180.34 830.33 217.85
781.02 187.23 834.07 224.14
740.42 176.7 797.8 214.53
729.75 173.0 791.02 211.27
794.68 182.04 820.38 232.02
781.42 172.86 814.93 197.78
774.19 197.6 829.13 227.53
802.97 180.9 849.52 208.37
789.15 170.72 815.64 223.22
803.63 182.89 826.85 232.29
747.33 176.7 803.68 224.45
751.35 167.57 786.01 192.8
790.16 180.33 815.96 231.71
797.24 182.78 842.19 208.66
799.1 179.64 823.84 227.64
780.86 179.74 809.06 233.89
784.5 178.41 824.38 207.43
793.75 172.14 819.91 221.86
788.89 180.73 833.43 204.5
786.41 166.15 807.01 205.54
769.39 180.73 799.84 230.36
790.5 165.59 810.02 206.37
787.61 191.9 843.5 219.44
781.87 174.37 822.76 193.84
764.33 169.54 794.56 189.57
780.52 172.83 815.64 190.39
807.58 173.27 848.7 195.98
755.04 179.05 792.34 211.39
784.99 172.06 854.62 204.5
799.67 188.09 850.3 215.19
765.17 173.17 799.22 244.68
806.24 186.21 846.66 222.91
772.23 173.19 801.71 193.5
743.23 164.29 802.86 205.49
732.77 157.23 829.42 244.83
343.51 214.82 407.84 239.37
345.73 210.59 418.76 238.28
335.7 190.21 433.79 252.13
347.74 218.58 413.91 242.18
345.47 207.04 408.51 233.38
337.83 218.68 401.64 243.19
375.74 178.6 416.3 278.29
342.58 222.26 406.66 246.62
362.67 167.23 424.0 290.25
393.1 200.52 414.19 262.97
348.06 203.44 408.0 227.66
347.39 226.15 409.75 249.81
334.77 226.17 395.48 251.59
362.3 179.04 394.74 262.3
336.37 233.71 396.14 257.32
351.96 221.27 417.15 245.65
348.49 230.05 408.96 253.98
370.01 174.97 405.54 266.02
364.34 214.25 380.03 263.57
336.4 211.69 398.17 236.41
390.12 195.89 411.34 258.67
349.6 200.26 406.59 223.3
354.31 182.37 386.56 262.07
346.25 186.89 380.27 272.24
384.77 165.74 426.63 249.34
359.02 211.75 405.83 241.65
355.69 208.2 398.21 238.28
369.12 190.12 383.22 238.65
365.79 190.62 379.47 239.29
372.04 190.3 387.87 239.32
355.21 233.77 415.06 257.05
345.48 212.59 387.02 243.16
372.06 200.6 388.24 246.91
344.19 227.01 387.5 259.05
340.67 222.97 384.27 255.32
374.75 195.5 393.89 249.07
357.18 216.59 421.56 241.58
354.63 215.44 397.13 245.17
348.14 177.87 379.72 255.56
360.42 206.56 413.37 240.68
359.47 203.29 406.15 235.8
340.19 224.83 445.78 266.93
344.0 219.2 387.6 251.02
372.22 211.8 389.0 261.34
390.58 211.97 411.29 267.02
368.95 214.29 383.62 261.49
345.14 167.14 406.91 290.57
374.29 208.03 395.11 263.91
369.39 199.96 384.05 243.89
378.47 192.7 398.94 249.1
353.94 227.3 393.38 258.68
365.04 206.66 380.18 253.23
348.77 223.35 389.88 254.6
394.02 186.72 414.38 248.5
338.75 211.21 431.23 267.67
359.46 218.72 402.11 249.07
353.23 204.14 427.55 235.4
357.81 200.96 396.6 229.38
377.88 205.46 399.11 263.1
353.12 173.31 383.09 248.16
387.14 203.69 406.93 261.94
360.76 232.3 428.21 259.08
352.1 204.79 392.37 235.79
367.19 181.71 379.45 223.92
350.0 231.03 389.77 261.31
367.08 196.68 405.92 280.08
793.1 175.15 864.87 212.36
810.29 175.07 844.19 208.26
812.1 172.21 831.2 214.83
747.83 174.91 779.05 205.61
752.63 168.5 776.65 210.04
751.32 171.43 770.95 210.67
746.03 180.09 774.64 206.69
749.94 164.05 774.31 206.96
749.0 172.5 766.29 208.71
743.51 178.01 770.5 204.07
756.76 172.71 778.52 213.9
754.22 173.55 773.76 212.43
745.48 173.2 779.03 198.0
737.67 178.62 764.01 203.06
746.22 172.69 761.82 208.16
747.66 165.12 766.93 205.78
750.48 160.98 780.52 227.58
739.19 181.69 770.18 207.63
818.53 166.42 837.29 211.77
813.64 171.38 844.14 200.33
813.09 166.21 829.83 208.91
821.54 182.76 894.15 254.27
873.13 170.99 905.67 254.92
881.67 166.99 913.07 251.62
830.09 164.19 862.22 234.75
803.59 176.9 871.48 259.52
814.19 168.55 852.63 240.48
819.58 168.38 859.13 246.29
804.07 172.2 871.5 233.05
797.14 204.16 911.68 256.38
810.38 176.54 882.33 244.87
835.75 167.72 874.53 258.74
811.33 165.89 845.67 230.73
824.81 181.03 847.11 231.48
809.67 182.49 849.51 218.34
854.34 166.9 893.97 255.39
821.35 171.08 841.93 216.99
813.92 172.07 835.5 217.5
817.3 180.59 838.86 229.16
813.57 178.89 834.34 227.88
820.77 181.04 843.12 230.12
815.55 173.77 839.6 222.07
809.52 178.26 830.48 227.47
771.33 189.69 1091.8 365.33
841.83 189.73 1135.0 366.55
709.31 172.11 1183.1 375.0
730.34 178.02 1029.0 351.9
741.24 202.34 993.34 360.58
900.34 181.34 1148.6 347.69
803.77 188.71 856.54 336.95
811.67 181.35 863.46 319.15
699.53 112.86 1240.3 375.0
767.83 194.42 922.77 371.5
824.52 184.29 866.44 336.05
801.11 170.11 879.61 344.58
806.26 173.84 855.72 299.29
745.49 167.43 947.38 358.88
796.14 193.98 889.56 375.0
887.09 210.22 1114.6 337.69
305.22 197.06 477.44 267.53
816.06 173.56 861.84 283.98
764.11 163.23 880.99 306.46
760.28 196.8 1011.0 318.77
777.24 184.41 953.0 338.72
932.34 204.62 1127.5 365.25
765.81 189.59 993.45 292.47
822.01 178.31 891.05 364.66
801.45 170.38 850.84 280.84
775.46 207.74 968.6 362.55
320.94 196.93 445.64 250.18
849.43 198.22 1091.3 322.94
825.15 178.06 867.76 287.64
738.78 207.41 982.24 334.89
809.13 206.2 1064.0 346.93
832.65 188.34 872.79 328.34
810.86 168.59 853.96 265.99
775.39 169.58 913.54 305.68
776.34 216.83 863.29 373.28
763.93 178.9 965.21 278.77
806.7 191.37 1035.5 295.73
312.36 204.27 432.02 254.45
954.34 179.16 1176.4 355.21
786.12 195.39 1018.8 353.29
798.82 182.62 1006.9 267.8
733.04 192.08 950.55 315.81
940.5 204.15 1145.2 315.84
320.49 192.4 427.35 242.31
792.32 169.63 842.05 273.85
791.87 187.27 865.31 277.92
915.49 188.58 1128.2 332.05
882.37 190.7 1103.7 307.53
801.09 33.744 1102.6 375.0
699.87 162.14 974.76 324.84
321.5 211.11 443.72 260.45
873.02 179.59 1030.5 375.0
783.55 171.43 832.94 269.68
743.07 176.59 913.43 273.63
891.98 125.55 1019.4 375.0
