977.81 189.94 1219.51 328.14
1130.09 188.22 1242.0 244.71
1211.14 185.01 1236.27 191.81
1239.31 173.7 1242.0 193.37
1189.89 106.33 1242.0 295.37
1187.7 124.44 1242.0 255.08
1187.7 136.87 1242.0 232.21
1081.35 198.55 1117.24 209.46
984.22 142.1 1139.49 225.08
1146.96 103.08 1242.0 330.77
1019.41 219.16 1027.28 224.18
979.57 152.87 1036.64 198.7
985.66 147.47 1018.03 202.57
952.16 145.95 988.26 155.55
1119.4 100.03 1242.0 304.49
1171.7 138.0 1235.8 295.66
1154.7 141.36 1218.1 292.07
1009.4 199.58 1184.8 315.75
1014.7 181.64 1219.5 343.26
985.83 173.94 1232.4 318.42
972.2 202.19 1237.3 348.55
1198.8 133.12 1242.0 318.01
1201.8 106.31 1242.0 281.82
1183.4 117.2 1242.0 284.29
1166.9 103.93 1236.9 260.74
1153.8 106.43 1224.0 256.72
1223.6 161.72 1242.0 256.64
1165.1 150.0 1242.0 234.78
1179.9 138.8 1242.0 248.23
1191.9 162.48 1227.7 246.43
1226.8 152.6 1242.0 238.6
1213.7 161.78 1242.0 262.49
1167.7 135.07 1242.0 219.54
1183.6 107.43 1242.0 216.08
1227.2 134.35 1242.0 223.17
1166.4 161.74 1203.2 232.08
1200.9 152.03 1234.1 233.7
1208.2 150.22 1238.9 235.95
1181.9 149.8 1220.2 224.12
1190.6 149.21 1228.6 231.97
1173.4 149.83 1211.9 226.05
1211.2 161.05 1231.1 222.91
1218.0 162.31 1237.2 223.95
1147.9 132.88 1242.0 228.93
995.25 180.33 1162.7 251.27
968.6 176.14 1129.8 247.0
968.16 163.16 1144.3 232.51
950.15 129.44 1121.4 192.89
965.32 148.41 1141.0 209.98
978.56 132.17 1157.0 193.13
987.21 170.39 1106.7 252.44
976.58 154.32 1107.0 236.09
1142.9 180.06 1242.0 221.7
1136.0 174.93 1237.8 214.26
1163.9 186.37 1242.0 227.24
1115.9 205.44 1202.1 257.24
1136.9 168.44 1242.0 206.47
1164.0 165.1 1242.0 249.25
1158.3 179.78 1242.0 267.18
1165.5 194.55 1242.0 232.66
1162.8 174.7 1232.3 224.89
1161.9 194.63 1242.0 280.66
1145.7 186.64 1230.5 226.36
1105.9 215.99 1204.0 272.46
1152.3 171.39 1227.3 218.57
1128.6 180.66 1214.3 219.29
1159.4 182.77 1223.5 230.43
1148.1 195.43 1227.0 232.77
1123.3 197.72 1202.0 234.79
1114.7 185.13 1234.7 278.24
1107.7 156.85 1242.0 227.46
1105.0 172.29 1242.0 242.98
1116.2 221.7 1211.8 279.54
1144.5 177.13 1210.5 222.27
1169.5 210.74 1242.0 253.11
1167.2 184.37 1222.9 214.53
1124.4 202.79 1207.3 244.46
1168.9 174.64 1202.1 248.31
1123.8 211.1 1208.8 263.81
1120.9 167.93 1219.2 204.74
1129.7 217.89 1214.7 272.67
1113.0 175.63 1209.4 213.17
1147.8 203.01 1220.3 241.56
1159.5 164.18 1232.9 211.24
1139.1 171.47 1215.4 216.58
1168.7 193.07 1224.8 220.81
1134.1 207.75 1215.0 255.04
1156.7 192.18 1212.1 236.06
1120.0 187.56 1202.3 225.28
1161.5 188.93 1218.3 216.81
1147.8 164.98 1220.8 210.48
1141.0 207.4 1205.1 274.22
1161.1 180.55 1219.8 209.69
1168.8 180.92 1207.7 217.52
1153.9 214.7 1230.4 262.57
1149.3 209.36 1211.6 284.18
1166.4 197.78 1220.6 223.48
1156.4 184.66 1216.0 212.66
1157.0 194.11 1212.2 220.39
1154.9 200.7 1210.4 246.7
1168.2 190.41 1206.0 224.29
1168.2 199.76 1229.4 244.71
1163.0 202.61 1215.1 227.11
1184.1 175.96 1239.5 226.74
1206.9 166.11 1239.6 259.92
1210.9 171.48 1242.0 211.84
1200.5 165.53 1232.4 249.01
1212.6 163.84 1242.0 203.66
1201.9 175.34 1223.9 233.2
1197.7 176.72 1219.9 231.93
1205.4 170.59 1227.7 233.45
1211.7 156.41 1242.0 197.04
1217.4 167.33 1242.0 220.02
1223.6 171.5 1241.1 234.37
1214.2 169.96 1235.2 234.12
1218.9 171.9 1238.3 234.34
1201.5 176.42 1234.3 261.98
1210.0 169.8 1231.3 233.36
1183.1 164.55 1219.8 241.19
1183.4 175.41 1202.7 226.79
1170.1 117.72 1242.0 202.57
1182.0 175.83 1242.0 213.76
1174.6 167.37 1211.4 241.9
1173.8 168.1 1242.0 205.64
1217.1 143.64 1242.0 193.08
1193.4 166.43 1242.0 202.76
1226.5 114.59 1242.0 206.63
1200.2 172.85 1242.0 219.63
1173.2 159.33 1242.0 196.47
1191.9 176.22 1229.3 217.4
1198.7 166.57 1219.6 223.6
1195.9 168.01 1242.0 194.02
1215.9 152.54 1234.8 206.55
949.38 148.61 1050.6 186.96
987.79 181.23 1075.5 218.23
971.24 148.67 1071.1 186.91
979.53 173.39 1069.2 212.53
956.95 155.1 1058.0 194.76
946.32 140.68 1051.4 179.9
975.97 165.17 1070.8 203.86
945.02 151.35 1070.2 236.3
941.46 136.39 1069.9 216.57
924.46 140.98 1028.2 180.42
915.7 133.45 1018.5 171.99
1204.9 186.45 1242.0 229.4
1207.9 178.73 1242.0 221.11
1237.0 174.25 1242.0 227.1
1229.9 207.13 1242.0 232.25
1210.9 147.69 1242.0 188.03
1230.6 202.72 1242.0 228.25
1237.6 164.13 1242.0 214.0
1235.1 195.93 1242.0 227.83
1234.7 184.13 1242.0 215.38
1230.5 195.09 1242.0 219.91
1229.7 170.6 1242.0 195.43
1229.7 186.92 1242.0 211.82
1230.4 182.94 1242.0 207.79
1230.5 174.64 1242.0 199.49
1211.5 139.15 1242.0 179.67
1231.2 179.16 1242.0 203.72
1235.4 176.74 1242.0 206.94
1234.5 172.7 1242.0 202.42
1232.4 163.86 1242.0 187.79
1238.3 155.16 1242.0 205.63
1232.1 171.16 1242.0 233.37
1234.3 165.66 1242.0 194.15
1235.7 162.47 1242.0 189.85
1234.5 160.09 1242.0 183.33
1238.9 148.5 1242.0 196.99
1235.6 155.83 1242.0 179.5
1233.5 139.1 1242.0 162.91
1236.6 158.61 1242.0 185.41
1234.2 143.21 1242.0 166.92
1201.5 192.2 1236.4 231.47
1234.6 151.66 1242.0 175.54
1234.2 147.36 1242.0 171.1
1238.5 139.46 1242.0 188.83
1235.5 137.05 1242.0 166.2
1205.9 189.01 1239.0 227.84
1201.2 165.5 1242.0 189.88
1223.7 206.21 1242.0 232.76
1061.1 195.21 1152.2 238.24
1115.3 189.61 1132.6 241.78
1095.1 198.37 1153.9 226.3
1111.6 188.84 1129.0 243.52
1096.8 192.99 1150.8 217.85
1088.6 196.52 1146.1 222.31
1118.9 190.04 1136.2 241.19
1099.5 195.98 1156.4 221.75
1114.4 182.18 1132.9 231.13
1119.4 177.98 1136.7 225.27
1089.5 208.95 1156.6 238.5
1081.9 211.23 1150.3 243.18
1110.1 181.74 1129.6 231.46
1097.1 188.18 1150.9 212.75
1102.9 194.78 1146.6 225.04
1099.3 208.52 1151.3 245.86
1050.5 183.31 1157.1 224.16
1107.7 184.27 1125.9 236.04
1106.4 205.99 1153.5 240.39
1171.7 180.6 1242.0 221.93
1187.0 176.92 1206.8 227.52
1194.0 178.01 1215.4 230.92
1190.6 179.47 1210.9 230.39
1178.8 174.12 1199.7 228.34
1173.5 188.37 1229.0 219.02
1188.3 183.64 1226.5 224.66
1178.6 182.16 1214.9 218.75
1181.6 185.63 1218.7 223.36
1178.6 191.34 1237.4 222.22
1172.8 185.84 1211.1 221.73
1192.9 190.4 1230.1 230.54
1181.2 184.55 1236.9 216.87
1177.5 189.76 1214.1 224.73
1197.1 183.27 1231.8 224.81
1184.5 195.24 1241.8 226.12
1189.6 199.96 1242.0 230.48
1174.6 181.55 1230.7 212.73
1189.3 188.2 1241.2 219.47
1184.3 180.58 1240.9 212.92
1044.9 201.64 1061.7 244.27
1044.7 200.43 1064.9 253.87
1025.4 190.87 1205.2 329.21
1032.4 185.23 1190.1 302.4
1055.8 175.22 1164.1 346.59
1030.9 220.56 1199.2 339.67
1067.6 205.86 1221.5 308.64
1042.4 196.21 1215.8 290.35
1065.4 186.08 1179.3 363.65
