636.49 152.09 681.21 183.77
642.68 189.52 672.52 207.2
662.27 161.4 694.67 184.2
673.25 178.76 677.73 192.93
631.91 187.17 640.5 192.24
316.22 155.85 472.41 223.69
275.16 171.75 407.61 245.18
791.14 181.76 897.13 248.81
246.39 173.43 381.89 260.16
439.55 191.71 516.19 216.71
443.17 179.07 513.8 192.88
740.16 182.89 817.73 232.11
783.25 180.75 865.02 238.49
718.2 184.51 796.57 225.96
724.37 175.85 799.1 222.06
788.22 191.41 1204.7 375.0
0.0 152.01 302.4 314.87
348.52 167.31 447.31 228.95
831.7 182.12 912.5 263.74
86.29 167.83 301.25 275.61
674.97 170.66 686.91 183.75
679.85 187.09 683.72 196.52
678.35 161.86 692.89 171.22
0.0 148.29 167.54 375.0
499.43 177.35 539.61 195.41
501.46 179.8 527.94 206.79
0.0 150.02 63.07 375.0
872.31 171.81 1194.04 286.46
675.65 151.74 688.67 160.13
544.22 179.47 556.85 202.12
683.58 186.97 686.15 195.81
437.71 151.98 465.57 171.05
466.18 152.09 470.37 174.71
434.0 173.96 463.28 182.19
329.59 150.39 384.91 164.92
416.02 151.16 462.62 170.77
697.23 150.86 699.06 198.81
696.0 166.25 704.44 192.71
338.29 151.06 354.2 160.12
352.46 151.41 356.9 159.91
679.71 149.75 747.65 201.1
300.2 149.08 341.56 178.31
365.2 151.13 400.43 161.12
355.88 149.74 360.27 158.19
745.18 152.37 749.46 166.16
0.0 130.3 34.96 174.62
774.66 150.91 778.12 159.44
940.22 144.22 974.05 189.42
941.69 145.77 954.3 154.92
932.93 152.51 951.12 167.63
294.89 142.33 308.34 175.61
690.16 175.51 730.19 193.2
710.03 153.23 742.38 167.37
720.03 170.88 744.01 176.06
313.35 174.64 316.82 183.27
314.87 174.89 323.37 183.55
706.05 191.6 710.47 195.41
994.9 161.29 1097.54 192.67
1054.52 142.37 1069.74 193.85
1039.92 159.58 1051.18 164.28
699.74 161.21 704.35 170.8
982.56 142.57 1017.23 188.48
1045.19 139.36 1126.34 171.76
430.28 169.82 436.51 175.02
901.72 175.8 1159.0 270.34
852.49 159.02 1211.9 287.1
759.58 163.75 1242.0 375.0
277.37 170.88 444.89 242.98
302.04 167.85 458.53 234.01
331.72 164.02 478.09 230.31
296.87 177.16 437.0 235.77
330.66 165.05 461.26 219.9
307.44 160.39 466.58 222.11
313.9 171.07 441.96 228.82
347.64 170.89 482.94 221.98
348.62 161.91 474.41 215.58
318.55 161.94 437.06 215.29
335.73 173.37 464.37 228.52
348.0 173.19 487.27 237.07
334.84 158.2 450.43 203.94
310.0 173.65 449.15 244.68
293.29 145.68 477.86 211.17
328.52 144.24 468.38 225.49
310.62 181.08 451.22 248.52
355.2 177.61 477.89 232.54
321.54 184.06 448.22 236.25
294.89 143.32 447.15 223.1
329.45 155.4 444.99 192.59
766.01 177.5 911.67 239.66
797.0 184.24 926.92 244.23
757.34 180.17 891.55 232.66
781.25 180.31 912.04 239.5
787.51 178.22 919.96 257.14
764.64 175.34 868.46 230.15
808.87 179.99 932.92 233.43
754.32 184.94 863.09 240.28
797.18 175.16 898.58 236.19
818.17 159.07 894.11 286.15
800.76 198.69 935.95 254.83
829.69 162.44 868.67 251.07
775.77 176.26 886.13 220.25
828.73 169.72 877.71 265.13
823.34 161.34 860.89 250.8
777.64 190.11 905.81 252.07
813.53 164.88 860.51 257.14
805.33 157.15 874.35 280.93
798.66 176.36 903.43 219.56
825.81 160.34 881.37 250.3
764.41 179.22 882.57 247.53
718.67 170.48 824.4 218.99
716.89 168.41 796.77 218.62
728.64 176.05 798.34 208.65
751.52 158.92 787.84 237.88
709.23 173.79 817.23 229.14
711.23 169.33 787.69 208.43
715.69 165.08 818.22 204.35
745.03 161.48 780.28 233.49
735.42 170.47 797.85 200.64
698.99 158.38 822.18 230.65
739.65 158.22 771.96 226.94
741.3 173.27 806.25 205.86
744.74 157.52 782.29 216.75
731.02 160.53 768.07 226.03
756.93 157.93 793.81 218.5
717.39 175.4 785.87 209.31
751.7 153.39 799.56 242.17
727.95 171.21 795.74 193.99
740.51 170.08 805.79 194.16
700.93 165.68 769.87 203.11
736.87 180.83 800.71 211.75
748.04 149.99 788.81 213.46
732.38 148.37 777.98 216.02
743.17 179.19 811.55 209.41
754.72 168.54 799.43 199.13
724.84 171.25 786.18 201.18
318.98 157.21 430.79 199.99
311.25 156.88 410.1 194.36
362.02 158.69 485.85 231.47
371.75 164.96 484.38 210.79
363.71 151.27 413.31 256.36
371.54 138.81 434.57 236.55
357.54 140.25 422.62 238.37
376.57 151.42 425.37 254.89
356.64 157.58 473.17 203.87
388.4 140.13 446.26 236.63
344.8 145.2 408.35 239.51
373.76 144.99 408.53 232.37
382.53 146.41 416.24 232.6
368.56 153.99 462.3 209.58
334.53 167.56 409.26 194.87
718.94 163.58 737.2 216.01
719.37 165.35 733.26 209.96
1025.5 169.58 1078.6 190.58
1029.8 173.41 1089.5 192.28
1017.9 173.04 1070.7 193.7
434.05 177.6 519.2 211.06
409.84 176.46 509.34 213.1
451.27 176.72 525.16 206.08
447.77 177.91 522.73 205.23
462.27 179.07 532.3 203.61
441.91 179.9 512.53 208.38
421.9 181.16 516.4 215.19
458.98 173.16 520.34 203.79
460.46 175.38 537.57 204.67
431.8 177.7 504.05 210.34
407.49 170.69 489.77 216.54
452.94 183.69 521.77 209.11
421.9 181.05 494.85 209.33
474.23 177.39 528.06 206.6
467.43 176.04 533.89 197.03
468.87 175.16 523.33 203.43
456.59 175.26 520.98 197.23
453.11 174.35 509.97 204.24
443.1 185.2 510.09 211.82
426.82 176.05 492.56 205.61
462.5 164.6 485.59 218.08
454.99 162.07 479.18 219.89
407.68 169.1 551.29 225.88
469.28 166.11 491.0 217.68
458.64 163.35 489.52 209.76
435.97 167.25 527.95 201.01
476.63 165.81 497.7 213.4
469.71 165.3 553.85 198.11
450.8 161.91 483.34 211.4
466.64 163.46 494.82 208.91
474.06 170.98 497.03 221.77
427.18 185.86 501.88 215.52
444.87 174.51 498.87 204.7
470.56 166.72 487.29 212.48
475.01 167.1 491.1 213.51
478.76 168.15 495.12 213.71
473.58 178.1 549.88 207.96
474.21 163.28 501.66 208.09
467.33 165.66 483.68 211.34
415.03 185.39 488.63 215.55
463.88 165.82 479.84 210.55
438.81 174.24 496.88 198.36
476.49 174.01 527.06 198.98
460.13 166.45 476.36 210.64
464.46 173.59 516.09 199.66
719.19 175.53 844.1 226.94
712.5 169.81 839.17 228.72
748.37 173.33 855.37 226.49
759.23 159.59 793.91 239.72
707.45 178.74 854.68 236.46
767.34 160.88 800.42 241.53
736.41 172.24 841.18 215.33
777.05 160.64 808.92 241.6
764.23 157.86 812.76 246.87
763.14 162.35 778.96 202.95
736.31 189.69 846.11 235.24
767.0 161.01 784.03 200.68
763.84 157.05 800.48 215.95
768.74 196.35 842.33 227.02
769.72 161.85 787.61 201.46
481.71 177.73 537.2 198.72
480.21 174.59 546.19 202.18
482.66 169.1 499.09 212.93
482.86 173.34 537.06 191.49
0.0 156.36 8.2678 206.16
0.0 143.53 8.7072 194.0
4.7499 160.11 22.008 213.0
1.0981 161.64 17.247 213.9
0.0 166.06 12.077 194.48
11.731 160.91 30.984 212.02
7.902 159.89 27.196 212.89
0.0 152.26 12.213 182.92
0.0 151.83 12.999 206.71
0.0 163.51 14.973 189.19
634.73 178.69 671.77 205.82
633.43 179.81 662.97 203.69
629.19 177.81 653.03 198.91
631.83 179.06 656.45 200.49
624.79 177.71 647.36 196.93
637.34 176.17 667.11 201.73
641.96 179.64 674.28 204.67
622.44 176.56 643.09 195.15
632.96 175.75 658.44 197.31
637.2 184.12 668.64 206.66
631.92 177.77 677.24 208.44
642.71 177.24 661.09 211.56
642.43 175.95 671.89 198.02
644.93 174.92 663.61 209.59
637.01 173.08 652.56 202.73
633.87 177.2 654.5 194.78
639.51 171.78 657.7 205.58
630.05 181.86 651.23 200.08
647.88 176.89 672.37 200.98
629.01 177.37 649.53 194.92
634.39 182.19 657.24 202.98
637.0 178.7 654.33 209.4
648.23 173.31 668.04 208.82
642.41 170.35 661.99 203.2
651.98 177.09 670.1 208.95
629.82 175.69 651.96 192.09
638.62 176.25 664.3 196.37
628.99 172.07 641.74 199.08
639.65 179.04 658.05 212.42
633.67 185.75 663.95 205.5
633.79 174.13 646.9 201.93
632.84 171.37 645.82 198.66
625.89 175.96 647.43 191.96
635.04 176.61 648.76 204.3
634.12 175.0 660.59 192.65
626.01 180.84 643.53 197.73
647.43 179.76 668.91 213.99
643.8 182.53 665.33 213.6
631.11 175.32 642.61 201.71
654.61 172.65 671.27 203.95
623.54 173.85 672.14 207.44
640.69 167.67 667.46 217.86
641.11 169.82 655.99 199.26
645.17 185.82 673.9 206.26
638.23 170.88 650.79 197.49
634.62 172.67 682.05 210.46
637.77 174.4 668.37 192.78
635.51 170.56 664.76 219.91
634.81 183.12 654.76 212.08
655.59 178.16 671.9 209.57
646.37 169.82 665.72 202.87
649.79 176.08 675.08 194.98
654.5 180.61 676.63 202.89
622.45 177.96 681.6 211.3
652.36 178.65 677.36 198.23
638.22 189.86 670.08 208.98
658.92 171.32 672.38 204.08
653.91 182.02 670.25 211.78
645.23 166.04 672.65 216.75
651.08 169.61 668.24 203.16
631.59 184.72 653.09 203.6
633.03 189.46 665.24 208.22
618.85 182.28 679.27 216.45
631.1 169.0 695.27 204.24
639.13 152.57 674.33 218.34
632.78 191.98 668.8 210.85
649.24 183.63 667.24 219.45
631.92 181.6 650.86 213.02
627.6 162.23 680.34 208.94
641.56 183.67 660.87 219.88
664.12 169.08 675.77 203.03
658.17 175.13 678.79 196.64
657.96 180.17 682.74 200.76
645.12 191.69 673.67 209.89
657.74 183.48 682.28 205.2
662.12 172.59 673.67 206.89
635.27 171.96 661.91 188.64
630.24 173.59 654.18 189.27
621.12 173.58 644.05 189.41
638.02 183.49 656.31 220.27
443.36 167.06 461.25 209.43
746.31 176.22 889.6 235.93
791.3 165.38 825.82 253.88
808.44 164.49 841.76 252.17
817.12 162.17 852.61 251.86
800.41 166.82 832.64 252.87
1004.6 161.61 1018.2 195.82
1010.1 165.49 1022.5 204.24
495.07 178.51 539.79 197.76
490.37 175.76 539.36 195.29
508.57 178.76 544.7 197.62
515.55 176.53 550.59 195.51
502.77 175.11 536.11 196.7
511.93 175.51 540.14 196.82
518.44 175.23 544.64 196.9
490.08 175.69 531.6 200.48
521.34 178.18 554.39 197.04
538.87 176.94 550.45 203.94
523.2 176.03 548.39 197.47
497.31 174.91 542.52 191.88
532.56 177.07 553.3 199.51
507.55 174.14 546.37 191.66
500.52 177.77 534.53 199.59
535.06 176.15 547.31 204.25
529.99 171.47 542.77 200.47
491.02 174.89 559.02 201.52
516.86 169.71 531.4 200.15
533.38 173.19 545.62 200.69
521.41 170.78 534.35 200.15
526.07 170.35 538.22 199.57
505.59 173.27 539.23 194.38
513.28 169.43 527.37 199.84
527.91 176.95 557.18 195.41
509.56 167.89 523.58 198.94
505.68 167.58 520.38 199.32
504.53 169.77 519.69 205.33
488.59 170.73 541.91 200.64
486.08 180.63 531.26 203.02
519.31 174.44 552.98 192.12
500.29 169.19 516.25 206.67
494.85 171.7 511.74 211.4
484.08 168.02 505.07 213.06
486.82 170.37 503.22 212.54
490.96 170.56 507.49 212.23
524.95 174.58 537.97 204.91
494.56 173.56 532.02 194.09
529.89 178.44 559.15 198.48
525.69 174.34 551.68 195.75
496.81 171.86 542.81 189.09
536.32 179.03 556.17 203.05
537.86 175.53 565.91 193.24
499.25 181.03 538.11 202.09
508.1 172.37 522.73 206.62
516.59 173.7 530.26 204.73
511.82 173.6 526.67 205.48
907.76 172.13 947.17 189.4
911.08 171.99 937.21 190.96
908.49 167.98 950.68 188.24
901.42 173.76 947.48 191.49
619.9 176.21 638.72 192.52
621.08 174.63 636.27 191.26
623.76 174.85 641.19 192.49
626.4 172.75 638.25 198.75
624.48 174.28 635.73 197.49
616.95 174.78 633.83 190.71
622.06 178.96 638.46 194.7
623.11 181.67 639.6 198.69
623.28 176.2 635.04 207.42
613.59 171.51 633.0 188.3
638.2 168.92 668.93 238.42
622.04 173.24 633.33 200.14
632.21 166.44 664.07 235.05
617.59 172.57 638.26 188.87
618.87 183.24 636.53 199.66
311.31 158.07 379.58 182.45
265.91 175.27 322.5 193.46
326.94 161.82 346.41 201.66
275.38 179.59 336.69 199.03
306.12 162.66 371.51 183.98
330.95 160.82 349.52 200.21
311.41 164.95 379.11 187.64
275.49 175.48 332.49 195.49
268.43 173.25 318.67 189.89
323.41 161.61 341.52 200.38
307.74 169.6 373.26 193.11
265.14 178.82 324.68 197.74
402.75 144.38 441.02 220.12
447.26 160.03 470.94 218.96
436.68 157.75 464.01 221.15
541.09 176.55 552.7 203.26
544.42 174.93 555.96 204.17
540.01 174.79 560.96 195.84
548.58 170.98 570.73 192.4
553.92 169.96 565.46 199.0
546.01 172.16 557.16 201.06
545.04 173.44 564.81 194.13
315.39 160.85 385.05 186.33
325.31 159.88 398.62 185.46
329.53 163.34 404.8 190.03
303.33 158.52 390.75 192.77
309.72 150.39 399.66 183.0
346.99 153.91 365.91 199.79
351.68 153.06 368.51 198.78
323.64 166.53 396.89 193.04
343.23 154.75 361.65 198.83
328.37 157.07 400.24 180.88
318.26 155.78 389.88 178.07
1037.4 165.81 1050.1 202.93
1033.9 165.88 1045.9 206.38
759.3 163.14 774.99 203.69
918.06 167.31 929.67 201.9
914.99 164.88 926.74 202.39
922.48 166.64 932.61 201.18
917.74 164.6 932.13 199.2
622.98 171.55 632.43 194.01
616.03 173.31 631.78 189.16
620.43 171.17 630.75 194.59
612.36 169.98 630.28 186.89
608.49 173.61 624.63 189.33
618.1 168.16 629.51 196.44
609.1 171.05 626.42 187.32
607.43 176.87 623.49 191.62
615.54 165.83 627.01 194.49
620.15 176.14 631.88 206.91
0.0 189.42 97.635 375.0
2.945 187.05 61.335 373.84
0.0 153.24 93.503 375.0
0.0 170.16 58.0 375.0
0.0 187.75 38.382 375.0
9.076 156.33 76.863 341.59
1.2774 179.52 35.485 344.77
1.8863 173.02 25.457 345.13
4.0904 141.34 55.165 354.3
0.0 138.48 34.291 352.64
805.95 180.92 950.3 262.19
823.74 180.56 943.4 243.02
831.88 166.06 906.02 286.83
837.78 163.63 875.4 258.46
848.53 169.25 917.98 286.52
845.14 165.77 881.96 260.06
843.53 170.91 891.72 268.28
867.48 174.15 929.79 289.9
853.9 165.49 890.12 263.62
862.43 163.97 897.71 260.32
857.7 170.7 907.16 273.03
839.48 158.65 896.58 252.53
871.16 164.86 905.17 259.2
853.12 157.12 911.62 256.31
847.13 158.69 881.75 235.51
856.25 160.69 888.87 234.61
0.5548 169.22 189.41 353.26
0.0 163.76 193.24 342.83
0.0 142.43 134.89 375.0
27.578 149.61 140.18 350.21
29.283 120.91 127.61 351.01
37.427 170.0 152.6 365.49
18.881 167.39 309.61 309.67
11.18 175.94 293.19 276.56
15.113 183.92 290.96 309.27
212.27 177.46 415.91 258.88
245.73 173.42 420.38 238.58
273.73 174.76 410.95 231.29
266.68 179.55 415.72 256.64
243.02 179.69 397.08 237.17
217.62 199.3 384.03 272.77
222.06 184.33 384.41 245.13
238.98 180.25 371.31 226.04
285.89 169.5 404.01 220.18
207.52 188.7 355.76 254.21
218.88 156.63 418.11 222.3
215.34 181.04 353.81 237.51
248.88 193.58 395.92 270.56
59.171 183.3 312.47 292.51
98.086 171.92 305.87 304.76
49.145 166.9 294.02 242.43
82.831 166.68 303.07 267.61
275.28 183.98 424.21 239.61
300.82 167.66 425.44 222.66
304.63 164.51 420.54 210.56
268.3 159.45 443.41 223.91
248.91 175.0 370.87 215.65
269.46 173.12 384.99 218.0
293.19 167.23 398.81 209.65
739.6 137.24 806.66 238.91
790.86 182.3 963.31 246.63
812.7 183.56 1013.2 251.12
161.01 177.37 401.89 270.15
834.27 167.0 1199.1 364.63
731.51 179.25 867.65 231.06
0.0 218.04 123.46 371.12
791.29 168.1 1113.2 357.68
800.52 191.33 983.78 256.87
724.95 173.02 871.54 230.86
85.381 177.79 360.16 274.95
823.05 175.92 1088.5 257.52
0.0 161.72 261.22 347.42
68.476 169.43 347.77 299.67
819.4 188.73 1048.3 260.33
0.0 189.32 151.56 360.48
0.0 148.91 414.83 375.0
781.8 156.59 1078.3 310.5
388.52 176.26 506.03 219.36
915.27 179.71 1238.5 355.51
0.0 168.51 260.6 256.08
810.05 187.92 953.07 249.3
859.23 173.5 1122.4 265.78
22.332 192.02 283.58 332.42
0.0 175.89 212.83 282.96
125.03 168.0 391.93 280.58
797.04 203.64 1022.5 281.6
877.25 144.63 1169.6 330.14
75.847 180.45 288.87 324.43
780.95 165.69 1034.4 290.87
831.97 185.85 975.16 246.06
826.69 201.1 1161.1 375.0
120.28 192.83 342.01 293.12
809.06 164.33 1055.2 340.52
151.94 168.82 360.38 283.49
21.265 161.83 358.81 281.18
368.78 164.03 512.12 221.92
803.65 184.71 957.46 301.82
786.23 201.11 969.73 276.72
829.2 184.24 994.41 269.34
798.4 197.46 983.73 346.92
961.23 205.16 1242.0 368.83
192.72 174.26 404.17 244.27
880.17 209.44 1217.0 375.0
791.9 210.76 1036.4 330.83
0.0 35.37 386.16 375.0
0.0 214.47 170.26 342.86
824.66 186.51 1006.9 306.11
790.95 213.41 1093.4 367.87
0.0 185.17 185.16 301.55
829.36 197.9 1091.2 286.09
780.36 212.81 986.2 321.6
8.8642 162.6 257.12 234.5
144.53 186.39 321.0 308.89
883.27 183.91 1125.8 280.65
852.38 191.68 993.19 248.03
5.0335 171.54 132.09 325.44
824.35 195.06 972.19 254.39
157.09 159.6 422.68 268.44
936.83 186.42 1183.0 283.65
819.9 172.63 1036.9 241.12
0.0 174.9 180.31 252.39
934.52 174.72 1166.6 252.53
184.09 193.63 372.87 277.68
965.92 183.19 1205.7 271.15
112.66 199.97 303.94 327.6
0.0 168.25 239.84 314.13
60.466 217.45 290.92 325.06
0.0 118.93 481.69 337.72
0.0 240.09 149.36 363.62
793.0 158.11 1141.5 277.58
874.17 22.056 1168.0 375.0
827.17 208.11 1091.1 329.65
993.94 195.05 1222.0 278.78
0.0 195.37 153.33 315.99
138.01 172.46 375.89 247.37
10.858 234.61 108.12 374.55
