568.28 173.84 622.6 224.92
403.61 189.39 480.43 230.73
643.08 179.13 662.35 193.42
801.86 173.76 828.25 192.72
822.6 165.65 853.99 188.53
568.34 174.3 625.59 227.3
571.77 177.0 625.34 225.71
403.55 184.11 478.04 233.89
825.85 171.0 848.1 187.97
826.29 168.79 857.52 186.33
823.97 165.82 852.78 183.91
800.39 172.16 826.66 188.13
803.72 175.06 831.69 190.02
797.22 175.04 826.34 190.51
640.61 174.29 660.29 193.23
637.48 173.71 657.84 188.99
641.39 179.79 661.09 196.33
639.35 183.51 660.27 199.15
644.13 178.89 668.28 195.08
