457.69 178.73 533.38 229.07
489.47 153.12 509.71 188.5
480.07 178.93 497.75 193.29
536.04 186.71 540.97 199.81
469.65 183.72 487.05 188.44
508.43 152.77 514.33 187.75
248.08 149.05 263.88 193.4
231.51 144.71 240.28 173.7
243.32 146.99 268.27 195.65
209.74 146.51 228.83 162.33
232.05 152.54 241.84 186.38
256.89 152.02 273.46 156.66
219.73 152.6 226.09 176.44
243.23 149.69 248.67 174.61
0.0 202.65 16.05 264.63
1234.57 225.55 1242.0 262.45
148.88 143.39 156.74 173.75
417.89 149.78 488.4 202.01
466.99 153.54 482.06 184.35
313.67 147.61 395.43 191.13
0.0 148.07 0.32 177.44
226.36 202.18 333.56 245.94
348.98 149.48 416.45 195.95
182.8 143.98 226.29 154.27
164.06 144.59 172.64 154.17
205.41 154.15 210.35 174.28
1115.34 180.75 1128.1 202.26
1041.26 165.69 1047.2 180.93
525.46 153.91 532.43 188.72
484.64 151.77 489.89 186.92
122.54 141.31 174.95 158.32
343.38 167.7 429.52 227.47
374.49 145.74 475.34 219.75
398.6 141.34 422.23 222.93
387.34 174.23 409.42 187.13
326.72 172.13 382.34 195.07
1006.79 140.39 1062.71 222.61
1208.77 130.55 1242.0 276.28
1220.89 132.34 1242.0 258.58
20.81 143.82 55.27 167.41
1063.97 129.74 1242.0 253.45
332.75 154.84 363.56 196.37
459.84 179.26 534.49 233.96
457.57 181.88 522.15 227.2
474.58 171.52 516.15 243.97
466.97 178.99 528.61 221.39
474.97 183.25 532.33 229.74
455.11 193.93 537.45 237.26
482.65 181.04 538.19 223.55
444.18 173.5 543.28 244.02
463.78 172.71 505.25 242.88
487.53 174.86 526.47 237.24
449.11 180.19 514.07 223.01
472.41 181.57 529.34 225.74
471.13 182.32 523.29 214.11
467.37 158.76 525.06 258.51
465.69 188.91 520.37 224.18
453.52 186.27 515.1 236.16
454.94 192.39 510.53 221.28
483.23 172.18 509.58 226.38
479.17 177.96 521.82 250.3
468.19 180.68 510.88 248.57
458.05 183.67 504.68 208.49
468.67 181.93 518.74 206.16
485.63 187.5 539.25 223.06
478.97 181.15 529.6 211.47
463.22 182.87 512.92 210.6
455.64 197.33 514.13 227.95
443.32 184.02 508.03 229.16
461.61 189.63 506.35 225.0
480.1 170.83 505.1 222.97
442.17 175.2 508.0 212.34
461.59 192.24 515.81 233.66
458.45 185.83 510.21 214.04
454.49 195.95 503.51 224.96
484.3 180.22 529.97 205.36
466.82 182.22 508.11 217.39
477.19 178.72 520.52 208.88
463.51 186.25 527.42 231.17
469.46 194.13 525.25 229.32
459.6 199.38 507.65 234.89
465.7 167.62 562.44 246.6
458.12 174.03 518.5 212.54
465.4 173.45 525.37 206.99
483.78 193.81 538.54 228.42
468.71 179.17 508.65 208.88
476.03 162.25 517.59 230.6
466.19 200.35 523.07 233.15
453.67 199.07 521.91 239.45
487.47 171.19 505.06 214.6
462.03 179.45 504.88 199.39
480.34 179.66 514.71 200.71
446.57 171.42 510.35 206.13
437.56 151.13 544.6 231.56
468.78 160.09 508.01 226.92
485.66 164.01 524.35 229.32
445.11 204.56 530.12 242.92
479.95 173.58 540.12 204.5
484.13 187.67 545.28 234.0
477.44 183.4 512.44 256.87
348.13 154.46 449.38 194.22
392.22 156.13 482.52 194.52
352.52 170.14 446.18 208.83
394.75 149.81 504.61 234.01
396.53 164.68 479.34 200.99
370.08 135.67 487.21 214.68
366.2 162.88 462.43 201.21
372.74 146.59 484.2 231.21
397.96 172.98 477.3 209.98
442.69 177.05 496.52 222.73
398.01 150.0 488.66 189.11
424.25 172.6 492.18 209.64
438.69 171.86 493.95 215.97
426.7 167.02 501.46 202.26
413.25 155.94 494.06 193.66
421.79 150.7 499.76 188.07
433.3 159.09 503.96 193.93
322.12 155.99 429.51 194.9
335.06 149.35 433.92 187.5
340.93 162.89 443.84 201.94
322.61 178.35 426.27 220.15
329.37 170.66 431.62 210.14
335.11 143.83 430.49 180.57
344.28 177.98 441.22 220.25
324.31 164.46 407.7 215.31
332.68 159.35 413.18 206.4
1080.6 101.64 1242.0 282.69
315.25 150.16 438.44 228.35
333.11 139.04 456.19 213.22
332.96 185.58 431.01 226.71
315.2 160.33 399.66 207.36
1020.1 146.47 1036.0 198.17
1016.1 150.15 1033.5 201.67
1020.7 152.53 1037.1 206.72
988.58 162.75 1088.5 199.64
1020.0 152.36 1088.5 198.66
996.17 153.17 1065.2 198.82
311.23 164.05 420.59 202.2
303.67 169.96 414.59 210.78
303.71 157.48 413.87 194.35
306.85 150.52 411.31 186.26
305.72 142.88 409.83 178.53
291.61 161.58 375.44 208.05
308.09 165.98 392.68 216.33
402.36 147.71 416.4 194.47
404.91 146.82 418.82 195.37
1226.9 140.22 1242.0 250.07
1194.9 139.2 1242.0 252.99
462.96 182.97 499.92 215.54
489.27 178.7 527.88 213.19
490.41 179.38 528.72 197.75
504.21 179.94 534.75 214.74
471.03 180.25 513.92 198.78
511.52 169.93 527.06 214.17
509.81 169.78 524.39 210.63
499.21 172.12 519.45 217.76
499.25 177.4 530.6 208.0
499.59 179.45 527.62 200.11
475.23 171.14 494.43 218.39
506.84 170.16 521.33 209.89
495.27 171.12 514.61 215.97
483.78 169.87 501.33 214.91
460.32 181.96 492.18 209.99
505.8 177.25 531.54 200.49
468.95 171.27 484.53 218.05
0.0 213.03 7.7301 271.49
0.0 181.08 7.6538 240.03
0.0 193.43 7.3245 251.3
11.773 213.42 30.597 284.35
28.893 176.87 45.085 244.74
8.0956 213.47 26.312 284.49
4.6618 212.02 21.139 285.44
24.521 177.59 41.484 244.35
12.185 174.94 30.268 248.83
16.423 176.12 34.071 247.67
8.4791 174.72 26.607 250.07
20.43 177.99 37.936 245.65
0.0 213.29 12.322 282.24
7.3923 198.85 25.642 273.37
15.714 213.44 34.799 283.47
1.7959 211.76 16.576 284.82
5.2073 174.16 21.717 250.65
4.3308 198.46 21.152 272.72
0.0 223.04 7.5527 283.35
0.0 175.88 12.201 248.8
11.129 199.28 29.978 272.65
0.0 228.73 10.352 259.54
1.5263 174.22 16.826 250.77
0.0 220.29 10.595 251.68
0.0 200.15 12.593 270.62
1.312 198.72 17.121 272.62
12.067 187.9 29.536 260.11
0.0 212.63 10.622 243.4
19.4 215.17 38.608 280.83
15.71 199.03 34.084 271.81
0.0 231.01 13.527 256.9
0.0 210.41 22.981 270.61
0.0 214.36 32.582 262.96
0.0 194.22 21.977 255.82
0.0 177.67 22.288 239.5
0.0 198.33 31.925 247.46
0.0 223.63 23.434 287.94
0.0 228.97 33.744 279.48
247.07 180.2 362.94 218.66
231.2 186.95 348.89 225.95
226.37 179.21 337.84 219.37
230.47 194.8 345.45 234.46
225.31 202.92 334.19 242.2
207.52 173.04 334.53 243.76
199.51 204.19 309.36 242.31
225.56 210.04 334.76 251.77
249.74 201.46 354.52 241.39
200.09 196.37 307.8 234.78
206.41 184.79 336.58 260.02
487.86 177.44 540.6 214.69
454.02 181.79 499.86 204.34
235.02 124.37 253.67 173.83
239.1 122.61 257.71 175.17
232.18 121.27 250.4 170.0
243.08 122.98 261.48 175.76
228.56 123.54 247.0 174.32
232.13 131.0 250.55 180.26
227.57 131.24 259.36 164.99
223.85 124.1 242.03 174.28
498.57 174.34 561.06 210.44
495.93 170.06 557.53 202.02
180.13 126.59 197.88 177.33
183.87 127.28 201.28 178.34
187.91 130.12 204.72 181.15
507.05 169.88 525.25 219.78
451.4 190.01 501.14 215.67
503.85 171.56 522.23 218.9
489.38 172.5 509.96 221.55
459.01 190.89 496.87 223.21
479.0 169.91 498.69 220.38
1099.6 161.09 1117.0 208.21
1112.9 164.08 1130.2 213.58
1099.9 153.04 1117.8 199.74
1103.0 157.87 1121.2 205.56
1115.4 166.48 1132.7 219.33
1097.3 164.62 1113.5 212.52
1096.8 157.32 1113.7 203.15
1116.7 161.52 1132.6 209.86
1111.7 157.51 1130.5 206.13
1107.3 152.68 1127.0 202.0
1108.2 161.66 1126.2 208.29
159.84 124.98 176.73 177.07
151.39 124.34 169.92 178.21
155.96 125.55 173.28 177.07
176.89 125.84 193.93 176.28
164.09 125.46 180.55 176.59
147.24 128.52 165.88 180.95
168.47 125.82 184.62 175.22
172.82 125.53 189.08 175.99
143.51 128.08 162.39 182.87
168.02 114.92 184.54 163.28
126.07 134.21 145.65 185.52
105.13 130.73 202.51 172.58
97.868 139.75 193.19 178.93
98.316 147.97 193.18 186.86
96.115 124.44 194.74 165.51
0.0 122.25 7.6132 178.81
0.0 133.19 7.2987 191.84
0.0 144.86 7.5747 202.41
0.0 120.94 10.264 151.65
0.0 129.93 21.334 192.6
156.26 114.37 172.97 165.72
159.28 113.89 176.76 165.52
152.59 113.83 169.99 166.23
119.24 127.98 138.15 183.13
122.26 134.79 142.09 185.68
122.97 123.13 141.91 179.8
122.93 141.27 141.45 195.82
126.91 142.58 144.93 195.16
126.63 113.68 162.12 200.41
180.24 138.62 198.35 189.83
183.25 138.77 201.69 190.56
176.6 138.86 193.79 188.34
507.06 174.0 533.46 228.31
509.75 169.97 529.14 222.51
516.39 175.63 536.06 225.2
513.92 173.07 532.38 220.35
507.01 186.54 538.03 219.52
1237.2 205.68 1242.0 260.03
1236.5 212.35 1242.0 267.52
1237.9 197.45 1242.0 252.54
1212.2 211.25 1242.0 253.99
1212.9 203.83 1242.0 246.66
1216.0 203.92 1232.9 266.36
1220.4 206.42 1242.0 261.55
1237.2 220.23 1242.0 275.92
1212.6 206.96 1229.4 269.95
1235.8 216.51 1242.0 248.15
1234.9 220.39 1242.0 252.25
1212.5 224.93 1242.0 268.27
1234.1 227.75 1242.0 259.35
1219.9 203.9 1236.4 266.44
1229.2 226.52 1242.0 252.3
1230.3 230.5 1242.0 255.82
1220.3 218.98 1242.0 277.09
1235.7 208.8 1242.0 239.71
1213.3 231.23 1242.0 277.18
1214.3 239.51 1242.0 285.71
0.0 119.01 30.535 167.56
0.0 134.56 30.474 183.49
1061.7 158.89 1076.7 202.48
1057.5 157.85 1072.5 201.83
1053.5 157.86 1067.9 201.76
1035.4 141.98 1052.7 188.58
1049.6 155.09 1064.2 197.73
1032.6 144.2 1049.2 191.72
