588.2 175.45 640.14 219.47 0.99954
590.66 175.86 637.42 219.77 0.99937
485.86 170.11 546.77 210.41 0.9993
496.03 168.73 553.22 205.6 0.99646
486.3 171.56 537.39 210.11 0.99631
506.9 168.96 558.04 199.92 0.99598
503.39 169.97 551.92 205.7 0.99418
492.64 172.3 547.5 207.03 0.99316
514.01 170.13 554.24 203.13 0.98942
504.53 168.04 551.07 195.21 0.98936
622.42 169.77 640.69 216.24 0.98507
498.24 167.21 544.16 203.14 0.97459
516.07 167.05 552.55 197.5 0.9737
602.08 173.91 641.23 213.17 0.96195
620.25 167.11 636.96 212.37 0.93503
493.95 168.28 539.5 194.02 0.92889
489.02 167.47 532.79 204.03 0.92774
597.7 171.36 627.13 224.25 0.9165
597.15 174.05 632.3 210.96 0.9043
611.93 169.23 634.8 219.3 0.88529
603.07 170.53 632.9 224.51 0.88148
504.12 167.47 544.78 189.15 0.88054
594.85 178.32 648.68 214.19 0.86705
609.81 172.44 639.15 206.94 0.86322
615.8 170.67 638.74 222.28 0.85096
618.09 174.41 642.89 210.94 0.84915
598.03 171.08 629.6 225.83 0.83386
601.87 171.59 647.55 216.97 0.80034
592.61 180.86 646.16 217.76 26.61
488.79 172.89 532.96 209.46 29.22
513.39 182.93 537.76 205.32 31.82
538.24 188.28 543.34 205.54 33.22
631.86 170.65 663.05 188.41 63.62
638.51 151.85 643.79 191.8 49.35
643.28 187.19 659.85 192.58 54.02
508.88 151.62 515.47 174.83 51.96
655.77 183.41 666.89 187.86 58.73
559.34 158.39 563.89 176.11 66.28
549.49 190.42 591.82 198.75 41.74
691.75 173.74 731.4 183.27 22.39
668.05 152.24 686.17 183.22 56.33
670.08 153.55 680.17 183.91 64.9
673.81 152.51 677.17 182.79 53.86
700.24 152.73 731.19 157.48 57.81
672.01 161.32 672.76 175.58 61.36
475.94 170.6 481.55 183.45 32.86
641.83 148.61 741.62 196.02 45.64
708.53 160.85 762.14 188.04 31.49
419.81 148.69 509.71 186.36 45.96
452.83 172.23 459.35 175.95 39.12
1215.52 115.99 1242.0 179.27 14.63
1209.6 154.61 1242.0 177.67 17.69
