285.69 151.67 408.55 229.9 0.99922
295.94 152.73 401.35 228.04 0.99875
265.19 157.54 351.99 213.03 0.99779
257.1 155.57 339.42 203.15 0.98914
260.26 164.87 358.15 219.89 0.90172
247.77 162.78 330.14 204.87 0.84157
248.84 157.72 328.27 196.16 0.81058
258.11 160.18 331.23 216.55 0.80128
284.61 142.03 420.81 225.41 16.84
235.95 152.55 349.92 206.13 21.77
264.86 148.25 345.31 164.0 45.6
269.0 147.92 299.68 157.84 43.61
307.39 148.47 325.79 157.61 42.64
337.69 147.99 378.86 158.45 40.87
399.98 150.06 417.77 168.11 44.13
374.41 149.92 386.92 158.42 44.8
387.36 149.17 395.87 157.82 40.62
1208.14 108.53 1242.0 176.31 19.12
1237.12 126.13 1242.0 168.85 26.73
0.0 134.08 278.19 234.82 8.61
