5.2961 216.87 275.02 357.32 0.99977
765.96 166.48 972.07 320.29 0.99934
653.92 170.16 703.56 207.45 0.99891
645.26 171.12 708.24 210.64 0.99874
766.58 175.11 994.81 284.2 0.99439
641.47 172.22 699.11 205.08 0.99258
653.83 169.39 700.69 195.71 0.98739
160.37 198.55 411.1 340.45 0.98516
642.25 170.98 688.76 198.42 0.97564
649.52 167.71 691.7 201.43 0.97224
634.93 171.07 698.78 207.6 0.97079
635.2 170.65 679.67 190.64 0.95047
659.95 173.8 711.39 201.59 0.91597
645.08 170.85 685.37 193.02 0.90892
661.49 169.14 704.76 193.29 0.90274
164.65 188.4 424.66 338.88 0.89665
665.01 168.18 696.25 190.88 0.88564
645.35 169.97 678.69 198.21 0.86953
640.81 170.82 672.92 196.13 0.82705
552.53 175.4 596.94 193.22 59.29
0.0 191.89 254.22 375.0 4.12
606.33 185.78 628.16 199.27 44.07
599.54 151.18 610.29 177.6 47.66
747.21 162.16 965.19 311.73 8.05
663.63 182.13 702.54 208.8 29.38
640.69 183.01 650.65 187.54 55.72
155.46 186.32 422.55 339.73 7.76
1071.29 138.14 1242.0 186.66 19.24
705.84 176.15 725.21 194.52 41.12
770.98 169.17 884.22 211.95 23.02
713.94 175.61 730.3 183.78 63.09
416.36 151.37 464.68 179.37 61.8
705.47 194.66 776.0 202.31 32.11
745.65 152.08 757.86 182.93 54.98
