599.99 178.52 652.39 197.92 0.99973
809.02 176.18 848.22 192.81 0.99844
822.1 174.21 874.01 195.66 0.99741
452.67 173.88 539.17 204.28 0.99708
818.51 175.85 859.2 193.84 0.9956
462.49 175.68 536.87 201.08 0.9948
830.39 172.18 886.8 196.97 0.99423
837.82 174.4 888.23 193.88 0.9942
591.92 178.57 640.1 197.74 0.99288
595.36 176.39 647.91 196.02 0.9909
812.96 174.74 852.97 190.74 0.97333
471.14 174.62 540.49 197.4 0.97325
831.81 170.5 876.89 200.38 0.97094
822.53 174.91 852.63 195.06 0.95288
820.87 174.71 864.89 191.49 0.9462
455.74 173.98 531.28 196.83 0.94002
828.46 173.21 864.73 197.09 0.93987
605.71 178.08 650.12 194.8 0.93951
840.4 168.2 857.56 212.63 0.89317
845.96 172.76 884.01 195.22 0.88681
842.26 165.27 860.91 213.49 0.87418
818.22 174.82 846.81 195.48 0.81274
812.34 175.44 841.47 194.48 0.8036
282.69 184.06 372.85 205.4 34.06
605.21 182.09 648.85 196.12 48.11
615.49 205.82 628.39 212.26 26.02
822.74 154.36 840.49 199.76 44.89
808.36 188.43 822.22 193.84 65.46
658.21 150.14 723.89 204.12 40.04
677.04 179.23 707.9 193.93 64.31
838.93 176.48 858.89 218.52 28.01
456.59 146.44 513.23 208.89 28.8
503.28 180.97 529.39 198.86 41.46
863.66 150.25 914.23 197.5 57.86
899.23 184.22 902.52 189.02 70.46
904.47 147.45 935.73 199.89 41.5
323.96 180.22 385.28 203.74 37.91
342.41 176.4 351.82 181.3 43.14
1045.75 145.65 1078.97 197.35 47.65
1060.36 146.5 1063.67 187.33 51.59
444.93 175.73 450.58 183.92 63.42
348.95 202.87 369.48 216.76 24.36
1153.18 186.3 1160.47 197.31 45.03
563.33 194.74 600.89 199.96 49.32
788.93 141.54 817.43 228.19 22.06
466.49 147.48 482.76 178.7 32.09
464.89 170.32 469.77 179.0 60.46
303.82 132.35 346.61 244.85 15.53
1205.73 185.7 1242.0 203.19 42.33
1193.67 134.14 1213.42 219.64 26.19
525.33 188.84 705.01 216.14 29.4
203.3 181.35 291.38 196.73 42.78
19.6 191.67 32.07 202.03 37.55
506.05 153.47 509.06 179.29 63.88
379.09 134.01 423.39 245.36 15.2
465.68 155.31 474.63 176.86 43.92
265.51 191.25 285.44 195.57 41.5
1181.59 204.85 1242.0 210.4 33.37
0.0 165.24 134.87 210.81 31.68
354.31 181.86 463.99 200.01 45.21
369.91 203.15 392.25 209.63 26.94
388.3 180.97 412.29 194.93 41.65
802.43 132.59 817.49 251.86 14.62
