697.85 170.15 767.47 227.96 0.99713
690.54 173.8 756.4 223.1 0.99455
698.13 167.76 780.58 237.03 0.98929
541.69 180.72 573.55 208.93 38.81
540.71 170.99 545.19 193.96 68.21
675.45 174.08 706.8 210.27 32.84
588.14 186.63 609.84 195.52 49.21
699.79 164.61 775.27 240.49 17.33
703.52 148.01 784.59 207.81 38.42
537.2 176.09 540.17 188.55 66.5
531.33 175.73 535.68 188.41 62.73
526.79 175.59 531.15 196.9 60.84
630.41 170.76 742.8 197.55 66.2
519.71 170.04 526.61 196.76 57.36
729.6 116.9 948.88 296.39 9.24
693.03 150.36 697.37 172.79 41.22
774.53 152.45 807.96 167.26 68.35
908.18 135.16 989.37 205.56 16.28
829.07 138.89 938.6 158.06 28.59
802.27 144.37 836.03 159.19 35.26
836.5 142.07 884.11 152.01 24.12
