302.04 167.85 458.53 234.01 0.99993
766.01 177.5 911.67 239.66 0.9999
434.05 177.6 519.2 211.06 0.99989
719.19 175.53 844.1 226.94 0.99985
718.67 170.48 824.4 218.99 0.99974
18.881 167.39 309.61 309.67 0.99951
409.84 176.46 509.34 213.1 0.99894
331.72 164.02 478.09 230.31 0.99887
797.0 184.24 926.92 244.23 0.99885
451.27 176.72 525.16 206.08 0.99874
59.171 183.3 312.47 292.51 0.99742
757.34 180.17 891.55 232.66 0.99672
245.73 173.42 420.38 238.58 0.99336
781.25 180.31 912.04 239.5 0.99027
447.77 177.91 522.73 205.23 0.99009
296.87 177.16 437.0 235.77 0.98564
0.5548 169.22 189.41 353.26 0.98254
330.66 165.05 461.26 219.9 0.97787
307.44 160.39 466.58 222.11 0.97626
462.27 179.07 532.3 203.61 0.973
98.086 171.92 305.87 304.76 0.96318
441.91 179.9 512.53 208.38 0.95139
275.28 183.98 424.21 239.61 0.9253
712.5 169.81 839.17 228.72 0.90961
787.51 178.22 919.96 257.14 0.88832
421.9 181.16 516.4 215.19 0.86305
458.98 173.16 520.34 203.79 0.83704
460.46 175.38 537.57 204.67 0.82985
348.62 161.91 474.41 215.58 0.8214
636.49 152.09 681.21 183.77 62.67
642.68 189.52 672.52 207.2 37.92
662.27 161.4 694.67 184.2 66.14
316.22 155.85 472.41 223.69 22.44
791.14 181.76 897.13 248.81 16.28
439.55 191.71 516.19 216.71 25.04
443.17 179.07 513.8 192.88 33.57
740.16 182.89 817.73 232.11 21.02
631.91 187.17 640.5 192.24 53.3
718.2 184.51 796.57 225.96 23.82
724.37 175.85 799.1 222.06 26.09
0.0 152.01 302.4 314.87 8.38
86.29 167.83 301.25 275.61 11.27
783.25 180.75 865.02 238.49 18.93
275.16 171.75 407.61 245.18 15.72
0.0 148.29 167.54 375.0 6.68
348.52 167.31 447.31 228.95 20.23
499.43 177.35 539.61 195.41 47.1
501.46 179.8 527.94 206.79 36.2
673.25 178.76 677.73 192.93 59.01
674.97 170.66 686.91 183.75 63.28
246.39 173.43 381.89 260.16 13.21
544.22 179.47 556.85 202.12 35.07
679.85 187.09 683.72 196.52 53.6
872.31 171.81 1194.04 286.46 11.07
329.59 150.39 384.91 164.92 50.96
683.58 186.97 686.15 195.81 51.91
831.7 182.12 912.5 263.74 13.51
0.0 150.02 63.07 375.0 4.56
678.35 161.86 692.89 171.22 69.23
434.0 173.96 463.28 182.19 48.11
338.29 151.06 354.2 160.12 58.51
0.0 130.3 34.96 174.62 24.77
466.18 152.09 470.37 174.71 53.16
932.93 152.51 951.12 167.63 46.37
679.71 149.75 747.65 201.1 45.01
720.03 170.88 744.01 176.06 67.9
300.2 149.08 341.56 178.31 53.27
313.35 174.64 316.82 183.27 56.31
314.87 174.89 323.37 183.55 58.34
690.16 175.51 730.19 193.2 61.56
706.05 191.6 710.47 195.41 48.74
1054.52 142.37 1069.74 193.85 34.66
1039.92 159.58 1051.18 164.28 37.76
696.0 166.25 704.44 192.71 56.7
982.56 142.57 1017.23 188.48 30.67
994.9 161.29 1097.54 192.67 45.31
