569.52 183.92 583.92 188.45 64.77
763.66 153.28 769.5 179.56 69.85
770.43 152.82 794.83 167.01 66.73
745.78 191.56 800.19 196.3 49.51
777.29 176.12 780.88 184.32 71.19
524.66 179.44 548.67 188.91 65.76
783.82 165.76 797.39 187.65 56.43
798.87 149.94 810.27 191.27 44.41
448.51 151.53 506.68 194.15 50.22
783.35 147.02 817.64 203.09 34.8
1214.86 156.25 1242.0 161.98 37.84
510.81 146.06 553.7 206.35 32.66
452.04 205.86 499.03 211.84 26.02
927.93 149.29 950.67 174.29 56.19
363.87 150.95 422.99 188.3 54.15
364.92 155.86 402.92 183.83 60.26
401.66 152.01 452.7 188.5 59.96
1088.47 120.61 1190.25 257.97 13.71
