819.17 189.58 875.2 233.65
1202.24 183.12 1242.0 252.09
1176.66 129.85 1242.0 252.6
1197.45 123.21 1242.0 256.77
713.98 149.81 747.88 182.3
790.84 155.86 802.33 165.42
802.11 159.79 814.48 165.89
1186.3 141.09 1242.0 249.77
815.8 184.66 876.41 231.34
809.89 184.48 865.63 223.48
816.43 188.01 867.47 225.23
819.96 189.25 880.04 226.95
816.49 184.44 863.31 218.56
837.41 180.56 870.36 236.25
831.75 177.81 864.0 231.06
824.77 177.81 855.89 233.06
823.11 182.4 868.95 220.88
811.2 180.28 872.66 216.29
808.69 192.54 885.88 237.5
801.81 187.85 869.03 229.15
834.03 173.62 855.48 227.94
838.37 170.37 858.29 228.46
808.6 191.8 873.28 229.95
820.17 185.44 856.32 213.77
803.53 180.21 856.69 224.53
826.41 186.05 879.21 216.77
820.82 179.6 885.62 213.72
825.88 194.31 880.25 221.9
832.76 190.08 876.8 228.25
824.71 181.59 877.34 222.27
826.42 184.08 865.91 214.11
821.71 186.59 891.16 227.52
825.11 197.77 879.01 232.27
806.37 192.06 860.51 221.19
832.36 170.53 862.17 247.43
823.25 182.79 894.42 218.93
815.02 198.61 894.11 240.26
835.89 196.0 885.56 219.72
830.79 188.91 889.5 234.78
809.22 198.64 862.18 229.2
1214.9 177.97 1242.0 271.56
1219.9 185.47 1242.0 241.31
1208.4 197.54 1242.0 248.75
1206.7 189.56 1242.0 238.46
1197.5 197.84 1237.0 252.71
1196.2 189.38 1238.4 242.67
1196.8 180.65 1240.0 233.06
1202.8 201.22 1242.0 236.24
1216.9 195.62 1231.8 258.46
1220.9 197.01 1235.4 258.89
1187.4 180.72 1233.8 232.16
1182.3 200.06 1242.0 234.9
1220.5 189.29 1235.2 246.62
1220.5 172.35 1238.0 235.48
1216.8 171.98 1234.2 235.81
694.0 155.3 739.96 174.18
697.8 158.78 743.69 177.43
694.58 151.22 740.3 170.48
698.42 155.37 732.71 176.11
697.98 163.06 744.45 181.27
783.48 159.25 821.58 177.5
982.53 202.99 1242.0 362.25
958.39 196.58 1190.1 375.0
879.47 67.141 1242.0 375.0
1207.2 193.37 1241.9 310.85
792.74 128.28 1242.0 375.0
1020.1 221.91 1235.5 358.74
980.28 171.0 1242.0 335.29
1155.2 177.6 1229.5 357.8
1087.6 207.32 1236.3 361.14
1214.1 193.3 1242.0 292.78
1131.5 180.39 1226.2 375.0
1048.3 202.99 1234.5 342.32
1176.0 180.43 1242.0 363.39
898.74 246.93 1242.0 375.0
1163.4 174.47 1223.7 331.06
