711.31 185.32 744.18 199.14
645.25 185.77 669.45 194.63
630.1 174.84 648.69 192.54
821.97 158.86 970.2 243.92
808.68 180.82 840.92 204.68
731.3 167.15 740.92 179.61
588.39 153.35 603.71 193.32
969.88 141.28 999.96 220.59
0.0 205.7 43.55 213.28
966.19 146.5 980.32 200.06
816.56 156.78 977.08 240.6
816.88 175.32 969.94 251.27
952.77 154.47 981.79 225.68
960.08 156.98 987.16 227.84
965.28 155.34 991.34 231.17
950.76 140.28 981.1 216.42
0.0 188.27 33.848 230.7
701.31 174.93 743.6 200.76
700.39 172.98 740.61 195.0
697.29 174.48 734.19 199.51
709.22 173.51 741.38 197.18
698.51 175.38 725.47 197.7
691.84 172.53 750.17 202.32
699.49 169.46 736.1 188.13
699.08 180.22 742.13 202.42
718.9 171.55 736.7 201.28
714.62 170.37 733.89 202.88
705.42 172.95 736.12 192.39
722.86 173.5 738.78 203.35
710.24 169.38 730.36 203.55
723.38 168.6 739.81 198.82
707.04 168.32 726.1 203.61
692.35 172.85 727.85 191.45
714.59 176.37 737.66 198.61
706.99 169.69 741.97 186.76
691.45 178.92 728.18 198.67
711.04 177.07 744.55 194.95
717.89 174.29 742.32 194.16
694.47 182.5 736.29 202.71
710.48 177.98 740.16 202.32
715.48 173.54 747.69 191.72
727.29 166.14 740.88 199.55
705.84 183.34 744.92 203.0
724.19 170.65 738.77 210.98
724.61 171.71 748.11 191.94
726.27 172.27 737.81 204.23
718.83 168.63 744.72 189.34
703.14 169.2 755.83 206.97
716.38 168.7 750.88 186.3
723.12 175.96 746.06 195.62
721.61 172.22 754.56 190.0
725.71 166.56 750.73 188.82
700.82 167.83 728.83 185.87
721.86 167.63 757.42 185.58
701.1 187.34 737.63 205.99
719.16 176.96 752.61 193.36
730.51 172.06 741.38 203.83
797.95 175.44 855.23 202.05
796.3 172.72 844.26 204.26
795.49 170.39 860.64 196.65
799.4 180.01 843.26 205.4
803.13 176.55 838.55 203.91
804.52 169.31 856.96 203.06
798.98 167.22 859.15 192.45
795.74 175.01 847.63 196.21
819.49 166.03 837.18 207.58
815.89 166.92 834.06 206.08
812.11 166.06 830.71 202.41
800.98 174.33 837.3 196.32
810.47 168.18 830.11 210.82
807.66 164.32 826.17 200.59
814.7 169.87 832.84 213.2
807.32 171.71 850.5 198.66
793.89 179.31 835.65 199.07
791.31 176.79 833.75 195.62
807.05 168.1 825.29 211.21
797.46 177.51 825.88 197.75
801.72 187.23 838.99 207.87
821.3 162.69 841.2 217.9
793.76 171.28 844.31 191.93
793.7 166.84 846.42 188.68
802.16 183.14 833.98 204.53
815.52 175.87 852.59 208.66
637.66 176.5 668.68 201.43
634.0 174.95 658.65 198.32
628.94 173.86 651.33 195.65
625.48 176.62 657.16 197.25
632.35 178.77 662.58 198.52
638.88 182.79 669.91 201.52
645.51 180.57 669.12 201.45
638.94 171.48 655.11 202.23
650.95 174.47 665.81 202.5
646.4 175.16 663.03 203.2
628.22 173.51 659.44 195.29
642.6 171.22 659.36 201.55
639.14 173.89 650.85 199.49
633.21 182.98 664.14 200.99
633.64 172.72 667.89 193.35
648.79 177.66 663.56 207.88
644.82 174.79 660.5 206.54
641.14 173.24 656.47 205.87
653.12 176.82 666.15 207.65
639.06 173.61 652.18 206.31
639.94 174.22 665.9 196.42
655.21 176.23 667.4 202.71
644.86 185.28 668.17 203.43
647.36 176.57 668.45 198.92
647.86 167.41 662.48 201.37
638.85 188.51 668.28 205.31
644.24 187.44 673.36 202.78
651.87 168.8 665.16 200.24
644.71 178.25 673.73 196.19
640.57 173.67 672.75 191.85
645.46 177.28 658.94 212.85
641.25 177.52 654.58 214.29
654.48 167.64 667.29 199.67
658.07 172.69 670.75 204.13
647.53 186.7 670.51 205.31
652.58 176.45 673.12 197.17
629.58 171.59 654.85 193.41
633.67 184.57 658.74 202.99
629.69 170.07 662.87 189.11
634.34 168.76 670.17 187.87
645.14 192.49 676.43 207.02
633.16 188.91 663.96 205.05
649.32 178.33 679.72 194.44
648.79 181.7 677.67 197.42
639.33 170.14 664.9 191.5
652.6 180.91 671.87 200.51
652.55 172.03 674.55 193.02
625.78 172.64 645.84 193.41
622.46 174.65 649.47 193.58
624.93 176.12 643.68 194.47
622.11 173.61 640.94 193.76
633.68 173.67 645.66 200.12
636.24 172.7 649.44 200.16
631.09 173.26 642.05 197.35
615.76 174.91 632.76 193.74
627.2 172.64 637.9 195.91
618.06 177.3 646.35 194.34
623.92 173.2 634.23 197.61
616.56 173.11 644.2 191.72
612.19 175.77 637.79 193.29
619.36 173.85 628.81 197.69
612.58 178.96 639.07 195.39
621.99 179.48 648.89 197.16
628.0 172.96 637.15 202.89
623.19 173.58 632.85 205.68
617.66 180.46 644.51 196.9
612.09 181.83 638.32 198.0
635.24 172.64 646.92 207.65
621.37 170.61 652.91 189.27
629.9 166.86 641.12 196.12
632.74 167.36 644.44 198.23
611.74 170.79 631.62 187.88
616.84 171.52 637.54 189.91
635.74 164.93 648.43 198.64
626.91 180.67 647.88 198.15
621.48 168.2 632.18 194.81
639.64 163.92 653.31 201.1
613.89 170.21 644.99 187.11
613.34 168.34 664.2 203.09
631.59 175.18 641.76 210.52
610.67 185.22 633.46 202.05
643.95 163.75 657.38 200.09
623.62 185.53 654.41 201.27
622.46 182.48 644.29 199.63
605.02 172.73 614.41 197.19
603.6 169.32 613.65 195.15
607.46 171.24 617.82 197.24
599.98 169.37 609.77 199.72
597.24 172.92 615.37 191.3
719.88 163.52 737.33 196.1
715.58 163.13 733.02 196.83
717.55 160.78 730.96 193.52
725.41 163.16 738.75 198.14
713.2 160.07 725.45 192.88
887.07 162.32 981.58 220.8
792.94 167.33 873.64 205.19
870.4 165.06 972.11 229.51
804.4 164.25 885.39 207.31
877.94 158.68 974.16 210.01
910.65 161.07 987.47 222.93
816.23 164.51 904.89 217.95
810.3 151.35 937.28 242.56
848.37 152.65 981.76 251.65
856.84 161.58 964.14 221.04
920.19 174.58 1004.4 219.51
921.33 169.28 990.68 225.31
898.34 160.77 988.54 207.06
876.36 150.42 986.89 235.97
808.6 171.04 898.19 224.54
607.64 178.16 623.05 195.5
798.42 164.74 862.77 209.93
849.05 172.19 968.09 234.11
790.07 158.72 919.59 231.48
894.17 174.19 976.34 231.48
824.43 159.28 913.51 225.07
605.64 177.59 620.17 195.65
808.7 166.98 876.95 221.98
891.34 152.45 981.41 200.03
819.6 168.35 927.03 229.65
916.88 174.07 982.7 231.72
