645.85 174.1 798.71 291.98
556.89 187.92 568.56 214.41
664.38 183.72 682.91 214.95
655.3 175.61 682.35 214.82
661.96 166.78 681.95 214.78
648.97 180.55 786.58 290.02
653.66 191.47 667.06 227.62
661.27 194.38 671.36 228.4
644.84 178.84 699.29 229.06
653.33 185.25 666.51 222.8
668.49 185.94 681.86 230.59
657.63 186.08 669.79 223.91
665.52 187.22 676.46 226.09
646.17 189.54 670.39 211.23
645.45 193.0 669.68 215.81
642.95 191.83 678.98 210.21
662.01 185.59 672.76 223.34
649.98 193.8 673.11 215.19
650.06 184.16 662.12 219.33
647.36 203.14 669.08 221.87
654.02 198.27 666.09 230.35
658.24 196.65 668.94 229.01
645.74 198.18 669.01 219.85
650.68 199.35 672.52 220.21
649.19 200.55 682.52 218.64
656.95 202.69 677.74 223.62
663.29 199.81 701.63 229.59
564.36 205.29 583.39 219.75
558.26 207.66 585.87 222.47
560.23 206.41 580.77 222.02
559.55 205.86 585.96 219.37
559.65 202.73 585.02 216.59
567.14 204.13 577.87 232.06
567.39 202.36 577.2 226.61
561.46 204.31 581.41 218.9
563.15 204.14 573.19 233.03
569.81 204.81 579.76 232.45
563.13 200.78 572.37 226.65
566.37 204.93 585.98 218.22
555.46 206.95 575.75 222.18
570.82 202.79 580.12 226.03
557.32 204.17 577.22 219.35
553.25 205.51 583.17 219.58
572.83 205.61 581.81 234.0
558.0 199.14 586.73 213.17
573.72 203.26 581.9 229.14
558.93 200.59 567.74 232.19
657.8 201.62 785.36 303.76
650.12 183.24 798.43 264.57
636.46 215.72 791.0 298.78
689.39 172.16 762.49 290.14
