774.57 179.45 792.76 220.67
88.18 180.32 211.8 231.45
680.47 177.83 691.18 195.87
677.07 179.42 680.19 193.52
730.03 174.63 736.14 192.39
722.98 166.37 740.35 193.2
721.26 181.04 747.98 204.19
710.26 149.09 725.66 207.08
703.33 152.98 713.87 170.35
723.55 150.0 762.55 195.78
719.49 170.0 744.0 189.76
714.07 168.8 725.49 200.19
717.76 168.9 728.95 199.23
720.48 165.79 731.64 196.22
723.64 168.36 734.62 199.86
716.98 159.47 728.57 194.38
702.1 168.89 734.28 187.27
713.16 160.91 724.8 196.4
709.83 160.52 721.44 194.68
699.78 151.72 721.16 216.91
706.23 154.59 729.2 220.27
716.5 152.26 729.43 189.83
778.52 174.89 797.41 223.83
774.96 173.99 793.67 224.44
782.25 174.22 798.99 220.87
770.24 176.3 785.67 220.4
773.94 176.03 790.42 220.43
785.25 175.15 802.42 222.02
766.97 177.42 781.35 221.01
773.7 175.71 797.76 217.03
762.89 176.98 777.59 220.19
766.34 177.62 789.58 217.42
776.67 182.72 798.88 227.18
770.71 163.48 797.22 227.34
761.73 180.83 783.45 215.63
768.63 178.56 785.82 230.72
780.28 178.13 801.13 215.76
781.26 182.09 802.73 224.44
769.47 178.72 782.33 216.11
764.54 180.86 806.21 212.71
772.42 184.57 794.99 226.09
790.86 177.59 804.12 215.61
764.4 171.74 803.93 223.65
773.87 171.39 798.85 234.93
765.94 185.89 807.91 217.66
769.72 181.15 810.02 207.63
766.3 186.71 789.25 223.75
759.62 180.23 800.38 208.35
787.3 176.29 800.84 216.8
759.33 185.27 800.93 213.52
765.7 177.07 778.48 214.13
755.72 184.37 793.3 210.49
777.47 191.57 800.8 230.99
781.13 173.5 794.24 213.5
756.95 181.5 779.1 208.01
773.29 179.83 795.02 209.41
769.31 192.26 808.99 219.03
777.91 174.35 790.61 211.45
766.22 182.74 780.86 231.57
766.89 180.31 788.46 206.67
766.14 196.66 809.23 222.21
763.22 180.96 776.07 226.88
762.38 173.68 775.23 211.47
784.13 171.96 797.84 212.25
772.24 179.77 789.01 235.35
761.23 189.02 783.46 219.55
759.25 180.57 782.5 204.49
757.99 191.1 795.03 214.58
773.82 173.45 785.95 208.28
775.84 195.14 812.5 218.82
758.39 195.12 802.07 218.56
782.24 180.18 805.49 205.68
792.36 180.41 805.29 224.1
777.77 177.96 802.9 202.98
758.33 166.52 803.07 217.23
769.99 173.79 781.62 207.75
783.82 182.7 805.84 214.85
788.64 171.42 801.35 211.15
765.93 170.85 777.95 206.46
770.06 177.63 792.95 200.88
777.99 181.16 793.95 236.0
785.39 180.59 800.54 235.64
786.27 179.34 809.45 200.91
782.18 167.18 793.13 204.17
784.8 165.57 796.62 205.13
772.67 193.75 798.13 228.9
71.08 179.42 203.04 244.5
89.864 185.82 217.99 238.56
80.353 183.6 198.79 229.82
106.1 181.21 207.78 245.42
73.252 165.44 221.94 236.27
94.247 174.83 229.49 246.31
674.73 171.01 686.2 201.42
676.94 172.78 688.81 202.32
672.13 171.95 682.48 202.01
680.95 169.97 692.4 199.02
676.23 174.42 693.34 195.99
686.16 172.16 696.53 200.09
698.62 176.55 708.75 208.08
673.47 172.6 690.12 197.77
693.45 174.78 704.4 204.65
689.96 172.82 700.89 202.15
668.35 174.28 677.47 200.43
671.44 171.94 685.87 194.48
697.6 174.37 707.81 204.18
694.13 173.28 705.86 209.35
681.44 173.94 698.36 195.26
686.77 176.07 704.73 196.86
694.02 176.55 710.76 198.73
670.8 171.73 680.59 199.3
689.88 174.36 705.94 195.39
671.09 175.41 698.68 194.0
679.26 171.05 690.54 204.8
667.65 173.22 681.9 192.37
689.8 169.79 699.64 196.96
689.45 177.32 710.21 200.47
686.39 178.02 706.77 200.14
693.12 170.23 703.02 197.47
670.03 179.06 698.29 197.6
677.74 168.76 689.58 199.06
667.18 172.45 676.32 197.37
681.07 177.08 700.9 198.96
671.15 172.22 699.47 190.89
675.69 176.09 706.05 193.84
665.74 175.65 692.65 193.68
663.66 172.24 672.99 200.21
685.43 173.48 701.92 194.13
676.4 179.53 706.05 196.68
694.26 174.19 710.94 193.22
682.06 176.91 710.85 194.3
672.76 170.9 684.55 211.23
676.13 172.06 688.14 211.71
676.73 171.28 696.96 192.63
670.39 175.56 686.75 198.94
667.56 173.58 677.0 209.43
661.98 175.93 687.63 191.67
662.8 170.11 672.49 196.12
689.14 173.31 701.47 214.57
672.97 171.75 691.74 191.65
677.24 182.41 708.53 199.78
667.64 181.45 696.27 199.74
671.6 169.38 701.97 188.02
679.1 174.5 709.47 191.02
672.25 182.26 701.73 199.5
664.0 179.23 690.4 194.89
684.61 172.58 696.07 211.88
697.36 169.77 707.21 197.91
660.58 173.67 687.73 188.91
670.03 172.47 681.25 212.76
668.48 171.11 685.92 190.36
681.81 163.62 693.92 196.73
677.49 163.26 688.82 195.42
662.64 170.7 681.39 188.15
673.24 162.66 684.39 195.25
672.07 179.98 693.74 202.92
680.12 170.74 708.38 187.2
665.06 178.27 683.03 198.67
664.07 170.94 694.0 187.22
676.99 166.31 699.83 187.02
685.18 164.49 696.83 196.19
674.81 181.56 697.32 203.76
680.13 181.09 703.21 204.21
673.89 165.26 707.24 182.87
696.65 172.11 716.42 190.25
686.73 170.75 714.21 186.56
692.98 170.48 722.66 187.27
710.03 177.17 722.16 206.9
712.86 175.98 724.57 205.36
716.84 176.15 728.07 204.73
719.91 176.83 730.85 203.85
714.03 179.03 730.76 202.23
719.43 170.88 730.69 200.18
710.27 176.41 728.13 201.04
718.0 179.87 735.64 201.88
710.14 169.84 721.76 200.96
715.67 175.67 733.86 198.52
720.42 181.76 740.84 201.3
724.05 176.03 734.55 204.25
713.66 184.12 739.48 201.64
716.52 173.14 735.67 194.61
710.4 177.01 740.98 194.4
719.04 175.6 739.99 197.37
717.23 181.75 747.11 198.19
713.38 171.31 733.4 192.02
715.03 177.39 747.38 193.6
710.36 173.85 742.06 190.37
719.54 173.05 741.69 193.6
717.14 170.77 738.23 191.3
715.46 186.95 743.73 204.0
720.16 184.68 752.68 201.75
722.17 182.51 746.68 200.97
729.7 174.3 740.09 206.0
720.5 181.17 755.05 197.99
719.1 177.08 755.81 193.34
722.82 176.46 747.47 195.77
707.42 180.83 737.23 198.86
705.95 176.85 736.09 196.08
704.62 173.97 737.34 192.33
708.48 170.62 729.08 191.63
708.61 186.16 739.67 204.49
706.4 170.66 739.56 187.85
709.77 169.34 742.48 185.86
740.09 177.03 763.86 194.98
720.29 178.76 732.24 214.32
705.66 178.43 722.94 203.28
708.6 178.52 725.68 204.17
704.34 176.68 721.41 199.17
707.27 174.07 724.89 196.3
703.31 174.33 721.02 194.49
703.56 178.72 724.97 208.09
715.73 176.28 727.36 212.54
705.22 182.91 727.78 209.47
659.61 173.07 675.52 190.67
658.59 172.55 667.95 201.47
658.48 176.43 675.75 194.82
657.09 170.05 676.5 187.48
659.4 170.38 688.2 185.81
66.22 184.74 203.83 242.26
86.26 174.07 201.72 257.94
60.833 169.24 182.0 255.63
707.49 176.95 719.09 205.79
