341.79 158.08 381.56 271.2
378.9 167.18 416.25 271.71
540.71 178.89 561.06 214.37
532.12 173.41 537.59 203.77
691.98 170.64 718.0 251.94
794.08 208.51 800.72 231.12
489.13 150.07 511.78 200.12
506.54 173.54 523.57 214.22
475.09 174.16 502.28 223.52
467.02 174.88 477.51 207.06
477.99 157.83 484.26 203.39
469.84 148.29 487.96 201.63
472.46 157.3 480.04 197.72
696.29 190.18 704.64 203.23
521.61 183.21 524.54 187.69
530.74 151.03 540.35 203.78
460.55 161.44 473.86 202.07
463.03 192.08 469.3 205.56
481.93 157.95 486.01 190.43
634.67 194.13 638.21 216.06
648.51 196.59 650.41 227.06
484.68 158.66 489.72 185.7
613.31 175.1 634.39 200.58
603.14 188.36 609.53 197.16
622.82 191.72 625.11 209.2
611.06 190.13 614.42 207.17
695.61 149.9 706.0 203.34
714.19 153.47 723.15 202.18
340.07 171.33 383.61 280.87
334.39 169.81 376.61 272.2
354.08 163.11 394.87 266.49
343.43 167.04 393.37 290.33
344.18 163.86 386.94 258.28
329.8 173.9 387.42 269.41
333.38 167.61 364.57 266.95
331.61 169.68 398.18 252.82
334.17 164.89 370.86 252.36
342.67 171.52 372.46 264.31
349.02 168.27 381.0 267.85
339.79 175.94 366.9 262.53
344.92 159.32 368.43 256.83
358.73 170.8 386.23 268.02
348.88 159.74 374.13 260.08
693.55 177.18 723.58 250.34
692.44 177.55 724.68 254.85
698.5 171.64 725.3 242.78
697.42 175.25 719.81 234.99
700.23 178.89 726.8 254.56
692.41 186.62 718.7 256.12
685.39 182.6 729.99 251.28
696.61 189.9 722.83 253.81
684.36 171.2 731.78 240.74
698.45 168.12 729.47 245.14
691.8 184.07 726.82 237.15
693.93 179.74 713.25 240.78
687.65 166.91 717.51 252.28
708.58 176.67 726.59 237.51
687.33 189.0 722.87 243.23
697.75 176.12 729.08 264.17
685.55 174.68 713.55 266.1
703.95 166.64 734.5 254.32
504.31 169.04 520.02 211.07
500.52 164.75 517.99 215.29
495.37 163.29 513.28 215.51
485.6 164.06 504.99 219.35
490.39 164.37 509.05 217.34
505.29 166.29 518.41 205.55
483.75 165.92 499.55 211.31
504.42 170.07 524.63 202.98
488.54 162.03 504.15 208.62
508.91 162.92 522.1 202.65
500.49 161.53 514.9 206.08
485.52 168.64 513.75 203.14
496.18 160.32 511.38 207.04
484.87 162.46 498.23 204.14
493.0 161.47 507.66 207.82
497.15 168.71 519.69 198.53
491.12 169.26 515.56 198.59
481.07 164.63 493.02 202.21
477.56 168.12 496.77 223.75
481.78 166.87 500.97 220.38
475.18 170.21 493.2 224.29
472.29 172.26 489.85 224.31
479.43 172.37 495.81 216.53
477.93 177.13 495.74 231.46
493.77 160.41 515.02 224.71
480.85 171.25 499.06 228.86
473.38 174.03 487.4 217.75
475.02 161.31 499.71 236.33
482.26 159.8 506.09 234.1
476.75 173.44 490.76 214.3
491.41 170.35 516.57 207.83
469.35 173.63 483.81 220.82
489.02 156.25 512.33 232.66
482.28 173.21 508.29 207.65
477.87 174.43 502.66 213.58
469.62 163.68 492.75 240.23
476.89 168.51 489.72 207.52
489.9 173.62 516.1 217.09
484.99 168.57 502.92 231.08
476.92 185.96 492.71 233.35
470.29 169.4 511.18 226.24
541.58 175.25 556.42 218.87
538.29 175.56 552.89 218.0
544.77 174.71 558.67 217.62
535.72 177.87 549.39 217.34
530.81 176.96 544.19 216.46
539.41 178.66 558.13 213.58
546.86 178.43 559.29 213.14
535.86 178.28 555.26 213.91
541.08 181.51 555.26 213.63
537.42 180.0 551.37 212.63
537.74 181.72 556.92 220.05
534.54 180.72 547.17 212.2
529.5 179.22 548.25 212.81
536.83 179.98 556.49 206.74
533.9 181.56 553.61 217.26
542.66 182.04 559.8 207.11
532.41 183.0 564.53 206.2
534.12 176.37 548.63 227.86
549.35 176.5 560.54 214.13
531.78 180.77 562.99 201.11
528.49 164.82 552.72 232.68
527.96 185.8 565.44 211.61
533.65 180.01 552.28 205.53
544.99 178.42 558.08 228.1
524.49 164.28 546.16 230.34
541.43 176.51 553.7 209.58
522.82 182.17 542.31 213.49
541.83 184.54 560.14 217.0
538.17 176.87 550.03 208.67
524.1 177.73 542.71 202.68
533.71 187.31 555.22 221.35
522.52 185.98 555.93 209.58
528.43 179.18 546.81 203.61
531.71 191.68 568.29 212.32
544.57 176.59 557.06 209.61
534.17 174.54 545.57 206.77
545.16 182.13 561.8 203.46
530.07 171.77 541.27 205.34
550.01 179.5 561.32 224.56
521.47 172.9 561.03 220.48
556.17 177.66 567.32 214.51
528.0 195.6 569.73 217.29
507.85 171.53 521.58 210.65
511.91 171.99 524.47 208.95
516.35 173.81 528.78 209.05
526.21 176.02 539.35 214.43
521.55 174.84 533.89 211.74
509.71 171.51 525.52 215.7
506.84 174.15 525.11 208.71
509.62 175.63 527.27 206.0
521.86 173.35 536.09 218.7
515.17 172.46 530.09 217.03
513.82 177.4 531.79 204.71
508.57 171.02 527.95 201.33
518.76 178.72 536.84 204.89
522.71 179.42 540.4 205.47
513.16 168.19 525.32 203.88
502.49 174.45 523.05 216.05
499.07 172.01 521.45 211.93
513.87 173.55 533.11 198.41
517.14 167.29 528.79 202.78
499.78 177.01 533.76 199.71
502.08 174.08 535.91 196.12
499.94 180.14 532.62 204.7
525.87 171.29 538.2 206.83
505.4 180.1 525.57 217.51
508.73 182.29 527.95 214.36
510.42 182.73 539.12 203.93
517.96 182.35 538.35 212.55
490.18 173.24 532.89 197.09
515.74 164.31 537.64 233.44
502.3 185.6 532.55 207.2
512.15 182.2 532.12 213.42
518.29 174.08 538.15 197.86
503.95 154.93 525.39 224.45
510.09 179.29 539.89 199.21
509.8 175.92 541.12 195.43
491.28 179.2 531.18 206.15
495.54 182.83 532.93 209.87
704.23 169.48 719.21 210.27
610.5 182.97 621.04 212.1
607.66 184.64 617.11 211.87
629.96 181.33 641.72 219.22
701.69 170.94 715.35 210.5
448.8 180.18 461.82 215.14
444.61 177.98 458.56 215.43
695.02 176.51 723.73 218.14
699.05 179.05 716.69 223.15
702.83 176.77 720.42 222.37
693.25 177.6 708.92 221.38
696.82 178.97 711.7 219.78
697.9 175.86 723.29 207.57
518.49 183.59 550.06 204.25
518.04 186.67 549.1 208.95
637.85 177.0 650.85 219.0
633.9 178.46 646.39 218.72
639.8 176.26 652.19 214.82
640.15 180.19 651.41 222.06
789.51 194.11 804.61 239.02
786.48 194.23 801.36 238.78
796.14 196.55 809.32 238.1
784.69 193.55 798.04 237.14
800.72 194.66 813.47 237.97
795.66 191.77 808.45 231.6
784.41 197.81 804.21 237.95
788.14 195.71 806.71 232.55
803.72 194.42 816.02 240.08
782.98 190.7 794.94 231.97
794.29 198.86 810.95 234.11
780.81 192.23 793.5 239.71
788.55 189.0 801.75 230.2
797.24 199.07 813.52 231.09
782.28 200.01 801.42 235.26
779.16 202.92 817.01 228.8
777.65 206.28 813.59 231.62
795.1 194.03 809.76 249.04
799.82 188.92 813.33 229.83
786.86 202.68 805.95 239.94
777.71 200.42 814.37 224.65
785.17 195.47 804.42 227.14
794.6 194.57 812.69 226.19
503.89 171.99 536.88 191.83
371.62 177.36 413.42 290.18
378.24 184.93 415.92 282.43
373.74 169.39 411.57 268.44
365.8 167.27 404.34 266.77
380.84 170.25 416.13 260.17
365.16 177.01 421.72 257.19
386.07 181.51 419.03 268.43
380.34 174.08 403.81 256.7
388.65 171.33 421.2 255.68
384.15 171.82 407.9 254.19
376.53 176.29 400.66 261.96
387.22 174.12 412.71 256.22
381.85 179.96 409.72 263.66
370.73 183.19 397.69 270.91
374.02 169.09 396.72 260.8
389.41 181.61 416.32 264.68
397.29 184.47 423.06 264.65
364.79 175.87 406.08 293.72
355.38 172.61 397.03 293.34
343.94 172.8 390.09 296.91
0.0 129.95 81.05 336.94
0.0 131.13 58.916 322.95
350.14 165.6 407.83 303.08
0.0 127.86 103.97 361.72
0.0 179.4 58.265 359.24
0.0 172.74 83.96 375.0
335.96 169.33 383.88 294.96
361.57 188.55 419.9 286.53
328.27 174.95 415.35 292.08
701.51 175.56 722.5 230.49
12.94 111.71 115.33 334.9
0.0 142.39 272.21 366.97
0.0 209.54 51.056 375.0
0.0 248.72 29.648 375.0
0.0 122.09 41.813 322.59
695.54 175.65 713.95 226.65
355.28 176.17 413.66 270.54
0.0 145.65 39.05 290.19
4.4771 149.54 47.501 286.11
370.19 189.71 422.92 273.11
0.0 171.32 41.726 365.55
706.45 173.9 724.63 229.07
27.089 106.9 131.76 346.69
1214.3 192.09 1242.0 298.86
39.757 130.92 305.05 337.21
0.0 150.34 321.71 309.46
1207.4 185.54 1242.0 313.01
343.15 178.98 407.7 277.64
378.07 204.27 405.29 276.74
0.0 118.2 191.96 360.83
327.37 193.25 429.68 284.59
0.0 263.67 21.62 375.0
