0.0 183.7 112.44 225.89
259.25 186.85 305.05 201.55
127.12 191.07 184.97 212.18
209.62 195.79 238.27 206.41
337.05 178.51 361.96 198.16
364.21 188.48 371.51 193.84
368.6 193.93 404.12 200.85
395.3 191.7 412.85 195.68
447.81 187.7 473.02 193.94
280.85 197.24 309.15 208.15
125.36 214.08 158.07 221.05
204.85 164.48 232.96 183.83
413.65 191.29 458.96 197.77
0.0 142.85 92.63 219.15
1209.77 183.91 1242.0 190.35
0.0 156.12 77.138 237.94
0.0 138.82 79.467 222.38
0.0 186.85 105.25 230.55
0.0 180.18 109.73 240.11
13.903 189.23 108.09 222.88
4.7235 195.85 103.18 235.16
19.763 192.75 93.976 222.35
17.879 191.2 94.742 238.17
17.288 181.27 108.17 214.78
248.81 182.99 305.14 207.69
259.12 181.23 301.94 208.86
245.72 180.97 290.53 208.54
244.48 183.0 306.45 212.37
259.16 182.72 317.29 205.9
241.03 185.77 296.65 209.3
268.82 180.67 308.86 207.5
245.53 180.89 301.37 203.49
241.43 178.87 294.67 214.37
278.69 180.12 314.2 205.76
247.71 180.49 316.52 208.48
253.24 183.19 294.55 206.76
253.69 179.1 310.1 214.59
256.93 186.41 304.03 211.57
270.25 176.78 289.72 214.9
275.25 178.19 294.15 215.98
266.75 175.81 285.35 215.11
243.95 189.61 292.19 211.87
259.7 180.53 308.58 201.3
264.6 175.87 322.95 212.49
266.9 183.78 301.85 205.76
278.02 185.9 324.73 207.1
248.32 172.27 323.25 204.55
245.49 185.17 318.01 221.07
430.34 173.38 460.9 189.36
414.63 176.12 439.15 191.28
429.69 173.76 453.74 190.5
425.32 175.61 456.96 191.09
419.21 174.69 443.11 190.62
348.53 179.22 376.9 198.99
329.86 178.9 363.6 200.19
320.53 180.47 365.21 200.8
341.7 180.58 379.38 200.67
341.4 178.73 372.83 198.94
342.55 178.1 377.39 194.83
322.39 178.69 355.99 200.2
347.67 181.52 375.2 202.58
328.45 183.16 369.91 203.58
341.44 183.83 376.73 203.77
319.06 177.22 364.37 196.97
327.38 177.28 371.79 196.28
319.42 180.86 350.0 199.94
345.52 178.26 358.96 210.51
345.15 174.69 378.27 189.52
349.76 178.99 374.95 193.91
341.23 175.17 354.77 206.36
337.23 173.91 350.87 205.57
344.38 175.37 357.25 204.81
356.54 175.62 370.21 205.31
349.19 178.72 362.03 209.81
352.67 178.52 366.35 210.29
333.37 172.88 347.18 205.68
320.13 178.35 348.49 196.81
335.37 183.7 364.98 203.38
351.87 174.09 366.09 202.02
347.59 174.39 360.0 202.55
329.8 172.61 343.1 205.64
326.2 187.82 364.32 206.49
356.4 171.89 370.61 199.33
327.61 183.82 359.03 203.79
337.0 188.33 370.76 205.59
318.42 188.89 359.11 207.02
322.2 176.37 375.59 211.14
376.7 178.01 401.06 193.96
371.07 178.35 402.96 195.38
373.07 176.43 404.57 192.61
351.73 180.33 386.03 196.37
371.34 177.68 395.26 194.38
371.86 174.78 400.23 189.63
380.77 178.5 405.62 194.4
365.28 179.43 387.42 195.69
375.63 179.78 410.58 195.38
352.46 177.84 385.14 193.27
367.5 180.83 401.93 198.44
374.09 179.35 397.05 193.27
360.81 180.37 394.64 196.54
351.53 185.52 386.32 203.59
384.69 177.95 409.57 194.71
379.64 177.06 414.96 192.71
376.29 174.99 406.88 189.31
381.83 174.06 393.15 198.09
118.74 186.56 200.54 219.02
129.8 182.06 196.89 221.35
115.08 191.67 183.41 219.56
136.3 187.55 197.39 217.91
118.59 184.79 183.6 227.6
122.76 188.93 174.75 222.42
109.48 190.63 186.97 220.51
114.6 196.38 175.88 221.98
119.49 187.84 180.28 216.05
129.6 188.02 185.21 222.76
144.25 186.84 203.13 212.81
111.6 195.28 165.91 219.48
130.32 185.94 190.71 213.52
110.5 181.03 195.93 215.12
140.21 194.53 197.56 222.1
130.23 182.42 187.63 208.7
142.44 183.26 194.05 206.71
138.04 183.66 183.71 216.45
119.48 185.86 174.74 210.02
127.14 183.93 172.6 216.43
119.13 200.52 171.43 222.79
110.63 187.78 170.79 225.6
109.24 178.58 172.91 222.17
112.8 171.44 197.57 206.57
136.14 175.6 194.79 217.11
441.27 172.41 462.34 191.19
436.19 172.13 463.9 188.77
448.94 172.22 466.85 190.76
450.01 169.19 461.37 197.59
446.34 168.52 458.28 196.37
453.52 168.77 464.34 198.18
435.22 173.95 457.88 191.06
439.42 173.77 467.38 189.88
442.73 169.98 454.62 197.12
454.19 171.04 470.21 189.34
456.99 169.25 466.87 195.67
439.75 170.42 467.06 185.73
442.02 172.23 469.82 188.32
461.01 171.68 476.58 189.18
437.51 176.61 465.69 193.31
461.65 170.64 471.34 196.35
464.44 171.83 481.03 188.8
465.89 170.32 475.67 196.68
287.6 180.67 322.71 203.93
281.41 180.9 327.22 200.28
194.55 183.83 251.79 211.39
209.27 181.72 252.04 211.31
193.38 178.99 253.56 219.4
201.02 180.06 244.99 210.95
196.11 182.76 237.56 212.59
208.44 185.07 258.2 207.46
201.7 187.17 257.33 213.54
212.41 185.54 253.7 215.7
217.45 183.17 251.81 206.37
196.65 178.63 245.58 204.32
201.64 180.47 252.72 202.64
191.27 181.14 239.65 206.9
227.05 179.7 245.95 220.17
210.72 181.14 254.35 200.34
221.18 185.5 256.23 211.08
223.11 177.53 242.36 218.15
227.83 175.97 244.24 213.85
195.73 189.02 239.13 217.37
199.53 181.28 231.61 206.05
198.78 174.98 243.72 196.15
107.8 199.18 160.0 221.58
112.83 194.1 158.66 215.38
406.52 176.91 432.11 192.5
397.32 174.23 431.77 189.99
400.5 177.3 426.43 193.73
395.32 177.08 420.61 193.65
357.19 180.45 381.7 197.04
355.74 181.63 382.97 201.26
360.78 176.63 373.04 204.75
365.05 177.33 376.21 205.44
377.41 173.23 388.53 204.45
361.29 172.97 373.42 199.19
1207.3 166.19 1242.0 203.93
7.8481 182.45 91.236 235.95
286.24 181.67 337.07 203.65
3.0273 187.15 88.821 223.32
187.77 182.85 258.61 214.36
291.7 179.62 329.9 204.1
298.58 179.41 337.81 203.62
189.17 189.17 248.78 214.37
3.5457 180.04 65.437 234.97
302.01 181.37 349.92 202.23
316.37 183.01 362.58 203.88
279.29 182.78 329.21 204.14
310.88 179.76 344.57 201.26
0.0 191.53 77.557 235.39
293.33 183.32 346.31 203.83
0.0 183.93 71.039 221.97
298.13 180.64 344.28 199.38
1.1057 161.68 32.086 253.53
0.0 164.1 24.764 258.79
0.0 178.67 45.937 234.43
136.25 185.77 205.05 217.42
0.0 176.21 86.622 253.78
0.0 182.42 23.931 274.16
305.97 182.82 337.66 201.88
248.73 182.51 283.84 205.03
0.96605 178.56 33.245 273.28
