672.49 178.9 738.93 222.55
801.56 152.66 1138.15 352.1
642.64 180.05 672.74 202.78
668.9 184.08 677.96 188.53
724.96 166.72 748.46 189.13
729.46 167.14 735.43 188.75
592.33 153.33 603.24 192.99
0.0 140.68 91.55 199.09
800.0 156.29 1156.9 364.67
675.67 174.29 736.28 224.4
669.7 175.92 729.81 216.17
682.92 174.62 727.78 215.39
674.56 176.1 719.95 215.44
675.65 179.01 730.54 218.27
690.99 174.0 732.99 211.44
674.34 172.85 738.91 209.2
691.61 177.16 741.26 203.91
689.83 169.38 721.59 224.77
660.63 169.94 721.2 207.76
685.31 179.86 739.23 209.92
667.09 183.43 740.71 226.77
685.48 174.86 739.33 216.81
669.25 180.9 724.13 222.72
688.53 159.87 718.93 237.52
675.39 184.69 734.45 225.18
672.81 162.97 728.54 210.81
682.04 165.36 735.8 211.97
690.28 185.0 742.83 211.66
686.78 171.61 752.78 206.07
689.25 161.41 744.81 207.33
0.0 121.82 72.513 204.51
637.11 176.28 672.44 204.56
645.23 175.41 674.74 203.21
631.33 179.0 668.67 204.0
635.5 176.13 662.01 202.9
639.72 178.07 678.91 202.82
639.75 181.94 669.56 203.71
651.76 178.12 676.14 203.35
632.34 177.13 654.82 199.65
629.29 175.04 666.92 198.75
627.2 178.48 661.99 199.91
634.45 172.99 669.8 194.52
658.24 177.0 681.8 201.6
640.61 175.35 668.79 198.0
631.66 169.92 678.36 206.83
656.39 176.02 670.04 204.41
645.03 180.8 683.11 203.82
638.06 175.1 652.97 204.02
659.73 174.5 672.92 204.94
652.54 175.33 668.1 208.3
638.67 174.14 658.16 206.29
635.69 174.5 657.41 196.43
650.28 179.15 687.5 201.94
647.38 176.29 665.28 208.91
649.66 181.07 673.43 202.3
642.31 173.82 662.51 206.66
651.24 170.21 668.38 203.83
639.53 172.76 676.52 193.21
646.06 167.77 665.39 203.15
630.07 172.73 663.87 192.73
640.54 164.43 655.44 197.35
645.68 176.0 681.36 197.49
638.67 168.6 687.06 211.24
644.17 163.66 660.41 197.74
649.63 175.82 672.66 195.57
654.57 181.77 689.83 204.51
658.29 174.29 680.23 196.45
647.96 164.27 664.3 198.9
623.39 179.24 655.66 197.54
643.88 185.4 678.42 205.59
632.43 185.07 665.05 205.29
653.79 173.96 675.65 193.62
632.76 169.01 669.11 188.6
660.89 161.28 682.99 217.44
625.16 181.65 657.85 200.57
653.52 175.35 688.7 195.62
660.55 168.85 673.25 199.25
650.38 163.8 672.59 220.52
654.57 181.41 678.27 203.94
648.25 172.78 681.64 191.18
644.65 185.45 668.89 203.31
658.79 171.21 680.39 191.06
634.99 163.18 656.83 214.79
636.89 189.85 668.16 208.71
661.55 181.87 684.6 205.11
625.24 173.64 673.01 210.04
643.89 173.79 671.34 192.85
639.6 169.18 677.37 187.69
626.91 169.31 662.16 187.69
651.32 186.73 685.58 206.28
645.51 175.48 660.11 217.15
649.44 177.43 663.72 217.11
655.11 172.14 687.49 190.43
657.65 187.98 691.06 207.97
653.97 177.93 666.74 215.56
653.34 166.43 666.74 201.68
642.05 191.53 672.85 208.59
654.42 170.49 678.88 189.46
641.15 174.66 655.53 217.37
657.34 167.73 670.74 200.78
661.66 164.77 674.26 196.87
649.68 168.54 683.04 186.67
657.9 177.15 669.31 214.99
659.2 168.0 682.87 187.71
715.51 166.92 731.81 208.61
706.52 175.53 735.49 200.62
719.08 170.73 733.49 206.34
709.5 179.16 734.4 202.1
712.4 175.58 736.5 197.63
708.08 174.15 734.27 195.58
716.88 163.18 730.73 201.21
704.98 179.85 740.31 200.46
722.99 166.81 737.36 203.43
706.72 176.3 741.37 194.63
720.46 164.06 733.79 199.74
714.47 178.87 737.98 200.39
717.42 173.83 741.22 195.91
713.87 172.64 736.45 193.64
719.51 170.36 741.94 191.66
708.84 172.3 742.15 189.52
711.16 180.34 744.14 198.39
713.37 176.09 746.59 193.38
721.92 171.44 735.62 208.86
715.63 171.83 746.86 188.94
727.95 166.84 740.76 203.87
705.46 171.4 731.44 191.62
724.74 162.67 737.94 197.68
711.64 180.88 737.46 204.49
743.73 165.22 758.47 206.37
720.4 167.21 742.76 187.97
710.06 170.2 734.98 190.32
706.52 168.41 742.85 186.34
715.47 169.3 738.06 188.74
715.92 168.07 749.0 185.0
728.97 160.5 741.58 195.37
740.97 169.11 753.25 206.68
733.08 166.72 745.46 203.03
611.66 170.29 621.52 193.32
608.48 170.69 618.34 194.79
604.7 173.07 614.14 197.74
712.97 164.56 727.47 201.61
664.87 176.81 691.88 203.02
658.15 179.17 696.86 203.1
664.56 174.26 677.08 206.91
662.0 182.53 697.51 206.01
677.2 165.78 691.12 205.97
668.14 167.52 681.69 203.6
668.33 182.26 692.56 208.35
672.57 164.66 686.26 204.56
662.65 173.82 685.88 196.19
668.52 173.43 693.38 196.82
664.32 165.91 677.05 197.76
674.98 171.21 697.1 192.14
659.55 175.68 694.77 196.17
674.87 167.59 696.88 188.58
662.77 170.59 685.14 191.52
668.32 170.26 690.5 191.14
892.01 150.38 1172.6 375.0
818.86 163.89 1084.5 375.0
728.69 97.656 1242.0 375.0
794.87 155.67 1045.0 352.1
849.27 137.09 1144.2 333.99
782.94 194.78 1127.9 375.0
670.01 176.83 709.4 214.35
825.39 135.18 1182.4 299.48
777.03 167.83 1006.3 367.09
936.65 144.19 1188.8 346.75
807.83 145.85 1088.2 327.22
661.94 172.07 712.68 216.61
680.09 172.54 730.06 200.09
606.51 179.54 622.76 195.82
871.03 220.98 1185.9 375.0
686.32 170.51 723.16 201.61
915.42 167.08 1043.6 215.01
780.41 201.96 1066.1 355.54
911.53 199.63 1181.1 355.55
698.82 174.29 735.18 205.44
895.58 157.04 1112.7 233.56
681.48 169.02 701.92 216.21
664.81 176.28 715.77 207.37
899.34 163.63 1134.7 255.37
678.55 170.82 698.81 217.5
924.67 171.35 1054.5 224.49
610.79 178.56 627.79 194.57
668.14 176.89 700.0 207.21
