654.93 186.79 706.25 233.77
683.66 162.35 827.24 283.39
380.7 182.84 522.09 284.51
500.86 185.89 556.09 228.37
482.92 199.55 539.86 239.26
634.15 191.95 656.0 195.68
629.87 179.47 641.91 184.06
550.17 194.91 573.0 199.42
575.34 183.92 584.63 193.45
653.69 179.45 661.88 188.59
681.01 182.83 711.86 246.2
659.47 167.49 661.51 184.25
535.0 175.88 545.22 188.71
658.6 178.3 675.24 200.87
663.35 153.07 666.79 197.05
661.42 153.32 664.23 197.14
525.91 174.27 534.48 187.6
540.63 176.22 548.0 184.32
515.28 168.71 526.74 186.9
672.3 152.07 682.56 192.38
668.17 152.12 673.2 196.86
679.82 177.61 681.29 191.83
686.25 169.17 828.93 278.35
697.58 178.02 820.83 265.33
379.78 188.75 515.55 290.71
372.75 182.7 522.35 264.72
497.57 186.65 555.58 229.23
501.8 187.29 556.31 225.07
487.8 189.39 552.01 233.71
510.67 183.8 555.05 221.27
491.7 185.81 551.76 221.51
516.49 185.2 565.03 222.08
502.44 186.2 553.38 213.06
508.11 182.55 557.68 224.18
494.93 189.98 548.36 224.49
481.31 179.77 541.17 236.15
520.04 189.88 555.83 218.71
511.6 193.43 558.11 220.31
514.28 183.72 552.63 212.67
500.22 183.09 544.59 217.92
506.35 197.92 554.79 227.47
514.96 193.57 553.33 226.2
501.24 184.04 562.26 216.3
498.86 187.15 544.76 210.17
506.12 178.75 537.21 233.89
512.78 179.9 541.83 231.22
483.53 191.14 538.31 241.96
485.38 197.88 549.17 239.2
520.11 175.73 546.93 229.38
500.01 193.68 560.34 228.56
518.47 179.29 539.15 224.44
494.09 197.6 546.89 233.42
494.07 204.02 541.61 236.83
490.56 187.0 546.26 215.2
508.08 179.89 570.72 209.66
520.18 196.17 563.17 217.95
505.53 186.38 539.35 208.74
483.84 182.78 548.83 215.98
511.88 201.95 553.7 225.83
513.9 177.06 537.03 231.86
519.86 200.26 560.37 221.9
488.37 182.06 538.77 223.98
510.23 182.3 538.04 245.01
484.41 190.36 541.62 220.22
516.71 175.5 541.5 236.63
520.56 178.17 544.8 234.96
519.89 198.87 555.04 226.93
486.03 195.16 546.73 226.2
654.56 181.35 725.71 235.31
652.19 182.97 711.02 229.1
645.61 184.41 706.81 220.89
670.0 174.97 706.25 231.99
665.94 176.36 697.78 230.75
660.36 177.24 687.57 230.71
651.79 176.92 701.73 223.93
650.08 187.62 707.41 224.65
656.46 188.79 715.57 229.38
639.34 179.38 703.74 214.34
666.32 176.72 688.8 236.74
667.77 172.66 686.85 227.53
642.64 176.59 692.4 219.73
658.81 191.28 706.06 233.18
658.03 183.48 717.71 222.43
672.84 171.25 690.57 230.95
660.99 193.82 723.07 235.29
648.42 190.77 699.82 219.47
651.22 193.79 699.49 226.86
647.64 194.55 689.67 220.18
654.73 189.91 691.79 226.18
669.64 175.29 693.23 238.95
653.09 184.79 711.64 215.83
668.59 168.53 721.84 217.82
674.5 175.33 696.48 239.21
468.06 186.12 527.75 244.42
475.16 192.35 532.62 248.29
497.26 211.53 539.06 239.47
472.19 179.97 522.0 225.97
467.28 185.26 534.29 222.89
499.08 183.37 525.32 241.58
473.89 209.32 544.42 248.08
501.11 219.34 536.48 239.56
689.92 168.9 729.57 243.51
682.81 171.44 720.96 237.25
676.06 173.76 713.82 235.09
692.2 164.7 725.44 230.75
680.67 171.59 715.09 262.3
699.58 163.66 715.5 231.14
661.52 184.77 728.43 231.28
664.6 163.53 696.05 251.7
677.23 167.54 694.69 231.7
680.8 193.04 702.49 248.9
684.38 202.67 700.71 252.13
652.4 170.81 665.69 206.2
665.06 166.2 679.14 206.96
667.89 164.97 682.54 209.6
661.38 168.09 675.4 206.47
657.3 169.27 670.81 206.32
667.57 161.83 681.15 201.46
670.83 164.18 686.48 209.98
671.09 161.31 685.45 201.07
676.08 162.16 691.0 210.07
500.18 184.49 539.28 204.74
503.14 185.18 532.69 206.28
647.35 172.14 660.36 205.55
644.14 170.22 666.36 194.39
654.65 172.58 678.25 198.08
548.5 182.63 574.89 204.9
553.01 181.63 577.15 201.8
547.35 179.59 580.57 200.78
543.43 184.32 571.6 205.99
537.51 186.52 572.94 207.68
557.73 181.26 579.41 199.5
531.69 188.03 569.85 209.27
533.68 185.7 561.97 207.41
553.0 180.39 583.25 198.9
551.51 184.9 572.15 202.27
530.35 191.06 560.02 215.26
551.97 178.16 568.56 205.61
548.57 177.87 565.09 207.78
556.47 178.2 571.46 204.82
549.19 187.27 578.54 203.21
547.17 187.33 571.16 204.4
539.28 190.1 563.38 211.27
545.17 177.0 581.21 196.91
543.66 177.57 559.2 214.94
562.24 180.07 580.97 195.72
539.41 179.05 554.42 218.88
546.1 178.16 559.33 206.46
560.71 179.2 573.04 203.88
557.38 180.89 569.77 211.73
560.61 182.63 571.77 207.94
535.85 183.11 560.53 204.84
537.7 192.45 570.71 210.97
549.06 189.43 576.45 205.84
532.28 193.36 567.12 212.87
540.28 176.96 553.58 209.86
552.42 177.98 585.56 195.86
548.84 175.92 562.28 203.57
532.52 184.54 568.38 204.86
542.52 192.59 573.13 208.65
544.46 181.9 564.81 202.71
546.81 180.85 561.54 218.77
564.02 182.87 581.82 197.66
563.85 180.12 574.64 205.92
563.31 183.56 573.84 210.94
558.04 184.62 586.34 199.6
551.94 180.95 565.01 217.25
540.71 181.14 573.26 200.16
564.38 176.12 577.26 203.46
547.42 178.68 568.54 197.43
566.39 180.08 584.25 194.43
556.95 186.95 576.11 202.27
558.41 188.7 584.8 202.27
568.69 179.51 577.51 203.81
533.63 176.24 583.13 209.98
535.64 195.24 558.48 216.02
568.98 182.76 577.81 209.53
566.72 184.03 584.2 197.12
644.76 176.25 657.87 209.33
644.38 176.58 664.86 199.32
639.94 172.52 660.5 195.21
639.23 177.83 670.73 198.11
647.92 175.65 670.65 198.79
644.85 181.3 658.22 216.09
650.81 176.57 675.09 199.92
641.06 182.03 671.67 201.13
643.57 178.59 677.54 198.08
649.94 192.42 674.04 215.5
647.3 179.21 683.97 199.22
646.11 194.13 681.16 213.92
644.1 182.9 666.15 202.91
648.64 196.46 682.06 217.22
648.87 177.15 661.22 211.61
643.34 164.31 656.12 200.79
663.49 167.98 679.08 219.22
522.32 185.28 552.13 207.44
516.39 184.33 556.98 205.23
526.41 183.39 554.25 204.91
521.12 184.17 548.09 203.85
518.03 180.77 554.28 198.68
630.42 177.68 656.13 200.79
625.89 176.35 656.92 196.92
626.82 182.21 656.16 202.03
628.18 179.69 653.03 198.49
636.7 177.61 658.64 201.06
639.74 174.48 653.05 201.73
631.76 184.07 656.17 204.47
636.43 176.1 650.88 202.05
624.37 178.23 647.64 198.42
637.12 176.87 652.25 208.67
620.53 179.09 654.43 197.98
631.57 178.18 663.85 199.33
633.84 173.68 649.13 202.84
642.98 174.13 655.06 203.47
633.43 177.08 648.64 208.95
640.73 177.1 654.88 208.3
635.0 175.51 655.54 197.87
629.84 173.96 660.12 193.17
629.91 188.24 657.43 205.96
637.9 181.5 660.99 203.13
630.94 173.25 644.71 201.38
632.96 175.66 665.03 195.64
630.68 176.16 644.29 207.94
634.88 185.48 667.63 204.67
619.76 178.25 640.22 196.46
625.97 173.6 637.97 202.79
637.7 186.86 660.98 206.04
616.69 180.26 649.04 197.04
625.42 176.11 637.6 209.71
620.61 185.81 650.68 203.03
633.64 172.83 665.78 190.79
622.32 174.25 657.35 191.77
623.32 180.23 669.7 215.55
638.52 174.73 671.54 194.47
635.35 191.24 666.9 208.92
615.27 177.38 647.22 193.63
629.84 193.89 660.13 210.63
636.99 168.04 649.46 202.8
634.44 171.04 656.22 192.87
561.75 172.71 576.12 205.4
552.89 173.06 566.67 204.21
661.04 183.82 739.09 243.31
669.48 174.67 803.46 263.48
673.18 178.23 740.14 232.48
677.41 176.2 756.19 245.82
656.83 179.76 767.89 245.27
666.67 186.97 752.28 248.87
659.75 179.03 726.94 220.47
405.96 181.12 520.61 280.74
677.13 182.71 773.95 260.54
693.01 156.96 822.16 259.43
375.39 216.97 514.85 292.87
687.48 171.4 773.39 248.51
665.78 160.87 811.26 243.07
673.99 176.16 744.54 219.8
636.15 163.97 740.64 240.63
691.42 180.15 795.79 255.65
722.64 145.46 803.67 279.32
652.85 161.07 762.62 241.04
684.36 197.13 842.65 282.2
394.2 193.9 499.88 277.2
735.15 140.12 818.37 286.93
703.5 184.31 831.8 288.33
