593.3 182.93 615.63 196.4
698.23 147.83 771.23 247.98
669.56 184.64 688.5 203.07
551.39 190.91 579.5 203.99
686.34 165.76 723.24 222.35
540.27 169.81 546.84 182.87
543.27 187.1 548.03 196.16
542.92 176.29 545.7 188.75
531.26 167.01 537.96 193.43
538.25 176.07 541.31 193.61
686.26 149.17 767.66 165.03
690.93 165.44 773.45 230.39
707.35 136.66 763.82 235.83
710.81 149.52 761.73 251.08
697.1 154.68 758.17 183.21
683.97 179.37 734.63 214.8
674.3 171.44 730.1 213.95
669.24 173.31 705.1 203.37
680.28 177.6 727.4 210.97
686.95 182.1 726.87 217.64
666.65 172.63 721.45 205.6
676.69 175.02 717.09 207.93
691.0 179.91 740.46 220.74
676.72 178.79 707.82 208.32
680.69 182.87 716.38 214.22
670.53 179.64 713.99 207.3
673.62 168.86 715.92 203.3
678.54 172.39 736.73 210.89
680.48 185.03 706.28 210.61
669.27 160.18 736.56 209.02
690.82 185.19 721.79 218.5
699.04 179.03 718.84 221.07
697.63 164.83 727.47 218.82
694.74 179.33 714.24 220.38
703.72 160.39 737.59 223.42
691.45 173.01 711.66 215.97
687.29 173.61 706.4 216.43
685.63 166.99 704.31 209.46
693.76 169.71 715.35 213.83
701.66 176.45 723.23 223.2
692.61 162.65 720.33 217.75
676.5 170.18 731.34 204.24
689.67 164.65 708.89 209.68
693.87 172.67 739.55 212.33
696.94 168.14 718.6 215.62
705.12 175.63 727.55 224.72
684.04 157.05 711.98 211.65
694.73 152.27 728.3 216.15
694.22 181.77 708.92 218.96
701.49 167.27 721.27 216.43
693.84 156.38 712.1 211.77
705.89 166.23 725.09 216.8
698.41 154.47 715.71 213.25
703.01 153.83 718.92 213.78
696.53 185.27 712.64 226.1
687.53 154.93 703.91 205.27
691.59 154.26 707.7 206.01
688.88 168.4 734.46 208.36
700.82 157.68 728.67 238.97
700.1 185.69 735.0 227.86
704.54 146.95 718.97 202.48
672.16 185.27 741.55 220.47
700.28 149.8 715.09 204.29
547.51 177.48 580.12 201.34
545.51 175.54 583.39 197.55
550.71 174.92 579.35 195.26
545.74 182.61 580.3 203.2
547.68 173.0 582.17 192.19
554.23 180.42 580.73 201.87
564.02 173.36 577.96 200.95
559.96 178.51 585.03 199.29
560.5 176.51 575.75 204.85
556.13 176.37 572.77 205.02
552.34 176.35 569.23 206.04
554.39 176.23 590.38 194.94
553.61 179.37 587.47 198.2
560.07 173.29 583.67 193.57
547.75 186.97 578.38 206.38
543.62 178.38 566.8 197.97
568.13 172.02 581.63 202.0
538.97 180.03 575.02 199.09
549.81 174.05 564.13 203.6
555.88 172.63 580.42 191.54
556.29 171.94 589.57 190.02
533.05 175.29 594.35 205.71
566.86 176.04 590.8 197.13
555.97 178.01 571.51 213.79
566.79 172.24 589.92 193.26
564.62 178.61 577.37 210.1
560.81 176.31 597.13 193.96
536.12 177.31 572.36 195.52
560.6 177.47 574.37 213.42
562.42 172.12 595.93 189.9
551.73 175.11 567.72 214.07
549.67 172.94 573.4 190.72
546.95 174.13 570.19 192.41
562.89 180.32 595.24 198.02
539.28 184.42 575.15 204.15
559.21 183.31 582.72 202.41
552.36 189.82 584.77 205.92
566.28 180.05 588.38 198.39
661.23 168.73 700.49 200.91
665.01 175.09 693.32 200.77
656.66 172.79 697.37 199.49
669.15 178.25 699.73 202.25
660.91 179.99 700.6 203.86
661.24 173.44 685.33 196.79
656.1 166.27 704.45 194.12
684.98 174.94 701.52 213.43
681.2 171.35 697.72 208.6
677.48 184.67 701.16 205.72
674.12 169.27 693.36 208.24
667.87 169.8 685.38 202.31
665.07 170.26 680.69 201.9
672.71 172.05 689.3 206.21
678.09 173.82 692.87 209.23
672.04 184.05 694.7 202.12
683.37 176.82 696.28 211.39
687.25 179.87 700.52 214.76
663.37 178.57 687.13 200.16
667.82 183.31 691.05 201.12
670.07 173.69 683.96 205.67
663.65 171.29 675.83 199.9
657.26 179.69 689.95 199.85
689.09 183.41 702.55 218.8
668.47 167.81 706.59 197.05
667.49 187.75 700.38 207.52
662.48 165.35 676.3 197.75
666.32 173.29 679.05 206.45
654.66 174.48 677.67 195.88
678.55 178.54 690.85 211.33
649.71 169.0 695.02 194.27
687.65 184.81 699.37 219.34
673.64 179.28 686.31 213.07
658.74 170.46 670.24 201.0
661.21 179.7 682.58 199.92
658.02 165.01 670.93 198.2
669.26 180.63 681.83 212.68
658.41 174.91 668.81 204.93
663.16 188.48 690.94 205.72
685.73 190.3 706.4 213.37
658.17 175.23 708.37 210.01
652.1 182.12 684.63 199.76
662.83 173.85 674.09 207.38
588.93 173.32 616.33 195.32
585.64 173.3 614.22 191.58
585.41 173.35 606.75 194.08
580.58 175.21 611.17 193.33
585.86 177.19 615.14 197.3
584.73 170.12 615.11 188.74
596.88 175.43 618.69 196.11
579.16 172.51 609.68 190.62
590.03 171.0 603.22 198.63
592.97 168.74 609.2 195.7
596.14 169.86 611.82 197.24
599.43 169.76 613.57 196.77
587.19 171.1 599.31 198.06
593.36 172.77 621.73 191.28
576.87 172.25 598.37 194.28
602.83 170.49 615.19 196.13
593.79 171.5 606.78 202.04
598.26 171.22 610.47 200.26
590.2 167.15 602.41 192.93
591.75 179.07 620.1 197.5
583.65 170.07 603.8 189.57
601.98 173.67 621.45 191.38
601.6 172.1 612.75 201.19
586.19 164.87 597.53 193.79
578.39 169.99 609.27 187.2
589.21 180.89 611.87 198.33
581.14 180.13 610.46 198.37
603.16 165.87 615.8 193.04
606.85 169.32 618.14 194.78
593.45 169.97 623.42 187.04
576.96 178.3 598.81 195.96
575.11 168.01 597.29 188.28
593.84 174.36 605.36 210.39
601.16 170.74 621.66 188.43
586.21 186.13 615.63 202.02
604.51 171.8 614.72 203.08
589.22 173.59 600.76 209.26
598.17 173.33 609.5 208.02
573.72 163.77 622.06 201.15
604.9 173.87 625.85 190.5
546.12 171.93 556.77 201.25
545.46 172.57 558.9 212.32
550.25 167.53 562.29 196.93
680.25 170.32 765.01 221.37
684.77 170.95 745.06 217.5
699.0 169.44 790.18 235.72
0.0 159.85 317.42 341.98
999.84 208.95 1242.0 375.0
685.26 159.12 775.15 214.3
673.75 166.86 753.57 210.84
689.81 152.04 797.21 234.6
661.63 170.4 712.68 202.87
0.0 147.64 244.95 365.25
1094.8 203.77 1242.0 369.92
662.17 167.87 731.3 205.98
1142.1 190.0 1242.0 375.0
66.334 145.4 339.69 350.93
689.37 154.03 791.38 218.85
1066.5 223.1 1242.0 349.82
955.94 205.96 1183.5 375.0
1008.7 269.14 1215.5 370.74
688.83 174.58 799.5 243.18
709.64 166.58 803.4 231.09
675.83 163.46 823.91 243.74
1035.2 245.36 1205.9 375.0
688.9 147.88 783.63 207.63
1167.7 205.33 1242.0 375.0
655.89 168.37 715.61 203.21
683.64 177.95 750.25 223.61
997.46 250.49 1191.9 364.57
0.0 136.95 359.75 310.02
868.01 89.572 1242.0 375.0
916.06 204.38 1141.1 375.0
921.61 228.56 1227.4 375.0
1215.2 179.5 1242.0 291.31
672.82 161.13 762.44 204.89
967.65 157.72 1216.6 373.52
1116.8 189.0 1242.0 348.3
1118.2 243.47 1240.7 373.19
876.49 195.75 1108.6 375.0
0.0 103.11 484.03 375.0
836.16 175.88 1085.2 375.0
1207.8 177.04 1242.0 310.42
715.52 176.03 827.46 234.64
1190.0 201.95 1242.0 373.6
1030.7 164.33 1242.0 362.07
897.91 180.45 1185.7 367.58
732.04 155.36 1242.0 375.0
1213.8 198.42 1242.0 319.56
1013.6 297.75 1215.4 375.0
0.0 39.112 403.64 375.0
1007.9 233.08 1224.6 347.23
1156.4 163.75 1242.0 357.31
651.93 163.87 726.45 201.68
86.121 179.11 338.03 308.14
731.62 172.61 836.22 225.44
1224.8 191.87 1242.0 291.54
1113.3 175.15 1223.4 375.0
690.18 177.22 750.03 212.3
1178.7 223.35 1242.0 346.36
1205.7 161.74 1242.0 276.78
679.36 148.33 864.88 235.75
700.31 181.7 809.4 239.23
1146.4 253.71 1242.0 374.35
997.22 212.78 1168.8 369.72
1039.3 263.95 1239.1 364.04
727.36 169.87 817.86 242.65
1013.4 257.96 1156.2 375.0
660.14 159.22 715.67 207.22
1099.7 212.27 1242.0 329.27
1223.9 207.66 1242.0 309.18
1197.4 237.57 1242.0 375.0
650.29 157.45 775.42 225.61
854.08 237.67 1163.3 375.0
1035.3 285.54 1190.4 375.0
716.7 165.93 821.64 219.25
970.12 230.24 1188.7 343.72
1060.7 184.95 1185.1 375.0
708.55 149.82 846.65 259.31
921.85 149.76 1231.1 333.84
751.11 178.78 1070.5 346.88
1014.6 186.44 1137.0 375.0
1202.7 168.74 1238.4 295.42
