254.15 157.83 278.26 205.7
614.26 184.17 638.68 206.4
669.41 151.39 714.92 275.86
718.06 147.45 770.01 302.92
218.74 151.19 244.51 201.93
127.77 149.36 172.31 227.15
636.11 147.02 669.18 278.85
565.31 161.19 599.03 235.84
567.29 177.69 573.17 204.61
748.88 143.47 798.41 289.78
1102.1 196.33 1154.95 240.13
508.87 178.1 521.33 192.39
626.54 168.9 629.18 177.36
513.46 157.54 535.31 179.52
508.15 175.14 519.33 183.23
271.04 165.43 285.72 169.88
701.33 176.32 730.44 198.66
657.0 170.03 664.19 183.32
511.54 163.61 544.58 239.07
648.54 175.98 654.71 188.45
285.97 150.11 297.47 174.35
505.17 187.04 511.65 192.13
603.36 146.31 702.05 210.07
692.86 159.26 730.32 177.6
500.68 175.68 506.2 179.18
971.48 126.25 1029.94 262.36
124.17 147.65 159.89 229.23
129.34 147.15 164.51 238.87
112.4 155.82 165.02 229.87
134.6 153.38 161.51 226.25
126.46 149.89 154.78 229.41
137.86 150.71 166.23 221.53
111.49 165.41 169.9 241.36
131.66 145.69 157.7 219.96
122.28 155.3 172.21 217.55
136.55 145.07 159.35 213.45
140.28 146.64 168.51 220.53
120.5 146.68 155.92 244.01
124.39 148.8 175.69 208.34
142.34 145.57 166.23 213.14
135.34 169.15 159.69 232.46
127.3 167.88 153.33 234.85
112.47 143.84 169.2 212.05
130.63 157.31 178.9 211.64
138.55 150.81 167.35 239.89
142.26 160.5 166.65 230.55
123.32 166.69 161.53 218.09
708.15 141.25 780.62 315.99
734.9 159.48 785.76 287.41
720.3 157.12 770.38 287.06
724.65 144.06 781.88 302.6
715.55 133.98 764.96 296.36
622.54 164.85 698.12 208.71
574.49 166.7 592.88 221.04
572.33 167.49 588.77 217.13
578.14 168.69 596.57 219.43
569.04 157.44 598.44 247.52
573.13 158.73 594.53 226.24
581.38 163.49 598.84 218.47
573.64 163.22 602.79 249.02
570.25 158.4 589.13 225.07
564.96 152.6 592.52 242.53
564.47 164.49 614.28 231.7
567.99 161.6 585.9 223.13
585.16 162.98 601.06 217.32
523.13 161.34 539.37 219.09
519.28 159.93 537.26 219.74
515.57 160.38 532.82 219.3
214.36 153.31 235.13 212.85
217.77 151.11 238.7 212.4
211.04 155.54 230.0 211.03
221.46 153.27 241.4 210.84
206.75 153.66 224.9 207.49
226.0 152.17 244.96 210.01
209.22 141.26 238.5 213.12
201.88 139.23 230.81 216.78
215.13 146.62 242.88 215.89
235.34 138.08 262.04 210.78
220.42 164.24 238.71 211.02
212.22 145.23 232.86 206.74
224.06 139.07 250.96 212.26
209.49 162.67 224.95 212.28
212.94 163.54 231.47 214.94
231.61 154.25 247.52 205.63
224.93 162.84 241.65 209.76
203.91 154.69 242.64 212.94
212.45 165.93 238.11 209.43
216.0 167.25 234.72 216.9
210.01 141.77 227.89 196.87
206.89 141.43 224.61 196.08
210.33 157.95 249.91 211.88
215.11 161.27 241.19 206.38
216.74 140.75 236.4 200.31
235.6 156.93 251.18 204.46
209.47 157.44 234.73 203.51
216.63 149.06 260.14 204.02
221.4 141.53 241.42 200.44
204.17 157.89 229.39 201.4
206.07 167.33 229.07 203.69
220.55 163.44 244.22 203.97
217.81 157.0 242.82 198.47
202.28 161.04 261.63 201.12
210.98 144.86 225.72 191.01
226.42 141.49 244.46 198.46
978.1 144.66 1034.8 275.76
689.96 157.72 710.47 215.87
698.43 156.68 713.93 204.14
684.56 164.63 712.33 195.05
682.58 166.57 715.27 201.75
610.12 171.31 646.3 200.06
606.59 173.03 651.83 202.54
605.66 171.56 648.57 193.85
616.53 172.63 645.92 196.34
625.83 165.85 643.88 206.21
621.54 165.69 640.18 204.51
618.55 168.45 637.97 207.33
615.0 168.17 634.73 208.46
610.25 169.71 649.69 190.25
612.05 172.62 641.48 193.19
612.54 167.62 629.08 206.68
619.41 164.47 636.44 198.92
620.13 170.92 650.16 198.97
605.8 171.32 632.5 194.05
613.58 173.47 657.69 197.76
598.06 174.2 642.5 195.44
603.63 177.29 652.42 207.9
609.4 166.38 622.61 206.52
622.4 170.48 648.38 193.73
629.65 165.16 643.32 201.32
599.03 171.93 639.17 191.45
616.34 171.57 655.12 192.35
613.07 164.2 625.58 196.9
617.41 165.49 639.04 216.9
604.95 169.03 643.74 187.96
681.08 169.94 722.76 192.55
521.1 171.23 544.29 197.25
522.43 168.62 535.33 199.14
528.14 170.25 539.73 199.14
518.52 173.58 539.7 195.93
516.37 173.42 548.99 192.57
527.53 171.57 547.28 190.65
518.85 169.65 530.72 197.99
525.17 171.69 545.58 194.11
521.17 172.66 552.38 188.95
514.08 169.17 524.81 197.7
532.02 168.92 552.34 187.22
510.3 172.64 543.22 191.67
511.69 172.38 530.94 192.34
518.88 175.5 555.1 191.7
524.26 169.15 539.24 205.64
520.4 167.57 537.02 205.51
518.59 168.71 532.4 204.11
514.63 168.78 526.18 203.64
573.38 165.44 586.61 205.06
576.64 164.67 590.26 205.18
569.52 167.73 584.62 211.16
570.72 167.14 583.05 203.2
568.2 167.23 592.91 201.74
567.61 168.92 587.6 195.16
567.92 169.34 579.72 204.31
564.64 170.93 583.73 192.24
574.35 166.32 585.91 197.68
648.26 159.28 664.71 207.13
630.7 163.22 645.96 207.45
645.12 160.9 659.31 206.66
657.09 160.24 670.68 199.43
653.41 159.25 667.5 200.07
642.39 166.89 673.52 201.02
660.61 159.03 672.71 196.24
640.7 162.91 653.63 205.13
1088.8 176.7 1156.6 245.86
1083.2 185.15 1169.4 237.23
267.47 148.99 282.77 193.69
271.41 147.18 285.95 190.45
645.86 162.48 677.7 198.68
649.68 160.8 678.23 192.23
657.46 152.0 670.89 190.3
251.32 151.74 275.95 189.02
255.61 152.94 278.88 181.35
263.26 158.08 284.58 188.86
257.24 150.33 271.34 188.36
669.75 157.37 720.82 284.52
657.74 156.5 707.92 282.69
664.48 149.23 713.61 270.94
655.69 137.63 721.39 273.06
677.64 149.43 724.51 271.62
662.24 168.65 730.29 267.65
681.41 151.56 730.35 291.94
650.91 161.03 721.88 256.76
686.93 149.81 728.74 257.01
639.43 164.93 686.54 280.67
629.3 161.04 673.59 270.17
626.65 160.76 659.84 264.46
742.56 152.52 791.75 279.39
750.31 151.46 799.54 271.01
746.7 141.26 797.6 298.37
252.57 158.19 273.85 211.44
249.39 154.8 270.51 211.68
256.7 156.07 276.72 208.97
260.88 155.22 278.31 203.91
247.2 151.24 267.27 206.49
255.15 148.99 272.85 197.53
251.37 150.01 269.72 198.74
248.87 152.93 277.52 216.35
258.99 149.18 276.27 197.2
244.36 151.78 262.86 207.19
243.41 144.47 272.42 210.38
248.03 162.83 272.94 206.38
266.33 156.15 282.89 202.39
242.33 157.1 283.88 210.86
250.59 159.52 276.43 203.32
254.92 163.53 277.57 216.57
262.74 148.79 278.66 195.47
238.67 148.23 280.56 203.66
248.54 153.68 274.54 195.56
252.94 144.24 282.94 214.62
253.76 154.79 278.82 195.2
250.72 170.05 277.37 209.87
235.32 164.31 290.19 204.94
240.26 165.03 285.0 196.84
271.77 157.75 286.25 200.27
260.66 163.86 283.15 197.51
242.97 170.43 288.26 198.78
248.14 174.56 275.91 215.99
258.83 157.19 280.86 191.76
246.45 152.16 292.54 205.34
244.29 146.03 260.42 196.08
246.77 158.22 262.71 214.01
248.27 162.36 269.39 222.17
248.53 148.96 263.4 191.17
241.5 159.67 285.95 188.64
240.86 174.89 282.09 204.81
246.29 150.84 271.75 188.31
243.64 156.39 269.82 199.36
248.51 164.92 291.46 190.07
260.47 165.11 278.4 212.96
253.88 166.9 272.01 219.62
253.51 169.22 293.77 192.2
258.33 170.45 283.22 201.73
1111.0 182.12 1231.7 239.24
1035.5 140.55 1133.4 365.86
1054.8 151.16 1146.2 371.24
968.94 184.3 1090.2 230.38
1005.4 143.6 1118.6 375.0
1069.7 155.96 1163.3 374.84
1001.0 168.87 1095.0 364.35
1024.0 151.42 1118.7 342.48
720.95 149.77 791.45 310.98
1114.5 184.21 1205.6 244.11
969.2 179.0 1074.5 238.92
1104.1 189.54 1208.6 235.54
1013.1 191.01 1103.7 370.78
1086.3 162.03 1126.3 279.67
1044.4 181.46 1129.1 372.12
978.47 153.49 1083.8 374.05
1086.4 163.74 1175.8 373.66
1077.7 164.86 1117.4 271.89
1094.3 162.81 1132.2 274.87
1099.4 184.45 1178.1 242.77
1066.6 158.46 1110.7 272.29
660.62 149.7 715.94 297.87
1091.1 188.0 1188.8 234.74
691.56 146.52 755.22 313.64
989.34 183.25 1074.7 372.56
643.73 154.66 701.85 297.84
1114.5 172.49 1222.4 246.24
928.64 174.0 1188.4 375.0
1131.7 186.76 1241.0 237.29
646.69 153.48 693.57 269.77
639.83 154.58 684.05 254.8
1056.7 158.81 1103.8 275.35
174.14 151.82 193.4 206.73
674.68 155.12 728.08 303.39
170.47 151.0 190.29 205.87
1046.8 150.52 1126.1 308.22
1101.6 168.34 1139.7 261.82
1086.3 161.34 1122.7 251.67
1078.6 155.18 1155.7 333.6
203.9 153.69 220.76 204.83
629.31 145.7 685.45 305.51
706.46 148.1 815.01 310.46
1093.1 159.46 1129.1 251.99
178.33 151.92 198.17 213.32
990.9 210.0 1108.2 374.18
965.6 158.68 1062.8 374.15
185.95 150.73 205.78 207.93
182.3 152.52 201.53 211.07
1034.0 206.55 1107.7 362.67
1050.3 156.59 1096.3 290.67
1094.5 180.86 1236.0 250.19
1005.0 210.53 1085.3 375.0
1066.7 147.69 1140.8 304.83
921.86 211.96 1225.2 371.26
200.58 152.1 216.8 204.08
1146.3 182.34 1237.2 244.88
1072.3 154.15 1118.2 301.76
1010.3 233.65 1126.6 374.97
1042.8 155.61 1088.1 270.15
984.53 174.08 1222.1 369.31
196.94 152.45 211.92 202.26
962.13 174.82 1102.3 243.14
1050.5 203.59 1120.8 362.94
1016.1 147.94 1097.7 299.48
962.34 165.28 1076.3 250.92
998.96 146.25 1089.7 331.22
981.21 164.27 1091.9 268.65
190.96 151.18 208.48 204.85
1109.2 165.25 1148.4 257.53
651.34 157.7 669.91 213.87
1026.4 182.75 1147.5 372.97
1112.8 178.83 1188.1 238.99
1065.1 202.39 1140.1 367.38
912.96 161.6 1205.4 331.02
1103.9 169.43 1213.6 264.78
1101.2 155.8 1191.7 375.0
995.25 151.78 1115.5 316.35
580.54 166.32 594.33 204.39
727.88 130.21 805.74 290.71
655.55 158.31 672.91 212.66
1081.6 211.5 1156.0 372.01
167.21 150.4 186.22 203.63
725.79 153.01 776.55 273.6
759.59 153.46 805.31 265.05
113.5 150.55 148.44 239.53
626.71 160.45 721.08 289.4
998.35 157.06 1102.9 284.12
179.02 147.27 196.69 198.01
968.71 192.82 1093.0 365.43
976.48 160.79 1105.0 303.57
1099.3 157.96 1166.5 318.64
649.41 159.63 672.18 226.56
1044.6 206.69 1161.3 375.0
1067.3 150.01 1109.6 247.44
1087.8 148.68 1154.1 293.95
647.11 156.84 666.87 218.88
692.34 142.6 799.31 291.25
1059.5 151.72 1101.9 252.56
1078.4 153.9 1115.4 245.8
981.53 225.06 1135.0 354.98
1032.8 133.72 1111.6 288.38
647.94 155.25 737.37 289.6
735.91 184.18 787.43 313.41
1140.0 167.26 1239.8 251.87
582.72 170.29 597.34 209.44
934.58 176.3 1118.2 269.03
673.38 151.08 783.54 304.1
639.97 133.97 708.08 275.33
1034.2 151.29 1081.6 272.35
647.38 170.33 690.39 288.3
667.6 129.93 732.41 280.23
682.78 128.83 757.23 291.72
613.42 150.08 711.38 274.74
1081.7 173.59 1144.3 248.13
1089.6 160.15 1190.8 254.12
1117.4 167.37 1153.4 255.3
628.91 163.53 690.76 239.46
1102.3 165.25 1233.3 236.18
653.49 160.12 676.72 227.38
644.92 162.1 668.48 227.56
1063.5 149.73 1111.4 311.74
1064.6 237.18 1183.4 375.0
1037.8 143.72 1135.9 286.51
1205.0 159.54 1241.0 267.35
1088.8 148.78 1131.6 307.02
691.28 161.86 837.59 289.25
573.26 166.82 595.85 196.0
626.28 129.66 691.5 277.78
980.65 253.3 1122.7 359.59
1068.1 157.04 1168.1 301.75
1212.7 166.2 1241.0 261.02
1050.5 148.97 1095.4 252.57
639.53 152.78 676.4 236.34
985.44 149.65 1068.3 320.92
659.73 160.61 675.74 211.93
736.88 150.45 782.48 263.19
632.21 157.33 667.74 241.01
735.83 146.55 801.6 319.81
1082.1 164.08 1191.1 324.53
567.93 168.97 596.82 209.41
731.02 192.6 777.58 311.86
972.52 164.87 1119.0 258.79
1120.2 171.97 1205.7 375.0
949.39 162.31 1046.2 375.0
