962.3 135.2 1020.88 293.1
1205.18 131.27 1242.0 195.58
0.0 167.64 39.79 238.51
1236.46 154.66 1242.0 195.52
1234.94 177.95 1242.0 195.51
853.1 184.22 876.18 207.95
1166.61 263.65 1232.41 317.66
1164.21 221.95 1226.44 333.67
965.97 145.69 1039.2 289.98
953.33 120.22 1023.4 297.36
980.2 127.84 1040.0 298.01
958.88 124.02 1035.3 275.9
966.88 126.16 1024.7 296.39
979.23 132.56 1029.0 278.2
973.0 124.37 1018.1 276.19
965.27 130.27 1010.7 291.55
0.0 182.86 36.038 222.7
0.0 156.7 25.965 252.74
0.0 174.62 26.683 223.52
0.0 185.16 53.175 220.26
850.04 171.27 888.81 188.66
841.51 171.51 881.24 189.71
847.23 167.95 874.0 188.1
853.84 171.61 881.44 190.57
833.78 171.6 872.68 190.49
846.72 170.96 874.32 191.99
837.78 174.85 877.34 193.45
856.51 164.6 867.73 198.77
855.14 171.09 895.66 189.59
849.77 166.48 862.02 204.99
838.0 179.44 877.86 197.98
837.47 170.35 866.34 192.43
845.1 174.88 885.79 193.38
861.75 164.69 872.71 198.44
852.61 166.62 864.44 203.45
841.81 173.52 869.49 195.56
1203.9 149.32 1241.0 188.96
1203.2 141.06 1241.0 181.18
1215.2 139.78 1241.0 196.51
1175.3 220.27 1241.0 348.99
1237.2 158.59 1241.0 204.36
1237.3 150.45 1241.0 196.4
1237.4 142.14 1241.0 187.66
1228.6 173.81 1241.0 194.71
1228.5 169.98 1241.0 190.66
1228.1 165.99 1241.0 186.7
1227.9 162.08 1241.0 182.74
1227.9 158.13 1241.0 178.62
1234.0 165.7 1241.0 193.9
1234.2 157.88 1241.0 186.3
1234.2 172.84 1241.0 201.45
1234.3 150.18 1241.0 177.82
1228.6 177.55 1241.0 198.45
1228.4 181.21 1241.0 202.4
1228.4 184.91 1241.0 206.37
1228.6 192.98 1241.0 214.44
1228.6 188.85 1241.0 210.36
1165.4 245.5 1241.0 330.25
953.92 134.1 1066.6 300.26
973.65 129.4 1052.0 292.48
925.17 149.31 1080.2 290.0
960.33 176.05 1068.4 308.46
932.89 175.8 1065.3 289.5
918.48 140.0 1066.2 258.27
991.51 118.02 1070.3 316.74
