636.27 179.97 666.77 207.14
403.56 184.99 505.04 247.85
735.87 161.78 811.83 183.72
485.97 186.67 527.64 222.25
248.2 192.62 387.41 259.57
619.01 153.21 636.19 193.74
903.37 150.63 922.1 159.74
654.45 147.57 670.81 206.04
886.45 151.37 901.43 160.19
639.23 151.29 648.49 177.13
676.8 151.43 683.92 195.14
738.85 187.88 768.04 205.12
690.39 180.85 713.69 198.65
705.16 184.07 706.7 197.2
701.84 184.38 704.37 197.49
713.05 188.47 714.83 201.33
699.49 184.66 701.02 197.76
694.65 184.93 699.16 198.17
936.44 167.33 941.18 176.73
923.55 149.85 943.17 155.74
940.95 152.06 982.82 176.34
686.97 185.67 689.47 194.48
0.0 137.64 70.69 250.91
0.0 156.39 74.336 237.48
409.42 186.93 503.37 251.05
419.8 184.07 507.31 240.46
399.82 187.26 509.95 253.31
401.88 185.28 498.24 237.65
398.55 201.72 502.84 252.33
417.51 175.8 523.16 253.41
385.01 173.83 494.66 261.74
422.42 191.81 486.68 228.48
418.86 199.46 485.45 235.65
393.3 199.86 517.49 267.48
923.26 153.3 964.5 173.82
628.5 177.41 666.41 206.76
631.23 183.93 663.71 209.5
631.84 175.17 664.36 202.08
625.36 172.9 669.79 208.44
627.69 178.82 657.29 202.48
642.41 180.39 672.39 206.68
635.28 180.8 674.96 203.96
624.6 176.09 660.98 197.41
635.83 176.91 662.88 195.66
630.42 173.52 665.99 193.2
624.92 183.18 659.84 205.74
650.91 179.35 673.1 201.5
621.25 180.15 676.42 210.97
633.93 175.86 670.92 198.96
646.55 177.17 670.89 198.26
642.62 173.78 660.83 207.5
647.16 173.26 662.6 205.77
638.51 173.87 658.35 208.07
651.89 175.11 674.91 195.2
651.17 172.89 664.45 203.08
626.78 174.92 649.18 196.59
635.49 172.38 654.19 205.55
620.87 182.63 652.56 201.61
631.95 172.65 648.5 205.12
629.34 188.6 667.66 210.25
646.81 177.11 663.82 212.94
632.58 168.85 646.88 201.2
620.6 176.52 655.84 195.6
645.98 179.77 676.26 199.65
651.41 177.64 666.06 212.64
640.53 176.32 674.77 196.61
630.93 175.74 653.29 194.85
643.76 179.0 661.57 214.34
636.26 178.16 654.57 211.18
625.37 174.15 659.41 192.23
647.15 175.37 678.84 194.31
646.17 165.58 660.16 197.49
616.73 177.01 648.95 195.1
642.51 165.98 656.22 197.05
637.38 173.8 669.31 192.42
646.7 173.52 669.26 191.85
633.36 178.13 649.6 210.79
619.79 185.89 654.02 205.77
635.91 165.6 659.0 211.74
638.02 165.4 650.18 195.37
630.42 187.1 659.09 207.33
652.4 171.88 674.06 190.1
654.37 178.09 668.2 212.46
651.4 166.06 663.38 197.83
640.18 177.68 657.52 215.71
636.55 187.52 676.73 208.53
642.53 173.69 673.66 190.82
627.97 190.59 659.92 210.0
639.77 167.17 661.98 214.37
630.4 169.68 667.03 187.67
619.56 173.16 653.24 190.76
640.75 185.5 675.7 205.56
648.77 172.69 679.72 189.67
630.08 160.03 652.29 211.95
621.57 175.07 681.45 207.18
625.07 171.24 685.04 201.76
641.14 172.58 664.44 190.6
634.78 172.24 683.64 208.16
719.84 163.81 829.47 199.26
727.87 159.03 818.84 190.43
742.24 161.37 814.94 200.54
728.2 161.61 800.18 191.33
727.6 157.06 801.76 200.35
741.07 164.76 815.68 193.13
749.95 166.4 824.1 195.57
722.71 170.48 795.52 200.1
732.05 159.96 806.06 185.73
730.57 155.89 798.74 182.5
751.3 162.94 821.34 189.99
726.49 165.13 805.93 196.38
747.44 161.2 813.5 185.5
746.81 155.28 808.97 180.12
749.51 163.17 810.28 201.12
736.94 158.9 793.9 195.24
743.51 171.88 807.79 201.96
732.04 150.12 824.9 182.92
476.43 182.7 528.98 225.28
476.76 185.06 529.43 222.57
482.8 183.13 525.79 217.91
474.37 181.47 532.5 215.05
492.64 185.0 528.75 218.21
486.42 180.21 537.63 221.01
481.88 182.26 532.29 210.17
484.93 186.06 534.39 215.21
496.24 183.22 530.48 208.77
489.76 181.77 536.26 207.38
505.86 177.57 524.92 221.23
501.94 185.4 528.62 214.16
505.6 182.36 532.21 205.67
472.06 182.12 531.0 215.18
501.01 176.38 522.88 223.4
482.94 174.27 513.06 229.92
497.98 182.03 537.66 204.01
496.46 180.94 519.8 226.29
467.05 191.78 522.72 225.42
489.71 176.89 518.61 225.01
491.19 179.51 512.36 226.39
493.57 174.14 517.28 224.75
501.51 184.28 521.61 228.87
484.87 192.72 524.24 226.37
477.0 179.14 541.57 209.65
487.99 178.72 507.85 225.72
495.21 187.59 532.77 211.86
473.08 196.63 528.53 225.81
492.24 180.21 518.1 233.79
504.64 172.9 521.36 212.74
482.78 180.25 530.33 202.99
492.18 170.63 510.93 221.07
501.22 171.88 525.82 225.26
505.89 187.64 530.55 211.02
500.84 174.32 517.4 214.18
483.51 191.45 534.15 222.34
504.74 182.92 524.56 232.27
495.5 169.28 522.95 221.53
473.82 195.2 515.66 228.6
499.54 187.86 527.05 220.06
497.9 172.58 513.83 217.1
490.03 185.19 526.93 208.21
490.72 183.7 510.96 236.39
490.66 193.21 531.65 217.5
493.54 167.36 508.55 214.87
491.42 195.67 523.16 223.38
498.82 180.11 546.03 218.22
504.93 187.55 543.09 205.3
471.83 173.56 547.17 206.51
467.07 184.88 513.79 218.28
496.93 193.33 535.4 214.18
466.34 181.37 523.84 208.2
618.94 172.89 630.9 202.15
621.48 173.03 642.29 191.49
625.34 172.9 646.46 192.01
634.03 166.29 645.07 196.42
614.49 171.34 626.77 198.55
629.38 167.57 640.83 197.25
624.76 167.87 636.42 197.15
615.12 173.12 647.0 189.92
621.6 168.58 633.3 198.01
610.25 171.4 621.2 197.96
618.12 170.79 629.44 197.88
724.98 176.72 785.25 202.48
733.4 168.16 784.9 203.91
734.4 173.29 776.79 204.39
718.96 180.48 776.38 203.02
660.46 169.61 672.91 202.5
656.59 166.57 668.95 198.36
691.85 176.49 727.26 194.04
689.61 172.62 726.02 189.99
696.59 175.63 721.07 195.09
694.91 174.13 719.24 191.9
707.52 165.39 722.51 211.56
703.47 165.99 717.98 211.35
701.93 170.81 715.4 212.9
670.92 171.56 705.31 189.48
693.61 178.36 729.23 197.38
670.63 168.43 706.78 185.12
891.27 151.16 937.65 175.32
901.57 151.23 935.6 177.64
896.83 155.48 938.72 176.26
909.39 153.33 936.59 177.78
913.15 152.79 940.96 176.09
881.7 157.48 918.07 179.91
878.47 158.49 913.14 177.76
930.62 152.15 957.66 175.32
906.88 156.49 944.14 174.86
906.95 152.88 951.36 173.74
920.89 148.02 933.57 185.77
918.85 154.67 943.73 177.28
924.76 147.88 937.41 186.12
929.46 154.8 953.46 176.14
924.93 154.95 949.16 176.91
928.33 148.36 940.97 186.01
936.94 149.02 950.09 187.88
932.42 148.66 945.15 185.78
239.37 194.04 381.42 267.34
249.59 192.46 376.37 264.63
263.92 187.22 388.09 259.49
240.88 204.76 372.01 272.82
267.45 210.07 376.17 268.42
0.0 205.28 121.55 365.99
0.0 211.0 136.57 323.19
728.92 160.34 817.24 207.51
456.63 182.81 521.28 231.12
436.3 185.1 515.9 234.23
744.31 165.33 839.59 200.51
460.31 183.94 527.68 222.61
5.6489 221.57 138.46 351.29
10.557 212.61 88.197 364.61
227.14 196.18 367.29 281.43
756.68 159.76 833.25 206.43
0.0 204.55 167.38 368.31
720.86 160.8 798.07 208.58
442.67 186.8 514.78 224.17
424.11 192.98 500.99 246.11
0.0 204.6 61.957 361.55
12.289 236.24 113.27 364.71
28.056 201.87 113.47 367.35
0.0 224.89 84.308 344.83
20.97 205.92 125.11 341.31
9.627 198.92 104.71 350.38
271.07 194.73 379.88 256.02
0.0 214.88 126.12 298.13
428.76 187.48 500.91 227.83
710.89 165.49 805.98 203.71
764.85 160.34 838.96 195.81
0.0 199.17 75.251 313.86
39.927 191.04 128.56 334.68
0.0 252.06 134.79 361.84
200.91 201.87 383.68 276.11
0.0 190.38 39.271 375.0
0.0 229.27 40.998 369.61
45.927 206.01 122.15 371.14
1.3974 202.37 100.58 303.73
425.65 185.6 491.35 238.06
