283.23 162.92 467.87 234.67
697.2 162.35 854.31 289.69
188.83 176.47 370.5 268.65
665.25 178.57 721.9 227.57
682.36 183.1 723.25 242.36
647.88 179.28 673.19 206.28
638.0 176.98 656.71 194.87
449.57 167.96 493.14 217.35
51.37 171.59 352.94 289.93
474.96 175.79 524.57 202.8
0.0 191.39 117.43 375.0
488.73 188.64 516.13 206.81
528.39 175.97 551.31 179.41
527.04 177.25 540.85 191.52
526.9 185.9 539.33 198.96
633.17 178.95 635.5 187.95
448.43 188.74 479.12 221.69
385.32 164.87 454.99 198.03
686.27 175.96 724.98 184.06
546.22 178.47 559.69 196.41
0.0 137.9 69.92 186.88
15.592 186.05 100.73 364.12
691.41 166.83 852.31 279.99
280.53 165.41 449.08 240.43
302.6 173.43 457.62 232.72
282.53 157.54 464.16 219.54
0.0 121.29 78.865 205.78
666.88 178.97 736.77 231.9
661.02 177.36 721.74 227.21
657.07 178.36 710.42 222.84
675.41 168.44 706.93 226.17
682.32 170.4 716.18 227.94
659.76 178.45 708.27 213.69
684.68 172.86 727.07 231.78
665.16 182.29 714.02 223.37
683.47 172.85 702.99 228.87
680.24 183.83 740.53 236.44
665.99 178.3 718.08 212.13
669.86 186.74 722.26 227.86
678.38 187.96 733.49 229.63
657.29 174.8 721.69 208.53
683.41 161.54 714.85 243.18
656.06 184.85 707.44 220.82
681.35 175.25 704.69 237.81
669.44 181.9 728.02 221.07
672.58 193.37 716.44 230.24
669.69 174.25 739.28 208.47
674.21 196.17 728.29 232.93
433.27 169.19 506.88 212.42
436.87 174.64 511.43 205.01
447.14 163.19 511.55 208.14
450.5 172.74 506.49 207.73
435.73 172.44 491.3 209.22
459.99 171.82 510.21 201.68
442.78 156.36 474.37 217.01
450.41 160.62 480.79 216.84
438.62 181.34 504.77 211.91
457.46 156.55 487.64 216.02
465.67 158.0 493.37 213.14
467.37 162.59 484.12 213.43
464.04 161.14 480.13 213.4
445.21 171.06 498.12 205.03
459.97 160.36 476.65 214.65
456.25 159.93 474.15 215.31
447.42 179.52 497.09 215.32
465.09 163.28 486.91 221.97
461.23 160.73 483.14 221.19
459.03 181.85 503.17 210.81
468.02 183.57 506.62 208.55
453.51 157.86 476.59 219.65
469.48 149.19 483.18 206.82
689.13 170.68 736.59 243.08
697.77 164.43 741.91 234.49
692.23 170.64 730.62 228.46
686.79 168.85 723.54 244.57
688.25 167.96 706.13 228.69
690.91 165.03 720.64 225.9
692.7 165.29 710.04 229.51
685.86 173.82 708.26 238.64
690.59 171.86 711.38 238.51
698.02 164.09 713.17 230.66
637.25 176.17 678.54 206.96
642.38 177.21 683.88 210.22
639.54 180.05 672.47 206.97
642.97 183.64 677.37 209.17
629.94 176.21 664.79 204.12
641.06 173.28 688.31 210.11
630.09 174.1 660.63 199.64
650.07 182.35 685.26 212.15
633.43 173.05 680.15 207.13
633.18 174.28 680.85 201.6
637.32 180.31 665.61 205.42
644.63 177.12 677.78 203.82
643.57 185.39 668.89 206.25
640.35 187.31 672.12 208.19
632.42 175.88 654.53 196.1
663.18 172.96 682.6 214.61
660.96 178.16 678.24 215.17
658.06 170.05 677.66 209.93
640.94 187.53 687.12 212.26
661.27 168.88 686.9 218.79
666.01 172.61 687.63 220.65
652.99 172.47 674.08 208.74
646.56 172.38 667.16 205.52
649.51 171.98 670.87 206.54
644.54 179.32 689.24 205.0
635.93 180.92 657.03 201.21
657.53 178.23 674.05 214.32
644.82 172.28 662.5 204.67
663.91 179.1 684.19 219.18
640.13 172.32 656.63 205.16
653.91 178.97 670.31 212.55
667.72 170.53 684.0 213.98
639.5 165.94 655.6 201.08
650.08 179.21 666.08 211.07
643.4 164.27 660.0 202.98
638.77 172.09 679.17 192.96
646.32 163.86 664.82 203.82
631.9 183.57 664.62 204.08
653.37 164.88 677.05 215.36
656.13 165.06 673.25 202.94
664.49 171.73 678.35 211.48
650.56 164.69 668.49 203.37
642.75 176.35 672.67 196.92
660.63 165.75 676.08 204.68
646.85 179.84 659.77 208.54
652.75 179.22 680.43 201.59
646.83 176.55 686.22 198.31
649.8 189.67 670.22 207.15
643.27 165.53 665.95 211.31
653.82 188.55 676.32 210.58
659.74 183.19 692.43 218.49
658.01 179.94 688.5 207.49
657.77 184.12 670.07 219.63
665.85 167.4 678.62 204.45
650.03 176.81 677.77 195.83
655.44 187.31 666.82 220.91
664.61 182.96 682.32 225.64
658.83 185.45 683.95 213.95
646.29 165.55 667.38 220.41
643.97 161.85 657.66 197.28
645.46 189.98 666.54 205.88
642.55 179.65 654.27 211.21
660.83 178.43 686.95 200.28
648.93 163.53 661.53 199.09
646.41 177.05 658.82 215.69
658.27 165.32 670.8 198.73
662.93 187.47 675.87 223.18
653.77 162.4 666.04 197.25
629.4 181.26 655.8 199.18
646.07 195.41 682.61 215.51
651.77 192.36 690.14 217.23
651.65 187.99 663.3 224.69
651.02 173.21 685.45 191.07
642.23 162.17 654.78 197.38
667.63 177.22 715.85 202.47
667.5 174.07 708.89 196.65
674.37 176.02 705.83 198.35
488.81 170.3 531.13 200.11
474.11 172.59 534.89 200.21
471.09 176.59 529.07 203.07
493.98 169.14 530.63 192.84
500.46 175.75 529.78 197.42
507.18 177.1 531.15 196.0
483.27 179.23 532.07 201.34
493.48 175.2 526.19 198.27
485.4 174.69 523.59 200.43
477.52 171.56 541.3 195.58
465.59 172.73 518.21 204.84
474.95 168.03 542.0 197.81
461.32 170.18 527.41 197.98
459.25 160.72 524.4 204.41
481.94 162.84 536.39 196.52
485.92 174.8 542.11 198.53
480.83 167.58 526.61 200.43
472.5 167.78 535.02 193.0
456.02 174.39 528.65 202.91
479.34 166.36 538.3 188.3
468.93 167.02 514.46 197.86
463.48 164.79 520.34 189.28
471.09 173.99 538.21 201.97
490.52 155.79 510.45 207.04
484.49 164.13 534.07 183.24
462.65 186.44 515.57 209.7
528.05 165.62 541.93 199.66
527.79 172.79 557.46 193.96
532.18 168.42 544.56 201.4
624.18 173.36 670.02 200.82
626.55 173.66 665.08 196.31
629.27 173.06 652.82 192.69
624.85 171.37 671.82 204.28
637.11 172.14 652.71 202.08
626.44 177.19 657.82 197.13
632.94 168.2 649.15 198.5
623.42 172.95 658.35 191.96
637.0 163.97 652.89 199.2
625.13 174.55 644.83 192.15
640.19 178.98 651.03 206.49
636.11 174.1 647.09 201.02
622.71 170.11 662.56 189.47
631.59 174.66 649.21 192.89
631.4 168.95 643.25 194.76
622.84 176.18 652.6 193.77
631.58 179.83 651.8 197.9
619.48 173.31 650.59 191.11
632.53 175.2 642.15 202.72
629.87 167.15 641.22 194.04
649.27 158.43 675.65 211.61
636.79 178.94 646.77 208.92
622.77 173.83 638.09 189.98
626.06 169.47 636.71 194.97
509.47 173.95 541.04 196.77
516.19 174.93 544.33 195.26
514.12 174.34 539.62 193.56
513.44 173.52 557.63 194.65
520.48 173.17 549.45 194.72
513.52 170.74 544.41 190.85
509.49 169.41 539.65 191.25
524.53 163.59 538.78 198.03
511.88 177.08 533.96 194.84
515.49 171.53 562.07 190.5
516.21 177.69 555.05 196.35
521.17 160.11 534.17 194.46
517.81 170.67 550.5 191.52
522.84 175.14 566.27 193.25
507.92 162.06 523.78 204.56
512.15 165.11 526.42 203.63
516.47 167.33 529.88 202.41
521.15 169.5 534.26 201.56
525.31 169.57 537.72 201.4
516.27 161.69 528.78 196.07
512.08 159.6 524.63 195.42
508.89 169.53 521.16 205.55
508.34 165.37 548.15 182.56
512.6 173.53 522.98 204.12
627.02 173.24 636.7 199.69
58.402 176.48 348.71 293.19
201.61 176.13 375.82 279.13
403.08 162.84 473.44 213.23
390.24 172.42 455.46 204.2
387.04 169.57 451.13 198.85
369.79 168.85 444.99 199.74
402.21 170.88 466.66 198.7
396.53 168.15 460.01 194.66
219.26 178.24 414.88 260.39
665.52 180.28 752.06 238.97
260.75 169.62 424.72 247.66
175.42 180.56 398.21 269.56
252.04 174.12 396.28 263.59
93.794 184.97 366.78 290.06
408.96 171.58 502.86 210.69
312.26 162.32 474.78 226.18
394.27 176.18 494.37 215.44
156.25 176.45 349.79 287.77
0.0 189.95 238.87 331.85
331.2 157.7 466.78 237.42
332.08 169.54 469.87 226.44
406.67 170.09 490.7 218.84
669.82 177.62 763.24 248.81
367.57 171.89 484.52 221.6
436.76 170.44 520.2 202.93
669.2 175.55 816.66 264.4
0.0 193.15 222.98 319.45
431.27 174.25 513.54 206.45
114.54 177.08 346.9 313.54
671.92 178.61 762.95 228.61
0.0 182.89 253.56 297.6
0.0 177.19 309.15 301.99
30.623 165.52 276.68 339.64
646.41 174.41 697.85 215.45
227.59 185.45 391.81 253.92
425.61 173.33 498.19 215.66
351.61 163.25 489.18 221.86
356.91 166.57 476.33 234.57
30.884 185.18 329.16 288.52
350.19 166.99 463.67 212.65
65.702 161.96 315.64 324.8
665.6 180.0 786.38 246.54
451.94 167.82 530.66 200.8
389.28 169.15 488.46 209.32
351.67 178.64 480.64 227.97
157.33 179.37 358.5 259.4
342.45 171.05 457.83 239.71
711.56 182.36 847.65 287.73
676.47 180.32 748.83 224.11
684.23 176.35 781.19 241.95
0.0 187.63 211.42 277.95
0.50826 199.87 177.08 349.27
0.0 179.55 197.27 355.61
19.516 178.53 283.04 274.44
678.66 186.56 832.36 275.93
181.58 177.19 333.72 271.3
63.052 173.14 301.62 306.17
134.56 165.86 357.64 311.11
87.113 203.66 346.07 301.22
11.172 206.71 141.48 352.29
0.0 141.62 416.2 362.2
12.909 190.35 155.72 323.17
657.88 176.24 767.39 238.87
271.9 181.76 415.32 244.0
234.99 170.37 390.93 238.72
250.99 169.64 368.69 251.42
454.25 173.98 526.12 201.09
645.56 180.45 693.33 215.49
17.097 181.78 182.32 295.42
426.38 175.31 499.69 207.44
673.7 192.34 753.19 241.72
282.36 173.39 427.95 238.36
703.8 169.71 794.68 247.05
420.69 164.4 512.34 199.95
380.57 175.05 473.13 229.64
257.09 176.54 395.99 241.07
271.01 173.25 404.13 231.66
381.91 164.82 472.4 218.88
9.5458 188.89 77.749 362.66
686.05 163.11 842.36 246.01
193.23 196.68 366.59 275.6
388.03 158.46 500.43 224.14
0.0 224.46 213.33 342.19
308.11 165.13 446.49 223.06
698.73 174.54 796.51 229.65
451.34 162.98 538.22 196.42
0.0 189.43 32.219 309.12
2.0917 215.64 104.81 349.79
0.0 86.054 311.74 375.0
710.21 173.2 820.44 245.93
127.9 177.35 385.78 281.67
663.59 166.55 804.87 236.93
0.0 205.59 35.284 340.24
0.0 186.88 51.641 341.89
5.4766 192.02 42.031 305.46
152.2 199.55 332.33 308.19
351.05 159.58 456.97 203.57
676.63 132.32 889.25 291.88
656.07 180.07 698.17 217.43
244.91 178.98 367.94 239.78
8.2394 155.08 77.61 333.92
0.0 147.5 256.81 298.02
498.36 173.81 550.33 194.97
171.67 152.23 395.84 295.88
278.75 165.64 413.32 223.58
319.86 155.51 493.75 218.6
148.82 215.33 343.51 292.63
642.03 166.97 762.2 235.63
0.0 198.58 24.81 317.89
409.89 165.74 495.6 201.5
0.0 192.81 108.11 311.04
501.26 173.2 536.64 197.83
81.165 149.75 364.92 284.7
20.193 191.26 283.45 314.28
4.8376 207.74 42.843 328.27
229.48 167.65 350.14 253.49
288.5 162.56 415.05 211.73
0.0 235.29 156.99 347.13
13.295 180.27 133.8 284.41
