40.59 128.7 145.59 334.76
0.0 174.48 2.46 235.83
0.0 197.35 18.7 229.51
0.0 172.07 86.05 246.67
1205.26 131.29 1242.0 195.53
1234.63 154.66 1242.0 195.48
1234.7 177.95 1242.0 195.47
852.89 184.22 877.33 207.92
1184.65 175.83 1242.0 375.0
1147.07 257.84 1232.73 337.99
1203.61 118.41 1242.0 248.81
700.35 179.54 709.84 205.61
0.0 125.99 211.44 236.57
1204.1 172.36 1241.0 375.0
11.097 137.72 224.04 218.33
57.998 145.9 139.87 351.63
55.145 112.84 149.16 324.44
0.0 179.75 90.679 255.39
0.0 190.19 73.159 231.12
1209.5 135.41 1238.1 233.09
0.0 179.91 19.381 237.28
0.0 167.62 19.643 220.27
0.0 188.61 8.1263 242.49
0.0 175.65 8.0262 231.45
0.0 164.69 7.2967 218.6
0.0 193.09 11.142 224.46
0.0 185.85 11.202 243.78
0.0 185.19 11.806 216.31
1165.7 245.81 1241.0 329.59
854.64 168.22 881.33 187.93
841.78 171.53 881.16 189.84
846.77 167.73 873.94 188.17
850.1 171.74 889.18 189.19
833.76 171.46 872.32 190.47
842.67 170.11 870.41 191.83
839.4 174.93 877.13 193.51
853.88 172.03 881.37 191.26
837.23 165.81 866.73 188.16
849.61 166.43 861.9 203.74
842.38 173.47 869.07 195.58
852.38 166.88 864.3 203.16
856.27 164.62 867.67 199.01
839.87 179.48 877.29 197.9
845.42 175.09 886.04 193.65
1204.1 149.47 1241.0 189.07
1215.2 140.09 1241.0 195.84
1203.5 141.0 1241.0 181.12
0.0 188.77 36.093 230.53
0.0 182.31 36.795 223.01
0.0 197.4 36.596 238.49
0.0 205.97 36.187 246.19
0.0 200.51 21.764 223.48
0.0 204.24 22.34 227.66
0.0 196.47 21.722 219.11
0.0 200.89 11.437 232.85
0.0 192.39 22.106 215.22
0.0 212.27 21.815 234.82
0.0 208.9 11.026 240.7
0.0 216.53 21.613 238.83
1237.0 158.4 1241.0 204.74
1237.0 150.48 1241.0 196.44
1237.3 142.61 1241.0 187.85
1228.0 173.74 1241.0 194.88
1227.9 169.89 1241.0 190.72
1227.8 165.95 1241.0 186.68
1227.7 162.0 1241.0 182.69
1227.8 158.02 1241.0 178.65
1234.1 169.15 1241.0 198.34
1234.1 161.36 1241.0 190.53
1234.0 153.54 1241.0 182.42
686.32 165.15 702.4 220.53
683.07 165.91 699.09 219.25
1228.2 177.46 1241.0 198.58
1227.6 181.08 1241.0 202.46
1227.8 184.72 1241.0 206.4
1233.5 176.1 1241.0 206.01
1228.2 192.87 1241.0 214.5
1228.2 188.77 1241.0 210.39
28.501 145.38 124.52 342.42
41.381 177.68 121.96 348.03
21.939 140.17 99.629 334.04
26.313 171.54 150.81 346.69
30.249 203.93 138.41 350.29
34.64 130.66 122.52 305.08
28.184 186.73 111.53 372.02
5.3752 149.5 76.114 333.57
11.726 158.54 130.93 318.09
8.3349 219.89 147.35 338.34
19.136 117.47 96.9 294.88
21.58 194.7 94.138 375.0
0.0 188.19 165.56 335.72
46.819 202.84 122.24 374.13
39.78 146.31 89.736 279.21
11.57 144.72 120.17 285.9
47.563 151.98 98.071 282.48
