1205.49 131.31 1242.0 195.49
1234.84 154.66 1242.0 195.44
1234.24 177.95 1242.0 195.44
0.0 185.23 18.72 233.32
0.0 174.52 2.19 235.54
1240.03 181.58 1242.0 256.66
1146.7 257.92 1232.66 337.92
853.01 184.22 877.45 207.96
1167.23 221.99 1226.56 333.72
1225.09 214.83 1242.0 247.82
1191.06 222.62 1239.0 285.38
1138.81 118.5 1242.0 255.5
1148.3 130.13 1241.0 241.4
0.0 191.12 18.112 243.56
0.0 175.87 18.215 228.39
0.0 189.3 6.7114 240.83
0.0 180.75 6.3851 232.85
1165.7 246.45 1241.0 330.93
1227.5 171.21 1241.0 261.03
839.78 171.26 881.66 189.95
846.17 167.12 873.92 188.14
836.91 169.7 866.87 192.95
845.45 170.24 874.24 192.55
848.67 171.24 889.71 188.83
836.58 165.48 866.69 188.56
849.27 164.8 861.97 205.24
853.08 170.98 881.51 190.74
0.0 198.8 34.117 238.36
0.0 190.55 33.204 230.8
0.0 183.23 34.956 222.75
0.0 200.81 6.8707 253.18
0.0 175.99 36.909 214.12
0.0 205.08 20.605 226.99
0.0 189.27 25.506 238.11
0.0 201.32 20.501 222.73
1204.3 149.55 1241.0 189.14
1203.4 141.13 1241.0 181.16
1215.3 139.91 1241.0 195.84
1185.5 146.77 1241.0 182.22
1208.0 205.33 1241.0 244.65
1214.5 196.47 1241.0 249.33
1209.9 213.7 1241.0 253.41
1177.1 220.98 1241.0 347.68
1236.9 158.13 1241.0 204.64
1237.1 150.29 1241.0 196.38
1237.2 142.38 1241.0 187.78
1227.9 169.83 1241.0 190.77
1227.8 165.91 1241.0 186.78
1228.0 173.66 1241.0 194.88
1227.7 161.92 1241.0 182.79
1227.7 157.99 1241.0 178.72
1233.8 165.26 1241.0 194.41
1234.0 157.5 1241.0 186.6
1233.9 172.67 1241.0 201.79
1234.2 149.87 1241.0 178.16
1209.6 239.27 1241.0 277.31
1228.1 177.36 1241.0 198.54
1227.7 180.97 1241.0 202.44
1227.9 184.67 1241.0 206.4
1228.1 192.82 1241.0 214.49
1228.2 188.71 1241.0 210.39
941.37 139.32 1033.4 326.28
919.52 119.32 1017.6 333.55
921.94 142.59 1051.7 330.72
922.28 183.96 1038.6 336.48
955.54 126.45 1044.6 305.89
944.99 171.62 1024.5 337.41
906.21 118.74 994.16 330.76
925.42 159.95 1011.2 337.52
900.55 200.58 1046.5 316.04
896.27 157.32 1063.3 314.01
907.61 134.38 1035.0 300.97
927.11 216.83 1043.9 327.19
843.66 113.38 1087.4 325.7
812.25 137.28 1108.3 310.58
967.72 110.55 1058.9 318.98
