669.88 163.24 903.82 258.35
68.85 187.89 301.38 308.86
648.65 182.22 689.4 214.7
548.48 177.3 553.64 186.39
639.94 192.36 647.17 206.29
666.61 167.47 686.8 184.3
633.69 185.05 637.18 198.34
539.88 184.81 560.74 227.74
0.0 195.04 169.77 303.7
671.52 151.82 687.56 186.92
646.68 195.8 651.22 209.52
588.44 175.85 598.22 193.51
1212.39 169.56 1242.0 211.0
671.7 161.36 895.26 257.63
681.28 155.76 917.34 270.08
641.75 177.9 685.56 214.14
635.0 175.86 677.91 211.01
639.46 174.73 687.85 213.45
647.0 177.41 684.15 207.85
649.41 177.74 699.98 216.55
651.01 180.86 691.52 212.72
631.75 170.88 677.81 209.03
655.84 175.11 708.85 221.18
639.89 175.67 682.01 200.97
650.81 176.83 684.1 201.13
658.16 178.41 690.89 208.24
649.42 186.81 679.77 212.84
653.62 172.88 675.7 213.22
649.66 173.77 672.51 214.89
657.5 173.77 680.39 216.32
661.6 170.62 681.89 212.73
639.28 183.69 701.67 220.3
666.75 170.14 685.8 213.07
647.3 178.88 692.06 202.89
662.75 176.38 681.71 220.55
640.25 173.47 699.13 208.78
659.05 167.18 682.78 218.27
665.11 170.12 688.78 221.39
651.87 168.87 675.39 217.67
646.59 188.36 684.84 215.51
647.61 185.25 696.74 214.74
656.16 166.47 672.13 203.14
659.99 167.12 676.51 203.92
668.49 176.92 684.82 223.44
634.25 183.85 681.72 212.75
658.78 164.03 670.92 196.62
664.47 168.32 680.11 205.64
660.62 179.76 689.06 203.01
647.63 176.62 690.33 196.15
661.03 180.42 676.49 220.23
662.34 164.54 674.43 196.75
657.45 178.48 674.03 217.85
664.11 182.24 679.39 221.78
661.45 182.34 695.0 211.88
653.32 163.49 676.38 229.33
655.19 180.28 696.05 201.75
656.75 163.78 685.57 225.37
657.31 183.6 704.49 212.11
666.07 166.53 678.41 199.8
651.92 195.58 676.6 213.23
657.57 189.5 685.24 216.75
644.51 184.42 675.19 211.46
633.75 178.2 685.89 219.33
538.47 171.45 553.76 216.29
534.87 168.78 551.88 210.44
543.63 174.51 556.27 211.19
532.97 167.92 552.34 221.02
527.7 164.98 553.44 228.83
530.26 175.34 552.6 230.69
537.14 177.14 554.04 228.08
531.74 180.16 558.37 210.07
651.29 174.98 676.89 194.01
652.03 164.51 667.23 202.85
654.99 176.11 680.6 193.65
652.73 172.54 686.25 190.32
647.05 171.28 670.4 190.82
650.47 171.97 674.0 190.1
1219.3 170.21 1242.0 229.81
1221.1 160.96 1242.0 220.29
1207.5 181.22 1242.0 222.14
1208.7 173.14 1242.0 212.83
1208.8 157.53 1242.0 196.57
1209.1 165.53 1242.0 203.62
589.74 170.43 599.11 198.59
588.16 171.64 604.39 188.74
585.6 169.02 595.5 196.0
592.87 169.2 602.62 199.35
584.62 170.99 602.38 189.97
582.09 168.25 592.38 197.48
630.09 172.97 664.19 203.22
635.15 173.75 664.67 196.79
628.79 175.21 658.73 200.78
621.68 174.44 666.11 199.32
632.11 174.36 659.52 195.77
643.69 174.03 663.14 214.12
636.66 173.02 654.63 210.28
639.62 172.61 657.89 213.44
634.89 180.67 661.58 208.65
628.6 175.39 653.58 194.7
622.4 172.95 662.87 192.83
624.42 179.74 660.1 201.74
635.59 175.13 648.31 211.67
630.55 178.47 653.43 203.55
620.97 175.88 659.54 196.25
627.53 172.56 637.36 204.15
630.39 183.68 668.1 209.37
634.79 171.49 650.54 206.28
635.98 165.36 653.81 205.76
633.19 167.64 647.87 203.88
632.44 170.06 644.68 203.05
630.84 169.18 642.22 202.74
633.77 165.27 645.11 197.8
539.4 172.83 563.4 194.34
534.17 171.93 564.2 191.96
531.01 172.78 566.92 196.06
541.76 174.45 562.41 191.23
530.15 172.68 562.34 201.89
545.12 172.29 558.13 203.81
548.09 172.67 560.15 199.85
540.34 170.34 555.59 205.78
545.22 170.16 557.93 196.29
541.07 167.29 554.9 196.98
537.1 165.09 551.86 200.92
538.42 170.79 560.1 188.53
535.74 176.83 565.93 193.56
551.22 170.56 561.22 198.71
549.28 167.29 561.1 193.62
545.05 172.99 564.84 189.88
532.51 179.26 567.22 199.64
534.24 165.44 565.12 183.09
538.54 176.84 560.34 198.0
551.32 173.3 570.35 191.15
551.84 165.55 563.03 193.48
555.87 167.31 566.24 196.65
539.01 171.11 568.74 187.63
541.54 164.3 553.22 193.79
537.22 180.31 569.74 195.97
537.3 179.95 558.54 204.72
81.163 191.27 292.3 321.55
54.218 185.44 297.65 320.73
1.7806 203.88 180.21 285.22
854.84 161.04 1242.0 356.97
839.91 152.29 1160.4 375.0
945.44 147.41 1242.0 371.59
804.6 178.05 1128.4 361.09
0.0 215.51 187.81 374.11
696.13 161.01 880.97 243.01
674.22 163.86 830.32 262.93
114.96 176.0 300.64 331.99
738.4 119.12 1242.0 375.0
0.0 205.38 195.47 375.0
90.311 209.36 292.14 303.3
780.32 173.4 1035.4 375.0
735.34 158.29 902.22 258.84
0.8521 218.29 154.54 352.48
0.0 225.15 226.09 352.21
628.45 174.5 669.88 208.43
453.46 174.99 550.64 234.18
35.337 211.81 210.67 367.88
89.991 203.41 265.18 346.29
693.84 0.81305 1242.0 375.0
84.087 192.26 303.35 347.98
51.849 200.49 270.43 354.72
32.058 211.95 278.03 323.86
113.15 182.07 340.84 345.77
684.42 181.77 869.19 260.79
601.83 83.498 1242.0 375.0
899.8 170.16 1201.9 375.0
0.0 221.31 149.77 311.33
470.93 170.02 563.1 226.34
148.46 178.41 376.54 357.03
1000.8 168.0 1242.0 349.45
886.82 139.72 1242.0 305.44
727.74 167.52 923.63 247.24
936.51 167.06 1242.0 324.53
184.51 168.23 412.69 360.76
625.46 171.83 672.05 202.3
755.62 208.85 1107.4 375.0
794.88 161.96 1076.4 332.3
9.1315 225.17 130.49 339.61
48.025 237.55 193.4 375.0
727.04 145.06 945.97 324.38
150.86 173.08 310.17 315.96
758.74 160.05 988.59 345.44
450.89 186.48 542.55 238.57
72.028 217.31 227.95 364.59
1152.4 188.34 1241.9 375.0
695.95 133.4 919.17 301.23
0.0 71.274 355.05 375.0
99.013 202.67 367.41 360.25
201.26 138.29 446.61 353.37
713.08 176.24 868.43 277.15
0.0 152.59 327.22 375.0
127.98 192.47 321.77 297.6
831.97 162.41 1242.0 375.0
764.67 160.64 914.76 277.05
228.77 167.36 472.89 368.65
1138.7 201.39 1227.8 375.0
499.19 171.23 559.87 225.29
19.767 203.43 170.09 340.12
51.254 236.31 247.78 342.55
3.1804 178.65 219.95 358.78
664.2 164.47 810.81 239.3
829.63 62.21 1242.0 375.0
826.74 136.62 1183.9 303.73
9.0098 216.9 119.41 317.77
134.13 166.76 404.74 325.21
19.439 256.26 183.24 368.66
129.68 202.82 287.11 340.55
0.0 124.86 487.15 375.0
1173.6 207.48 1242.0 375.0
624.79 174.96 685.41 208.76
448.02 179.22 545.2 224.31
63.342 200.77 188.25 375.0
0.0 222.81 300.18 375.0
1032.6 183.27 1242.0 268.56
185.17 203.9 446.36 352.98
660.87 178.8 732.74 227.62
192.35 168.67 353.59 327.43
108.64 220.89 302.56 326.45
48.708 197.26 231.3 338.48
185.73 143.42 286.17 331.0
0.0 210.87 220.33 310.07
33.248 200.07 155.28 375.0
453.96 167.77 551.28 220.53
626.66 171.2 668.95 195.52
167.74 180.96 325.27 343.3
1017.2 191.78 1242.0 291.75
75.773 249.25 207.49 375.0
169.75 159.9 270.57 324.28
118.8 220.91 258.04 339.52
165.59 189.23 367.98 306.19
1114.5 176.21 1224.4 375.0
205.98 176.03 418.25 290.69
968.23 203.94 1242.0 375.0
199.57 136.34 308.22 336.06
1101.1 212.18 1233.6 356.86
122.56 199.64 283.44 274.94
98.504 241.24 259.94 331.9
225.69 165.71 405.77 329.22
1158.3 224.74 1233.1 375.0
485.06 171.67 555.53 230.98
243.55 136.66 495.69 337.42
80.492 173.93 201.64 375.0
146.23 199.72 339.85 318.32
52.569 205.82 275.42 290.81
1064.4 204.32 1225.4 360.28
521.46 175.82 570.52 200.43
658.97 156.52 781.65 247.84
1104.0 172.54 1242.0 278.03
1116.3 240.99 1236.5 375.0
10.282 192.89 128.59 375.0
157.51 174.97 256.16 334.31
649.06 185.56 712.13 223.09
444.89 183.84 525.16 245.39
76.412 228.79 174.55 375.0
1049.8 184.5 1235.6 333.83
1195.9 216.43 1242.0 375.0
969.57 127.82 1242.0 290.6
1018.6 213.64 1242.0 327.69
666.93 177.15 764.47 239.78
107.77 219.25 194.47 375.0
957.59 164.22 975.95 222.81
57.92 265.7 217.0 359.88
0.2605 217.59 31.922 327.79
663.9 189.02 837.49 259.56
1.6935 189.85 131.71 375.0
27.084 184.02 150.27 375.0
646.44 174.75 668.22 215.18
