482.02 180.71 529.79 211.61
611.11 175.83 683.54 215.79
501.67 168.6 548.11 208.68
654.31 176.02 665.18 184.03
565.87 153.51 571.71 183.79
548.58 192.06 553.03 201.16
407.3 173.53 475.86 234.32
460.66 178.83 487.44 192.79
573.02 152.28 654.76 184.16
0.0 294.66 278.78 375.0
657.79 157.35 695.31 183.57
667.45 182.98 677.5 187.5
445.51 151.12 486.09 202.0
685.98 151.78 702.51 182.86
672.18 151.52 694.14 186.87
683.41 152.57 687.28 183.17
680.8 153.94 682.04 176.22
512.15 151.17 519.47 169.52
0.0 275.41 281.1 375.0
583.83 159.97 655.66 196.38
590.7 156.37 644.1 201.41
577.62 150.83 659.19 187.63
614.28 172.04 674.0 217.64
617.01 173.28 669.35 215.09
628.78 172.47 671.78 210.95
605.11 180.53 674.95 219.45
621.42 176.94 678.29 208.55
619.77 173.0 673.07 202.78
628.71 176.13 680.75 203.19
612.55 165.13 674.03 200.51
617.15 182.58 675.04 212.37
620.67 180.65 673.08 220.5
603.27 175.25 666.14 224.19
618.14 170.21 681.39 204.37
620.31 163.39 690.26 198.5
628.57 163.96 678.61 204.79
613.7 185.32 668.16 219.28
621.42 188.82 671.73 217.0
612.03 184.87 668.85 226.72
630.57 187.77 680.58 213.65
618.62 185.72 691.32 221.86
599.77 190.26 677.23 228.85
624.66 180.82 679.62 222.41
630.39 188.39 667.64 215.21
626.95 176.69 695.21 210.66
628.45 169.51 700.83 202.28
411.01 187.81 480.88 228.91
403.76 179.23 485.48 218.42
418.44 179.1 481.09 225.07
390.49 187.05 474.14 226.38
388.24 180.9 474.0 219.06
416.29 193.32 464.67 216.2
406.31 181.84 470.97 227.19
422.91 191.46 472.26 216.75
404.24 192.93 468.76 238.88
398.94 186.68 463.19 232.99
414.09 172.61 476.88 220.53
427.26 190.73 478.71 235.84
477.31 169.45 548.98 211.96
484.12 169.51 544.59 210.2
466.19 173.31 540.74 208.96
475.32 172.34 535.37 209.67
463.83 168.09 524.37 211.48
501.01 163.88 549.16 200.56
473.27 167.89 539.34 203.47
486.79 166.72 544.65 200.08
497.96 162.75 527.92 213.29
491.3 161.33 521.29 215.12
471.01 162.87 540.38 201.12
480.99 175.22 528.81 214.11
496.08 162.38 513.97 214.79
491.6 160.76 510.12 214.12
487.83 176.91 543.42 214.77
471.66 162.65 527.7 208.71
470.76 181.04 549.16 218.19
491.01 163.95 548.05 193.4
480.68 167.97 529.22 199.44
476.06 169.76 520.98 206.45
472.69 175.71 511.14 208.26
467.82 183.33 529.4 210.84
475.15 181.31 538.09 214.79
497.14 163.04 540.2 197.5
477.45 165.05 534.39 191.88
479.18 177.13 519.57 211.23
462.53 178.28 510.65 200.83
471.45 168.64 533.57 195.11
468.18 177.86 533.49 221.23
464.78 172.38 518.62 197.74
476.42 167.44 516.38 199.62
482.13 166.72 523.53 193.91
465.95 188.19 511.96 209.5
472.74 189.1 525.36 213.01
640.27 175.4 679.93 195.82
493.36 166.73 553.64 209.54
506.26 166.6 556.21 206.16
518.03 166.24 561.58 202.69
483.59 163.95 554.83 202.61
504.65 163.39 556.91 205.0
495.73 167.14 550.26 209.25
514.19 168.41 565.55 198.75
508.7 164.31 564.75 197.35
521.51 155.6 543.18 208.04
517.8 155.65 538.78 209.4
511.98 157.47 540.79 207.17
514.98 153.75 534.47 209.92
504.47 159.91 535.29 211.48
510.97 152.61 529.66 211.08
518.99 154.6 545.43 212.25
514.15 175.31 559.17 203.4
512.23 161.72 535.85 212.81
509.31 166.12 559.53 194.84
511.8 172.04 554.81 209.09
500.11 148.6 529.57 209.26
495.98 157.27 560.82 190.8
520.55 149.92 536.86 204.88
498.65 159.29 550.21 203.2
508.31 161.3 532.65 216.19
504.42 158.48 528.76 216.19
488.21 157.06 543.48 203.04
516.75 148.75 531.31 201.3
499.35 183.02 551.56 209.24
517.73 166.18 538.25 218.13
508.5 171.1 556.7 211.16
504.24 162.17 543.38 190.29
518.43 183.27 558.65 205.47
499.92 178.0 567.63 213.27
509.81 163.97 550.05 191.97
499.49 162.39 535.61 188.82
686.0 161.66 696.39 192.46
689.97 162.47 700.17 194.08
681.09 167.51 702.28 187.66
684.67 167.75 707.62 187.55
461.45 169.41 471.96 202.93
465.28 171.06 475.45 205.56
457.88 169.46 469.0 204.55
454.21 167.71 466.41 207.49
441.08 169.09 493.8 209.18
460.66 154.45 482.08 221.87
452.6 171.78 507.03 210.63
479.36 160.1 494.36 212.61
477.22 166.94 490.4 209.5
470.43 179.28 501.35 204.27
474.02 170.08 485.39 207.77
469.48 175.97 498.26 200.41
466.79 178.26 492.87 199.62
468.64 172.68 495.4 195.08
466.38 175.35 490.96 195.24
469.73 168.55 480.06 201.16
472.04 170.04 504.51 196.92
466.78 180.82 496.82 202.41
462.59 175.36 486.05 193.53
470.64 172.21 480.75 208.47
462.49 178.29 486.44 197.26
454.18 176.69 477.12 196.12
476.52 163.49 487.5 198.87
473.36 165.87 483.5 197.44
453.06 179.31 477.61 200.31
445.33 177.26 484.23 195.39
442.11 176.55 471.19 198.3
463.62 181.08 488.53 200.08
458.1 179.8 495.04 198.94
450.44 180.96 487.84 199.75
546.98 168.48 561.15 203.06
547.54 162.61 561.42 198.06
550.39 164.36 562.39 197.55
550.68 173.29 560.73 203.58
548.6 156.98 560.54 193.82
552.63 157.15 564.41 192.92
555.47 162.04 566.37 195.04
658.07 163.63 673.44 207.25
533.04 174.1 566.22 197.87
533.8 174.83 558.11 200.41
538.82 176.09 558.18 197.33
546.71 173.27 557.64 206.37
532.98 180.19 562.31 200.49
535.39 172.34 568.4 191.14
542.82 174.81 553.25 210.12
537.89 182.25 565.87 200.17
541.77 173.74 561.2 194.55
532.06 179.33 554.9 202.95
535.56 176.43 568.31 194.68
547.14 177.51 556.53 212.7
538.41 181.52 556.08 200.39
634.92 157.22 651.59 201.14
640.3 160.83 652.99 202.13
637.16 177.67 679.17 200.7
644.56 163.17 657.91 203.79
636.95 171.97 668.62 197.96
636.45 160.21 648.81 198.32
637.64 168.95 676.88 187.67
640.94 169.75 669.7 193.27
609.67 175.1 662.42 212.17
612.92 172.46 656.06 208.41
605.79 170.35 662.38 216.38
619.34 169.81 660.52 205.94
609.23 172.94 653.51 199.22
620.05 170.54 652.8 196.32
521.74 166.98 559.7 201.08
617.02 171.34 659.96 194.11
530.2 169.56 563.46 200.06
538.43 170.25 565.25 196.91
637.2 158.05 656.64 211.61
633.04 159.46 652.66 210.59
612.01 171.59 649.65 191.41
629.42 160.8 649.79 210.98
640.01 163.55 661.16 216.91
627.36 168.8 659.92 198.26
603.57 174.67 651.05 204.75
