63.45 153.61 132.93 207.33
70.47 173.65 116.59 206.59
463.95 148.88 478.86 184.78
478.98 169.37 497.91 182.75
475.2 155.3 479.29 173.23
476.4 176.63 488.91 185.85
551.87 165.63 564.22 177.89
554.73 176.88 559.12 186.01
543.87 175.07 551.54 183.12
455.59 184.35 483.14 189.7
570.9 157.77 573.52 166.65
593.5 172.72 600.8 176.26
576.07 152.23 584.15 169.69
1066.05 116.17 1242.0 287.2
577.76 165.88 581.38 169.66
446.91 184.92 466.76 190.23
582.72 158.52 587.71 167.64
558.91 171.9 622.27 197.94
55.87 166.94 81.83 199.36
1178.54 118.01 1242.0 240.49
1142.99 220.5 1242.0 303.59
481.24 173.73 530.93 186.57
561.47 153.54 567.01 161.59
1175.3 223.29 1242.0 243.87
431.0 145.7 462.76 190.97
1059.2 122.09 1224.9 269.74
539.92 170.23 606.71 204.89
540.19 154.99 609.85 190.91
1188.2 135.39 1242.0 258.21
1161.7 133.22 1242.0 222.07
1160.0 214.61 1242.0 298.41
1157.9 232.57 1242.0 315.53
471.7 162.03 497.59 182.88
474.15 160.16 498.57 179.65
470.3 162.44 492.18 181.49
471.83 160.22 494.55 176.61
470.28 165.87 494.46 185.73
477.53 159.58 491.23 188.7
473.58 158.75 487.16 185.85
480.64 156.27 494.62 182.88
472.93 158.69 496.6 173.78
480.72 161.61 493.69 186.98
463.89 163.1 484.28 181.12
476.83 168.43 497.12 184.81
462.86 160.29 482.66 178.9
481.87 151.79 494.13 177.43
480.96 164.47 492.86 194.04
463.0 166.36 485.98 184.39
478.84 152.27 490.02 177.51
472.88 163.29 486.66 195.73
460.75 163.76 491.52 180.97
470.85 158.55 481.79 185.79
470.25 161.34 482.25 191.21
474.64 152.77 485.48 179.16
458.09 160.17 489.36 177.96
458.06 167.41 490.53 184.45
456.96 159.57 477.34 178.19
466.32 157.8 487.58 175.69
466.2 155.46 476.82 183.67
483.43 163.59 493.19 189.24
462.71 156.87 495.71 173.68
451.99 161.13 473.76 179.09
461.02 154.05 472.15 184.0
452.55 159.95 482.89 177.0
454.46 164.22 484.4 180.38
457.66 166.23 479.32 183.44
460.36 157.64 481.35 175.79
465.6 163.36 476.67 193.59
457.4 151.52 468.37 182.46
469.64 153.03 480.2 181.22
483.44 167.56 493.32 195.94
453.04 168.31 485.11 184.25
451.01 165.27 474.78 182.91
456.19 156.58 488.7 173.56
464.7 152.95 475.31 182.25
461.68 161.08 471.9 192.32
476.61 163.99 488.61 197.57
458.11 159.84 468.54 193.14
446.46 160.37 469.76 179.71
451.1 156.96 474.09 176.81
447.41 156.72 480.09 174.04
454.23 153.4 464.83 186.51
444.18 163.22 476.8 179.49
484.68 160.97 513.99 175.77
493.63 163.14 511.7 176.75
492.45 158.76 511.57 173.55
487.35 165.77 515.13 179.61
497.07 163.64 517.56 177.03
497.44 160.03 518.05 174.02
488.46 161.67 519.91 176.15
493.75 166.0 523.48 179.12
487.5 159.21 518.94 173.78
492.98 167.05 513.03 181.62
491.39 158.52 523.19 172.78
480.93 173.75 512.68 188.62
40.08 166.3 94.053 209.35
38.851 173.9 95.762 215.09
50.711 173.89 94.951 207.5
40.713 178.62 99.041 204.65
46.567 185.17 99.112 210.4
52.293 178.4 94.885 214.92
66.74 160.29 84.519 217.78
53.429 181.54 88.022 211.61
60.093 163.52 147.85 220.93
56.243 172.63 135.09 219.38
74.132 172.09 144.21 225.65
54.982 164.23 120.31 216.3
63.756 156.41 147.98 207.61
79.27 151.57 115.98 216.43
57.744 153.58 134.17 213.36
69.573 171.82 133.76 213.25
46.661 159.72 132.16 201.97
49.556 155.47 116.25 205.04
81.759 171.63 145.31 211.17
467.97 160.12 499.92 177.56
470.59 157.67 502.87 173.69
477.17 159.08 500.22 174.33
472.64 164.76 501.28 181.31
469.98 169.1 500.19 186.03
464.2 169.27 496.51 187.19
483.12 158.42 502.92 174.45
484.51 155.86 496.16 181.86
470.6 154.62 500.88 169.79
483.43 163.63 502.13 179.06
483.97 161.97 494.53 185.74
485.8 151.45 496.69 177.22
489.15 158.07 507.56 173.48
478.11 160.03 507.01 176.36
473.69 172.28 504.07 187.13
479.91 157.65 508.53 172.94
488.67 153.58 498.17 180.79
489.94 163.38 507.18 177.57
479.41 165.44 506.54 180.17
481.96 166.21 500.43 182.2
492.71 155.82 501.76 182.05
488.17 161.16 496.87 186.23
478.75 154.8 507.66 169.85
460.17 171.09 486.31 190.1
468.48 174.02 496.7 189.66
479.15 169.88 508.23 184.67
482.41 170.95 502.39 185.96
477.87 171.2 499.48 186.99
489.18 166.75 507.36 181.52
492.86 160.84 501.12 185.85
464.61 170.17 490.55 189.92
489.99 150.29 499.65 175.68
477.94 176.22 506.49 189.84
496.39 154.89 505.27 181.47
62.839 177.39 120.56 220.95
50.859 166.84 108.55 213.18
66.324 159.19 97.392 224.39
62.687 179.89 126.53 218.23
83.4 154.55 110.11 225.55
77.106 157.64 101.68 224.26
54.943 182.76 116.42 218.93
54.223 174.15 119.76 213.86
63.63 184.9 107.66 220.34
71.448 182.14 115.05 221.21
57.994 181.15 102.73 217.1
55.512 174.26 102.43 210.94
78.867 156.8 99.077 225.23
70.73 193.54 120.19 222.94
443.77 159.61 476.87 176.43
453.92 171.44 489.52 188.56
556.6 158.85 570.62 188.23
561.21 152.8 574.5 186.37
565.09 153.26 578.62 187.15
565.35 164.33 592.85 188.01
563.04 164.71 597.67 184.0
559.35 159.8 597.85 179.06
562.88 160.8 591.87 184.93
557.89 152.85 568.75 183.97
550.03 166.75 582.97 192.03
554.98 169.97 581.89 193.22
547.05 166.97 575.39 189.95
537.71 165.9 557.57 182.59
543.86 165.62 581.45 189.11
546.52 166.43 569.3 187.06
540.73 165.91 561.66 184.96
533.99 164.65 554.47 181.03
536.12 166.33 569.88 184.69
533.3 162.65 551.93 178.38
547.94 173.38 582.39 192.48
556.62 164.89 573.01 195.5
554.1 165.44 567.4 192.85
534.1 163.08 566.8 180.75
558.17 160.05 576.98 192.69
561.57 158.85 582.01 192.21
543.99 165.47 566.82 183.04
550.54 163.41 561.11 188.21
537.18 170.48 569.43 187.74
551.21 163.15 578.29 184.13
546.33 164.1 572.17 182.9
539.55 163.29 572.86 181.23
553.04 160.15 565.95 187.57
547.27 163.87 556.47 187.38
543.59 163.55 553.32 184.12
539.52 162.9 550.0 184.37
548.32 169.11 566.55 188.79
547.6 167.33 556.49 191.73
554.07 169.31 576.43 189.55
545.94 158.64 555.83 182.91
535.97 162.08 545.34 183.31
551.47 167.89 561.7 196.35
543.7 167.79 552.32 193.72
553.64 155.49 564.94 184.34
550.04 157.37 560.46 183.95
536.59 164.86 545.43 188.05
543.74 170.35 560.62 186.35
545.43 174.64 575.66 192.18
540.26 167.23 548.88 193.67
567.8 153.33 583.0 190.88
536.43 167.68 545.01 194.68
538.86 171.61 555.35 185.42
532.66 172.04 551.13 185.01
547.48 169.94 556.1 197.67
550.67 171.05 569.3 188.0
555.22 162.11 578.84 180.19
539.49 175.46 567.64 190.58
550.81 160.31 574.47 177.6
537.83 163.96 559.66 179.47
553.66 174.38 575.82 191.4
545.92 160.71 570.43 177.42
543.44 158.71 578.34 175.69
543.52 162.65 565.92 178.76
538.99 157.71 548.79 184.02
535.52 175.43 561.51 189.22
542.17 157.25 551.98 183.7
531.22 164.59 560.88 182.33
530.31 162.16 558.9 178.6
529.77 161.86 548.52 176.91
531.21 166.88 549.47 180.76
531.47 170.6 559.23 186.65
527.64 164.76 556.21 180.29
554.34 163.29 567.22 202.16
526.64 167.21 552.76 181.65
525.02 162.51 554.86 178.03
530.8 164.32 539.62 188.9
524.75 163.36 543.09 177.77
531.27 161.23 539.99 183.61
531.17 159.1 562.32 174.17
531.15 167.91 539.93 196.71
525.59 172.34 551.55 186.64
543.96 172.51 552.07 200.96
527.73 162.78 535.73 191.47
526.7 172.02 546.28 185.08
528.15 158.48 557.74 172.94
551.43 157.91 587.71 174.31
1166.5 220.85 1242.0 262.67
1190.7 221.86 1242.0 263.42
1172.7 213.17 1242.0 256.01
1190.1 206.7 1242.0 247.1
1169.4 206.25 1242.0 246.07
574.67 165.53 589.9 194.08
574.38 155.53 590.04 190.44
578.27 158.39 592.53 192.69
559.68 164.58 578.53 197.91
560.7 165.39 575.55 205.68
85.764 165.11 195.46 230.55
551.67 166.68 593.88 193.59
63.839 166.73 169.14 224.25
79.59 163.23 188.61 238.32
558.2 170.81 589.64 196.14
67.387 157.2 175.06 231.2
77.997 169.64 163.27 231.49
81.797 164.16 175.61 217.24
551.56 164.38 590.11 187.31
97.79 165.86 189.77 213.96
826.47 184.29 1165.0 375.0
48.811 147.82 158.43 227.02
562.93 167.18 591.18 193.38
548.09 157.02 595.28 197.37
89.931 169.74 186.21 243.41
883.26 207.22 1219.5 374.02
