260.56 177.16 368.39 233.27
441.22 179.09 511.26 224.29
343.34 181.58 462.93 248.94
571.11 170.86 656.25 248.63
103.52 178.54 186.36 232.53
426.7 188.53 445.62 202.09
0.0 178.11 107.17 265.23
638.08 187.08 654.56 196.27
644.22 182.92 650.47 192.38
367.03 172.29 408.26 194.59
479.01 147.52 541.58 210.6
39.62 196.59 114.2 217.13
565.68 176.5 659.47 255.54
571.08 172.39 648.73 241.14
565.83 170.64 663.07 248.67
582.9 174.33 658.59 237.72
564.6 178.37 652.77 231.51
559.58 180.52 662.8 262.83
589.99 184.55 657.04 245.37
588.44 156.51 645.68 263.13
571.93 189.74 661.94 240.75
346.78 189.86 449.1 255.31
340.72 185.54 453.67 253.5
349.08 184.19 452.39 241.81
350.28 182.73 465.15 265.7
0.0 182.96 125.08 273.29
6.2924 175.23 96.665 279.12
0.0 177.41 105.02 252.84
0.0 194.51 111.35 254.28
482.33 167.36 552.72 201.66
475.16 158.85 558.64 196.49
495.34 157.95 552.33 197.68
259.78 180.22 371.62 238.98
273.12 180.23 375.93 226.57
256.66 179.47 380.21 238.83
248.44 169.94 365.91 244.26
267.3 180.76 360.11 220.46
260.59 181.88 351.62 249.17
279.06 182.45 360.52 231.98
441.81 179.68 503.08 227.49
445.86 182.52 506.92 219.33
435.43 188.46 507.56 225.7
428.95 180.42 495.43 215.89
439.71 182.63 501.29 225.44
449.23 181.85 510.75 221.72
444.14 179.13 498.52 215.77
456.65 177.13 512.22 222.09
459.18 177.39 526.0 213.51
461.07 184.86 512.34 218.48
456.28 187.16 508.17 224.67
458.22 177.71 494.06 207.18
457.57 180.19 506.84 211.49
432.5 190.33 493.76 227.28
441.41 193.33 503.72 226.8
449.6 173.11 513.8 206.91
435.73 174.34 501.7 207.45
368.63 182.65 409.59 204.68
374.47 181.75 420.12 205.07
365.87 183.33 419.39 208.2
382.77 180.68 416.53 206.78
372.69 181.95 399.02 200.81
367.76 180.57 407.15 199.38
376.45 183.17 402.93 202.85
376.9 180.59 414.8 199.32
385.05 177.12 397.38 214.18
381.15 182.25 406.97 202.15
370.33 185.46 425.73 213.1
385.32 181.26 411.17 201.5
349.28 180.26 422.49 213.4
381.34 177.28 394.68 212.89
366.56 182.03 395.71 202.79
383.44 180.57 421.03 198.5
376.99 175.52 390.12 212.84
382.45 180.49 423.54 211.49
86.385 181.82 194.83 236.22
84.286 192.16 194.36 244.8
101.51 181.29 190.33 249.4
84.517 184.49 170.92 227.45
112.3 177.03 206.23 219.45
105.85 176.98 186.41 232.06
92.747 177.15 176.99 218.98
44.707 181.33 116.38 236.37
23.375 189.14 126.62 230.38
37.531 184.67 122.24 222.11
420.79 180.06 449.54 205.67
414.84 180.76 456.86 204.53
418.06 180.67 445.65 209.06
426.17 177.12 440.03 214.78
429.37 176.82 443.2 217.06
411.37 182.57 452.65 207.65
432.63 177.08 446.56 215.94
423.66 177.54 435.95 210.27
420.83 183.73 444.67 202.34
415.47 183.4 438.44 205.06
424.82 183.23 450.46 202.59
436.08 175.26 449.73 215.67
426.33 179.61 453.98 208.1
414.02 181.74 452.81 199.88
422.18 183.48 450.07 212.38
411.78 183.58 441.23 207.75
418.76 179.6 459.78 200.9
439.52 175.01 454.74 217.25
442.18 169.81 462.91 219.55
431.97 179.56 463.33 210.92
419.67 178.89 430.33 209.55
416.0 183.15 434.86 201.15
417.47 182.62 463.82 210.04
418.7 175.31 432.09 214.61
407.63 183.09 433.62 205.07
424.16 180.41 434.1 208.26
440.62 172.11 453.43 209.37
412.97 184.53 446.37 212.94
426.58 178.5 437.68 208.65
409.92 186.22 455.95 210.76
444.43 170.89 459.06 210.82
408.84 182.37 429.71 199.29
415.27 177.21 426.55 210.98
411.53 181.67 442.56 198.92
414.25 175.53 428.08 219.23
432.21 179.14 459.21 202.05
419.23 178.09 456.34 195.49
426.21 180.72 451.07 198.62
422.85 181.26 444.98 198.04
419.96 180.13 438.97 196.13
439.79 176.82 463.39 196.57
429.31 178.44 454.91 197.95
433.53 176.76 458.34 196.5
412.95 179.77 431.08 194.83
409.47 187.8 447.09 218.3
429.43 184.29 457.13 212.77
416.13 178.2 445.37 193.38
445.06 171.99 457.02 203.61
406.96 179.74 426.29 194.56
430.23 174.45 440.98 204.48
413.99 189.26 458.24 214.54
423.69 175.93 432.44 202.66
437.29 170.19 449.76 204.12
433.33 172.32 445.06 204.13
630.92 177.67 657.88 204.38
625.36 177.21 655.24 207.31
629.1 182.41 656.91 209.51
639.15 172.95 651.83 210.14
631.51 178.48 655.52 198.04
637.27 172.43 650.29 204.78
626.59 177.16 660.78 195.8
642.26 174.86 653.53 210.36
626.57 186.79 663.46 206.28
637.69 180.83 658.89 200.32
643.42 172.55 655.16 203.44
632.36 175.74 655.15 193.54
635.82 183.01 658.64 206.14
635.13 169.45 650.89 213.47
622.34 180.81 654.62 212.29
627.9 187.05 655.48 215.02
631.88 171.07 646.47 212.76
623.76 179.43 661.38 199.74
628.69 170.0 643.66 215.13
620.66 189.57 664.25 211.87
621.52 178.08 652.41 203.56
629.35 194.07 666.68 214.15
651.43 182.46 672.87 201.23
98.304 181.86 218.9 242.39
0.0 204.77 195.2 375.0
96.41 179.38 222.56 242.16
0.0 201.96 199.08 374.46
676.98 180.98 699.87 197.6
368.97 188.68 457.26 246.83
253.15 175.85 347.17 238.72
87.64 168.49 221.56 254.22
0.0 181.58 151.03 345.73
423.73 176.37 478.43 222.09
5.8891 184.15 118.06 308.6
678.88 183.66 699.18 198.85
331.16 188.93 436.93 243.72
251.05 181.7 346.31 226.59
381.26 182.95 450.73 242.84
425.85 183.14 491.04 223.28
106.25 179.14 221.1 229.45
60.233 181.64 217.96 258.12
0.0 191.33 145.55 299.6
293.14 186.92 380.11 233.51
80.506 188.13 175.46 239.84
673.92 179.55 704.3 197.35
585.97 180.09 663.32 228.42
682.3 180.27 703.36 198.4
13.518 226.6 228.42 354.88
0.0 162.4 210.51 354.43
395.3 182.05 456.95 234.95
411.38 177.42 465.39 224.96
287.67 179.3 380.71 242.47
75.229 185.19 148.45 242.59
17.602 229.58 166.84 375.0
57.628 182.38 188.41 375.0
0.0 218.15 159.52 334.26
555.31 192.19 655.97 257.44
674.46 182.1 698.4 200.09
86.516 179.54 163.71 237.88
65.511 205.09 224.87 370.52
464.53 178.79 522.07 221.47
247.44 188.37 341.94 236.85
1.7307 176.22 105.02 353.97
8.1292 175.41 81.351 342.71
334.21 182.11 413.5 249.15
401.82 184.68 478.41 228.37
100.97 192.53 201.25 368.41
573.08 175.01 649.7 218.99
14.359 171.98 168.39 375.0
0.0 206.93 208.84 323.24
27.303 183.7 171.53 317.38
0.61821 157.78 127.66 368.47
296.38 186.3 377.85 222.1
0.0 198.77 192.39 296.47
58.233 196.78 232.14 275.36
0.0 206.58 109.71 334.34
68.682 188.1 160.17 232.91
8.3591 158.7 70.58 302.47
286.83 182.51 374.2 216.58
309.57 187.94 396.93 231.67
402.81 180.73 454.27 223.76
45.659 201.17 254.7 374.23
77.439 183.16 213.66 284.8
0.0 88.213 335.95 375.0
17.52 165.95 144.06 289.68
0.0 152.83 49.345 308.88
321.54 182.88 394.1 244.6
59.337 175.95 185.57 278.3
2.5109 195.04 82.706 375.0
584.52 166.02 632.41 253.06
57.567 191.74 154.63 241.13
0.56044 186.37 35.722 307.88
574.58 169.89 642.64 227.32
0.0 169.89 54.665 334.13
12.933 164.61 91.774 312.05
385.16 184.04 452.66 221.2
434.82 177.95 486.81 212.99
6.8226 205.94 240.77 346.87
433.45 185.1 490.48 221.23
671.72 183.31 702.76 201.28
389.59 185.77 445.55 229.86
308.52 180.34 375.34 229.18
66.798 197.89 163.07 246.09
344.01 179.57 421.7 241.83
629.32 172.52 648.74 224.98
14.362 186.58 183.14 265.23
25.823 156.62 123.43 340.71
369.05 185.23 442.61 223.99
0.0 210.89 34.896 325.98
572.94 164.82 614.04 249.52
600.48 166.07 645.33 248.64
0.0 143.23 153.25 358.15
24.931 172.38 145.11 375.0
0.0 175.3 67.831 273.8
52.256 231.86 215.19 362.42
23.571 191.63 121.91 375.0
0.0 195.4 48.862 369.3
61.277 168.53 166.9 375.0
304.63 181.51 439.87 248.14
29.089 195.19 206.51 351.28
3.8199 252.28 184.71 371.74
