441.17 174.68 502.32 220.51
724.88 178.01 845.07 258.86
710.51 181.06 777.7 231.04
378.31 176.04 470.29 233.08
714.84 174.0 723.48 191.77
710.19 174.09 716.5 195.54
0.0 192.14 146.44 375.0
782.5 178.3 1003.18 319.07
1180.39 185.33 1242.0 213.84
612.1 165.47 623.63 191.76
769.34 163.9 868.98 195.65
747.5 167.11 777.92 185.34
740.28 163.52 768.6 185.75
15.084 194.29 131.27 362.43
774.72 185.64 1005.6 333.16
722.15 178.38 845.8 260.33
739.7 180.51 845.94 257.36
711.75 162.68 845.96 241.88
736.05 161.35 859.65 252.88
710.1 193.56 830.93 263.55
730.56 196.88 853.16 264.6
380.95 181.98 474.76 236.56
386.85 175.97 458.07 233.11
372.2 179.55 459.09 226.38
366.05 175.87 484.22 240.13
393.5 179.46 468.72 217.34
371.01 192.19 466.18 238.15
380.38 185.75 455.59 243.13
769.16 177.71 858.61 214.87
432.14 177.9 498.44 224.95
440.67 178.21 500.02 216.62
422.21 181.89 483.03 226.89
442.78 177.26 498.35 220.16
454.45 176.02 507.14 217.22
458.15 178.59 507.01 210.99
449.52 174.81 482.59 227.29
448.07 180.5 502.41 214.54
455.73 167.99 488.27 222.3
441.47 185.85 496.18 226.37
437.79 175.26 504.26 209.53
444.29 176.38 499.32 207.5
427.36 183.09 491.75 221.1
453.48 179.59 508.39 220.09
435.59 177.72 495.88 212.24
427.07 174.17 493.41 208.66
454.88 177.1 494.62 208.5
425.58 180.89 482.4 213.41
458.28 175.66 515.79 208.24
452.0 170.29 514.96 203.42
428.05 176.17 484.96 219.5
459.26 186.93 504.62 211.6
432.57 175.45 492.98 204.26
444.63 174.8 488.14 211.06
708.42 174.13 795.39 242.39
711.15 175.71 780.08 232.07
716.43 178.09 792.38 221.65
707.1 182.32 774.89 226.41
725.03 168.01 766.75 236.76
720.83 171.6 757.9 238.09
711.16 175.7 763.45 224.35
728.9 165.02 760.75 227.52
694.64 182.99 766.54 223.45
713.51 178.72 765.21 212.08
725.11 178.01 785.87 211.26
707.85 188.01 770.12 221.52
735.4 176.81 788.1 202.97
1180.4 174.83 1242.0 224.85
1196.0 167.31 1242.0 210.64
1191.9 172.62 1242.0 219.33
1189.7 185.08 1242.0 232.16
1189.8 175.61 1242.0 208.95
1176.3 177.23 1242.0 213.08
1189.9 170.59 1242.0 199.52
1197.4 169.57 1240.2 216.11
724.7 176.83 778.84 202.57
615.85 174.16 637.75 189.8
616.1 171.33 641.72 187.77
612.38 175.02 643.34 189.8
612.62 169.65 636.91 185.99
611.73 172.36 631.36 189.08
606.79 170.06 625.75 187.71
609.43 169.12 631.43 185.99
607.91 172.86 638.9 188.41
628.97 168.92 640.55 197.39
625.13 167.59 637.02 196.36
612.01 178.12 642.42 192.39
621.33 167.21 632.96 196.6
609.12 175.78 637.64 190.3
608.61 167.55 619.49 195.0
604.41 165.82 626.01 184.74
706.16 168.4 719.46 201.19
703.46 171.77 723.21 194.45
708.84 169.54 722.35 202.41
705.21 172.73 726.74 192.23
704.85 170.6 715.55 201.81
699.68 171.88 730.93 189.89
696.26 173.01 727.83 192.97
712.51 170.19 724.1 203.28
711.72 174.68 730.97 193.38
701.63 174.02 734.17 192.57
707.67 168.36 721.09 210.7
717.34 172.36 728.31 204.72
707.65 175.53 726.52 196.68
703.77 168.24 717.57 210.8
697.51 176.18 729.12 196.06
721.96 174.23 732.7 210.82
713.29 177.7 731.72 197.33
717.74 176.22 736.73 195.09
706.79 175.86 739.58 192.91
701.9 173.14 711.41 203.26
703.65 178.51 736.33 196.45
702.22 169.71 721.42 188.83
703.64 167.47 714.24 195.36
705.14 173.0 738.47 189.23
717.93 177.52 738.19 200.04
699.5 173.24 716.71 191.41
725.24 171.06 735.79 202.83
716.63 174.37 736.08 190.76
717.39 174.49 729.04 215.22
712.91 172.64 724.81 213.66
921.2 196.45 1242.0 365.51
408.42 179.79 490.22 229.68
802.15 186.15 1035.5 316.06
720.35 180.54 822.03 257.04
767.75 176.95 1043.7 333.06
847.37 177.07 1082.6 355.98
907.3 197.57 1156.9 375.0
880.35 187.5 1116.3 368.35
743.29 174.74 865.12 267.29
717.34 179.03 808.21 233.62
858.95 176.01 1034.6 313.03
538.08 172.48 572.9 189.24
704.52 170.64 816.02 250.39
819.73 179.53 1016.2 284.34
803.85 172.26 1059.8 374.14
0.41018 229.4 127.67 372.41
770.24 92.216 1242.0 375.0
829.33 196.98 1060.0 324.6
1173.7 161.78 1236.3 231.6
492.86 176.97 514.49 193.69
539.81 173.15 571.43 194.28
1157.9 169.49 1241.1 225.33
994.24 181.09 1242.0 375.0
736.68 179.07 833.53 234.75
808.34 179.02 1086.7 322.48
630.05 173.37 667.12 187.74
730.16 174.81 815.77 240.13
417.94 180.59 490.29 217.93
6.6334 252.67 112.23 370.93
487.81 175.4 511.59 194.02
933.17 169.75 1219.6 342.16
731.33 189.01 876.53 276.28
748.82 182.32 902.54 265.41
741.65 148.81 971.55 340.91
862.48 172.24 1140.6 325.18
482.19 175.56 516.02 192.88
544.92 173.3 573.69 191.92
751.45 179.8 861.39 240.47
624.18 173.93 659.56 188.21
20.731 212.48 112.9 375.0
870.0 181.66 1048.1 350.46
1206.9 174.49 1242.0 313.51
636.33 171.45 665.39 188.58
870.34 184.07 1037.1 274.34
650.32 93.208 1165.0 375.0
815.44 189.8 1022.3 360.84
837.91 210.43 1091.8 375.0
1181.6 155.48 1239.6 220.36
895.73 174.46 1036.3 287.39
407.04 181.18 468.9 227.25
617.72 173.62 648.54 188.55
538.95 171.04 570.17 185.69
375.04 178.91 437.11 228.08
467.82 177.86 501.02 206.43
539.11 174.88 567.78 190.23
949.81 224.6 1230.7 375.0
870.11 247.16 1242.0 375.0
1155.9 174.66 1238.9 375.0
8.1397 212.45 78.673 375.0
494.36 175.02 514.8 190.95
1129.6 177.27 1229.4 222.25
486.95 174.15 517.12 190.6
18.849 235.59 89.352 375.0
0.0 222.68 141.65 341.06
0.0 181.88 111.26 375.0
1202.3 146.96 1242.0 274.08
1172.7 164.96 1242.0 212.02
1177.4 167.56 1242.0 352.78
906.57 134.26 1034.5 360.15
485.02 175.76 506.77 194.23
1132.4 164.83 1229.0 375.0
475.84 179.74 502.11 205.41
0.0 260.9 136.19 364.73
1144.7 154.86 1239.3 251.37
749.36 188.51 926.78 287.2
1212.1 200.14 1242.0 319.69
705.77 144.99 917.2 320.54
737.23 168.23 779.64 244.13
1194.2 153.87 1236.1 254.61
742.72 178.03 895.3 247.85
744.96 168.32 787.75 250.63
902.19 155.12 1010.7 331.47
1198.5 191.86 1238.3 320.6
1204.6 142.87 1242.0 243.84
762.76 182.04 947.78 270.14
1222.5 185.28 1242.0 285.4
622.31 175.21 654.11 189.5
1163.8 152.91 1232.9 322.46
730.6 165.14 774.26 238.09
1198.2 167.22 1239.9 296.09
1181.8 153.9 1242.0 308.25
879.17 191.55 1064.5 294.65
760.31 182.81 860.33 227.07
