507.94 177.9 542.77 204.77
430.17 174.85 456.09 215.33
450.71 175.18 462.77 203.52
1073.6 139.51 1242.0 204.29
904.67 168.42 992.49 192.68
574.36 173.71 591.64 195.08
520.78 172.36 526.16 175.87
365.58 178.48 382.66 215.6
538.27 176.13 542.18 179.56
649.11 167.37 668.01 198.07
541.2 178.37 549.31 201.13
1059.15 139.79 1242.0 197.13
706.27 166.4 744.79 197.52
704.52 149.47 715.26 197.93
705.32 170.89 712.41 184.15
492.8 181.32 501.78 190.91
941.7 150.68 954.18 156.21
1056.5 146.7 1079.13 177.14
553.02 179.58 555.37 188.62
543.19 172.04 548.7 184.63
748.35 147.16 756.0 196.46
923.13 141.81 945.23 194.72
1001.96 145.64 1046.61 186.67
474.21 149.0 498.74 198.4
1072.32 139.84 1104.1 188.45
346.88 174.94 401.46 196.5
1084.3 126.27 1241.0 201.54
1082.5 144.96 1228.1 194.23
1064.5 138.23 1226.3 201.54
1087.0 144.54 1240.0 211.83
1065.1 153.1 1222.9 217.07
920.43 151.11 1001.7 178.48
919.97 149.67 979.74 176.54
902.13 149.49 980.8 183.38
908.7 153.42 996.94 189.55
895.74 153.78 978.92 190.64
481.18 167.77 493.51 201.06
485.49 167.44 497.87 199.96
469.22 167.54 481.61 201.9
489.7 167.15 500.8 197.73
491.23 148.81 514.1 215.84
490.94 134.86 516.45 210.05
501.42 175.45 552.04 211.26
504.39 171.97 554.15 213.55
501.98 172.86 548.9 200.02
501.17 174.81 540.65 208.38
513.01 174.83 551.34 207.19
502.69 171.92 534.55 199.37
505.66 171.87 546.24 193.29
496.09 173.81 541.1 198.53
504.64 173.16 531.11 193.69
498.56 170.12 548.41 209.77
511.33 171.19 539.99 192.62
520.76 174.07 550.45 200.53
519.17 173.86 547.0 194.44
506.13 168.94 543.07 189.64
499.47 181.8 543.67 210.96
514.05 173.25 550.77 192.34
521.41 177.01 553.65 207.25
513.22 175.91 554.02 198.02
507.5 169.02 526.3 210.66
525.31 170.56 544.4 208.23
514.43 180.65 556.91 204.71
507.65 165.5 524.06 204.12
495.12 180.38 559.33 217.13
510.44 170.58 530.3 212.93
502.88 182.51 554.58 214.52
502.13 169.24 534.23 187.87
521.57 170.38 541.56 209.46
514.21 168.98 534.2 210.4
517.4 169.79 537.96 210.0
524.29 174.66 547.76 215.0
510.11 163.85 528.24 205.33
514.11 166.52 542.34 215.94
493.45 177.61 530.8 198.74
519.41 168.86 547.68 219.99
495.36 175.28 528.91 195.15
508.82 162.5 535.45 212.44
511.97 163.06 527.57 196.91
493.21 164.4 561.41 200.4
516.01 162.29 531.85 196.72
519.53 160.59 535.93 196.25
524.26 162.91 539.7 196.46
502.83 171.55 525.54 189.57
527.24 173.79 551.72 197.74
497.52 173.2 527.15 191.01
523.83 159.55 549.41 218.06
502.58 161.83 525.78 213.33
516.16 169.19 552.63 187.11
523.14 176.03 558.67 195.26
500.23 176.53 526.49 204.38
507.41 185.9 554.38 209.95
520.19 165.33 546.12 219.71
514.18 180.61 552.58 213.07
525.61 171.0 550.09 190.46
493.97 182.15 535.07 205.5
513.18 167.36 536.88 218.86
503.44 162.89 556.97 207.06
526.77 180.08 561.53 199.26
508.2 166.43 533.33 185.27
523.27 182.96 562.44 203.58
490.48 182.22 525.47 201.98
511.22 167.4 537.8 186.38
509.34 165.7 532.61 217.9
524.98 172.98 557.93 189.74
354.76 183.44 389.87 205.93
441.41 169.68 462.4 222.23
447.49 172.26 464.67 219.13
437.5 172.18 458.88 218.6
443.29 174.13 460.44 214.23
443.82 166.94 466.15 224.99
434.27 172.39 455.42 216.58
431.87 171.48 451.51 219.93
432.41 176.8 460.75 213.71
447.43 173.87 461.06 208.67
440.63 171.67 456.91 210.23
430.96 173.03 447.21 218.08
438.82 176.99 461.97 209.84
433.27 173.72 448.7 212.23
442.37 175.59 466.43 217.83
444.09 175.57 464.3 207.79
441.17 174.75 462.25 202.83
427.16 180.28 468.36 208.71
437.29 170.54 452.96 208.89
447.09 176.28 467.51 210.97
448.98 174.96 469.51 205.12
445.4 170.29 457.96 203.0
433.41 164.58 460.66 231.74
448.74 170.29 460.6 201.91
438.55 180.09 465.6 225.89
428.91 179.61 465.65 202.23
442.23 169.76 455.86 203.97
435.45 176.21 458.03 202.85
431.17 176.34 467.56 198.7
435.04 181.83 475.88 207.13
441.56 172.62 461.51 195.49
430.61 177.45 448.87 226.49
433.26 177.74 455.17 206.21
424.91 171.1 470.01 224.73
433.59 180.26 461.39 222.94
434.7 177.72 453.91 230.48
447.42 168.44 468.62 231.07
432.06 179.88 453.67 211.96
440.0 176.75 473.76 196.61
428.82 161.23 454.23 232.49
437.66 174.15 459.33 197.51
430.51 182.32 457.28 220.58
430.22 184.5 452.61 215.3
430.78 174.73 443.52 210.44
439.44 167.18 463.87 227.81
427.99 173.89 441.88 216.74
424.38 185.15 464.24 212.3
429.89 183.74 473.5 212.73
413.87 177.25 474.4 212.43
430.54 174.96 472.96 217.43
427.83 186.99 451.03 220.12
441.0 186.08 470.63 228.84
429.66 183.66 446.04 230.16
426.65 181.47 458.12 203.31
423.15 167.23 467.46 210.83
422.64 180.03 475.53 231.76
1089.1 134.0 1117.3 204.63
1081.7 131.35 1108.3 208.11
1054.0 150.73 1115.2 197.95
721.51 164.49 734.16 198.89
717.51 164.56 730.3 199.49
713.5 163.2 727.6 199.77
724.87 164.19 738.5 199.83
720.42 167.98 734.32 207.68
718.88 170.92 739.24 198.18
713.86 169.76 734.25 197.69
722.15 172.19 742.81 198.48
716.92 168.43 729.75 207.65
724.56 172.54 738.28 212.31
710.89 174.57 744.45 194.04
717.75 175.11 749.41 193.89
708.44 169.1 732.53 194.78
723.44 173.79 746.42 201.52
704.11 173.2 737.89 194.89
713.26 177.37 746.21 196.8
712.32 165.79 724.85 205.84
940.96 141.27 955.71 180.62
937.13 142.02 951.27 180.95
936.93 132.2 961.53 190.96
928.27 131.61 951.93 193.26
923.03 127.91 945.19 194.23
939.7 123.68 963.78 183.94
935.21 133.85 961.51 213.33
1015.8 150.07 1066.5 169.86
1020.4 127.88 1043.1 205.4
653.78 166.4 664.9 195.0
654.57 171.29 665.22 198.32
657.19 169.55 666.87 197.49
650.77 170.06 662.39 197.8
651.0 173.1 667.05 197.03
647.39 173.41 665.11 196.03
650.41 163.22 661.54 191.94
655.05 163.25 665.76 192.12
652.28 170.49 668.39 193.56
651.34 166.39 668.13 188.29
647.48 175.78 671.89 194.53
647.31 168.17 659.47 200.25
658.48 167.08 669.06 196.74
646.57 172.01 671.75 191.11
648.64 167.68 666.09 189.02
653.58 173.43 663.82 203.14
644.44 179.15 670.51 196.66
653.59 160.42 664.16 189.21
646.59 164.34 657.47 195.11
649.93 172.53 660.46 203.67
658.15 161.07 669.14 191.63
644.28 170.55 664.48 193.1
647.89 168.38 672.56 186.03
578.87 170.2 588.7 197.39
576.64 170.32 586.34 198.22
581.6 170.16 591.77 197.67
573.34 172.2 583.16 199.69
576.33 171.4 590.47 195.59
571.83 169.41 582.16 196.73
572.9 173.72 587.79 197.31
574.1 168.68 588.77 193.79
579.12 171.77 594.42 194.49
584.75 169.47 594.95 196.87
573.98 171.99 585.02 204.0
577.04 171.51 588.29 205.35
575.97 167.83 592.06 189.14
570.78 169.77 586.35 192.99
579.29 168.15 595.95 188.36
584.94 174.19 594.83 202.42
580.96 169.93 598.75 190.7
588.14 169.07 599.05 196.48
581.04 172.59 591.87 206.47
571.03 174.4 581.4 206.07
570.74 175.5 597.9 193.61
570.66 172.45 597.0 190.78
567.54 178.67 595.2 195.92
569.32 167.22 586.08 189.3
568.16 177.07 586.2 197.28
578.05 165.77 588.11 192.34
574.84 179.43 601.51 195.96
566.81 168.8 578.13 198.47
576.15 176.44 594.4 197.0
567.78 173.05 578.14 202.43
581.16 163.03 591.79 190.19
565.5 175.92 592.51 193.08
573.46 169.61 600.33 187.29
588.88 173.23 598.18 201.67
574.51 166.06 584.68 193.33
575.51 173.21 602.37 190.66
563.26 172.62 591.62 190.01
568.51 182.4 598.11 199.0
576.52 176.37 603.82 193.21
568.16 169.65 595.07 187.24
582.95 167.02 602.69 186.0
585.29 161.46 597.07 191.39
563.39 169.45 581.36 190.71
578.18 165.1 596.49 183.97
574.8 165.47 592.49 185.01
565.44 173.58 582.11 194.36
582.49 175.74 599.79 194.46
570.79 164.67 581.23 192.69
710.24 161.14 724.48 200.01
706.7 161.09 720.09 199.39
732.47 164.66 747.56 205.81
736.03 163.18 750.52 206.51
1038.2 145.68 1085.6 172.6
1044.0 135.69 1060.3 178.18
1048.6 135.74 1064.5 179.9
1053.1 136.21 1068.0 179.49
363.67 175.6 380.51 219.47
365.78 171.6 382.89 218.03
361.1 173.85 377.39 219.26
361.42 179.66 385.1 217.95
368.95 170.03 384.06 222.41
367.25 175.41 381.84 211.4
365.59 178.54 379.45 214.01
356.83 171.37 372.21 218.03
363.59 177.83 382.97 231.32
347.39 170.87 392.77 221.26
450.41 172.82 465.76 212.1
454.33 170.64 468.51 212.05
460.41 171.66 473.5 208.08
450.43 173.63 470.31 199.06
453.42 175.3 473.47 200.99
467.14 172.63 477.89 207.38
452.69 177.95 472.26 206.54
455.85 176.04 476.37 199.14
452.56 169.61 464.82 202.27
461.41 176.8 480.05 196.77
455.31 172.92 476.89 194.85
446.13 171.81 464.92 193.35
439.38 180.07 477.19 200.44
459.7 173.75 479.93 193.91
455.71 168.43 468.95 201.89
452.43 165.63 468.93 223.25
455.87 179.05 476.8 204.86
437.44 172.78 468.37 191.63
445.48 179.44 480.19 197.36
459.54 169.74 473.2 218.37
447.95 175.81 482.54 193.8
438.57 184.43 479.75 209.38
452.81 170.16 474.5 192.82
444.41 183.58 478.38 203.28
432.04 189.56 477.37 215.62
444.73 172.29 477.04 190.75
464.23 167.63 476.85 203.18
462.07 180.39 481.33 202.21
431.64 166.92 479.8 211.35
505.41 170.36 518.35 202.76
503.26 172.61 514.12 204.75
501.05 173.07 519.03 191.12
497.17 176.18 514.58 196.1
505.93 168.03 517.61 196.45
499.13 174.43 509.57 204.27
490.18 173.8 506.94 192.56
493.69 172.48 504.33 200.39
502.4 169.68 512.39 195.47
475.26 171.34 486.55 202.88
495.08 175.17 505.9 203.78
495.57 173.26 513.16 191.4
491.25 176.84 508.39 196.37
492.23 176.82 520.21 194.36
478.61 170.82 490.31 201.7
490.76 170.86 501.42 201.03
491.4 179.47 521.61 198.13
506.62 164.59 518.64 193.26
494.91 177.93 515.35 200.1
498.19 169.71 508.03 196.6
485.42 172.41 504.01 191.54
474.51 175.67 494.18 196.2
491.47 173.34 520.33 190.83
486.32 176.25 505.28 195.84
487.29 176.08 514.22 192.9
498.03 169.68 517.53 187.53
487.92 179.3 515.33 196.59
480.45 172.16 501.37 193.36
932.26 148.18 969.26 173.97
934.88 147.01 964.53 167.5
937.57 147.49 970.55 169.34
927.67 144.61 968.11 163.66
926.68 147.32 962.34 174.17
945.91 136.97 958.51 175.51
927.51 148.35 956.86 170.4
528.22 166.09 542.83 197.43
531.8 167.16 546.63 200.74
532.57 177.08 556.16 200.93
532.27 174.21 554.51 195.97
503.48 165.11 539.69 182.47
529.2 170.34 547.52 210.36
532.88 171.15 550.68 211.76
529.22 173.91 550.42 216.35
533.51 167.51 549.08 205.45
537.29 170.31 552.22 207.85
542.75 171.04 555.63 208.14
926.17 147.37 988.53 175.03
1018.7 148.3 1084.8 171.5
1111.1 119.25 1233.1 212.45
1024.0 145.94 1082.3 168.17
1003.8 147.22 1095.3 174.11
1108.7 135.6 1241.0 194.94
933.65 145.12 982.07 176.8
926.41 148.39 990.64 183.27
1076.3 156.31 1194.0 197.06
998.8 151.03 1094.9 180.82
931.63 151.51 994.06 176.31
1133.9 133.88 1241.0 187.73
1075.1 156.78 1166.3 193.94
505.19 170.65 521.8 209.04
501.39 175.25 522.31 197.83
