730.01 168.95 906.37 293.56
0.0 192.48 322.67 375.0
605.25 181.76 626.1 204.33
230.28 189.74 443.28 318.03
657.22 178.16 697.76 214.44
554.44 183.64 594.71 197.41
698.37 181.24 715.04 199.26
709.16 179.2 726.17 188.42
638.03 187.59 647.03 192.78
693.19 152.06 702.25 192.66
491.82 182.24 499.33 199.89
597.2 151.35 609.9 182.34
767.47 175.03 867.36 198.94
0.0 195.18 313.6 365.21
221.84 193.1 444.82 337.63
738.66 175.29 910.14 300.31
785.4 169.6 886.72 215.8
769.57 170.39 863.77 211.6
781.55 167.02 856.55 201.24
550.08 178.56 589.8 196.41
559.22 176.76 589.71 197.06
551.87 177.41 581.86 197.13
563.81 178.62 592.63 198.71
568.69 177.94 594.82 195.57
557.95 175.21 585.99 193.85
553.55 173.54 589.16 190.66
566.13 175.6 590.71 191.89
564.34 177.26 597.59 193.7
558.52 181.77 587.29 200.37
552.24 174.77 579.96 193.96
550.7 181.1 578.29 198.88
561.19 172.81 593.89 189.14
565.76 180.14 600.24 198.68
554.43 184.42 586.71 201.69
570.57 174.36 592.38 190.59
569.92 179.48 604.76 196.02
547.25 183.83 578.82 201.29
569.9 182.07 595.08 200.6
545.95 177.63 580.46 193.75
559.71 184.13 591.8 202.98
546.78 172.91 585.29 189.26
573.13 175.35 587.38 206.5
565.41 185.18 598.23 203.02
568.81 172.25 583.9 205.34
572.63 170.45 586.7 198.67
563.49 169.32 578.64 198.84
567.61 168.99 583.33 199.25
535.6 172.57 599.17 199.53
573.85 166.82 586.38 194.98
556.29 170.17 589.78 185.22
562.84 173.09 587.56 190.98
565.19 176.04 579.22 208.8
539.9 168.82 589.59 202.27
570.18 173.16 601.37 189.66
546.28 169.32 596.55 205.35
552.19 187.09 580.37 204.37
550.82 172.74 576.97 190.64
540.16 180.72 575.63 196.5
549.0 190.4 580.34 205.67
549.53 177.84 611.49 205.87
569.61 166.91 582.04 196.34
565.99 166.05 577.91 195.53
554.24 172.99 603.49 206.93
555.15 190.01 587.09 206.66
566.11 169.76 597.25 185.73
654.05 176.22 696.15 213.11
648.67 173.43 696.88 214.47
660.15 174.59 698.58 208.73
645.33 178.86 688.59 212.86
642.23 178.86 679.69 210.44
667.11 175.42 700.46 205.5
676.2 175.98 705.05 200.27
664.31 176.67 707.42 201.64
669.49 173.8 712.47 195.45
645.39 176.09 698.74 206.29
654.02 173.3 702.93 200.31
673.58 172.69 700.79 194.85
649.82 172.53 708.58 206.03
659.29 181.59 700.99 207.0
656.41 171.55 693.74 203.03
667.97 173.88 696.82 195.34
657.4 173.15 679.71 217.46
675.02 171.23 694.12 211.43
669.61 170.59 690.87 212.27
661.53 171.51 683.3 215.84
665.18 171.77 687.95 215.19
659.68 175.13 710.24 212.48
637.46 182.48 685.87 211.41
676.46 165.35 692.98 205.43
657.43 167.62 683.53 216.18
664.16 169.75 689.7 218.8
659.45 183.33 697.68 213.44
659.39 173.55 690.99 195.07
671.81 162.73 688.73 207.51
644.06 176.24 691.77 199.16
673.05 180.44 700.6 207.68
651.57 177.62 682.82 201.32
663.5 162.28 680.64 209.16
667.2 161.67 684.2 207.82
673.36 163.05 687.1 199.2
665.38 184.11 704.9 206.33
663.98 170.84 716.7 208.46
669.74 165.42 694.23 219.57
669.44 161.33 682.82 198.93
665.57 161.24 678.41 198.99
658.74 158.17 682.38 228.16
600.45 170.42 615.41 201.25
580.74 168.87 592.41 197.42
597.39 170.07 610.07 199.08
609.47 167.46 623.2 198.15
605.85 166.19 619.26 197.9
602.32 166.89 614.94 197.33
584.95 168.98 596.18 198.08
594.34 180.26 628.04 203.38
586.89 180.76 615.09 202.53
588.51 178.82 626.76 200.75
591.66 181.55 619.95 203.8
585.75 181.18 608.47 199.82
600.84 177.78 628.17 201.16
592.79 175.76 631.77 197.62
622.9 175.61 645.42 193.93
597.1 177.27 625.17 197.3
591.69 172.7 627.47 192.41
607.89 174.24 623.37 204.01
592.96 178.1 607.14 208.42
596.82 177.67 612.43 206.67
611.49 173.19 625.18 202.78
609.72 177.3 630.81 197.2
600.08 177.25 616.94 206.84
603.23 174.61 620.54 204.78
608.39 178.52 623.64 209.69
618.85 175.68 640.71 193.68
604.28 176.95 628.98 195.74
590.5 185.29 623.83 205.78
605.31 176.19 639.87 194.27
602.61 179.01 637.99 197.04
612.13 176.2 645.81 193.21
596.1 175.0 611.05 213.96
599.22 174.8 615.79 214.67
612.0 177.3 625.36 211.49
601.29 173.04 634.0 192.74
593.56 177.53 619.66 195.04
603.77 176.54 619.81 213.36
610.61 175.04 632.63 192.92
616.24 173.83 626.86 202.69
613.83 171.61 626.67 200.53
596.58 187.07 629.3 205.34
602.81 182.49 636.16 201.15
607.99 174.21 639.23 191.5
588.97 176.95 612.86 194.03
615.89 178.01 636.52 196.07
621.52 173.78 631.9 200.16
585.46 173.51 618.0 191.1
602.45 184.62 628.91 203.98
597.61 174.12 622.63 192.79
617.4 171.68 628.4 198.43
604.97 173.34 629.56 191.42
595.46 170.02 630.66 188.04
620.12 173.25 642.19 189.53
611.42 182.76 644.81 199.55
694.71 172.06 722.88 190.42
690.29 171.63 727.62 187.65
690.08 172.73 718.56 192.24
685.4 173.28 714.96 194.5
681.82 174.46 710.35 196.13
679.49 173.39 705.98 193.85
679.44 176.83 716.42 195.93
699.47 171.98 725.72 188.77
690.31 176.55 722.16 193.73
698.53 174.94 723.3 191.29
679.12 172.3 696.02 209.65
682.51 170.42 697.0 203.92
687.9 171.0 701.61 203.09
680.01 167.65 695.71 202.05
684.83 177.48 708.31 197.29
692.65 172.17 705.81 202.25
682.98 170.27 721.4 187.59
684.49 164.34 698.75 196.15
682.94 173.07 709.13 190.9
689.0 166.9 702.99 197.3
701.73 168.77 713.8 198.12
697.35 169.03 709.78 198.72
705.2 169.69 717.01 197.6
693.45 167.93 706.7 196.79
690.45 177.67 712.76 195.47
690.92 173.28 703.35 205.9
694.93 178.54 727.47 193.99
708.24 171.13 719.13 198.81
694.41 177.93 717.44 194.83
684.79 182.28 716.61 199.12
696.89 175.36 731.79 190.54
685.24 173.98 698.35 211.08
695.49 174.09 706.66 204.63
703.07 167.93 713.91 192.56
485.88 175.8 497.64 206.33
482.78 177.49 493.81 207.25
487.87 171.93 500.06 204.78
489.13 167.72 501.69 202.11
483.23 179.38 502.49 202.65
492.83 166.69 505.57 203.72
479.19 176.5 490.0 206.55
479.82 179.87 499.76 201.99
484.33 174.44 506.16 197.74
484.44 175.74 496.0 210.26
673.4 171.36 710.24 191.38
680.26 164.6 693.99 195.46
677.29 163.87 690.62 196.75
630.48 176.65 658.76 195.0
626.35 176.35 650.79 194.82
633.0 177.81 661.72 198.11
638.11 178.27 666.38 200.71
620.58 176.02 655.33 193.96
624.37 178.08 659.49 197.15
622.57 174.41 659.46 191.43
646.2 171.56 659.38 205.62
618.36 178.05 650.68 195.41
649.31 174.11 663.94 208.79
645.22 169.13 661.43 210.29
638.69 173.69 650.52 203.09
642.25 169.71 654.66 205.12
633.8 170.85 646.35 199.76
629.7 171.8 641.57 198.95
620.06 180.82 652.57 199.01
625.97 173.9 637.03 199.33
653.37 169.67 666.05 205.0
640.88 173.29 652.78 201.07
635.64 177.41 660.83 193.44
649.67 169.73 661.99 203.07
645.38 171.39 656.46 200.96
643.49 178.07 666.79 193.86
623.08 171.26 659.47 187.26
624.5 174.37 648.05 190.5
627.97 175.23 653.42 191.67
637.91 169.74 649.29 197.95
845.19 176.15 1242.0 366.87
824.39 187.64 1160.4 361.05
819.5 191.85 1080.0 375.0
713.62 129.08 1242.0 375.0
648.21 46.698 1242.0 375.0
938.76 159.73 1242.0 375.0
0.0 208.21 229.27 375.0
782.94 181.91 1034.7 375.0
222.79 187.44 437.64 344.9
86.647 199.34 342.0 375.0
880.18 141.73 1242.0 346.41
765.61 173.19 981.32 361.14
187.49 195.29 409.09 366.95
735.35 161.57 949.02 324.41
140.62 196.91 374.45 375.0
748.42 192.31 900.31 289.9
753.62 168.02 900.93 280.09
805.53 169.13 1109.7 335.18
0.0 99.696 481.18 375.0
900.65 128.79 1242.0 301.8
678.25 173.71 720.65 193.02
583.52 183.98 617.8 203.42
971.73 114.93 1242.0 332.48
636.34 172.36 684.79 211.94
0.0 177.29 278.61 335.57
1037.7 146.39 1232.2 232.75
820.41 70.081 1242.0 375.0
0.0 147.72 369.96 375.0
581.81 180.23 614.12 198.79
240.31 172.26 470.96 355.63
847.2 218.5 1139.4 375.0
641.51 178.9 671.11 204.39
582.61 180.22 604.43 197.42
1146.1 146.28 1239.1 360.92
232.21 223.9 431.07 336.12
574.73 178.86 598.54 196.55
1076.6 140.61 1238.2 216.04
1019.8 141.91 1220.7 215.58
1091.2 133.4 1224.5 235.6
17.571 128.77 612.02 375.0
628.03 178.12 668.97 198.48
635.05 178.85 679.0 203.41
920.23 227.82 1196.5 375.0
1072.2 139.84 1230.5 254.55
871.14 144.13 1145.6 333.77
1033.2 146.4 1172.2 192.34
864.34 247.22 1227.9 375.0
196.4 209.38 414.2 336.9
747.52 237.72 1110.6 375.0
577.21 182.36 610.99 200.0
119.79 221.78 446.6 375.0
191.48 174.99 448.52 322.6
824.17 133.34 1168.2 299.79
42.055 165.31 330.45 339.45
1123.7 157.72 1232.9 375.0
1009.6 199.88 1242.0 375.0
650.74 174.64 670.46 216.71
718.11 141.04 961.46 290.71
267.84 225.35 460.41 327.34
0.0 246.44 318.02 375.0
1067.6 242.39 1227.1 375.0
653.92 173.91 674.66 217.21
1119.7 130.5 1238.1 255.79
1205.5 120.8 1241.8 238.7
1156.1 131.73 1234.5 316.89
619.45 107.51 1115.5 375.0
1171.9 143.27 1242.0 340.07
244.84 208.53 417.39 358.04
986.04 246.0 1242.0 375.0
761.79 173.77 927.06 259.73
662.87 172.04 702.79 193.32
883.88 185.55 1107.7 268.88
778.74 156.2 876.19 302.99
