463.95 148.88 478.86 184.78
478.98 169.37 497.91 182.75
475.2 155.3 479.29 173.23
476.4 176.63 488.91 185.85
551.87 165.63 564.22 177.89
543.87 175.07 551.54 183.12
554.73 176.88 559.12 186.01
455.59 184.35 483.14 189.7
63.45 153.61 132.93 207.33
576.07 152.23 584.15 169.69
577.76 165.88 581.38 169.66
570.9 157.77 573.52 166.65
582.72 158.52 587.71 167.64
446.91 184.92 466.76 190.23
481.24 173.73 530.93 186.57
70.47 173.65 116.59 206.59
561.47 153.54 567.01 161.59
431.0 145.7 462.76 190.97
418.2 151.68 448.72 178.27
422.06 165.54 450.12 178.29
424.73 148.81 426.45 162.72
174.17 163.14 270.41 188.08
593.5 172.72 600.8 176.26
434.06 169.36 440.35 174.58
122.78 181.41 236.84 226.55
394.99 151.36 412.65 174.66
558.91 171.9 622.27 197.94
331.5 164.86 356.83 187.66
388.7 165.16 409.19 187.4
366.71 156.93 473.84 207.6
37.79 159.34 222.94 222.68
1175.3 223.29 1242.0 243.87
555.0 165.66 592.6 194.75
473.34 160.56 496.7 182.29
552.06 164.58 587.18 191.85
478.23 157.93 499.15 178.03
549.43 164.51 580.41 189.55
537.92 164.18 567.81 184.89
78.022 167.9 178.93 226.96
534.84 162.48 562.49 182.52
89.219 164.33 190.1 233.91
472.91 165.07 495.48 186.44
67.862 166.0 156.19 219.24
547.08 164.22 574.2 187.05
469.47 160.35 494.38 179.76
76.333 163.67 192.5 232.79
563.56 167.76 592.24 193.03
479.44 156.41 501.29 174.07
464.84 162.48 489.86 181.94
468.44 162.91 492.59 184.23
58.495 159.98 140.45 220.92
559.28 165.41 589.26 188.56
532.57 162.63 554.96 181.03
473.41 156.74 498.09 175.51
482.61 156.95 503.27 175.91
463.03 160.28 486.99 179.81
467.24 167.52 492.97 187.0
462.86 163.81 485.24 184.34
477.79 163.42 499.41 183.01
459.7 168.64 488.37 187.19
483.52 160.11 506.65 179.19
559.02 173.32 588.51 196.08
554.82 170.57 583.6 192.54
529.83 163.16 551.22 180.02
487.31 156.07 507.51 175.17
465.94 157.76 490.21 175.86
536.94 165.82 561.55 184.55
563.13 165.51 592.74 184.22
480.68 161.87 500.52 180.48
47.812 159.25 169.49 227.89
541.32 162.66 568.53 180.79
65.86 175.9 151.69 227.1
472.31 170.35 494.49 188.37
558.68 163.28 585.3 183.48
455.66 166.01 482.44 184.1
98.421 169.48 206.18 228.4
475.57 155.01 492.68 183.21
456.7 162.59 482.02 181.63
549.95 170.81 575.93 190.42
475.91 159.7 491.63 188.46
458.24 159.16 477.17 179.8
