888.73 191.49 928.06 225.8
881.35 190.66 898.97 213.57
641.88 181.84 678.61 204.4
92.02 145.23 355.67 259.31
889.3 189.11 923.63 198.17
646.97 166.83 667.77 183.99
891.28 188.48 1020.98 260.25
666.46 170.99 674.05 179.54
683.04 188.54 692.48 197.48
1034.87 179.73 1142.48 232.25
367.84 203.77 396.14 214.24
925.69 187.74 940.79 202.13
968.92 165.37 1024.56 200.28
944.51 172.33 1006.91 197.64
857.25 149.88 891.22 201.99
935.54 189.95 1088.1 295.42
928.2 189.09 1068.8 272.49
885.54 182.82 924.44 222.66
890.24 183.98 930.51 225.54
883.29 181.37 918.44 218.25
636.45 176.52 684.24 204.44
100.24 159.43 347.94 275.75
926.14 187.47 1005.2 254.3
760.56 180.87 786.72 196.46
882.37 182.18 911.95 214.36
887.34 183.18 936.71 227.58
944.54 192.07 1106.2 276.9
879.33 183.03 904.35 207.26
876.49 183.37 900.47 204.83
103.13 152.5 334.17 276.17
923.1 185.58 1033.1 259.52
890.16 180.49 926.69 217.37
930.8 188.35 1025.2 246.57
949.79 207.67 1110.6 294.64
893.19 192.99 930.77 229.12
887.42 186.72 914.54 218.31
922.06 187.47 986.15 251.65
888.77 188.03 920.85 224.5
874.12 182.41 895.13 203.11
757.81 181.71 782.8 198.83
888.57 178.16 911.78 223.33
880.71 183.42 927.49 219.68
942.38 183.79 1030.5 258.0
890.66 176.76 917.17 227.55
894.5 180.09 921.7 229.14
887.68 181.7 914.52 211.7
877.37 184.06 909.92 209.68
883.25 186.04 906.67 211.39
642.32 173.59 681.7 202.15
886.34 179.71 906.28 218.74
630.81 176.5 687.48 205.47
905.99 180.26 1024.5 250.83
897.07 185.28 925.22 233.27
891.26 180.75 920.57 212.25
899.8 179.89 928.97 230.87
164.16 161.15 350.94 252.88
759.32 177.87 785.72 194.58
970.8 205.15 1135.7 284.34
921.46 194.35 1021.6 256.6
933.77 185.15 989.58 274.83
943.41 179.47 992.65 268.45
