612.1 186.78 632.67 191.86
675.39 185.71 714.67 216.07
670.81 178.01 703.8 201.03
658.15 176.95 678.01 199.31
665.39 185.2 671.37 203.34
700.61 169.2 811.78 257.23
799.02 103.41 1242.0 375.0
691.29 153.09 693.14 178.87
481.47 186.35 530.46 200.07
685.46 144.83 723.56 191.12
691.56 150.53 702.2 175.35
683.12 153.31 686.35 167.46
608.15 174.72 632.94 197.79
666.12 176.0 720.73 219.65
649.53 175.99 680.53 199.39
657.25 174.78 696.17 208.06
700.07 171.9 817.19 263.01
653.51 174.31 689.15 202.93
815.62 101.89 1242.0 375.0
669.7 176.84 717.0 218.58
649.71 176.54 674.25 196.38
663.03 174.19 706.88 211.46
703.93 174.72 813.27 258.2
661.69 172.24 709.96 211.67
820.39 117.14 1207.1 363.2
608.57 175.12 626.68 194.88
671.72 172.42 711.8 210.1
675.27 178.2 733.5 219.29
646.27 175.86 668.72 193.93
906.9 115.13 1242.0 335.57
662.36 172.7 694.66 201.93
649.47 173.84 678.74 193.0
686.79 170.95 793.11 250.51
655.9 169.93 700.75 207.55
717.03 168.67 808.59 246.77
612.81 174.44 634.19 192.69
788.5 128.27 1086.9 336.84
653.74 174.08 682.87 195.37
879.12 88.894 1176.8 318.35
611.14 173.75 627.5 199.99
618.47 175.26 636.99 194.37
664.26 172.81 688.94 215.99
603.5 174.2 619.31 193.1
606.94 173.87 625.48 191.35
684.38 166.02 707.25 214.92
672.06 171.5 703.02 201.69
674.66 174.0 702.93 221.44
687.48 176.79 750.59 223.9
679.29 172.01 709.94 223.39
662.46 171.34 682.31 211.27
671.39 172.49 697.42 219.56
721.99 156.68 785.66 277.03
