575.54 175.16 707.01 215.02
459.49 182.72 486.9 196.55
349.07 195.69 367.43 200.35
435.78 179.28 448.69 193.77
489.74 149.02 537.5 198.95
520.92 153.24 527.62 183.7
574.6 177.15 582.02 195.1
488.84 194.29 522.07 199.19
10.06 135.84 37.76 231.83
0.0 147.86 16.08 236.78
1205.38 141.02 1221.03 152.38
21.07 159.0 176.38 227.15
571.3 169.25 701.27 216.76
17.396 214.22 295.29 363.72
461.71 173.05 488.94 195.57
345.67 175.71 393.24 205.46
590.37 168.2 700.65 207.73
562.27 165.29 708.51 222.62
0.0 197.16 247.64 355.64
349.73 172.18 389.19 202.07
41.348 225.56 291.36 360.58
340.19 173.98 394.29 207.07
0.0 197.27 408.97 375.0
574.45 170.29 675.68 207.77
458.65 173.87 485.67 191.86
0.0 139.7 467.45 375.0
0.0 214.16 232.49 354.17
619.87 172.26 683.25 195.48
609.98 171.28 679.79 191.9
354.34 173.88 393.11 198.69
467.34 173.26 492.5 189.9
566.21 171.98 655.69 212.2
0.0 248.28 318.75 375.0
344.0 176.42 380.93 206.04
459.8 178.03 489.48 196.66
102.42 221.62 318.09 344.86
82.676 217.24 319.4 372.92
466.31 169.17 483.49 198.79
