577.99 181.49 619.35 216.23
603.82 175.1 630.21 202.17
651.23 180.15 681.76 202.7
695.36 162.75 820.66 263.08
673.11 177.75 723.16 227.77
644.89 185.71 650.59 199.04
635.87 186.66 642.79 199.71
661.52 152.7 676.19 179.09
355.97 168.21 361.95 186.7
376.72 165.11 381.52 187.35
359.3 149.3 422.1 187.37
342.51 143.06 362.86 222.94
490.21 153.02 497.59 197.12
311.72 147.74 367.53 176.68
318.64 158.45 343.87 168.74
382.84 176.06 384.74 189.05
460.56 149.1 473.29 207.12
457.02 149.66 466.63 203.3
441.33 157.81 451.9 188.83
681.41 165.31 687.12 187.28
0.0 6.6 112.99 375.0
0.0 186.66 14.82 375.0
720.09 148.23 768.81 179.24
577.44 177.3 623.96 216.78
584.1 175.32 627.69 210.83
642.79 172.54 677.84 204.78
691.79 167.19 822.07 266.94
575.82 175.05 625.14 216.53
594.46 175.42 631.45 207.24
670.44 179.04 742.98 226.7
635.75 174.77 672.48 201.91
629.13 174.95 664.3 201.22
623.4 175.88 654.98 198.93
614.35 176.59 645.01 198.97
605.82 176.26 638.84 200.36
667.05 176.4 725.02 224.6
583.4 173.94 630.02 211.57
681.35 171.67 790.88 250.3
675.48 177.14 761.31 232.29
578.55 173.69 613.94 209.84
599.65 174.8 636.08 203.35
638.94 173.16 667.33 199.42
643.55 175.14 688.35 205.28
595.44 170.34 630.43 202.29
591.61 173.32 638.58 209.59
617.27 174.4 645.49 195.29
689.57 171.29 777.69 243.61
698.77 170.6 809.93 261.71
607.51 174.05 637.48 196.29
663.58 179.46 716.45 219.92
569.44 178.22 613.03 208.36
589.67 170.19 621.3 201.87
649.58 171.84 678.23 199.99
575.91 175.71 604.13 205.84
605.44 168.4 625.16 210.08
591.99 169.88 615.6 216.76
609.06 169.46 627.51 209.1
584.87 167.21 607.78 216.13
702.46 164.26 830.31 245.35
643.37 173.22 693.55 210.12
581.67 167.11 602.65 212.93
719.26 165.16 812.11 246.87
654.63 176.02 708.74 213.08
597.02 166.83 619.06 212.5
649.1 168.29 670.19 207.9
582.47 171.86 610.37 202.0
634.03 169.05 650.83 202.35
589.3 165.49 612.23 214.06
602.51 172.47 625.99 215.06
671.4 185.1 726.35 224.19
586.14 171.73 613.37 220.96
604.13 172.01 652.9 207.14
717.66 153.17 788.69 283.27
