672.08 195.34 680.39 199.82
398.56 187.93 522.68 268.58
615.32 184.49 661.26 210.77
747.93 164.59 806.08 273.37
657.39 193.8 665.81 207.38
697.37 192.4 701.96 196.11
739.68 176.56 774.71 252.32
482.13 178.95 521.86 201.92
785.48 148.16 796.83 202.56
665.14 151.89 681.41 183.92
768.51 182.04 789.18 195.55
777.8 156.89 788.47 175.24
653.84 152.46 665.64 178.7
0.0 112.34 49.81 310.02
651.38 152.79 654.4 175.12
824.12 164.99 841.43 187.7
827.67 150.91 934.0 201.78
830.17 183.58 914.14 206.41
840.81 167.72 945.19 211.33
619.14 149.26 656.43 186.7
432.93 143.22 621.25 210.15
665.87 176.43 705.1 199.34
659.84 175.51 699.61 201.91
393.72 182.86 527.19 276.46
620.37 178.45 674.22 208.16
649.39 176.54 689.65 199.99
610.5 179.19 664.14 210.24
617.65 177.58 674.55 209.24
672.46 175.82 707.06 196.48
756.52 167.52 796.99 264.69
639.36 177.66 683.89 203.85
608.86 179.55 664.95 209.35
635.1 176.3 677.94 207.28
658.67 175.11 694.19 197.21
683.53 176.95 710.71 194.27
627.42 175.04 684.25 208.2
616.72 177.61 665.75 204.68
680.07 178.3 709.15 197.37
752.53 169.1 788.95 258.73
743.89 172.47 807.17 257.32
457.79 178.46 526.71 218.75
760.39 169.23 793.74 250.31
692.13 176.27 715.77 192.8
407.69 183.52 535.06 258.51
626.61 175.4 670.24 206.24
746.5 171.42 803.6 238.65
462.16 176.9 533.39 210.78
645.41 174.97 682.16 196.3
633.15 173.42 691.64 204.98
664.23 178.67 695.39 201.41
444.79 188.28 531.69 240.32
643.11 171.14 700.67 204.31
657.86 179.52 691.96 203.69
764.45 167.55 804.09 264.49
449.21 181.73 526.76 229.23
760.94 170.24 782.22 232.1
765.19 169.23 786.35 232.01
429.53 184.17 519.82 251.24
756.37 170.03 778.73 233.55
629.46 182.18 675.41 209.06
768.26 168.03 790.56 233.26
697.32 175.99 719.85 192.51
455.54 181.11 526.26 212.84
666.88 174.09 697.68 197.67
759.41 171.96 784.52 243.67
670.51 174.52 702.56 193.48
755.22 172.4 771.99 222.43
457.64 183.06 526.61 246.17
401.1 185.92 519.8 266.41
753.51 175.56 776.49 242.76
641.8 173.27 676.21 200.53
462.92 177.22 532.89 210.02
602.93 180.74 650.92 206.1
630.39 173.22 674.44 198.65
758.12 171.01 775.82 222.63
