187.57 198.93 247.83 230.89
926.54 147.43 1014.35 215.09
0.0 310.54 32.83 375.0
1003.83 143.31 1133.59 230.44
564.09 193.2 572.21 196.96
878.88 184.32 886.87 194.52
556.29 196.12 566.3 200.37
0.0 138.75 1.84 221.82
904.1 175.57 920.55 213.04
1082.86 176.87 1096.2 182.42
882.16 145.79 990.72 222.0
0.0 144.31 48.65 240.86
0.0 136.68 49.72 240.97
0.0 164.09 63.24 216.03
1037.39 172.8 1086.63 225.78
587.41 149.66 638.4 203.35
0.0 208.07 18.21 293.36
172.71 144.18 317.88 212.96
169.93 186.96 274.01 236.49
190.51 185.89 271.66 226.0
152.38 185.76 284.22 241.15
