462.39 182.92 536.41 236.44
258.53 166.88 470.89 304.03
546.47 179.47 584.86 208.31
505.49 181.43 544.49 216.66
509.48 175.43 518.39 183.48
514.27 146.89 552.91 204.38
485.31 166.91 511.56 184.88
594.37 152.41 611.41 192.41
436.8 142.8 506.62 216.73
464.33 179.92 536.95 238.1
270.78 176.85 471.61 321.87
478.55 179.84 539.55 229.01
531.55 176.34 581.93 208.82
527.8 174.66 585.05 211.4
493.93 178.27 551.41 219.96
541.82 174.82 584.18 206.94
516.25 176.14 579.2 216.56
506.25 177.59 565.52 218.29
538.88 173.26 579.78 200.3
498.28 177.0 555.26 212.39
255.97 176.58 473.86 320.8
549.17 175.74 584.72 201.65
297.06 186.0 474.85 295.17
467.44 176.58 528.92 227.08
494.65 182.03 543.87 223.06
526.07 176.11 569.14 203.89
260.75 181.01 446.1 293.52
523.19 173.85 578.03 206.6
552.84 174.82 582.11 198.21
478.36 172.74 523.21 245.97
263.28 216.68 449.39 320.91
250.32 198.47 435.22 308.79
