772.67 181.13 831.28 200.3
681.4 174.65 705.3 192.35
588.42 153.35 603.7 193.31
117.18 139.3 135.0 212.81
854.44 145.94 866.09 211.06
606.99 147.32 624.14 208.89
59.41 137.92 86.56 214.96
1037.71 140.07 1057.33 221.75
291.92 183.55 298.78 202.98
970.23 141.26 999.02 220.52
311.22 146.87 339.76 204.19
737.9 153.43 758.1 161.94
56.63 143.87 128.0 194.36
287.96 145.32 314.2 204.42
0.0 137.76 214.24 210.98
766.15 175.77 825.79 200.13
772.14 173.2 831.33 198.0
639.09 173.03 660.37 187.97
761.84 174.68 830.14 202.74
672.56 164.29 702.15 194.3
634.3 173.86 657.2 188.12
784.36 171.92 826.83 198.22
771.06 173.44 815.69 199.52
666.2 170.79 701.4 194.01
776.11 172.86 825.82 191.57
638.64 176.34 661.73 190.08
766.87 169.19 827.15 200.01
671.6 168.41 701.74 190.05
