730.43 174.17 816.52 239.38
772.65 173.84 972.03 294.29
515.36 174.9 593.48 221.08
256.87 175.03 456.61 295.92
649.04 170.73 718.19 207.25
415.64 159.43 519.68 241.62
731.92 178.72 763.16 223.39
746.47 178.61 759.89 183.3
718.57 173.89 744.84 192.09
772.6 169.95 838.79 198.71
911.37 144.74 980.04 198.61
822.17 142.2 831.76 192.5
824.83 177.79 846.36 182.64
643.27 152.77 665.99 192.59
808.85 152.31 839.05 175.98
695.72 153.5 701.36 170.84
824.21 145.58 970.13 196.53
1197.19 203.52 1242.0 225.03
894.26 134.68 1058.0 206.86
733.21 174.13 826.18 240.78
974.38 180.67 1242.0 359.95
772.84 177.79 987.07 294.36
510.89 171.23 592.43 226.04
733.37 173.47 800.86 229.98
879.87 151.44 964.79 191.29
269.69 176.34 458.17 315.73
0.0 191.97 330.39 368.07
744.42 169.96 818.83 229.79
650.97 172.34 707.03 204.39
419.23 165.31 511.58 247.47
647.7 172.19 708.41 205.59
79.539 186.05 356.48 345.76
662.57 172.52 714.38 201.76
410.65 164.96 519.75 251.71
734.71 167.49 832.84 248.12
731.25 170.93 782.73 217.93
737.32 167.36 795.96 214.4
753.77 172.16 828.81 235.09
0.0 185.96 425.06 375.0
674.96 170.08 712.31 199.81
883.71 171.79 1242.0 375.0
166.54 180.87 404.51 329.22
439.92 167.16 519.01 238.08
734.28 167.56 784.93 194.31
877.0 148.45 956.35 199.2
386.39 180.27 509.63 256.54
731.95 173.71 788.13 203.36
802.83 160.76 975.9 286.4
763.6 171.5 994.22 299.82
680.97 171.42 718.03 197.23
948.99 170.03 1195.8 342.96
871.7 155.66 965.41 202.41
0.0 111.31 495.4 375.0
726.74 172.94 848.99 255.69
225.77 180.28 465.87 329.93
754.43 180.11 848.07 233.75
751.9 168.88 809.66 214.21
763.33 170.07 825.41 225.9
256.07 184.41 440.72 291.41
743.42 168.02 805.54 206.53
688.01 171.93 723.44 196.61
315.91 184.66 474.72 277.03
659.13 171.06 717.23 204.37
821.12 168.56 1003.1 271.99
751.24 177.33 939.09 279.23
460.79 168.79 520.45 232.28
740.53 165.81 779.8 196.76
699.31 168.72 740.07 191.39
765.26 176.35 840.21 222.74
350.11 183.78 482.38 263.77
37.624 162.11 316.26 326.32
740.89 161.69 794.87 202.04
740.83 171.56 781.61 203.84
436.97 158.02 502.14 258.16
746.24 176.28 887.1 265.12
651.61 169.21 703.98 196.45
813.46 165.04 827.38 207.89
787.46 132.13 1242.0 375.0
755.8 162.52 809.31 247.31
732.38 168.61 786.17 204.94
692.93 169.89 734.19 194.88
816.24 163.28 832.29 205.59
729.29 169.98 779.3 198.38
665.22 169.11 708.55 195.53
428.99 175.51 524.8 244.89
739.12 163.65 779.9 184.47
809.82 164.85 823.1 205.95
739.47 169.01 790.97 198.51
737.41 164.18 772.36 193.02
746.81 165.85 785.47 200.52
529.84 177.44 591.82 221.35
805.61 162.56 819.19 205.43
790.85 198.2 964.97 304.15
