588.62 177.98 623.98 213.92
465.44 179.48 530.49 224.83
217.17 172.24 280.29 203.21
412.04 165.99 417.32 193.22
547.11 183.24 575.37 192.78
546.33 170.21 575.52 178.85
0.0 140.13 46.46 186.66
0.0 158.55 43.17 193.2
260.49 164.74 309.47 193.92
1199.37 130.34 1242.0 261.77
17.78 145.11 136.53 203.85
42.81 143.09 98.84 175.71
278.63 183.34 323.07 194.47
102.42 148.25 239.89 202.16
585.39 176.82 624.27 215.6
467.07 176.86 531.33 228.63
581.7 177.0 616.5 212.36
415.86 177.98 439.97 193.62
209.37 171.64 276.15 210.19
591.15 174.25 623.82 209.57
213.67 175.56 270.71 207.78
583.19 174.81 627.05 215.57
413.91 177.4 434.65 192.49
580.95 177.29 604.42 205.46
420.47 177.64 442.66 191.88
590.5 173.52 617.67 218.82
418.09 176.36 440.94 190.35
214.74 171.25 273.78 200.95
448.17 176.14 470.06 190.32
543.0 175.64 574.67 197.7
599.54 175.09 625.42 204.64
595.84 178.1 625.41 212.32
571.37 175.75 591.29 195.19
594.77 173.87 622.38 202.46
577.01 177.16 598.15 200.75
423.29 177.05 446.26 190.96
577.36 178.09 612.34 207.3
565.69 175.27 588.23 194.38
572.48 177.34 596.11 197.5
584.3 174.9 610.54 217.13
556.59 176.01 582.65 198.11
559.91 174.47 583.74 194.88
413.51 179.9 437.46 195.03
585.88 175.56 608.62 200.58
551.91 174.49 578.17 195.4
595.72 178.3 629.49 203.54
413.98 175.99 437.3 189.93
588.18 174.1 613.95 201.96
581.57 176.56 602.0 199.31
474.19 181.01 528.34 225.68
437.99 176.5 460.24 190.07
583.12 173.31 601.96 213.74
429.46 176.66 452.72 190.56
586.91 185.77 623.28 217.04
603.86 172.78 623.96 212.95
596.16 169.68 618.52 215.34
586.77 172.37 605.91 214.01
590.86 173.92 620.18 197.35
541.76 177.32 567.9 198.42
605.62 175.63 628.02 203.27
477.92 177.31 533.54 217.63
595.27 174.21 622.99 219.62
597.69 174.93 626.11 197.43
453.08 175.63 476.22 190.42
