586.25 174.93 657.79 237.92
575.54 187.25 593.54 192.42
461.5 182.64 505.72 216.07
162.46 175.12 356.93 271.79
668.42 183.61 683.61 188.09
692.78 174.45 731.24 196.12
322.89 176.88 395.28 221.26
706.41 152.26 708.01 192.23
0.0 185.27 97.22 311.35
691.27 151.87 698.58 195.69
736.69 147.63 761.49 183.44
533.13 152.36 573.13 193.6
533.09 175.28 534.27 192.81
531.49 152.89 537.22 183.29
709.91 178.21 881.83 243.99
785.2 169.28 1078.53 286.41
57.885 180.2 254.22 261.9
591.03 174.21 664.03 238.68
571.05 172.82 601.99 197.08
443.42 178.24 509.92 221.05
153.09 183.32 355.39 285.25
113.44 181.49 299.26 266.27
716.91 180.79 847.03 239.58
713.41 175.69 860.8 245.0
806.4 173.66 997.65 292.41
663.39 173.26 685.11 191.08
32.352 186.02 186.3 259.21
0.0 190.68 98.246 291.08
296.94 178.88 395.77 227.64
0.0 198.04 84.19 287.33
6.6879 185.24 149.32 260.63
577.74 174.97 608.38 196.85
660.16 174.21 682.19 191.66
742.23 177.51 859.79 233.84
15.096 190.18 122.73 247.8
572.49 174.98 596.68 195.66
194.97 184.26 368.01 267.61
6.2088 183.4 115.18 276.15
693.6 172.82 716.81 189.1
697.16 172.58 721.87 188.53
668.67 174.54 690.81 191.11
597.53 176.21 659.62 228.24
19.909 188.61 107.21 258.26
713.36 176.45 823.89 230.94
574.89 172.02 606.88 193.78
11.4 195.0 97.412 271.06
657.0 173.12 677.2 191.11
795.19 179.89 965.9 273.64
583.73 173.4 609.53 195.75
287.32 180.35 369.23 221.04
283.52 181.8 376.27 230.24
6.3021 186.03 72.236 302.24
688.07 172.6 710.82 189.45
52.941 180.97 202.7 267.66
29.103 191.9 141.75 243.17
591.45 173.85 646.77 231.92
456.81 176.31 514.76 218.37
757.38 174.66 891.44 244.77
314.66 185.45 395.9 226.6
309.38 179.35 398.16 218.46
0.0 206.28 84.078 302.14
582.67 176.99 616.65 198.26
765.66 177.58 873.14 231.27
231.52 184.16 378.43 249.83
451.43 180.58 509.35 217.38
259.63 179.31 385.09 242.01
733.14 173.65 835.33 219.12
653.08 173.08 671.6 191.53
604.99 168.38 652.01 244.5
701.44 171.5 724.15 187.83
0.51733 192.14 64.113 267.57
676.13 174.55 698.86 191.12
588.39 173.0 648.81 217.58
177.43 178.64 341.29 274.05
588.71 175.42 613.28 198.63
793.04 175.79 935.36 259.97
13.047 173.7 87.059 297.25
751.95 181.47 875.28 242.99
569.78 172.5 594.2 190.55
95.877 189.26 234.09 253.09
843.76 178.18 1013.9 268.17
150.39 178.75 257.69 227.25
597.46 170.25 643.96 244.73
759.24 176.81 854.74 218.73
680.89 174.32 704.19 190.29
92.419 170.95 385.86 286.83
787.37 167.38 1021.9 296.81
606.66 175.72 666.4 217.62
143.61 196.4 310.98 281.7
49.3 188.99 175.71 245.49
658.67 172.67 681.32 188.52
