541.69 180.72 573.55 208.93
588.14 186.63 609.84 195.52
699.79 164.61 775.27 240.49
675.45 174.08 706.8 210.27
540.71 170.99 545.19 193.96
537.2 176.09 540.17 188.55
526.79 175.59 531.15 196.9
531.33 175.73 535.68 188.41
908.18 135.16 989.37 205.56
802.27 144.37 836.03 159.19
519.71 170.04 526.61 196.76
774.53 152.45 807.96 167.26
703.52 148.01 784.59 207.81
630.41 170.76 742.8 197.55
535.51 180.84 573.7 211.41
670.67 169.76 733.03 212.57
583.89 175.51 615.07 201.06
697.85 170.15 767.47 227.96
669.13 169.88 720.38 210.11
690.54 173.8 756.4 223.1
683.7 173.09 742.67 217.84
698.13 167.76 780.58 237.03
663.66 167.12 722.43 213.46
532.34 183.58 569.09 208.22
543.5 180.01 575.02 209.14
662.47 172.97 714.48 208.14
591.73 175.98 616.63 200.96
588.09 170.68 606.38 204.51
593.61 170.47 611.72 202.86
742.52 98.071 988.44 294.39
581.12 180.51 617.9 202.9
539.05 179.31 571.48 206.19
679.57 171.68 738.95 210.56
