579.12 169.28 627.09 219.98
374.51 176.3 387.39 179.91
78.75 159.43 161.75 201.96
141.34 167.06 176.75 188.07
400.77 152.23 407.11 188.18
66.31 179.48 128.8 206.45
0.0 157.73 88.71 214.74
345.71 160.91 362.63 167.29
331.69 149.34 335.6 191.75
174.33 147.8 234.92 183.37
282.65 151.0 358.74 184.5
17.5 141.22 31.63 174.25
8.11 233.09 43.76 242.67
339.46 173.02 377.21 191.32
50.089 171.59 157.13 212.74
576.02 167.25 630.93 220.39
345.11 171.43 383.95 190.03
361.07 170.83 395.47 188.25
0.0 179.78 74.0 221.36
354.93 172.22 390.38 189.02
369.8 170.63 402.37 187.4
366.38 170.18 397.23 186.26
95.833 167.68 181.48 200.29
68.885 170.25 169.21 205.23
114.44 171.0 185.94 196.75
106.54 165.14 188.39 194.38
579.85 170.52 625.88 216.63
374.92 169.75 405.59 185.62
576.33 169.86 617.87 210.69
113.32 165.63 189.59 190.82
102.33 171.64 173.41 197.24
349.07 174.26 382.73 191.18
340.48 172.44 368.7 190.49
81.374 163.97 182.47 196.32
129.19 169.08 191.53 193.86
107.7 168.33 178.85 194.62
584.43 166.54 624.11 206.15
132.3 174.01 188.95 196.39
581.69 162.38 621.31 224.87
31.661 164.02 171.27 215.44
587.2 169.04 629.54 210.57
359.81 168.38 392.66 183.79
591.53 168.88 630.39 194.6
338.2 170.38 370.46 187.68
5.2081 182.0 88.273 218.51
584.21 168.36 623.86 195.74
97.05 174.56 165.59 199.3
368.85 168.57 396.4 183.37
570.5 169.22 625.55 208.98
69.981 177.01 160.79 212.43
598.0 167.64 629.74 202.02
83.406 168.5 158.97 207.97
45.476 168.74 143.42 207.63
588.07 165.19 618.77 220.93
381.36 168.67 407.15 185.25
53.691 162.9 167.29 200.4
