704.7 174.79 776.38 239.86
689.57 179.4 731.89 224.97
677.36 181.77 707.88 217.13
408.95 185.18 459.37 209.63
662.92 180.81 680.62 207.52
663.09 157.5 674.69 183.23
677.69 160.88 683.11 175.43
708.4 157.95 728.07 184.06
460.53 188.03 476.46 197.15
1229.93 175.65 1242.0 205.33
779.18 183.28 797.56 187.92
477.83 188.2 491.74 197.85
817.31 181.42 838.22 195.32
1238.99 123.66 1242.0 215.3
776.97 136.43 939.4 220.01
1225.12 147.81 1242.0 156.59
684.55 177.67 753.34 225.79
693.97 177.49 770.35 232.49
701.26 176.18 790.5 240.9
671.47 177.45 720.93 211.43
679.7 179.04 738.04 219.81
717.34 176.93 843.38 260.33
665.3 178.43 708.25 204.78
407.47 180.29 460.14 210.4
703.32 171.7 825.38 250.59
659.78 178.44 700.47 203.05
678.03 180.21 726.89 216.16
714.02 174.77 806.94 246.09
672.88 177.69 724.01 212.27
659.27 175.32 690.95 200.79
402.75 180.01 458.81 212.48
683.91 178.94 735.32 218.37
723.3 177.07 825.21 252.78
739.15 176.23 841.98 262.99
676.66 176.44 713.1 206.87
740.73 174.74 851.13 268.18
661.03 175.95 685.66 198.84
1118.4 229.71 1241.0 373.16
684.31 183.93 727.52 221.35
689.33 181.1 745.04 222.2
674.05 183.05 713.99 213.11
665.8 175.02 698.15 198.06
687.65 170.3 815.66 238.93
700.22 184.5 757.17 225.98
661.38 175.86 710.1 208.18
660.87 174.59 689.48 194.86
417.31 180.71 460.49 202.7
672.4 175.99 702.14 200.95
411.54 178.93 453.07 205.73
705.27 173.67 780.4 231.45
405.04 179.55 448.59 208.72
702.03 179.48 750.95 216.74
692.02 177.47 738.14 213.49
759.09 166.06 823.15 272.99
659.94 180.34 689.97 203.34
663.32 168.65 682.25 201.99
679.51 176.58 723.52 205.93
