617.82 124.52 1120.44 234.45 1.44
0.00 114.67 123.85 271.04 14.01
1099.15 111.71 1242.00 219.84 24.06
894.69 125.45 1188.84 201.23 32.63
826.54 151.61 936.37 190.10 50.95
564.22 174.32 615.91 223.97 22.61
365.32 146.01 417.69 220.85 31.60
304.75 147.11 374.47 212.01 43.76
1095.99 146.68 1184.11 200.09 29.51
100.62 129.17 225.92 266.06 17.43
341.92 149.41 383.78 211.35 49.16
317.00 142.62 333.95 227.45 25.49
394.93 147.76 441.89 211.80 36.60
461.16 150.88 476.14 199.75 46.54
632.26 151.32 684.03 200.28 45.86
412.83 152.50 433.31 197.53 61.64
470.10 152.07 493.08 192.95 55.49
915.03 172.03 958.65 186.47 43.43
638.10 191.97 700.77 196.59 52.19
506.29 153.58 514.70 193.67 66.48
507.98 187.18 533.45 196.07 52.60
661.50 152.59 671.92 192.82 55.77
522.29 201.65 570.49 205.23 40.78
799.05 186.63 820.52 192.29 48.76
656.72 153.74 661.14 188.45 65.76
254.49 143.74 273.33 149.46 30.13
399.70 179.77 408.21 194.63 70.91
927.17 149.72 938.61 159.83 62.31
976.53 190.95 1002.33 195.92 41.64
669.78 194.32 695.33 199.14 43.86
829.63 185.87 844.18 191.49 44.71
1024.35 362.91 1168.80 375.00 1.78
852.38 152.51 858.53 157.54 73.15
782.00 183.08 790.65 187.77 56.42
295.70 148.55 303.76 157.95 45.57
437.32 153.59 441.92 158.43 71.53
