599.7 174.44 672.86 233.16
598.53 175.82 674.51 235.54
638.81 178.63 647.95 183.24
1050.16 182.39 1194.28 213.3
586.75 177.15 609.34 212.63
338.65 147.15 391.93 197.94
383.4 147.85 433.72 183.69
379.35 180.76 422.47 204.47
428.33 183.7 444.35 193.46
425.72 194.61 429.31 199.37
941.83 160.33 984.42 230.6
953.54 140.67 961.36 208.61
574.35 184.1 582.31 188.54
528.53 147.89 544.58 209.61
503.93 177.05 523.1 208.18
533.42 185.06 554.29 198.79
553.53 153.48 559.24 175.75
562.19 174.23 571.45 195.92
539.09 152.32 543.82 169.6
567.89 182.88 575.23 192.47
564.39 152.01 571.26 192.01
559.81 186.23 568.2 199.55
461.99 146.05 475.71 208.42
433.5 147.23 448.64 210.58
451.5 147.63 548.85 202.77
657.92 162.82 692.5 202.74
657.25 163.49 669.74 180.43
474.67 175.42 490.32 188.16
999.54 146.99 1006.37 156.63
857.15 145.3 879.31 205.97
895.62 149.1 903.44 163.66
760.22 169.73 804.45 205.92
728.08 147.45 737.07 205.37
719.5 173.44 771.08 196.47
747.35 155.46 770.22 192.48
765.39 155.9 767.77 191.79
780.65 154.51 799.24 167.94
709.73 153.01 727.94 188.2
822.6 149.58 845.47 163.91
822.08 162.77 852.18 181.14
1236.29 134.92 1242.0 205.63
0.0 138.44 23.76 218.2
217.56 144.83 254.85 214.17
251.81 163.26 263.91 173.09
696.21 150.79 712.57 194.65
1185.16 109.31 1242.0 291.21
960.09 140.16 1222.3 193.46
1157.99 91.77 1242.0 345.8
308.89 158.77 313.25 174.15
995.91 131.32 1172.3 204.27
984.47 112.4 1168.0 187.47
1014.8 101.37 1211.3 174.82
591.43 176.55 650.12 220.93
587.36 174.68 643.96 213.37
585.78 176.2 630.51 212.87
584.22 175.06 629.56 211.31
582.56 176.45 618.7 211.01
587.83 175.0 640.11 207.03
594.14 176.44 639.33 213.95
578.15 175.86 627.27 206.84
610.56 174.7 672.35 227.52
613.31 166.99 662.67 242.92
590.9 172.39 636.13 199.82
596.03 170.51 619.9 218.78
596.18 169.58 622.41 219.48
598.64 173.68 635.9 206.31
598.85 175.57 644.9 202.77
606.46 178.12 649.45 214.95
606.94 169.74 646.93 235.62
587.69 170.83 627.73 205.07
603.85 170.66 626.68 220.34
598.39 178.1 647.39 209.02
590.22 173.58 646.7 204.74
611.18 175.1 654.14 245.85
579.68 174.2 635.43 204.49
585.73 169.6 680.47 239.31
601.42 174.73 655.93 215.7
601.04 166.26 621.03 211.98
606.03 172.93 639.37 204.45
580.9 173.11 626.57 200.08
602.59 171.81 632.52 229.51
608.44 170.81 630.31 219.42
602.74 172.23 642.14 195.37
623.35 168.68 667.82 234.91
580.32 180.66 622.71 214.17
614.14 177.77 658.48 216.48
619.57 172.61 679.0 212.35
605.5 167.23 623.68 210.67
593.41 189.43 675.95 238.1
601.28 173.0 657.53 205.1
568.31 172.23 629.39 203.25
612.5 172.74 645.28 204.69
613.52 171.0 634.45 219.82
617.68 170.47 639.23 221.97
609.95 167.08 627.32 211.25
610.9 175.16 654.52 202.56
591.13 174.08 617.86 222.58
612.47 171.6 651.38 195.55
611.87 172.32 646.63 191.03
621.68 169.96 643.06 221.61
625.19 166.62 645.61 218.94
599.06 173.38 637.97 192.58
597.46 166.03 632.56 218.33
614.71 165.83 631.62 211.29
617.17 170.16 647.62 199.36
586.96 172.26 633.65 194.02
619.58 165.0 637.31 213.03
607.72 153.15 663.62 251.04
602.65 174.77 638.74 238.45
618.18 171.41 645.81 193.83
629.1 167.09 649.69 219.26
605.5 164.39 640.82 220.44
633.66 167.75 695.2 204.8
623.02 164.53 641.97 213.74
562.7 166.04 677.53 228.98
620.09 172.0 653.29 205.16
613.46 165.01 651.19 226.05
611.35 180.39 668.35 224.91
608.91 171.95 668.14 206.09
620.06 174.63 659.71 212.07
588.61 179.15 655.65 234.73
567.65 177.17 690.42 247.37
620.59 174.68 666.21 251.17
608.53 184.9 660.8 222.19
627.08 163.45 645.62 207.44
653.1 172.65 696.3 200.37
635.6 167.92 670.98 231.73
585.49 165.49 641.66 206.69
621.08 163.15 659.25 227.84
599.89 158.98 659.82 263.7
588.23 164.06 619.82 215.45
632.13 170.72 687.32 213.47
576.85 166.13 644.1 196.85
592.4 162.11 649.04 203.66
559.08 163.59 630.06 194.83
630.18 163.2 665.31 226.03
589.66 156.21 628.86 216.16
618.24 148.16 671.82 258.34
637.8 161.22 702.83 197.85
626.42 173.64 680.44 221.63
594.68 169.46 626.29 241.83
589.17 119.46 661.04 251.91
592.13 148.47 640.63 249.39
601.97 122.46 676.92 249.81
585.74 160.04 722.12 229.84
577.25 149.26 683.57 232.78
551.94 153.82 690.73 222.71
563.12 161.53 620.78 199.19
647.88 161.45 677.7 224.91
630.64 170.8 671.57 253.07
642.99 165.04 674.93 231.85
596.57 162.14 662.38 196.0
617.79 179.76 656.24 258.44
589.44 151.03 647.59 273.05
589.61 201.34 675.32 242.88
623.81 162.51 695.15 196.56
566.69 175.77 621.22 211.71
553.54 142.74 665.51 227.08
606.19 179.1 644.15 259.15
578.99 182.45 684.65 261.06
606.69 165.29 706.87 242.72
580.96 178.92 722.63 253.56
552.38 161.03 648.66 238.25
618.41 121.51 692.71 254.43
555.26 189.88 700.1 265.37
579.63 140.16 623.68 263.65
639.78 139.03 694.01 266.34
1204.4 134.73 1242.0 311.38
1189.0 127.84 1242.0 311.59
1133.4 87.999 1242.0 302.14
1172.2 103.01 1242.0 375.0
1143.1 145.62 1242.0 365.28
1208.6 132.49 1239.2 241.71
1200.9 135.23 1233.3 236.51
1200.0 144.79 1236.0 262.37
1215.1 129.76 1242.0 239.1
1223.4 163.17 1242.0 264.73
1203.5 99.244 1242.0 282.72
1208.0 152.16 1241.7 272.36
1204.0 72.902 1242.0 245.83
1192.5 147.07 1228.2 256.03
1187.1 134.58 1242.0 245.58
1177.8 163.45 1242.0 247.95
1187.9 99.063 1242.0 273.57
1171.6 89.34 1232.4 249.47
1176.7 119.99 1235.9 283.26
1179.3 152.36 1237.6 335.65
1185.1 65.532 1242.0 242.81
1156.9 127.74 1215.9 270.4
1155.9 96.292 1215.8 239.5
1137.1 135.72 1203.5 280.59
1139.2 135.82 1194.4 252.15
1160.4 150.07 1223.8 313.68
375.86 178.11 428.77 208.97
371.67 176.37 429.2 211.39
379.85 174.3 422.06 206.87
386.94 175.87 435.0 203.49
369.42 176.22 421.25 204.04
373.74 176.98 412.29 206.99
385.47 175.26 429.03 196.94
375.53 173.96 423.53 196.77
382.67 173.18 418.47 199.54
383.4 173.47 433.84 206.74
373.53 179.79 419.87 212.28
390.7 177.47 429.12 208.11
389.95 169.89 410.61 214.07
379.91 169.39 399.09 208.72
393.41 167.72 413.33 210.83
387.23 166.99 407.18 209.43
377.47 184.46 425.72 211.09
383.64 166.99 402.25 207.81
386.96 166.03 416.03 220.67
377.64 174.77 405.42 198.68
391.42 166.72 409.06 203.39
382.38 171.51 403.43 215.8
383.33 162.31 420.15 216.37
374.7 176.47 402.3 203.02
369.39 178.26 410.51 199.32
392.13 167.39 419.39 218.88
374.38 176.28 413.39 193.96
386.58 172.57 407.74 220.53
364.01 181.59 429.05 216.48
377.12 169.07 393.97 209.19
381.34 177.19 446.06 210.78
389.88 164.35 424.03 214.03
378.4 174.06 419.45 191.39
383.45 182.84 431.22 208.88
379.99 168.26 411.1 221.1
358.93 172.62 425.85 208.32
382.67 173.46 412.88 194.26
378.74 176.15 400.65 215.04
390.67 175.16 428.54 190.82
364.98 175.24 419.67 214.21
369.16 163.12 430.92 208.42
389.36 169.58 422.21 232.78
388.42 153.07 427.68 215.72
375.43 149.86 412.05 216.11
380.56 179.31 430.61 216.19
374.39 163.57 403.66 219.5
346.12 169.55 417.23 205.99
365.6 92.249 434.46 246.4
312.06 150.44 426.27 232.02
291.91 144.75 408.79 234.02
408.95 176.33 448.75 196.96
399.66 176.55 442.44 197.76
415.64 176.78 450.54 193.73
408.33 175.09 439.69 198.5
420.56 176.11 447.56 195.72
396.99 175.12 436.39 193.86
400.96 175.51 432.25 202.02
405.24 174.17 435.44 196.22
387.53 173.56 447.09 204.93
414.64 174.92 443.32 199.44
410.26 174.89 446.66 189.63
395.08 173.73 427.84 197.91
396.37 171.49 415.89 213.38
400.12 170.86 419.96 213.17
402.09 174.7 439.19 190.42
425.98 170.68 439.61 200.12
408.47 169.99 423.77 206.13
413.43 174.62 442.64 192.91
429.78 171.49 442.18 198.56
422.15 177.08 456.44 194.05
413.58 170.27 427.18 205.6
422.8 169.76 435.33 198.77
409.92 168.15 423.68 199.36
417.72 171.18 430.77 205.18
433.87 172.37 444.52 197.99
428.39 172.67 442.98 203.23
404.89 172.78 423.95 213.97
395.93 173.87 456.64 202.89
420.32 173.13 435.27 206.99
419.0 169.37 431.44 198.91
399.91 168.83 416.39 202.93
419.76 178.3 452.9 197.0
405.42 167.24 420.81 201.14
429.17 175.67 450.63 196.38
418.68 175.33 452.01 189.93
432.65 174.11 445.2 203.03
399.18 169.53 467.54 201.36
383.72 164.17 458.66 198.83
401.16 167.98 423.84 216.54
407.59 167.1 486.94 200.3
368.83 164.11 446.94 199.8
401.29 163.05 428.5 211.35
408.65 171.37 459.17 205.7
391.35 162.83 450.45 204.16
392.05 160.44 478.19 198.19
395.42 178.16 458.64 209.81
411.12 165.3 433.32 215.32
337.96 154.8 454.18 229.96
398.94 150.31 433.8 213.62
330.14 167.36 480.98 233.94
408.21 150.72 440.02 211.79
382.59 184.51 447.0 218.4
399.06 168.92 425.01 234.8
428.67 162.27 485.38 207.74
346.43 138.01 472.81 221.2
363.93 153.52 481.37 226.84
331.3 121.55 456.25 214.15
504.19 174.48 560.26 199.27
491.68 175.8 548.04 200.89
490.77 172.31 566.54 202.96
501.72 172.1 539.05 199.02
490.11 174.27 543.1 196.1
496.12 174.7 535.9 201.65
501.6 171.82 549.01 192.65
480.77 174.91 535.17 194.49
502.23 170.76 575.39 201.49
494.29 173.21 540.8 191.54
450.52 172.9 495.24 194.5
456.42 175.22 496.9 192.71
500.16 172.45 532.84 194.44
493.57 174.07 529.55 197.31
505.04 165.67 522.2 202.44
507.83 166.6 524.83 203.61
473.33 173.68 555.28 205.01
481.91 166.15 568.06 200.09
486.62 173.94 522.43 195.9
476.01 175.36 521.7 192.12
462.72 170.71 547.43 201.27
483.06 168.4 548.15 206.22
496.35 165.53 562.23 205.5
480.51 174.96 570.84 207.49
451.19 172.43 536.17 203.94
451.91 167.63 536.59 198.04
424.21 166.43 505.46 200.23
436.72 168.76 520.89 200.41
422.41 170.22 499.08 206.97
464.26 163.04 555.5 197.46
419.25 158.62 506.47 195.34
403.38 158.3 494.38 197.37
429.91 160.91 524.57 194.82
501.42 159.61 529.24 211.64
504.83 153.02 538.24 208.19
456.87 177.15 549.22 211.2
417.92 155.38 584.23 220.2
465.34 146.3 583.67 225.46
500.79 120.87 558.06 253.25
419.02 165.72 578.97 235.28
397.91 144.19 573.09 211.76
486.93 119.88 545.48 249.05
435.84 147.96 558.92 226.96
439.78 110.08 497.88 245.01
484.06 153.82 599.94 240.48
459.13 117.74 598.25 215.46
455.37 155.05 569.47 239.32
1215.0 145.43 1234.1 220.27
1211.0 145.47 1229.6 221.18
1219.3 146.08 1237.6 219.97
1207.5 147.6 1226.0 218.87
1215.0 133.04 1234.3 206.92
1210.8 133.16 1229.6 205.82
1208.8 147.21 1242.0 189.62
1206.7 154.06 1242.0 197.06
1224.4 131.16 1242.0 228.75
1207.4 161.56 1242.0 205.28
1216.1 142.3 1242.0 198.09
1189.0 151.33 1239.6 204.86
1216.0 156.7 1242.0 213.85
1224.2 107.84 1242.0 206.32
1210.1 131.22 1242.0 174.41
1192.8 136.88 1226.6 229.23
1196.0 145.47 1242.0 199.04
1207.8 170.02 1242.0 213.75
1217.7 126.66 1242.0 181.81
1195.1 158.27 1242.0 215.26
1210.0 122.79 1242.0 165.98
1209.4 108.56 1240.3 221.22
1187.8 138.2 1237.4 189.42
1209.4 178.09 1242.0 222.46
1200.9 112.16 1233.8 215.0
1181.3 159.05 1237.8 211.45
1185.0 106.09 1242.0 213.01
1210.0 114.58 1242.0 158.1
1208.1 185.18 1242.0 230.86
1217.3 172.04 1242.0 232.05
1218.3 186.74 1242.0 248.66
1192.2 124.84 1226.3 211.19
1217.6 109.53 1242.0 166.15
1223.7 81.472 1242.0 185.17
1193.2 141.06 1242.0 182.65
1208.3 106.41 1242.0 151.29
1215.9 95.096 1242.0 211.24
1183.0 134.07 1216.6 211.16
1202.3 138.15 1242.0 190.54
1038.3 164.42 1192.0 209.24
1041.4 160.41 1190.0 208.81
1080.5 163.22 1196.0 207.67
1055.0 170.63 1183.2 210.93
1045.8 163.57 1158.8 207.12
1030.3 143.77 1201.5 203.79
1027.4 149.91 1187.4 217.63
1055.1 157.53 1178.1 207.66
1098.8 159.17 1201.6 203.0
1080.0 148.39 1218.2 208.32
1063.3 171.58 1144.1 202.54
1068.6 153.16 1199.2 214.8
1045.1 174.51 1160.0 214.54
1062.9 140.16 1220.6 199.3
1056.1 154.39 1174.6 193.65
1055.7 159.32 1210.5 225.79
1024.1 164.66 1188.6 225.02
1084.8 153.11 1194.3 193.03
1092.8 131.79 1148.7 229.96
1004.4 144.78 1143.8 214.99
1057.4 178.95 1179.1 215.5
1083.3 161.05 1231.5 231.52
1101.8 144.7 1139.6 212.12
1094.6 170.33 1199.7 212.21
1035.6 178.25 1216.9 244.32
1055.4 164.68 1196.2 248.12
949.49 158.72 983.99 238.29
942.47 161.68 989.5 227.93
948.56 158.94 972.54 231.86
947.19 159.97 966.16 216.29
953.95 158.42 987.96 228.99
955.02 159.5 981.12 232.16
951.49 158.49 976.52 226.23
945.46 159.93 960.87 210.57
943.72 157.82 974.7 231.8
949.45 159.92 970.47 213.3
958.55 158.82 983.46 222.71
941.51 160.63 957.63 206.08
943.35 163.74 971.05 198.03
947.43 158.9 964.22 205.21
945.68 155.96 967.82 227.6
956.76 159.85 979.02 212.88
944.41 157.66 959.01 202.82
940.87 163.65 965.31 196.34
947.99 163.46 980.44 199.73
938.15 156.55 986.69 211.6
959.08 154.08 989.91 243.4
962.23 160.04 986.96 218.68
933.58 167.55 997.96 212.28
960.05 160.29 982.24 206.24
953.89 162.82 985.63 199.32
953.44 159.0 974.32 207.47
942.55 171.78 992.61 241.72
933.03 167.3 976.18 190.77
939.81 153.76 956.92 201.45
927.58 164.51 989.55 202.15
940.49 168.17 987.83 194.4
938.36 158.71 954.52 204.61
945.58 163.67 978.66 211.59
943.29 156.87 962.03 224.03
944.88 155.22 994.99 214.88
939.28 151.06 971.88 221.6
927.74 171.1 994.83 221.07
951.0 171.57 977.22 235.87
941.4 141.99 987.87 259.4
951.4 155.92 969.28 203.41
949.93 162.77 985.23 213.66
967.73 159.08 990.3 223.7
928.86 169.71 983.72 195.13
936.57 152.39 953.73 197.37
936.75 160.97 960.51 191.99
958.79 154.91 977.77 201.31
957.51 170.16 984.66 237.62
931.26 154.46 977.78 207.65
941.14 165.95 967.93 204.32
950.88 167.4 994.61 192.59
968.58 158.94 988.16 207.45
929.75 158.79 993.25 194.9
936.03 160.17 1002.6 198.63
973.6 159.81 992.69 214.0
944.18 150.02 958.75 195.23
961.28 149.66 995.15 227.55
924.98 180.37 1003.3 234.19
934.29 150.3 963.76 233.97
921.74 154.64 1004.6 247.36
933.17 148.57 960.29 217.61
940.22 160.2 973.21 250.96
912.8 159.15 983.62 194.51
956.26 164.21 991.34 255.54
932.24 133.6 981.73 266.63
948.68 150.65 987.48 220.35
923.57 158.32 972.09 209.89
937.23 142.64 969.02 214.28
896.77 156.72 1027.0 232.65
895.16 156.58 979.42 193.04
928.46 109.55 996.67 263.27
914.45 140.36 1018.0 235.65
934.73 154.07 1010.0 189.06
945.18 144.93 994.33 277.52
922.19 142.15 952.31 218.17
939.83 111.72 1007.2 254.56
946.79 177.41 1000.7 245.34
961.57 129.19 1014.3 264.6
904.32 169.28 1029.5 243.25
905.99 153.36 989.69 189.45
947.06 150.12 1037.3 184.73
945.78 156.55 1027.9 193.48
905.97 152.61 962.61 201.63
932.35 148.99 1036.2 239.83
963.97 144.53 998.87 216.22
906.49 126.13 1026.5 220.59
913.11 107.89 982.36 259.47
914.38 170.52 1008.6 259.25
893.57 138.49 997.61 232.55
959.55 105.39 1022.1 249.08
905.41 125.83 962.09 269.74
889.94 180.74 1029.0 250.85
656.95 176.58 693.18 203.18
656.35 158.05 687.99 216.48
873.13 175.03 925.48 196.87
879.37 172.99 914.3 197.99
876.39 174.47 903.77 198.51
886.02 167.78 899.89 201.43
888.57 166.76 903.6 201.9
882.15 164.37 894.87 202.75
875.64 172.97 925.95 191.19
878.61 163.93 891.12 201.51
875.73 162.29 888.3 203.5
861.74 158.07 875.48 206.9
886.38 174.65 933.79 195.17
880.22 171.3 908.11 195.62
887.91 173.65 921.58 198.97
891.8 166.74 907.55 201.7
865.99 159.49 878.82 205.39
868.63 176.08 910.21 196.36
895.54 168.09 912.12 203.15
867.31 156.49 934.04 202.24
887.65 145.79 921.21 213.33
880.53 145.19 914.45 210.02
847.49 137.3 882.31 221.59
839.31 163.57 929.18 201.99
896.19 142.8 927.02 211.79
861.7 94.635 933.32 248.85
848.12 98.054 915.98 245.57
835.07 100.05 897.75 242.41
821.03 100.13 880.77 241.1
460.18 165.47 475.35 213.86
457.41 166.34 472.58 213.33
458.18 161.93 470.5 205.34
467.15 162.7 480.46 202.15
461.82 171.9 487.6 195.15
454.56 161.17 467.67 204.4
468.59 166.35 482.46 200.24
463.5 165.65 479.11 212.05
463.24 162.29 475.15 204.33
457.37 169.51 482.23 197.94
451.1 162.74 464.05 203.17
512.84 164.82 527.7 203.04
452.07 168.88 475.57 198.54
454.82 166.18 468.87 212.05
443.62 172.59 487.68 193.72
460.11 182.21 475.9 217.84
447.86 164.91 459.41 201.94
456.25 172.07 478.43 206.21
449.67 156.27 463.8 198.65
452.22 159.28 479.38 222.39
457.51 159.97 484.73 220.64
437.75 166.54 490.85 211.11
449.4 145.31 480.11 212.61
423.38 105.93 480.99 245.06
526.98 172.8 571.04 194.7
537.17 175.52 574.42 192.63
513.63 172.44 564.51 196.64
517.01 170.95 554.76 200.2
532.12 171.62 564.28 196.09
522.3 171.92 564.73 191.99
525.32 171.41 558.8 197.39
538.86 173.37 570.53 195.06
509.33 171.03 549.12 200.95
550.49 174.9 583.05 192.03
553.74 174.11 585.62 189.71
554.18 171.71 586.98 187.11
508.06 171.6 558.64 193.66
558.51 173.19 590.52 190.21
559.37 170.77 592.46 187.44
543.78 176.14 577.63 194.1
561.9 170.82 598.0 189.99
527.79 164.86 544.57 206.49
531.39 165.85 547.77 205.43
532.09 171.75 568.75 189.26
563.76 170.46 591.55 192.35
525.03 164.67 541.05 205.46
527.99 177.13 568.49 197.95
521.07 164.72 537.16 206.16
536.54 167.43 550.34 203.13
539.43 175.25 564.59 198.72
534.21 172.72 562.19 192.36
542.55 172.63 576.95 187.93
545.8 167.9 559.4 201.13
548.79 168.77 562.36 199.58
517.49 163.92 532.38 204.16
508.43 170.73 541.48 194.84
529.34 172.52 557.12 192.8
553.79 173.86 579.12 193.84
541.86 167.37 554.86 202.27
567.38 168.08 595.68 192.36
514.73 168.93 585.47 198.82
561.23 170.3 587.41 189.73
522.52 171.55 551.37 193.76
544.24 172.82 571.97 190.55
544.3 172.14 558.77 204.28
563.5 173.84 597.39 195.07
535.7 177.13 572.44 196.63
559.01 173.24 583.46 193.61
519.22 171.1 559.13 189.77
555.35 171.43 581.08 189.23
549.57 172.56 575.67 189.6
573.03 171.6 598.66 195.61
533.11 165.86 548.42 196.3
529.23 164.72 545.0 196.55
553.2 170.02 565.79 198.51
511.42 171.3 551.5 189.48
569.93 167.14 599.15 189.4
514.6 171.8 542.92 193.34
511.04 165.86 567.87 203.24
517.07 162.62 544.19 209.43
508.86 163.02 536.29 210.85
522.73 162.47 550.23 208.79
513.4 153.31 546.51 207.98
534.44 170.04 597.25 201.2
520.28 153.97 553.31 206.42
531.36 167.36 579.92 204.35
525.88 161.82 587.59 196.55
537.72 164.56 592.1 198.56
529.36 161.3 555.69 216.66
537.07 158.75 563.3 218.34
516.9 125.05 574.47 257.83
534.63 127.63 590.21 259.08
533.81 104.21 595.58 246.96
770.34 160.89 784.28 208.26
773.11 160.04 787.33 207.36
766.89 161.97 780.57 207.07
763.29 160.5 776.33 205.57
776.51 158.98 791.32 205.87
780.71 158.3 796.29 205.7
785.03 159.74 799.89 204.11
771.86 150.5 789.86 205.12
774.85 147.23 794.38 204.54
759.6 160.94 771.19 205.97
764.48 152.87 781.42 205.48
767.75 153.0 785.8 205.92
761.22 151.28 776.92 205.56
777.2 145.36 798.49 206.86
753.77 157.98 766.42 205.62
767.97 139.56 799.92 216.01
761.87 141.24 793.37 217.39
773.56 142.26 806.84 219.93
755.14 143.84 786.16 217.29
755.74 156.45 806.79 212.08
780.91 140.48 813.41 219.71
371.38 131.27 432.7 258.26
360.73 126.69 419.22 255.44
387.93 125.77 440.45 254.05
584.64 172.28 609.45 215.6
574.17 176.38 615.05 201.43
562.81 168.31 602.38 188.0
589.06 168.6 612.81 215.94
580.91 174.28 609.61 203.84
570.77 175.37 608.29 198.9
568.07 172.95 605.03 194.33
594.31 165.5 615.65 210.35
564.91 166.84 604.4 184.07
575.88 173.34 601.59 199.04
584.4 168.08 602.29 210.07
571.17 171.17 609.2 192.21
556.55 168.86 615.55 200.41
584.24 184.33 614.98 212.24
587.84 167.38 606.73 207.73
577.39 172.11 616.72 192.86
544.29 162.76 614.25 194.24
585.91 168.46 611.05 218.03
567.14 171.49 611.55 205.73
551.98 172.3 607.73 202.51
580.71 162.8 609.79 215.96
550.89 165.82 602.1 198.53
585.1 165.02 610.09 234.02
533.69 140.75 652.12 221.73
557.71 126.94 607.2 255.72
238.43 180.68 280.33 203.11
235.04 175.68 306.75 207.72
383.23 93.885 448.93 247.67
403.8 105.17 464.59 247.95
4.4623 156.84 20.772 249.95
7.1108 158.13 26.057 247.15
1.5636 156.33 15.903 251.32
10.492 158.55 30.575 245.82
0.8952 107.28 31.741 265.57
0.0 97.671 22.676 258.95
0.0 123.65 14.886 256.03
0.0 101.03 13.133 231.6
4.3027 112.02 41.415 256.6
17.03 149.62 61.119 267.71
7.9193 124.68 52.776 252.36
0.0 165.06 49.332 238.4
0.0 173.01 23.902 243.95
0.0 87.796 21.236 222.44
0.0 146.5 44.776 268.17
0.0 157.91 22.414 227.67
0.0 187.7 21.958 257.95
0.0 180.15 48.902 249.65
1.9248 173.15 61.361 241.89
0.0 182.18 36.618 229.94
0.0 134.9 21.508 202.52
0.0 122.37 39.941 236.64
0.0 90.256 32.49 228.27
27.148 150.73 69.973 264.23
0.0 152.99 49.469 222.17
0.0 123.92 18.272 183.86
0.0 165.5 34.398 215.47
0.0 157.89 74.862 254.05
0.0 179.94 66.39 229.61
0.77974 160.13 61.902 230.4
0.0 141.61 33.221 191.25
0.0 163.46 31.727 240.85
16.009 129.07 61.514 248.16
5.4912 168.81 71.369 234.47
0.0 157.71 32.904 206.36
5.2671 102.77 42.775 224.24
0.0 178.93 30.092 253.76
0.0 109.93 36.062 217.56
0.0 131.54 69.411 223.24
0.0 117.18 62.889 206.55
0.0 132.87 62.987 262.31
725.61 104.88 790.25 252.48
530.39 163.08 602.91 195.15
859.51 158.97 958.1 195.31
861.65 165.96 945.81 199.99
843.99 159.25 941.3 198.1
523.86 148.85 625.49 223.73
555.04 103.0 611.91 241.54
262.26 167.54 340.36 203.4
