554.93 173.11 682.03 281.1
993.61 195.77 1155.7 234.19
399.66 204.05 430.27 213.65
230.75 148.0 246.81 207.09
191.18 147.64 234.23 183.81
323.07 151.8 377.11 199.03
265.31 149.46 337.48 214.16
289.73 190.88 360.07 224.16
280.66 179.18 311.37 208.33
1203.92 189.1 1242.0 234.86
1068.92 197.27 1108.95 230.52
638.46 151.97 677.2 200.67
634.11 153.43 663.93 197.32
651.94 183.82 656.02 197.01
1009.75 125.24 1103.96 269.81
547.53 184.01 557.83 197.28
270.78 150.85 283.79 165.91
1174.85 196.36 1183.36 218.63
662.63 202.51 699.61 208.43
1136.61 245.73 1242.0 258.43
1188.65 208.29 1242.0 375.0
0.0 139.63 29.68 230.36
877.57 195.86 1058.82 200.99
920.01 123.49 1242.0 268.87
765.23 129.44 804.12 266.39
661.71 144.83 793.72 213.54
815.41 191.82 1040.26 205.75
825.5 206.35 1058.57 352.32
695.03 198.34 780.61 206.55
759.08 148.19 788.26 216.17
902.7 147.21 1219.6 265.46
1206.3 153.71 1242.0 342.42
1154.3 183.06 1242.0 375.0
1227.5 218.42 1242.0 327.59
1209.3 185.78 1242.0 373.46
1199.3 211.49 1242.0 328.6
1210.5 249.39 1242.0 375.0
1203.0 228.72 1242.0 347.37
1191.1 236.98 1242.0 333.41
565.69 178.65 674.47 289.1
581.01 165.35 665.04 302.77
583.95 178.0 669.91 264.67
572.55 182.61 692.98 274.74
575.55 185.39 672.04 279.8
598.7 168.06 662.9 287.17
597.84 175.26 671.45 244.73
591.97 185.21 682.41 248.26
585.11 176.15 651.99 294.19
594.51 188.35 679.24 274.91
576.51 180.62 641.94 307.47
579.38 195.93 681.27 265.39
553.67 206.81 685.86 295.74
588.62 178.51 678.03 231.52
577.67 194.78 684.73 286.16
576.61 173.71 654.63 255.38
583.25 174.19 665.95 237.28
606.93 171.83 680.18 306.77
566.86 166.58 674.96 264.75
564.27 184.49 662.65 254.3
574.34 174.47 713.57 257.76
584.55 164.4 638.06 283.08
574.53 177.19 634.03 292.07
572.98 145.39 653.73 293.87
597.91 135.86 679.01 290.12
554.02 166.43 700.51 245.43
573.04 179.8 659.38 231.82
608.97 165.36 654.95 253.55
566.79 209.22 670.43 277.84
594.34 165.86 642.48 259.45
563.48 196.38 658.25 265.24
608.26 199.61 691.6 254.99
579.34 202.28 677.1 288.63
586.7 205.06 689.64 271.02
566.64 209.05 662.44 299.93
571.43 163.03 730.25 237.4
569.94 176.81 637.6 261.37
569.51 133.21 636.76 287.4
604.02 188.18 668.16 294.51
587.59 203.1 697.89 306.86
551.34 179.97 642.35 291.52
584.91 156.12 701.69 250.56
569.94 191.53 644.2 280.04
566.55 227.87 662.03 285.14
533.94 165.26 681.22 238.94
578.65 200.24 640.35 292.54
551.91 158.56 651.5 253.68
603.75 178.19 701.02 274.47
586.94 188.72 711.32 279.14
606.95 165.82 644.36 245.08
608.4 196.94 683.98 284.97
591.72 164.33 629.37 250.1
539.19 170.49 683.93 259.69
566.86 227.09 679.94 310.8
588.89 186.22 659.86 334.94
561.89 143.51 683.09 235.67
602.48 150.86 722.4 243.15
588.55 225.6 686.59 286.32
568.74 219.38 644.25 293.02
542.8 162.23 643.41 271.15
586.84 135.47 715.05 230.11
530.95 152.45 640.02 244.65
879.84 214.67 1030.7 375.0
753.01 111.07 822.3 277.44
766.08 109.06 837.59 276.19
737.95 91.323 807.31 263.57
723.51 95.408 791.09 263.14
1004.3 178.61 1147.0 220.47
974.32 171.59 1148.4 235.65
967.87 163.61 1158.6 225.18
1004.6 176.59 1118.4 230.77
990.29 174.28 1110.4 218.53
1060.4 162.02 1090.2 234.7
1051.5 162.57 1084.3 234.53
954.84 151.87 1136.7 222.85
1042.7 160.99 1077.8 234.16
1060.7 178.22 1088.8 250.44
1048.1 159.44 1108.8 249.51
1057.1 158.92 1094.0 222.12
1052.7 179.01 1082.0 249.43
1034.0 133.58 1112.6 241.21
1063.5 162.61 1101.9 222.93
955.21 173.55 1098.5 239.21
1044.5 178.42 1075.3 249.3
1032.0 160.51 1070.5 231.6
1033.8 154.78 1095.0 249.01
1024.3 123.97 1098.8 241.51
1034.8 168.54 1067.8 238.55
1049.7 133.4 1125.5 236.13
1011.2 167.05 1106.9 214.82
1036.3 149.46 1075.8 219.41
1059.1 163.39 1120.2 279.03
1009.6 116.08 1081.9 245.87
1043.4 161.91 1101.9 282.63
1018.7 143.67 1077.1 245.25
1017.9 159.73 1072.3 269.79
1029.4 159.75 1087.5 283.96
1210.2 187.66 1242.0 227.65
1207.5 183.35 1242.0 234.47
1206.7 191.52 1242.0 218.42
1217.7 194.77 1242.0 221.26
1216.2 199.39 1242.0 228.84
1206.6 195.97 1242.0 229.61
1223.1 191.49 1242.0 225.87
1207.5 196.91 1242.0 239.82
1222.2 196.7 1242.0 232.32
1212.5 178.83 1236.9 237.48
1216.2 176.92 1239.7 231.22
1214.8 190.49 1242.0 241.45
1215.8 170.9 1242.0 247.08
1211.5 188.19 1242.0 215.59
1220.9 207.86 1242.0 234.46
1232.9 173.25 1242.0 230.22
1226.6 184.37 1242.0 219.65
1222.4 188.05 1242.0 213.17
1207.7 184.01 1240.8 220.93
1213.5 205.59 1242.0 233.13
1230.5 184.66 1242.0 237.0
1212.4 173.17 1232.8 229.59
1220.6 178.99 1242.0 241.73
1224.0 169.84 1242.0 236.42
1225.8 205.07 1242.0 236.89
1221.9 179.2 1242.0 255.98
1226.8 184.99 1242.0 208.71
1229.5 182.31 1242.0 214.74
1199.1 191.07 1242.0 233.33
1208.3 202.34 1242.0 237.19
1214.6 186.47 1241.4 242.06
1224.0 213.56 1242.0 237.9
1213.7 168.2 1242.0 229.41
1211.2 205.04 1242.0 246.75
1236.1 170.62 1242.0 221.8
1211.2 188.67 1233.1 236.81
1226.1 185.73 1242.0 240.39
1179.1 168.76 1242.0 249.91
1210.3 174.31 1242.0 217.3
1217.4 198.88 1242.0 249.7
1232.5 195.15 1242.0 243.69
1217.4 182.39 1242.0 218.45
1232.4 179.02 1242.0 211.79
1215.6 185.53 1242.0 211.73
1194.8 159.62 1242.0 259.01
1228.6 210.6 1242.0 239.03
1206.5 165.46 1242.0 247.14
1193.5 198.8 1242.0 236.04
1199.9 172.54 1242.0 233.29
1221.5 140.13 1242.0 235.83
1200.6 180.22 1242.0 222.41
1198.6 204.36 1242.0 241.1
1176.9 189.47 1242.0 275.01
1216.5 159.26 1242.0 219.53
1211.6 165.15 1242.0 208.85
1194.1 178.74 1242.0 286.97
1175.1 193.51 1242.0 232.99
1216.1 214.22 1242.0 255.19
1208.9 179.0 1236.1 244.99
1210.7 185.43 1238.7 262.31
1161.0 185.61 1242.0 253.35
1228.2 195.53 1242.0 274.63
1172.7 134.66 1242.0 225.78
1222.8 209.78 1242.0 257.56
1209.9 145.18 1242.0 190.16
1210.5 152.99 1242.0 198.18
1160.6 157.87 1242.0 237.07
1218.4 147.18 1242.0 207.41
1199.0 144.5 1242.0 280.31
1191.0 174.15 1242.0 215.54
1210.5 140.57 1242.0 245.37
1178.3 179.14 1242.0 222.45
1158.5 203.48 1234.5 237.41
1217.5 221.6 1242.0 264.55
1223.6 216.76 1242.0 267.82
1201.9 142.37 1238.6 242.61
1218.9 134.42 1242.0 191.45
1203.7 188.82 1232.6 266.95
1155.2 194.47 1242.0 268.11
294.32 197.87 353.75 228.05
293.28 197.07 354.14 226.61
213.65 199.89 282.94 232.28
224.07 203.72 284.34 230.77
302.88 196.22 357.59 222.27
293.49 196.99 345.15 222.85
291.79 202.3 340.36 226.88
306.71 195.8 354.03 216.76
305.4 193.87 363.71 224.34
301.59 192.97 344.23 221.08
287.17 191.97 349.24 229.52
286.9 201.39 333.49 223.93
291.37 199.21 337.87 220.85
288.4 204.13 327.67 225.87
299.49 193.17 347.5 212.43
298.32 200.65 346.64 230.72
310.3 191.04 372.43 222.07
310.35 188.27 331.55 234.78
312.38 193.94 353.64 211.08
313.62 187.34 333.48 229.5
245.81 201.48 286.46 223.38
317.43 187.88 336.33 228.45
306.92 186.24 329.08 229.38
310.46 198.16 355.56 225.46
308.03 185.3 337.89 237.66
298.48 191.37 320.43 229.83
223.58 195.22 293.67 229.1
292.22 196.38 336.37 215.22
318.19 200.13 354.25 223.92
303.88 187.01 323.46 226.01
303.76 181.14 340.83 231.32
283.0 202.67 316.85 223.23
315.06 190.97 332.1 236.36
286.46 200.16 322.28 219.65
300.18 191.71 345.62 208.07
274.39 188.0 345.66 222.82
301.27 181.24 331.39 236.84
308.77 191.28 327.09 235.79
248.88 199.49 286.95 218.79
294.91 192.4 316.16 227.81
236.78 198.5 308.08 228.64
215.21 174.39 371.53 239.79
319.39 187.77 343.63 236.9
271.39 196.4 338.28 228.21
305.32 185.34 335.71 250.8
311.43 185.77 342.45 251.33
319.63 182.18 389.62 214.85
212.8 192.55 285.03 227.76
228.28 184.66 387.42 249.29
255.86 192.25 327.32 225.63
319.53 183.08 349.46 229.57
292.36 178.5 322.82 236.74
233.33 198.17 291.09 234.63
258.08 170.21 377.35 244.68
263.86 185.28 338.81 220.43
299.24 184.67 330.09 250.7
279.36 199.64 350.18 232.1
286.05 181.72 356.3 215.11
306.77 181.17 378.12 215.48
269.09 188.24 331.06 226.84
242.9 155.27 366.82 239.32
268.84 154.92 389.74 238.17
225.45 166.02 352.15 246.89
244.87 177.63 359.64 252.98
230.73 186.74 303.29 221.57
266.3 178.24 344.57 212.51
226.96 203.09 288.58 240.6
271.01 180.27 378.7 253.6
319.77 187.75 346.06 259.07
225.39 195.46 384.53 264.69
240.93 185.37 317.77 220.77
308.42 169.55 347.37 231.4
271.43 99.47 345.1 269.09
240.98 117.4 304.0 268.08
299.89 98.976 372.94 268.14
253.32 134.86 376.56 228.87
347.92 196.3 385.32 214.46
345.46 194.35 382.04 211.77
343.3 195.25 376.16 215.24
352.96 195.34 387.17 210.83
358.49 196.16 392.28 214.53
374.9 194.81 409.04 214.09
367.56 195.27 400.42 214.78
339.14 197.71 368.42 217.99
322.24 196.7 358.54 218.26
334.11 195.02 365.61 214.21
325.86 194.97 360.76 214.48
362.62 194.36 394.92 211.06
340.97 192.99 374.27 211.95
330.09 197.07 361.69 217.89
348.64 199.13 380.81 216.32
345.91 192.16 381.82 207.77
336.32 191.96 368.02 210.41
375.38 192.25 404.3 211.73
365.14 188.44 430.11 219.35
355.7 192.69 388.33 207.35
331.82 190.45 390.09 218.33
321.56 190.73 378.88 218.77
344.0 199.17 371.62 219.46
328.85 192.48 360.19 210.17
334.12 199.01 361.51 221.28
353.54 200.27 386.45 216.37
369.34 193.61 397.07 211.63
352.52 188.29 418.99 219.42
339.48 188.59 404.6 218.69
373.36 190.61 406.8 207.75
340.48 190.6 373.69 207.09
362.96 191.56 396.06 207.41
353.58 189.27 369.05 217.28
321.12 187.71 339.98 227.57
357.05 189.03 372.06 216.23
349.94 187.29 365.44 216.68
325.4 187.87 343.7 227.08
345.88 188.73 381.16 204.07
359.8 193.5 389.74 209.9
361.88 189.92 375.59 215.67
335.65 189.22 367.13 206.91
329.71 189.04 347.76 226.08
335.16 191.58 351.38 223.07
365.47 193.42 377.97 219.09
324.19 193.03 354.81 211.28
369.32 190.24 382.68 214.86
332.53 187.57 348.12 219.21
358.92 181.51 431.08 216.55
331.58 182.73 403.09 215.57
330.23 181.91 353.32 234.75
348.77 178.37 374.46 228.71
354.4 178.52 380.16 230.6
335.9 194.77 399.95 222.68
348.89 194.38 419.55 224.23
340.65 180.87 364.92 229.38
283.24 166.62 401.75 240.37
297.39 152.76 425.64 236.46
610.25 179.36 751.16 260.71
622.13 137.24 788.93 213.76
622.03 146.14 741.97 241.57
687.45 93.547 761.04 267.15
625.2 129.91 746.86 225.08
642.73 150.99 805.64 230.62
706.21 94.955 775.15 264.02
864.74 155.0 1035.8 226.05
238.67 177.35 397.82 237.87
251.02 163.94 403.89 230.76
291.88 148.3 354.71 272.91
306.57 139.61 363.81 271.23
279.13 146.54 341.4 274.58
322.04 136.85 378.62 275.63
259.12 187.45 374.78 272.32
287.22 177.33 397.66 255.25
1004.3 185.58 1157.5 232.2
994.1 183.92 1161.8 235.45
1016.0 195.29 1152.5 232.86
1029.7 182.72 1166.8 224.93
991.28 187.61 1121.5 229.59
1022.0 180.3 1140.4 230.77
1042.5 187.37 1168.8 234.47
972.37 189.34 1143.9 242.06
996.36 198.93 1125.8 234.7
1028.4 192.09 1108.4 221.26
1031.0 198.64 1107.9 225.15
1018.5 184.85 1175.7 244.27
1038.5 189.39 1113.1 218.38
1043.6 197.41 1118.2 224.54
1044.4 186.48 1120.8 207.53
1034.5 185.36 1108.0 207.21
983.21 196.38 1170.1 248.46
1013.0 204.68 1137.3 238.66
1040.2 175.24 1183.4 241.42
1003.1 170.33 1131.4 210.52
1007.1 162.28 1184.1 221.17
947.53 158.66 1102.0 230.62
959.76 198.27 1139.9 254.24
987.8 165.2 1104.2 209.06
1025.0 194.4 1181.8 257.03
1001.8 207.89 1119.1 241.65
1039.9 205.14 1150.4 240.52
993.1 156.56 1111.0 197.82
1046.6 186.44 1167.5 258.81
977.31 189.38 1115.0 257.27
923.53 198.57 1011.6 233.97
930.34 172.89 1020.6 213.04
922.59 206.21 1007.4 240.38
922.67 179.73 1015.4 218.55
923.45 188.61 1015.0 226.0
928.59 164.54 1021.2 206.23
922.44 170.37 1072.9 241.7
897.8 154.79 1064.8 228.11
881.93 186.61 1048.1 255.99
881.25 169.34 1043.8 238.77
911.2 145.49 1035.8 237.95
0.0 140.25 15.278 265.88
0.0 119.55 15.706 239.27
0.0 171.59 14.915 280.27
0.0 95.349 15.518 215.82
0.0 129.23 44.802 251.03
0.0 142.35 71.956 234.48
0.0 128.57 68.391 219.39
0.0 158.22 70.259 252.29
0.0 102.38 39.657 217.23
0.0 165.63 38.26 279.98
0.0 175.78 64.137 268.44
1181.5 205.55 1242.0 296.12
647.67 181.38 664.62 221.37
651.5 182.93 667.62 219.75
629.76 178.91 650.58 240.56
632.06 184.6 654.44 242.23
626.05 194.58 662.8 229.83
645.55 187.2 669.96 214.36
609.09 182.22 679.48 223.02
625.42 184.8 670.92 210.23
641.98 184.44 666.93 211.74
636.0 187.72 658.62 240.25
655.68 182.57 670.26 218.85
628.46 189.03 663.0 221.0
625.58 190.91 670.98 218.29
643.11 178.5 661.13 224.01
624.59 183.94 666.96 204.34
640.09 188.65 668.64 217.87
633.04 184.75 665.92 215.14
621.0 190.42 660.61 227.01
633.74 181.33 653.05 233.28
637.28 185.07 672.11 209.11
651.58 188.07 668.34 228.29
619.5 186.97 678.97 248.35
622.64 197.51 669.32 226.39
637.46 183.34 657.36 231.05
619.84 196.91 661.6 235.36
633.46 191.98 666.29 222.83
642.8 185.96 661.5 232.15
584.39 178.7 623.46 196.67
634.25 182.66 669.9 204.1
615.81 200.77 668.2 232.23
655.67 189.77 670.93 229.26
632.49 182.53 661.95 206.64
641.06 189.72 661.87 245.46
649.28 178.91 662.6 213.61
589.53 175.63 627.21 191.86
595.88 176.94 677.51 215.23
653.51 178.92 666.32 213.46
639.7 178.81 656.68 220.95
624.95 179.84 647.12 249.53
626.35 199.39 666.32 237.69
646.87 188.97 665.07 234.87
620.44 169.71 659.41 247.58
648.24 183.57 670.04 206.55
626.11 181.41 665.12 198.26
617.46 186.65 670.5 213.94
613.13 191.13 689.77 237.5
650.58 190.44 672.41 216.72
622.41 184.37 660.86 216.37
651.11 186.02 672.61 210.33
641.57 188.18 675.49 212.05
645.28 178.21 659.55 213.45
635.55 190.42 674.78 215.82
657.51 177.7 670.36 213.95
644.11 192.76 671.38 220.81
614.12 178.25 683.49 210.28
589.58 174.06 660.23 221.92
629.98 173.26 664.32 244.08
630.17 180.03 693.69 217.98
633.87 176.09 693.73 209.17
640.41 179.87 703.92 216.23
632.01 188.29 685.97 246.72
640.66 175.25 669.95 242.11
627.62 185.62 694.76 225.16
588.95 171.37 664.22 202.68
635.96 184.01 685.17 232.64
603.0 172.34 677.71 202.67
647.85 175.36 711.9 210.57
652.45 170.58 676.81 237.43
632.71 169.97 701.03 201.79
657.8 170.32 682.9 251.15
636.78 186.0 706.09 223.09
648.93 181.05 715.78 215.61
645.16 166.72 719.61 202.59
583.65 160.1 670.8 192.75
641.66 157.74 722.92 193.9
643.93 169.74 671.29 229.4
644.46 185.19 693.83 230.25
628.15 159.04 706.92 195.01
215.21 201.25 278.5 232.39
238.95 200.88 281.14 229.3
232.3 199.28 282.11 223.28
222.67 200.22 278.1 225.47
212.27 202.5 267.63 225.91
208.42 197.4 277.16 238.62
252.64 195.72 272.9 235.93
240.74 192.66 260.02 237.43
237.78 193.11 255.98 237.27
243.92 193.33 263.31 238.04
216.65 201.11 270.13 220.98
234.75 187.99 262.33 243.39
248.8 194.55 267.34 237.34
232.58 192.57 251.53 236.32
231.5 182.28 268.63 239.04
225.82 189.33 258.06 248.37
240.48 189.72 266.99 244.38
255.9 194.86 277.58 233.34
240.12 198.14 281.17 215.6
254.41 191.89 273.98 228.72
194.68 193.14 274.12 230.57
245.61 191.9 273.77 245.77
218.06 180.94 254.12 241.88
178.66 181.31 295.27 256.02
245.55 184.59 276.81 238.49
235.25 175.56 275.75 241.06
220.12 174.62 263.23 244.88
230.08 188.99 262.94 258.87
191.51 198.95 261.81 233.29
182.22 157.66 300.21 247.66
254.38 188.87 281.45 247.61
239.65 188.37 269.51 260.17
194.78 186.48 273.81 223.57
182.17 190.85 260.97 228.48
210.72 176.97 242.04 241.19
623.46 170.42 667.3 260.7
636.39 175.7 671.73 259.01
649.72 172.48 677.71 256.23
627.9 192.2 684.96 261.48
625.38 160.81 737.26 256.05
586.38 176.64 620.48 192.93
581.26 176.59 610.46 192.15
583.78 174.26 611.09 189.77
589.35 173.97 619.99 189.56
242.87 205.57 286.44 229.82
385.49 192.15 433.8 216.95
392.99 191.33 440.43 215.55
380.17 193.28 421.03 214.67
403.86 190.23 441.87 212.48
386.89 190.16 423.57 215.81
378.59 192.18 414.26 211.02
412.28 190.34 444.92 210.18
418.71 190.1 449.35 209.36
395.27 189.38 437.37 209.82
377.47 190.17 438.4 220.06
390.98 190.1 427.82 209.07
384.02 190.66 419.51 208.59
386.89 196.16 426.37 217.97
386.71 188.54 448.21 218.55
393.54 194.54 431.63 218.45
406.68 183.1 424.61 220.24
395.54 183.76 413.81 218.61
417.99 187.57 449.98 204.88
403.33 182.68 421.57 219.97
410.82 182.83 427.9 220.49
392.49 183.59 410.77 217.69
415.8 183.75 430.92 218.28
399.38 183.28 417.76 219.56
425.25 188.51 449.84 208.41
409.99 187.71 443.82 205.25
419.72 185.11 434.46 218.03
383.72 195.73 416.63 216.61
402.37 187.79 419.92 224.79
387.11 201.49 426.87 220.13
411.12 194.91 442.45 213.58
424.99 187.07 438.08 216.11
389.69 184.85 405.71 216.2
405.31 188.54 423.14 223.87
403.93 187.92 438.69 208.81
429.77 186.76 441.66 214.53
397.69 191.26 417.85 227.47
394.32 191.68 414.42 226.38
392.68 188.52 409.74 223.75
433.08 187.09 445.04 212.88
412.53 181.57 429.71 214.88
420.99 182.36 436.07 212.35
417.04 181.7 432.97 212.69
377.1 183.72 444.9 217.83
397.23 188.12 431.07 205.27
387.91 181.84 453.43 215.15
425.5 184.19 439.32 211.91
384.45 188.65 417.81 204.8
385.92 186.25 400.79 215.37
399.84 196.08 436.04 217.41
429.16 182.27 443.87 207.86
380.38 188.44 413.22 207.57
392.71 184.9 443.49 216.5
395.98 178.49 424.24 227.55
402.92 179.78 430.8 227.59
389.05 177.3 416.73 228.2
399.94 170.66 434.96 226.56
392.22 172.04 427.44 228.27
394.04 186.48 460.18 216.05
409.39 178.75 436.63 225.93
393.83 169.14 471.45 205.74
365.21 193.8 433.78 224.04
394.82 183.12 422.31 243.26
399.16 177.15 470.48 211.63
384.31 150.22 467.44 185.7
406.73 171.84 440.66 222.84
383.99 170.1 417.97 230.55
393.68 156.91 479.21 194.25
377.9 169.72 455.5 207.83
396.76 151.7 483.66 187.6
401.12 180.28 428.09 244.27
345.03 151.02 473.8 238.59
569.33 175.57 596.01 191.25
570.71 174.49 595.58 188.01
575.38 176.39 604.01 192.13
570.12 178.04 599.39 195.16
568.86 172.65 591.27 189.48
574.06 170.69 588.99 199.28
576.29 174.5 603.47 189.01
574.64 179.15 607.32 196.08
575.63 175.31 602.15 250.96
1021.1 190.44 1098.6 217.27
1023.2 195.86 1099.3 223.6
1054.0 194.94 1160.7 236.79
1066.0 164.75 1097.6 236.31
1057.8 177.73 1162.5 227.07
1072.0 170.94 1101.9 250.85
1077.9 171.99 1109.3 251.29
1066.4 176.83 1095.2 253.11
1083.6 170.48 1117.8 251.54
1090.4 170.16 1126.5 249.1
1078.8 168.33 1111.9 234.89
1064.9 163.58 1114.0 255.55
1085.1 167.8 1121.0 234.81
1099.3 168.54 1137.0 242.63
1072.7 168.7 1134.2 267.47
1092.8 167.25 1128.5 233.77
1070.9 160.76 1131.4 248.35
1106.8 169.46 1144.9 242.46
1089.8 166.67 1149.6 271.9
1067.2 181.46 1105.5 256.87
1070.4 164.2 1109.2 223.56
1087.4 150.35 1146.1 246.44
