582.23 166.75 618.28 219.4
548.5 153.45 568.06 188.94
539.23 190.58 577.12 199.21
569.16 151.51 572.75 194.96
635.84 185.5 641.78 198.85
566.77 187.04 581.98 195.83
549.84 191.35 553.06 204.8
546.1 182.45 554.24 195.94
555.78 192.31 557.41 201.4
559.62 189.43 562.08 197.41
564.25 190.12 566.75 198.13
531.37 152.3 567.11 167.64
543.8 182.23 546.34 195.39
541.48 182.0 544.77 195.2
641.62 176.03 663.45 198.27
688.51 139.39 724.08 208.68
642.48 166.85 675.91 203.42
669.99 147.58 689.36 199.08
669.96 152.45 677.91 192.29
687.13 150.49 689.87 194.09
662.53 153.58 669.21 158.99
543.03 194.32 545.84 212.25
532.6 144.82 537.6 215.08
1224.47 126.0 1242.0 174.9
397.68 138.5 450.37 231.09
715.82 141.79 745.51 213.99
133.27 163.29 170.76 173.26
523.01 195.84 527.94 221.77
1096.22 226.3 1242.0 275.7
426.45 145.78 485.81 217.54
481.3 171.25 540.74 202.83
475.7 149.74 480.76 184.94
471.45 152.27 492.04 192.58
448.17 150.85 471.23 160.25
465.64 156.8 470.28 160.3
459.96 211.51 466.5 251.81
457.13 148.34 462.82 162.38
355.79 175.27 411.66 199.11
360.74 171.83 415.2 194.51
360.75 179.32 413.16 201.82
348.37 172.11 407.86 195.88
344.96 168.55 404.11 191.01
369.79 174.89 420.74 199.02
350.35 161.63 408.88 181.88
345.21 175.28 402.62 198.22
353.69 164.37 412.4 186.36
358.96 167.94 416.81 190.14
359.74 183.06 412.71 205.51
351.83 157.99 408.62 178.36
349.02 178.99 405.25 201.81
345.5 166.32 416.47 210.58
344.26 187.83 435.6 223.39
349.62 163.84 441.94 201.44
353.97 180.33 438.9 217.68
369.57 182.89 419.69 206.22
349.24 155.14 445.73 195.11
349.54 151.66 424.83 200.78
349.98 147.62 446.83 188.06
406.15 186.3 480.66 225.91
365.86 146.59 403.69 220.11
407.82 179.26 484.15 219.05
349.69 140.42 445.33 179.45
681.1 147.64 696.4 190.28
684.54 147.71 699.61 189.12
677.18 148.4 692.21 190.94
684.66 155.92 699.25 195.98
681.13 156.76 695.77 195.96
675.02 105.36 738.96 246.92
634.41 161.25 674.62 199.59
642.09 162.81 676.73 197.44
646.39 162.2 674.97 191.44
638.92 161.56 669.46 191.18
648.9 159.05 675.07 202.13
638.37 166.81 678.04 205.47
644.95 160.48 671.61 207.92
640.16 157.47 669.4 209.31
649.95 163.84 675.67 184.11
645.37 161.16 673.32 184.15
656.9 157.99 675.2 195.37
650.32 157.36 670.39 194.29
652.04 162.7 677.46 205.93
644.09 155.44 676.14 225.69
655.81 155.39 673.45 188.86
634.78 176.44 679.63 204.92
649.41 160.88 674.81 180.2
654.04 164.09 681.49 185.66
637.49 146.79 674.64 208.27
646.22 158.49 671.34 177.39
654.55 164.8 677.7 192.86
641.23 158.3 670.31 236.47
642.1 168.07 669.31 210.93
649.98 168.53 674.16 210.58
650.24 168.21 679.79 197.81
660.09 154.42 674.61 188.36
663.09 159.4 677.43 198.92
639.86 163.35 710.31 200.34
642.32 156.3 714.56 194.0
664.73 154.96 677.04 192.73
668.68 147.85 682.1 190.11
658.86 159.11 680.88 181.24
672.94 149.26 687.14 191.25
644.86 143.89 679.52 205.42
664.46 159.92 685.37 184.42
656.28 159.68 683.13 177.89
652.81 150.4 681.96 211.49
659.71 161.01 688.03 182.37
651.98 151.34 669.25 184.73
638.83 164.66 685.28 208.05
635.44 152.52 702.87 188.66
651.1 154.81 707.04 198.46
640.13 86.863 706.17 235.37
654.4 155.05 682.99 229.86
641.56 149.0 719.33 188.12
652.92 154.74 743.37 196.04
642.6 119.84 701.21 258.66
429.82 155.59 519.74 195.2
432.41 163.09 516.75 200.42
1145.7 183.87 1241.0 229.65
1121.8 184.18 1222.9 227.01
1136.4 192.58 1236.1 236.0
1138.8 173.41 1197.4 239.9
1079.4 212.33 1187.6 252.71
1085.3 187.74 1193.3 228.43
1145.5 201.48 1241.0 245.87
586.45 167.14 604.45 218.59
583.64 168.15 601.08 217.04
591.19 168.02 607.42 217.24
599.87 168.25 615.52 215.5
596.2 167.36 611.31 215.34
603.39 167.29 617.66 210.89
581.69 167.37 597.37 214.31
601.77 165.94 619.43 219.85
578.01 167.51 592.67 214.01
607.46 166.46 620.83 208.94
600.82 165.8 614.68 204.49
597.18 164.39 611.93 206.08
631.52 163.87 670.11 193.49
592.34 164.77 608.43 207.48
588.14 164.79 604.34 208.13
584.54 164.78 600.19 207.28
583.67 169.47 607.54 210.06
605.96 166.82 621.83 218.63
575.31 165.52 589.35 216.67
588.0 166.34 611.9 206.01
579.2 161.63 607.66 219.61
581.05 167.21 604.1 206.41
592.95 168.79 615.42 209.02
580.05 168.06 599.01 222.25
572.22 165.62 614.52 218.45
585.26 162.17 614.73 219.97
579.31 170.18 600.37 208.48
611.92 164.62 625.34 203.19
597.15 166.82 617.9 205.12
577.14 165.88 594.71 221.47
580.11 172.54 604.64 216.36
576.95 165.46 591.25 205.81
586.73 172.58 611.46 216.78
635.17 162.74 667.06 186.74
572.5 158.62 602.0 222.78
584.99 166.5 606.93 200.51
582.16 175.57 608.71 219.47
595.73 173.0 619.02 217.25
574.67 167.27 594.45 202.47
629.37 164.96 659.15 196.72
577.84 169.29 621.09 222.91
590.54 161.33 619.62 219.1
598.73 169.75 620.47 212.38
600.41 167.24 619.42 199.01
610.47 165.71 623.56 212.04
580.61 160.55 596.81 206.85
604.03 167.07 623.51 202.53
591.23 177.6 615.91 218.72
626.5 166.51 662.82 192.72
559.65 169.32 621.26 210.14
634.16 158.35 655.52 201.79
576.18 170.87 596.62 210.7
578.13 167.22 599.1 199.38
616.99 164.46 629.84 201.06
576.19 151.4 610.34 221.35
582.59 175.44 602.5 223.49
578.31 180.17 605.57 222.8
627.36 167.34 670.03 199.26
581.22 161.91 626.17 215.03
632.0 162.51 659.9 189.63
564.33 174.26 627.21 217.85
608.38 163.45 621.85 200.02
594.26 163.45 616.13 197.42
631.36 159.56 650.05 200.51
622.15 165.03 634.95 197.62
625.07 163.84 637.93 196.66
589.96 164.08 612.39 197.53
625.93 167.4 650.09 194.97
571.77 162.31 586.8 211.08
609.27 168.6 627.05 199.65
628.07 163.63 643.31 197.01
576.98 175.28 616.55 199.69
566.02 165.74 626.91 205.41
636.13 159.16 664.0 183.73
581.74 171.78 620.8 195.58
594.74 176.62 613.14 222.12
596.01 161.02 623.45 223.04
566.28 169.64 610.64 225.09
564.54 162.02 609.59 215.66
585.44 174.67 624.23 199.41
599.13 177.4 616.4 222.37
575.67 171.5 612.83 196.37
571.44 174.19 609.38 199.29
574.72 177.71 598.22 219.23
623.61 168.29 654.8 191.64
580.51 169.59 614.24 191.78
618.37 168.74 637.56 192.57
567.75 156.72 616.91 212.35
587.57 168.96 622.62 192.29
621.56 168.11 642.51 192.53
595.48 181.31 620.32 221.71
625.14 170.77 657.95 195.22
613.87 169.54 631.85 196.37
569.88 180.24 611.88 206.19
568.62 171.18 604.57 194.25
570.52 166.4 592.09 196.5
576.11 179.44 622.7 206.24
590.28 172.01 625.95 195.54
613.64 163.02 626.99 198.3
634.77 154.89 666.47 204.92
565.23 155.43 595.7 229.63
618.51 162.44 632.43 196.19
573.8 169.72 607.5 191.62
572.57 170.2 590.16 223.55
580.65 184.24 626.65 210.3
570.68 182.38 621.69 209.93
572.56 171.28 592.08 210.32
570.38 164.42 585.89 223.21
595.91 169.73 626.58 190.72
592.97 166.89 624.28 188.36
581.89 186.34 609.94 224.78
567.37 186.65 616.9 213.73
620.38 169.21 649.11 190.81
598.19 171.85 632.44 194.26
629.96 160.44 661.03 181.66
603.68 159.9 618.66 199.72
555.95 181.47 625.37 225.17
628.37 171.26 653.1 200.03
627.66 164.64 657.9 185.83
630.03 166.39 645.03 200.86
588.32 176.98 631.46 201.63
575.85 187.45 603.36 225.06
606.67 166.93 666.53 201.49
585.68 166.48 620.16 189.09
575.33 153.86 592.55 203.23
617.26 169.94 643.37 189.21
569.89 158.93 585.6 201.8
615.11 166.4 635.66 190.72
635.11 157.75 662.64 174.75
568.04 183.94 610.37 210.26
590.42 186.47 617.0 224.13
559.12 160.71 628.72 198.66
566.93 168.87 601.74 190.89
584.95 181.95 606.23 225.95
575.36 167.19 641.76 204.45
569.05 171.49 636.77 209.77
583.96 179.82 633.83 205.97
615.64 166.79 628.83 211.39
626.93 166.59 639.39 202.16
589.38 166.56 652.6 200.2
609.92 167.17 629.45 192.13
579.02 182.67 599.65 227.14
556.19 165.36 605.02 221.41
571.48 154.24 588.99 201.72
631.33 143.71 668.64 208.7
568.85 191.89 615.77 217.99
606.18 173.45 625.36 205.89
612.27 170.35 639.21 189.11
613.81 168.03 641.79 186.36
600.18 152.35 629.38 213.59
589.2 181.01 609.64 225.66
606.22 170.4 634.66 189.59
608.09 168.26 636.31 186.9
584.67 171.86 631.18 224.67
599.47 178.84 622.65 218.54
570.93 179.51 593.34 218.12
629.72 153.76 657.34 205.82
562.43 144.04 596.25 220.62
596.23 162.97 618.66 190.82
635.54 152.14 653.49 194.04
595.98 154.29 612.07 196.28
624.08 172.64 645.7 198.33
584.93 161.18 608.85 192.18
591.76 152.42 607.74 196.53
575.73 162.43 607.9 244.55
582.61 142.79 618.84 219.0
573.02 160.07 639.58 197.65
581.99 162.85 615.18 247.65
587.91 151.43 604.35 197.82
583.36 149.4 600.71 199.21
579.81 191.24 626.14 217.26
569.78 171.07 589.96 203.68
591.47 161.52 661.45 196.82
585.89 160.14 636.2 207.06
617.7 172.73 636.76 198.53
567.03 177.22 606.35 201.76
567.85 137.65 603.64 216.11
599.67 154.33 615.53 194.98
624.64 163.68 649.62 188.68
546.89 165.07 619.43 202.87
575.09 182.76 595.92 227.37
585.02 187.77 631.66 213.5
545.34 134.06 662.95 232.65
578.83 147.14 596.97 199.42
605.36 176.44 620.95 222.72
597.12 158.55 626.89 238.99
607.15 158.01 631.73 223.09
580.15 160.74 604.3 192.19
601.94 180.63 619.0 228.05
630.49 158.88 657.81 221.46
593.98 163.49 643.35 205.81
592.14 138.35 625.79 214.82
619.13 165.02 642.71 188.15
632.86 152.1 648.8 193.87
633.87 158.71 663.69 236.52
631.17 156.46 658.72 176.71
600.92 167.85 630.7 187.29
539.33 147.77 641.8 241.68
567.98 162.42 581.86 205.84
624.48 173.96 664.39 200.39
567.46 196.85 613.13 222.97
566.83 164.61 590.4 193.77
622.51 164.32 653.28 185.15
589.68 163.35 620.99 252.74
561.39 150.52 617.82 202.54
537.96 113.97 664.5 220.62
608.06 169.92 623.48 222.29
594.37 122.4 653.08 252.46
626.79 142.18 660.53 207.65
570.56 163.38 601.65 246.04
551.53 155.32 605.09 207.94
565.05 148.83 672.82 234.09
551.35 158.32 655.5 248.27
554.02 146.32 588.25 226.06
542.22 158.22 621.27 197.76
555.58 153.01 630.53 191.97
563.84 180.61 616.25 231.87
622.25 158.95 645.18 211.94
575.75 151.0 634.17 200.85
610.44 150.89 636.38 211.52
598.24 152.74 669.3 191.57
573.49 153.55 646.55 190.48
553.63 177.11 606.16 229.01
633.13 160.53 677.77 201.52
641.14 156.73 668.57 206.04
637.26 156.9 661.33 203.05
623.01 163.95 674.65 203.19
641.78 157.08 663.51 196.7
639.98 160.71 668.08 182.59
639.63 155.89 658.86 194.86
633.12 160.32 692.41 196.72
645.63 154.82 666.72 190.91
621.93 154.61 676.23 197.67
640.12 158.32 665.59 177.43
643.63 151.45 662.36 187.3
629.27 168.73 691.57 203.75
630.03 157.64 686.94 190.95
647.48 152.0 665.6 185.95
630.33 168.16 679.36 214.68
640.63 150.17 656.93 185.62
638.21 153.74 664.29 171.9
593.31 117.35 711.56 209.8
617.62 142.96 676.97 186.35
611.83 133.54 720.15 217.24
598.16 147.15 704.29 229.46
597.42 124.28 680.02 161.47
619.82 173.4 687.78 210.81
620.74 144.66 683.28 178.77
614.91 123.81 694.99 161.35
626.12 109.52 690.3 248.67
1235.2 173.96 1241.0 228.3
1205.2 178.04 1241.0 222.34
1217.0 164.56 1241.0 224.61
1218.3 149.05 1241.0 207.4
1224.8 116.37 1241.0 215.6
1205.8 170.41 1241.0 213.99
1207.0 162.26 1241.0 205.22
1208.4 154.56 1241.0 196.95
1209.4 147.53 1241.0 189.35
1235.5 140.04 1241.0 198.97
1218.6 134.72 1241.0 190.88
1235.5 160.97 1241.0 218.51
1209.8 140.06 1241.0 181.03
1225.4 99.355 1241.0 199.1
1210.9 132.23 1241.0 172.92
1209.1 115.82 1238.6 225.64
1233.0 175.88 1241.0 208.62
1215.1 148.53 1233.0 228.08
1236.3 129.43 1241.0 187.28
1224.0 147.77 1240.7 226.7
1198.5 166.45 1241.0 228.36
1219.8 148.14 1237.0 227.47
1228.7 178.82 1241.0 204.0
1201.9 116.97 1233.4 225.18
1233.2 148.02 1241.0 180.18
1229.8 150.78 1241.0 176.07
1185.0 179.74 1241.0 223.15
1176.3 132.62 1241.0 222.59
1209.0 122.91 1241.0 164.29
1233.2 155.44 1241.0 188.23
1211.0 140.26 1229.7 212.31
1223.7 131.24 1240.9 210.91
1229.7 158.32 1241.0 184.18
1218.1 117.98 1241.0 173.7
1214.2 135.08 1233.7 208.04
1218.9 126.94 1237.3 201.18
1231.1 143.74 1241.0 167.77
1229.3 174.62 1241.0 200.16
1233.4 167.34 1241.0 200.59
1233.4 140.97 1241.0 172.02
1193.7 106.26 1241.0 221.19
1208.3 114.93 1241.0 157.03
1236.6 121.46 1241.0 177.94
1194.7 154.85 1241.0 196.32
1229.7 170.23 1241.0 196.14
1195.3 148.51 1241.0 188.41
1210.7 129.56 1231.0 198.17
1227.5 138.59 1241.0 221.01
1179.0 173.48 1241.0 215.1
1177.2 116.21 1241.0 204.51
1227.5 123.79 1241.0 205.95
1236.6 108.72 1241.0 166.43
1194.7 141.35 1241.0 180.44
1199.7 150.16 1241.0 209.15
1231.3 139.69 1241.0 163.66
1190.1 158.08 1236.2 217.9
1205.6 137.13 1241.0 191.12
1209.5 106.95 1241.0 150.21
1214.4 120.9 1233.9 192.4
1231.8 133.28 1241.0 206.75
1191.2 112.84 1226.8 223.77
1214.7 99.604 1241.0 208.53
1177.5 97.949 1241.0 190.04
1186.3 164.19 1241.0 205.78
1195.6 133.52 1241.0 173.46
1192.4 143.49 1237.2 198.35
1170.1 164.69 1224.9 227.22
1217.8 101.43 1241.0 158.93
1225.6 71.848 1241.0 175.92
1176.5 81.291 1241.0 174.75
1212.4 98.06 1241.0 143.18
1219.8 92.962 1241.0 151.18
1207.4 90.29 1240.0 204.13
1200.4 89.887 1235.0 204.36
1193.6 124.85 1241.0 165.37
1180.8 111.94 1219.0 224.74
582.55 133.03 696.19 224.6
586.41 154.94 691.25 246.95
128.83 157.51 224.27 193.8
120.79 165.43 220.94 201.42
126.63 200.39 180.95 223.03
173.51 164.91 217.81 185.18
106.85 201.03 166.06 223.71
172.99 161.13 218.54 181.34
130.63 150.82 222.39 187.15
176.71 157.87 220.44 177.61
93.097 191.21 202.51 227.64
121.18 172.4 222.79 209.71
155.61 169.34 205.72 189.64
119.86 180.87 223.7 219.18
102.21 182.19 207.19 219.46
108.52 156.86 204.05 192.53
104.4 173.73 204.9 209.41
108.83 148.07 202.11 186.54
97.536 165.26 196.29 201.13
129.69 143.6 220.24 178.9
