593.41 183.13 612.72 187.58
320.6 200.81 370.55 204.98
320.96 194.56 348.1 199.83
0.0 187.21 64.37 259.14
0.0 221.85 64.58 260.44
466.05 161.24 468.85 188.35
297.63 182.59 327.82 201.81
317.29 168.62 339.37 177.82
284.04 205.1 329.88 211.06
410.78 151.15 437.97 196.02
565.09 161.55 571.11 167.2
217.46 207.47 280.66 218.61
355.48 175.63 358.82 184.08
217.71 161.11 288.72 213.19
292.44 155.39 307.21 193.96
526.74 193.67 566.82 199.37
168.59 146.65 201.71 207.72
879.26 144.69 980.65 190.4
887.82 148.06 923.69 186.06
506.55 196.34 563.52 204.77
920.96 145.41 1001.88 180.84
31.11 221.0 129.21 237.88
1201.25 194.22 1242.0 213.33
1088.17 130.11 1242.0 240.84
