302.88 160.14 362.4 284.98
658.94 168.84 706.9 212.82
674.04 140.74 691.18 221.83
508.24 150.94 522.16 199.5
498.46 150.0 525.93 199.01
646.02 190.16 657.71 198.2
647.96 175.46 663.62 179.05
643.26 185.49 658.41 198.83
657.96 152.78 663.68 178.98
796.68 176.0 804.06 190.54
630.44 174.97 650.07 192.72
638.96 181.75 655.57 191.87
532.41 178.77 562.37 206.78
529.69 151.93 552.27 187.54
534.77 175.23 537.76 187.7
723.13 159.48 768.04 267.02
0.0 91.61 299.46 375.0
522.91 150.35 533.09 197.03
561.26 177.33 573.1 195.15
558.4 174.92 579.04 192.44
521.08 159.66 525.13 195.37
561.78 189.24 565.38 201.73
690.22 176.21 766.37 251.96
599.66 175.52 620.16 193.03
668.24 153.43 671.42 170.77
665.31 166.62 670.06 170.39
708.3 154.32 712.64 197.93
756.58 169.73 762.69 183.05
783.95 157.34 790.52 180.42
772.7 110.51 860.28 316.78
672.73 152.43 678.13 170.13
671.95 157.63 674.32 170.24
575.5 184.31 597.6 188.75
687.77 149.09 711.4 185.24
688.3 199.2 694.7 221.26
359.71 137.07 406.33 232.63
492.22 149.41 498.65 167.29
