633.44 196.99 652.88 206.15
822.81 181.27 1008.56 256.73
0.0 179.79 144.45 351.18
401.67 192.48 468.48 234.7
425.74 190.85 476.4 227.12
647.05 189.25 699.83 226.75
442.61 191.21 490.77 224.02
459.72 188.73 490.61 197.01
619.08 188.46 625.39 197.2
655.42 158.06 679.57 188.71
480.35 186.29 515.57 191.45
330.83 173.58 425.34 255.25
58.57 158.21 385.38 288.93
517.86 191.96 532.96 204.93
666.66 170.53 671.09 188.02
678.13 183.39 724.86 193.03
679.38 176.13 684.0 179.67
90.64 192.67 277.11 311.4
691.49 158.56 696.98 198.94
627.31 153.21 653.81 167.23
419.93 175.42 454.37 188.95
655.44 151.11 714.79 192.43
0.0 161.6 92.72 212.96
774.07 139.03 918.47 231.44
435.49 151.1 481.31 187.75
1219.18 134.55 1242.0 167.61
670.1 142.3 730.41 231.09
7.0 136.43 225.85 212.55
