569.18 176.56 669.76 213.05
651.53 173.9 786.73 271.88
815.75 167.23 943.17 209.97
960.37 163.81 1011.02 198.73
896.4 172.44 999.17 204.28
853.25 148.68 931.91 177.07
699.06 173.48 767.41 191.59
889.96 173.09 921.93 177.01
908.53 148.1 958.2 168.4
944.86 148.57 976.48 173.88
830.99 148.48 870.2 167.82
815.01 179.73 852.55 208.04
967.25 153.53 1002.53 164.47
969.08 148.36 1000.45 164.48
746.18 169.48 800.04 214.72
995.24 148.86 1002.62 164.35
999.48 148.71 1017.75 164.37
1006.15 157.93 1015.11 164.32
882.84 163.27 891.25 167.38
0.0 205.64 6.71 217.28
1009.53 184.54 1037.17 194.8
949.08 163.99 966.08 173.81
895.59 148.93 916.61 177.04
50.58 203.74 68.27 214.55
1040.35 142.27 1052.9 198.35
1138.61 134.47 1242.0 195.3
1003.8 194.19 1053.85 200.32
1134.51 143.26 1139.18 164.56
818.01 171.2 831.45 179.63
0.0 127.44 153.44 227.68
906.23 135.79 1115.42 209.46
