675.41 164.94 703.66 250.33
593.59 170.05 611.44 220.61
577.01 173.66 590.55 209.56
592.72 191.78 601.31 195.67
576.88 167.29 579.32 193.52
577.05 176.04 582.02 193.53
619.49 178.15 638.13 210.09
572.12 158.12 574.91 193.16
567.94 187.69 572.1 196.51
559.57 165.97 565.63 196.03
559.12 152.41 564.09 196.02
555.79 156.81 557.84 191.99
566.68 166.54 570.15 192.81
566.17 153.0 570.27 192.82
572.53 175.7 575.12 183.68
561.1 192.27 563.85 196.01
551.29 196.37 555.96 205.53
429.96 159.91 471.29 251.22
429.73 202.1 442.36 233.25
615.13 183.83 621.95 188.27
461.1 193.99 495.14 233.93
473.07 196.69 481.02 222.69
708.88 165.19 747.09 249.08
580.7 158.69 585.82 176.35
652.59 183.93 657.17 193.44
535.26 173.17 548.88 208.94
706.56 143.98 721.08 214.65
674.04 182.09 685.63 199.82
531.51 151.55 555.5 195.75
516.74 153.14 534.64 206.27
525.13 188.02 538.75 205.76
528.19 182.32 535.27 191.99
535.59 173.4 541.82 185.91
733.37 168.02 775.66 213.01
736.22 193.39 779.79 229.53
748.44 169.07 761.55 209.02
749.34 138.53 788.96 222.01
735.62 148.48 774.82 181.36
722.47 182.24 735.37 187.42
581.44 167.61 589.6 171.33
492.84 147.41 530.93 188.53
708.23 152.03 724.16 187.1
701.54 181.95 717.23 191.62
710.55 191.05 715.29 194.85
720.0 165.59 724.59 187.1
516.76 175.72 533.76 183.81
664.51 183.95 670.23 188.43
704.86 157.86 713.79 179.06
707.2 175.56 714.25 183.65
694.32 176.18 699.37 179.62
482.1 156.0 532.23 191.73
491.39 146.6 496.26 190.63
479.72 189.13 520.14 216.58
484.92 191.64 491.34 204.57
723.24 151.2 738.0 177.52
731.34 151.16 733.71 168.7
473.26 181.62 481.01 199.4
0.0 210.35 25.81 282.74
0.0 208.69 27.41 267.95
762.67 172.34 769.97 175.88
488.95 174.75 493.14 178.27
0.0 134.94 71.6 224.27
1163.46 134.0 1192.81 179.15
0.0 213.64 100.07 276.46
