703.75 182.38 755.98 192.02
718.1 179.47 812.05 236.32
517.11 148.26 531.82 202.03
641.68 179.15 649.2 188.2
645.69 158.2 652.44 188.43
873.06 173.83 918.42 187.41
884.62 166.46 898.95 170.65
397.04 192.44 403.97 196.27
335.36 187.97 377.37 197.85
848.79 175.91 864.66 184.4
807.72 172.36 854.0 205.83
844.94 174.92 853.32 188.04
367.31 148.98 378.36 199.24
754.74 175.52 757.42 183.67
858.73 159.94 867.92 206.22
818.53 149.47 827.54 180.95
344.0 149.35 368.01 200.28
802.98 167.0 807.85 184.33
444.21 178.07 451.82 196.36
459.83 157.45 470.72 193.33
479.84 178.84 485.79 188.04
463.62 175.5 467.17 193.3
1202.43 213.31 1242.0 231.6
0.0 128.75 81.08 220.88
526.57 179.83 722.53 203.2
794.58 150.85 805.84 192.19
0.0 128.1 153.44 204.76
1000.96 163.1 1028.97 187.59
1060.37 162.47 1087.51 182.54
0.0 124.87 114.81 240.96
