658.01 152.94 688.5 179.66
473.47 192.7 479.61 200.99
301.39 191.4 375.39 227.73
581.78 179.55 635.36 229.5
639.86 183.29 648.83 200.71
553.28 174.13 559.46 199.65
487.17 146.62 556.62 219.64
392.66 179.06 437.04 203.63
375.47 187.79 392.78 201.96
522.07 208.8 568.2 212.38
264.29 149.9 302.82 183.65
675.88 151.28 722.68 197.14
353.21 151.77 357.72 188.46
646.04 186.82 733.81 204.6
0.0 128.83 5.53 256.24
120.45 169.8 207.44 184.81
18.92 136.94 62.5 182.19
0.0 132.1 71.99 185.55
775.21 150.95 819.88 197.41
357.29 128.62 416.25 272.68
169.14 176.17 386.15 215.09
410.76 139.47 545.74 239.73
994.03 159.73 1017.2 204.52
227.69 154.33 274.14 188.68
229.03 149.2 271.24 178.38
634.5 143.77 782.26 213.6
184.91 135.96 313.53 247.29
