539.8 176.6 566.17 197.15 0.99989
537.33 173.79 565.59 193.43 0.99331
544.21 177.23 563.52 196.04 0.96497
540.86 179.98 562.87 197.23 0.9596
537.8 182.92 563.03 199.76 0.75391
548.28 173.16 561.72 198.63 0.61323
546.22 171.27 559.23 199.59 0.57563
543.31 172.16 556.09 200.46 0.56769
544.08 173.52 560.53 197.81 0.54832
536.45 180.94 557.85 198.19 0.48794
535.95 171.4 564.62 188.02 0.48377
551.46 176.62 561.84 200.06 0.41406
545.65 169.61 560.15 193.58 0.38688
546.64 176.69 558.61 205.65 0.32072
542.24 174.93 554.82 205.57 0.31904
539.65 172.82 551.97 201.47 0.31279
542.95 169.35 555.87 193.85 0.26286
550.23 177.9 567.3 195.72 0.23951
550.57 170.68 562.47 194.51 0.23601
549.41 177.85 560.85 206.33 0.20361
544.27 183.7 565.37 199.87 0.20288
538.06 176.34 561.38 192.58 0.19695
538.03 175.01 550.29 207.61 0.15691
533.4 184.83 559.17 201.35 0.12444
550.62 173.98 567.85 191.72 0.095414
554.08 174.53 564.63 198.75 0.092716
534.99 177.52 554.57 196.57 0.076384
0.0 261.16 189.95 375.0 0.073046
1048.6 266.79 1242.0 375.0 0.072694
1143.1 329.97 1242.0 375.0 0.071166
0.0 141.1 367.02 375.0 0.070627
0.0 0.0 147.44 375.0 0.069228
1136.1 199.94 1242.0 375.0 0.068204
1198.1 288.85 1242.0 375.0 0.068091
0.0 193.98 69.135 375.0 0.06682
0.0 277.46 31.624 375.0 0.063005
544.28 178.04 570.11 193.58 0.062003
0.0 335.82 78.726 375.0 0.060991
554.77 178.17 563.77 203.04 0.060198
0.0 0.0 351.43 179.01 0.059969
1224.8 344.77 1242.0 375.0 0.059835
540.99 188.12 568.81 203.16 0.058132
554.63 169.57 565.42 194.14 0.05478
539.28 167.55 550.46 195.03 0.054201
0.0 0.0 177.67 92.161 0.05333
0.0 143.54 31.585 335.87 0.052985
539.74 186.43 561.23 201.2 0.050456
1206.3 362.51 1242.0 375.0 0.049219
1175.1 319.49 1242.0 375.0 0.048393
0.0 252.0 132.22 375.0 0.048351
0.0 185.52 72.393 267.25 0.04832
0.0 0.0 75.888 176.97 0.04674
0.0 202.23 71.496 283.59 0.045527
0.0 323.94 47.073 375.0 0.045363
0.0 109.16 251.1 375.0 0.044983
1056.7 0.0 1242.0 375.0 0.044097
545.71 181.32 570.92 195.11 0.04357
542.9 175.04 563.44 191.63 0.041942
0.0 219.74 70.846 301.06 0.040485
531.94 179.52 563.35 196.58 0.040252
896.47 146.56 1242.0 375.0 0.04012
552.68 177.7 563.2 208.87 0.039714
0.0 171.09 53.995 282.91 0.039245
846.77 0.0 1242.0 188.9 0.037704
1218.8 357.26 1242.0 375.0 0.036655
0.0 0.0 82.589 42.571 0.036431
0.0 193.46 30.372 375.0 0.035935
0.0 0.0 34.761 104.67 0.034962
0.0 170.44 76.261 252.26 0.03387
0.0 110.46 33.137 307.81 0.032917
0.0 235.69 70.445 317.32 0.03283
0.0 0.0 274.48 236.78 0.03268
0.0 201.76 53.605 314.56 0.032614
1137.5 16.909 1242.0 375.0 0.032517
0.0 130.49 192.99 312.03 0.031228
1049.4 101.04 1242.0 281.35 0.031225
0.0 252.18 66.312 332.72 0.029689
0.0 163.11 188.47 345.32 0.029373
1033.3 69.461 1242.0 248.75 0.028793
547.35 174.22 570.87 189.6 0.028684
0.0 0.0 135.46 121.86 0.028526
0.0 99.864 186.47 280.93 0.027424
535.34 173.94 545.5 205.9 0.026616
0.0 34.985 74.129 375.0 0.026582
1226.2 174.01 1242.0 257.27 0.025742
1139.3 0.0 1242.0 210.79 0.025315
531.1 175.94 563.32 193.88 0.025197
0.0 11.019 373.09 371.43 0.024896
0.0 0.0 65.323 55.586 0.024095
528.87 183.26 551.4 200.16 0.023558
0.0 235.59 52.868 345.11 0.023539
0.0 155.54 75.683 237.23 0.023422
1203.4 137.5 1242.0 327.09 0.023354
529.62 181.57 560.57 198.5 0.023291
1033.3 0.0 1242.0 93.635 0.023109
967.91 103.98 1242.0 375.0 0.023042
1153.9 181.79 1242.0 265.96 0.022891
536.3 190.59 561.0 205.13 0.022299
874.19 16.073 1242.0 370.43 0.022289
0.0 269.9 62.402 347.93 0.022202
1051.5 135.1 1242.0 316.1 0.0222
0.0 339.23 14.583 375.0 0.022183
1154.9 166.01 1242.0 250.05 0.021378
548.78 183.73 575.98 197.88 0.021316
0.0 199.58 12.827 294.53 0.021169
0.0 225.09 25.135 375.0 0.021137
1150.9 199.16 1242.0 282.49 0.020791
1204.4 165.96 1242.0 363.96 0.020427
542.28 167.33 553.19 191.85 0.0203
949.36 0.0 1242.0 242.36 0.020186
0.0 195.4 184.07 374.19 0.020136
1155.6 150.23 1242.0 233.67 0.019312
1148.0 118.14 1242.0 201.46 0.019086
1150.8 134.03 1242.0 217.34 0.018652
1199.9 109.1 1242.0 293.9 0.018506
1151.4 214.24 1242.0 299.22 0.018048
0.0 211.92 94.455 375.0 0.017882
513.03 180.73 536.19 197.23 0.017591
0.0 261.89 11.458 359.88 0.017572
0.0 299.43 47.975 375.0 0.017533
0.0 214.96 35.928 253.22 0.017291
0.0 286.35 60.177 363.26 0.017092
0.0 206.85 36.418 245.05 0.016931
0.0 18.551 206.78 375.0 0.016781
0.0 0.0 364.41 254.8 0.016559
0.0 186.49 7.153 238.0 0.016475
0.0 362.57 38.047 375.0 0.016451
1227.1 187.75 1242.0 276.85 0.016439
0.0 223.39 35.559 261.14 0.016379
1197.5 72.094 1242.0 262.2 0.015988
520.13 175.77 578.24 204.63 0.015978
1151.3 230.97 1242.0 316.6 0.015962
1146.8 102.33 1242.0 185.85 0.01588
0.0 138.53 77.713 220.84 0.015877
0.0 339.76 114.37 375.0 0.015769
1085.4 84.845 1242.0 317.43 0.015755
0.0 150.45 134.5 375.0 0.015713
1114.9 337.35 1242.0 375.0 0.015564
21.373 230.08 156.26 375.0 0.015464
543.29 171.66 569.42 187.85 0.015349
0.0 198.92 36.516 237.88 0.015318
1207.2 189.89 1242.0 228.27 0.015147
550.89 185.3 571.97 201.71 0.015117
1217.1 346.45 1242.0 375.0 0.015042
0.0 190.48 35.717 229.45 0.014753
0.0 268.74 46.02 375.0 0.01464
0.0 274.35 267.23 375.0 0.014621
0.0 176.63 12.75 268.33 0.014587
53.422 237.19 183.92 375.0 0.014575
0.0 34.497 190.74 221.34 0.01456
1153.5 277.9 1242.0 360.86 0.014506
531.84 187.49 555.44 203.53 0.014402
701.17 274.97 1049.9 375.0 0.014349
0.0 214.54 12.205 311.39 0.014259
1173.6 166.07 1242.0 281.16 0.014113
1225.5 156.31 1242.0 240.21 0.013832
0.0 142.58 54.702 255.15 0.013728
1208.6 181.94 1242.0 219.84 0.013681
1050.3 165.3 1242.0 349.92 0.013476
1152.0 311.1 1242.0 375.0 0.013426
1152.2 261.89 1242.0 346.46 0.013421
1149.1 245.81 1242.0 330.68 0.013413
0.0 178.68 6.7435 229.34 0.013251
541.84 181.32 552.74 214.63 0.013241
0.0 0.0 13.195 45.731 0.013106
0.0 86.742 137.6 316.42 0.012993
1203.2 231.29 1242.0 375.0 0.012884
1208.7 196.9 1242.0 235.73 0.012692
1144.7 86.845 1242.0 170.83 0.012612
0.0 231.49 34.786 269.63 0.012568
1216.8 181.29 1242.0 234.51 0.012553
510.48 184.21 542.82 199.97 0.012517
950.1 272.55 1242.0 375.0 0.012432
0.0 0.0 35.066 18.97 0.01238
0.0 121.35 77.656 203.62 0.012361
84.591 238.33 214.64 375.0 0.012297
787.16 216.81 927.86 375.0 0.012143
754.51 272.38 1116.0 375.0 0.012056
755.26 220.13 894.9 375.0 0.011905
0.0 246.65 12.119 343.4 0.011771
1175.1 138.79 1242.0 249.62 0.011723
818.77 212.53 960.69 375.0 0.011576
554.87 175.12 572.54 192.92 0.011494
524.37 170.09 574.3 199.63 0.011482
0.0 198.05 7.2342 250.24 0.011448
1074.1 212.02 1217.5 375.0 0.011436
42.482 282.51 358.34 375.0 0.011417
1042.5 204.83 1184.6 375.0 0.011205
1075.1 0.0 1242.0 122.03 0.01119
1191.1 366.54 1242.0 375.0 0.011188
0.0 279.44 34.527 317.91 0.010995
1176.2 197.84 1242.0 318.47 0.01089
0.0 183.03 35.902 221.71 0.010748
0.0 105.87 77.128 187.02 0.010687
0.0 239.35 35.091 277.12 0.010613
1173.5 105.67 1242.0 219.18 0.01056
0.0 90.01 80.687 172.56 0.010466
0.0 287.19 34.975 325.33 0.010259
0.0 359.55 14.567 375.0 0.010254
117.15 242.76 246.12 375.0 0.010174
0.0 213.72 6.518 266.12 0.010144
0.5636 295.36 67.022 375.0 0.010089
1238.1 172.62 1242.0 211.35 0.010063
0.0 218.55 19.577 269.35 0.010041
550.48 171.94 569.53 189.03 0.010015
0.0 317.04 60.381 375.0 0.0099995
0.0 58.821 32.559 265.88 0.0098824
850.84 200.16 994.19 375.0 0.0098783
0.0 210.13 20.408 260.62 0.0098688
0.0 231.04 11.593 327.21 0.0097919
545.53 182.85 556.37 214.57 0.0096934
0.0 0.0 186.86 127.71 0.0096816
670.4 0.0 974.55 375.0 0.0096786
432.1 0.0 1238.0 199.39 0.0095558
0.0 201.8 21.829 223.41 0.0094929
0.0 198.08 21.292 219.51 0.009282
1207.1 173.95 1242.0 211.0 0.0092558
13.302 287.42 84.541 375.0 0.0091499
524.47 180.54 545.96 197.84 0.0090325
509.11 181.83 535.15 198.96 0.0089159
724.99 226.85 861.95 375.0 0.0088896
0.0 0.0 103.8 199.37 0.0086624
732.99 0.0 1035.0 375.0 0.0086185
981.05 87.067 1182.2 168.85 0.0086013
1209.2 204.97 1242.0 244.46 0.0085409
0.0 336.42 159.5 375.0 0.0083737
0.0 271.69 34.846 309.53 0.0083684
0.0 205.44 22.534 227.37 0.008367
1225.8 304.73 1242.0 375.0 0.0083488
1080.8 27.057 1242.0 257.78 0.0083428
0.0 247.47 33.904 285.44 0.0083285
1030.4 7.8045 1242.0 185.26 0.0083105
0.0 160.52 11.85 250.83 0.0083091
541.81 192.57 568.86 206.75 0.0083029
554.3 171.54 572.0 189.6 0.0082736
609.21 0.0 914.32 375.0 0.0082725
0.0 72.795 79.789 156.48 0.0082228
549.71 189.51 579.0 204.07 0.008197
0.0 293.98 35.435 333.09 0.0081703
110.94 286.2 420.37 375.0 0.0081506
0.0 135.66 45.19 323.2 0.0081132
1227.6 202.23 1242.0 296.06 0.0080818
0.0 194.91 20.948 246.09 0.0080412
0.0 0.0 28.229 23.136 0.0079299
1019.8 100.62 1124.3 138.53 0.007917
1226.2 137.54 1242.0 222.72 0.0079122
149.65 252.44 276.34 375.0 0.0078776
1176.0 267.56 1242.0 375.0 0.0078482
0.0 194.08 21.062 215.57 0.0078444
800.64 0.0 1100.4 375.0 0.0078213
786.74 0.0 935.53 215.82 0.0076355
532.73 172.37 555.87 190.22 0.0076325
1237.8 180.4 1242.0 221.75 0.0076096
1210.2 346.93 1238.1 375.0 0.007572
0.0 9.5489 31.864 222.29 0.0075098
531.0 190.73 558.7 206.28 0.0074843
0.0 168.57 492.38 375.0 0.0074418
0.0 255.77 33.169 293.53 0.0073744
0.0 263.91 34.311 301.75 0.0073677
1238.5 191.81 1242.0 235.19 0.0073003
0.0 171.96 44.683 357.19 0.0072154
0.0 209.36 22.567 231.27 0.007145
664.57 0.0 1061.0 95.573 0.0071304
1207.4 165.32 1242.0 203.4 0.0070533
0.0 189.95 21.286 211.45 0.0070489
538.98 158.05 558.65 226.51 0.0070224
1009.6 202.07 1152.7 375.0 0.0070216
817.19 0.0 965.17 216.59 0.0070044
1173.6 232.33 1242.0 351.38 0.006942
0.0 273.69 21.37 324.73 0.006929
1207.3 157.15 1242.0 196.11 0.0068896
182.66 255.63 309.35 375.0 0.0068349
557.01 169.75 567.88 196.75 0.0067779
752.62 0.0 904.18 220.42 0.0067464
516.53 180.97 540.9 197.88 0.0066888
1144.2 70.018 1242.0 154.63 0.0066779
1215.3 164.54 1242.0 217.68 0.0066177
119.18 0.0 921.19 183.72 0.0066102
1167.0 292.36 1234.4 375.0 0.0064937
1206.8 149.09 1242.0 188.12 0.0064908
0.0 213.27 21.523 235.29 0.0064759
1215.3 194.96 1242.0 249.72 0.0064706
1171.6 73.622 1242.0 190.28 0.0064297
555.69 178.74 572.89 194.5 0.0064253
0.0 0.0 67.485 287.53 0.006419
556.67 180.0 566.55 213.07 0.0063631
354.99 0.0 654.39 375.0 0.0063471
0.0 57.282 76.99 141.2 0.0063166
557.92 167.26 568.5 193.05 0.0063105
1177.9 368.17 1242.0 375.0 0.0062383
1226.7 120.8 1242.0 206.92 0.0062176
0.0 175.55 37.189 214.14 0.0062115
0.0 0.0 543.06 184.47 0.0062091
215.69 256.28 342.56 375.0 0.0061989
0.0 234.07 18.569 285.02 0.0061331
1226.6 97.061 1242.0 180.37 0.0060997
171.97 284.46 487.79 375.0 0.0059869
1199.0 22.803 1242.0 220.99 0.0059501
1208.8 213.37 1242.0 253.01 0.0059098
0.0 109.47 55.193 223.01 0.0058975
0.0 185.98 21.353 207.42 0.0058535
614.82 277.89 956.95 375.0 0.0058262
503.64 180.31 536.83 196.43 0.0057928
884.07 195.74 1025.0 375.0 0.0057878
0.0 225.12 6.7539 279.02 0.0057745
1083.9 141.5 1242.0 375.0 0.0057434
1207.1 117.12 1242.0 156.18 0.0057152
522.71 180.82 555.29 197.29 0.0056923
1027.5 92.734 1128.0 130.49 0.00569
26.126 281.09 99.412 375.0 0.005662
1139.3 0.0 1242.0 42.568 0.0056382
0.0 194.68 10.503 223.65 0.0056084
1027.6 85.82 1229.0 169.05 0.0056062
0.0 217.3 21.383 239.6 0.0055854
667.46 0.0 1242.0 202.53 0.0055838
1205.6 141.53 1242.0 180.29 0.0055371
0.0 0.0 19.137 9.2112 0.0055365
0.0 23.478 138.99 255.23 0.0055039
847.57 0.0 999.89 218.77 0.0054969
1209.3 325.35 1242.0 363.39 0.0054697
246.2 256.4 375.37 375.0 0.0054305
550.73 0.0 848.98 375.0 0.0054258
1209.3 317.72 1242.0 356.17 0.0054151
297.53 0.0 600.11 375.0 0.0053492
48.502 75.612 320.42 375.0 0.0053399
695.31 235.86 827.7 375.0 0.0052827
1206.7 125.07 1242.0 164.21 0.0052777
1207.0 132.9 1242.0 171.92 0.0052724
1012.8 365.72 1101.6 375.0 0.0052268
0.0 288.78 21.555 340.64 0.0052045
0.0 0.0 7.2267 21.542 0.0051998
0.0 221.43 21.002 243.64 0.0051955
521.5 184.25 554.85 199.77 0.0051892
1209.9 334.47 1242.0 371.15 0.0051608
363.3 0.0 743.81 87.621 0.0051165
1207.1 109.15 1242.0 148.18 0.0050769
0.0 244.21 6.2459 297.92 0.005074
1238.0 165.59 1242.0 204.77 0.0050676
0.0 225.49 20.865 247.55 0.0050581
1033.1 350.44 1062.2 375.0 0.0050376
1019.5 108.03 1123.8 146.43 0.0050328
0.0 240.63 96.184 315.76 0.005022
0.0 0.0 327.9 91.11 0.0049801
0.0 229.56 20.94 251.29 0.004955
718.7 0.0 869.9 218.84 0.0049506
0.0 328.73 98.186 375.0 0.0049255
1024.8 350.29 1053.8 375.0 0.0048937
0.0 78.726 59.003 192.87 0.0048715
481.13 0.0 785.95 375.0 0.0048563
418.49 0.0 712.07 375.0 0.0048481
879.71 0.0 1031.6 221.39 0.0048298
537.84 180.72 549.25 215.82 0.0048139
821.56 0.0 1226.8 95.484 0.0047941
0.0 179.65 20.842 229.88 0.0047792
1040.6 350.83 1069.7 375.0 0.0047666
564.79 0.0 967.21 97.598 0.0047585
511.14 182.39 586.36 216.46 0.0047457
0.0 233.82 20.767 255.38 0.0047402
0.0 0.0 49.31 99.365 0.0047023
914.41 0.0 1064.3 216.59 0.004696
548.39 171.32 574.22 185.66 0.004694
1201.8 0.0 1242.0 95.708 0.0046716
43.762 0.0 197.64 212.19 0.0046645
944.79 0.0 1096.7 219.17 0.004659
686.68 0.0 840.57 223.11 0.0046393
523.72 176.88 545.32 194.94 0.0046133
0.0 285.62 10.674 375.0 0.0045932
13.181 0.0 166.81 218.69 0.0045401
0.0 114.14 324.39 285.12 0.0045371
1238.7 153.14 1242.0 192.94 0.0045227
503.99 184.07 536.78 199.98 0.0045214
0.0 202.42 11.347 231.73 0.0045202
517.73 171.68 568.35 206.71 0.0045057
0.0 301.77 34.333 341.21 0.0045022
84.911 155.87 184.58 194.17 0.0044816
1041.1 100.38 1144.2 138.34 0.0044686
276.21 250.39 406.17 375.0 0.004454
1053.2 91.27 1151.2 129.98 0.0044354
1150.9 295.52 1218.0 375.0 0.0044211
77.963 0.0 230.77 209.51 0.0044055
983.94 102.22 1176.4 182.59 0.0043732
839.94 333.51 1050.6 375.0 0.0043279
1201.9 351.73 1230.2 375.0 0.0043164
820.82 273.12 1191.7 375.0 0.0043164
0.0 257.77 94.185 331.66 0.004291
0.0 181.87 20.759 203.4 0.0042879
527.42 172.09 561.57 189.65 0.004285
471.9 0.0 612.09 205.17 0.0042694
1049.3 351.19 1077.6 375.0 0.0042495
53.763 18.632 195.61 375.0 0.0042362
0.0 168.06 6.2193 217.49 0.0042138
656.48 0.0 808.64 217.29 0.0041786
109.72 0.0 264.03 210.69 0.0041585
1062.9 334.22 1242.0 375.0 0.004146
1232.3 182.33 1242.0 201.72 0.0041426
548.85 183.22 559.55 215.78 0.0041248
529.8 171.4 552.04 191.24 0.0041234
85.891 17.275 226.9 375.0 0.0041196
1048.3 101.09 1242.0 184.45 0.0040841
0.0 258.42 19.372 309.01 0.0040833
502.12 0.0 645.89 209.49 0.0040827
0.0 186.72 10.599 215.24 0.0040801
1211.7 222.1 1242.0 260.91 0.0040651
121.47 170.0 174.65 190.35 0.0040614
1205.1 101.22 1242.0 139.87 0.0040119
0.0 250.48 18.689 300.52 0.0040116
337.07 0.0 487.97 220.12 0.004005
999.4 364.75 1085.4 375.0 0.0039823
95.38 0.0 390.75 375.0 0.003973
1213.3 149.3 1242.0 201.73 0.0039657
1237.0 177.47 1242.0 203.47 0.0039499
0.0 41.673 73.138 123.77 0.0039351
41.542 281.56 115.98 375.0 0.0038971
141.82 0.0 294.83 217.21 0.0038947
0.0 348.33 22.055 375.0 0.0038745
552.78 177.45 576.68 191.99 0.0038647
0.0 0.0 27.317 127.57 0.0038611
977.86 197.79 1123.3 375.0 0.0038599
625.44 0.0 775.35 220.44 0.0038459
1052.4 108.94 1152.8 146.83 0.0038451
436.82 0.0 580.63 206.56 0.003829
1034.4 115.51 1139.3 156.05 0.0038213
1078.2 0.0 1221.4 375.0 0.0038034
1226.9 80.271 1242.0 166.2 0.0037791
17.637 148.84 226.36 233.4 0.0037701
513.42 177.87 543.3 193.86 0.0037658
978.65 0.0 1126.2 212.16 0.0037441
0.0 144.71 295.79 316.99 0.0037416
1046.1 0.0 1190.1 375.0 0.0037362
1141.0 53.621 1242.0 138.65 0.0037312
45.909 0.0 453.8 94.298 0.0037176
403.77 0.0 549.21 212.5 0.0036965
369.94 0.0 518.57 213.82 0.0036866
24.802 50.764 164.08 375.0 0.0036827
0.0 210.54 11.088 239.58 0.003648
1209.9 309.6 1242.0 348.32 0.0036037
0.0 201.43 19.71 297.24 0.0036002
516.67 177.94 539.15 195.59 0.0035846
122.09 165.94 174.39 186.45 0.0035826
175.58 0.0 323.35 216.35 0.0035809
0.0 167.27 36.758 205.43 0.0035782
0.0 237.74 20.721 259.6 0.0035778
1216.8 332.05 1242.0 375.0 0.003573
1216.7 315.42 1242.0 368.65 0.0035719
532.05 0.0 680.43 224.29 0.0035543
114.72 89.727 376.48 375.0 0.0035427
522.38 177.16 553.93 193.83 0.0035354
551.78 174.04 575.03 188.37 0.0035223
1056.8 348.84 1085.7 375.0 0.0035162
1018.7 106.88 1068.6 126.11 0.0035117
939.53 74.533 1242.0 249.68 0.0034924
1222.0 0.0 1242.0 35.695 0.0034855
1236.7 364.57 1242.0 375.0 0.0034831
1238.4 145.05 1242.0 184.56 0.0034821
243.91 286.73 554.59 375.0 0.0034764
530.71 0.0 1106.9 246.57 0.0034564
1232.7 186.61 1242.0 205.54 0.0034514
521.97 185.63 546.12 201.95 0.0034444
1232.6 178.6 1242.0 197.72 0.0034348
537.47 164.47 548.51 193.99 0.0034158
918.59 195.89 1055.9 375.0 0.0034149
1033.2 365.87 1123.9 375.0 0.0034026
272.1 0.0 650.98 89.939 0.0033944
592.64 0.0 744.89 229.64 0.0033764
118.23 15.41 257.88 375.0 0.003351
219.74 0.0 527.39 375.0 0.0033161
0.0 72.267 97.76 375.0 0.0033131
303.51 0.0 456.74 222.56 0.0033058
1215.7 169.56 1242.0 259.71 0.0032919
0.0 190.49 120.27 265.21 0.0032557
547.3 160.64 1242.0 375.0 0.0032521
0.0 232.84 227.55 375.0 0.0032509
1206.1 93.529 1242.0 132.08 0.0032473
1231.3 201.72 1242.0 222.16 0.0032355
0.0 0.0 126.83 40.874 0.0032302
1226.7 281.23 1242.0 372.87 0.0032211
739.42 85.562 940.48 170.0 0.0032122
534.19 165.91 545.34 198.98 0.0032009
1022.3 111.09 1073.2 129.52 0.0031939
480.64 0.0 872.07 97.219 0.0031909
933.77 87.629 1139.1 167.29 0.003176
158.93 0.0 451.16 375.0 0.0031743
1057.1 115.88 1161.0 155.49 0.0031619
908.72 290.93 975.78 375.0 0.0031588
702.55 94.345 752.76 113.64 0.0031553
0.0 216.9 41.359 375.0 0.0031493
702.67 98.286 752.52 117.81 0.0031292
1016.7 348.98 1045.8 375.0 0.0031266
0.0 322.46 12.272 375.0 0.0031234
562.22 0.0 714.81 233.54 0.0031224
530.8 175.86 540.17 207.17 0.0031189
1008.9 0.0 1156.5 211.79 0.003087
558.16 175.08 567.58 201.99 0.0030793
0.0 255.74 6.2832 309.82 0.0030788
0.0 93.788 36.776 132.43 0.0030672
309.77 256.78 435.35 375.0 0.0030656
59.052 283.19 132.17 375.0 0.003049
1212.1 110.51 1242.0 163.38 0.0030409
1213.3 133.35 1242.0 186.7 0.0030225
1134.7 292.63 1201.6 375.0 0.0030063
1047.0 114.23 1100.1 134.18 0.0029867
0.0 274.31 89.632 346.83 0.0029718
924.97 293.21 992.68 375.0 0.002967
1211.1 229.78 1242.0 268.42 0.0029653
1041.4 110.06 1097.7 130.29 0.0029543
509.58 178.09 532.43 195.56 0.0029454
1051.6 118.4 1242.0 201.67 0.0029301
1005.3 93.156 1106.1 131.24 0.0029246
941.36 44.113 1242.0 217.12 0.0028872
531.52 156.93 552.54 226.3 0.0028627
50.548 112.19 424.41 282.3 0.0028595
520.92 161.18 579.14 197.23 0.0028433
0.0 102.12 37.147 141.24 0.0028326
1232.3 163.0 1242.0 182.56 0.0028307
0.0 219.05 10.555 247.79 0.0028093
0.0 208.7 119.48 281.46 0.0027926
0.0 226.95 10.429 255.77 0.0027905
1232.6 194.53 1242.0 214.02 0.0027899
0.0 241.42 21.153 263.57 0.0027853
0.0 0.0 15.492 11.833 0.0027762
703.05 106.54 751.18 125.41 0.0027748
1229.3 371.18 1242.0 375.0 0.0027664
84.118 163.11 183.68 201.91 0.0027659
893.53 292.88 959.52 375.0 0.0027517
1232.1 198.0 1242.0 218.29 0.0027462
702.86 102.37 751.84 121.7 0.0027445
719.88 94.574 767.86 113.58 0.0027394
492.02 181.21 527.38 197.53 0.0027134
210.04 0.0 590.67 95.868 0.0027069
1073.6 113.77 1127.6 134.32 0.0026862
1232.4 167.34 1242.0 186.59 0.0026719
998.9 333.41 1211.1 375.0 0.0026644
1051.3 31.312 1117.7 222.8 0.0026641
5.0352 335.23 222.64 375.0 0.0026534
74.212 282.43 146.96 375.0 0.0026524
1023.0 362.7 1076.3 375.0 0.0026515
1232.5 190.64 1242.0 209.66 0.0026467
1232.6 174.86 1242.0 194.16 0.0026457
1066.8 31.594 1135.0 224.48 0.0026424
0.0 46.974 59.955 163.56 0.0026424
1060.1 134.22 1110.2 154.43 0.0026371
1120.5 188.6 1242.0 267.49 0.0026254
947.53 199.09 1091.3 375.0 0.0026171
18.676 143.98 389.62 310.83 0.0026157
0.0 177.72 21.073 199.2 0.0026125
665.41 244.52 793.62 375.0 0.0026036
495.81 180.75 519.18 198.15 0.0026019
213.75 0.0 826.66 226.4 0.0026009
1201.2 0.0 1242.0 15.086 0.0025962
0.0 310.06 33.395 349.25 0.0025853
716.0 0.0 999.1 117.37 0.0025752
1065.1 348.71 1093.5 375.0 0.0025436
0.0 110.12 36.472 148.96 0.0025342
0.0 91.341 446.32 375.0 0.002527
1082.2 29.616 1150.8 227.68 0.0025217
1184.2 146.12 1242.0 358.76 0.0025203
791.95 333.95 1003.7 375.0 0.002519
150.97 7.2072 288.67 375.0 0.0025136
1014.3 0.0 1156.4 375.0 0.0025098
1207.9 85.956 1242.0 123.61 0.0025091
959.83 69.916 1176.6 153.39 0.0025035
522.7 175.73 532.94 203.99 0.0025028
207.41 0.0 353.48 214.87 0.0025025
519.94 188.75 554.16 203.55 0.002499
117.86 161.75 171.18 182.67 0.002496
310.48 293.8 616.05 375.0 0.0024862
121.22 173.66 175.27 194.11 0.0024733
1098.2 30.942 1168.0 229.85 0.0024717
520.99 178.58 574.82 218.25 0.0024703
554.78 181.22 578.19 194.28 0.0024629
1015.2 116.1 1113.9 155.05 0.002457
0.0 0.0 66.638 107.63 0.0024478
0.0 86.878 35.486 124.47 0.0024472
1123.1 173.31 1242.0 252.01 0.0024428
0.0 118.45 37.193 157.26 0.002441
0.0 238.19 76.175 342.7 0.0024375
534.21 166.07 567.95 181.35 0.0024292
504.51 177.16 535.66 192.72 0.0024291
1232.4 158.82 1242.0 178.35 0.0024254
1118.1 292.04 1184.6 375.0 0.0024163
1109.3 0.0 1242.0 341.2 0.002416
0.0 73.308 226.69 247.2 0.0024151
1215.2 211.36 1242.0 266.07 0.0024027
345.99 265.69 464.37 375.0 0.0024005
1059.3 129.87 1110.6 150.72 0.0023812
1226.8 63.283 1242.0 149.96 0.002375
528.65 175.19 573.19 208.98 0.0023693
998.94 101.73 1095.9 138.47 0.0023664
1030.4 364.59 1085.0 375.0 0.002365
1115.9 205.91 1242.0 285.37 0.0023643
554.67 169.49 574.13 186.26 0.0023623
1084.6 121.97 1139.2 142.2 0.0023539
526.71 174.95 536.86 204.51 0.0023525
1235.7 185.37 1242.0 211.08 0.0023461
1100.9 325.14 1242.0 375.0 0.0023415
1042.6 105.66 1096.8 126.51 0.0023343
752.05 154.78 1242.0 375.0 0.0023321
0.0 187.05 20.539 279.82 0.0023263
1159.8 366.56 1242.0 375.0 0.0023262
530.17 170.4 540.88 203.38 0.0023243
0.0 225.69 116.57 298.03 0.0023179
539.23 152.25 558.77 210.55 0.0023145
1072.5 117.38 1128.0 137.89 0.0023062
109.77 169.58 163.21 190.67 0.0023053
0.0 146.42 11.085 236.51 0.0023052
1026.0 106.57 1077.9 125.7 0.0023031
1238.2 112.54 1242.0 154.28 0.0023012
720.03 98.391 766.17 117.07 0.0022953
0.0 158.74 35.975 197.12 0.0022867
1232.3 171.07 1242.0 190.53 0.002278
1207.9 301.32 1242.0 340.47 0.0022721
1057.3 125.97 1111.4 146.53 0.0022689
274.45 0.0 419.91 222.59 0.0022608
1228.2 227.34 1242.0 323.26 0.0022572
543.64 192.94 574.61 208.7 0.0022502
0.0 155.36 59.288 343.95 0.0022477
1046.1 118.1 1098.4 138.01 0.0022451
90.377 284.09 162.43 375.0 0.0022426
1177.9 365.18 1231.3 375.0 0.0022386
1238.3 137.27 1242.0 177.5 0.0022296
19.918 165.73 223.27 247.76 0.0022284
1035.6 29.596 1100.6 224.55 0.0022222
1075.3 91.466 1175.7 130.13 0.0022202
1040.4 131.47 1088.1 149.23 0.0022184
488.53 183.47 524.4 200.24 0.0022087
0.0 289.26 89.426 361.54 0.0022019
877.69 292.77 943.52 375.0 0.0022011
555.08 184.71 580.99 198.11 0.0021959
1124.1 156.42 1242.0 236.06 0.002192
982.47 0.0 1130.9 347.79 0.0021846
942.04 292.04 1009.9 375.0 0.0021797
1003.9 74.558 1162.9 190.78 0.0021744
1235.6 189.87 1242.0 216.0 0.0021572
1009.9 362.67 1061.3 375.0 0.002152
112.27 0.0 519.44 89.411 0.002151
0.0 70.847 12.005 166.66 0.0021505
517.96 175.24 528.35 204.91 0.0021497
1234.3 196.78 1242.0 224.82 0.0021473
1085.1 125.88 1139.0 146.57 0.0021421
502.93 180.0 526.74 197.89 0.002138
0.0 217.34 54.0 252.44 0.0021376
1042.8 0.0 1186.3 210.44 0.0021299
240.9 0.0 385.93 214.05 0.0021286
0.0 79.836 360.03 250.52 0.0021263
9.7658 0.0 81.107 109.93 0.0021172
86.804 149.75 184.01 186.46 0.0021147
0.0 321.64 134.27 375.0 0.0021037
1101.6 289.64 1168.0 375.0 0.0020835
1231.5 205.67 1242.0 226.2 0.0020744
378.46 273.1 496.51 375.0 0.0020613
0.0 174.43 126.71 248.69 0.0020575
109.97 165.61 163.0 186.65 0.0020543
0.0 225.73 53.851 260.38 0.0020465
1060.5 138.03 1109.2 158.01 0.0020458
0.0 245.5 20.498 267.52 0.0020383
1069.7 100.01 1167.1 137.64 0.0020312
112.72 157.92 167.8 178.75 0.0020293
0.0 125.95 37.851 165.33 0.0020236
1034.1 110.45 1087.7 129.82 0.0020209
1236.7 159.48 1242.0 184.44 0.0020174
685.45 44.324 1056.5 214.67 0.0020164
0.0 264.74 19.244 360.22 0.0020164
1232.2 154.88 1242.0 174.3 0.0020137
0.0 0.0 58.208 76.4 0.0020104
1182.5 115.57 1242.0 319.71 0.0020103
0.0 368.91 55.303 375.0 0.00201
1039.5 127.43 1089.1 145.51 0.002005
404.62 0.0 994.75 233.45 0.0020029
545.48 189.67 570.6 206.86 0.0019989
1057.3 121.58 1111.4 141.96 0.0019973
1214.9 300.92 1242.0 354.64 0.0019874
1.4355 201.57 27.033 292.72 0.0019839
1069.1 290.26 1135.4 375.0 0.0019823
0.0 262.07 20.177 283.63 0.0019748
1237.7 119.27 1242.0 162.9 0.001973
0.0 13.21 131.74 375.0 0.0019622
1040.1 135.16 1087.6 153.11 0.0019548
1054.2 291.16 1119.8 375.0 0.0019511
0.0 257.98 20.294 279.66 0.0019478
3.5584 350.16 28.834 375.0 0.001937
544.74 163.01 564.24 224.4 0.0019349
560.02 176.98 569.15 207.19 0.0019346
1114.1 48.843 1183.9 245.76 0.0019312
106.47 284.44 177.07 375.0 0.001931
0.0 179.75 11.228 207.22 0.001925
738.18 102.55 936.06 183.35 0.0019244
1034.5 114.09 1086.5 133.57 0.0019216
407.08 0.0 707.32 107.67 0.0019082
0.0 235.39 10.132 264.16 0.0019068
1236.4 170.31 1242.0 196.21 0.001905
173.61 97.103 427.87 375.0 0.0019036
1038.2 122.69 1089.4 141.51 0.0019032
936.06 104.58 1131.6 183.27 0.0019001
0.0 265.92 20.317 287.6 0.0018992
0.0 209.86 55.49 244.72 0.0018954
0.0 254.06 20.026 275.78 0.0018923
1085.7 290.34 1151.8 375.0 0.0018904
1212.0 238.18 1242.0 276.45 0.0018868
0.0 152.82 179.74 232.83 0.0018769
1054.1 117.53 1108.4 138.52 0.0018673
1090.7 114.74 1193.6 154.1 0.0018617
408.51 270.38 528.43 375.0 0.0018515
861.74 292.96 927.75 375.0 0.001851
32.533 134.39 247.1 218.01 0.0018469
701.65 110.86 748.08 129.29 0.0018403
784.67 0.0 1242.0 249.98 0.0018322
513.13 174.67 523.54 204.83 0.0018286
1026.8 124.05 1126.7 163.33 0.0018217
1089.1 107.53 1195.5 145.9 0.0018209
0.0 133.08 36.004 172.17 0.0018145
1236.3 163.46 1242.0 188.23 0.0018135
778.09 0.0 1064.6 119.42 0.00181
507.03 188.12 540.84 204.62 0.0018054
557.88 283.77 889.29 375.0 0.0018007
184.16 2.7437 320.39 375.0 0.0017997
1211.5 94.893 1242.0 148.07 0.0017934
952.94 335.71 1167.3 375.0 0.0017919
1052.9 109.22 1109.1 130.69 0.0017908
1118.0 222.06 1242.0 303.81 0.0017859
566.14 43.572 937.24 217.24 0.0017856
885.12 335.21 1098.1 375.0 0.001785
1040.3 139.2 1087.5 157.54 0.0017803
1074.8 109.82 1128.6 130.6 0.0017797
0.0 249.86 19.599 271.74 0.0017745
1193.6 350.88 1221.8 375.0 0.0017654
557.35 175.35 578.14 192.7 0.0017644
1040.5 121.98 1147.1 163.38 0.0017613
0.0 150.07 35.198 188.56 0.0017588
661.82 0.0 806.59 341.01 0.0017579
949.3 0.0 1093.8 347.8 0.0017464
48.601 180.12 683.51 375.0 0.0017462
110.22 173.43 162.83 194.58 0.0017454
1076.5 0.0 1219.3 217.45 0.0017265
1035.2 106.48 1086.9 125.8 0.001721
1085.8 118.05 1139.4 138.43 0.0017088
0.0 201.2 54.168 237.0 0.0017061
1012.8 110.5 1060.9 129.44 0.001706
1038.0 293.06 1102.6 375.0 0.0017054
791.08 0.0 934.03 338.39 0.0017018
1139.1 37.794 1242.0 124.59 0.0016933
0.0 256.1 71.695 359.33 0.0016922
1236.6 155.11 1242.0 180.25 0.0016909
741.53 334.24 959.37 375.0 0.0016901
1024.9 234.02 1242.0 375.0 0.00169
962.39 115.47 1242.0 286.04 0.0016894
1033.0 135.64 1078.8 153.39 0.0016868
1179.1 60.549 1242.0 271.53 0.001677
0.0 168.46 19.38 260.04 0.0016763
1196.7 193.27 1242.0 229.22 0.0016759
759.57 0.0 903.0 339.95 0.0016746
555.26 185.9 577.41 202.59 0.0016732
694.98 0.0 839.71 344.48 0.0016722
1009.2 349.6 1037.3 375.0 0.001669
0.0 173.43 21.201 194.87 0.0016566
1033.9 118.36 1084.8 137.18 0.0016559
1036.7 75.238 1193.6 192.5 0.0016551
1068.7 121.29 1124.3 141.86 0.0016551
0.0 173.51 262.06 344.12 0.0016481
1045.5 122.18 1098.9 141.98 0.0016481
1019.9 27.711 1084.2 228.17 0.001648
1083.4 137.72 1242.0 216.5 0.0016434
825.89 2.0711 962.2 375.0 0.0016412
1086.1 129.65 1138.3 150.87 0.0016383
1057.5 113.59 1113.1 134.95 0.0016343
1048.9 365.94 1142.0 375.0 0.0016285
75.594 76.556 465.8 252.48 0.0016284
1092.3 99.782 1194.8 137.93 0.0016255
1024.6 114.5 1073.6 133.38 0.0016251
1051.9 105.45 1109.0 126.8 0.0016238
0.0 269.91 20.268 291.56 0.0016223
340.51 0.0 638.54 109.86 0.0016163
0.0 192.84 53.212 228.42 0.0016145
1196.9 185.17 1242.0 220.61 0.0016123
815.02 43.209 1192.3 215.02 0.00161
945.48 0.0 1242.0 92.691 0.0016085
730.47 84.698 1094.4 252.92 0.0016065
0.0 142.21 35.165 180.57 0.0016057
440.15 264.8 565.11 375.0 0.0016047
134.18 170.2 186.29 190.35 0.0015983
1237.9 127.88 1242.0 170.79 0.0015962
0.0 0.0 19.272 40.151 0.0015937
0.0 319.13 32.685 355.94 0.0015925
494.42 178.01 526.97 193.93 0.0015903
1032.5 139.66 1079.6 157.6 0.0015895
1207.4 77.649 1242.0 115.59 0.0015888
534.26 170.49 558.9 187.0 0.0015845
1032.2 131.71 1079.5 149.4 0.0015801
649.58 0.0 939.19 121.89 0.0015696
0.0 87.472 11.102 179.55 0.0015684
1232.6 150.96 1242.0 170.16 0.0015588
1024.3 102.63 1074.0 121.73 0.0015492
983.8 365.4 1071.2 375.0 0.0015433
628.75 0.0 776.5 339.42 0.0015415
1072.7 349.77 1100.2 375.0 0.0015391
1073.4 108.78 1176.0 146.7 0.0015329
378.71 285.6 699.57 375.0 0.001532
0.0 203.49 60.149 375.0 0.0015271
1216.3 185.79 1242.0 281.56 0.0015213
0.0 0.0 272.43 120.9 0.0015192
877.26 0.0 1162.6 123.51 0.001518
135.05 165.93 186.54 186.4 0.0015124
49.899 335.34 272.73 375.0 0.0015123
123.0 286.4 193.07 375.0 0.0015093
1049.4 101.44 1105.9 122.77 0.0015069
860.97 326.58 1010.2 375.0 0.0015065
726.74 0.0 871.31 341.9 0.0015049
1031.3 123.46 1079.9 141.12 0.0015012
74.581 0.0 272.47 41.294 0.0014989
0.0 355.04 36.189 375.0 0.0014955
982.35 93.748 1078.9 131.24 0.0014891
0.0 0.0 192.06 42.214 0.0014881
845.76 293.14 911.6 375.0 0.0014861
887.35 0.72704 1025.9 375.0 0.0014846
0.0 305.93 17.491 356.5 0.0014836
917.67 0.0 1061.4 343.78 0.0014766
129.64 162.22 182.95 182.33 0.0014743
633.84 245.01 759.82 375.0 0.0014615
1209.6 293.66 1242.0 331.94 0.001452
113.81 177.66 167.19 198.52 0.0014479
60.772 156.28 159.44 194.03 0.0014478
117.55 111.1 491.64 278.29 0.001443
0.0 79.265 37.128 116.91 0.0014397
0.0 279.89 5.8278 333.29 0.0014365
748.94 48.161 1119.7 217.23 0.0014295
1047.3 126.52 1098.2 146.12 0.0014254
17.833 174.89 151.52 375.0 0.0014218
91.658 89.473 158.91 291.04 0.0014066
1129.7 64.435 1197.8 263.63 0.0014024
641.03 11.775 1027.1 183.88 0.0013972
0.0 169.03 178.13 247.87 0.0013959
1167.4 41.215 1242.0 163.84 0.00139
0.0 179.22 95.327 283.28 0.0013836
1022.6 293.61 1086.6 375.0 0.001379
857.07 4.8922 993.81 375.0 0.0013754
0.0 274.13 20.314 295.64 0.0013684
1230.8 126.33 1242.0 146.26 0.0013664
589.95 0.0 879.37 119.44 0.0013663
889.21 0.0 1087.3 39.967 0.0013662
0.0 233.78 52.662 268.77 0.0013651
1031.7 127.46 1079.2 145.22 0.001362
0.0 140.0 110.09 219.21 0.0013617
552.72 170.35 577.74 184.45 0.0013615
453.56 156.55 613.59 227.81 0.0013601
997.27 109.46 1095.0 146.6 0.0013533
0.0 35.991 531.3 371.81 0.0013527
1044.7 365.5 1100.9 375.0 0.0013498
1231.4 122.16 1242.0 142.25 0.0013462
556.25 171.36 577.66 189.57 0.0013452
566.17 75.887 941.21 251.68 0.0013452
1227.6 258.75 1242.0 351.56 0.0013448
84.259 171.49 185.59 209.6 0.0013425
1105.0 122.63 1206.6 162.66 0.0013391
816.64 79.317 1198.2 248.73 0.0013381
1068.7 125.72 1122.1 146.08 0.0013363
829.43 292.74 895.59 375.0 0.0013335
107.71 91.946 174.37 292.12 0.0013297
1082.6 114.35 1135.7 133.94 0.0013265
25.893 0.0 96.397 111.49 0.0013261
789.38 0.0 991.37 40.005 0.0013244
556.86 177.38 584.16 191.6 0.0013238
11.755 131.72 76.672 334.85 0.0013225
738.32 66.179 948.58 155.04 0.0013209
1086.9 133.79 1137.8 154.56 0.0013193
958.01 294.85 1025.2 375.0 0.0013177
502.38 173.67 512.88 207.44 0.0013177
1116.7 237.01 1242.0 320.1 0.0013164
0.0 223.93 19.271 323.9 0.0013139
1234.3 368.19 1242.0 375.0 0.00131
505.68 173.79 515.17 205.01 0.0013073
125.68 158.2 178.72 178.49 0.0013058
527.19 162.6 573.61 203.36 0.0013046
0.0 133.1 199.62 217.92 0.0013043
733.34 95.351 778.48 113.49 0.0013036
39.726 0.0 241.34 42.657 0.0013021
70.078 149.55 167.74 186.02 0.0012955
1048.1 130.84 1096.2 149.89 0.0012944
0.0 166.12 20.488 214.47 0.0012943
0.0 327.47 32.176 364.19 0.0012872
47.496 0.0 330.72 122.32 0.0012815
789.15 114.95 886.49 154.73 0.0012815
811.14 26.435 879.39 235.19 0.0012805
497.66 177.4 521.2 195.4 0.0012771
1000.0 363.12 1053.4 375.0 0.0012751
138.83 287.2 208.52 375.0 0.0012735
135.79 157.12 150.64 203.03 0.0012701
0.0 238.61 138.53 314.61 0.0012645
0.0 186.21 10.518 239.1 0.0012621
657.53 74.782 1031.4 246.92 0.0012605
140.01 157.49 154.5 202.68 0.0012597
1073.9 101.02 1128.3 122.44 0.001259
106.95 155.9 208.88 195.31 0.0012533
0.0 336.53 34.805 372.47 0.0012509
105.58 161.9 160.86 182.68 0.0012491
544.59 164.11 557.0 194.66 0.0012464
217.06 2.0687 352.09 375.0 0.0012405
1030.8 97.871 1109.6 145.65 0.0012389
812.79 290.76 879.33 375.0 0.0012358
1210.5 286.69 1242.0 324.47 0.0012333
915.28 71.696 1126.9 153.69 0.0012303
0.0 169.33 20.474 190.58 0.0012292
796.39 290.46 863.41 375.0 0.0012282
269.58 0.0 563.79 115.1 0.0012214
2.0932 188.68 27.901 277.37 0.0012189
52.606 101.63 332.63 311.97 0.0012151
62.68 151.17 276.09 233.63 0.0012108
1086.2 137.74 1137.4 158.19 0.0012096
508.77 175.04 518.02 204.98 0.0012043
472.07 254.29 598.56 375.0 0.001203
985.36 118.68 1181.1 199.58 0.001201
121.13 130.95 148.93 214.73 0.0012008
0.0 263.91 5.7948 317.71 0.0011974
1211.9 246.22 1242.0 284.34 0.0011968
0.0 102.89 11.543 195.09 0.0011915
552.55 183.63 563.21 219.17 0.0011914
1215.1 152.8 1241.7 238.36 0.0011914
0.0 370.22 66.662 375.0 0.0011914
1004.0 30.809 1068.4 231.1 0.0011853
740.75 95.368 786.46 114.14 0.0011847
1080.6 350.37 1108.4 375.0 0.0011828
0.0 159.27 6.0483 209.01 0.0011823
525.45 191.55 556.3 207.24 0.001182
1053.0 134.29 1101.1 153.3 0.0011749
0.0 190.87 70.585 227.29 0.0011735
475.33 282.47 803.14 375.0 0.0011661
1073.9 105.12 1128.3 126.76 0.0011567
631.08 90.947 827.67 168.0 0.0011529
977.66 145.64 1242.0 318.79 0.001151
795.95 26.246 863.53 235.23 0.001148
1094.4 130.4 1146.3 149.9 0.0011437
874.75 14.38 1242.0 184.13 0.0011393
972.41 73.689 1134.3 189.56 0.001136
546.14 169.8 566.87 235.52 0.0011329
291.05 309.16 559.32 375.0 0.0011315
561.44 180.08 571.1 213.69 0.0011307
152.2 157.27 207.86 178.8 0.0011305
695.71 86.956 899.46 167.97 0.0011304
0.0 101.39 238.67 315.41 0.0011288
0.0 223.44 69.902 258.88 0.0011252
1100.9 92.163 1199.4 129.63 0.0011214
1232.3 146.77 1242.0 165.86 0.0011205
780.59 289.82 848.12 375.0 0.001118
1196.9 200.44 1242.0 236.74 0.0011169
521.9 172.6 553.45 189.24 0.0011142
1230.6 130.17 1242.0 150.08 0.0011122
1052.5 138.24 1101.0 157.49 0.0011107
728.65 98.963 773.42 117.75 0.0011068
463.8 0.0 752.9 111.91 0.0011064
1066.3 122.71 1166.3 163.48 0.0011048
131.86 156.76 146.64 203.49 0.0011
0.0 158.04 128.65 233.16 0.0010985
52.038 172.28 181.36 375.0 0.0010973
119.27 0.0 321.69 41.151 0.0010968
1117.4 283.72 1242.0 362.49 0.0010926
792.11 122.22 893.96 161.53 0.0010921
1098.2 122.61 1149.9 142.15 0.0010919
12.887 170.01 75.205 365.48 0.0010909
1109.7 147.67 1205.9 187.63 0.0010896
109.65 0.0 402.28 122.09 0.0010894
1117.4 130.85 1166.2 149.52 0.0010887
1021.6 86.137 1120.2 122.67 0.0010857
76.413 90.258 142.73 292.91 0.0010848
554.19 173.43 581.8 188.26 0.0010847
600.47 243.52 725.37 375.0 0.0010842
1098.7 126.75 1149.8 145.69 0.0010823
1106.9 126.2 1160.2 146.16 0.0010817
1012.0 114.22 1059.6 133.32 0.001081
856.06 0.0 1057.9 42.241 0.0010802
525.7 188.53 550.97 204.91 0.0010786
0.0 211.3 93.432 314.77 0.0010753
0.0 165.26 20.378 186.61 0.0010743
693.77 334.97 915.41 375.0 0.0010741
0.0 305.52 86.792 375.0 0.0010738
776.14 113.37 1156.1 283.25 0.0010696
1098.8 63.861 1165.8 261.24 0.0010692
1112.8 92.319 1242.0 174.2 0.0010688
1237.7 103.66 1242.0 147.38 0.0010679
1145.9 64.6 1212.6 261.28 0.0010669
41.49 0.0 112.83 110.72 0.0010658
1239.4 198.79 1242.0 247.32 0.0010645
0.0 255.84 139.48 331.34 0.0010644
927.63 134.6 976.46 153.76 0.001063
27.92 0.0 618.62 234.04 0.0010617
548.87 192.78 581.84 208.97 0.0010614
1212.1 79.255 1242.0 131.53 0.0010612
1069.0 90.331 1223.8 208.06 0.0010609
1053.3 93.872 1107.3 114.42 0.0010586
521.55 0.0 818.01 123.69 0.0010546
0.0 198.58 70.774 235.35 0.0010532
1202.4 175.79 1242.0 223.32 0.001049
1236.4 147.33 1242.0 172.75 0.0010481
1129.1 29.664 1200.2 234.09 0.0010454
1016.9 102.99 1065.2 122.13 0.0010449
1010.4 106.91 1056.2 125.99 0.0010418
484.66 40.871 873.71 222.86 0.0010394
522.62 171.57 545.26 190.14 0.0010388
1138.5 185.35 1242.0 305.41 0.001036
1068.4 137.37 1122.3 158.67 0.0010351
0.0 161.37 20.104 182.76 0.0010349
675.44 91.891 769.71 130.3 0.0010299
0.0 297.47 20.128 319.39 0.0010252
