706.94 178.06 867.16 289.98 0.99992
719.01 181.5 869.92 264.21 0.81281
748.67 171.58 869.01 284.35 0.79236
755.73 175.04 829.24 288.01 0.59669
676.33 170.39 905.6 297.15 0.59593
766.99 166.48 841.3 289.83 0.59196
690.23 210.67 856.35 289.73 0.58086
677.76 193.0 845.74 285.53 0.56
729.15 164.67 816.35 302.26 0.5223
784.09 149.34 854.41 286.81 0.34495
672.98 170.52 818.89 281.51 0.32399
1199.9 148.74 1242.0 326.32 0.29334
1225.5 166.37 1242.0 259.94 0.28513
776.73 162.45 845.08 313.02 0.27866
720.59 152.77 796.0 286.83 0.27193
1215.2 159.72 1242.0 265.37 0.26129
738.43 189.09 858.18 253.18 0.24477
1225.4 150.22 1242.0 238.84 0.22327
686.09 180.72 852.38 257.86 0.22004
1181.0 137.54 1242.0 340.64 0.21463
732.09 206.95 887.3 289.24 0.20075
1226.0 135.19 1242.0 223.61 0.19812
749.42 154.87 819.58 291.36 0.19684
658.74 139.16 922.07 281.38 0.18214
1208.6 159.33 1240.2 275.23 0.18152
724.0 210.74 854.45 280.58 0.17969
1226.7 180.74 1242.0 276.08 0.17881
0.0 333.18 16.197 375.0 0.17053
1186.2 167.75 1242.0 283.34 0.1647
1201.3 119.8 1242.0 290.07 0.16302
744.4 176.94 888.28 253.32 0.16278
1215.9 138.82 1242.0 235.17 0.1601
733.22 119.54 844.69 359.91 0.15839
1045.2 264.29 1242.0 375.0 0.14295
759.57 167.07 879.46 267.16 0.13602
1134.6 187.28 1242.0 375.0 0.13416
743.83 190.01 873.55 298.45 0.13275
1197.6 290.96 1242.0 375.0 0.13094
878.02 143.44 1242.0 375.0 0.12349
641.93 130.08 873.16 301.59 0.12006
1202.0 192.23 1242.0 375.0 0.11877
702.56 145.27 778.48 310.96 0.11829
1225.9 119.15 1242.0 206.88 0.11736
1050.0 0.0 1242.0 375.0 0.11602
1143.7 329.89 1242.0 375.0 0.11598
1165.9 129.2 1236.2 335.34 0.1144
1160.4 184.81 1242.0 266.12 0.10974
0.0 274.71 32.356 375.0 0.10924
1209.0 137.3 1239.9 242.73 0.10823
0.0 340.19 24.4 375.0 0.10633
1186.8 142.6 1242.0 252.64 0.10573
0.0 336.51 76.975 375.0 0.10373
1158.6 199.56 1242.0 281.9 0.10191
1090.5 244.85 1242.0 375.0 0.10165
1163.7 170.09 1242.0 250.28 0.10071
1180.4 322.18 1242.0 375.0 0.10032
699.8 88.703 834.98 359.62 0.099726
727.12 189.96 850.3 271.01 0.098709
731.94 180.4 847.25 238.24 0.098532
734.69 140.53 803.12 288.11 0.096399
0.0 353.63 17.005 375.0 0.095336
0.0 360.56 35.905 375.0 0.088546
0.0 321.11 47.942 375.0 0.08732
0.0 259.56 189.89 375.0 0.086725
954.3 96.479 1242.0 375.0 0.08565
1216.4 145.97 1242.0 205.07 0.084624
1182.1 198.06 1242.0 316.99 0.081726
1226.4 104.18 1242.0 190.68 0.080335
1161.1 154.6 1242.0 233.24 0.078724
0.0 182.65 72.765 375.0 0.077079
1226.6 205.72 1242.0 299.29 0.075684
1181.5 231.8 1242.0 347.87 0.074175
0.94274 343.59 31.125 375.0 0.0735
1218.0 160.47 1242.0 221.32 0.071999
1159.1 261.83 1242.0 346.72 0.070927
1218.3 176.22 1242.0 238.86 0.070723
1162.5 247.35 1242.0 331.46 0.070228
1161.0 214.44 1242.0 298.21 0.068758
1215.9 181.1 1242.0 290.02 0.068391
1225.9 344.08 1242.0 375.0 0.068011
685.01 135.05 931.12 321.55 0.067614
1160.7 277.96 1242.0 361.79 0.065717
1203.4 164.72 1233.1 270.32 0.063323
1161.0 231.51 1242.0 316.17 0.062791
1205.3 156.97 1242.0 196.93 0.062331
1181.8 265.46 1242.0 375.0 0.061774
1226.0 231.27 1242.0 320.7 0.060059
1203.5 164.87 1242.0 204.95 0.05987
1036.7 170.04 1242.0 354.57 0.059675
1236.8 156.79 1242.0 205.9 0.059376
1205.8 149.45 1242.0 188.99 0.05937
0.0 250.54 127.29 375.0 0.058921
748.88 157.26 813.45 333.19 0.058297
1202.5 85.015 1242.0 261.19 0.057288
792.32 165.52 852.13 329.52 0.055943
1142.5 83.867 1242.0 375.0 0.05549
1161.4 138.22 1242.0 217.52 0.055134
1154.9 165.12 1242.0 291.61 0.054731
0.0 134.3 364.5 375.0 0.054618
0.0 0.0 354.77 179.15 0.053852
1215.8 131.24 1242.0 188.65 0.053566
1216.5 116.47 1242.0 209.16 0.052376
0.0 0.0 143.08 375.0 0.052301
1236.6 144.86 1242.0 193.9 0.050563
713.04 166.25 874.05 235.11 0.050224
678.07 103.67 797.62 375.0 0.049969
1206.6 362.3 1242.0 375.0 0.048292
0.0 194.8 30.468 375.0 0.048236
720.8 185.92 839.38 250.38 0.047925
1236.7 166.55 1242.0 219.6 0.047574
1205.5 141.31 1242.0 181.08 0.047216
1203.0 251.31 1242.0 375.0 0.047073
1226.1 246.34 1242.0 338.48 0.046422
1205.0 173.12 1242.0 212.61 0.046179
1209.2 177.96 1240.1 298.59 0.046131
735.83 182.61 816.91 221.56 0.045075
706.44 221.76 873.53 297.23 0.044571
782.7 154.13 817.63 275.8 0.043545
677.25 125.27 980.43 279.59 0.043392
1165.1 293.61 1242.0 375.0 0.0431
0.0 252.23 67.94 332.67 0.043092
743.09 181.46 837.52 223.39 0.04308
789.66 157.55 824.34 275.74 0.043014
1203.0 180.44 1242.0 220.77 0.042855
1205.4 133.26 1242.0 172.48 0.042657
1216.0 116.64 1242.0 171.26 0.042643
665.06 174.83 829.46 252.52 0.042616
0.0 0.0 179.07 90.704 0.042577
774.51 147.79 809.9 280.74 0.042546
1237.7 184.97 1242.0 240.52 0.042308
1182.9 177.0 1242.0 375.0 0.042183
1219.5 356.78 1242.0 375.0 0.041828
732.52 157.53 796.36 342.56 0.041531
1206.0 188.83 1242.0 229.86 0.041443
0.0 359.19 23.153 375.0 0.041252
763.12 84.594 879.32 373.53 0.040862
1206.5 125.55 1242.0 164.43 0.040857
0.0 315.29 13.437 375.0 0.040238
1158.8 120.91 1242.0 201.94 0.04011
1031.1 139.29 1242.0 320.88 0.039946
1184.2 109.48 1242.0 219.86 0.039872
0.0 235.12 50.373 346.71 0.039826
1031.6 0.0 1242.0 90.241 0.038608
797.62 158.1 832.69 277.06 0.038512
692.03 198.77 837.82 304.27 0.038483
753.34 183.18 863.17 236.15 0.038393
0.0 0.0 75.387 178.49 0.038154
0.0 237.38 69.822 316.3 0.038018
768.74 153.4 800.94 282.0 0.036501
0.0 266.98 66.52 347.49 0.036418
1205.0 197.3 1242.0 237.96 0.03633
833.48 0.0 1242.0 177.09 0.036223
1142.4 0.0 1242.0 195.94 0.036051
762.37 166.84 825.03 331.93 0.035538
1146.7 143.54 1224.4 352.89 0.035441
1237.5 176.91 1242.0 230.9 0.035416
0.0 297.19 46.558 375.0 0.035216
0.0 365.56 51.264 375.0 0.034623
8.8526 344.08 38.144 375.0 0.034134
1081.5 149.99 1242.0 375.0 0.033539
1217.9 191.8 1242.0 255.84 0.033314
1207.4 118.72 1242.0 156.54 0.032389
0.0 109.59 255.63 375.0 0.032302
1202.8 142.51 1232.6 240.6 0.032198
1098.0 332.85 1242.0 375.0 0.032063
1131.4 189.26 1242.0 271.66 0.031594
0.0 221.83 71.169 300.58 0.031485
1237.1 114.76 1242.0 160.01 0.031295
0.0 340.61 102.92 375.0 0.030897
1202.6 148.59 1242.0 202.21 0.030494
719.32 178.93 823.62 232.8 0.030467
1127.4 203.01 1242.0 287.37 0.029986
0.0 0.0 279.82 229.62 0.029017
1074.6 208.99 1219.7 375.0 0.028967
0.0 0.0 35.181 107.48 0.028641
1201.7 182.33 1233.2 297.85 0.028269
963.41 268.59 1242.0 375.0 0.027987
0.0 206.88 71.088 285.15 0.027882
1236.8 134.7 1242.0 181.18 0.02785
1164.0 171.03 1237.5 375.0 0.027363
0.0 283.45 65.305 362.73 0.027283
1225.2 269.5 1242.0 359.89 0.027212
762.58 150.28 794.01 282.68 0.027024
0.0 245.52 14.453 341.73 0.026846
0.0 146.84 29.969 341.61 0.026444
1130.6 176.73 1242.0 305.97 0.026283
0.0 0.0 83.059 42.726 0.026261
1217.0 101.64 1242.0 189.93 0.026237
1227.1 89.61 1242.0 174.37 0.025894
1218.7 344.55 1242.0 375.0 0.02577
0.0 267.52 49.67 375.0 0.025753
1139.1 176.57 1242.0 255.73 0.025624
804.99 159.11 841.56 274.5 0.025306
1237.2 126.24 1242.0 171.45 0.02526
714.04 219.84 846.57 287.58 0.025032
1209.9 116.06 1238.1 216.47 0.024656
0.0 205.6 49.784 315.7 0.024478
801.62 139.92 867.68 304.26 0.024115
0.0 192.92 68.045 269.78 0.023948
729.72 226.31 862.14 285.51 0.023743
0.0 317.86 65.115 375.0 0.023394
0.0 343.9 14.004 375.0 0.02332
1205.0 178.19 1242.0 235.86 0.022869
0.0 260.43 13.331 358.38 0.022834
626.81 174.58 921.01 315.9 0.022832
1205.1 205.56 1242.0 245.13 0.02263
0.0 0.0 138.51 122.11 0.022449
736.03 197.5 862.7 288.11 0.022363
658.03 187.84 820.14 267.95 0.021868
0.0 239.32 24.328 375.0 0.021708
0.0 5.9127 366.26 351.3 0.021137
1215.6 203.24 1242.0 309.35 0.020994
1210.9 337.06 1239.2 375.0 0.020762
1162.3 145.9 1242.0 260.34 0.020656
0.0 353.7 33.423 375.0 0.020576
1156.0 104.91 1242.0 186.34 0.02057
730.19 163.6 864.57 257.23 0.020409
1071.5 0.0 1242.0 119.82 0.020312
1151.9 290.24 1219.2 375.0 0.020279
1031.1 104.77 1242.0 285.53 0.019828
944.25 184.23 1242.0 346.88 0.019768
1044.9 213.53 1184.9 375.0 0.019617
0.0 176.39 68.919 253.2 0.01927
0.0 173.8 11.737 270.95 0.018567
766.32 187.86 864.78 257.67 0.018553
750.87 178.57 842.33 252.55 0.018319
928.03 0.0 1242.0 237.6 0.018311
847.9 32.891 1242.0 375.0 0.018296
0.0 223.46 13.016 319.04 0.018137
662.75 200.87 823.02 281.28 0.017988
1219.1 233.09 1242.0 292.09 0.017665
1149.4 196.22 1242.0 324.45 0.017503
0.0 172.62 47.057 281.48 0.017413
755.24 151.91 785.03 280.21 0.017311
0.0 299.82 11.03 375.0 0.017297
0.0 366.85 71.081 375.0 0.017288
1207.7 111.02 1242.0 148.8 0.017194
0.0 116.71 26.945 307.93 0.017122
690.7 153.01 756.13 334.33 0.017063
1193.2 156.06 1241.1 213.5 0.016915
0.0 164.07 193.98 340.5 0.016839
0.0 191.63 189.04 375.0 0.016619
1185.1 96.678 1242.0 290.16 0.01658
0.0 272.41 37.202 309.92 0.01606
721.0 167.77 781.17 357.69 0.016057
1138.3 157.63 1242.0 274.11 0.016043
1226.3 299.63 1242.0 375.0 0.016033
947.56 4.8155 1223.3 375.0 0.015891
1238.3 196.32 1242.0 251.35 0.015856
0.0 279.6 36.507 317.3 0.015563
0.0 0.0 68.835 56.339 0.015547
1203.2 344.51 1231.8 375.0 0.015423
0.0 130.37 189.0 309.67 0.015336
1192.9 179.13 1238.9 239.39 0.015334
1139.3 161.79 1242.0 239.02 0.015334
1125.6 218.09 1242.0 302.28 0.015223
0.0 83.784 68.585 375.0 0.015156
0.0 264.11 35.86 302.04 0.01512
932.05 157.53 1242.0 318.3 0.01507
1215.1 223.88 1242.0 323.95 0.01504
751.33 196.83 901.97 280.82 0.01496
0.0 160.39 68.238 236.79 0.014833
1193.4 170.01 1224.3 274.32 0.01483
1193.8 366.94 1242.0 375.0 0.014819
1012.1 214.9 1150.3 375.0 0.014356
1200.2 0.0 1242.0 93.245 0.014333
1219.1 207.52 1242.0 271.31 0.01424
1207.8 269.43 1242.0 308.95 0.014009
747.53 205.43 863.46 273.02 0.013989
1222.2 0.0 1242.0 38.259 0.013977
1206.0 213.45 1242.0 253.33 0.013815
1206.5 277.0 1242.0 316.5 0.013702
1146.8 188.35 1223.0 375.0 0.013661
1207.7 285.28 1242.0 324.39 0.013644
0.0 286.67 36.504 325.27 0.013597
1217.8 250.41 1242.0 309.01 0.013597
0.0 97.488 189.01 277.01 0.01357
1209.3 245.66 1242.0 283.6 0.013551
578.71 149.63 896.99 300.94 0.013548
461.92 160.99 1109.1 375.0 0.01352
1225.3 330.45 1242.0 375.0 0.013484
1129.7 253.2 1242.0 337.22 0.013469
868.13 271.91 1209.6 375.0 0.013361
1215.9 102.75 1242.0 155.54 0.013284
609.82 66.167 884.79 375.0 0.013165
762.02 171.48 912.09 250.88 0.013155
1209.2 253.53 1242.0 291.7 0.013138
0.0 68.641 181.2 241.75 0.01303
0.0 256.45 34.82 294.12 0.012942
1207.5 237.55 1242.0 276.65 0.012817
761.8 122.82 824.72 283.36 0.012744
979.14 213.55 1118.9 375.0 0.01272
1123.9 266.85 1242.0 352.23 0.012635
1209.5 261.3 1242.0 300.25 0.012543
1128.8 176.17 1207.7 375.0 0.012539
0.0 196.83 12.346 295.05 0.012481
1145.8 0.0 1242.0 43.43 0.01246
1127.7 236.64 1242.0 321.39 0.012443
776.49 157.9 822.15 289.15 0.012414
1193.9 142.56 1241.6 195.83 0.01231
694.62 174.57 987.46 320.39 0.012125
0.0 277.33 271.78 375.0 0.012089
0.0 336.8 34.47 372.48 0.012039
1217.3 274.68 1242.0 333.48 0.012025
0.0 201.03 33.617 237.73 0.012006
1040.5 73.56 1180.1 375.0 0.012005
0.0 143.28 67.857 221.49 0.011921
751.54 122.11 812.21 286.55 0.011914
15.584 345.92 45.454 375.0 0.011909
1152.2 88.753 1242.0 172.01 0.011881
1080.3 82.684 1219.2 375.0 0.011769
0.0 0.0 65.548 349.98 0.011724
1085.9 232.28 1242.0 317.72 0.011712
766.02 182.83 854.54 221.27 0.011657
1148.8 233.34 1242.0 354.99 0.01156
948.23 215.88 1084.2 375.0 0.011522
25.665 277.66 359.93 375.0 0.011472
1208.8 203.47 1238.5 321.92 0.011356
1237.9 209.7 1242.0 264.4 0.011336
0.0 264.97 19.312 316.85 0.011321
1136.8 290.43 1202.0 375.0 0.011082
789.6 161.86 839.77 284.2 0.011081
685.93 78.24 946.07 375.0 0.011042
663.86 180.35 793.09 291.41 0.011024
1171.4 365.34 1242.0 375.0 0.010918
763.72 176.29 893.81 288.31 0.010907
0.0 248.59 33.401 286.0 0.01088
150.18 230.63 278.72 375.0 0.010779
0.0 192.54 33.451 229.01 0.010775
1207.9 221.53 1242.0 260.7 0.010757
1207.9 293.27 1242.0 332.09 0.010726
1010.6 82.25 1144.8 375.0 0.010712
103.73 281.33 424.98 375.0 0.010687
0.0 82.671 27.303 276.04 0.010674
118.17 224.39 247.59 375.0 0.010595
0.0 208.72 34.979 246.01 0.010587
0.0 328.87 32.969 364.52 0.010585
1228.3 126.03 1242.0 146.48 0.010541
888.56 32.116 1159.1 375.0 0.010515
0.0 337.05 151.37 375.0 0.010498
0.0 35.813 182.37 211.71 0.010468
744.69 160.75 904.84 233.6 0.010449
1208.9 229.74 1242.0 269.11 0.010352
1228.4 129.98 1242.0 150.46 0.010331
0.0 295.89 36.168 334.62 0.010311
1022.1 203.69 1242.0 375.0 0.010232
182.54 238.35 309.84 375.0 0.010218
0.0 144.55 48.629 250.84 0.01017
1227.6 165.59 1242.0 186.4 0.010119
729.11 174.77 823.85 247.47 0.010097
1238.1 225.89 1242.0 279.0 0.0099813
1227.5 169.53 1242.0 190.41 0.0099484
813.85 160.23 847.49 264.85 0.0099229
1191.2 183.61 1225.9 295.78 0.0098843
15.493 296.21 82.142 375.0 0.0098332
1227.7 161.66 1242.0 182.41 0.0097957
1182.4 162.12 1242.0 197.7 0.0097924
0.0 323.22 20.521 375.0 0.0096263
1031.5 71.697 1242.0 251.42 0.0096211
914.61 218.06 1050.1 375.0 0.0095901
812.12 278.74 1136.2 375.0 0.0095887
0.0 280.5 19.318 332.93 0.0094843
0.0 127.47 69.692 206.6 0.0094817
1227.6 157.68 1242.0 178.5 0.0094229
726.94 158.92 1242.0 375.0 0.0093944
1180.4 170.32 1242.0 206.83 0.0093762
1228.5 134.0 1242.0 154.39 0.0093527
85.556 223.55 217.98 375.0 0.0093169
1064.7 216.15 1242.0 302.66 0.0092535
0.0 249.88 17.52 301.57 0.0091402
780.05 125.9 841.37 289.07 0.009098
561.16 116.11 879.54 278.92 0.0090108
763.71 165.02 807.45 292.48 0.0089829
23.019 218.53 161.17 375.0 0.0089783
640.99 77.301 769.41 375.0 0.008969
1234.9 159.28 1242.0 190.66 0.008967
1079.9 93.253 1242.0 320.18 0.0088896
671.55 159.43 836.14 229.21 0.0088426
215.14 244.14 341.21 375.0 0.0088081
0.0 241.07 33.059 277.41 0.0086953
1227.6 173.38 1242.0 194.12 0.0086931
1183.6 154.84 1242.0 189.85 0.0086486
1227.9 153.67 1242.0 174.41 0.0085755
55.403 218.61 190.13 375.0 0.0085378
1124.6 211.25 1242.0 342.63 0.0085266
724.45 282.48 1040.4 375.0 0.0085137
1228.7 138.06 1242.0 158.36 0.0085092
0.0 113.04 69.223 191.62 0.008498
797.18 160.98 848.3 288.76 0.008473
1097.1 246.04 1242.0 334.15 0.0084718
0.0 216.36 33.672 253.82 0.0084695
1207.2 301.47 1242.0 339.63 0.0083353
743.37 181.62 809.32 228.75 0.0083346
746.0 173.3 789.6 297.14 0.0082961
0.0 232.96 32.845 269.15 0.008293
765.89 180.99 853.69 246.02 0.0082891
1234.4 121.06 1242.0 150.1 0.0082685
707.47 158.76 840.12 250.39 0.0082285
0.0 48.185 25.068 246.17 0.0082108
0.0 193.72 16.195 244.48 0.0081916
1187.1 360.21 1239.9 375.0 0.0081631
1207.3 102.52 1242.0 140.82 0.0081617
0.0 320.15 31.623 357.97 0.0081504
1148.1 266.87 1242.0 375.0 0.0081185
1234.9 151.41 1242.0 182.54 0.0081016
0.0 303.82 36.05 341.53 0.0080619
1018.9 212.69 1226.0 302.4 0.0080604
1237.9 257.9 1242.0 310.33 0.0080482
0.0 224.5 32.497 262.06 0.0080433
0.0 185.34 15.557 235.9 0.0078834
1228.9 142.1 1242.0 162.35 0.0078829
775.22 155.93 903.7 262.45 0.0078382
1210.7 100.74 1237.0 198.41 0.0077938
978.83 193.3 1196.2 280.41 0.0077365
885.78 229.04 1016.8 375.0 0.0077323
175.49 282.17 495.54 375.0 0.0077305
1064.0 202.77 1242.0 285.5 0.0077144
1203.5 121.5 1230.6 216.87 0.0076682
1182.8 179.99 1232.9 238.24 0.0076425
1228.2 149.72 1242.0 170.52 0.0076313
1228.5 146.07 1242.0 166.48 0.0075988
704.4 167.73 735.07 263.14 0.0075894
1211.2 350.87 1242.0 375.0 0.0075737
0.0 241.75 16.701 293.09 0.0075436
765.91 154.5 788.12 241.62 0.0075181
0.0 206.73 41.998 375.0 0.0075165
1176.4 77.946 1242.0 193.08 0.007503
1234.7 166.75 1242.0 198.31 0.0074468
760.69 186.13 775.2 251.67 0.0074247
981.85 67.358 1118.8 375.0 0.0074247
687.4 116.76 752.08 294.31 0.007418
0.0 180.22 137.61 375.0 0.0073632
1237.4 107.23 1242.0 152.65 0.00736
1194.1 346.57 1223.1 375.0 0.0073594
848.8 153.78 1217.2 311.13 0.0073377
1234.7 128.53 1242.0 157.64 0.0072845
648.99 285.61 969.78 375.0 0.0072542
1199.7 0.0 1242.0 17.314 0.0072516
1182.9 177.11 1242.0 214.43 0.0071852
1232.2 156.63 1242.0 208.39 0.0071788
755.89 167.28 799.13 294.29 0.0071606
1185.3 150.75 1234.3 203.28 0.0071494
247.2 248.07 371.34 375.0 0.0071236
1110.5 163.73 1186.8 363.11 0.0071222
1181.1 184.59 1242.0 222.58 0.0071214
0.0 184.84 32.659 221.04 0.0070848
1216.0 245.75 1242.0 343.21 0.0070794
753.61 182.16 825.35 234.23 0.0070692
1226.9 70.276 1242.0 160.29 0.0070678
1136.9 144.15 1242.0 221.68 0.0070429
788.68 158.19 813.08 249.68 0.0070287
1178.4 192.7 1242.0 231.02 0.0070251
780.12 154.67 805.21 247.77 0.0069968
0.0 0.0 357.53 90.318 0.0068936
1228.3 177.19 1242.0 198.05 0.0068376
81.607 0.0 233.29 208.98 0.0067963
1237.9 238.5 1242.0 289.99 0.0067607
1127.2 315.84 1242.0 375.0 0.0067524
1120.0 295.11 1184.6 375.0 0.0066588
0.0 311.91 33.71 349.64 0.0066173
1228.8 122.07 1242.0 142.55 0.0066152
48.849 0.0 201.62 212.29 0.0065881
1167.0 199.66 1242.0 238.02 0.0065842
589.89 123.97 845.15 320.86 0.0064968
1184.1 176.22 1216.5 281.03 0.0064423
0.0 67.67 12.262 171.18 0.0064062
1031.7 334.98 1237.5 375.0 0.0063839
969.64 180.82 1185.3 266.69 0.0063831
0.0 118.83 135.02 351.17 0.0063567
856.17 236.27 982.14 375.0 0.0063353
1209.0 324.56 1242.0 363.12 0.0063314
0.0 201.89 17.263 252.84 0.0063265
1207.8 309.01 1242.0 346.89 0.0063163
772.72 154.94 795.79 244.76 0.0063071
664.19 224.29 834.86 307.47 0.006286
763.44 175.55 779.74 242.07 0.0062733
796.1 117.37 856.82 279.57 0.0062542
761.69 240.09 888.54 375.0 0.0062471
1202.1 24.595 1242.0 224.54 0.0062455
1234.8 143.93 1242.0 174.31 0.0062207
687.65 186.48 761.34 230.73 0.0061762
0.0 96.536 67.861 175.86 0.0061639
0.0 4.9718 176.31 183.42 0.0061554
953.71 48.526 1089.7 375.0 0.0061204
1216.8 288.5 1242.0 347.31 0.0061027
0.0 0.0 546.48 173.17 0.0060798
707.51 148.89 1037.5 301.69 0.0060686
765.12 183.63 780.35 250.48 0.0059682
1234.7 136.57 1242.0 165.9 0.0059574
795.58 246.58 922.93 375.0 0.0059485
710.19 167.63 742.4 266.5 0.0059318
788.19 34.626 927.91 375.0 0.0058597
1208.8 0.0 1242.0 20.504 0.0058486
23.993 347.42 53.607 375.0 0.0058385
703.81 159.37 732.7 244.59 0.0058224
765.78 166.47 780.29 229.27 0.005819
1208.4 317.05 1242.0 355.43 0.0058044
1203.4 193.2 1242.0 253.06 0.0057932
1015.1 198.26 1229.7 284.89 0.0057857
0.0 296.53 18.219 347.7 0.0057782
863.36 178.99 912.89 199.74 0.0057598
0.0 151.88 11.702 247.82 0.0057273
113.67 0.0 265.57 214.8 0.0057256
1104.8 0.0 1242.0 214.08 0.0057023
739.41 209.13 806.03 242.07 0.0056771
1207.6 94.078 1242.0 132.67 0.0056633
0.0 57.76 130.34 281.61 0.0056455
1100.3 175.97 1242.0 252.44 0.0056288
827.37 240.74 953.69 375.0 0.0056236
0.0 358.25 6.3035 375.0 0.0056154
1220.2 154.94 1236.5 218.96 0.0055875
0.0 0.0 265.93 375.0 0.0055292
1224.2 156.54 1239.8 218.0 0.0055188
727.23 235.42 853.1 375.0 0.0055152
1183.8 146.91 1242.0 181.22 0.0054983
1202.7 205.37 1232.7 318.82 0.0054911
714.49 145.06 962.09 341.28 0.0054842
686.03 180.56 761.28 221.26 0.0054384
1150.3 71.882 1242.0 156.23 0.0054127
556.58 70.445 818.56 375.0 0.0053668
0.0 112.64 50.013 221.16 0.0053244
1232.1 144.53 1242.0 196.2 0.0053063
1094.8 149.09 1170.9 359.11 0.0052916
690.84 194.93 764.09 238.75 0.0052901
742.92 151.92 776.81 275.73 0.0052868
0.0 364.82 85.539 375.0 0.0052846
278.41 253.38 402.98 375.0 0.0052549
29.635 292.03 96.272 375.0 0.0052533
845.37 117.41 1208.4 282.06 0.0052118
243.55 284.94 559.46 375.0 0.0051518
0.0 226.38 15.81 276.68 0.0051407
1104.8 277.17 1242.0 362.43 0.0051215
119.35 0.0 520.22 91.934 0.0051032
772.26 172.38 813.69 289.5 0.0050771
241.65 0.0 392.11 212.38 0.0050771
1237.2 0.0 1242.0 17.868 0.0050754
796.42 159.56 819.87 248.3 0.0050654
767.94 185.39 836.9 235.15 0.0050386
99.173 0.0 919.09 186.82 0.0050293
0.0 329.44 112.02 375.0 0.0050116
0.0 0.0 133.41 212.65 0.0049929
1185.7 163.53 1236.1 222.01 0.004965
1194.3 150.51 1224.0 249.78 0.0049635
808.46 154.81 851.76 279.0 0.0049583
755.59 75.351 1014.7 375.0 0.0049447
740.37 177.21 817.59 209.31 0.0049366
591.79 283.7 914.17 375.0 0.004931
1083.3 214.95 1240.8 349.23 0.0049285
770.05 165.85 784.47 228.82 0.0049145
1228.0 156.12 1242.0 215.37 0.0049023
1217.5 312.93 1242.0 370.51 0.0048662
923.45 129.12 1195.1 337.07 0.0048373
719.5 116.35 779.72 283.81 0.0047953
272.76 0.0 424.03 216.57 0.0047938
0.0 218.28 16.951 269.16 0.0047482
709.62 229.2 826.48 286.31 0.0046963
1201.3 114.78 1242.0 161.48 0.0046957
605.85 88.869 951.25 252.21 0.0046899
146.01 0.0 296.68 210.18 0.0046783
775.15 186.86 873.04 233.28 0.0046682
1153.0 363.68 1242.0 375.0 0.0046661
0.0 160.02 493.88 375.0 0.0046404
224.38 0.0 519.91 375.0 0.0046278
1216.5 154.93 1232.8 219.06 0.0046242
415.91 0.0 713.33 375.0 0.0046198
1104.9 295.59 1167.2 375.0 0.0046141
525.99 0.0 679.47 224.13 0.0046078
1165.6 226.91 1230.1 375.0 0.0045846
54.165 60.249 318.89 375.0 0.0045761
406.15 0.0 810.95 92.227 0.0045753
289.4 0.0 581.63 375.0 0.0045451
654.0 155.78 782.91 258.52 0.0045428
694.63 234.8 820.71 375.0 0.0045393
346.55 0.0 646.19 375.0 0.0045157
1194.3 136.2 1222.3 231.94 0.0045087
157.01 0.0 455.72 375.0 0.004472
304.67 0.0 454.33 222.47 0.0044714
739.87 220.95 851.06 296.27 0.0044643
732.21 179.79 775.75 196.61 0.0044589
733.06 231.12 890.8 304.67 0.0044577
0.0 95.814 35.606 133.42 0.0044563
96.811 0.0 391.8 375.0 0.0044462
0.0 80.594 67.692 158.73 0.0044422
1232.5 163.72 1242.0 223.62 0.0044101
338.85 0.0 486.29 220.6 0.0044063
1181.0 192.59 1234.4 254.98 0.0044032
923.12 47.569 1057.4 375.0 0.0043726
209.92 0.0 360.37 213.82 0.0043314
671.8 0.0 966.11 375.0 0.0043265
1062.0 188.75 1242.0 268.84 0.0042917
1138.2 0.0 1242.0 335.31 0.0042838
1132.8 134.96 1202.8 338.01 0.0042739
0.0 370.94 19.951 375.0 0.0042676
757.86 151.86 779.24 240.4 0.0042675
370.23 0.0 520.47 218.72 0.0042536
219.25 0.0 622.01 90.639 0.00424
558.15 0.0 711.78 228.71 0.0042345
0.0 176.52 34.823 212.87 0.0042155
1206.9 86.366 1242.0 124.7 0.0041898
495.4 0.0 648.73 219.85 0.0041808
711.62 152.52 741.31 246.88 0.0041807
1167.4 206.5 1242.0 244.61 0.0041674
756.6 183.78 771.7 247.64 0.0041436
0.0 249.06 21.813 344.57 0.0041298
1210.5 230.77 1236.9 340.47 0.0041148
981.27 334.39 1192.7 375.0 0.0041059
310.2 255.52 433.51 375.0 0.0041055
820.54 164.12 854.54 268.92 0.0041043
794.06 178.06 809.89 251.75 0.0040865
703.05 188.64 811.74 249.31 0.0040745
178.65 0.0 329.04 214.47 0.0040488
690.09 152.97 814.42 248.06 0.0040303
0.0 88.794 34.008 126.91 0.0040051
312.13 287.47 621.22 375.0 0.0040002
475.43 0.0 770.64 375.0 0.0039864
1170.4 362.96 1227.7 375.0 0.0039712
1226.7 55.55 1242.0 143.53 0.0039611
43.987 292.66 110.73 375.0 0.0039611
400.25 0.0 553.06 217.13 0.0039609
757.55 218.56 915.41 295.19 0.0039558
1131.8 126.79 1242.0 206.24 0.0039447
1237.4 266.54 1242.0 321.42 0.0039342
1185.6 345.92 1214.8 375.0 0.0039222
375.66 117.34 579.03 199.6 0.0039178
745.98 142.76 772.25 256.96 0.0039177
720.12 20.486 859.38 365.69 0.0038904
706.78 162.73 767.38 371.71 0.0038879
312.97 0.0 711.42 89.182 0.0038875
590.81 0.0 741.18 223.7 0.0038777
0.0 53.192 11.652 153.57 0.0038692
710.93 182.2 806.76 237.76 0.0038684
800.32 293.71 1067.6 375.0 0.0038362
633.93 158.48 806.88 231.29 0.0038194
1184.2 139.0 1242.0 172.89 0.0038192
1088.5 294.11 1150.3 375.0 0.0037918
1228.8 180.74 1242.0 202.08 0.0037895
662.6 239.55 788.62 375.0 0.0037871
822.57 69.323 1089.3 375.0 0.0037859
431.37 0.0 586.38 218.35 0.0037807
750.22 176.23 838.31 209.01 0.0037775
743.65 188.11 809.69 214.74 0.0037477
1037.1 242.31 1242.0 331.46 0.0037414
415.24 0.0 1242.0 179.03 0.0037259
558.15 105.78 1127.8 375.0 0.0037216
759.45 176.26 775.44 242.25 0.0037034
869.43 182.62 913.66 201.97 0.0036797
1220.0 144.35 1235.9 206.4 0.0036789
762.48 206.26 830.23 237.42 0.0036787
703.58 116.45 764.1 284.79 0.0036759
1078.7 141.96 1154.0 353.97 0.0036748
865.87 175.64 912.26 194.72 0.0036734
32.154 347.86 61.144 375.0 0.0036727
462.7 0.0 617.64 222.9 0.0036657
1071.8 325.16 1214.7 375.0 0.0036397
673.94 130.42 735.81 318.28 0.003635
1193.9 130.03 1242.0 179.65 0.0036345
774.62 165.84 788.68 230.11 0.0036229
612.72 170.88 662.69 189.42 0.003615
697.42 165.61 724.91 244.59 0.0035851
696.59 185.0 780.24 235.23 0.00357
1024.8 226.46 1237.2 316.29 0.0035494
1228.0 145.36 1242.0 202.19 0.003548
1118.4 247.64 1242.0 368.95 0.0035411
1237.5 279.6 1242.0 334.0 0.0035379
715.84 182.05 798.88 222.63 0.0035354
1216.5 144.18 1232.6 206.09 0.0035215
623.12 170.42 797.08 249.79 0.0035077
785.52 174.06 829.35 292.55 0.003504
0.0 265.21 7.5239 318.8 0.0035014
749.15 0.0 900.36 222.72 0.0034978
414.24 124.56 474.65 146.96 0.0034908
613.51 166.86 663.18 185.86 0.003485
790.48 177.45 805.6 249.7 0.0034661
746.46 191.37 813.03 219.17 0.003459
0.0 231.73 222.89 375.0 0.0034358
716.27 172.0 754.64 290.2 0.0034291
768.49 172.85 784.93 242.02 0.0034269
344.77 255.8 467.02 375.0 0.0034079
688.14 201.34 770.84 246.88 0.0034071
1217.7 326.96 1242.0 375.0 0.0033998
0.0 66.655 61.104 143.28 0.0033921
6.9744 334.14 216.55 375.0 0.0033884
0.0 81.906 48.604 189.53 0.0033857
680.21 174.94 763.3 212.81 0.0033849
697.08 174.83 725.25 264.33 0.0033833
1151.0 108.95 1218.6 311.87 0.0033749
368.86 99.989 580.01 184.69 0.0033716
1224.0 146.29 1239.6 205.15 0.0033643
673.32 188.39 750.32 229.23 0.0033549
0.0 265.91 21.023 360.78 0.0033134
330.65 77.079 717.13 250.32 0.0033133
1220.4 157.81 1238.0 236.81 0.003285
762.51 198.53 828.35 227.85 0.0032637
1146.8 55.293 1242.0 139.75 0.003255
623.47 0.0 770.35 224.12 0.0032547
0.0 159.71 43.88 343.59 0.0032391
713.46 219.07 815.65 280.54 0.0032342
1187.3 161.38 1216.3 264.94 0.0032018
0.0 115.05 311.91 279.55 0.0031919
631.63 250.42 758.12 375.0 0.0031895
1183.9 130.98 1242.0 165.53 0.0031873
805.84 174.55 861.03 348.95 0.0031675
0.0 357.74 50.592 375.0 0.0031657
978.18 208.53 1201.5 299.46 0.0031656
0.0 0.0 35.389 19.157 0.0031638
0.0 0.67031 23.494 199.14 0.0031591
1213.7 86.455 1242.0 139.88 0.0031442
1071.7 293.36 1134.9 375.0 0.0031398
613.61 162.52 663.35 181.91 0.0031389
613.98 158.32 663.25 178.21 0.0031199
1208.1 78.221 1242.0 116.25 0.0031071
797.67 176.99 813.37 252.24 0.0030943
693.0 191.29 780.93 245.43 0.0030868
54.583 24.207 194.74 375.0 0.0030848
770.35 181.04 784.95 252.45 0.0030711
1088.4 189.03 1239.4 312.84 0.0030704
1235.2 172.4 1242.0 206.23 0.0030685
320.76 46.724 704.91 219.52 0.0030523
708.19 193.32 823.36 259.06 0.0030415
377.71 263.43 498.02 375.0 0.0030358
1229.4 118.08 1242.0 138.81 0.0030338
868.79 177.3 1218.1 340.73 0.0030319
1109.1 295.44 1242.0 373.73 0.0030201
786.29 175.18 801.73 238.92 0.0030191
762.06 165.68 776.16 226.52 0.0030156
0.0 140.52 95.437 375.0 0.0030127
804.26 160.84 827.11 247.62 0.0030118
739.54 173.03 781.06 293.7 0.0030079
784.59 193.58 882.97 241.68 0.0029984
1155.3 115.4 1242.0 228.17 0.0029798
1215.1 263.83 1241.9 361.1 0.0029703
718.02 153.82 749.93 255.1 0.0029614
490.88 0.0 899.72 90.431 0.002945
782.57 0.0 930.18 215.97 0.0029349
768.11 223.89 868.33 279.44 0.0029157
1055.4 292.01 1119.1 375.0 0.0029117
0.0 103.13 35.25 142.02 0.0029102
722.37 171.08 765.82 292.75 0.0029063
1066.3 198.53 1227.4 328.67 0.0029062
669.78 204.65 817.86 317.05 0.0028981
597.96 255.79 726.54 375.0 0.0028928
0.0 0.0 12.228 45.823 0.0028876
655.58 0.0 801.06 226.78 0.0028646
406.8 0.0 552.25 369.11 0.0028623
891.34 23.253 1028.2 375.0 0.0028592
509.16 285.08 830.48 375.0 0.0028591
438.93 0.0 581.14 370.49 0.0028588
621.11 0.0 1034.1 93.297 0.0028566
0.0 80.93 35.486 119.19 0.0028289
601.1 26.235 737.61 375.0 0.0028248
812.71 0.0 960.5 211.81 0.0028153
7.7001 334.55 35.87 375.0 0.0028113
1233.3 179.8 1242.0 245.6 0.0028109
843.62 0.0 997.49 218.56 0.0028105
731.52 173.91 774.5 295.45 0.0028091
662.7 0.0 1242.0 182.19 0.0028046
6.8352 363.72 60.359 375.0 0.0028008
409.8 267.63 531.04 375.0 0.0027897
718.05 0.0 868.4 233.88 0.0027881
1217.0 157.11 1234.6 238.87 0.002774
685.82 0.0 834.93 228.53 0.0027503
1171.7 187.69 1231.6 249.57 0.0027487
0.0 196.05 97.175 268.02 0.0027434
810.53 113.52 870.04 284.59 0.0027432
1169.1 93.124 1231.1 290.84 0.0027352
778.64 163.01 793.0 231.62 0.0027318
25.559 22.908 166.63 375.0 0.0027258
729.08 101.8 992.97 310.87 0.0027203
1060.4 257.91 1242.0 345.77 0.002712
857.06 175.38 904.32 194.48 0.0027108
610.72 174.79 660.78 193.63 0.0026971
0.0 173.98 20.232 270.66 0.0026821
735.9 143.71 766.8 262.76 0.0026596
723.9 177.91 802.8 210.64 0.0026541
60.697 289.75 128.42 375.0 0.0026388
1028.0 3.3862 1242.0 190.87 0.0026346
75.747 287.42 144.27 375.0 0.0026283
695.02 205.32 783.57 261.02 0.0026141
659.77 85.819 1012.8 255.94 0.0026114
697.4 179.86 776.68 222.29 0.0026101
689.88 175.76 748.09 222.76 0.0026081
624.04 159.07 669.87 177.43 0.0026009
8.0065 363.97 104.62 375.0 0.0025959
1049.3 128.69 1121.2 334.75 0.0025939
729.17 113.58 1089.1 278.56 0.0025747
0.0 167.78 34.462 204.85 0.0025642
1065.4 125.54 1137.4 336.58 0.0025611
182.49 105.26 437.95 375.0 0.0025584
751.05 0.8503 896.24 375.0 0.0025461
564.39 259.51 694.26 375.0 0.0025177
1177.5 175.9 1208.6 277.65 0.0025156
1163.1 213.32 1242.0 253.33 0.0025121
935.76 113.99 1242.0 284.02 0.0025066
1184.7 138.5 1234.2 186.98 0.002504
2.6187 242.31 29.126 336.22 0.0025013
747.33 206.71 810.62 238.23 0.0024868
7.1285 186.8 663.78 375.0 0.0024773
414.3 128.48 473.29 150.54 0.002459
660.91 8.2021 799.34 368.54 0.002442
704.36 188.01 734.8 290.56 0.0024303
0.0 0.0 275.85 117.8 0.0024244
0.0 88.484 16.403 139.38 0.0024212
0.0 117.35 11.264 214.32 0.0024166
1227.6 0.0 1242.0 8.6901 0.0024073
39.824 346.9 68.453 375.0 0.002401
780.26 172.24 943.1 246.46 0.0023797
0.0 280.66 22.924 302.93 0.0023728
780.81 212.12 841.82 249.83 0.0023658
0.0 227.06 21.614 322.88 0.0023635
1110.7 17.647 1242.0 375.0 0.002362
822.22 13.429 960.06 375.0 0.0023586
0.0 147.73 296.11 312.71 0.0023449
1232.5 115.22 1242.0 162.02 0.0023435
377.27 289.99 685.59 375.0 0.0023339
858.19 18.254 994.59 375.0 0.0023335
722.65 0.0 1123.7 91.092 0.0023273
0.0 136.25 11.514 230.23 0.0023231
0.0 38.147 9.6051 136.49 0.0023134
0.0 171.4 17.229 220.69 0.0022864
1228.4 184.31 1242.0 206.03 0.0022728
623.93 163.17 669.79 181.29 0.0022722
622.9 167.07 669.84 185.26 0.0022659
732.19 182.3 779.26 204.14 0.0022564
1216.3 134.41 1232.0 193.28 0.0022454
861.21 181.37 908.56 202.62 0.0022399
752.37 185.2 814.97 210.4 0.0022331
782.97 162.14 797.29 231.79 0.0022279
876.81 0.0 1026.8 226.57 0.0022277
0.0 91.398 11.774 193.15 0.002226
773.25 173.33 789.21 242.02 0.0022121
875.69 0.0 1242.0 86.227 0.0021996
907.36 0.0 1054.0 217.22 0.0021995
1237.9 293.19 1242.0 344.68 0.002182
762.15 211.48 863.86 285.99 0.0021738
942.17 0.0 1088.5 223.58 0.0021721
0.0 151.34 34.485 189.61 0.002171
534.71 265.81 661.86 375.0 0.00217
1038.6 291.07 1103.6 375.0 0.0021547
0.0 143.38 33.968 182.12 0.0021514
0.0 135.55 35.994 174.15 0.0021489
781.9 174.6 797.28 243.36 0.0021418
0.0 159.35 34.949 197.33 0.0021302
622.22 171.42 670.19 189.57 0.0021281
726.71 148.91 758.17 255.38 0.0021234
774.5 235.52 866.31 285.85 0.0021092
400.7 135.33 592.54 216.35 0.0021052
0.0 0.0 50.153 104.91 0.0020965
86.137 19.139 220.47 375.0 0.0020929
444.58 288.47 757.49 375.0 0.0020893
975.34 0.0 1121.4 218.6 0.002087
1146.7 38.927 1242.0 125.41 0.0020863
1093.9 161.85 1242.0 236.76 0.0020847
782.11 205.59 843.51 243.87 0.0020837
441.03 271.12 563.32 375.0 0.0020835
695.95 195.3 796.05 255.87 0.002082
0.0 0.0 426.07 223.34 0.0020788
420.93 120.56 481.33 142.94 0.0020779
1177.5 346.51 1205.7 375.0 0.0020675
1012.4 184.56 1232.5 267.47 0.0020597
0.64727 204.67 59.41 375.0 0.0020517
612.6 178.59 660.5 197.72 0.0020494
0.0 284.7 22.91 306.79 0.0020456
1.6994 262.99 28.335 358.14 0.0020415
0.0 370.96 8.167 375.0 0.0020371
0.0 127.5 36.413 166.4 0.0020296
1191.6 201.39 1239.5 262.06 0.0020177
91.165 285.92 160.92 375.0 0.0020174
767.85 158.82 943.63 233.43 0.0020075
1010.1 0.0 1155.9 217.92 0.0020048
421.39 116.45 623.09 200.37 0.0020027
470.33 0.0 612.0 372.44 0.0020017
741.4 196.63 805.12 222.8 0.0019991
0.0 253.09 6.9397 305.94 0.0019938
1216.5 172.31 1234.1 252.87 0.0019889
1224.7 161.99 1241.0 237.33 0.0019859
733.07 147.45 772.52 281.2 0.0019821
0.0 72.517 31.071 110.85 0.0019812
848.52 174.47 896.91 194.03 0.001973
49.105 0.0 338.32 118.83 0.0019708
0.0 255.09 107.68 326.89 0.0019664
0.0 111.03 35.719 150.2 0.0019555
1220.2 135.37 1235.7 193.59 0.0019553
1232.9 122.79 1242.0 169.31 0.0019531
752.1 195.06 820.98 225.28 0.0019236
670.68 100.29 733.53 286.52 0.001919
360.52 83.5 587.18 170.03 0.0019114
1232.5 135.12 1242.0 183.83 0.0019108
646.6 101.77 931.62 296.8 0.0018961
786.13 182.19 871.07 220.79 0.0018943
778.01 175.39 793.3 244.74 0.0018836
1045.8 0.0 1187.8 213.46 0.0018834
1035.0 326.6 1183.6 375.0 0.0018791
503.99 271.21 628.36 375.0 0.0018782
0.0 180.75 98.145 253.38 0.0018762
681.01 182.69 740.12 232.26 0.0018704
1185.3 123.94 1242.0 158.12 0.0018685
755.2 187.86 823.32 214.9 0.0018533
811.55 165.16 834.56 245.24 0.0018523
722.84 150.37 761.84 275.71 0.0018459
472.02 272.51 595.32 375.0 0.0018442
930.81 335.63 1144.2 375.0 0.0018438
887.44 107.17 1156.3 317.64 0.0018401
743.27 212.8 811.0 248.18 0.0018345
700.42 216.19 785.7 273.98 0.0018284
0.0 119.33 36.792 159.23 0.0018225
869.08 180.82 902.57 202.09 0.0018123
333.94 0.0 528.35 39.577 0.0018103
1224.6 113.98 1239.3 166.92 0.001809
634.75 208.27 954.21 356.7 0.0018029
827.04 119.44 888.13 292.65 0.0017938
1228.5 162.63 1242.0 233.38 0.0017937
0.0 349.19 48.336 375.0 0.0017909
1234.9 113.95 1242.0 142.35 0.0017871
0.0 87.936 286.62 253.01 0.0017868
0.0 49.415 61.054 126.16 0.0017857
756.26 201.54 822.8 233.38 0.0017826
372.87 0.0 519.33 375.0 0.001775
1086.9 310.96 1242.0 375.0 0.0017708
632.1 159.46 677.21 177.21 0.0017703
712.95 189.05 743.77 300.14 0.001766
1203.9 234.2 1242.0 287.81 0.0017552
1215.8 200.76 1233.5 279.0 0.0017457
852.5 179.09 900.99 198.7 0.0017312
0.0 52.802 42.956 155.97 0.0017284
0.0 0.0 19.496 9.1753 0.0017264
676.95 168.74 760.88 205.19 0.0017194
747.49 152.71 767.45 238.25 0.0017178
1228.8 188.43 1242.0 209.93 0.0017174
749.09 212.73 883.56 311.79 0.0017171
1220.9 111.38 1236.4 167.82 0.0017138
0.0 240.08 115.6 311.53 0.0017126
1224.2 137.02 1239.1 192.66 0.0017078
49.232 335.3 266.47 375.0 0.0017042
0.0 306.12 17.197 375.0 0.0017037
1205.0 105.22 1230.0 199.05 0.0017002
0.0 276.03 7.1985 329.83 0.0016992
706.65 141.28 889.88 214.63 0.0016932
1228.1 135.77 1242.0 190.29 0.0016828
1022.8 291.74 1086.3 375.0 0.001678
177.27 0.0 468.28 119.4 0.0016748
1114.3 127.42 1185.1 338.19 0.0016747
791.36 181.94 842.52 201.5 0.0016738
1220.3 173.87 1237.6 251.23 0.0016721
1203.0 243.62 1242.0 297.02 0.0016716
107.41 287.33 176.48 375.0 0.0016688
1204.5 209.46 1242.0 268.83 0.0016684
1193.5 208.7 1224.5 315.92 0.0016663
251.05 43.825 647.67 223.75 0.0016609
443.36 59.091 512.3 262.3 0.00166
534.48 0.0 736.52 41.534 0.0016592
1236.9 360.73 1242.0 375.0 0.0016583
1213.3 71.38 1242.0 122.26 0.0016561
801.79 181.87 845.45 295.28 0.0016536
1208.8 70.749 1242.0 107.93 0.0016483
61.446 0.0 252.79 41.292 0.0016478
0.0 274.47 53.593 308.66 0.0016468
779.46 184.73 821.72 298.68 0.0016363
0.0 273.44 22.407 294.87 0.0016339
825.96 158.78 851.97 253.93 0.0016174
422.99 123.59 484.65 146.66 0.0016092
1219.3 200.63 1236.6 276.96 0.0016036
1226.3 38.816 1242.0 129.47 0.001603
744.44 200.5 806.55 227.27 0.0015994
783.35 188.71 933.95 262.92 0.0015982
444.4 135.09 639.51 215.64 0.001597
1212.8 154.83 1228.0 218.22 0.0015964
1238.2 82.061 1242.0 127.37 0.0015949
0.0 236.96 6.92 289.41 0.0015937
0.0 64.468 30.611 102.47 0.0015808
770.65 177.35 858.32 209.87 0.0015778
1212.7 140.87 1227.9 200.02 0.0015762
397.86 115.15 507.74 155.19 0.0015746
1204.4 0.0 1242.0 182.54 0.0015735
756.71 192.55 826.16 220.52 0.0015732
635.18 167.4 770.67 276.48 0.0015732
0.0 123.37 40.199 309.07 0.0015732
1237.9 98.573 1242.0 144.33 0.0015729
438.4 120.13 495.97 142.65 0.0015695
94.165 0.0 679.61 225.9 0.0015667
1035.1 132.01 1104.4 339.6 0.0015658
1016.9 176.22 1194.0 312.67 0.0015657
0.0 288.87 22.802 310.78 0.0015595
279.5 0.0 482.9 42.181 0.0015595
1229.1 192.24 1242.0 213.71 0.0015533
613.22 182.44 658.84 202.25 0.0015525
764.43 201.5 898.53 304.1 0.0015517
731.0 180.03 793.25 227.65 0.0015439
666.04 157.8 758.45 197.7 0.0015439
0.0 270.05 109.39 343.05 0.001539
1147.7 190.97 1242.0 231.21 0.0015384
691.19 177.5 772.62 214.87 0.0015379
278.15 0.0 870.9 243.22 0.0015369
1209.5 254.49 1236.2 360.14 0.0015356
613.43 154.76 664.5 174.69 0.0015337
0.0 35.086 96.623 375.0 0.0015298
535.96 87.533 897.18 254.12 0.0015255
1165.6 223.92 1242.0 260.44 0.0015228
1238.2 300.91 1242.0 352.24 0.001517
0.0 282.4 54.213 316.87 0.0015169
809.07 82.631 1201.3 253.75 0.0015121
