517.24 182.59 599.32 235.08 0.99998
781.0 179.97 1158.5 368.37 0.99988
690.69 177.4 718.61 201.64 0.99988
799.12 166.06 1085.1 375.0 0.99961
760.94 190.41 905.27 295.7 0.99944
865.48 167.89 1169.8 375.0 0.99943
697.99 175.46 720.39 197.84 0.99927
686.55 174.68 720.36 199.95 0.99837
539.77 181.41 600.88 231.65 0.99766
782.25 199.43 907.02 286.7 0.995
765.87 185.0 921.34 277.78 0.99408
966.94 176.27 1195.9 375.0 0.9936
688.86 176.29 711.96 198.68 0.99347
677.61 139.76 1242.0 375.0 0.99305
693.59 16.336 1242.0 375.0 0.99305
527.93 181.39 593.29 221.26 0.99233
769.29 195.02 949.94 285.03 0.99151
786.0 192.06 935.62 302.78 0.99015
916.38 201.03 1177.9 364.03 0.98991
702.06 175.76 722.87 196.2 0.98786
764.1 171.31 1004.1 375.0 0.98629
692.41 175.58 717.44 197.52 0.98235
687.71 182.5 717.15 201.09 0.96979
691.98 173.25 721.29 194.82 0.96937
684.75 178.9 716.49 198.97 0.96329
760.96 182.43 879.54 282.02 0.9629
694.59 176.31 724.62 196.39 0.94771
679.11 175.38 715.93 197.35 0.94453
756.82 160.68 1029.2 327.02 0.93982
938.71 166.75 1230.0 334.04 0.93033
784.53 199.01 994.89 307.71 0.9135
777.96 205.38 898.67 282.81 0.9042
941.28 206.56 1168.6 334.87 0.89501
770.88 217.46 910.98 303.75 0.87438
515.2 183.61 584.21 223.48 0.87068
979.8 188.62 1172.5 368.62 0.86616
747.67 165.85 958.27 350.47 0.86311
521.11 180.58 584.25 215.45 0.85434
967.06 194.66 1183.1 320.64 0.83354
734.54 217.2 1042.8 375.0 0.83227
857.02 230.11 1132.9 375.0 0.82339
802.25 246.57 1169.4 375.0 0.81459
686.85 177.15 703.69 197.43 0.80331
685.25 175.55 705.83 195.52 0.7875
1093.0 161.68 1229.4 292.38 0.75907
909.5 199.27 1151.2 316.88 0.75781
704.96 176.81 716.4 201.16 0.75419
509.84 193.55 587.01 235.5 0.73511
871.29 253.81 1226.7 375.0 0.73263
704.89 172.81 717.53 197.7 0.73218
696.02 175.03 718.15 192.39 0.73209
925.71 199.94 1147.2 370.29 0.72694
701.73 176.75 715.63 203.71 0.72644
530.31 179.66 581.17 210.82 0.72604
705.88 175.08 723.64 193.36 0.71712
690.19 172.65 702.65 201.34 0.71665
695.07 183.18 720.28 201.06 0.71542
735.06 195.96 805.73 247.36 0.71029
1135.1 137.45 1223.7 320.77 0.70674
782.99 184.95 960.62 270.89 0.70649
700.19 171.3 715.28 200.83 0.69544
976.33 146.59 1116.9 375.0 0.6944
1066.6 178.95 1228.1 270.23 0.67786
697.31 175.8 713.13 203.76 0.67416
1014.7 143.76 1143.2 375.0 0.67074
708.98 175.91 718.01 200.41 0.66821
697.43 180.11 723.84 198.59 0.66748
688.9 173.41 697.92 199.1 0.65907
947.21 154.67 1089.4 375.0 0.65764
708.74 172.73 719.26 197.92 0.65475
534.05 181.48 589.15 215.57 0.64948
1153.3 133.29 1238.8 327.1 0.64621
693.18 176.43 708.42 202.85 0.64308
745.12 172.49 924.8 267.96 0.64128
555.7 171.45 590.31 235.35 0.63731
694.89 171.19 712.12 203.14 0.63317
499.39 175.72 611.86 238.58 0.623
795.15 209.58 1012.4 330.07 0.62034
914.26 162.26 1056.1 375.0 0.61958
731.44 115.14 1070.3 291.72 0.61654
738.71 107.75 1007.8 319.05 0.61088
526.23 180.79 573.53 208.16 0.60854
1016.7 157.47 1150.1 375.0 0.6018
829.35 129.54 1103.8 334.2 0.60106
796.23 164.57 942.76 375.0 0.60033
828.83 172.62 980.51 375.0 0.60004
769.52 204.84 880.6 288.97 0.59567
0.0 197.52 24.389 301.57 0.59424
723.93 174.66 843.81 270.02 0.59344
730.92 186.3 864.98 265.39 0.58964
862.01 171.94 1007.9 375.0 0.58959
540.25 185.41 595.99 226.63 0.58905
544.12 174.55 579.24 233.05 0.58879
791.23 198.48 969.36 342.49 0.58614
888.41 136.24 1026.1 375.0 0.57345
1124.7 152.14 1212.7 341.78 0.56355
816.86 0.0 1129.8 375.0 0.56276
0.0 184.72 32.006 284.94 0.5612
797.9 117.61 1133.8 300.44 0.55898
680.83 173.8 712.57 193.79 0.55835
705.81 179.31 716.11 205.52 0.5561
805.52 175.66 951.52 293.15 0.55527
916.16 0.0 1216.3 375.0 0.54857
548.38 178.23 584.6 235.05 0.54011
530.06 175.08 565.97 240.48 0.5385
1045.7 151.55 1180.6 375.0 0.5356
888.15 141.8 1140.9 332.13 0.5341
629.93 98.364 1144.2 375.0 0.53318
1107.9 143.72 1196.0 315.68 0.52833
690.9 170.92 721.17 189.24 0.52498
532.9 177.8 577.21 202.62 0.52291
1115.7 176.42 1237.0 302.34 0.51298
535.95 177.34 571.64 236.98 0.50974
0.0 187.15 18.308 291.43 0.50107
954.39 229.42 1242.0 375.0 0.49091
0.0 205.11 16.844 308.84 0.48891
862.85 131.51 1195.0 298.7 0.48667
696.55 165.7 711.35 196.4 0.4842
693.84 168.58 706.65 197.71 0.48293
690.41 175.28 703.62 208.33 0.48134
0.0 173.31 25.577 277.77 0.47388
701.79 167.35 714.61 195.46 0.47095
1163.7 165.58 1238.0 350.05 0.4648
771.58 160.19 911.2 285.59 0.46013
1175.9 146.07 1242.0 336.76 0.45674
922.09 186.97 1118.8 277.52 0.45195
690.52 187.02 717.58 204.51 0.44653
807.64 177.52 886.72 315.05 0.44568
1085.7 154.35 1212.3 272.12 0.44501
790.28 73.955 944.64 375.0 0.43745
537.42 179.82 571.96 203.95 0.43584
0.25939 164.0 31.616 261.94 0.4344
805.45 159.97 882.16 293.12 0.42682
882.87 188.59 1121.1 298.51 0.42548
728.03 170.82 879.11 256.32 0.42317
1196.4 153.84 1242.0 330.84 0.42009
774.75 129.44 904.85 375.0 0.41915
882.25 95.718 1242.0 375.0 0.41896
789.22 169.54 858.64 286.92 0.40537
820.66 163.28 897.68 313.5 0.40397
780.92 198.28 896.69 264.23 0.40168
1071.9 192.49 1242.0 282.17 0.39792
0.0 153.79 16.948 260.47 0.39174
739.84 161.52 862.28 268.26 0.39148
0.0 221.24 22.231 324.56 0.38979
776.16 168.49 939.94 256.84 0.38491
774.12 66.155 1052.9 375.0 0.38194
524.76 173.31 555.52 239.58 0.38164
681.92 173.17 699.54 192.73 0.38082
0.0 225.24 16.117 328.66 0.37786
799.87 177.64 868.11 302.07 0.37709
854.44 82.274 1004.9 375.0 0.37531
1145.9 171.38 1222.2 351.75 0.3735
744.48 245.33 997.52 375.0 0.3703
696.65 253.12 1052.4 375.0 0.36924
541.29 178.61 583.12 203.58 0.36074
1039.6 148.5 1175.3 375.0 0.35825
1227.5 216.81 1242.0 313.52 0.35138
1007.9 194.29 1161.8 375.0 0.3447
1215.8 227.34 1242.0 331.08 0.34361
685.18 174.37 694.42 201.43 0.34282
690.78 174.55 712.18 192.24 0.34055
0.0 213.96 29.313 312.93 0.33766
564.56 166.94 592.03 233.03 0.33763
682.24 168.71 723.96 202.56 0.33702
699.84 176.38 727.57 194.6 0.33661
810.51 193.77 1050.1 316.09 0.33633
543.93 181.17 577.5 205.63 0.33549
687.05 172.07 696.82 199.38 0.33373
6.1838 189.31 38.238 284.58 0.33158
545.18 180.7 592.81 217.8 0.32804
1184.5 169.1 1242.0 357.74 0.32804
697.88 181.29 711.27 214.08 0.32397
534.37 180.26 566.16 201.83 0.3225
0.0 148.45 24.773 252.48 0.32226
987.08 5.7615 1242.0 375.0 0.32179
541.85 178.78 569.16 197.73 0.31506
701.54 181.97 714.39 213.45 0.31014
919.38 76.997 1056.7 375.0 0.30808
691.67 119.99 997.2 289.63 0.30478
547.46 186.29 603.69 221.41 0.29963
572.78 176.91 593.42 227.68 0.29812
996.59 183.06 1242.0 350.02 0.29722
0.0 211.48 21.803 269.23 0.29329
7.1814 173.85 39.929 266.03 0.28996
734.51 201.92 817.5 253.53 0.28546
702.09 182.09 720.87 199.2 0.28516
958.05 272.8 1242.0 375.0 0.27422
1180.0 168.25 1242.0 287.29 0.27233
1083.3 171.56 1242.0 260.72 0.27187
758.18 65.835 910.58 375.0 0.26377
1201.5 194.68 1242.0 372.08 0.26263
762.72 146.02 838.48 281.0 0.26114
766.32 179.62 869.67 232.19 0.25897
0.0 258.34 16.468 367.45 0.25744
525.55 181.64 579.85 218.51 0.25615
0.0 203.24 36.169 257.77 0.25395
949.13 225.33 1156.0 359.74 0.25283
687.74 185.97 709.51 202.74 0.24822
1226.5 235.3 1242.0 330.12 0.24535
736.36 198.03 868.69 278.18 0.24392
989.35 192.75 1205.2 295.82 0.24034
1191.7 106.97 1242.0 298.66 0.24026
0.0 93.82 14.902 194.67 0.23697
712.9 173.91 721.9 198.4 0.23492
728.96 184.85 802.81 232.63 0.23474
565.0 171.9 586.45 231.37 0.23275
682.41 176.91 699.63 197.01 0.23079
778.13 176.56 864.08 219.86 0.23026
0.0 211.12 33.501 266.1 0.22916
771.67 189.37 881.33 246.59 0.22826
0.0 100.4 31.189 281.82 0.22751
1035.8 135.71 1132.5 342.97 0.22575
1121.8 149.86 1242.0 286.16 0.22481
834.63 155.29 915.19 326.26 0.22371
1082.6 132.2 1179.8 337.61 0.22322
0.0 198.28 20.623 254.63 0.22225
7.4297 156.97 39.048 250.25 0.22186
0.0 129.56 29.556 309.87 0.22141
0.0 139.41 15.243 242.9 0.21985
1149.8 161.34 1242.0 296.44 0.21756
0.0 257.11 24.351 369.44 0.21319
562.64 186.18 598.42 221.99 0.21107
505.1 187.47 578.05 229.13 0.20987
0.0 243.21 16.067 347.08 0.20865
791.43 212.49 910.2 288.12 0.20863
691.9 0.0 987.22 375.0 0.20863
551.39 179.47 576.29 198.07 0.20792
712.82 177.16 721.01 202.43 0.20764
1039.1 209.16 1185.2 375.0 0.20739
0.0 130.04 46.142 288.07 0.20679
524.03 193.2 579.9 230.19 0.20564
536.18 175.28 574.47 194.91 0.20549
529.08 184.15 586.67 225.75 0.20431
968.15 186.67 1162.3 271.46 0.20178
694.54 180.34 707.58 214.83 0.2005
1108.8 199.39 1242.0 286.31 0.19945
553.33 180.76 586.64 205.63 0.19922
0.0 167.4 26.59 347.97 0.19879
1156.6 92.919 1239.1 302.77 0.19653
1123.5 192.09 1242.0 322.21 0.19618
1153.3 181.5 1242.0 268.89 0.1938
1184.3 200.72 1242.0 317.78 0.19325
715.6 146.02 953.37 295.23 0.19005
996.8 156.35 1114.6 375.0 0.1884
577.18 177.5 595.73 228.11 0.1876
0.0 239.36 28.63 336.14 0.18347
0.0 228.28 20.525 285.7 0.1829
522.63 186.29 576.54 224.22 0.18224
0.0 108.9 15.488 213.76 0.18196
559.99 167.98 578.2 225.29 0.18194
0.0 273.79 35.225 375.0 0.18101
568.89 172.44 590.03 229.59 0.1809
538.68 169.78 568.53 227.25 0.18027
507.86 181.99 566.32 231.79 0.17908
0.94753 144.2 32.164 240.61 0.17902
1208.5 199.78 1242.0 331.91 0.17878
1058.1 171.95 1221.5 252.75 0.17815
0.0 136.21 49.758 249.88 0.17801
1155.1 198.09 1242.0 285.41 0.17635
0.0 188.4 21.439 245.5 0.17591
539.3 164.89 558.81 226.03 0.17445
553.05 167.85 570.59 223.23 0.17305
1142.4 168.82 1242.0 255.71 0.1725
0.0 220.6 39.15 261.58 0.17092
1140.3 93.914 1224.8 300.48 0.1708
555.65 178.6 581.78 197.49 0.17018
0.0 97.867 24.048 194.3 0.16495
535.42 168.13 554.75 227.06 0.16238
548.98 167.68 565.97 222.55 0.16198
713.99 174.82 730.84 191.77 0.16137
677.9 172.99 695.89 190.96 0.16101
1096.2 137.35 1197.7 359.17 0.16068
1225.7 258.64 1242.0 348.39 0.15891
0.0 172.12 20.155 229.41 0.15863
0.0 333.4 16.697 375.0 0.15839
557.01 168.3 573.61 223.46 0.1583
0.11648 194.86 45.814 247.59 0.15796
485.22 165.95 617.93 234.65 0.1578
5.9643 209.67 36.127 300.84 0.1572
543.53 164.88 562.59 227.32 0.15607
794.91 191.86 906.36 252.45 0.15337
0.0 168.17 47.543 279.69 0.153
780.33 173.33 854.35 237.88 0.15276
1010.2 172.98 1187.3 328.52 0.15102
524.95 166.8 552.12 229.47 0.15097
676.57 174.64 727.82 202.23 0.15077
1064.7 140.42 1162.3 336.76 0.15018
687.94 181.44 706.4 200.25 0.14784
2.95 98.285 30.027 188.3 0.14784
815.23 181.85 1017.3 273.15 0.14779
544.1 184.8 600.41 213.02 0.14737
553.64 170.2 566.83 211.53 0.14486
1222.9 0.0 1242.0 39.526 0.14369
684.45 173.35 705.25 191.76 0.14329
799.94 186.91 843.44 211.36 0.1424
956.77 183.19 1121.1 294.55 0.14179
0.0 318.29 50.138 375.0 0.14174
1176.1 135.01 1242.0 259.11 0.14136
0.0 207.01 43.844 367.52 0.14102
1197.5 73.845 1242.0 272.66 0.14075
540.76 181.29 597.84 215.13 0.14075
0.0 334.11 82.318 375.0 0.14071
935.05 124.84 1242.0 289.29 0.14065
547.65 178.99 593.48 202.42 0.13873
0.0 187.07 37.363 243.22 0.13706
0.0 208.86 26.696 375.0 0.13695
543.65 176.28 580.6 196.15 0.13496
0.0 206.52 39.419 246.56 0.13491
707.94 180.88 717.79 209.6 0.1349
527.17 178.92 567.62 199.43 0.13459
557.21 169.5 569.91 210.94 0.13425
1055.3 157.24 1219.5 315.93 0.13363
1226.3 174.55 1242.0 271.94 0.13226
549.89 167.59 564.08 210.18 0.13173
0.0 243.34 19.321 300.0 0.13132
0.0 228.36 38.004 269.61 0.13115
550.84 178.69 591.07 212.22 0.13106
810.84 223.87 1027.4 366.17 0.13103
886.98 178.01 1095.4 271.8 0.13076
535.65 177.61 561.78 196.49 0.1306
0.0 162.01 44.702 323.54 0.13042
561.1 168.65 574.78 212.63 0.13032
0.0 117.37 65.969 284.42 0.13032
741.95 188.68 811.17 252.24 0.12931
0.0 156.62 72.918 239.35 0.12896
567.63 168.24 584.92 225.83 0.12846
1178.8 229.29 1242.0 344.49 0.12753
564.43 167.91 580.61 222.59 0.12701
0.0 158.26 62.94 262.26 0.1265
0.0 203.02 48.671 312.22 0.12613
1141.8 150.71 1242.0 238.5 0.12602
1225.6 156.18 1242.0 253.2 0.1255
1157.8 215.02 1242.0 301.68 0.12529
1125.9 105.32 1209.8 301.11 0.12488
802.97 120.73 884.82 285.81 0.12477
821.42 125.47 900.04 290.16 0.12445
794.52 169.44 861.12 325.24 0.12395
1124.5 187.18 1242.0 274.25 0.12391
0.0 117.72 17.954 172.1 0.12378
730.77 191.09 784.34 238.19 0.12331
579.02 179.28 594.31 222.14 0.12209
0.0 71.893 15.555 171.47 0.11951
1002.9 203.66 1217.6 315.8 0.11871
972.08 203.56 1097.5 257.24 0.11865
551.88 176.18 588.38 194.33 0.1186
0.0 169.25 38.158 225.73 0.11855
682.92 171.61 692.42 198.59 0.11667
788.99 186.73 830.95 210.36 0.11661
687.55 175.9 697.97 209.79 0.11659
545.24 166.34 560.06 215.56 0.11659
1197.6 0.0 1242.0 89.786 0.11636
1082.3 125.03 1210.5 375.0 0.11573
1010.9 154.48 1242.0 324.31 0.11565
1.7519 112.56 29.854 208.1 0.1155
0.0 214.93 57.225 251.86 0.11548
1208.9 230.0 1238.7 341.7 0.1153
0.0 104.07 18.997 156.37 0.11326
1221.7 238.81 1242.0 301.46 0.11222
791.84 125.26 869.8 289.76 0.1117
0.0 235.58 45.894 347.08 0.11167
0.0 179.16 24.989 236.58 0.11047
529.74 178.7 566.43 206.69 0.11011
1155.4 246.95 1242.0 330.35 0.10951
0.0 198.05 39.404 238.28 0.10838
725.81 195.04 800.47 238.43 0.10766
1053.3 269.22 1242.0 375.0 0.10756
1026.1 180.15 1209.9 268.22 0.10703
705.37 171.98 845.71 249.79 0.10683
0.0 188.38 68.821 269.97 0.10585
703.31 174.21 730.29 191.95 0.10573
1074.9 155.65 1242.0 241.16 0.10537
709.48 186.83 841.35 259.79 0.10487
0.0 260.23 196.93 375.0 0.10418
705.4 185.02 965.07 330.89 0.10381
0.0 190.42 73.969 375.0 0.10283
0.0 294.56 50.72 375.0 0.10272
777.62 119.51 856.26 281.26 0.10213
0.0 285.82 15.399 375.0 0.10205
530.25 173.42 595.31 207.53 0.10173
771.36 218.15 894.01 292.53 0.10148
0.0 190.96 40.007 231.23 0.10145
556.62 185.85 601.43 216.08 0.10083
753.02 192.47 905.66 375.0 0.099982
1006.8 62.309 1151.0 375.0 0.098637
1014.4 139.58 1097.3 329.0 0.098464
1142.7 134.42 1242.0 223.01 0.097831
1138.2 0.0 1242.0 190.29 0.097548
0.0 220.15 8.8302 274.59 0.097186
709.7 156.73 820.69 254.93 0.096511
1224.3 271.68 1242.0 362.82 0.096221
799.32 177.86 815.31 222.65 0.096148
531.73 181.99 600.96 230.1 0.095956
0.0 340.36 24.368 375.0 0.095743
0.0 206.69 58.845 243.15 0.095438
0.0 206.19 69.567 286.92 0.094141
1038.4 0.0 1242.0 90.798 0.094125
0.0 140.35 72.656 222.38 0.094068
1149.9 0.0 1242.0 43.614 0.094046
752.79 149.87 815.4 286.56 0.093889
738.84 91.633 865.0 375.0 0.093501
0.0 222.07 57.672 259.52 0.093277
1140.1 202.02 1242.0 375.0 0.093119
1096.7 143.76 1231.0 265.07 0.091784
1172.7 0.0 1242.0 53.422 0.091775
0.0 102.78 47.131 260.9 0.091683
0.0 237.24 38.899 278.45 0.091467
686.99 188.97 714.0 204.47 0.091032
1103.8 129.06 1174.3 292.36 0.090872
1215.5 255.9 1242.0 354.04 0.08947
0.0 117.56 23.401 220.23 0.089387
0.0 0.0 138.81 375.0 0.089276
0.0 209.41 9.9779 263.87 0.089223
1056.5 109.8 1242.0 284.48 0.087835
0.0 222.69 68.977 301.86 0.087672
674.76 177.03 707.61 195.1 0.086819
1200.0 289.92 1242.0 375.0 0.086669
0.0 136.85 363.43 375.0 0.086213
1145.3 330.73 1242.0 375.0 0.086049
0.0 126.94 36.047 166.51 0.085452
1219.6 268.03 1242.0 323.35 0.084849
1136.7 44.947 1242.0 375.0 0.084206
0.0 200.15 8.7431 255.71 0.084123
1061.8 0.0 1242.0 375.0 0.083747
0.0 179.06 46.486 234.99 0.083084
0.0 141.64 87.071 249.07 0.082716
802.62 177.09 818.55 220.81 0.082615
856.6 0.0 1242.0 175.41 0.082371
780.29 173.96 845.34 223.64 0.08227
541.12 167.39 555.89 213.04 0.082204
945.13 187.77 1062.3 236.83 0.082111
0.0 245.68 38.311 286.33 0.082012
1227.9 191.96 1242.0 291.88 0.081774
690.37 181.49 702.39 216.27 0.081486
0.0 119.14 36.165 157.94 0.081242
0.0 157.75 20.953 213.59 0.081225
776.82 165.49 832.14 308.71 0.080471
9.0181 142.32 39.428 236.52 0.080196
0.0 110.67 37.138 149.5 0.077846
0.0 126.2 16.026 181.02 0.077754
792.87 184.49 824.22 214.64 0.077524
689.94 169.19 700.08 196.73 0.077436
515.75 166.84 542.02 242.43 0.07694
1046.9 164.06 1192.5 291.86 0.076768
1093.7 249.35 1242.0 375.0 0.076674
853.7 137.18 932.63 330.0 0.076574
1.6919 210.19 62.737 375.0 0.076362
0.0 255.76 63.844 335.67 0.076342
0.0 239.06 65.279 318.0 0.076135
1225.6 0.0 1242.0 59.612 0.076101
0.0 244.99 136.12 375.0 0.075212
1186.5 209.51 1242.0 375.0 0.074916
1211.3 0.0 1242.0 25.239 0.074848
1077.6 225.27 1218.1 375.0 0.074326
839.24 128.88 914.87 299.95 0.074204
0.0 353.53 17.83 375.0 0.073906
0.0 360.74 41.518 375.0 0.073385
815.47 191.18 914.65 242.6 0.073345
565.16 170.52 578.83 213.69 0.073148
0.0 162.16 25.912 218.11 0.072877
542.77 166.34 576.77 245.77 0.072482
1111.4 112.96 1192.0 294.67 0.072209
995.55 176.1 1156.6 292.58 0.072185
531.94 169.79 550.44 231.14 0.071744
0.0 226.44 33.518 281.41 0.071338
0.0 173.82 39.713 213.16 0.070918
1102.2 213.49 1242.0 299.51 0.07075
814.85 155.34 910.86 363.83 0.070298
719.74 174.37 736.55 191.7 0.069845
716.98 81.462 1080.8 255.1 0.069584
1198.3 0.0 1242.0 18.769 0.069487
0.0 253.35 37.238 293.88 0.069426
1228.0 104.42 1242.0 195.51 0.069201
532.86 166.7 558.89 227.14 0.068828
804.96 185.21 840.38 214.6 0.068685
943.07 202.87 1074.7 255.91 0.068525
1051.3 169.42 1146.5 375.0 0.068353
568.46 185.86 595.18 212.5 0.068352
1085.4 181.08 1235.8 325.39 0.06724
0.0 89.112 18.678 140.33 0.066867
1206.8 252.13 1242.0 292.15 0.066576
985.57 161.14 1018.2 291.89 0.066468
0.0 174.44 84.172 251.37 0.066433
992.35 343.8 1024.6 375.0 0.066235
756.95 184.93 851.69 232.42 0.066038
0.0 110.01 54.432 222.14 0.066037
0.0 104.05 37.567 141.81 0.06584
537.07 167.42 551.49 213.29 0.065688
1217.7 276.13 1242.0 331.1 0.065643
729.05 180.26 785.26 230.81 0.065551
918.73 178.62 1096.4 294.28 0.064893
527.62 170.23 559.9 246.94 0.064876
798.63 199.13 925.98 265.31 0.064354
1174.2 102.74 1242.0 229.72 0.064269
0.0 270.29 66.076 350.14 0.063882
0.0 166.65 38.223 206.22 0.063506
1178.0 320.25 1242.0 375.0 0.063457
680.09 170.78 711.84 188.82 0.063439
0.0 126.11 76.01 207.15 0.063336
1001.5 137.55 1077.2 330.68 0.0632
1080.4 285.63 1153.1 375.0 0.062911
741.13 194.35 841.11 255.22 0.062558
984.77 344.09 1017.1 375.0 0.062557
1077.5 0.0 1242.0 121.98 0.062459
8.0488 203.34 28.28 269.19 0.061682
1041.3 75.908 1242.0 257.96 0.061525
679.38 99.254 932.58 296.48 0.061328
747.23 178.39 775.52 245.16 0.06121
0.0 230.43 52.323 269.15 0.061059
0.0 135.37 34.368 175.8 0.060936
1214.4 193.82 1242.0 308.96 0.060644
806.17 174.46 822.72 218.95 0.060604
1209.4 243.06 1242.0 284.27 0.060479
992.4 164.71 1026.4 296.06 0.060464
723.3 174.49 740.77 192.29 0.060398
797.39 152.82 832.86 250.78 0.060134
2.3761 343.74 31.144 375.0 0.059972
11.497 202.48 32.19 269.8 0.05981
698.57 187.09 723.76 202.31 0.059787
1206.3 260.52 1242.0 298.66 0.05957
0.0 0.0 334.96 171.5 0.05956
733.88 172.61 744.55 207.08 0.059444
1150.9 210.38 1242.0 336.85 0.058772
0.0 198.84 61.701 235.71 0.058724
786.82 184.58 888.32 233.66 0.058507
0.0 315.29 16.113 375.0 0.05813
0.0 133.66 19.053 190.35 0.057879
0.0 260.64 18.579 317.11 0.057826
0.0 275.38 20.117 332.51 0.057791
827.79 183.27 1074.4 297.45 0.057564
11.703 108.55 82.301 292.12 0.05743
1221.7 224.0 1242.0 288.11 0.057182
0.0 143.58 61.637 315.77 0.056974
0.0 274.57 29.686 375.0 0.056882
1082.8 90.96 1242.0 316.67 0.056746
4.1539 84.491 29.22 170.99 0.056687
511.79 178.35 568.75 222.22 0.05651
1145.6 132.48 1242.0 267.31 0.056401
286.04 103.35 304.95 167.8 0.056289
4.848 205.48 23.46 269.17 0.055903
1177.8 65.449 1242.0 279.1 0.055816
1207.0 277.59 1242.0 316.2 0.055654
1211.0 242.63 1242.0 301.16 0.055643
0.0 130.49 189.84 314.68 0.055617
0.0 112.8 250.23 375.0 0.055491
0.0 95.319 38.571 133.32 0.055445
809.85 185.56 899.37 232.34 0.055158
0.0 79.81 22.443 169.32 0.054641
1001.5 161.77 1035.5 295.71 0.054561
939.99 196.53 1065.6 247.63 0.053908
988.58 139.15 1062.3 333.49 0.053546
939.23 0.0 1242.0 231.91 0.053504
282.52 104.62 300.97 168.75 0.053486
0.0 287.07 64.618 364.68 0.05341
514.06 190.27 575.56 241.77 0.053402
9.2616 101.47 35.807 188.88 0.053038
1017.9 327.74 1213.4 375.0 0.053022
0.0 42.488 74.765 375.0 0.052986
739.52 162.85 765.22 242.1 0.052795
1066.3 276.1 1139.5 375.0 0.052723
672.78 174.16 705.17 191.04 0.052497
807.39 153.81 941.62 277.89 0.052374
751.69 173.31 783.78 240.28 0.052352
0.0 158.34 111.19 235.67 0.052221
953.16 209.97 1082.9 266.72 0.05221
1215.7 162.24 1242.0 265.09 0.052206
863.92 342.81 896.23 375.0 0.052186
818.73 19.081 966.81 371.18 0.05209
0.0 143.85 38.318 183.34 0.051809
0.0 260.51 35.996 301.55 0.051763
695.78 170.93 726.86 187.61 0.051657
788.2 191.22 831.88 213.22 0.051272
0.0 98.203 191.6 281.89 0.05075
809.77 175.43 827.65 218.9 0.050385
0.0 191.14 60.594 227.4 0.050179
0.0 142.78 20.609 198.74 0.050085
0.0 159.42 40.53 198.82 0.050016
1205.1 237.44 1242.0 375.0 0.049941
918.69 171.66 1108.3 253.14 0.049809
717.45 173.16 726.73 199.03 0.049737
0.0 287.71 22.84 375.0 0.049317
926.88 263.11 983.13 288.1 0.049264
1206.9 285.88 1242.0 324.44 0.049051
1067.9 186.66 1156.4 375.0 0.048925
1035.8 136.74 1105.8 318.23 0.048916
750.08 191.62 853.01 244.09 0.048912
1213.3 0.0 1242.0 46.703 0.048899
1200.3 196.62 1235.3 325.23 0.048883
8.4243 119.86 37.235 212.17 0.048637
1012.2 220.41 1205.5 348.79 0.0484
1209.3 251.78 1239.2 360.46 0.047945
731.91 173.36 741.84 203.36 0.047901
672.77 174.3 692.2 191.64 0.047636
803.98 168.3 991.73 251.04 0.047628
790.92 172.64 844.73 315.83 0.047459
0.0 0.0 34.532 104.03 0.04735
756.94 157.99 820.38 313.92 0.047271
977.42 165.97 1010.5 306.35 0.047241
1160.5 277.53 1242.0 359.87 0.047169
908.77 250.82 1129.6 367.16 0.04667
1042.6 40.308 1185.4 375.0 0.046397
0.0 182.91 60.743 219.07 0.046378
0.0 151.25 39.071 190.89 0.04603
678.24 180.45 709.45 198.82 0.045976
805.43 152.77 841.97 255.21 0.045758
1225.9 132.33 1242.0 229.49 0.045688
972.63 281.84 1042.1 375.0 0.045533
904.72 325.83 1100.0 375.0 0.045522
529.76 151.26 581.15 265.68 0.045503
1132.9 0.0 1242.0 315.56 0.045469
790.4 171.04 859.02 225.39 0.04521
1008.8 164.73 1041.9 296.28 0.045103
0.0 13.352 381.91 367.22 0.044955
709.52 176.85 736.52 193.15 0.044776
769.8 184.56 865.53 256.78 0.044664
1197.7 24.576 1242.0 219.52 0.044581
0.0 0.0 170.23 86.055 0.044402
1216.6 179.43 1242.0 238.79 0.044085
796.49 175.3 812.07 224.13 0.043979
792.7 157.81 823.88 248.02 0.043765
13.902 293.55 86.367 375.0 0.043742
977.22 344.42 1008.7 375.0 0.043721
543.86 175.97 567.78 192.99 0.043688
812.8 203.03 1067.5 353.69 0.04337
763.47 180.52 848.47 221.29 0.043301
1225.6 289.39 1242.0 375.0 0.043113
745.47 205.1 836.87 266.67 0.043076
1203.0 189.99 1242.0 230.13 0.04304
506.64 175.01 558.1 222.34 0.042984
994.61 236.33 1184.6 362.81 0.04279
1.1827 206.45 19.676 270.08 0.042789
6.4072 222.94 34.132 313.67 0.042614
0.0 230.53 8.5383 288.33 0.042569
13.791 189.03 43.757 279.32 0.04256
1206.0 269.08 1242.0 306.61 0.042551
747.09 78.928 1027.1 289.59 0.042421
838.32 173.54 1057.1 273.71 0.042229
1000.4 344.54 1032.3 375.0 0.042143
963.48 261.07 1157.4 362.94 0.04199
0.0 97.009 21.698 145.53 0.041832
1200.1 162.31 1234.9 268.1 0.041782
1198.0 178.91 1236.5 302.23 0.041721
1178.7 265.47 1242.0 372.19 0.041651
0.58308 91.179 63.386 257.88 0.041562
855.88 342.37 887.75 375.0 0.041323
1203.7 197.47 1242.0 239.51 0.041208
800.87 183.06 847.64 208.42 0.041133
542.12 169.84 554.9 203.44 0.041076
0.0 335.73 131.11 375.0 0.040876
0.0 156.23 38.66 214.01 0.040867
1206.0 177.74 1242.0 305.94 0.04078
0.0 144.04 112.27 219.41 0.040654
0.0 62.89 187.63 245.76 0.040641
1147.3 103.72 1242.0 189.67 0.040424
0.0 54.356 28.318 243.01 0.040338
680.78 171.0 690.27 201.11 0.040307
826.35 186.48 917.2 232.29 0.040049
957.72 286.23 1026.1 375.0 0.040034
818.1 181.22 864.07 284.0 0.039966
1039.3 39.019 1242.0 224.52 0.039838
1050.6 272.32 1124.3 375.0 0.039752
981.91 324.38 1175.4 375.0 0.039718
830.16 172.29 1006.4 294.93 0.039588
1118.2 172.8 1205.3 374.68 0.039302
1.2461 160.73 51.313 218.04 0.039254
1097.1 288.67 1168.9 375.0 0.03919
726.69 175.55 745.6 195.2 0.039108
773.29 226.41 949.04 337.68 0.039015
921.15 346.92 951.32 375.0 0.038942
1046.2 320.46 1188.0 375.0 0.038789
753.22 196.82 822.48 264.62 0.038756
1207.3 158.32 1242.0 273.91 0.038572
929.31 266.46 985.87 292.75 0.038514
788.54 176.18 872.18 243.43 0.038105
0.0 111.01 72.137 190.92 0.037891
539.31 175.95 591.6 219.1 0.037843
517.36 147.77 570.43 270.61 0.037838
843.49 278.51 917.79 375.0 0.037809
527.8 170.78 545.08 231.75 0.037782
976.35 134.52 1045.7 335.3 0.037751
966.1 195.28 1085.8 249.05 0.037751
538.28 169.81 550.36 206.11 0.037708
1167.6 201.68 1230.3 375.0 0.037691
871.12 129.34 947.61 334.51 0.03766
1016.6 170.09 1049.2 305.78 0.037607
1102.9 185.54 1214.2 231.1 0.037571
0.0 0.0 75.349 181.92 0.037325
1202.5 181.59 1242.0 222.08 0.037256
525.46 193.95 601.13 236.82 0.037067
945.58 243.33 962.2 298.6 0.037026
972.29 360.17 1026.8 375.0 0.036966
929.55 345.78 959.27 375.0 0.036937
527.82 176.8 565.53 194.18 0.036856
565.01 187.39 602.73 210.3 0.036743
575.49 174.54 590.12 217.43 0.036598
550.95 166.68 582.39 245.75 0.036442
989.02 281.23 1058.5 375.0 0.036395
766.82 171.99 856.36 213.27 0.036272
0.0 174.73 62.864 210.81 0.036172
949.19 217.45 1071.3 273.33 0.036172
0.0 0.0 73.355 41.767 0.036162
683.06 185.24 711.83 201.22 0.035972
734.7 168.57 747.58 210.44 0.035926
837.55 361.34 920.8 375.0 0.035872
727.93 172.43 737.84 201.21 0.035834
0.0 290.87 19.43 348.47 0.035761
13.338 170.61 45.466 263.97 0.035534
858.56 280.53 932.74 375.0 0.035341
9.952 343.6 38.511 375.0 0.035094
0.0 119.09 129.99 347.4 0.035078
812.17 212.49 932.48 277.35 0.035017
872.63 343.16 904.21 375.0 0.034834
0.0 270.01 37.104 309.77 0.034702
0.0 120.34 50.526 155.9 0.034653
510.15 159.48 629.57 244.81 0.034641
968.9 361.8 1055.4 375.0 0.034615
0.0 209.94 13.836 270.95 0.034544
737.18 121.65 797.95 276.86 0.034344
1225.3 342.69 1242.0 375.0 0.03433
0.0 0.0 281.34 230.66 0.034193
776.3 149.41 955.97 240.84 0.034066
557.78 179.03 603.74 224.5 0.034047
0.0 113.2 50.812 147.82 0.033921
825.64 176.37 871.06 284.51 0.033703
913.58 347.27 944.23 375.0 0.033616
1062.4 137.61 1140.9 321.06 0.033613
827.89 279.47 900.69 375.0 0.033608
874.45 330.06 1072.3 375.0 0.033501
1025.8 313.03 1168.3 375.0 0.033478
1237.2 0.0 1242.0 19.605 0.033228
723.2 172.12 732.82 200.4 0.033122
809.13 173.18 889.97 375.0 0.03309
1131.7 234.05 1242.0 318.25 0.033076
877.17 163.61 1080.9 249.49 0.032808
0.0 286.0 41.02 326.29 0.032758
937.18 344.78 967.51 375.0 0.03274
0.0 129.1 48.877 165.32 0.032698
875.52 281.0 947.34 375.0 0.032465
795.37 190.09 838.98 213.37 0.032286
0.0 278.33 39.377 318.4 0.0322
1227.6 0.0 1242.0 83.047 0.032158
809.02 184.73 857.02 282.48 0.032116
766.46 177.39 833.65 233.66 0.031799
582.64 179.55 594.82 215.56 0.031677
532.15 168.5 547.45 221.82 0.031469
686.39 168.08 696.26 195.18 0.031441
1227.3 22.27 1242.0 110.57 0.031418
552.84 175.92 574.42 191.6 0.031159
751.04 226.7 891.94 299.89 0.031102
847.99 358.06 903.24 375.0 0.031046
971.72 217.26 1099.3 275.15 0.030982
1150.4 86.506 1242.0 171.3 0.030963
949.56 243.96 966.34 300.05 0.030946
0.0 258.26 84.213 366.19 0.030859
494.24 187.29 621.63 253.39 0.030808
885.59 163.96 920.76 293.05 0.030802
0.0 195.92 13.317 259.59 0.030705
937.18 317.88 1071.7 375.0 0.03061
1058.6 197.13 1242.0 375.0 0.030445
0.0 223.64 24.96 247.34 0.030441
935.71 202.58 952.03 264.65 0.03043
0.0 129.66 109.71 241.53 0.030368
814.71 155.57 851.36 260.42 0.030335
0.0 237.52 82.84 349.44 0.030205
757.78 174.01 791.51 243.82 0.030151
702.95 183.6 729.01 199.32 0.030016
0.0 357.52 24.543 375.0 0.030006
969.3 344.9 1000.2 375.0 0.029983
829.9 329.02 1021.5 375.0 0.029968
942.09 286.81 1009.5 375.0 0.029956
543.82 185.22 603.67 221.11 0.029916
777.23 329.94 972.56 375.0 0.029895
749.98 201.29 808.88 255.77 0.029672
1201.8 271.76 1242.0 321.24 0.0296
0.0 0.0 62.17 55.606 0.02955
573.3 165.78 597.67 233.93 0.029442
892.94 285.31 961.79 375.0 0.029385
1205.1 206.27 1242.0 247.87 0.029325
0.0 227.88 24.044 251.11 0.029313
904.33 346.19 936.13 375.0 0.029272
784.25 214.7 993.91 375.0 0.02926
0.0 88.963 38.263 125.59 0.029242
858.54 0.0 1235.1 89.02 0.029206
0.0 192.76 189.1 372.42 0.028776
940.87 242.65 957.78 298.78 0.028741
976.1 0.0 1129.7 206.76 0.02867
0.0 252.54 42.544 375.0 0.028652
1024.2 170.46 1057.8 304.77 0.028625
851.79 0.0 996.97 349.96 0.028574
839.77 0.0 1242.0 326.97 0.028395
925.06 285.63 991.88 375.0 0.028373
0.0 119.72 89.466 225.58 0.028301
970.26 163.79 1001.7 308.77 0.028283
0.0 93.0 68.71 174.89 0.028275
0.0 241.5 8.3549 299.81 0.028234
1216.9 194.97 1242.0 256.66 0.028198
879.78 175.77 914.6 299.76 0.027904
960.67 185.59 1072.6 230.54 0.027887
0.0 293.4 41.172 334.52 0.027756
1003.8 280.22 1074.9 375.0 0.027613
944.88 344.73 975.48 375.0 0.027601
1176.9 0.0 1242.0 104.77 0.027576
860.25 109.45 933.46 290.28 0.027496
985.24 223.69 1102.9 284.98 0.027488
0.0 366.28 55.99 375.0 0.027465
651.45 273.8 993.16 375.0 0.027447
0.0 191.35 7.6951 246.22 0.02738
1176.7 68.753 1242.0 191.53 0.027214
901.03 218.47 1119.9 375.0 0.027211
1203.1 261.42 1242.0 311.95 0.027111
757.47 202.16 879.25 279.09 0.027049
571.14 170.82 586.07 218.72 0.02702
0.0 324.5 112.01 375.0 0.027018
0.0 224.8 13.693 256.06 0.026976
845.04 164.86 1043.3 253.07 0.026936
14.654 202.52 78.125 375.0 0.02685
796.92 187.5 829.33 216.3 0.026788
526.0 173.48 578.12 218.19 0.026782
753.53 187.7 823.62 245.59 0.026758
1036.6 272.68 1107.4 375.0 0.026705
691.24 162.24 711.63 210.89 0.026688
709.12 173.32 736.73 190.4 0.02661
725.42 179.9 803.82 222.0 0.026565
0.0 170.16 132.43 250.47 0.02655
539.68 173.53 572.85 189.81 0.026382
1164.1 295.13 1242.0 375.0 0.026273
5.9771 239.73 34.133 332.57 0.026262
1219.1 216.45 1242.0 279.09 0.026252
943.22 0.0 1105.2 207.88 0.026192
557.24 175.79 579.61 191.82 0.026169
697.37 190.88 721.19 205.06 0.026156
803.82 190.01 848.38 213.99 0.026111
0.0 131.29 116.81 205.52 0.026089
944.18 325.28 1143.6 375.0 0.025992
1228.1 87.251 1242.0 177.51 0.025915
0.0 105.8 52.176 139.82 0.025888
4.7831 206.76 55.095 256.31 0.025881
1152.7 68.893 1242.0 151.8 0.025843
952.69 362.34 1039.4 375.0 0.025708
0.0 137.36 62.386 172.6 0.025652
546.69 160.88 573.57 227.9 0.025629
813.95 176.37 831.97 219.71 0.025597
530.65 128.18 586.28 245.28 0.025582
909.5 282.13 977.2 375.0 0.025448
0.0 76.741 49.353 188.37 0.025337
962.87 128.48 1029.6 333.73 0.025314
1203.0 173.19 1242.0 215.11 0.025251
1009.3 0.0 1159.3 218.35 0.025233
0.0 0.0 260.47 375.0 0.025164
1044.5 118.07 1242.0 348.08 0.025151
279.36 107.75 296.82 166.32 0.025118
952.89 344.35 983.28 375.0 0.024997
744.19 152.31 929.52 241.54 0.024987
960.75 346.18 992.11 375.0 0.024913
854.64 302.37 976.73 360.72 0.024862
1205.6 53.846 1242.0 94.529 0.024788
1096.7 191.7 1215.9 243.93 0.024754
834.24 172.39 941.46 375.0 0.024624
529.22 179.67 553.1 200.08 0.024612
984.98 207.65 1110.7 265.06 0.02454
1226.5 39.881 1242.0 124.7 0.024429
1072.1 144.98 1202.5 257.37 0.024412
0.0 155.74 107.14 269.57 0.024409
14.974 152.37 46.08 248.22 0.024403
1216.3 290.43 1242.0 344.29 0.02436
1204.9 61.527 1242.0 102.19 0.024289
0.0 239.13 58.877 275.71 0.024259
1151.6 51.674 1242.0 134.05 0.024126
903.82 363.26 989.6 375.0 0.024084
0.0 0.0 136.18 119.29 0.024078
0.0 149.93 27.787 206.61 0.024059
746.72 210.18 865.17 297.38 0.024035
1207.2 212.86 1242.0 254.75 0.023988
962.94 223.6 1084.1 282.94 0.02375
0.0 255.34 50.632 291.84 0.023743
811.77 282.29 883.9 375.0 0.023701
551.86 183.77 601.85 207.9 0.023699
1020.3 275.37 1092.8 375.0 0.023672
1206.0 362.37 1242.0 375.0 0.023644
954.47 176.41 1129.8 254.24 0.023516
0.0 189.89 106.72 263.78 0.02342
958.44 166.43 992.61 308.62 0.023415
895.02 163.93 928.29 290.62 0.02336
848.01 342.52 879.11 375.0 0.02335
789.31 195.38 831.35 217.69 0.023348
884.76 204.64 1008.8 257.01 0.023309
0.0 236.4 23.157 258.89 0.023291
835.11 215.96 947.71 276.09 0.023269
1086.4 20.809 1242.0 255.19 0.023224
4.9005 193.13 22.976 256.93 0.02317
679.12 169.0 688.71 197.14 0.023165
0.0 233.11 12.502 264.22 0.023038
725.82 215.74 866.62 375.0 0.023004
0.0 29.057 193.27 215.69 0.022987
520.57 166.21 551.88 258.95 0.022934
0.0 53.679 131.72 281.59 0.022921
567.54 169.93 593.22 238.5 0.022917
1118.1 338.08 1242.0 375.0 0.022904
1215.4 162.23 1242.0 224.29 0.022894
674.04 171.85 694.22 188.84 0.022876
1085.6 123.05 1154.6 293.33 0.022799
1207.2 228.85 1242.0 270.18 0.022778
937.72 223.72 1057.8 282.86 0.022757
908.5 361.92 960.68 375.0 0.022726
0.0 117.69 45.668 168.9 0.022711
1179.5 0.0 1242.0 74.76 0.022471
0.0 168.83 52.297 204.85 0.022336
951.17 166.48 983.64 308.35 0.022328
0.98309 217.78 18.312 283.09 0.022311
939.1 200.78 956.83 265.83 0.022229
0.0 301.96 40.913 342.87 0.022189
1199.2 0.0 1242.0 176.48 0.022111
532.92 170.23 545.72 210.94 0.022103
0.0 308.91 15.46 363.14 0.022045
897.72 245.7 1018.0 304.36 0.021962
1044.1 0.0 1192.1 209.82 0.021895
1208.7 300.08 1242.0 338.33 0.021835
938.22 166.47 967.88 302.25 0.021831
1238.0 179.01 1242.0 227.16 0.021829
821.5 193.34 940.17 254.9 0.021808
943.48 168.21 975.16 305.43 0.021807
514.5 128.25 570.77 250.05 0.021746
6.6849 254.74 35.475 357.85 0.021744
574.85 182.19 596.97 238.0 0.021693
987.08 360.0 1043.1 375.0 0.02164
1077.3 34.469 1221.8 375.0 0.021631
1075.8 0.0 1226.8 192.58 0.021419
1050.0 153.09 1184.0 264.13 0.0214
1205.9 220.68 1242.0 262.65 0.021288
1031.9 172.61 1065.2 301.83 0.021279
1238.4 186.37 1242.0 234.4 0.021044
555.36 177.52 594.66 195.22 0.020848
0.0 271.03 26.933 329.39 0.020838
1195.8 243.1 1239.8 302.76 0.020828
1008.3 346.05 1040.3 375.0 0.02081
533.33 173.49 557.02 236.23 0.020755
1190.2 159.15 1227.4 269.98 0.020712
823.19 207.79 945.82 266.85 0.020665
673.15 170.98 719.44 204.57 0.020595
1236.6 228.56 1242.0 286.73 0.020548
1226.5 57.448 1242.0 139.27 0.020516
0.0 216.53 24.317 239.52 0.020495
927.29 210.16 1063.2 264.55 0.020403
889.83 362.98 974.77 375.0 0.020381
1108.0 181.56 1207.9 222.32 0.020359
13.33 140.3 78.449 323.1 0.020326
0.0 145.46 65.157 180.17 0.020309
0.0 273.68 106.52 349.99 0.020281
672.92 177.55 692.72 194.94 0.020168
1215.9 45.741 1242.0 100.04 0.020089
818.65 75.417 1162.6 256.99 0.020049
568.84 173.62 582.4 214.79 0.020034
908.6 322.86 1042.1 375.0 0.020021
701.66 154.11 869.93 237.5 0.019967
1206.8 69.434 1242.0 108.6 0.019917
1217.8 117.1 1242.0 175.3 0.019847
804.62 319.07 943.4 375.0 0.019823
1207.7 46.912 1242.0 86.795 0.019798
0.0 368.06 68.705 375.0 0.019776
918.68 363.22 1005.1 375.0 0.019771
826.91 152.29 972.0 274.76 0.01977
1214.5 0.0 1242.0 68.424 0.019765
1026.9 162.31 1056.6 282.54 0.019713
1226.8 70.769 1242.0 158.99 0.019573
921.9 362.38 975.34 375.0 0.019546
0.0 98.534 53.808 132.03 0.01941
527.85 178.99 557.14 205.2 0.019342
290.04 103.43 308.74 167.56 0.019314
1180.9 155.38 1218.4 265.71 0.019304
0.0 127.6 68.823 164.25 0.019299
1203.4 0.0 1240.3 51.59 0.019284
0.0 188.42 83.361 294.07 0.019271
0.0 127.33 45.649 179.16 0.019124
856.85 322.16 989.89 375.0 0.019122
550.42 169.08 561.97 199.85 0.0191
1049.6 258.47 1106.0 287.86 0.019091
548.39 174.15 581.05 189.57 0.019046
791.45 138.24 928.6 259.76 0.018963
880.96 344.62 910.66 375.0 0.018856
953.44 243.8 970.18 300.45 0.018781
1217.4 100.8 1242.0 201.35 0.018735
876.13 108.89 947.13 295.44 0.01869
676.34 171.06 706.84 187.54 0.018681
730.84 177.29 750.54 198.57 0.018543
0.0 216.92 13.931 249.07 0.018516
615.39 0.0 1242.0 188.4 0.018458
904.32 176.19 936.89 301.99 0.018256
907.06 232.94 1025.4 290.11 0.018224
1115.2 291.42 1184.2 375.0 0.018212
763.19 186.07 838.21 247.22 0.018206
1169.8 36.763 1242.0 152.35 0.018064
0.0 167.19 74.046 206.35 0.01804
0.0 311.46 38.384 351.6 0.017977
667.72 172.41 688.94 189.58 0.017974
1203.2 165.64 1242.0 207.26 0.017969
539.59 141.67 589.51 269.69 0.017969
823.07 155.04 859.05 256.34 0.017904
1107.8 137.54 1242.0 227.56 0.017902
0.0 258.9 105.78 333.48 0.017884
0.0 0.0 12.596 44.565 0.017763
