493.43 170.2 539.98 201.25 0.99974
571.4 177.01 613.85 212.77 0.99964
570.72 172.47 615.91 212.98 0.99705
497.93 168.0 544.76 197.84 0.99397
495.29 165.09 543.53 199.27 0.9919
486.8 170.82 524.24 202.75 0.98974
495.7 172.6 531.66 202.32 0.98717
581.01 176.83 615.62 209.51 0.98004
573.33 179.05 618.91 206.91 0.97505
481.74 169.23 532.98 200.59 0.9692
568.84 174.31 615.18 200.9 0.96883
506.84 170.64 540.66 199.36 0.96767
566.0 178.86 620.95 215.03 0.95607
561.57 177.72 611.09 207.1 0.95482
569.05 175.99 605.71 208.52 0.94869
484.55 168.39 541.16 203.21 0.93175
514.4 171.15 544.79 196.35 0.92503
494.44 166.7 539.4 193.83 0.92338
506.44 168.97 547.56 193.23 0.85786
482.97 172.68 516.93 203.05 0.8555
593.85 173.01 613.14 212.54 0.82526
476.53 173.73 525.57 201.51 0.80039
588.96 172.84 609.94 210.5 0.7904
565.08 183.64 609.24 210.43 0.77071
572.28 172.25 612.48 191.03 0.75675
570.61 174.39 602.35 199.55 0.74878
572.04 170.66 588.65 211.16 0.7291
577.53 175.28 607.03 194.61 0.71462
502.07 176.73 533.67 202.35 0.70564
574.18 171.62 594.87 214.88 0.67643
567.29 173.55 622.4 206.56 0.67068
585.09 173.25 607.47 212.96 0.66836
478.76 167.75 530.03 207.37 0.65545
494.57 164.66 513.85 206.66 0.65383
492.78 167.62 509.42 206.08 0.62385
498.46 166.23 518.39 206.32 0.61941
580.86 172.82 604.6 214.76 0.59777
501.5 166.4 522.9 204.67 0.5936
587.72 176.49 615.59 200.9 0.59106
521.29 170.58 544.55 193.27 0.58923
577.39 175.42 601.09 216.82 0.56027
583.39 168.77 608.65 220.25 0.55934
598.31 171.19 613.22 209.81 0.5588
513.43 165.69 532.87 204.33 0.54949
489.21 179.08 516.26 205.62 0.52219
508.83 166.07 530.06 203.91 0.52167
518.72 166.09 536.19 203.72 0.5055
506.94 169.38 526.04 204.12 0.49941
578.99 169.41 604.98 221.96 0.49668
470.62 165.63 520.79 205.54 0.49179
489.49 166.34 505.9 205.77 0.4884
594.6 169.27 610.48 206.88 0.45312
494.5 178.4 520.3 203.53 0.43818
482.74 161.63 531.83 202.97 0.42661
496.52 170.89 511.91 208.44 0.41282
586.29 166.57 604.43 208.72 0.40234
460.46 170.98 526.73 208.19 0.38622
524.37 166.17 538.7 198.94 0.38594
581.04 176.82 620.76 198.41 0.38036
506.74 175.33 546.59 197.4 0.37976
486.02 168.39 518.59 198.47 0.37769
466.36 169.02 519.76 213.22 0.37286
496.21 163.49 542.15 185.65 0.36566
501.27 171.39 516.64 207.64 0.33808
0.0 129.32 16.323 231.76 0.33319
0.0 132.25 23.646 229.83 0.32025
491.37 180.28 531.7 202.5 0.31828
509.47 173.13 536.78 197.14 0.31239
566.84 173.13 604.96 191.3 0.30246
515.74 170.84 548.23 191.38 0.29586
574.04 164.02 599.54 215.99 0.29021
515.8 160.43 532.71 197.81 0.28764
482.88 181.74 523.64 204.88 0.28496
582.46 165.42 600.77 207.58 0.28192
582.74 181.68 621.27 204.1 0.27922
572.41 175.73 598.73 193.28 0.26958
503.39 159.76 521.02 200.23 0.26902
570.1 171.37 585.02 212.53 0.26815
476.4 173.69 511.28 202.91 0.26645
575.76 165.67 589.92 206.47 0.26571
558.07 172.94 607.22 212.38 0.26337
570.77 168.64 582.77 207.55 0.25219
507.35 158.38 525.6 198.85 0.24319
511.68 158.33 529.47 197.46 0.2318
579.34 165.06 595.72 205.86 0.21912
529.48 169.1 540.85 197.39 0.21854
519.81 160.45 535.86 197.49 0.21523
491.86 175.97 508.21 213.62 0.21055
0.0 160.36 30.917 347.56 0.2063
484.64 167.72 532.84 192.53 0.2063
501.64 167.45 534.28 188.91 0.19951
589.36 173.15 612.59 219.7 0.19896
571.53 173.52 595.83 197.4 0.19831
0.71749 140.42 31.032 234.73 0.19129
602.45 171.85 614.9 205.53 0.18601
507.42 176.95 536.0 199.71 0.18359
505.01 158.82 528.62 204.39 0.18287
500.2 159.92 515.77 200.48 0.17911
574.18 169.42 586.16 207.2 0.17706
482.66 179.51 511.3 207.75 0.17192
500.75 177.16 540.77 199.09 0.17187
490.18 168.38 523.29 194.83 0.17146
485.06 161.68 501.04 206.71 0.16628
500.36 158.05 523.46 204.99 0.16327
0.0 154.96 15.305 255.5 0.16106
0.0 148.7 23.718 248.62 0.16009
507.03 167.62 540.17 190.51 0.1583
597.05 176.56 619.33 199.33 0.15247
560.85 183.07 621.01 220.95 0.15239
0.0 203.53 31.592 375.0 0.14997
500.7 176.02 515.1 212.77 0.14738
0.0 284.93 16.531 375.0 0.13901
471.44 178.44 517.1 203.1 0.13688
592.93 174.76 617.13 197.43 0.13659
577.34 173.96 604.37 190.84 0.13509
512.08 170.7 527.64 207.65 0.13476
0.0 183.67 51.351 298.7 0.12906
505.05 171.91 520.17 211.67 0.12833
0.0 110.93 31.106 300.66 0.12491
0.0 170.84 15.74 274.05 0.1248
586.61 158.69 611.08 222.7 0.12432
496.74 159.78 511.02 201.48 0.12372
0.0 147.63 19.249 205.4 0.12323
0.0 175.74 46.802 344.79 0.12292
0.0 188.53 15.241 290.03 0.11945
0.0 268.78 34.841 375.0 0.118
492.99 155.23 515.61 208.08 0.11576
567.87 176.91 596.05 206.68 0.11505
468.53 161.07 536.22 197.86 0.11474
574.1 168.83 610.08 186.26 0.11438
589.93 164.3 602.91 199.0 0.11238
477.93 169.1 524.66 194.77 0.11212
587.81 175.28 612.7 194.5 0.10969
0.0 214.11 51.999 332.52 0.10751
0.0 203.68 68.26 285.64 0.10529
487.98 173.94 504.82 214.06 0.10169
0.0 333.32 16.211 375.0 0.09989
0.0 186.75 67.343 269.87 0.09966
1.6664 128.53 29.798 219.67 0.098679
1.0562 157.89 31.384 253.11 0.098427
0.0 219.9 69.105 301.97 0.098099
593.7 167.27 606.31 200.66 0.095284
0.0 211.59 47.301 375.0 0.0922
527.93 163.31 540.88 194.36 0.090999
578.92 182.07 616.12 214.14 0.090074
576.61 172.29 627.43 211.84 0.089672
0.0 233.89 69.725 319.11 0.089141
0.0 250.49 70.229 334.36 0.086813
0.0 151.77 48.377 267.24 0.085762
0.0 261.88 198.24 375.0 0.085554
585.78 164.16 598.74 199.41 0.084666
0.0 211.99 14.508 314.9 0.084344
498.05 182.1 538.86 202.28 0.084097
0.0 165.9 24.07 267.68 0.083971
1055.9 267.22 1242.0 375.0 0.083459
0.0 248.41 51.606 364.46 0.083364
0.0 335.59 79.76 375.0 0.083242
0.0 157.94 37.602 198.2 0.081303
1225.1 224.91 1242.0 315.63 0.080609
570.78 169.07 591.88 217.88 0.079666
0.0 192.08 72.575 375.0 0.079405
0.0 171.02 70.804 253.1 0.077931
0.0 141.38 46.753 312.54 0.076855
0.0 321.46 49.348 375.0 0.076813
1199.3 289.0 1242.0 375.0 0.075789
1135.8 201.27 1242.0 375.0 0.075152
1.4437 174.3 31.809 271.97 0.074882
1224.6 343.98 1242.0 375.0 0.073998
1144.0 331.09 1242.0 375.0 0.073677
511.26 154.76 533.53 201.49 0.072402
596.24 166.9 608.81 200.35 0.071458
0.0 166.01 38.662 205.7 0.070568
1202.6 190.48 1242.0 371.05 0.070172
0.0 267.18 72.593 350.51 0.070047
480.31 161.5 496.7 208.9 0.068849
584.53 173.66 618.64 191.36 0.068721
0.0 163.97 20.527 220.6 0.068705
0.0 130.54 372.06 375.0 0.066563
0.0 237.74 14.008 339.74 0.065045
588.79 176.93 623.29 195.78 0.06424
481.43 157.41 507.55 222.73 0.064033
0.0 150.75 37.703 189.94 0.063836
1225.9 212.91 1242.0 297.7 0.063191
0.0 0.0 144.65 375.0 0.06218
0.0 189.8 23.603 293.19 0.061988
606.19 170.32 617.88 201.52 0.061358
0.0 156.91 72.454 238.18 0.061331
0.0 289.61 22.826 375.0 0.060858
460.89 164.29 514.23 209.23 0.060725
0.0 284.77 70.507 365.73 0.059209
0.0 249.29 135.12 375.0 0.058339
1159.9 229.83 1242.0 313.64 0.058119
591.39 180.05 626.0 199.0 0.057955
1160.1 214.88 1242.0 297.22 0.057465
515.42 168.43 529.81 208.58 0.057072
0.0 152.78 23.875 210.84 0.056581
531.6 167.07 543.16 196.95 0.056279
581.36 163.95 593.29 196.77 0.056242
489.98 186.94 512.42 209.08 0.055714
493.35 161.71 507.38 200.84 0.055293
0.0 0.0 178.15 89.933 0.054824
577.24 165.0 587.99 197.32 0.054366
1064.7 0.0 1242.0 375.0 0.054003
1178.5 217.14 1242.0 327.66 0.053775
1177.7 321.76 1242.0 375.0 0.0531
0.0 0.0 83.256 42.639 0.052956
0.0 174.69 38.556 214.17 0.05293
0.0 181.44 20.495 236.6 0.052443
0.0 0.0 34.949 104.39 0.05237
1204.9 362.48 1242.0 375.0 0.052335
1.3777 191.35 31.392 287.96 0.051317
910.1 138.14 1242.0 375.0 0.050707
496.04 182.9 509.47 217.08 0.049848
1200.1 158.7 1242.0 340.08 0.049453
589.09 183.0 627.53 202.12 0.048573
0.0 190.87 38.037 229.66 0.048073
0.0 182.32 36.529 221.7 0.048009
601.37 176.58 622.38 198.03 0.047964
0.0 338.7 23.876 375.0 0.04782
0.0 0.0 75.593 179.83 0.047497
505.9 157.91 518.12 195.45 0.047185
485.29 185.83 510.55 210.39 0.046971
0.0 108.38 13.927 210.3 0.046145
0.0 140.16 24.217 195.57 0.046131
1163.2 244.48 1242.0 329.11 0.045779
1158.8 198.94 1242.0 280.46 0.045197
0.0 190.32 21.31 245.89 0.045003
0.0 198.95 38.725 238.02 0.044959
0.0 136.25 18.391 189.49 0.044432
0.0 354.81 13.897 375.0 0.04412
0.0 361.43 37.496 375.0 0.043991
503.82 184.43 527.79 202.32 0.04362
0.0 0.0 351.26 178.53 0.043482
0.0 164.51 194.81 346.39 0.043361
458.41 178.78 525.56 217.15 0.042724
0.0 207.5 38.849 244.93 0.042342
0.0 65.061 72.685 375.0 0.042252
0.0 207.11 67.292 375.0 0.042132
1225.5 193.06 1242.0 278.34 0.041856
0.0 207.28 20.348 261.58 0.041674
1218.4 358.02 1242.0 375.0 0.04149
551.95 169.95 613.35 203.5 0.041473
0.0 215.27 37.381 252.7 0.040406
0.0 288.14 49.371 375.0 0.040016
506.93 164.12 549.23 184.19 0.03991
0.0 104.24 259.06 375.0 0.03977
492.84 161.6 553.57 194.5 0.03898
0.0 264.42 14.114 372.38 0.038584
1178.8 188.9 1242.0 297.76 0.038391
509.92 156.15 523.15 194.6 0.03828
8.0959 143.15 37.363 231.34 0.038116
466.41 173.24 516.27 198.04 0.03799
570.18 173.67 592.86 192.11 0.037894
0.0 142.83 35.013 181.13 0.037245
0.0 309.33 20.269 365.96 0.036975
471.17 183.72 514.73 206.74 0.036607
515.36 174.77 538.4 195.79 0.036171
0.0 223.05 37.68 261.22 0.035931
842.08 0.0 1242.0 187.2 0.03588
0.0 0.0 67.158 57.541 0.0355
561.91 162.83 630.1 197.67 0.035212
1151.9 182.66 1242.0 266.02 0.035078
489.32 160.03 503.29 198.81 0.035024
0.0 162.68 39.717 218.28 0.034977
7.7256 168.65 37.595 257.4 0.034836
0.0 159.47 50.317 196.05 0.034634
513.76 167.96 543.42 188.75 0.034489
568.73 187.92 612.1 216.75 0.034441
567.13 162.88 589.32 220.73 0.033809
517.63 176.99 548.37 196.12 0.033778
2.6758 342.72 30.745 375.0 0.033723
1226.0 241.7 1242.0 329.41 0.033671
583.57 172.6 608.31 190.72 0.033627
1139.1 0.0 1242.0 203.82 0.033362
500.63 185.58 523.97 204.61 0.032992
489.92 164.64 533.74 184.97 0.032665
472.51 172.25 505.99 200.91 0.032539
473.79 155.31 500.53 226.51 0.032476
476.4 181.74 508.5 209.89 0.0324
476.45 174.48 526.8 214.37 0.032033
0.0 130.92 195.35 312.97 0.031932
571.25 172.9 596.94 189.92 0.031747
1162.4 260.69 1242.0 344.74 0.031707
566.05 169.81 604.69 187.05 0.03165
499.21 160.25 543.9 179.01 0.031506
0.0 140.88 74.411 223.81 0.031501
0.0 162.98 64.739 337.09 0.031017
0.0 0.0 138.19 116.37 0.030697
460.12 176.34 513.72 223.45 0.03018
0.0 231.01 36.369 269.97 0.03001
0.0 223.72 19.933 278.27 0.029878
1029.7 0.0 1242.0 92.541 0.029309
0.0 211.95 7.9706 267.26 0.029292
573.25 162.71 597.27 236.5 0.029245
585.72 183.95 614.15 212.07 0.029089
0.0 312.18 14.283 375.0 0.028624
476.88 162.16 492.09 207.92 0.028136
0.0 211.01 22.597 319.08 0.028082
494.96 186.59 516.78 207.39 0.028056
8.8075 181.37 38.826 273.18 0.028031
0.0 318.17 38.182 359.41 0.027732
0.0 166.66 64.047 202.84 0.027618
1218.0 219.43 1242.0 274.74 0.027229
503.76 158.18 550.19 197.6 0.027096
600.57 164.82 612.95 198.62 0.027024
0.0 302.72 18.056 358.05 0.026611
0.0 195.93 7.9519 251.7 0.026594
1205.5 236.1 1242.0 375.0 0.026291
1136.5 8.2777 1242.0 375.0 0.026178
1034.1 101.79 1242.0 285.54 0.025889
0.0 123.33 49.981 238.57 0.025794
1072.6 229.69 1242.0 375.0 0.025634
1177.0 247.97 1242.0 359.54 0.025548
523.79 166.99 535.67 203.44 0.025427
1219.1 227.57 1242.0 284.8 0.025416
1225.8 177.08 1242.0 263.32 0.025277
1208.2 229.46 1242.0 267.9 0.025226
501.13 159.92 512.3 195.46 0.025125
499.96 183.1 512.64 217.99 0.025049
1040.1 134.29 1242.0 316.75 0.024887
0.0 238.81 36.269 278.2 0.024808
0.38489 205.23 30.022 307.12 0.024779
1217.4 346.2 1242.0 375.0 0.024653
1208.7 237.97 1242.0 276.88 0.024533
0.0 147.62 134.01 374.84 0.024429
579.09 169.58 603.85 226.7 0.024278
563.39 161.57 615.87 204.79 0.024238
1207.0 221.33 1242.0 259.31 0.024157
1149.6 166.19 1242.0 249.95 0.024155
1165.3 278.08 1242.0 359.51 0.024122
0.0 176.18 63.167 211.18 0.024046
0.0 152.85 51.639 188.3 0.023952
495.18 166.05 522.25 187.4 0.023722
592.63 172.85 616.2 192.29 0.0237
1047.6 165.9 1242.0 347.65 0.023319
483.58 172.19 500.67 215.08 0.023276
574.0 167.79 584.3 199.5 0.023199
492.0 183.34 507.08 221.57 0.022871
580.33 169.89 615.15 186.45 0.022677
0.0 222.73 8.0439 279.45 0.022616
1199.0 121.34 1242.0 310.56 0.022459
1226.1 258.14 1242.0 351.46 0.022342
583.12 170.75 607.68 224.93 0.0221
1208.7 246.05 1242.0 284.66 0.021844
0.0 180.09 8.0449 234.03 0.021827
476.59 169.19 508.13 196.64 0.021762
0.0 73.819 27.016 264.93 0.021759
461.92 176.42 510.07 200.27 0.021698
1207.6 205.27 1242.0 244.52 0.021631
484.74 145.24 509.24 210.49 0.021604
1238.0 244.09 1242.0 291.93 0.021379
1207.2 213.26 1242.0 251.32 0.021347
0.0 0.0 284.88 218.34 0.021056
436.21 171.66 524.26 209.12 0.020687
0.0 314.1 63.595 375.0 0.020666
0.0 262.84 65.378 375.0 0.020629
0.0 247.2 37.202 285.89 0.020538
0.0 171.18 25.646 226.42 0.020501
509.56 150.7 532.05 213.3 0.020374
0.0 262.41 37.76 301.71 0.020327
478.93 167.09 521.57 189.46 0.020195
470.78 176.93 505.5 206.28 0.020116
0.0 239.43 19.758 294.67 0.02001
483.44 189.19 517.46 208.83 0.019806
947.1 0.0 1242.0 234.35 0.019698
0.0 254.96 37.629 293.96 0.019684
561.55 179.12 600.59 201.83 0.019669
0.0 134.76 33.364 173.35 0.019572
0.0 255.71 20.772 310.63 0.019566
488.32 182.84 503.63 221.4 0.019523
1217.1 203.71 1242.0 257.61 0.019334
598.25 173.25 620.34 191.89 0.019194
1147.6 149.98 1242.0 234.32 0.01911
0.0 325.36 38.518 366.68 0.018987
0.0 207.49 97.807 375.0 0.018933
597.45 180.85 629.05 197.89 0.01892
1215.4 221.77 1242.0 319.69 0.01864
504.32 162.97 533.43 182.14 0.018594
482.37 166.89 511.35 192.06 0.018519
0.0 97.565 189.39 276.28 0.018494
594.66 181.36 619.25 207.96 0.018493
487.48 161.12 511.83 234.62 0.018452
0.0 269.82 38.374 309.12 0.018359
485.06 157.85 498.66 196.97 0.018337
567.92 174.39 589.55 195.53 0.01832
517.79 168.99 550.53 187.93 0.01829
51.453 273.24 401.66 375.0 0.018116
0.0 110.69 44.178 287.21 0.018053
0.0 233.71 7.6557 291.1 0.018003
504.45 178.25 517.58 215.78 0.017914
575.43 168.93 599.42 227.85 0.017913
1143.9 101.15 1242.0 375.0 0.017845
0.0 246.78 22.514 350.17 0.017722
0.0 203.33 91.687 323.06 0.017659
497.36 156.89 508.12 194.43 0.01765
857.77 23.512 1242.0 375.0 0.017639
508.98 177.4 522.19 214.47 0.017486
1207.2 197.59 1242.0 236.85 0.017467
0.0 183.66 64.978 218.54 0.01746
0.0 167.63 7.9966 222.4 0.017454
460.59 156.29 512.34 201.63 0.017423
501.28 161.91 528.43 180.7 0.017321
0.0 175.12 92.194 284.95 0.01725
0.0 188.67 110.24 266.44 0.017216
1237.7 210.19 1242.0 254.54 0.016533
0.0 206.33 114.39 284.44 0.01652
0.0 191.64 66.094 227.07 0.016505
501.55 188.36 531.54 205.55 0.01647
1210.3 343.09 1238.4 375.0 0.016362
1145.1 133.27 1242.0 218.53 0.016278
42.457 183.02 362.79 353.83 0.016141
145.96 206.14 288.24 375.0 0.01611
0.0 236.31 89.492 351.98 0.015936
1188.1 366.94 1242.0 375.0 0.015912
1116.7 338.49 1242.0 375.0 0.015769
579.19 188.19 618.34 209.78 0.01571
1173.5 154.9 1242.0 267.34 0.015649
512.57 163.58 540.54 182.88 0.015525
531.06 171.87 541.12 201.68 0.015496
1078.8 0.0 1242.0 120.01 0.01546
0.0 0.0 13.713 45.979 0.015424
0.0 278.56 36.655 317.44 0.015416
114.33 204.19 256.17 375.0 0.01541
0.0 223.04 112.74 301.63 0.015397
1226.5 164.13 1242.0 246.05 0.015092
602.27 179.2 623.82 201.18 0.01508
0.0 312.13 8.3168 366.54 0.015061
0.0 322.07 18.775 375.0 0.015046
0.0 358.91 20.941 375.0 0.015021
1158.8 312.34 1242.0 375.0 0.014917
1225.5 303.9 1242.0 375.0 0.014876
588.59 171.43 613.11 190.38 0.014797
1036.2 40.86 1242.0 219.14 0.014758
0.0 14.738 210.3 375.0 0.014684
1226.4 281.02 1242.0 371.18 0.01459
0.0 271.62 18.928 325.09 0.014559
483.79 182.24 500.08 222.45 0.014311
10.126 345.33 37.482 375.0 0.014181
469.07 193.61 506.46 213.77 0.014159
1200.2 85.457 1242.0 281.76 0.014073
1215.9 242.38 1242.0 297.5 0.014019
476.45 188.19 505.73 213.44 0.013995
1237.7 253.14 1242.0 298.8 0.01389
1206.2 189.52 1242.0 228.83 0.013867
509.68 180.09 544.59 198.96 0.013862
1147.2 116.75 1242.0 203.19 0.013859
0.0 366.5 53.029 375.0 0.013812
1226.4 121.6 1242.0 204.73 0.013781
1207.4 253.01 1242.0 290.62 0.01378
8.4896 198.4 37.011 291.71 0.013749
478.74 184.32 495.14 223.94 0.013661
0.0 239.96 114.46 318.76 0.013644
0.0 0.0 35.927 19.065 0.013579
468.98 171.17 513.59 193.35 0.013573
0.0 155.67 48.988 209.62 0.013572
1215.7 188.81 1242.0 243.65 0.013557
482.04 190.72 507.4 215.27 0.013517
490.94 164.84 515.8 185.87 0.013498
473.93 189.03 510.81 209.91 0.013496
598.09 178.23 629.53 194.79 0.013472
0.0 127.83 35.894 167.09 0.01347
0.0 199.6 64.827 235.63 0.013458
0.0 254.83 111.99 332.93 0.013393
178.17 215.41 321.2 375.0 0.013357
0.0 157.32 8.6889 215.35 0.013343
0.0 95.251 11.471 190.83 0.013313
528.51 170.41 538.79 201.99 0.013023
0.0 181.24 49.343 233.94 0.012977
0.0 304.22 36.085 343.47 0.012921
433.63 179.44 522.67 218.22 0.012876
467.49 174.37 501.36 203.27 0.012782
472.2 192.44 501.08 217.11 0.01259
495.05 155.5 561.27 189.2 0.012544
126.08 126.89 250.95 375.0 0.012447
1207.9 181.89 1242.0 219.72 0.01227
0.0 197.38 26.198 252.44 0.012253
589.11 186.37 629.34 205.47 0.012191
1184.8 182.19 1242.0 375.0 0.012033
1238.2 231.18 1242.0 277.97 0.011978
0.0 158.97 72.891 196.63 0.011954
1205.5 141.09 1242.0 180.77 0.011949
579.22 148.86 607.18 218.07 0.011915
0.0 305.84 7.0875 358.19 0.011876
0.0 286.41 37.307 325.77 0.011723
562.12 176.97 597.45 196.79 0.011562
517.99 153.03 530.02 191.26 0.011457
490.2 189.54 524.64 205.96 0.01141
0.0 333.73 37.288 375.0 0.011386
1226.8 99.232 1242.0 180.8 0.011356
1146.9 100.78 1242.0 187.17 0.011313
480.97 158.59 494.36 197.2 0.011217
1080.1 85.195 1242.0 323.13 0.011171
474.76 142.13 500.07 214.74 0.011164
586.3 170.02 621.23 186.55 0.011157
1206.0 133.21 1242.0 172.42 0.011116
0.0 273.57 279.68 375.0 0.01109
0.0 0.0 102.42 199.48 0.011065
475.21 176.92 543.34 212.01 0.011044
121.59 275.59 470.91 375.0 0.011009
0.0 335.61 134.84 375.0 0.010952
0.0 294.47 36.559 333.8 0.010902
0.0 120.38 17.957 173.68 0.010894
641.7 165.3 746.86 205.51 0.010837
510.86 160.95 552.03 179.24 0.010814
85.333 203.29 220.22 375.0 0.010747
1226.2 144.29 1242.0 228.29 0.010737
0.0 245.78 7.3782 302.72 0.010692
594.7 173.44 626.09 190.1 0.010685
0.0 208.12 64.635 242.94 0.010676
521.41 175.94 539.92 195.16 0.01066
493.56 158.08 505.38 194.95 0.01059
1087.2 145.14 1242.0 375.0 0.010449
0.0 217.3 53.814 252.3 0.01041
0.0 284.48 19.382 340.93 0.010408
505.51 153.42 515.76 187.27 0.010351
1217.9 251.49 1242.0 304.87 0.01035
0.0 204.85 38.503 258.63 0.010322
448.73 166.57 507.39 216.7 0.010279
12.333 143.99 80.526 324.47 0.010262
472.71 163.29 487.34 207.18 0.010258
1204.9 148.64 1242.0 187.79 0.010255
521.37 154.46 533.95 191.68 0.010216
1181.3 283.78 1242.0 375.0 0.010207
1201.7 52.494 1242.0 247.66 0.010118
606.51 175.14 628.79 193.79 0.010096
513.99 153.14 525.51 189.71 0.010047
1207.8 260.91 1242.0 299.01 0.010018
1215.3 198.89 1242.0 293.31 0.010008
1237.8 219.03 1242.0 261.78 0.010007
402.19 157.48 553.35 227.6 0.0099361
9.2719 201.2 81.113 375.0 0.0098446
1205.5 174.16 1242.0 212.6 0.0098328
0.0 10.667 366.05 363.28 0.009807
467.86 197.87 506.29 218.15 0.0097582
195.12 276.08 534.4 375.0 0.0097444
495.47 160.82 518.75 179.4 0.0096867
1146.6 85.356 1242.0 170.89 0.0096726
212.55 220.72 349.77 375.0 0.0096521
0.0 114.45 20.655 217.22 0.0096364
598.5 184.56 629.64 201.94 0.0095654
467.82 159.86 496.05 244.06 0.009498
3.4147 286.13 35.098 375.0 0.0094545
607.79 168.24 618.83 198.48 0.0094527
478.93 171.75 496.12 217.04 0.009442
1205.6 164.91 1242.0 204.72 0.0094132
491.56 161.12 529.94 178.67 0.0093887
509.35 152.8 520.35 187.3 0.0093833
1204.9 125.08 1242.0 164.2 0.0093548
519.5 170.78 531.7 210.64 0.0093489
1204.6 157.11 1242.0 195.56 0.0093263
1238.2 199.83 1242.0 243.86 0.0093175
0.0 270.17 113.08 347.83 0.009233
0.0 93.354 127.4 313.72 0.0092008
0.0 145.52 50.611 179.78 0.0091826
500.85 154.56 510.46 186.83 0.0090591
610.93 170.97 621.6 203.19 0.0090318
1207.6 117.47 1242.0 155.98 0.0089862
1208.5 219.55 1238.5 327.51 0.0089635
100.83 0.0 390.13 375.0 0.0089118
1129.1 221.09 1242.0 301.74 0.0088984
537.01 0.0 731.97 41.973 0.0088913
1209.8 277.1 1242.0 317.11 0.0088823
0.0 174.31 119.02 248.04 0.0088621
0.0 119.74 34.754 157.96 0.0088487
0.0 144.55 8.5841 204.69 0.0088347
13.088 291.81 83.123 375.0 0.0088263
0.24189 236.98 28.409 339.03 0.0087975
1214.8 174.01 1242.0 225.85 0.0087959
1171.0 122.45 1242.0 236.48 0.0087879
1209.5 350.97 1242.0 375.0 0.0086768
470.11 182.54 504.02 210.68 0.0086576
0.0 213.06 27.783 268.9 0.0086359
739.05 169.88 789.76 189.97 0.0086172
859.6 0.0 1242.0 260.48 0.0085906
531.41 158.54 544.46 193.98 0.0085776
564.16 189.05 605.07 211.48 0.0085448
765.24 165.98 814.6 186.08 0.0085428
876.81 283.56 1192.5 375.0 0.008463
809.06 282.84 1126.2 375.0 0.0084556
1131.7 236.3 1242.0 317.87 0.0084513
529.35 0.0 676.37 208.18 0.008396
522.49 160.18 657.06 228.15 0.0083502
268.22 276.22 594.54 375.0 0.0083128
243.57 219.92 380.27 375.0 0.0083113
969.77 281.32 1242.0 375.0 0.0082963
476.94 188.76 489.92 226.8 0.008205
512.7 177.42 525.39 213.94 0.0081944
1209.7 286.49 1242.0 325.17 0.0081649
558.85 0.0 706.69 212.25 0.0080932
477.03 166.28 505.9 190.71 0.0079859
0.0 155.36 603.05 375.0 0.0079702
524.94 164.65 548.56 185.47 0.0079643
653.41 169.63 757.35 212.8 0.0079633
0.0 225.02 55.481 260.1 0.0079559
0.0 0.0 28.927 25.24 0.0079541
746.25 281.43 1060.8 375.0 0.0079531
24.009 215.71 153.11 375.0 0.0079492
442.16 161.15 524.34 197.41 0.0079199
1046.7 243.86 1177.8 375.0 0.0079196
1238.2 261.33 1242.0 307.06 0.0079002
519.04 145.68 541.0 202.27 0.0078992
1209.0 269.38 1242.0 308.14 0.0078731
1213.4 133.85 1242.0 186.63 0.0078533
885.96 248.66 1013.3 375.0 0.0078428
495.56 157.06 518.08 232.38 0.0078194
0.0 0.0 50.792 100.94 0.0077859
1031.5 9.156 1242.0 186.42 0.0077569
405.24 0.0 808.42 85.98 0.0077492
1209.9 293.57 1242.0 331.57 0.0077253
764.1 162.03 814.23 182.26 0.0076918
766.83 169.61 818.49 189.9 0.0076891
479.36 193.69 512.6 213.23 0.0076782
1202.8 348.7 1231.1 375.0 0.0076534
949.05 247.34 1077.4 375.0 0.0076069
482.42 157.44 551.43 190.9 0.0075771
278.22 229.58 413.38 375.0 0.007571
854.75 249.51 981.24 375.0 0.0075502
917.85 248.89 1045.3 375.0 0.0074913
525.16 155.17 537.83 190.85 0.0074856
310.53 232.74 443.31 375.0 0.0074579
1210.5 333.32 1242.0 370.81 0.007457
448.36 177.32 507.71 226.83 0.0074562
979.93 249.1 1109.9 375.0 0.0074479
1210.8 325.15 1242.0 362.55 0.0074195
567.76 181.95 600.23 212.47 0.007417
66.028 164.39 307.06 345.68 0.0073977
2.7966 161.59 347.81 322.23 0.0073112
1012.7 248.55 1142.6 375.0 0.0072914
1216.4 260.76 1242.0 314.48 0.0072811
55.156 220.02 186.59 375.0 0.00719
0.0 63.617 181.9 245.36 0.0071393
0.0 196.82 50.011 249.8 0.0071295
823.79 250.27 950.25 375.0 0.0071261
675.77 0.0 1242.0 191.65 0.0070941
590.24 159.85 613.42 235.25 0.0070883
572.19 145.02 597.97 215.48 0.0070606
489.2 156.41 501.46 192.06 0.0070008
567.11 170.91 591.8 189.26 0.0069833
517.21 151.13 539.09 210.71 0.006961
115.51 0.0 263.03 216.29 0.006922
105.14 109.68 228.38 375.0 0.0068651
0.0 112.06 74.306 192.84 0.0068449
1208.4 316.92 1242.0 354.68 0.0068134
0.0 342.45 12.863 375.0 0.0067647
0.0 212.52 22.877 235.15 0.0067643
1129.1 205.47 1242.0 284.63 0.006736
602.69 180.32 633.86 196.19 0.0067123
945.09 0.0 1095.8 214.93 0.0066987
148.94 0.0 295.15 214.76 0.0066882
1206.2 109.61 1242.0 146.93 0.0066834
0.0 0.0 259.1 91.799 0.0066745
17.004 0.0 167.51 217.85 0.0066697
158.66 107.36 279.64 375.0 0.0066464
0.0 353.9 36.885 375.0 0.0066438
1181.2 150.19 1242.0 346.08 0.0066411
342.05 233.56 474.48 375.0 0.0066321
1145.0 68.355 1242.0 154.56 0.0066284
496.58 0.0 641.71 206.57 0.0065937
1209.1 301.55 1242.0 339.94 0.0065858
1216.4 276.64 1242.0 331.14 0.0065254
485.78 163.35 511.0 185.35 0.0065149
81.693 0.0 230.39 215.9 0.0064778
145.76 0.0 551.35 92.486 0.006477
0.0 111.58 36.57 149.05 0.0064631
0.0 216.43 22.969 239.3 0.0064598
481.45 163.64 522.16 182.94 0.0064386
304.0 0.0 454.1 215.8 0.0063983
497.2 154.5 507.01 186.99 0.0063953
752.82 158.26 802.35 178.18 0.0063888
1188.5 361.7 1239.8 375.0 0.0063636
0.0 0.0 396.24 88.886 0.0063615
598.93 0.0 674.51 104.62 0.0062859
829.08 0.0 1220.2 90.81 0.0062745
272.23 0.0 423.48 212.24 0.0062646
603.81 177.28 635.04 192.8 0.0062491
1214.8 110.86 1242.0 160.86 0.0062399
583.7 0.0 657.43 107.53 0.0062258
0.0 232.83 21.525 255.46 0.0062056
565.32 172.22 587.89 190.38 0.0061827
466.39 148.34 491.95 223.25 0.0061675
762.94 158.24 813.72 177.96 0.0061662
0.0 258.42 27.307 358.29 0.0061617
1209.1 309.57 1242.0 347.89 0.0061588
0.0 228.83 22.073 251.42 0.0061533
792.35 248.67 918.6 375.0 0.0060826
488.99 173.54 538.83 210.05 0.0060732
0.0 0.0 653.89 186.45 0.0060519
50.212 0.0 201.44 220.89 0.0060502
1225.7 81.875 1242.0 164.03 0.0060417
1212.6 165.73 1242.0 218.4 0.0060346
0.0 295.71 6.1688 349.81 0.0060236
690.36 285.63 1001.5 375.0 0.0060218
1148.8 219.49 1242.0 329.92 0.0060171
1080.2 30.171 1242.0 256.68 0.00601
1207.0 101.53 1242.0 138.68 0.0060075
0.0 0.0 62.511 355.84 0.0059855
472.43 167.82 511.05 187.43 0.0059813
1169.1 366.35 1242.0 375.0 0.0059744
604.3 163.86 617.03 198.94 0.0059388
0.0 0.0 7.0673 21.076 0.0059237
0.0 224.75 22.108 247.42 0.0059134
1238.1 184.97 1242.0 225.54 0.0059026
1212.6 117.95 1242.0 170.69 0.0058922
740.81 173.38 789.73 193.6 0.0058684
333.98 0.0 485.07 215.72 0.0058583
1217.2 314.74 1242.0 368.34 0.0058471
1170.3 294.43 1233.7 375.0 0.0058246
491.22 159.42 513.84 178.94 0.0058081
0.0 214.87 71.597 251.42 0.0057906
155.07 0.0 990.14 172.69 0.0057636
540.62 0.0 834.4 375.0 0.0057162
0.0 220.61 22.474 243.44 0.0057035
1139.4 0.0 1242.0 44.608 0.0056996
592.51 0.0 738.06 216.99 0.0056851
1238.6 189.17 1242.0 231.12 0.0056732
180.89 0.0 325.07 209.02 0.0056638
520.51 164.43 554.78 182.73 0.0056604
567.2 187.31 632.15 223.4 0.0056341
1212.9 150.24 1242.0 202.07 0.0056322
242.66 0.0 391.02 207.95 0.0056101
570.73 167.26 580.53 198.57 0.0056095
476.81 159.65 490.2 196.93 0.0056091
642.38 153.87 798.0 227.44 0.0055954
15.27 166.57 44.009 253.88 0.0055791
541.45 159.88 613.26 196.26 0.0055519
1237.4 179.7 1242.0 220.74 0.0055405
1171.9 89.741 1242.0 205.17 0.0055081
614.7 0.0 690.23 104.96 0.0054384
1216.0 184.58 1242.0 275.5 0.0054208
0.0 300.91 26.292 355.04 0.0054163
420.15 0.0 710.14 375.0 0.0054126
0.0 188.85 22.522 211.22 0.0054124
0.0 196.82 22.393 219.23 0.0054124
468.91 169.86 498.63 194.98 0.0054089
978.0 0.0 1126.1 208.49 0.005397
0.0 192.92 22.535 215.3 0.0053941
0.0 0.0 117.01 41.236 0.0053667
561.35 173.13 596.6 191.27 0.0053636
15.551 180.13 44.698 271.5 0.0053488
1215.2 290.81 1242.0 344.79 0.0053441
462.85 185.5 507.86 207.08 0.0053015
482.41 0.0 771.26 375.0 0.0052774
506.0 186.26 542.9 202.4 0.005272
0.0 153.67 73.83 188.98 0.0052331
0.0 0.0 20.335 9.5593 0.005222
439.03 161.3 572.0 225.98 0.0052204
570.14 175.62 639.68 210.14 0.0052158
1229.6 221.83 1242.0 242.0 0.0052128
0.0 321.48 52.149 357.66 0.0052033
488.55 189.65 502.15 227.96 0.0051886
535.22 167.6 545.31 196.61 0.0051838
0.0 232.88 53.41 268.51 0.0051668
472.97 166.67 500.84 189.84 0.0051245
0.0 329.06 22.045 351.47 0.0051177
0.0 325.6 21.355 347.45 0.0051155
0.0 200.91 22.16 223.0 0.0050908
0.0 204.7 22.519 227.14 0.005055
1144.1 51.903 1242.0 138.5 0.0050292
747.52 166.2 796.17 185.79 0.0050115
376.63 240.66 504.55 375.0 0.0049582
577.04 190.99 615.33 214.92 0.0049533
723.02 171.56 764.43 190.06 0.0049492
0.0 188.94 109.93 301.37 0.0049374
599.12 175.1 629.5 191.45 0.00492
166.41 0.0 456.57 375.0 0.0048855
0.0 321.86 20.62 343.66 0.0048512
0.0 225.8 228.87 375.0 0.004847
753.31 162.14 800.65 182.08 0.0048378
605.83 174.56 617.48 214.0 0.0048287
601.23 174.93 613.51 216.5 0.0048057
157.85 0.0 353.23 42.594 0.0048056
759.61 251.06 883.08 375.0 0.0047945
1201.2 0.0 1242.0 97.083 0.0047801
913.76 0.0 1064.9 219.66 0.0047725
0.0 102.38 32.971 140.37 0.0047565
365.65 0.0 518.72 223.25 0.0047532
445.3 110.83 501.66 276.09 0.0047369
493.37 154.5 504.42 188.81 0.0047274
1229.5 217.71 1242.0 238.29 0.0047038
212.23 0.0 356.25 206.99 0.0046972
0.0 184.49 22.463 207.07 0.0046949
0.0 59.267 77.747 140.96 0.0046833
1208.4 93.653 1242.0 130.59 0.0046705
1121.3 187.67 1242.0 269.82 0.0046695
597.54 170.11 621.65 189.44 0.0046654
350.65 0.0 647.09 375.0 0.0046589
808.7 0.0 1109.8 375.0 0.0046565
492.35 188.51 505.7 227.73 0.0046413
2.0323 114.24 61.35 297.66 0.0046266
9.0171 213.21 36.626 311.58 0.004617
1104.7 0.0 1242.0 221.03 0.0046052
0.0 229.68 11.112 260.44 0.0045981
0.0 313.41 29.235 366.58 0.0045902
0.0 209.82 11.412 240.67 0.0045795
239.69 0.0 648.37 92.882 0.0045693
611.12 0.0 905.73 375.0 0.0045588
0.0 284.31 118.74 361.2 0.0045301
633.28 288.43 933.88 375.0 0.0045157
475.17 197.08 503.78 220.87 0.0045072
461.58 113.02 513.46 268.8 0.0044903
361.22 0.0 1193.6 184.74 0.004489
572.28 182.82 644.58 217.65 0.0044797
0.0 222.03 11.148 252.47 0.0044672
0.0 133.4 7.6916 192.83 0.0044616
463.28 171.33 504.2 191.64 0.0044441
0.0 159.27 121.28 232.51 0.0044265
755.13 154.68 805.89 174.08 0.004425
0.0 240.73 22.041 263.68 0.0044247
1009.2 0.0 1157.2 209.96 0.0044112
527.14 169.34 546.42 189.85 0.0043877
432.43 144.46 550.74 231.06 0.0043722
520.62 161.48 546.34 183.04 0.0043535
0.0 94.293 76.381 174.46 0.0043497
478.64 190.56 493.27 232.79 0.0043212
0.0 180.25 22.579 202.94 0.0042751
227.41 0.0 517.99 375.0 0.0042748
291.72 0.0 585.71 375.0 0.0042483
481.93 161.81 508.07 183.44 0.0042457
1201.1 0.0 1242.0 208.54 0.0042434
732.26 157.36 779.16 178.27 0.0042403
756.86 166.14 804.73 185.76 0.0042279
465.19 190.56 504.81 210.06 0.0041875
1229.8 225.94 1242.0 245.69 0.0041554
1209.0 199.57 1236.9 298.08 0.0041543
0.0 0.0 30.623 212.82 0.0041497
567.46 287.57 878.19 375.0 0.0041434
0.0 75.781 74.791 155.89 0.0041433
569.49 0.0 640.95 108.44 0.0041325
1229.6 214.13 1242.0 234.5 0.004108
0.0 93.998 29.617 132.72 0.0041036
0.0 315.13 53.38 349.65 0.0041016
1230.3 210.32 1242.0 230.35 0.0040952
1196.6 233.05 1242.0 270.06 0.004074
634.73 139.39 814.84 212.95 0.0040714
503.34 160.2 525.17 233.95 0.0040656
0.0 80.819 11.044 174.07 0.0040531
0.0 145.98 100.09 221.27 0.0040371
449.51 157.07 505.14 203.13 0.004008
535.49 162.65 546.11 193.42 0.0040063
0.0 265.82 92.027 375.0 0.0039992
0.0 105.98 19.029 156.55 0.0039954
1213.6 102.02 1242.0 152.31 0.0039938
1235.6 216.91 1242.0 245.37 0.0039902
0.0 43.119 71.85 125.29 0.0039664
1238.4 171.68 1242.0 213.11 0.0039654
0.0 359.46 4.837 375.0 0.0039521
598.74 178.07 612.22 220.5 0.0039515
475.8 171.59 491.22 216.07 0.0039493
937.18 32.651 1207.4 375.0 0.0039275
507.97 139.33 673.83 217.36 0.0039169
408.71 144.42 537.19 239.37 0.0039105
587.37 0.0 779.98 42.446 0.0038977
1150.5 192.26 1242.0 301.15 0.0038847
640.2 156.6 735.94 198.19 0.003879
752.19 170.06 799.66 189.72 0.0038622
433.4 166.9 516.35 203.86 0.003861
0.0 97.69 53.38 208.99 0.0038534
1133.0 266.33 1242.0 346.26 0.00384
719.05 0.0 867.27 216.34 0.0038352
494.8 191.14 515.76 210.95 0.0038272
0.0 372.23 17.26 375.0 0.0038266
433.5 135.76 590.46 212.75 0.0038066
329.89 0.0 738.66 84.553 0.0038012
737.39 0.0 1031.1 375.0 0.0037957
1201.8 223.75 1242.0 273.75 0.0037922
631.42 0.0 703.91 103.94 0.0037814
0.0 193.71 10.611 224.46 0.0037736
593.21 169.52 630.02 186.25 0.003772
727.87 257.64 848.85 375.0 0.0037496
0.0 52.163 100.01 375.0 0.0037427
554.98 0.0 713.49 51.21 0.0037312
0.0 185.95 10.862 216.18 0.0037229
477.95 285.48 795.43 375.0 0.0037062
1215.8 245.23 1242.0 345.01 0.0037054
737.78 166.27 784.65 186.29 0.0036946
446.09 187.88 521.04 224.75 0.0036939
682.28 150.91 879.39 232.17 0.0036861
486.29 156.78 509.3 178.05 0.0036853
686.55 0.0 834.35 219.28 0.0036842
336.22 281.73 660.36 375.0 0.0036837
461.41 0.0 604.3 207.7 0.0036828
0.0 175.89 23.45 199.26 0.0036634
1197.8 242.24 1242.0 279.51 0.0036611
399.66 0.0 548.66 214.19 0.0036322
502.37 0.0 902.48 88.768 0.0036266
0.0 244.63 21.699 268.12 0.0036227
8.5185 246.46 35.389 342.27 0.0036086
16.949 345.66 44.598 375.0 0.0036028
524.18 171.37 535.13 210.79 0.0035999
1195.9 224.59 1242.0 260.4 0.0035889
589.37 0.0 1001.3 91.446 0.0035673
520.98 160.09 559.06 178.46 0.0035664
573.28 168.46 645.63 201.49 0.0035566
696.4 261.13 816.29 375.0 0.0035506
0.0 325.82 11.314 355.23 0.0035482
657.47 152.78 841.15 228.59 0.003531
621.21 0.0 766.04 210.04 0.0035197
0.0 275.51 7.5992 331.85 0.0034928
0.0 240.83 53.169 276.25 0.0034782
480.71 154.37 493.31 190.97 0.0034741
0.0 288.55 6.5081 340.5 0.0034738
0.0 32.41 186.3 213.13 0.0034611
0.0 229.93 27.771 285.0 0.0034605
0.0 145.41 47.945 196.86 0.0034582
596.22 161.22 619.37 234.35 0.0034554
473.6 163.55 498.35 245.85 0.0034541
489.74 194.24 520.38 211.18 0.0034387
764.53 173.43 814.75 193.59 0.0034203
669.8 0.0 955.23 375.0 0.0034186
495.43 171.83 558.31 203.14 0.0034158
7.7272 195.87 25.844 260.31 0.0034154
472.7 160.91 485.39 197.97 0.0033803
1198.6 217.15 1242.0 253.27 0.0033717
664.32 258.27 784.94 375.0 0.0033654
1167.2 165.43 1228.6 359.78 0.0033373
632.31 256.57 753.5 375.0 0.0033363
507.6 184.66 531.87 201.54 0.0033356
745.71 158.12 793.07 177.68 0.0033341
491.85 0.0 689.49 42.678 0.0033305
1152.6 297.45 1216.8 375.0 0.0033253
427.76 0.0 575.71 211.27 0.0033244
409.18 252.77 533.86 375.0 0.0033193
0.0 193.02 11.967 256.07 0.003316
0.0 332.98 20.384 355.12 0.0033151
459.13 181.05 505.19 203.01 0.0033096
774.32 165.72 1242.0 375.0 0.0033035
611.65 166.83 622.7 198.08 0.0032999
601.38 256.08 723.51 375.0 0.0032988
592.34 147.04 617.65 216.34 0.0032947
0.0 208.3 12.195 271.58 0.0032877
0.0 220.86 39.045 275.71 0.0032706
1208.4 85.792 1242.0 122.44 0.0032626
732.53 161.39 778.8 181.77 0.0032561
0.0 327.24 54.391 363.93 0.0032549
1202.9 231.88 1242.0 285.24 0.003254
1230.0 206.02 1242.0 226.02 0.0032517
654.87 0.0 801.45 217.13 0.0032438
1201.9 223.2 1230.8 323.49 0.003235
484.45 159.86 520.71 177.31 0.0032302
748.89 0.0 897.32 214.07 0.0032256
0.0 319.91 9.2842 348.6 0.0032043
0.0 237.62 11.472 268.44 0.0031964
8.0946 0.0 80.777 109.99 0.0031858
753.39 173.66 800.32 193.58 0.0031807
0.0 219.44 114.05 344.11 0.0031803
0.0 202.48 10.726 232.63 0.0031693
880.51 60.932 1145.7 375.0 0.0031671
526.36 159.27 551.19 181.34 0.0031518
0.0 171.62 24.175 195.46 0.0031499
0.0 252.93 22.165 275.95 0.0031454
1039.7 0.0 1188.0 216.02 0.003121
520.8 181.95 549.75 198.33 0.0031202
0.0 317.89 21.507 339.23 0.0031125
11.645 204.02 30.299 267.7 0.0031104
880.11 0.0 1032.3 225.26 0.003106
0.0 248.76 21.987 272.08 0.0030979
11.557 192.73 29.723 256.46 0.0030952
111.92 0.0 305.71 40.973 0.0030947
0.0 87.128 29.63 125.27 0.0030847
566.41 172.33 576.83 213.57 0.00308
1227.1 63.599 1242.0 146.09 0.0030675
594.13 117.58 933.02 283.04 0.0030653
463.28 0.0 755.76 115.63 0.0030459
480.76 163.27 504.63 243.17 0.0030431
394.18 139.41 568.93 215.06 0.0030426
413.87 285.0 729.19 375.0 0.0030196
570.68 253.08 694.36 375.0 0.0030178
1222.2 0.0 1242.0 36.32 0.0030154
483.27 191.43 498.31 234.07 0.0030027
577.84 160.08 631.99 203.77 0.0030009
468.46 202.54 506.81 222.35 0.0029845
61.252 0.0 257.27 42.05 0.0029841
0.0 257.09 21.874 279.91 0.0029677
0.0 0.0 174.85 152.59 0.0029676
570.72 173.96 589.05 228.41 0.0029512
515.86 180.58 538.89 198.22 0.0029447
540.42 259.29 662.94 375.0 0.002936
4.1875 195.75 21.541 259.67 0.0029209
99.106 158.55 349.66 340.77 0.0029121
730.8 170.13 774.86 190.08 0.0029043
723.46 175.39 765.19 193.6 0.0028978
1143.4 34.881 1242.0 123.04 0.0028837
473.59 183.22 486.35 222.95 0.0028753
0.0 267.11 7.091 322.32 0.0028741
0.0 0.0 15.708 12.185 0.0028706
1197.6 208.88 1242.0 245.64 0.0028683
69.938 68.512 200.33 375.0 0.0028626
525.67 172.02 544.49 191.1 0.0028539
1197.6 249.56 1242.0 286.4 0.0028514
1231.1 198.81 1242.0 218.67 0.0028491
563.0 143.83 588.25 214.06 0.0028456
354.28 156.04 538.06 231.69 0.0028442
469.33 164.86 482.32 205.37 0.0028302
431.64 103.04 488.9 280.21 0.0028287
1235.9 205.95 1242.0 233.25 0.0028137
722.55 158.22 766.32 177.04 0.0028108
549.14 157.78 602.89 204.19 0.0028082
489.36 151.34 500.66 186.26 0.0028064
1238.1 130.66 1242.0 172.93 0.0027956
203.41 0.0 273.53 108.79 0.0027867
