1140.7 149.59 1242.0 375.0 0.99957
350.69 189.25 422.0 227.59 0.99954
1164.7 167.7 1242.0 373.62 0.99919
601.46 179.8 631.18 209.09 0.99887
1120.1 129.14 1238.8 349.07 0.99813
898.34 151.42 1023.3 375.0 0.99678
360.33 186.24 424.19 220.25 0.99675
1147.5 122.41 1241.4 317.92 0.99517
806.47 175.4 871.26 332.2 0.99505
1134.0 112.6 1227.3 304.28 0.99445
1009.5 156.7 1242.0 375.0 0.99061
1180.0 225.75 1242.0 375.0 0.98787
1194.0 196.97 1242.0 375.0 0.98444
1103.4 118.95 1210.9 325.01 0.97986
1198.0 246.34 1242.0 375.0 0.97878
1089.5 129.93 1220.8 371.24 0.97695
1189.7 163.08 1242.0 355.54 0.97538
358.64 190.18 416.62 225.19 0.96932
796.65 158.17 864.6 329.85 0.95981
598.22 179.21 635.29 204.41 0.95818
813.08 179.75 868.99 318.08 0.95313
1172.0 104.27 1242.0 291.47 0.94653
806.43 175.09 858.48 304.75 0.94653
1124.3 112.99 1209.2 291.07 0.9452
1153.4 100.61 1237.7 277.45 0.94275
345.43 185.48 407.26 231.07 0.93206
1207.8 191.83 1242.0 359.45 0.92859
1196.7 189.15 1242.0 375.0 0.92626
597.95 184.57 633.82 208.36 0.92402
1208.2 263.84 1242.0 375.0 0.9223
789.72 167.53 885.73 317.37 0.92083
808.5 169.02 854.39 278.86 0.91928
1142.0 238.03 1241.8 375.0 0.91732
370.27 187.76 417.35 221.86 0.91508
850.73 170.32 1106.9 375.0 0.90947
897.33 128.63 997.53 331.71 0.90633
1123.7 203.82 1242.0 375.0 0.89757
884.72 162.18 986.76 375.0 0.89606
361.48 186.1 416.25 217.49 0.89068
918.33 185.76 1006.6 375.0 0.88621
1205.7 138.05 1242.0 286.24 0.87507
365.03 185.83 415.22 208.91 0.87399
816.97 171.55 862.65 283.57 0.87163
1039.4 103.21 1242.0 321.51 0.86387
831.04 123.01 1100.1 360.44 0.8465
1082.0 146.54 1242.0 375.0 0.84182
1197.4 126.96 1242.0 306.99 0.83635
1193.2 269.4 1237.2 375.0 0.83487
609.98 176.49 628.75 211.74 0.8198
1219.8 258.95 1242.0 372.77 0.81337
802.13 168.47 848.61 294.98 0.81042
928.21 40.451 1242.0 375.0 0.79316
370.75 185.45 421.18 213.25 0.78883
603.37 186.18 630.91 210.67 0.76999
1195.4 250.23 1242.0 375.0 0.76994
614.24 175.42 629.64 210.13 0.7666
822.31 151.94 1134.6 335.58 0.76534
815.39 206.17 1128.9 375.0 0.76473
889.92 120.61 979.59 316.62 0.76003
497.35 185.86 519.29 202.26 0.75561
910.26 108.16 1000.4 293.54 0.74775
1220.7 212.74 1242.0 340.37 0.74439
1198.7 141.41 1237.0 279.09 0.73076
1048.0 200.34 1242.0 375.0 0.73007
1184.0 252.66 1235.9 375.0 0.72118
1211.3 145.9 1242.0 262.34 0.71899
927.71 183.61 1242.0 373.25 0.71676
1181.0 196.18 1242.0 348.23 0.71496
377.0 184.83 414.56 210.1 0.70559
795.64 145.62 1057.1 375.0 0.69965
1211.5 158.41 1242.0 294.88 0.69469
604.07 176.8 622.7 208.01 0.68914
339.45 193.73 419.84 230.47 0.67788
805.0 169.8 843.58 266.59 0.67276
347.85 194.87 411.82 226.57 0.67114
1091.6 114.45 1189.1 331.34 0.66822
772.96 160.3 884.09 290.43 0.66391
606.03 175.26 626.33 211.39 0.65601
843.42 125.48 1242.0 375.0 0.65554
1156.4 262.98 1242.0 375.0 0.64485
1114.5 75.031 1242.0 350.9 0.64077
1198.7 93.218 1242.0 268.02 0.6368
1222.3 164.91 1242.0 261.62 0.63317
378.93 185.98 422.76 217.96 0.62771
1138.1 98.112 1242.0 375.0 0.62575
607.5 177.81 630.76 205.13 0.61901
999.66 229.36 1242.0 375.0 0.61075
601.51 175.25 619.22 210.93 0.60569
1180.9 205.98 1235.5 375.0 0.60437
884.13 129.75 1026.6 375.0 0.59556
779.74 181.76 899.09 335.97 0.59462
1056.6 156.2 1191.6 375.0 0.58861
1222.0 292.2 1242.0 375.0 0.58244
1122.1 255.92 1242.0 364.26 0.57563
818.13 175.38 838.39 227.15 0.56549
762.64 183.5 911.22 297.95 0.56483
369.52 183.58 413.65 204.97 0.5557
816.84 179.32 839.77 248.19 0.55297
813.35 180.22 834.68 247.77 0.5455
657.19 150.01 1242.0 375.0 0.54373
1052.9 0.0 1242.0 375.0 0.53746
814.68 176.8 833.15 227.54 0.53605
382.52 183.07 419.96 208.07 0.53587
1183.8 171.84 1242.0 314.66 0.5292
804.75 138.64 879.16 307.18 0.52118
816.99 153.53 883.8 326.64 0.51745
369.92 183.95 421.75 224.78 0.51482
1207.4 121.14 1241.1 252.8 0.51403
1181.0 270.52 1242.0 375.0 0.50493
918.89 151.26 1050.1 375.0 0.49987
1118.4 112.51 1236.2 262.44 0.49806
1221.9 183.35 1242.0 289.1 0.49647
1214.3 131.71 1242.0 241.7 0.49171
849.51 94.518 1015.5 375.0 0.48729
1210.7 175.53 1242.0 325.51 0.4868
493.59 186.55 522.82 203.52 0.48546
1223.4 146.3 1242.0 239.54 0.47668
126.64 188.29 141.53 240.92 0.47474
1085.0 146.89 1242.0 342.09 0.47233
609.16 178.32 625.5 218.55 0.46422
1187.8 145.19 1242.0 271.39 0.4627
363.05 182.28 424.66 211.62 0.459
784.0 143.62 855.97 311.47 0.4582
605.63 176.96 622.11 218.02 0.44564
1185.2 278.62 1242.0 367.87 0.43173
813.61 133.7 1112.4 293.56 0.43167
820.26 179.83 844.84 254.85 0.43073
1151.7 135.58 1202.4 277.74 0.42923
810.92 178.85 829.09 232.37 0.41549
828.22 182.46 876.46 310.03 0.41475
339.93 186.45 414.37 219.98 0.40037
1165.8 249.13 1242.0 352.33 0.40024
374.64 185.97 407.62 207.64 0.39155
597.17 175.77 635.63 199.25 0.39151
1204.2 145.33 1242.0 333.81 0.38746
819.42 171.57 858.43 261.87 0.38488
1034.0 265.97 1242.0 375.0 0.38037
745.94 175.19 900.45 273.65 0.38005
811.05 182.9 830.75 245.18 0.37418
1224.3 132.29 1242.0 220.52 0.37254
920.37 116.51 1015.4 339.0 0.3715
1176.8 237.2 1228.3 375.0 0.36865
820.96 173.12 842.75 229.91 0.36741
1054.8 58.343 1212.9 375.0 0.36281
709.09 65.031 1242.0 375.0 0.3595
800.31 181.63 868.11 257.27 0.35748
822.91 166.52 870.0 272.85 0.35686
1075.9 245.24 1242.0 375.0 0.3517
1185.4 119.16 1242.0 236.49 0.34864
385.3 179.71 407.04 227.53 0.34774
375.96 179.9 408.0 234.77 0.33971
618.89 174.71 631.91 210.26 0.33929
1188.1 135.49 1233.4 286.6 0.33822
1046.7 80.751 1242.0 253.78 0.33757
369.52 177.38 400.74 233.04 0.33493
896.26 199.95 974.46 375.0 0.32995
382.32 179.7 402.35 226.6 0.32868
1090.5 62.118 1242.0 282.55 0.32794
1132.8 182.3 1242.0 375.0 0.32512
804.36 100.79 1066.2 324.53 0.32418
1163.7 219.45 1242.0 326.89 0.32123
1135.7 222.59 1242.0 345.8 0.32007
1072.1 141.32 1242.0 254.49 0.30897
1097.1 212.34 1242.0 352.23 0.30809
362.35 176.22 393.58 236.65 0.30623
958.9 149.05 1242.0 344.44 0.29816
1137.6 5.2907 1242.0 323.17 0.29336
925.39 96.603 1014.4 293.25 0.2877
726.08 141.89 1077.8 344.85 0.28677
609.71 175.89 631.9 199.88 0.28118
382.52 176.33 412.2 237.03 0.28107
873.81 38.849 1168.2 375.0 0.28099
1160.5 113.7 1242.0 247.65 0.27819
899.1 230.94 1023.9 375.0 0.26986
390.16 172.34 409.45 222.56 0.26923
346.16 191.2 407.89 220.42 0.26358
608.58 170.48 625.35 207.87 0.26071
387.35 186.78 420.26 214.91 0.25445
1067.6 164.31 1242.0 288.06 0.25158
1096.7 116.64 1213.4 258.21 0.25144
378.65 178.25 399.13 227.33 0.24963
1163.1 194.85 1242.0 291.49 0.24923
1165.4 147.69 1242.0 235.8 0.24891
1174.6 291.73 1239.5 370.06 0.24641
873.71 129.57 958.28 329.86 0.24358
1168.9 162.46 1242.0 252.72 0.24306
1224.9 112.13 1242.0 197.72 0.24149
1166.8 285.55 1237.1 375.0 0.24134
774.76 147.26 841.44 338.56 0.24104
1165.8 179.32 1242.0 274.57 0.23691
1181.0 315.02 1242.0 375.0 0.23391
1196.2 295.97 1242.0 366.15 0.23388
824.87 177.54 847.54 259.47 0.22953
885.74 138.68 1014.5 300.6 0.22803
1111.8 146.7 1242.0 245.55 0.2234
759.33 204.27 910.61 322.76 0.22214
1178.6 133.07 1224.8 280.32 0.22149
1084.4 181.62 1242.0 308.77 0.2201
808.09 187.54 875.92 270.87 0.21939
395.34 174.76 413.4 222.22 0.21798
941.19 257.7 1242.0 375.0 0.21741
1164.6 131.83 1242.0 219.43 0.21127
1150.1 326.05 1242.0 375.0 0.21083
1093.8 133.98 1242.0 231.95 0.20965
787.22 186.05 882.14 235.42 0.20925
1223.7 339.91 1242.0 375.0 0.20368
613.05 178.48 635.12 205.48 0.20081
799.78 174.65 860.75 234.49 0.1978
820.12 72.715 980.57 375.0 0.1975
494.33 187.92 517.5 204.73 0.19607
1169.2 125.45 1216.2 277.48 0.19365
1029.4 141.66 1164.1 375.0 0.18731
1126.1 201.66 1242.0 319.9 0.18729
630.66 99.726 1156.6 375.0 0.1857
797.11 157.77 835.95 277.18 0.18417
1181.0 165.33 1239.7 363.28 0.18014
1212.6 289.11 1242.0 375.0 0.17952
1140.0 136.57 1185.5 267.44 0.17825
1160.8 118.72 1242.0 203.54 0.17794
600.82 174.36 616.05 218.41 0.17548
1151.8 286.68 1222.6 375.0 0.17498
795.88 161.65 838.09 314.02 0.17469
1236.3 168.14 1242.0 219.22 0.17291
1130.5 189.61 1211.6 375.0 0.17273
821.51 0.0 1112.9 375.0 0.17179
1236.9 177.71 1242.0 232.22 0.17159
1215.8 338.2 1242.0 375.0 0.17094
881.18 228.29 1059.7 359.3 0.17055
1237.0 139.4 1242.0 188.39 0.17021
600.73 177.88 627.8 203.03 0.1694
927.78 146.05 1032.5 375.0 0.16885
1133.3 163.71 1242.0 261.76 0.16527
1180.1 265.44 1224.7 375.0 0.16404
1236.7 188.53 1242.0 242.98 0.16388
865.78 199.61 1074.6 342.98 0.16378
939.65 145.39 1078.6 375.0 0.16244
853.5 216.7 1208.2 375.0 0.16168
1129.7 179.13 1242.0 282.73 0.16032
1236.9 151.64 1242.0 202.97 0.15896
913.83 212.14 987.32 375.0 0.15855
389.08 173.61 404.46 214.7 0.15715
1132.7 286.58 1242.0 375.0 0.157
789.64 181.74 875.9 225.74 0.15575
1200.8 122.36 1236.3 245.06 0.15424
1212.3 285.09 1239.3 367.42 0.15389
391.99 174.31 407.44 217.69 0.15151
808.61 177.2 871.76 234.8 0.15081
808.98 270.09 1176.7 375.0 0.15079
1147.3 128.74 1192.8 270.02 0.15041
825.17 172.66 845.16 232.95 0.14837
979.26 192.03 1138.3 375.0 0.14807
1209.0 330.39 1241.2 375.0 0.14702
1153.6 303.7 1242.0 357.17 0.14641
1204.2 287.71 1242.0 360.84 0.14455
385.2 171.56 400.33 213.03 0.14348
1106.7 161.97 1206.8 375.0 0.14332
587.78 177.84 645.38 210.26 0.13896
807.6 178.73 825.1 228.86 0.13807
1117.2 91.787 1191.0 267.28 0.13757
1117.6 316.77 1242.0 375.0 0.13744
1218.1 290.75 1242.0 359.36 0.13597
398.73 177.35 416.63 220.78 0.13475
1215.5 111.72 1242.0 207.79 0.1344
1220.0 149.84 1242.0 214.13 0.13378
848.4 189.79 1058.3 315.01 0.13351
1102.0 107.41 1175.0 284.92 0.13312
791.42 193.1 889.09 246.6 0.12969
604.81 176.45 639.16 196.03 0.1295
355.92 172.42 384.28 236.14 0.12792
1222.2 163.85 1242.0 231.82 0.12776
1089.8 328.83 1242.0 375.0 0.12729
746.47 0.80527 1040.6 375.0 0.12699
1221.9 136.67 1242.0 195.85 0.12595
845.24 260.09 1110.3 375.0 0.12244
590.04 171.7 636.65 211.61 0.12152
491.16 190.67 519.7 206.43 0.12145
1137.5 135.6 1242.0 225.31 0.12141
1076.3 35.952 1237.8 364.89 0.11835
605.84 168.85 619.9 205.39 0.1165
375.83 172.66 393.9 223.81 0.11568
1221.3 354.26 1242.0 375.0 0.11303
878.33 158.98 1189.9 337.85 0.11181
1236.6 130.37 1242.0 177.88 0.11164
601.03 185.08 626.24 208.94 0.11138
1215.1 164.24 1234.5 242.46 0.11107
1219.3 128.62 1242.0 187.89 0.1103
1214.8 270.44 1242.0 349.28 0.10663
614.67 175.51 634.8 198.08 0.10553
0.0 170.4 13.645 261.62 0.10184
816.49 183.76 849.22 217.59 0.10132
859.63 153.87 1043.2 259.1 0.10089
381.83 172.78 396.19 213.69 0.1007
829.85 174.71 850.64 256.57 0.099679
1218.0 114.01 1242.0 173.45 0.098311
1055.8 108.41 1191.9 375.0 0.097259
1236.0 111.96 1242.0 161.09 0.096714
598.92 175.84 612.06 213.17 0.096118
0.0 137.65 14.428 238.07 0.094739
1182.4 90.605 1242.0 207.18 0.094675
1038.5 44.871 1242.0 223.25 0.094632
1208.4 361.12 1242.0 375.0 0.092865
1202.2 336.37 1234.1 375.0 0.092729
853.32 0.0 1242.0 325.12 0.091191
853.07 113.37 1116.6 320.4 0.08969
1080.1 131.05 1223.1 299.22 0.089032
318.27 177.93 443.48 238.24 0.08865
372.23 177.9 390.39 228.34 0.087643
615.19 179.43 629.5 220.02 0.08744
915.02 65.664 1059.4 370.89 0.086577
988.8 131.95 1123.0 375.0 0.086102
1131.9 102.71 1242.0 232.73 0.085855
605.12 182.86 640.61 203.17 0.084964
1172.9 178.83 1232.1 371.47 0.083695
1138.4 286.4 1206.2 375.0 0.083683
388.81 185.09 418.26 204.78 0.083333
789.41 81.762 934.94 375.0 0.081943
1236.2 120.69 1242.0 168.74 0.081664
1157.2 105.06 1242.0 188.07 0.080985
402.35 180.23 418.18 221.76 0.080778
1219.0 161.87 1238.6 237.28 0.080696
890.96 190.97 1046.8 375.0 0.080689
385.07 190.03 424.62 210.88 0.080503
363.76 167.92 390.73 229.62 0.080381
701.46 153.78 997.75 310.82 0.079828
1224.9 134.52 1241.6 195.52 0.076643
349.77 201.21 409.6 229.35 0.07646
820.44 120.91 897.23 311.31 0.076027
1220.8 140.22 1238.1 205.78 0.075807
730.95 107.72 1102.5 304.01 0.07565
1158.5 115.77 1209.2 293.77 0.07508
811.34 191.79 883.34 291.45 0.074913
357.94 185.94 411.91 226.54 0.07486
1200.0 47.246 1242.0 231.36 0.074728
1204.1 123.96 1242.0 164.86 0.074059
1206.5 131.99 1242.0 172.47 0.072733
1189.1 118.82 1230.3 257.88 0.072354
387.75 171.77 415.72 240.0 0.071135
1208.4 107.05 1239.4 215.22 0.070473
1204.9 159.39 1242.0 223.13 0.070272
1236.5 196.69 1242.0 258.36 0.069948
809.09 187.24 855.85 211.91 0.068765
1215.0 262.72 1242.0 363.28 0.067584
819.89 175.19 836.43 217.09 0.066167
1216.5 137.39 1235.0 208.1 0.066067
851.21 184.23 1006.6 375.0 0.065918
848.52 182.16 1048.5 284.45 0.065786
1206.8 140.01 1242.0 179.4 0.065421
1208.6 148.05 1242.0 188.12 0.065328
1226.4 89.381 1242.0 177.72 0.065265
1205.6 164.63 1242.0 204.7 0.064423
835.8 0.0 1242.0 185.83 0.064247
1039.3 160.58 1242.0 257.95 0.063911
832.59 167.83 873.83 284.24 0.063659
1220.5 317.16 1242.0 375.0 0.062935
1208.5 156.67 1242.0 197.21 0.062858
0.0 185.42 20.742 236.45 0.062781
748.69 173.11 874.76 301.4 0.061994
350.2 189.52 403.19 228.27 0.061919
1215.4 177.19 1235.1 254.13 0.061536
492.28 182.4 519.69 198.09 0.061454
1169.0 219.82 1219.9 371.16 0.061298
606.56 180.6 641.12 198.95 0.060816
0.0 184.05 10.959 273.97 0.060556
807.19 183.96 825.51 245.51 0.060313
123.56 185.67 137.81 241.03 0.05986
1229.1 134.75 1242.0 193.05 0.059424
1179.6 58.421 1242.0 259.17 0.059253
873.65 145.49 1060.4 246.34 0.058893
766.44 168.72 927.87 262.08 0.058322
1026.7 0.0 1242.0 90.427 0.058244
1206.3 307.24 1242.0 367.55 0.058123
816.47 177.96 830.96 217.8 0.057566
1206.5 147.56 1242.0 205.5 0.057206
378.76 171.56 393.0 211.87 0.057006
1204.7 315.67 1242.0 356.92 0.0567
1204.5 356.27 1242.0 375.0 0.056618
1138.7 0.0 1242.0 191.44 0.056583
0.0 206.94 11.4 299.24 0.056052
728.92 129.04 968.3 327.08 0.055689
0.0 191.51 32.104 230.45 0.055533
1103.6 124.75 1242.0 211.66 0.055346
1205.9 172.14 1242.0 213.02 0.055316
740.04 183.13 1033.1 359.18 0.05506
815.18 187.01 851.06 224.45 0.054291
1163.8 290.41 1242.0 347.34 0.054237
1217.2 253.25 1242.0 337.25 0.053985
1082.4 267.3 1242.0 369.1 0.053858
1236.2 216.64 1242.0 280.24 0.053739
1233.2 138.91 1242.0 191.9 0.053121
335.79 185.57 395.7 229.72 0.053069
1170.9 265.43 1242.0 368.73 0.052774
853.97 142.62 989.81 286.85 0.052534
1206.7 179.78 1242.0 222.4 0.052505
798.84 161.2 831.44 252.01 0.052339
760.13 83.608 902.45 375.0 0.052241
1141.5 118.62 1180.3 231.05 0.052041
1197.0 164.03 1242.0 237.5 0.051857
1216.1 231.18 1242.0 312.44 0.051838
1237.0 308.9 1242.0 363.88 0.051828
607.0 175.3 629.83 195.85 0.051542
1221.5 287.68 1242.0 368.23 0.050824
602.99 192.55 636.23 210.51 0.050724
928.12 142.11 976.2 281.52 0.050573
0.0 263.62 179.21 375.0 0.050561
354.44 195.58 406.4 232.79 0.050385
802.14 180.86 891.51 224.5 0.050308
876.33 157.47 961.62 375.0 0.050194
1206.8 117.43 1242.0 157.14 0.049715
1148.1 116.82 1189.3 231.86 0.049602
885.52 0.0 969.64 107.01 0.049404
584.95 170.88 644.95 206.19 0.049339
0.0 196.88 65.561 375.0 0.049295
1223.8 162.19 1241.4 237.95 0.048863
807.44 191.49 857.83 217.94 0.048481
1203.9 307.39 1242.0 350.19 0.048472
0.0 183.6 34.859 222.7 0.048277
823.78 165.37 1016.3 257.74 0.048074
1223.3 187.27 1242.0 257.65 0.048041
367.86 186.89 399.66 206.08 0.047658
616.39 168.34 628.56 202.28 0.047315
394.35 176.78 406.25 211.91 0.047312
0.0 0.0 133.26 375.0 0.047311
613.25 168.73 625.86 204.4 0.047226
498.72 181.79 509.26 203.33 0.047072
125.68 184.26 139.38 234.18 0.046992
131.0 196.12 144.04 239.85 0.04699
1153.0 89.838 1242.0 172.86 0.046703
729.26 195.25 906.99 280.95 0.046699
1177.1 303.62 1242.0 351.83 0.046501
1204.9 322.95 1242.0 364.8 0.046355
1193.9 339.43 1224.0 375.0 0.046338
784.79 260.07 1058.2 375.0 0.046137
813.6 183.04 841.53 211.39 0.046116
1224.4 144.53 1241.0 210.81 0.045726
1202.0 296.62 1242.0 342.22 0.045354
0.0 134.86 323.95 375.0 0.044819
0.0 169.01 19.29 221.79 0.044806
771.72 123.49 838.23 304.19 0.044758
367.94 178.34 385.24 230.39 0.044676
811.97 188.32 844.07 223.09 0.044393
813.25 177.63 827.03 217.31 0.044309
1206.6 174.55 1242.0 241.41 0.044017
808.46 181.63 832.42 258.47 0.04355
0.0 167.89 35.126 207.65 0.043483
1221.4 132.05 1238.2 192.57 0.0433
492.1 189.56 513.79 205.93 0.043297
0.0 175.32 34.913 215.72 0.043232
600.67 191.38 628.02 212.52 0.043052
1194.2 154.45 1242.0 217.92 0.04266
603.43 166.37 626.93 233.0 0.042284
1216.9 215.98 1242.0 296.71 0.042122
0.0 192.84 18.749 245.23 0.042033
1134.0 130.96 1176.1 265.78 0.041961
1209.5 281.7 1233.8 367.94 0.041915
1216.3 94.831 1242.0 187.28 0.041343
1205.8 187.95 1242.0 230.43 0.041194
610.87 173.74 632.14 194.13 0.040823
823.85 173.39 840.7 218.18 0.040669
811.44 181.83 853.16 203.91 0.04016
833.9 176.85 854.17 256.81 0.040074
1049.8 143.57 1240.8 225.12 0.039943
1196.6 138.98 1241.5 198.95 0.039938
372.32 170.47 388.2 222.83 0.039424
814.2 152.62 1019.5 242.72 0.039345
1155.7 113.71 1197.1 235.54 0.039257
1234.8 218.93 1242.0 293.13 0.039157
1233.1 149.91 1242.0 206.28 0.038865
0.0 136.6 25.92 315.88 0.038851
0.0 223.23 10.779 318.42 0.03854
1233.5 175.06 1242.0 237.43 0.038135
1175.0 314.66 1242.0 356.85 0.038108
692.91 117.41 1032.1 289.12 0.038054
1232.4 165.78 1242.0 223.42 0.037973
1068.4 172.0 1242.0 375.0 0.037778
1205.1 299.92 1236.1 375.0 0.037535
797.99 196.52 896.38 261.53 0.037384
1197.9 289.19 1242.0 334.41 0.037315
940.91 0.0 1242.0 235.44 0.037279
1189.3 278.75 1225.3 375.0 0.037205
1179.6 114.48 1221.7 258.24 0.036873
1131.7 120.73 1170.3 229.02 0.036694
1014.3 47.22 1170.8 375.0 0.036601
0.0 198.28 30.479 236.19 0.036475
1196.0 363.95 1242.0 375.0 0.035761
1120.8 286.43 1190.5 375.0 0.035723
1236.6 293.44 1242.0 352.82 0.035609
807.71 92.698 1141.3 252.51 0.035512
0.0 164.92 19.459 254.82 0.035157
1219.4 174.77 1237.9 249.35 0.035104
1217.2 130.91 1234.5 193.45 0.034804
1077.4 103.35 1161.3 324.16 0.034548
0.0 129.14 183.46 307.65 0.034237
1032.9 186.26 1242.0 294.45 0.034109
1173.0 258.58 1216.2 375.0 0.033906
0.0 256.91 125.19 375.0 0.033855
0.0 168.01 21.19 348.98 0.033611
0.0 160.29 34.787 199.29 0.033572
1163.9 113.03 1203.9 240.62 0.033398
883.43 19.309 1036.5 359.29 0.033353
1075.0 0.0 1242.0 120.1 0.033253
796.13 122.7 864.71 292.34 0.032888
1234.8 230.38 1242.0 308.72 0.032841
0.0 334.17 80.929 375.0 0.032744
0.0 188.83 66.745 269.94 0.0327
501.85 181.31 512.06 204.0 0.032668
804.48 187.09 853.01 332.91 0.0323
386.41 192.39 427.16 214.76 0.032188
839.31 0.0 1013.5 42.932 0.032093
858.68 133.07 930.16 340.24 0.03198
126.47 197.65 141.9 248.31 0.031828
398.38 183.67 416.08 228.49 0.031743
603.16 172.48 636.82 191.26 0.031498
601.6 161.85 624.06 224.44 0.031238
1220.0 146.19 1238.7 224.26 0.031064
601.8 168.05 614.13 203.65 0.031007
1229.1 167.86 1242.0 238.26 0.030901
941.14 111.86 1242.0 295.74 0.030776
0.0 153.64 19.28 205.93 0.030586
0.0 204.65 64.834 285.11 0.030506
612.66 185.48 635.82 210.23 0.030499
693.96 271.63 1058.1 375.0 0.030466
1134.0 229.0 1204.9 375.0 0.030407
922.68 135.22 969.58 291.66 0.030265
965.1 89.351 1242.0 258.94 0.030239
1220.4 194.18 1242.0 267.9 0.030157
845.5 142.76 908.05 336.0 0.030042
308.85 162.74 450.81 229.84 0.029849
769.48 187.62 931.94 272.94 0.029467
809.55 176.13 823.6 217.06 0.029456
830.22 172.75 848.79 234.38 0.029343
1199.7 0.0 1242.0 90.837 0.029332
1228.8 144.73 1242.0 206.61 0.029137
1215.7 149.81 1235.4 226.52 0.029063
1144.1 344.21 1176.2 375.0 0.028999
388.5 175.44 411.53 234.75 0.028877
0.0 32.905 67.706 375.0 0.028846
1140.8 0.0 1242.0 43.672 0.028764
1204.3 196.2 1242.0 237.87 0.028737
620.29 169.12 631.62 201.32 0.028508
1232.4 130.69 1242.0 179.67 0.028464
0.0 206.95 31.928 245.76 0.028203
491.47 275.85 823.78 375.0 0.028089
721.17 170.4 902.87 250.63 0.028036
859.9 4.6922 1010.0 374.21 0.02798
622.34 175.51 633.98 208.68 0.027869
0.0 222.15 61.597 300.52 0.027712
363.13 177.44 380.38 229.48 0.02768
1078.7 303.88 1242.0 375.0 0.027566
1206.5 109.59 1242.0 149.58 0.027448
908.85 289.81 979.45 375.0 0.027434
0.0 110.98 237.07 375.0 0.027396
815.87 180.16 847.92 207.5 0.027201
1233.4 187.24 1242.0 246.96 0.027016
592.96 184.84 628.71 206.22 0.027008
834.98 162.21 871.3 254.78 0.026916
0.0 230.28 32.769 270.09 0.026864
1186.0 340.79 1215.6 375.0 0.026841
872.63 90.386 947.67 278.86 0.026825
0.0 174.58 49.118 282.26 0.026688
616.25 172.93 636.92 192.72 0.026473
598.87 176.84 623.13 199.42 0.026333
814.51 168.74 848.29 252.31 0.026301
599.19 195.76 634.78 214.51 0.02625
347.21 187.8 406.52 213.78 0.026219
1203.3 248.83 1242.0 344.06 0.026201
1211.9 171.02 1231.3 252.07 0.026179
822.6 195.21 970.16 375.0 0.026149
1152.5 341.2 1184.6 375.0 0.026089
858.16 105.68 935.17 297.39 0.026088
0.0 224.56 19.391 276.23 0.02578
1186.7 353.93 1237.1 375.0 0.025774
901.91 0.0 983.12 105.96 0.025734
872.48 0.0 955.0 114.62 0.025663
610.97 168.69 623.11 203.6 0.025632
1228.0 159.04 1242.0 225.32 0.025562
1227.4 72.275 1242.0 160.87 0.025486
1217.9 100.15 1242.0 158.48 0.025384
0.0 276.41 32.103 375.0 0.02538
346.04 180.18 422.66 213.55 0.025296
0.0 148.07 20.614 242.87 0.025141
942.2 88.282 1026.9 303.04 0.025089
848.73 0.0 1002.6 215.89 0.025057
373.76 174.55 396.63 234.82 0.024974
1224.5 129.36 1240.6 181.67 0.024946
608.6 182.82 623.31 226.81 0.024929
812.58 190.01 852.26 235.27 0.024893
1237.1 105.45 1242.0 154.46 0.024883
0.0 172.38 68.29 254.16 0.024631
1228.5 128.41 1242.0 179.41 0.024599
807.8 156.7 876.83 372.91 0.02436
802.92 196.09 855.77 222.3 0.024278
1080.4 320.48 1216.5 375.0 0.024243
590.89 177.02 628.54 196.55 0.024217
877.1 112.69 1016.0 270.73 0.024002
397.74 177.56 409.71 211.39 0.023937
0.0 238.34 33.365 277.17 0.023736
0.0 159.66 176.56 333.67 0.023565
733.38 71.684 876.87 375.0 0.023228
1171.3 117.08 1211.9 241.55 0.023105
0.0 215.3 35.342 255.44 0.023038
0.0 0.0 354.79 191.33 0.023019
0.0 205.95 46.35 312.08 0.02291
841.32 176.38 877.08 291.93 0.022891
0.0 235.02 9.5877 333.51 0.02283
1197.6 250.03 1242.0 296.2 0.022817
0.0 222.4 32.911 262.23 0.02254
806.73 196.8 862.54 227.14 0.022473
821.28 166.9 854.72 248.34 0.022462
1148.4 74.149 1242.0 157.62 0.022403
1203.3 224.12 1242.0 319.74 0.022395
1205.1 203.67 1242.0 245.64 0.022376
0.0 239.6 57.42 315.68 0.022348
801.75 176.32 885.71 216.6 0.022038
889.61 258.1 1011.0 375.0 0.022031
0.0 183.79 18.673 269.85 0.022013
851.33 166.7 989.29 323.15 0.021944
1200.1 273.94 1242.0 320.42 0.021831
497.64 186.1 508.24 214.62 0.021818
854.88 0.0 995.0 65.149 0.021814
1198.6 152.85 1242.0 190.83 0.021788
735.7 0.0 1112.5 91.22 0.021689
923.01 162.69 968.28 327.74 0.021647
808.82 187.5 837.16 220.23 0.02162
1235.8 276.44 1242.0 348.78 0.0215
1177.5 338.73 1207.0 375.0 0.021483
859.45 156.38 907.06 178.48 0.021349
686.31 23.372 964.37 375.0 0.021337
1238.6 316.52 1242.0 370.89 0.021284
859.9 161.0 906.32 182.26 0.02126
1025.7 4.0176 1242.0 187.92 0.02121
804.17 177.61 820.46 227.06 0.021104
1211.5 351.36 1242.0 375.0 0.021088
374.52 171.13 386.73 211.29 0.021078
1136.0 346.54 1168.1 375.0 0.021051
937.64 143.79 983.42 290.71 0.020986
592.95 177.35 639.85 216.41 0.020967
598.26 182.13 620.88 207.18 0.020933
0.0 153.1 34.355 192.03 0.020906
910.16 157.0 948.18 286.64 0.020902
808.46 182.21 835.15 210.65 0.020848
1160.9 342.46 1192.4 375.0 0.020831
1195.9 242.52 1242.0 288.2 0.020803
605.11 183.5 619.54 228.15 0.020729
924.54 288.49 994.94 375.0 0.020586
915.87 149.48 957.14 288.59 0.020458
0.0 208.07 17.398 261.54 0.020375
736.99 152.78 865.87 268.85 0.020303
848.05 139.19 1035.2 226.66 0.020127
1196.9 265.35 1242.0 311.76 0.020079
1186.5 298.93 1242.0 343.99 0.020078
1231.9 111.17 1242.0 163.59 0.019995
0.0 204.69 18.025 375.0 0.01978
0.0 0.0 175.3 96.872 0.019731
1163.2 0.0 1242.0 50.751 0.019694
851.21 331.01 1039.4 375.0 0.019573
931.39 163.77 976.53 324.76 0.019521
1215.3 199.42 1236.2 292.69 0.019408
1169.7 338.92 1199.7 375.0 0.01926
321.28 187.75 448.96 250.84 0.019209
1195.9 160.88 1242.0 200.32 0.019073
1222.9 0.0 1242.0 36.69 0.019034
1197.1 315.59 1242.0 369.08 0.019001
1196.1 169.14 1242.0 207.61 0.018969
1211.8 155.72 1230.7 235.55 0.018545
823.35 0.0 972.82 212.26 0.018525
618.67 175.14 638.53 196.13 0.018439
0.0 146.11 18.065 197.76 0.01842
732.09 158.44 905.91 238.98 0.018414
1224.7 176.64 1241.4 249.57 0.018414
1198.9 234.88 1242.0 281.43 0.018345
0.0 192.36 6.6025 242.93 0.018331
887.9 274.92 1052.7 369.13 0.018263
0.0 246.01 32.646 286.04 0.018113
1178.5 362.68 1242.0 375.0 0.01808
893.27 287.01 963.68 375.0 0.017997
0.0 256.4 52.224 330.96 0.017966
1220.7 128.62 1236.7 181.98 0.01789
1202.3 110.36 1232.6 214.16 0.017841
0.0 99.107 26.71 292.27 0.017798
0.0 121.41 132.05 344.22 0.01779
920.85 189.46 971.9 375.0 0.017723
0.0 155.19 64.989 238.49 0.017723
1188.2 241.43 1242.0 349.46 0.017567
787.01 209.46 929.38 375.0 0.017493
808.98 164.63 839.36 243.72 0.017488
1180.9 60.489 1242.0 179.26 0.017411
1224.1 111.57 1240.5 165.83 0.017396
1227.9 109.33 1242.0 164.84 0.017245
0.0 325.41 50.694 375.0 0.017199
876.6 0.0 1031.4 206.54 0.016922
122.26 184.22 135.71 232.55 0.016912
757.33 204.86 893.37 375.0 0.016899
1194.3 175.77 1242.0 215.34 0.016894
1219.9 112.46 1236.6 165.31 0.016746
122.42 202.02 146.02 235.67 0.016732
841.61 110.31 915.39 304.47 0.016537
894.17 153.91 1030.3 317.52 0.016502
773.96 78.871 1058.9 291.34 0.01644
869.33 192.89 1075.1 295.66 0.016407
568.59 229.06 703.44 375.0 0.016375
379.94 170.54 405.92 228.21 0.016317
789.7 173.99 859.49 375.0 0.016231
813.79 186.52 860.96 208.15 0.016061
306.98 164.52 425.69 251.07 0.016036
0.0 186.35 6.1519 231.32 0.015962
608.18 166.68 630.52 231.63 0.015901
854.94 265.79 1051.1 360.42 0.015888
1174.6 146.67 1228.8 340.76 0.015857
618.14 177.92 637.36 200.19 0.015763
790.84 163.08 823.68 262.52 0.015667
1203.6 212.04 1242.0 255.45 0.015486
363.2 187.49 397.96 210.47 0.015434
1117.2 363.19 1204.0 375.0 0.015408
1178.9 323.02 1242.0 363.76 0.015406
903.45 159.88 937.76 280.91 0.015404
1234.8 258.7 1242.0 339.1 0.015334
348.63 192.01 394.34 222.35 0.015282
377.8 179.39 416.43 198.33 0.015267
1236.0 138.39 1242.0 169.92 0.015259
494.95 182.43 505.2 209.42 0.015256
1061.3 245.07 1242.0 363.94 0.015249
1127.2 121.53 1160.8 222.72 0.015224
1207.9 102.33 1242.0 140.82 0.015218
861.42 165.66 906.32 186.33 0.015125
369.71 177.68 392.69 235.47 0.015087
1191.0 226.32 1242.0 330.46 0.015062
1229.3 182.26 1242.0 248.84 0.015014
0.0 240.14 18.718 292.35 0.014945
873.19 174.33 1073.2 274.44 0.014941
358.31 177.53 374.81 228.55 0.014896
0.0 178.1 25.787 224.84 0.014808
722.37 211.16 904.96 294.06 0.014773
609.88 189.74 642.23 208.16 0.014712
1185.0 313.18 1235.1 371.65 0.014637
1198.7 298.17 1229.7 375.0 0.014625
948.9 32.05 1089.0 375.0 0.014606
801.29 185.53 844.59 208.19 0.014588
400.89 176.94 413.67 210.42 0.01458
1194.6 126.26 1242.0 180.71 0.014502
1202.7 227.95 1242.0 273.48 0.014369
779.18 179.22 867.82 221.34 0.014356
0.0 240.42 43.398 343.19 0.014349
368.72 169.4 383.73 225.95 0.014329
907.19 74.513 982.54 276.5 0.014192
0.0 119.8 13.094 217.44 0.014188
349.2 165.72 372.77 237.27 0.014135
1049.1 204.32 1242.0 336.9 0.014003
0.0 272.17 49.815 347.64 0.01398
837.94 178.62 858.09 255.82 0.013817
1216.4 112.2 1233.0 165.86 0.013666
536.81 221.91 672.64 375.0 0.013639
362.02 180.44 384.33 234.2 0.013591
1209.8 92.484 1238.4 194.52 0.013568
0.0 250.89 10.451 350.9 0.013551
1104.3 0.0 1242.0 212.67 0.013543
612.58 183.25 626.57 226.13 0.01352
408.6 277.32 739.56 375.0 0.013454
1134.5 113.16 1242.0 193.48 0.013454
928.24 184.29 981.39 370.27 0.013453
1228.6 141.49 1242.0 161.89 0.013432
606.3 160.48 628.95 223.55 0.013424
1129.3 360.83 1184.2 375.0 0.01338
708.45 207.95 1069.7 375.0 0.013303
609.42 173.6 643.48 190.16 0.013303
1180.6 169.03 1242.0 210.23 0.013297
916.78 176.74 959.5 325.77 0.013271
0.0 184.66 48.945 220.37 0.013195
803.42 185.2 819.7 237.21 0.013194
1156.7 92.511 1242.0 214.61 0.01316
1186.4 147.8 1238.1 209.21 0.013115
1150.1 57.395 1242.0 141.29 0.013111
0.0 192.73 44.829 228.39 0.013104
873.89 317.82 1011.2 375.0 0.013087
496.03 180.02 505.72 203.44 0.01306
1201.1 211.87 1242.0 302.74 0.012986
148.55 0.0 929.32 168.76 0.012951
1227.6 56.921 1242.0 145.34 0.012942
1.2024 166.86 26.911 254.15 0.012933
1229.5 145.21 1242.0 165.84 0.012929
1193.6 182.96 1242.0 224.05 0.012922
802.02 192.99 847.71 216.03 0.012922
121.06 195.18 145.52 231.47 0.01282
358.76 184.04 401.83 204.62 0.012793
1201.7 220.29 1242.0 264.0 0.012744
803.19 189.25 846.91 211.55 0.012716
866.87 160.43 900.92 184.5 0.012695
360.56 171.55 389.78 261.44 0.012653
386.11 170.62 410.94 228.63 0.012646
407.6 179.55 419.99 219.12 0.012585
1227.7 125.09 1242.0 146.17 0.012585
598.46 232.31 730.55 375.0 0.01243
597.24 175.63 609.58 221.43 0.012408
353.24 186.6 399.65 207.21 0.012396
0.0 142.78 50.928 252.23 0.012383
65.978 209.56 112.67 229.05 0.012382
1234.7 118.3 1242.0 150.25 0.012313
701.65 176.5 735.54 192.95 0.012288
493.8 185.51 513.91 201.13 0.012247
1226.4 294.67 1242.0 366.39 0.012229
729.38 235.09 859.93 375.0 0.012178
828.34 172.14 843.54 218.24 0.012147
1207.6 184.95 1242.0 260.64 0.012099
801.96 183.2 842.86 203.61 0.012093
831.64 173.83 846.71 225.93 0.012081
0.0 202.52 17.743 222.83 0.012076
1235.5 244.49 1242.0 322.5 0.012071
941.37 289.17 1011.1 375.0 0.012058
128.22 186.93 140.65 232.48 0.011985
830.0 164.77 862.15 245.22 0.011889
0.0 254.47 33.246 292.98 0.011845
865.79 108.62 1206.3 286.81 0.011841
1032.7 328.03 1233.6 375.0 0.011776
0.0 141.55 73.226 222.51 0.011775
0.0 198.96 17.362 219.01 0.011731
1103.1 284.97 1171.7 375.0 0.011713
1236.3 144.41 1242.0 178.0 0.011674
552.97 282.03 870.8 375.0 0.011637
791.01 170.86 850.84 229.76 0.011527
0.0 0.0 64.288 172.54 0.011525
792.21 163.46 828.81 297.58 0.011369
605.92 166.71 617.51 201.33 0.011279
578.43 180.91 646.01 214.96 0.011255
1128.2 347.18 1159.0 375.0 0.011188
1227.8 129.1 1242.0 150.03 0.011126
501.61 183.38 512.48 213.49 0.011096
0.0 177.33 6.4622 223.7 0.011089
1049.0 129.56 1233.2 208.84 0.011013
0.0 262.38 32.187 301.01 0.010962
1235.3 131.15 1242.0 161.75 0.010954
1218.8 198.18 1239.3 287.23 0.010944
364.73 0.0 655.08 375.0 0.010874
494.75 186.14 504.55 215.67 0.010859
504.94 229.63 640.93 375.0 0.010813
597.56 172.95 609.31 208.03 0.010813
1207.9 94.959 1242.0 132.75 0.010795
1216.7 127.01 1232.6 182.4 0.010778
1229.9 149.07 1242.0 170.09 0.010761
1236.4 157.33 1242.0 189.84 0.010739
1087.4 97.852 1155.1 276.39 0.010691
619.2 180.91 631.48 221.69 0.010611
809.36 193.28 840.55 230.55 0.010582
869.04 164.52 900.32 187.77 0.010578
1212.9 144.14 1229.7 223.79 0.010471
384.36 181.43 420.1 197.93 0.01046
1147.8 69.231 1220.7 257.43 0.010382
783.54 0.0 1067.0 121.96 0.01038
765.88 149.79 888.58 264.78 0.010372
792.98 155.11 922.13 281.38 0.010351
896.13 168.32 928.26 289.85 0.010332
0.0 0.0 267.59 244.21 0.010307
1228.2 133.23 1242.0 153.84 0.010182
1229.0 137.63 1242.0 157.82 0.010168
0.0 177.14 51.91 213.4 0.010107
352.25 140.98 403.16 273.75 0.010069
0.0 206.16 20.076 294.67 0.01006
1136.9 293.8 1242.0 353.64 0.0098537
0.0 145.71 34.104 183.77 0.0098333
596.22 177.88 617.64 199.29 0.0097869
797.62 206.14 905.23 278.43 0.0097852
1120.1 344.66 1151.3 375.0 0.009782
1107.5 147.93 1212.6 192.8 0.0097619
368.41 170.3 396.41 258.94 0.0097541
380.72 183.19 409.28 202.85 0.0097491
869.5 155.88 903.58 180.7 0.009721
1184.6 138.45 1242.0 175.27 0.0096987
0.0 288.34 53.134 362.53 0.0096626
851.69 157.8 900.8 178.79 0.0095409
371.29 186.01 440.22 218.86 0.0095043
1200.8 0.0 1242.0 16.958 0.0094984
0.0 138.93 58.447 375.0 0.0094886
295.49 0.0 595.78 375.0 0.0094601
404.5 176.09 417.09 211.8 0.0093786
1166.6 245.13 1209.5 375.0 0.0093528
590.45 180.67 627.02 199.19 0.0093164
613.13 177.02 646.12 193.04 0.0093155
0.0 263.35 11.401 368.92 0.0093091
0.0 206.02 18.686 225.98 0.0092753
1203.2 0.0 1242.0 197.73 0.0092619
1183.6 130.26 1242.0 167.29 0.009249
1209.5 258.94 1234.8 359.46 0.0092156
1184.6 146.49 1242.0 183.77 0.0091526
672.39 103.33 934.59 304.45 0.009149
1185.3 284.42 1242.0 332.68 0.0091168
878.73 196.05 897.08 257.25 0.0090613
0.0 170.03 6.2079 215.98 0.0090113
0.0 190.19 161.88 366.15 0.0090035
1216.9 84.502 1242.0 141.45 0.0089793
1194.9 190.88 1242.0 232.86 0.0089737
1196.2 177.4 1242.0 255.02 0.0089691
703.68 178.22 729.26 195.6 0.008941
358.0 193.42 435.67 230.23 0.0089384
27.447 0.0 793.73 185.97 0.0089138
0.0 248.86 17.531 300.11 0.0089053
1098.5 362.34 1186.5 375.0 0.0089041
793.83 178.16 860.7 248.61 0.0088896
856.56 0.0 935.36 115.01 0.0088837
364.21 170.47 378.38 222.88 0.0088588
0.0 196.5 10.535 222.69 0.0088418
878.84 146.39 895.01 190.81 0.0087943
332.08 199.14 418.55 236.99 0.0087859
344.55 279.71 669.57 375.0 0.0087176
0.0 170.67 51.904 205.7 0.0087143
629.37 281.72 963.14 375.0 0.0087101
1229.9 152.74 1242.0 174.11 0.0086821
0.0 163.0 25.942 210.54 0.0086739
596.85 162.88 620.88 238.97 0.0086625
803.53 181.18 830.86 205.18 0.0086623
1113.9 140.33 1222.8 187.27 0.0086616
787.88 0.0 935.89 212.55 0.0086504
596.68 173.25 631.79 191.56 0.0086154
876.6 287.15 947.27 375.0 0.0085688
714.32 83.592 1102.7 258.46 0.0085618
213.38 284.89 520.26 375.0 0.0085112
0.0 124.64 69.579 205.51 0.0084736
1.1672 181.64 24.564 267.19 0.0084523
101.38 0.0 408.41 375.0 0.0084325
0.0 224.18 86.839 375.0 0.0084309
983.32 37.311 1130.3 375.0 0.0084141
275.4 282.84 585.61 375.0 0.0084045
489.6 184.8 511.07 201.56 0.0083794
1237.2 171.7 1242.0 205.77 0.0083491
0.0 0.0 376.48 362.39 0.0083295
815.28 179.88 993.64 260.94 0.008244
0.0 0.0 131.24 119.05 0.0082328
0.0 362.94 38.483 375.0 0.0082318
808.41 185.4 906.2 229.89 0.0082313
1235.7 168.47 1242.0 201.7 0.0082307
805.1 171.97 819.27 215.2 0.0081603
370.75 171.86 382.3 215.33 0.0081566
876.0 147.85 891.34 189.94 0.0081408
319.84 0.0 681.9 83.683 0.0081395
924.32 234.94 996.02 375.0 0.0081364
942.45 240.76 984.76 375.0 0.0081288
1172.6 159.95 1242.0 202.08 0.0080748
887.31 172.48 916.71 276.91 0.0080449
863.14 169.81 906.31 190.17 0.0080401
824.27 137.38 960.87 265.75 0.0080357
1230.8 169.41 1242.0 189.98 0.0080343
944.92 139.01 991.2 280.85 0.0080214
474.08 230.9 607.18 375.0 0.0080193
1072.9 158.37 1117.3 176.54 0.0080138
0.0 0.0 588.45 179.31 0.0080083
423.14 0.0 716.0 375.0 0.0079714
612.71 181.17 644.36 197.72 0.007965
1.374 150.19 27.219 239.78 0.0079246
803.5 0.0 989.03 39.475 0.0079164
1141.1 311.14 1242.0 362.31 0.0079072
228.16 0.0 524.24 375.0 0.0078969
0.0 342.96 12.842 375.0 0.007891
918.67 71.245 999.25 274.8 0.0078795
820.49 176.08 888.9 230.37 0.0078713
1208.7 87.128 1242.0 124.88 0.0078533
1177.3 152.25 1242.0 192.06 0.0078411
1228.4 121.56 1242.0 142.39 0.0078245
0.0 194.51 18.419 214.5 0.007811
164.86 0.0 468.36 375.0 0.0078018
919.17 0.0 997.65 111.92 0.0077978
357.89 180.22 379.31 234.0 0.0077405
1213.7 296.46 1236.0 375.0 0.0077204
893.17 70.528 964.61 267.98 0.0076083
0.0 66.88 28.688 263.93 0.0076083
381.01 175.53 403.99 235.7 0.0076021
1232.5 302.69 1242.0 366.36 0.0075807
1236.6 360.35 1242.0 375.0 0.0075605
45.594 199.44 57.962 237.97 0.0075147
1135.1 363.2 1219.4 375.0 0.0074552
630.07 233.33 757.12 375.0 0.0074208
0.0 202.58 9.7324 229.75 0.0073986
636.14 29.219 885.0 375.0 0.0073867
339.5 135.83 393.18 285.5 0.0073769
700.24 172.25 734.08 189.72 0.007329
1235.9 191.63 1242.0 226.7 0.007321
0.0 200.71 46.328 234.81 0.0073088
1074.1 162.48 1118.0 180.37 0.0072876
623.55 168.79 633.96 200.13 0.0072794
398.11 187.5 421.34 207.27 0.0072764
0.0 10.129 190.66 375.0 0.0072738
0.0 270.29 32.269 308.56 0.0072634
863.9 157.71 898.66 181.13 0.0072605
1112.2 344.37 1142.1 375.0 0.0072206
372.47 166.72 397.58 230.42 0.0072123
480.61 161.69 1168.9 375.0 0.0072107
1150.6 41.809 1242.0 125.4 0.0071816
0.0 221.25 18.965 308.71 0.0071616
0.0 186.76 18.08 206.96 0.0071422
374.25 169.91 403.38 263.23 0.0070952
1171.8 358.51 1223.1 375.0 0.0070768
86.56 0.0 455.31 89.166 0.0070539
847.61 161.68 896.64 182.33 0.007049
950.59 257.15 988.01 375.0 0.0070097
1184.3 166.32 1238.4 246.43 0.0070056
1142.6 117.95 1176.2 209.94 0.0069546
911.34 0.0 1057.6 202.31 0.006953
360.38 175.79 373.16 220.72 0.0069486
1205.3 280.84 1229.3 365.01 0.0069462
147.5 283.02 465.4 375.0 0.0068955
260.89 0.0 1055.0 192.72 0.0068868
876.29 156.33 890.49 195.84 0.0068831
851.53 165.54 900.2 186.05 0.0068829
947.57 157.12 990.31 320.6 0.0068632
