0.0 192.19 182.84 347.1 0.99993
453.14 183.64 515.64 207.03 0.99759
0.0 196.86 201.52 348.61 0.99696
13.396 198.17 149.42 327.43 0.99504
446.21 184.6 504.17 207.56 0.99468
12.392 213.57 196.4 330.38 0.99374
0.0 205.74 165.53 310.91 0.99224
460.78 181.44 507.09 209.33 0.99122
458.43 180.98 524.8 204.95 0.98811
450.82 181.96 495.74 209.28 0.98351
12.243 208.36 127.87 307.65 0.9762
467.15 180.13 514.43 207.6 0.97511
453.77 181.74 522.64 205.99 0.96485
0.0 172.16 164.79 360.5 0.95503
443.26 182.79 517.64 209.21 0.9167
0.78432 196.52 110.89 315.66 0.91122
9.5389 221.04 141.06 357.46 0.90678
458.44 178.38 516.77 211.19 0.89878
474.97 179.82 522.2 206.48 0.89128
11.291 185.65 113.49 362.5 0.86916
10.764 188.51 79.986 365.39 0.86319
4.3842 224.79 109.56 345.02 0.85177
472.26 181.3 536.12 204.23 0.84476
23.55 177.76 147.47 351.19 0.80825
0.0 220.91 136.54 323.65 0.77801
0.0 178.13 239.59 328.26 0.76972
0.0 190.17 51.938 354.34 0.7666
50.974 181.87 163.29 347.33 0.7633
40.158 195.57 205.5 338.55 0.7401
454.17 179.41 511.13 203.17 0.73597
449.62 183.5 491.36 203.99 0.72019
454.28 183.4 484.7 206.78 0.68514
70.405 178.96 172.5 330.94 0.68093
0.0 245.63 26.509 367.16 0.67375
0.0 193.86 153.54 287.28 0.67103
0.0 81.596 302.32 375.0 0.6676
0.0 118.04 400.37 375.0 0.66204
488.53 180.21 527.6 205.55 0.65671
6.3187 191.05 117.65 292.58 0.64534
446.3 177.47 504.43 213.16 0.62622
16.343 186.33 95.232 319.78 0.62299
463.86 179.84 530.33 200.98 0.61795
21.526 181.87 116.49 328.33 0.60713
0.0 237.82 36.454 361.8 0.60584
7.6256 178.72 74.218 317.99 0.59535
20.573 149.12 153.15 375.0 0.59246
11.538 179.81 128.79 375.0 0.58617
0.0 215.36 74.698 328.92 0.57946
15.768 202.64 203.84 305.85 0.5637
2.9344 211.02 68.382 375.0 0.55712
454.88 176.17 533.36 205.92 0.54904
0.0 217.79 256.35 375.0 0.52751
0.0 181.95 35.37 372.25 0.49959
0.0 138.8 113.27 375.0 0.49155
452.22 180.24 497.68 202.55 0.4881
0.0 251.45 20.232 375.0 0.46288
36.806 182.91 134.47 371.88 0.45733
0.0 240.24 67.299 357.45 0.45225
487.29 182.06 536.99 202.43 0.43349
0.0 246.44 127.69 346.06 0.41812
4.1298 248.96 42.796 364.44 0.40338
56.873 152.76 168.61 375.0 0.40221
0.0 0.0 163.0 375.0 0.39577
0.0 234.18 19.293 353.84 0.39302
0.0 163.66 50.652 311.66 0.38232
614.3 177.82 630.18 192.68 0.37927
0.0 102.52 76.512 375.0 0.37304
0.0 191.29 73.241 288.65 0.37203
499.79 180.31 530.67 201.64 0.3715
0.0 217.92 33.219 336.27 0.36604
0.0 143.92 181.51 318.66 0.36551
15.58 162.83 85.699 309.07 0.36013
0.0 259.46 159.84 351.05 0.35504
0.0 326.27 17.916 375.0 0.34338
0.0 230.62 49.472 347.69 0.33814
1.8069 188.51 31.67 290.36 0.32404
0.0 251.71 96.639 366.49 0.32185
0.0 330.45 25.939 375.0 0.31728
0.0 217.27 17.469 337.26 0.30746
0.0 217.63 99.741 301.41 0.30292
0.0 231.92 99.416 321.43 0.29707
0.0 261.83 33.326 375.0 0.29421
450.3 187.79 499.9 211.85 0.29117
463.42 176.25 523.42 217.02 0.28937
0.0 185.74 17.081 293.38 0.28776
8.3452 192.86 39.733 283.64 0.28621
434.16 185.01 512.57 213.16 0.27466
480.92 184.68 531.49 205.01 0.27011
616.8 179.37 631.85 193.28 0.26606
506.91 181.17 533.52 200.17 0.26258
479.59 180.26 536.02 199.12 0.26149
0.0 190.08 23.923 295.29 0.2597
66.143 190.53 151.58 364.46 0.25645
497.97 182.78 538.98 201.48 0.25053
458.99 174.49 478.36 213.94 0.24939
31.897 156.3 123.23 337.13 0.24718
96.361 189.36 172.95 350.0 0.24214
0.0 271.7 35.844 375.0 0.23476
0.0 208.18 23.194 320.76 0.2332
0.0 147.83 32.385 325.5 0.23253
512.06 180.62 537.42 198.83 0.22566
4.1698 227.5 46.204 346.94 0.22484
60.907 227.38 214.85 314.22 0.21767
468.62 185.71 522.26 207.93 0.21434
0.0 248.99 85.263 334.7 0.20594
0.0 263.61 49.502 375.0 0.20499
0.0 207.81 94.481 285.17 0.20223
482.19 175.8 502.06 217.81 0.20007
0.0 276.09 17.658 375.0 0.199
462.87 173.73 481.9 214.21 0.19821
0.0 232.43 28.724 375.0 0.1919
445.42 186.05 486.44 206.17 0.19073
450.66 183.08 477.6 207.31 0.18995
466.97 171.69 486.05 216.1 0.18882
478.32 175.13 498.33 217.0 0.18781
0.0 187.85 202.95 281.48 0.18561
487.22 174.91 505.46 216.65 0.18553
0.0 263.43 81.894 348.39 0.18126
314.52 178.45 330.88 220.98 0.18021
456.35 174.24 473.04 211.77 0.17667
0.0 316.79 55.029 375.0 0.17665
0.0 212.88 87.405 259.28 0.17455
316.17 185.39 331.34 226.67 0.17433
0.0 334.75 82.827 375.0 0.17059
474.37 173.5 494.39 215.72 0.16887
469.98 174.23 490.15 215.35 0.16787
1.7968 201.73 55.888 260.26 0.16538
0.0 131.06 235.02 290.25 0.16473
0.0 266.43 122.08 355.69 0.15995
318.48 185.25 334.46 225.82 0.1592
0.0 349.22 18.943 375.0 0.15876
0.0 272.98 250.73 375.0 0.15227
491.56 173.72 509.25 215.95 0.15101
0.0 273.25 44.56 335.03 0.14886
0.0 0.0 17.583 48.92 0.14461
318.17 177.74 333.64 219.32 0.13522
0.0 315.94 28.083 375.0 0.13323
0.0 273.67 23.917 337.51 0.13308
24.438 179.39 187.54 311.13 0.13051
0.0 359.02 42.135 375.0 0.13042
438.55 179.1 497.13 217.54 0.12719
21.594 206.63 99.339 375.0 0.12558
58.83 142.93 154.83 340.41 0.12472
453.22 181.12 479.28 203.06 0.12454
6.2166 212.11 42.412 323.6 0.12442
2.5878 268.96 63.212 337.74 0.12345
1226.1 160.2 1242.0 248.37 0.12299
0.0 278.29 80.095 363.02 0.1195
0.0 266.83 20.279 329.44 0.11583
0.0 94.918 144.9 316.3 0.11448
1198.5 289.86 1242.0 375.0 0.10996
0.0 204.56 22.346 260.46 0.10971
494.93 180.4 542.58 198.02 0.10852
0.0 351.8 25.794 375.0 0.10741
508.29 182.99 542.71 199.54 0.10733
1225.7 190.05 1242.0 283.91 0.10702
0.0 173.46 14.836 277.26 0.10613
0.0 245.96 135.35 375.0 0.10496
0.0 288.03 24.281 375.0 0.10452
621.82 180.67 636.85 194.25 0.10322
17.89 248.17 209.43 333.17 0.10276
1146.6 330.03 1242.0 375.0 0.10255
618.99 177.89 628.28 199.48 0.10223
0.0 0.0 30.833 24.139 0.10028
469.93 172.44 528.83 213.1 0.099612
0.0 262.89 27.576 324.0 0.09875
0.0 0.0 33.656 94.638 0.097285
8.111 333.8 39.268 375.0 0.097273
461.94 175.78 476.21 210.73 0.096714
15.542 80.005 159.76 373.26 0.096579
1225.7 175.04 1242.0 263.94 0.096458
83.629 196.03 160.36 364.03 0.095495
453.15 175.13 466.42 209.53 0.094243
622.23 177.43 636.74 191.34 0.093514
495.11 175.63 512.56 216.3 0.0935
0.0 211.08 19.2 267.97 0.093316
0.0 0.0 39.217 19.299 0.092444
1200.8 143.83 1242.0 322.14 0.092208
612.62 181.07 635.34 194.94 0.092153
0.0 248.24 44.89 314.31 0.090977
0.0 201.39 39.577 258.47 0.090318
6.2646 204.06 73.455 265.96 0.089814
1054.9 263.76 1242.0 375.0 0.089009
14.148 189.97 48.518 289.85 0.088846
0.0 254.39 199.12 375.0 0.088081
0.0 253.03 8.5716 308.25 0.087214
0.0 194.61 89.178 270.24 0.086516
0.0 289.05 20.06 348.04 0.086495
0.0 0.0 79.904 41.74 0.086146
449.37 179.94 489.07 200.69 0.085632
0.0 250.7 19.482 309.4 0.085329
0.0 0.0 61.103 54.447 0.081442
0.0 297.74 49.776 375.0 0.081263
1137.2 198.16 1242.0 375.0 0.080342
1178.8 319.79 1242.0 375.0 0.08017
0.0 241.77 16.59 300.16 0.079082
0.0 226.83 18.925 283.02 0.078712
0.0 284.88 39.799 329.44 0.07851
0.0 283.62 74.869 335.67 0.077413
0.0 290.85 68.89 375.0 0.077322
0.0 0.0 24.596 43.954 0.076962
616.52 176.37 626.02 200.35 0.075821
445.1 180.05 456.37 211.91 0.075301
1224.8 343.61 1242.0 375.0 0.074773
458.52 186.79 509.87 212.34 0.073742
1182.1 168.73 1242.0 281.97 0.072219
1203.5 173.23 1242.0 354.23 0.071189
0.0 212.99 41.712 254.06 0.071155
1162.5 182.34 1242.0 264.99 0.070584
499.13 176.42 515.01 216.83 0.070313
0.0 0.0 352.58 177.9 0.070293
0.0 363.66 55.932 375.0 0.070062
468.02 170.06 483.41 210.58 0.069567
467.11 175.86 522.34 195.78 0.069241
448.78 178.61 460.63 212.82 0.069055
112.35 185.74 183.66 342.83 0.068511
471.93 168.01 488.44 212.81 0.067301
460.33 174.68 512.65 196.58 0.066397
1160.2 167.24 1242.0 249.94 0.065935
8.5158 232.58 55.439 363.74 0.065052
612.09 178.27 633.92 193.42 0.063706
622.33 178.86 630.4 199.96 0.063506
466.89 171.61 544.04 203.12 0.063426
0.0 289.47 62.462 331.87 0.063393
0.0 207.66 74.35 247.89 0.063308
0.0 0.0 177.64 87.405 0.062417
1227.6 138.48 1242.0 227.32 0.062106
0.0 0.0 72.267 351.8 0.061608
1226.3 208.78 1242.0 300.56 0.061596
476.48 167.86 492.67 212.22 0.061574
0.0 112.28 33.935 302.34 0.061266
0.0 66.199 202.26 250.92 0.060737
0.0 0.0 77.194 184.73 0.060059
1157.9 152.18 1242.0 234.3 0.059855
440.53 174.47 518.47 205.39 0.058968
0.0 298.46 16.954 354.95 0.058715
0.0 247.34 25.518 305.45 0.058301
518.15 180.96 540.89 195.71 0.058203
0.0 0.0 14.287 62.884 0.057711
0.0 270.28 43.596 314.54 0.057658
91.882 148.83 178.53 333.41 0.057446
1165.5 199.02 1242.0 281.44 0.057232
0.0 206.31 41.353 245.33 0.057032
24.775 172.91 273.12 349.33 0.05688
0.0 49.149 30.851 243.78 0.056252
1204.4 362.77 1242.0 375.0 0.055844
505.24 180.95 545.04 197.31 0.055619
1182.2 139.34 1242.0 252.41 0.055472
481.04 168.3 496.38 212.08 0.05524
1200.6 95.452 1242.0 279.8 0.054761
3.4943 162.89 300.0 308.8 0.054376
311.1 179.16 327.2 220.65 0.053229
0.0 332.55 131.81 375.0 0.05301
0.0 241.45 7.9653 296.79 0.05242
0.0 211.01 105.84 269.45 0.052189
0.0 324.13 99.661 375.0 0.051907
0.0 221.39 40.042 262.52 0.050667
1158.7 215.79 1242.0 298.65 0.050591
1180.8 200.2 1242.0 312.53 0.049935
1058.9 0.0 1242.0 375.0 0.049808
0.0 173.12 77.46 256.15 0.04976
0.74442 252.77 66.426 331.53 0.049662
0.0 228.92 39.127 271.08 0.049328
442.11 180.27 453.04 212.58 0.049241
0.0 213.58 42.774 271.78 0.049173
0.0 155.29 54.671 269.57 0.04861
484.85 169.49 500.26 211.62 0.048244
0.0 299.88 41.996 342.38 0.048188
892.33 141.67 1242.0 375.0 0.048091
1218.6 179.16 1242.0 237.2 0.047753
484.1 182.32 518.73 206.06 0.047517
0.0 214.87 65.114 253.31 0.04705
1156.6 138.95 1242.0 218.94 0.046713
503.82 174.16 518.62 209.94 0.046685
0.0 261.95 39.149 306.15 0.046393
39.431 201.41 114.04 375.0 0.045696
11.001 292.04 86.742 375.0 0.045146
0.0 0.0 9.2383 22.476 0.045066
0.0 239.63 22.781 296.12 0.04483
1219.7 356.26 1242.0 375.0 0.044792
0.0 108.31 70.43 189.24 0.044746
1215.6 187.59 1242.0 287.74 0.044566
1219.2 162.24 1242.0 220.76 0.044543
1217.0 157.11 1242.0 249.74 0.043802
0.0 238.52 39.446 279.95 0.043799
0.0 255.18 38.714 297.19 0.043642
445.92 183.31 469.32 207.02 0.04358
0.0 191.47 21.508 243.82 0.043493
842.89 0.0 1242.0 183.78 0.043381
48.903 213.58 181.81 375.0 0.0429
0.0 285.51 52.829 325.62 0.042768
0.0 236.08 41.567 297.05 0.042688
0.0 218.29 26.439 271.3 0.042489
625.6 177.84 641.73 191.23 0.042446
1206.9 188.89 1242.0 228.87 0.042371
11.938 250.87 32.82 312.1 0.041991
1158.2 230.77 1242.0 314.86 0.041762
1137.8 0.0 1242.0 190.88 0.04121
319.93 190.92 334.23 230.43 0.041195
1030.4 0.0 1242.0 89.591 0.040595
1205.9 181.16 1242.0 220.95 0.040141
0.0 90.936 50.206 204.11 0.039889
1203.4 217.85 1242.0 375.0 0.039482
0.0 199.56 39.485 237.92 0.039323
0.0 246.79 38.581 289.08 0.039198
1154.0 121.79 1242.0 202.62 0.039136
507.88 175.34 521.08 208.32 0.038535
74.343 203.04 214.41 323.47 0.038244
4.1171 209.38 62.571 274.16 0.038146
0.0 285.82 135.74 367.0 0.037924
0.0 0.0 272.6 239.93 0.037844
0.0 123.42 75.27 207.93 0.037723
770.61 169.99 811.04 190.45 0.037439
0.0 365.87 77.636 375.0 0.037228
0.0 0.0 137.22 118.76 0.037157
1208.0 173.74 1242.0 212.63 0.036943
1141.5 16.503 1242.0 375.0 0.03674
0.0 0.0 399.25 309.54 0.036696
0.0 276.44 64.889 322.18 0.036674
1217.6 195.04 1242.0 251.99 0.036129
0.0 94.86 70.895 174.66 0.035894
9.0004 250.47 28.099 309.16 0.03532
0.0 156.73 79.599 240.99 0.035277
1214.8 172.49 1242.0 263.92 0.035228
624.31 180.45 641.55 193.44 0.035205
436.63 182.68 457.04 201.23 0.035142
771.86 173.69 812.31 194.53 0.034961
0.0 234.77 7.379 287.53 0.034427
1179.1 108.38 1242.0 220.05 0.034369
1206.0 196.58 1242.0 236.3 0.03407
1044.2 101.38 1242.0 285.4 0.034054
440.96 183.27 460.62 202.43 0.03405
2.424 236.64 66.68 308.89 0.033971
1227.3 119.59 1242.0 212.1 0.033795
312.72 186.3 327.27 225.85 0.033683
0.0 259.87 9.8683 318.99 0.033588
1160.3 245.62 1242.0 330.0 0.033545
488.4 169.67 503.51 210.99 0.033505
1237.2 175.92 1242.0 224.41 0.033474
479.25 175.99 533.37 195.21 0.033361
0.0 140.13 79.664 224.54 0.033104
321.26 184.04 336.71 226.93 0.032849
0.0 269.66 81.399 325.63 0.032807
0.0 310.36 38.351 350.34 0.032454
1162.7 260.71 1242.0 344.58 0.032294
0.0 0.0 49.853 86.813 0.032146
1205.8 204.8 1242.0 244.01 0.032132
0.0 266.93 67.214 311.16 0.031525
1206.1 212.85 1242.0 252.75 0.031427
612.59 183.33 637.79 197.44 0.031358
1163.6 279.01 1242.0 359.37 0.031097
499.35 186.91 536.64 203.78 0.03064
440.23 187.01 477.68 206.3 0.030548
1203.9 264.94 1242.0 375.0 0.030415
1226.2 296.17 1242.0 375.0 0.030232
1217.6 210.72 1242.0 268.53 0.029749
0.0 0.0 22.079 33.021 0.02942
1053.7 132.86 1242.0 318.05 0.029219
48.284 67.593 189.79 375.0 0.029201
1200.9 58.267 1242.0 244.05 0.029148
0.0 28.825 198.27 214.81 0.029142
480.02 186.9 524.6 207.42 0.029119
454.87 176.34 479.41 197.67 0.029003
450.82 185.13 486.32 212.04 0.028604
0.0 198.16 26.941 248.77 0.02832
0.0 0.0 21.897 10.545 0.02827
0.0 223.89 78.534 271.56 0.028203
1152.8 104.25 1242.0 186.49 0.027845
0.0 221.1 67.247 261.02 0.027669
625.88 177.63 633.64 199.94 0.027661
465.88 168.04 490.33 224.69 0.027444
0.0 286.78 9.0375 342.02 0.027359
1118.1 337.55 1242.0 375.0 0.027255
1157.0 311.31 1242.0 375.0 0.02716
492.54 169.45 506.99 211.0 0.026891
0.0 260.45 85.943 314.35 0.026751
1176.7 231.26 1242.0 347.02 0.026719
618.55 177.65 626.87 203.94 0.026537
610.5 176.57 626.86 192.47 0.026451
15.549 338.03 47.029 375.0 0.026439
0.0 157.66 13.228 258.43 0.026387
0.0 206.18 98.541 251.73 0.026385
467.8 176.38 501.11 201.51 0.026232
16.131 248.37 178.13 355.63 0.026017
12.595 236.89 32.251 303.16 0.025995
1222.8 0.0 1242.0 37.844 0.025943
0.0 191.83 42.82 230.45 0.025941
0.0 121.23 54.422 238.72 0.025858
0.0 226.77 8.4435 279.52 0.025752
0.0 298.74 60.894 337.15 0.025727
1238.2 223.41 1242.0 271.51 0.025634
512.45 175.94 523.38 205.43 0.02554
9.5546 275.41 34.773 341.89 0.025307
1180.9 266.31 1242.0 374.53 0.025247
1227.2 227.94 1242.0 321.58 0.025071
1207.1 220.93 1242.0 260.53 0.024705
88.496 116.39 207.57 375.0 0.024242
939.0 0.0 1242.0 233.36 0.024235
1200.3 0.0 1242.0 90.214 0.024202
23.87 186.94 55.753 290.49 0.024137
1237.1 192.05 1242.0 239.72 0.024101
1143.1 0.0 1242.0 41.529 0.023989
0.0 319.36 38.571 358.1 0.023918
458.5 177.77 484.36 199.26 0.023909
457.86 165.88 482.67 226.02 0.023882
0.0 269.62 22.055 292.51 0.023881
474.61 179.38 509.93 202.42 0.023868
617.19 177.86 633.74 191.47 0.023552
454.1 176.0 494.77 195.99 0.02353
1209.0 186.23 1238.5 293.06 0.023448
0.0 0.0 16.624 13.606 0.023298
517.96 182.51 542.99 198.5 0.023084
0.0 326.6 36.939 366.68 0.023042
0.0 91.639 12.592 191.04 0.022899
0.0 345.59 41.101 375.0 0.02255
772.86 177.43 811.82 199.14 0.022475
0.0 265.71 10.87 296.37 0.022278
480.59 168.79 538.05 209.87 0.0222
1209.5 166.36 1242.0 204.86 0.022063
500.09 169.43 514.91 210.17 0.021989
1074.0 0.0 1242.0 121.09 0.021764
440.72 184.13 474.83 203.06 0.02174
516.34 176.14 526.95 205.78 0.021669
0.0 217.69 7.8901 272.59 0.021544
1221.6 147.14 1242.0 204.58 0.021378
0.0 271.84 9.659 331.8 0.021353
5.2303 250.53 23.195 309.68 0.021112
496.34 170.41 511.03 210.79 0.021075
1057.7 166.16 1242.0 346.62 0.021047
620.04 182.01 642.67 194.56 0.020886
0.0 249.27 13.533 310.43 0.020801
115.9 200.03 177.09 366.7 0.020535
1181.9 140.92 1242.0 327.65 0.020456
1146.7 86.77 1242.0 169.96 0.020263
463.49 178.16 491.54 200.85 0.020257
0.0 166.46 22.122 270.7 0.020074
0.0 78.011 75.201 158.98 0.020006
0.0 265.79 21.736 288.48 0.019929
0.0 0.0 114.94 41.13 0.019884
775.14 173.01 808.04 198.12 0.019546
8.4374 232.82 27.424 298.32 0.019397
778.5 171.32 807.95 193.51 0.019314
893.07 19.277 1242.0 375.0 0.019295
464.7 169.02 477.62 207.13 0.01916
1049.3 37.587 1242.0 217.74 0.019085
1209.6 153.92 1238.4 255.12 0.019074
452.17 178.16 465.7 217.4 0.018993
449.5 180.26 472.1 200.08 0.01891
1.1256 271.29 51.809 300.49 0.018677
1199.4 0.0 1242.0 16.732 0.018668
0.0 263.81 55.603 303.92 0.018517
0.0 208.91 56.787 243.99 0.018446
1211.6 158.63 1242.0 197.28 0.018209
0.0 338.01 20.494 375.0 0.018049
473.95 167.51 497.02 224.1 0.018025
611.84 176.36 620.79 201.55 0.017994
0.0 200.23 6.9195 251.55 0.017864
0.0 2.5198 30.65 203.34 0.017782
770.65 166.92 811.86 186.42 0.017551
619.84 184.8 646.52 198.1 0.017439
1087.7 82.924 1242.0 321.97 0.017378
0.0 253.76 22.279 276.17 0.017234
56.642 202.67 126.6 375.0 0.017179
0.0 261.92 23.192 284.67 0.017177
0.0 257.74 23.46 280.07 0.01709
1207.9 174.76 1236.8 271.65 0.017089
5.024 209.6 128.58 262.63 0.017023
789.7 169.94 828.96 185.2 0.016979
0.0 183.6 42.248 222.67 0.016886
0.0 312.99 7.444 363.79 0.016798
1226.9 271.77 1242.0 363.8 0.016761
1210.1 228.82 1242.0 268.05 0.016692
0.0 0.0 55.122 16.83 0.016667
0.0 175.91 483.69 375.0 0.016549
777.54 172.71 818.43 189.42 0.01652
5.7417 319.03 39.722 375.0 0.016488
0.0 199.56 72.288 238.23 0.016401
1168.3 0.0 1242.0 48.491 0.016367
0.0 354.97 7.4189 375.0 0.016265
1057.8 170.91 1098.2 189.31 0.016248
0.5711 250.33 18.401 310.82 0.016226
425.51 183.28 501.58 215.3 0.016154
0.0 230.51 53.269 268.28 0.016148
1237.6 211.32 1242.0 260.33 0.016135
11.015 216.39 54.406 336.45 0.015942
438.92 178.98 449.52 211.27 0.015901
0.0 0.0 243.24 375.0 0.015824
1219.9 138.45 1242.0 192.71 0.015803
1227.9 97.977 1242.0 186.97 0.015688
1210.3 342.6 1238.8 375.0 0.015607
432.77 183.7 464.38 200.87 0.015557
0.0 298.4 7.9483 349.82 0.015517
1189.9 366.53 1242.0 375.0 0.015398
619.8 178.16 641.44 191.72 0.01535
0.0 62.696 51.432 174.77 0.015341
4.8827 232.69 22.592 299.22 0.015312
0.0 124.67 47.138 289.05 0.015114
5.3329 0.0 36.654 36.506 0.014906
0.0 305.29 24.617 356.83 0.014902
0.0 68.969 12.642 168.62 0.014737
482.62 154.87 509.41 214.6 0.014736
0.0 276.3 24.353 299.14 0.014702
0.0 17.287 148.55 256.26 0.014502
0.0 253.72 66.306 296.4 0.014478
4.1383 283.8 34.484 375.0 0.014469
0.0 61.679 73.14 143.26 0.01444
2.1923 204.1 89.846 275.93 0.014436
1126.4 158.84 1242.0 237.8 0.014414
0.0 266.92 52.112 294.4 0.014413
1208.3 0.0 1242.0 21.137 0.014378
0.0 231.85 79.25 281.38 0.014355
520.61 176.49 531.23 205.21 0.014319
1226.9 249.24 1242.0 341.81 0.014252
0.0 237.33 63.164 278.65 0.014214
0.0 210.15 7.022 263.43 0.014157
437.9 187.72 469.92 205.58 0.014109
0.0 249.78 22.421 272.09 0.014081
1211.1 149.1 1242.0 187.42 0.014012
83.223 226.67 216.23 375.0 0.013962
4.9089 261.94 81.307 339.05 0.013926
1184.8 165.01 1242.0 366.18 0.013895
0.0 251.29 10.294 280.27 0.013835
1093.1 217.07 1242.0 375.0 0.01383
1237.5 168.29 1242.0 216.28 0.013808
481.15 181.0 517.17 201.88 0.013765
1131.2 173.67 1242.0 253.78 0.013745
0.0 257.67 10.675 289.24 0.013728
1236.8 202.75 1242.0 252.67 0.013668
1146.0 72.421 1242.0 154.69 0.013655
1175.7 74.469 1242.0 190.05 0.013581
1209.0 317.9 1242.0 355.67 0.013507
4.9151 214.91 133.2 282.89 0.013465
0.0 188.76 53.181 241.71 0.013375
7.3902 255.48 30.311 318.4 0.013307
4.7965 264.23 40.527 303.16 0.013155
1133.1 188.14 1242.0 267.69 0.013149
6.7642 279.52 30.304 342.96 0.01309
0.0 271.46 12.106 302.9 0.013054
508.89 187.29 542.17 202.6 0.013052
747.36 160.15 823.4 195.42 0.013013
449.94 163.39 474.42 230.61 0.012967
1217.3 226.16 1242.0 281.62 0.012961
0.0 108.23 13.068 208.91 0.012795
1209.2 325.57 1242.0 362.63 0.012793
1216.6 134.39 1242.0 232.21 0.012771
1207.1 140.76 1242.0 179.78 0.012669
0.0 120.92 38.488 157.85 0.012636
27.533 290.98 99.575 375.0 0.012542
1206.7 132.47 1242.0 171.98 0.012531
1059.5 167.38 1098.2 185.15 0.012411
481.73 163.58 504.43 217.11 0.012378
476.46 157.98 502.57 216.85 0.012334
628.37 176.73 646.98 190.17 0.012244
0.0 246.21 83.327 300.08 0.01212
0.0 369.87 22.641 375.0 0.012107
0.0 112.1 36.761 149.47 0.012072
1225.1 317.72 1242.0 375.0 0.012031
0.0 241.91 22.722 264.72 0.012029
0.0 127.68 39.912 165.8 0.012014
621.57 175.06 637.0 189.08 0.01198
442.54 184.94 464.09 207.32 0.011979
786.34 173.16 827.11 189.65 0.011957
1216.9 130.25 1242.0 184.82 0.011947
10.386 0.0 81.307 104.61 0.011899
614.89 172.97 624.54 198.01 0.011883
0.0 0.0 26.803 153.64 0.011867
19.575 213.74 298.86 348.25 0.01179
495.74 176.05 541.33 193.69 0.011787
445.33 180.47 481.75 199.41 0.011715
446.18 182.02 457.86 219.82 0.011648
1218.2 306.67 1242.0 361.97 0.011641
2.7542 132.97 65.342 306.12 0.011598
622.35 181.57 647.99 194.07 0.011555
1209.0 236.58 1242.0 275.32 0.011545
1201.5 11.358 1242.0 207.34 0.011531
12.431 231.08 29.995 290.89 0.011517
494.15 184.11 522.74 203.22 0.01151
1205.4 124.61 1242.0 164.25 0.011436
790.91 164.68 826.21 179.93 0.011424
0.0 0.0 103.87 196.89 0.011407
1154.4 171.2 1242.0 283.51 0.011356
1209.0 309.99 1242.0 348.2 0.011336
0.0 175.9 21.304 227.49 0.011332
784.45 168.7 800.17 208.95 0.01131
0.0 45.804 71.679 125.55 0.011309
11.383 269.71 197.81 349.33 0.011299
0.0 231.82 12.389 296.38 0.011259
0.0 312.51 123.73 375.0 0.01122
686.63 172.82 721.58 188.14 0.011209
1145.5 56.975 1242.0 140.14 0.01113
431.42 184.19 454.43 205.21 0.011076
0.0 174.84 149.91 256.42 0.010937
15.305 177.78 45.42 269.43 0.010935
458.16 169.64 471.02 205.23 0.010879
13.119 256.94 84.17 375.0 0.010865
0.0 201.99 55.143 236.58 0.010865
1208.1 334.07 1242.0 371.02 0.010772
1151.4 138.58 1242.0 253.51 0.010756
0.0 249.28 52.303 285.42 0.010754
623.26 178.0 648.15 190.84 0.010731
1228.7 41.061 1242.0 123.66 0.010716
614.85 176.21 623.87 206.38 0.010667
0.45515 292.79 53.322 322.23 0.010503
777.5 176.59 818.0 193.76 0.010477
773.41 279.89 1107.6 375.0 0.010429
1182.6 91.005 1242.0 290.43 0.010388
522.09 180.33 542.66 194.7 0.010377
0.0 308.4 61.844 343.96 0.010316
0.0 103.95 36.874 140.8 0.010279
449.09 175.5 486.58 194.29 0.010218
778.95 169.76 818.46 185.81 0.010158
0.0 0.0 188.33 157.52 0.010153
0.87175 233.5 17.894 298.41 0.010117
444.7 180.91 465.77 199.94 0.010088
24.094 342.29 55.08 375.0 0.010044
1124.0 142.86 1242.0 220.61 0.010022
630.2 176.67 638.03 200.36 0.010012
0.0 238.05 22.27 260.38 0.0099908
1168.9 291.2 1236.0 375.0 0.0099281
4.3138 224.4 62.592 287.71 0.0099117
0.0 339.66 31.754 375.0 0.0098802
752.05 165.23 786.59 181.0 0.0098633
2.6246 273.99 24.889 340.2 0.0098164
1091.3 149.29 1242.0 375.0 0.009816
0.0 288.95 52.272 341.4 0.0097711
14.359 272.13 37.365 340.01 0.0097688
0.0 0.0 62.045 254.52 0.0096958
0.0 214.0 21.569 236.13 0.009668
688.18 170.28 722.82 184.56 0.0096536
1216.7 211.03 1242.0 317.99 0.0095215
1203.6 174.6 1242.0 228.08 0.009475
32.725 183.62 63.382 290.3 0.0094634
693.22 172.51 717.73 189.2 0.0094305
0.0 242.94 10.798 271.6 0.0094225
794.65 170.88 821.51 186.95 0.0094072
8.1848 169.88 36.869 262.87 0.0093152
0.0 30.812 68.193 111.17 0.0093022
1206.3 117.5 1242.0 157.04 0.0092895
1137.3 205.9 1242.0 285.9 0.0092871
0.0 16.198 64.534 93.769 0.0092835
0.0 356.93 57.296 375.0 0.0092665
1238.8 129.28 1242.0 174.38 0.0092453
768.38 158.64 808.79 177.88 0.0091
0.0 176.01 40.15 214.27 0.0090495
627.83 179.43 647.32 192.24 0.0090399
748.88 169.14 788.95 185.46 0.0090273
10.801 260.91 33.16 323.49 0.0089624
1083.9 23.824 1242.0 253.04 0.0089406
19.789 286.39 292.41 375.0 0.0089383
834.61 278.05 1167.6 375.0 0.0088826
0.0 135.06 40.887 173.29 0.008842
488.66 188.9 527.16 206.79 0.0088338
710.59 279.91 1045.5 375.0 0.0088247
775.83 166.1 807.26 188.87 0.0087866
0.0 0.0 13.702 23.087 0.0087557
1215.9 116.18 1242.0 171.17 0.0086925
409.61 162.62 552.46 225.87 0.0086829
762.8 171.87 801.91 190.86 0.0085918
0.0 289.22 91.504 339.87 0.0085128
215.37 186.89 262.19 206.12 0.0084975
23.065 209.03 150.34 273.25 0.0084578
606.11 177.78 632.24 192.74 0.0084458
490.31 153.46 516.66 216.3 0.0084382
322.61 191.43 336.34 231.49 0.0084014
0.0 105.41 16.308 156.96 0.0083696
466.8 156.53 492.82 218.31 0.008364
0.0 113.09 17.676 164.56 0.0083532
312.75 185.73 336.91 217.33 0.0083517
772.5 168.98 805.83 194.54 0.0083502
782.6 172.88 811.06 192.11 0.0083279
780.94 170.48 794.75 212.45 0.00832
769.77 162.97 811.22 181.59 0.0082973
536.26 176.64 558.37 193.44 0.0082883
944.1 0.0 1103.9 234.85 0.0082455
608.76 175.71 634.32 190.92 0.0082
477.6 175.62 547.45 205.23 0.0081646
0.0 96.077 36.075 133.44 0.0081457
1218.4 321.0 1242.0 375.0 0.0081269
710.76 176.36 753.06 194.34 0.0081188
788.18 168.21 802.73 205.42 0.0081187
14.084 195.42 30.689 262.37 0.0080328
1195.9 192.87 1242.0 229.87 0.0080034
0.0 169.69 95.004 271.97 0.0079992
962.54 274.24 1242.0 375.0 0.0079894
445.12 192.65 484.48 211.38 0.0079699
1209.8 301.51 1242.0 339.57 0.0079599
784.52 163.37 799.57 200.78 0.0078604
1196.2 184.99 1242.0 222.51 0.007826
770.68 181.47 811.03 203.14 0.0077512
0.0 217.67 23.004 240.94 0.0077007
1203.4 347.61 1231.2 375.0 0.0076754
505.16 176.29 547.66 193.47 0.0076602
795.86 166.69 821.57 182.15 0.0076322
0.0 119.91 19.48 171.93 0.007608
0.0 53.021 47.527 249.0 0.0075913
1163.3 104.42 1228.7 295.98 0.0075845
9.2849 227.96 25.882 283.6 0.0075752
757.49 166.78 782.26 183.67 0.0075685
0.0 120.94 344.62 287.03 0.0075305
1209.3 351.38 1242.0 375.0 0.0075103
0.0 0.0 65.514 74.902 0.0075062
0.0 233.96 21.588 256.15 0.0074585
0.0 299.76 11.913 329.93 0.007457
745.77 166.32 824.76 203.02 0.0073984
0.0 30.738 46.551 142.3 0.0073874
1202.9 190.33 1231.9 289.41 0.0073847
915.66 0.0 1068.1 226.39 0.0073753
0.0 226.6 98.008 287.97 0.007357
1145.6 41.123 1242.0 123.16 0.0073255
1121.0 126.69 1242.0 204.46 0.0073163
1227.8 57.556 1242.0 144.46 0.0072781
433.91 179.01 445.3 212.43 0.0072565
81.2 31.272 220.43 375.0 0.0072542
0.0 97.242 16.942 148.28 0.0072247
0.0 291.6 23.266 315.48 0.0072149
885.98 236.09 1016.0 375.0 0.00719
469.75 180.19 542.65 211.12 0.0071844
0.0 303.57 23.522 326.85 0.0071798
757.09 169.15 797.14 186.44 0.0071728
214.81 284.27 526.31 375.0 0.0071082
541.65 177.75 561.42 193.0 0.0071023
0.0 235.62 8.4743 265.25 0.0070827
917.26 232.18 1047.5 375.0 0.0070664
1211.3 61.565 1242.0 100.48 0.0070606
1130.8 222.61 1242.0 304.36 0.0070397
612.89 175.95 637.92 190.09 0.0070143
0.0 255.29 53.715 282.12 0.0070025
0.0 247.95 104.21 312.83 0.0069876
626.8 175.34 643.54 188.99 0.006986
0.0 299.24 24.356 323.46 0.0069854
1100.8 0.0 1242.0 202.71 0.0069853
0.0 0.0 11.111 84.08 0.0069566
16.229 225.37 63.564 364.94 0.0069475
436.77 185.5 459.06 206.99 0.0069041
1042.9 170.84 1086.6 190.69 0.0068938
825.05 239.73 954.47 375.0 0.0068856
1195.4 201.35 1242.0 238.06 0.0068838
16.574 247.87 35.023 310.06 0.006875
0.0 194.25 6.1193 242.56 0.0068633
0.0 281.6 50.026 308.2 0.006809
530.85 177.4 562.14 193.17 0.0067783
854.58 238.77 984.48 375.0 0.0067189
1046.7 226.86 1181.5 375.0 0.0067183
980.54 228.71 1112.7 375.0 0.0067088
1238.7 229.28 1242.0 279.31 0.006707
822.08 0.0 974.21 212.24 0.0066877
1217.1 290.69 1242.0 346.15 0.0066764
445.49 162.26 537.16 197.76 0.0066613
525.37 176.37 535.25 204.76 0.0066559
0.0 0.0 7.1487 28.507 0.006649
313.91 192.13 326.82 230.64 0.0066444
788.62 174.2 816.71 191.83 0.0066323
430.95 178.23 486.57 220.27 0.0066297
948.38 228.0 1080.0 375.0 0.0066124
211.02 183.69 257.79 202.49 0.0065842
1.3804 298.06 51.058 327.65 0.0065724
0.0 321.41 57.105 355.8 0.0065697
1227.5 81.891 1242.0 169.77 0.0065541
780.05 163.99 795.29 204.39 0.0065367
759.18 164.97 794.93 181.72 0.0065287
829.31 0.0 1228.1 88.515 0.0064865
708.49 0.0 1094.8 97.265 0.0064864
691.34 173.1 713.52 190.67 0.0064811
321.58 175.98 335.61 218.47 0.00647
1196.8 176.19 1242.0 213.77 0.0064635
1202.8 169.7 1230.4 260.8 0.0064604
0.0 88.445 34.52 125.23 0.0063966
973.23 0.0 1124.8 218.87 0.0063806
784.23 0.0 939.45 210.84 0.0063021
308.12 180.51 322.38 220.93 0.0062961
1211.5 70.146 1242.0 109.18 0.0062698
687.7 175.53 722.18 191.58 0.0062688
314.83 192.99 337.95 226.13 0.0062662
515.67 180.61 551.43 196.21 0.0062656
0.0 229.91 23.815 252.53 0.0062504
855.74 0.0 1001.1 210.55 0.0062137
1062.3 168.93 1092.5 190.18 0.0062136
0.0 0.60939 43.053 110.88 0.0062051
274.11 286.44 585.93 375.0 0.0061997
783.5 170.84 798.9 218.17 0.0061689
488.2 159.36 511.11 219.2 0.0061641
1174.0 40.43 1242.0 158.23 0.0061565
0.0 368.69 10.073 375.0 0.006139
884.19 158.66 987.0 192.83 0.0061243
0.0 287.14 23.64 310.94 0.0061155
613.82 185.56 637.04 201.61 0.0060725
1166.8 140.49 1228.9 327.23 0.0060683
1014.7 228.54 1145.9 375.0 0.0060606
447.13 186.09 520.98 217.01 0.0060422
0.0 334.24 16.857 354.4 0.0060326
1047.2 0.0 1242.0 159.79 0.0060277
0.0 305.54 9.6775 333.92 0.006019
764.17 160.1 801.2 177.56 0.0060099
14.994 254.4 36.343 320.14 0.0059841
717.98 172.14 758.27 188.63 0.0059823
1238.9 136.81 1242.0 182.06 0.0059685
0.0 276.35 48.369 304.37 0.0059554
2.0764 261.44 36.101 299.12 0.0059458
793.77 243.64 919.71 375.0 0.0059266
791.82 161.17 827.48 176.73 0.0059064
1168.0 366.82 1242.0 375.0 0.0058986
427.78 186.9 462.19 204.53 0.0058969
1043.1 174.99 1086.5 194.33 0.0058858
593.07 0.0 744.45 219.77 0.00588
439.9 181.12 472.94 198.83 0.0058792
888.0 0.0 1033.1 211.05 0.0058791
0.0 158.88 111.58 238.09 0.0058719
0.0 192.07 76.323 229.72 0.0058698
1189.2 362.17 1240.7 375.0 0.0058644
0.0 243.49 49.036 270.21 0.005861
0.0 330.4 7.1177 356.84 0.0058587
438.75 190.95 472.52 208.33 0.0058531
442.96 178.28 452.79 206.78 0.0058333
913.07 163.5 981.27 180.99 0.0058332
543.9 0.0 841.55 375.0 0.0058179
0.0 143.41 40.03 181.26 0.0057927
0.0 212.2 9.5313 240.62 0.0057604
0.0 251.13 52.279 277.37 0.0057603
3.7634 253.71 25.301 321.29 0.0057038
1024.9 170.92 1069.9 190.46 0.005696
255.06 0.0 1043.3 184.54 0.0056848
1211.2 293.81 1242.0 331.67 0.00568
1149.1 201.48 1242.0 317.67 0.0056524
564.8 0.0 715.99 223.54 0.0056414
0.0 308.17 21.897 330.38 0.0056362
0.0 124.71 103.67 204.43 0.0056251
2.9301 244.11 84.001 321.93 0.0056124
1207.4 109.21 1242.0 148.71 0.005601
216.32 190.03 261.64 209.79 0.0055896
1086.9 155.27 1242.0 235.3 0.0055657
469.74 189.59 514.8 211.11 0.0055646
0.0 97.222 99.228 172.65 0.0055645
154.44 290.56 458.63 375.0 0.0055506
240.06 0.0 392.01 225.76 0.0055486
0.0 88.795 16.492 139.79 0.0055436
1212.9 54.103 1242.0 92.048 0.0055241
0.0 328.81 53.873 364.63 0.0055191
618.36 186.25 640.89 201.5 0.0055065
1238.9 160.47 1242.0 207.97 0.0054914
1216.6 54.075 1242.0 106.01 0.005487
1215.8 291.25 1242.0 375.0 0.0054743
1228.8 193.64 1242.0 214.46 0.0054722
1209.5 246.46 1242.0 284.58 0.0054705
41.297 179.93 70.96 288.7 0.0054606
441.64 160.5 465.4 235.84 0.0054461
12.864 192.22 51.23 317.4 0.0054442
673.38 0.0 969.3 375.0 0.0054334
0.0 322.87 5.6289 372.29 0.0054258
3.5371 288.18 43.194 328.77 0.0054239
1217.8 236.0 1242.0 291.89 0.0054218
656.93 0.0 810.08 225.3 0.0054051
1196.9 209.03 1242.0 245.79 0.0053922
784.02 170.21 811.63 188.5 0.0053917
71.867 205.45 234.75 288.68 0.0053822
13.019 223.42 30.846 281.37 0.0053765
706.76 172.12 748.65 190.46 0.0053687
500.01 183.91 525.42 201.75 0.0053666
42.711 293.09 112.18 375.0 0.0053424
624.91 0.0 776.18 221.58 0.0053366
451.54 0.0 837.25 91.163 0.0053351
0.0 325.97 7.8572 352.14 0.0053297
1034.1 171.13 1079.2 190.42 0.0053256
1229.3 189.71 1242.0 210.47 0.0053165
760.69 161.04 794.32 177.11 0.0053129
1209.5 78.165 1242.0 116.79 0.0053087
488.45 167.47 545.62 207.12 0.0052972
755.5 161.38 788.61 177.71 0.0052847
486.52 0.0 782.18 375.0 0.0052839
1062.1 165.19 1090.9 186.68 0.0052818
764.01 162.68 787.64 180.26 0.0052775
445.78 187.8 470.72 211.03 0.0052614
517.39 169.29 529.63 206.28 0.0052155
1145.7 109.68 1242.0 223.02 0.0052113
758.45 169.91 784.23 187.49 0.005211
0.0 55.636 11.517 151.8 0.0052059
617.5 188.82 649.68 203.7 0.0052021
0.0 182.34 30.183 231.89 0.005198
0.0 262.6 49.538 289.65 0.0051913
442.32 182.7 453.8 221.12 0.0051841
0.0 0.0 124.91 368.34 0.0051788
1237.7 0.0 1242.0 17.928 0.0051784
426.33 185.68 451.11 206.13 0.0051705
316.85 193.27 330.24 234.66 0.0051677
270.59 0.0 423.65 227.95 0.0051572
423.42 0.0 1206.3 178.84 0.0051191
758.17 162.52 782.36 179.86 0.0050938
1008.9 163.17 1053.8 182.55 0.0050898
0.0 330.17 18.055 349.83 0.0050889
117.98 0.0 514.25 89.803 0.0050739
720.25 0.0 873.36 216.88 0.0050716
0.0 288.08 13.761 318.46 0.0050668
0.0 0.0 523.51 186.65 0.0050575
762.31 163.31 801.93 181.55 0.0050485
14.923 249.24 333.86 375.0 0.0050331
208.45 0.0 359.36 222.26 0.0050211
10.501 197.12 26.693 262.8 0.0049998
1211.2 286.61 1242.0 324.54 0.0049992
763.38 166.25 788.74 184.89 0.0049978
689.99 0.0 842.05 227.46 0.004991
608.29 0.0 909.05 375.0 0.0049738
745.88 152.53 827.71 186.75 0.0049688
3.4376 194.1 63.885 246.39 0.0049441
281.51 255.44 402.83 375.0 0.0049402
738.12 0.0 1034.2 375.0 0.0049364
5.6038 229.16 20.747 283.59 0.0049352
1216.2 341.41 1242.0 375.0 0.0049288
535.97 178.75 565.61 193.25 0.0049112
0.0 206.72 18.2 227.74 0.0049102
31.31 188.52 229.53 273.02 0.0048994
1008.8 159.17 1054.5 178.55 0.0048906
1027.6 162.89 1074.3 182.24 0.0048849
0.0 168.41 41.795 206.6 0.0048595
15.333 284.4 36.215 344.82 0.0048475
423.73 183.61 458.41 202.18 0.0048347
1228.5 197.5 1242.0 218.36 0.0047947
758.29 161.33 817.31 204.22 0.0047846
250.76 258.27 371.67 375.0 0.0047688
0.0 274.22 19.379 340.73 0.0047641
1228.2 205.64 1242.0 226.17 0.0047607
1228.2 201.64 1242.0 222.3 0.0047602
751.78 0.0 902.66 208.77 0.004757
220.0 183.68 267.16 201.96 0.0047551
1027.4 166.37 1074.8 185.96 0.0047467
716.05 176.67 758.53 192.63 0.0047181
1215.3 117.29 1241.6 215.08 0.0047061
13.628 0.0 43.744 32.667 0.0047002
534.03 0.0 685.45 218.38 0.0046915
763.43 170.35 789.86 189.93 0.0046887
0.0 0.0 391.07 88.361 0.0046885
513.63 168.03 525.65 204.81 0.0046626
767.19 154.99 806.56 174.37 0.0046622
478.92 177.92 532.7 213.18 0.0046621
1215.4 63.499 1242.0 115.03 0.0046591
1126.9 237.66 1242.0 323.43 0.0046525
706.36 175.63 743.86 193.5 0.0046428
0.0 282.55 12.995 341.64 0.0046375
95.491 0.0 392.41 375.0 0.0046313
675.87 0.0 1242.0 179.41 0.00463
721.0 169.19 758.68 185.28 0.0046097
0.0 312.65 20.74 334.27 0.0045591
607.58 174.41 625.29 190.71 0.0045429
0.0 307.08 48.386 352.5 0.0045247
311.67 255.8 435.27 375.0 0.0045145
4.6002 256.6 40.34 293.64 0.004511
626.94 178.08 654.87 191.04 0.0045069
687.56 179.29 711.25 196.35 0.0045
112.26 0.0 261.89 215.44 0.0044813
1229.2 237.1 1242.0 258.69 0.0044776
531.61 176.0 555.63 193.95 0.0044768
1203.6 214.14 1242.0 268.39 0.0044671
1209.2 85.465 1242.0 124.55 0.0044661
611.34 170.52 620.51 196.62 0.004458
1235.7 183.37 1242.0 214.02 0.0044506
431.46 181.39 464.66 197.2 0.0044353
762.1 249.79 884.89 375.0 0.0044219
338.4 290.11 638.87 375.0 0.0044069
0.0 341.55 57.882 375.0 0.0043653
0.0 141.33 110.94 221.42 0.0043544
508.81 176.62 520.07 215.11 0.0043527
121.51 236.31 242.24 375.0 0.0043527
768.86 161.59 795.55 181.03 0.0043497
30.238 120.88 98.087 313.0 0.0043489
1056.0 174.83 1099.3 193.91 0.0043315
303.37 0.0 456.2 227.1 0.0043215
144.68 0.0 294.93 222.18 0.0043073
1209.4 100.83 1242.0 140.52 0.0043038
113.99 145.86 189.27 330.1 0.0042964
30.904 0.0 333.57 375.0 0.004292
0.0 310.91 9.0064 338.67 0.0042908
1210.8 93.201 1242.0 132.73 0.0042879
803.82 0.0 1099.2 375.0 0.0042694
780.24 156.61 795.63 198.37 0.0042547
1209.9 254.28 1242.0 293.34 0.0042428
772.58 157.99 804.41 180.37 0.0042398
1031.7 158.61 1078.3 177.83 0.0042311
1178.0 0.0 1242.0 107.12 0.0042288
417.91 0.0 721.21 375.0 0.0042281
6.6756 266.59 28.57 333.97 0.004218
520.76 177.25 558.45 193.94 0.0042149
683.37 180.35 716.86 196.3 0.0042136
434.37 182.99 496.48 227.24 0.0042083
775.55 162.66 806.29 184.38 0.0042073
776.3 164.01 789.83 202.38 0.0042068
177.89 0.0 327.2 216.87 0.0041554
0.0 172.82 219.16 255.63 0.0041382
1210.5 278.64 1242.0 317.04 0.0041367
495.77 151.86 521.96 217.58 0.0041354
8.809 265.45 44.561 375.0 0.0041215
25.076 0.0 95.327 105.94 0.0041201
1009.3 166.91 1053.7 186.37 0.0041184
1146.0 103.85 1211.9 292.55 0.0040973
216.3 194.24 261.64 213.63 0.0040878
545.51 178.94 564.63 193.52 0.0040787
82.681 0.0 230.03 217.77 0.0040637
1210.5 270.52 1242.0 309.02 0.004063
716.62 175.19 745.65 195.41 0.004043
0.0 0.0 259.05 87.428 0.004038
554.58 178.16 572.91 191.71 0.0040363
344.96 249.69 467.61 375.0 0.0040297
156.78 0.0 458.54 375.0 0.0040294
