465.02 173.91 518.37 216.36 0.99956
570.16 173.57 616.88 216.13 0.9992
0.0 178.67 208.25 300.06 0.99895
569.15 174.46 614.28 217.07 0.99868
498.66 176.32 533.71 206.19 0.99859
461.88 177.07 514.32 215.25 0.99839
474.15 175.6 525.0 213.43 0.99742
178.88 193.85 310.6 243.13 0.9972
487.31 175.6 528.52 210.76 0.99637
504.6 177.4 533.35 202.87 0.99617
193.98 178.37 363.23 261.03 0.99603
478.38 177.58 526.14 213.99 0.9955
0.0 181.22 160.38 313.13 0.99438
0.0 166.33 137.68 293.22 0.99236
215.25 163.35 367.5 276.38 0.9921
509.87 176.88 536.39 201.52 0.99114
192.37 191.06 290.26 253.45 0.98818
200.62 189.19 328.09 242.35 0.98743
179.18 172.65 345.81 248.2 0.98703
0.0 236.0 40.979 375.0 0.98594
198.29 169.81 400.16 269.48 0.98562
521.91 172.38 548.66 197.07 0.98556
489.04 179.29 533.6 207.04 0.98527
566.94 177.56 615.73 208.56 0.98453
194.46 166.93 328.93 265.5 0.98236
0.0 147.13 36.977 279.89 0.98209
184.95 184.67 323.6 256.45 0.98205
566.23 177.75 602.77 212.86 0.98066
514.39 175.61 539.29 199.72 0.97822
0.0 170.0 224.5 305.15 0.97813
0.0 241.45 57.034 375.0 0.97642
205.81 186.33 306.73 252.52 0.97636
3.2975 153.61 46.706 281.33 0.97526
483.09 173.0 533.13 210.61 0.97487
199.88 202.71 317.73 255.66 0.97055
465.11 173.31 506.66 212.73 0.9699
4.0722 175.6 220.18 266.13 0.96807
518.74 174.09 543.69 198.43 0.96722
0.0 206.47 47.885 371.06 0.96556
2.1669 140.24 44.281 259.25 0.96468
449.05 178.11 515.93 218.25 0.96415
0.0 163.14 104.81 278.25 0.9631
397.83 184.69 471.95 234.07 0.96252
207.97 179.62 345.13 279.73 0.96201
6.8551 199.62 124.61 324.19 0.95982
577.36 174.86 618.09 209.99 0.95633
500.31 175.0 528.4 201.82 0.95632
496.14 175.79 532.82 199.34 0.95625
508.33 176.28 542.95 199.14 0.95248
526.17 175.06 549.76 198.07 0.94823
1.6527 196.05 67.285 374.54 0.9462
9.8344 156.41 53.878 273.93 0.94502
187.59 191.18 295.78 236.3 0.94406
0.0 132.0 27.723 266.3 0.94382
0.0 235.46 35.596 375.0 0.93929
561.04 181.02 619.25 218.32 0.93245
510.16 173.41 547.86 196.67 0.93008
5.2441 177.38 74.357 355.29 0.92898
519.4 173.91 553.94 195.52 0.92815
452.85 171.59 505.75 218.63 0.91716
0.0 153.87 28.717 293.43 0.91506
0.0 153.46 196.06 328.73 0.91365
210.37 200.38 305.88 265.76 0.91172
517.15 170.53 552.72 192.99 0.9117
461.64 173.26 526.97 209.44 0.9088
2.8913 187.14 105.97 307.9 0.90749
0.0 125.54 34.467 240.1 0.90317
220.23 188.59 323.5 260.47 0.89709
0.0 150.84 50.59 295.86 0.89535
563.35 176.54 592.64 207.63 0.89095
217.72 177.91 311.74 245.22 0.88669
6.1635 157.87 76.135 315.19 0.8843
0.0 166.46 51.156 334.15 0.87511
494.31 172.63 524.06 202.84 0.87472
2.5889 140.11 67.009 288.5 0.87331
7.6268 173.69 174.53 285.94 0.86942
10.314 139.64 51.011 256.73 0.86737
0.0 163.09 39.113 308.06 0.86451
498.1 183.76 528.6 209.89 0.86168
570.89 173.04 614.99 200.11 0.86054
428.25 180.89 499.16 221.99 0.86036
215.44 181.48 339.79 234.51 0.85859
14.732 172.93 95.713 353.83 0.85396
0.0 157.45 50.18 241.49 0.84774
453.44 176.37 509.57 209.53 0.84446
0.0 117.45 25.815 234.26 0.8435
0.0 163.36 70.625 271.94 0.84187
568.45 177.92 597.34 207.39 0.84067
203.15 179.68 321.21 225.99 0.84003
411.86 180.12 482.85 222.8 0.83957
5.3968 236.75 73.577 375.0 0.83536
0.0 123.03 44.704 262.89 0.83074
0.0 220.0 58.276 345.66 0.83017
0.0 128.51 19.68 249.18 0.82735
556.75 179.16 600.51 206.25 0.82338
487.25 174.19 528.52 200.62 0.81763
0.0 260.78 47.039 375.0 0.81305
0.0 219.69 88.211 337.76 0.80392
529.26 174.47 553.83 196.96 0.80113
0.0 193.88 37.414 322.73 0.7981
0.0 213.2 38.392 348.87 0.79692
9.6048 145.24 96.481 306.87 0.79407
201.98 208.18 335.54 261.63 0.78863
56.495 177.97 210.43 273.95 0.77768
565.48 174.55 623.2 207.23 0.77678
0.0 269.81 46.383 375.0 0.77618
512.37 177.3 526.76 207.68 0.77126
0.0 245.64 26.337 375.0 0.77017
0.0 178.69 37.718 370.68 0.76085
199.84 185.2 279.66 243.65 0.75816
1.2013 166.66 75.519 264.97 0.75576
0.0 151.31 19.87 273.2 0.7528
503.48 176.8 526.74 196.45 0.7526
566.8 184.48 616.33 218.39 0.74907
177.52 161.32 364.97 238.96 0.74052
507.82 174.54 524.48 209.79 0.74029
35.478 179.64 202.48 254.68 0.73657
571.13 181.53 605.47 216.05 0.73568
392.5 179.87 468.43 222.08 0.73316
0.0 136.83 238.02 294.09 0.73302
0.0 283.06 70.679 375.0 0.72599
498.51 183.3 535.63 204.25 0.72244
3.4019 188.92 44.985 312.58 0.72165
486.74 185.35 529.12 208.69 0.71894
17.826 151.31 62.286 276.75 0.71625
464.13 184.84 512.28 219.61 0.71301
588.56 177.82 618.26 204.81 0.7098
0.0 152.18 41.622 228.88 0.70933
0.0 191.41 69.373 312.82 0.70909
502.41 174.03 520.43 212.53 0.69954
375.08 186.97 466.58 238.46 0.69874
0.0 115.72 34.074 287.52 0.69625
506.85 177.48 530.53 197.31 0.6947
4.623 132.43 40.597 236.09 0.6946
464.01 172.05 514.88 204.52 0.69034
514.53 174.42 530.17 206.72 0.6855
570.82 172.75 591.23 215.81 0.68461
498.25 173.01 517.61 214.84 0.68177
494.64 171.22 513.77 215.58 0.68126
0.0 207.62 27.008 331.4 0.67441
212.44 198.79 342.26 255.5 0.67155
568.52 173.08 585.18 213.61 0.67113
447.54 171.3 515.15 209.32 0.67091
0.0 146.15 33.88 326.21 0.66611
568.81 170.68 583.27 206.99 0.66484
488.47 171.65 519.19 204.31 0.66051
489.39 168.1 507.55 214.04 0.65951
581.11 182.25 621.88 204.97 0.63219
232.2 188.55 355.22 241.64 0.62331
0.0 147.83 83.572 253.33 0.61562
0.0 144.39 56.267 248.45 0.61367
0.0 88.487 31.954 262.79 0.60471
0.0 101.52 20.293 219.91 0.60335
574.5 173.47 596.0 218.8 0.59898
564.45 179.23 588.27 204.74 0.59835
518.95 168.36 534.49 203.64 0.59611
181.08 172.28 289.73 263.66 0.59129
471.07 169.97 510.18 208.15 0.58556
0.0 78.884 45.284 234.49 0.5829
0.0 220.72 118.42 316.34 0.58171
0.0 178.63 90.791 266.79 0.57841
214.66 165.84 399.57 302.18 0.57483
499.93 173.09 531.39 192.56 0.57272
0.0 219.31 20.862 345.71 0.57008
0.0 236.02 101.44 356.89 0.56602
436.8 173.24 491.8 219.78 0.56538
486.54 163.9 504.7 213.82 0.56399
589.8 168.75 610.97 214.44 0.56301
505.13 184.41 529.04 205.76 0.56054
0.0 144.41 39.054 205.7 0.55817
482.49 167.31 502.35 218.01 0.55695
585.34 171.21 607.92 221.65 0.55434
523.58 168.46 538.85 201.64 0.55329
9.6448 129.0 78.372 294.61 0.55085
20.71 151.94 113.02 311.44 0.55057
499.37 169.09 516.07 209.28 0.54838
559.29 176.57 616.09 209.81 0.54558
580.93 172.59 605.02 220.38 0.53636
511.34 180.53 545.5 201.04 0.53619
0.0 180.29 28.638 317.88 0.5347
584.66 169.55 612.53 222.47 0.52866
507.05 172.44 543.15 193.16 0.5271
520.05 166.47 547.97 191.5 0.52205
0.0 99.257 61.767 261.57 0.52002
527.8 169.05 542.68 200.79 0.51917
579.09 170.62 606.56 220.39 0.51692
470.49 170.11 490.89 216.1 0.50986
478.41 170.47 498.8 217.44 0.50964
571.65 173.33 587.36 210.62 0.50555
578.28 172.5 599.23 214.69 0.50158
525.05 177.23 557.04 196.21 0.49715
0.0 176.58 65.113 230.41 0.49333
0.0 150.79 28.903 225.71 0.48987
0.0 294.73 42.245 375.0 0.48898
423.0 184.56 489.97 226.75 0.48752
474.24 168.96 495.54 215.71 0.48553
0.0 200.15 18.113 323.39 0.48446
565.52 174.42 609.54 197.5 0.48438
594.17 169.73 613.61 220.66 0.48404
521.69 179.58 552.9 198.7 0.48194
473.15 164.59 503.5 215.02 0.47165
0.0 181.61 86.038 253.1 0.46705
253.1 141.46 326.43 286.08 0.46433
0.0 99.884 31.991 219.13 0.46157
0.0 262.02 93.571 375.0 0.46143
480.92 171.42 514.58 205.96 0.45854
506.58 176.85 521.4 213.71 0.45738
264.69 139.12 344.54 292.95 0.45454
489.03 170.35 539.97 207.37 0.45247
467.62 162.26 496.56 218.77 0.45058
0.0 314.26 70.556 375.0 0.44335
238.14 185.54 333.77 251.16 0.44286
0.0 148.71 23.38 216.33 0.43713
0.0 168.39 65.606 219.64 0.43161
535.74 174.64 557.93 196.38 0.43073
517.04 166.52 554.34 188.33 0.42899
0.0 194.79 95.225 282.95 0.42745
586.08 166.89 606.3 213.07 0.42507
458.42 171.6 506.69 201.6 0.42186
581.65 167.03 602.88 213.53 0.42176
242.81 154.4 309.8 284.05 0.42174
244.18 182.74 359.43 234.05 0.42053
572.31 175.04 603.63 200.09 0.41695
583.78 176.26 613.88 201.64 0.41579
481.82 169.59 510.05 219.54 0.41466
532.1 171.87 546.23 202.69 0.41074
6.6139 158.64 29.948 234.73 0.41025
192.84 145.28 426.88 316.34 0.40851
577.84 175.69 619.82 198.74 0.4019
9.2034 165.12 57.656 305.23 0.39861
572.84 167.25 599.58 221.19 0.39571
0.0 163.71 31.614 238.84 0.39545
0.0 133.87 36.373 196.67 0.3947
561.4 175.69 585.77 201.14 0.39053
18.306 141.13 55.696 253.3 0.38712
4.7005 115.14 129.77 354.01 0.38632
2.964 160.25 25.686 234.57 0.3847
209.39 179.31 294.06 238.63 0.38445
166.53 176.17 313.02 250.67 0.38186
218.06 203.89 324.89 275.37 0.38161
10.452 154.96 33.376 232.18 0.38
230.39 155.62 291.29 278.53 0.37413
32.108 119.2 151.21 352.21 0.37374
0.0 256.03 73.971 348.51 0.37306
524.08 171.52 559.57 192.22 0.37198
0.0 180.83 52.158 260.62 0.36995
0.0 126.14 58.98 229.87 0.36703
589.92 175.5 612.28 224.44 0.3638
473.24 173.92 521.68 203.0 0.36354
519.21 173.21 530.5 202.6 0.36347
0.0 210.36 94.196 301.51 0.36255
0.0 134.28 22.513 200.27 0.35948
516.07 177.94 527.74 209.4 0.35788
599.23 172.38 613.33 209.0 0.35229
52.34 203.72 221.82 293.57 0.35028
229.58 177.75 344.14 224.74 0.34711
198.67 183.64 288.37 223.11 0.34475
0.0 272.4 59.944 358.87 0.34336
514.81 167.14 528.58 200.89 0.34323
0.0 86.731 354.42 375.0 0.34302
0.0 164.68 22.461 232.25 0.34223
0.0 158.91 134.76 241.16 0.34023
36.382 144.11 128.54 305.14 0.33978
559.93 178.88 581.49 199.91 0.33815
461.48 176.21 499.99 208.96 0.33569
0.0 165.43 134.84 370.7 0.33161
466.54 171.0 485.76 218.44 0.33103
575.73 172.6 611.18 191.96 0.32856
253.25 178.42 337.37 242.67 0.32245
415.25 175.87 492.27 214.7 0.31736
489.59 184.6 522.62 213.4 0.30295
15.554 158.85 36.638 236.6 0.29775
566.02 171.01 578.47 205.5 0.29667
0.0 64.023 71.954 375.0 0.29424
560.55 182.63 605.46 210.29 0.2941
394.14 193.48 476.41 242.86 0.2802
474.28 160.89 492.07 212.73 0.2791
597.1 180.54 619.84 201.45 0.2786
465.05 181.19 503.32 216.69 0.27816
0.0 162.41 21.191 234.8 0.27805
509.85 170.3 522.68 200.09 0.27782
17.578 166.62 211.6 237.74 0.27752
4.5475 180.22 92.218 273.2 0.27642
0.0 96.451 98.594 375.0 0.27227
0.0 124.84 170.95 311.92 0.27131
535.65 171.19 549.32 203.09 0.26932
512.17 169.61 525.45 200.97 0.26778
12.142 135.32 45.691 235.47 0.26631
215.47 161.84 271.5 281.07 0.26106
489.04 167.65 513.36 217.06 0.2565
0.0 111.64 256.86 375.0 0.25582
528.38 174.93 561.64 194.01 0.25548
463.67 166.36 480.31 215.64 0.25382
0.0 103.47 62.288 211.32 0.25332
61.367 97.536 178.97 344.79 0.24869
407.58 190.73 482.97 236.67 0.24864
0.078701 184.75 69.172 272.67 0.24747
0.0 158.33 71.844 237.99 0.24725
207.66 218.68 323.31 266.79 0.24707
0.0 330.7 77.982 375.0 0.24303
0.0 51.272 33.641 240.88 0.2419
0.0 126.33 25.211 188.58 0.24066
8.3167 212.24 201.69 298.57 0.23733
0.0 313.69 108.36 375.0 0.23637
0.0 193.39 115.2 258.62 0.23587
0.0 180.61 22.536 247.52 0.23435
0.0 163.0 67.697 208.08 0.23326
421.86 172.14 481.84 219.74 0.23108
527.36 181.4 557.39 198.91 0.22846
0.0 259.98 26.114 332.34 0.22475
0.0 0.0 151.96 375.0 0.22061
495.09 172.63 519.5 194.7 0.22011
0.0 256.89 116.82 345.38 0.21995
506.09 168.68 518.91 199.83 0.21863
0.0 272.84 31.045 345.31 0.21816
459.82 170.48 477.15 217.28 0.21718
79.751 141.98 169.31 307.4 0.21398
273.0 129.76 361.19 305.05 0.21337
53.117 135.74 144.0 302.37 0.21331
462.1 160.83 487.12 218.97 0.21311
259.73 105.46 372.04 375.0 0.20837
470.72 160.51 488.15 209.52 0.20799
459.98 182.03 524.28 215.93 0.20679
0.0 163.97 39.843 207.53 0.205
0.0 265.59 181.96 375.0 0.20439
0.0 225.03 41.715 290.17 0.20343
591.31 177.88 616.61 199.62 0.20262
485.46 169.86 508.66 220.43 0.2017
0.0 129.38 80.059 237.52 0.19908
239.11 175.88 277.2 262.52 0.19851
591.47 163.32 608.48 206.92 0.19718
203.23 155.73 497.49 304.9 0.19489
229.18 87.102 342.51 375.0 0.19486
0.0 208.09 203.65 364.21 0.19465
479.49 188.78 523.94 213.47 0.19425
0.0 239.4 21.356 303.95 0.19416
208.39 141.91 273.99 273.91 0.19196
446.03 185.05 504.36 212.81 0.19099
26.195 151.13 69.119 278.01 0.19058
0.0 156.64 40.873 198.59 0.18883
0.0 181.9 34.641 254.99 0.18804
19.818 156.61 41.07 235.46 0.18697
556.41 180.21 591.63 200.08 0.18627
279.15 154.95 317.08 256.32 0.18555
0.0 102.77 187.91 281.31 0.18519
0.0 214.06 46.897 283.93 0.1847
457.74 181.32 493.66 214.28 0.18454
466.04 172.22 510.41 194.88 0.18424
235.97 177.34 320.03 238.2 0.18363
587.42 161.72 604.77 205.69 0.18337
540.25 174.48 560.81 194.72 0.18289
498.63 170.92 556.42 201.61 0.18184
0.0 169.76 9.6392 226.35 0.18161
200.67 214.26 302.99 255.43 0.18043
0.0 180.5 111.24 241.79 0.17848
591.66 182.88 626.89 202.34 0.17603
230.94 174.83 269.0 260.24 0.17568
0.0 287.25 28.216 363.53 0.17536
0.0 240.06 46.012 309.39 0.175
588.94 162.68 615.43 223.6 0.174
595.67 165.88 611.48 205.53 0.17324
500.35 187.48 525.83 209.1 0.17276
246.22 174.05 286.3 264.55 0.17259
577.35 176.28 606.5 195.79 0.172
270.92 151.99 308.29 255.86 0.17069
255.09 188.74 346.01 253.29 0.17047
69.503 143.98 152.98 298.54 0.16934
396.65 175.31 480.63 216.4 0.16859
0.0 189.51 65.738 244.84 0.16847
583.19 161.07 600.93 205.67 0.16825
0.0 219.97 58.795 291.48 0.16739
359.39 185.94 457.89 229.84 0.1661
491.3 172.14 525.25 191.37 0.16556
0.0 248.51 122.33 375.0 0.16533
0.0 198.64 70.817 375.0 0.16384
5.7386 109.49 36.006 219.66 0.16106
0.0 158.1 60.486 198.21 0.16099
571.01 175.49 595.48 199.25 0.15869
463.14 173.3 479.17 222.18 0.1584
0.0 19.645 280.66 375.0 0.15755
286.23 153.03 323.86 256.26 0.15683
211.5 173.9 323.65 217.55 0.15664
524.57 162.76 540.06 197.15 0.15473
253.41 158.73 292.64 256.02 0.15359
490.39 168.3 512.52 220.19 0.153
0.0 146.96 40.817 190.04 0.15265
2.3943 154.61 54.913 219.7 0.15202
182.62 204.51 284.32 251.49 0.1519
2.5508 173.07 26.64 251.46 0.15166
261.82 156.49 300.03 257.17 0.15163
3.5047 200.88 66.473 280.93 0.15143
0.0 165.33 15.0 230.07 0.15042
96.219 148.3 175.48 289.88 0.14985
575.24 164.25 590.07 205.85 0.14939
0.0 228.23 26.208 289.83 0.14872
578.67 161.63 595.6 204.88 0.14815
0.0 242.03 29.164 308.8 0.14774
0.0 183.92 8.8519 240.77 0.14731
587.36 177.54 623.01 196.77 0.14718
523.63 172.86 534.81 201.26 0.14639
0.0 114.06 22.168 176.94 0.14579
0.0 179.32 37.499 225.35 0.14575
0.0 274.85 37.289 365.22 0.14436
0.0 326.77 136.01 375.0 0.14421
0.0 169.85 51.755 215.06 0.14298
41.663 130.6 115.39 293.41 0.14213
367.15 181.55 461.96 221.91 0.14203
480.26 165.65 507.01 227.42 0.14177
0.0 124.83 308.84 283.39 0.14162
540.7 171.22 552.98 202.53 0.14032
572.75 169.92 585.45 206.38 0.13843
194.69 204.56 267.07 235.88 0.13408
383.83 176.97 459.0 230.54 0.13391
0.0 197.85 51.154 274.53 0.13219
455.91 171.21 472.0 216.83 0.13197
565.58 176.84 587.37 197.57 0.13181
603.57 173.44 616.49 208.31 0.13163
0.0 281.7 114.48 363.85 0.13136
529.32 173.22 540.72 200.89 0.13117
140.86 127.32 392.16 306.56 0.13051
223.2 177.39 259.93 258.14 0.13003
0.0 224.78 19.281 287.65 0.12994
0.0 323.35 14.291 375.0 0.12948
0.0 158.73 432.19 375.0 0.12888
449.82 159.47 476.39 222.18 0.12851
185.28 198.32 277.61 241.96 0.12834
0.0 173.52 21.356 252.09 0.12814
1196.2 291.83 1238.0 375.0 0.12731
0.0 139.58 40.658 182.34 0.12721
158.49 160.2 331.62 232.76 0.12671
0.0 274.9 52.158 322.94 0.12635
513.61 167.37 547.74 187.13 0.12048
0.0 253.11 44.53 333.88 0.12025
459.71 177.97 475.05 224.05 0.12008
467.95 172.19 499.54 197.89 0.11941
472.77 173.52 504.55 199.25 0.11899
1049.1 264.02 1238.0 375.0 0.11712
1146.1 331.17 1238.0 375.0 0.11666
440.22 160.35 470.37 226.32 0.11582
503.95 185.62 538.74 204.76 0.11324
36.557 140.79 74.886 277.01 0.11298
500.36 168.61 513.34 202.17 0.11274
10.35 190.93 55.724 319.43 0.11198
0.0 196.7 22.365 262.31 0.11129
368.0 168.83 500.89 245.48 0.11125
0.0 141.6 76.844 220.25 0.11075
0.0 203.11 85.533 260.52 0.11067
10.188 172.55 33.965 249.13 0.11017
480.82 161.38 494.97 208.22 0.10993
0.0 287.91 55.046 336.84 0.10943
1133.4 191.53 1238.0 375.0 0.10934
197.97 209.76 262.99 240.88 0.10873
485.15 162.06 498.95 206.2 0.10738
0.0 175.02 15.014 247.86 0.10718
460.65 170.91 502.64 193.35 0.10705
569.16 172.64 580.34 204.27 0.10555
207.47 207.19 278.57 258.88 0.10549
199.23 154.32 252.88 288.54 0.1053
0.0 252.09 46.544 297.51 0.10514
0.0 199.4 71.076 251.26 0.10501
213.34 197.3 398.74 293.34 0.10393
414.86 158.19 543.19 228.8 0.10266
84.025 80.386 213.71 358.52 0.10255
496.82 166.39 520.53 213.02 0.10222
0.0 194.44 39.254 241.25 0.10215
536.75 175.08 548.05 205.25 0.1019
14.914 162.77 159.4 261.09 0.10089
0.0 259.69 44.67 306.28 0.099791
1179.7 321.84 1238.0 375.0 0.099633
0.0 121.21 34.56 185.92 0.099412
453.51 177.39 486.48 208.83 0.099286
114.21 148.01 188.16 292.56 0.099128
519.81 161.71 534.88 197.69 0.098738
231.73 158.13 267.86 248.96 0.098679
0.0 156.54 11.155 219.0 0.097927
202.82 181.13 271.34 233.49 0.097873
476.64 161.08 490.22 205.11 0.097761
84.993 181.9 233.79 269.24 0.097198
531.95 163.09 547.38 199.72 0.096972
158.78 122.75 473.1 282.69 0.095717
466.83 167.27 492.41 228.45 0.095672
218.59 119.41 292.89 276.04 0.094853
487.9 164.6 502.32 206.82 0.094703
545.39 171.33 557.03 201.27 0.0944
17.677 158.33 67.672 303.01 0.09415
0.0 185.62 52.685 232.64 0.092938
555.12 178.78 574.07 197.46 0.092791
479.47 157.88 508.11 215.27 0.0915
252.71 179.15 361.5 223.45 0.091249
189.65 191.29 264.32 251.91 0.090771
0.0 149.03 59.435 189.67 0.090407
434.5 161.82 463.62 229.59 0.090304
28.951 125.13 95.446 289.2 0.089864
56.874 120.71 130.35 285.23 0.089164
0.0 244.36 44.957 288.49 0.088389
4.8807 159.43 70.405 230.74 0.087587
446.48 179.54 494.08 206.78 0.087406
4.8466 177.4 296.62 323.9 0.086955
0.0 275.29 12.599 340.93 0.085256
212.43 178.68 250.75 258.41 0.084937
1224.9 344.92 1238.0 375.0 0.084557
293.42 151.04 330.4 255.72 0.083351
450.96 188.88 501.92 215.36 0.082963
1203.6 212.12 1238.0 375.0 0.082911
0.0 209.93 28.861 273.87 0.082886
1226.6 231.65 1238.0 320.87 0.082269
594.45 181.82 621.79 206.29 0.081585
508.41 173.76 529.94 193.44 0.081436
197.37 65.372 319.97 375.0 0.081244
0.0 203.77 42.495 249.68 0.080651
504.13 173.82 525.58 193.37 0.080553
0.0 106.58 82.867 222.29 0.080062
0.0 235.14 75.714 287.65 0.079735
583.64 183.91 617.24 213.68 0.079718
332.08 173.03 484.85 245.87 0.079574
576.63 187.0 621.2 210.93 0.078674
540.08 178.37 559.77 196.67 0.078667
547.59 176.82 565.84 195.51 0.078393
54.165 177.16 176.45 223.53 0.077848
183.64 153.05 306.17 256.51 0.077754
1.4948 331.91 32.144 375.0 0.077209
34.829 150.59 349.46 299.07 0.077152
531.92 171.8 564.8 190.43 0.076798
527.22 182.32 550.34 199.88 0.076679
0.0 261.44 10.814 320.45 0.076434
194.37 204.03 362.72 290.78 0.076361
1056.2 0.0 1238.0 375.0 0.076298
29.967 135.83 64.569 260.33 0.076086
0.0 84.429 16.427 194.14 0.076035
558.28 177.31 593.73 196.36 0.075981
1226.1 264.35 1238.0 354.52 0.075712
0.0 323.4 24.925 375.0 0.075651
491.0 164.55 505.33 206.68 0.075072
495.32 165.99 508.98 203.92 0.075026
168.1 198.44 316.04 267.23 0.074925
488.22 169.93 513.83 194.53 0.073791
248.55 154.19 282.42 245.67 0.07374
456.24 177.51 471.95 226.76 0.073663
157.39 190.03 294.17 259.77 0.073552
598.82 175.16 613.68 221.21 0.073268
885.86 138.52 1238.0 375.0 0.073037
0.0 199.46 269.77 357.67 0.073035
390.48 159.46 527.25 232.96 0.072895
0.0 243.96 78.243 296.31 0.072417
200.38 214.99 259.63 244.26 0.072305
0.0 123.6 38.967 166.45 0.07166
483.83 171.97 520.3 191.33 0.071436
569.21 172.99 605.35 191.3 0.071098
1226.4 248.23 1238.0 339.52 0.070944
467.01 160.01 483.57 207.15 0.07076
480.74 173.37 503.67 223.72 0.070748
563.18 175.98 574.07 205.05 0.070458
0.0 147.52 9.5552 207.26 0.07021
0.0 124.29 83.006 202.81 0.070048
529.85 169.35 555.89 191.93 0.069946
287.64 81.613 403.3 375.0 0.06966
852.87 0.0 1238.0 189.23 0.069545
491.09 191.37 527.02 211.09 0.069496
602.78 179.84 623.77 199.92 0.069152
7.9682 330.26 42.04 375.0 0.068648
0.0 233.24 163.96 315.98 0.068588
0.0 304.24 54.075 353.06 0.068422
515.2 170.12 538.16 192.32 0.067587
1225.1 279.51 1238.0 370.22 0.06754
1185.4 268.24 1238.0 374.96 0.067423
0.0 242.25 64.735 284.77 0.067345
0.0 218.07 79.889 276.11 0.066985
450.66 176.65 498.3 204.21 0.066888
566.71 164.94 590.44 225.36 0.06614
1206.3 362.73 1238.0 375.0 0.065854
556.52 178.09 585.9 194.48 0.065725
0.0 143.94 113.18 220.6 0.065317
241.36 154.69 273.69 243.81 0.064699
192.26 129.93 255.99 275.51 0.063994
224.98 162.34 259.39 248.13 0.06398
472.28 161.18 486.36 202.25 0.063434
1186.2 236.57 1238.0 345.34 0.063271
454.59 183.73 484.59 214.39 0.063163
426.17 164.8 453.46 227.47 0.062882
548.52 173.04 559.75 202.31 0.062699
0.0 257.11 67.488 302.8 0.062108
1165.8 280.3 1238.0 359.96 0.061713
199.96 177.75 303.17 215.17 0.061214
4.5045 148.65 51.36 207.6 0.061149
14.627 169.92 37.406 248.04 0.061114
0.0 110.72 74.656 192.98 0.061104
519.63 181.13 541.17 200.46 0.060699
378.4 171.61 467.41 214.23 0.060678
469.27 174.98 490.12 224.42 0.060229
505.97 188.95 526.88 205.92 0.060119
0.0 276.49 50.64 360.14 0.059459
1163.6 264.64 1238.0 345.0 0.059116
525.16 167.51 562.62 187.47 0.058989
5.2086 253.54 30.538 326.82 0.05889
226.64 180.01 443.2 269.4 0.058449
0.0 67.888 204.2 256.15 0.058364
0.0 274.99 17.141 375.0 0.057868
403.29 174.31 470.33 226.74 0.057792
462.51 171.51 496.49 200.72 0.057621
21.341 179.83 131.36 226.11 0.056951
544.04 176.56 562.97 195.84 0.056692
377.09 200.98 465.36 252.97 0.056456
0.0 211.34 43.642 257.59 0.056321
477.78 172.64 508.33 197.53 0.056276
459.29 175.99 491.82 206.57 0.05596
554.98 183.01 590.35 203.16 0.055742
0.0 304.95 28.789 375.0 0.055695
1220.8 355.8 1238.0 375.0 0.055091
1162.9 249.19 1238.0 328.26 0.055062
1140.9 0.0 1238.0 187.64 0.055062
88.795 139.47 156.96 287.58 0.054881
4.7791 220.74 49.043 363.07 0.054732
417.84 165.7 447.04 228.66 0.054626
1.0059 59.828 67.468 251.59 0.054377
452.57 168.94 468.2 215.91 0.053866
0.0 283.07 67.014 331.25 0.053486
202.93 172.01 241.3 263.22 0.053407
594.35 177.78 625.37 195.16 0.053366
589.23 185.7 628.36 205.42 0.052727
18.767 170.78 41.334 248.33 0.052447
574.85 175.73 599.95 194.37 0.051793
160.19 171.2 270.42 269.34 0.051671
0.0 229.9 43.93 274.22 0.051664
1202.3 148.36 1238.0 323.29 0.051382
1226.6 210.94 1238.0 297.49 0.051324
581.2 173.2 617.56 191.18 0.051183
1.0163 244.9 58.523 316.09 0.050992
23.331 287.1 98.076 375.0 0.050937
466.78 176.09 483.66 226.48 0.0509
477.41 179.47 542.82 210.47 0.050864
1200.6 117.07 1238.0 288.39 0.050834
0.0 248.88 9.0526 303.65 0.050356
470.44 193.37 501.21 218.69 0.050037
536.61 170.16 560.48 191.93 0.049659
463.28 196.97 504.73 220.29 0.049635
1186.0 207.23 1238.0 313.56 0.04934
30.075 152.45 276.92 343.09 0.049265
499.3 172.29 522.32 192.06 0.04909
22.057 208.32 87.545 375.0 0.04894
1164.2 233.64 1238.0 312.75 0.048835
1042.0 0.0 1238.0 95.166 0.048752
86.484 174.84 223.08 294.59 0.048129
607.26 174.21 619.42 208.56 0.048096
551.78 180.72 582.67 196.71 0.047385
421.6 168.45 504.53 209.03 0.046937
1155.9 154.0 1238.0 234.16 0.046561
0.0 144.11 55.62 182.18 0.046528
1182.1 143.96 1238.0 250.99 0.04628
1116.9 337.44 1238.0 375.0 0.045966
46.469 137.13 82.239 274.91 0.045848
934.03 0.0 1238.0 242.69 0.04538
1162.7 218.43 1238.0 297.39 0.045093
14.689 325.72 49.771 375.0 0.045
0.0 221.02 45.763 264.93 0.044978
3.3438 175.01 117.77 228.51 0.044685
0.0 117.2 40.617 159.31 0.044559
549.57 178.26 580.08 193.33 0.044486
1167.6 295.36 1238.0 375.0 0.044374
1226.0 169.28 1238.0 255.13 0.044335
0.0 297.91 13.661 375.0 0.043979
551.86 172.7 562.47 202.06 0.043586
537.95 175.99 569.11 192.95 0.043515
0.55883 251.45 27.283 337.98 0.043415
241.92 171.19 350.8 216.29 0.043142
115.63 168.15 438.97 323.91 0.04254
1224.5 300.87 1238.0 375.0 0.04253
1158.1 170.58 1238.0 250.92 0.042525
1183.5 174.65 1238.0 282.12 0.042393
225.18 204.96 293.51 236.49 0.042131
0.0 267.61 63.369 311.07 0.04179
1201.6 265.42 1238.0 375.0 0.041728
0.0 134.54 49.182 172.9 0.04119
536.14 163.74 550.02 199.68 0.041169
198.16 201.3 275.19 230.98 0.040862
504.49 169.78 537.2 188.0 0.04068
12.696 77.924 82.796 265.34 0.040561
456.23 147.28 485.27 219.21 0.040457
3.1229 200.35 134.38 269.49 0.040163
1161.0 201.97 1238.0 281.93 0.040087
1158.7 185.63 1238.0 266.85 0.040072
60.69 185.26 182.91 245.45 0.039395
501.85 188.45 534.02 206.64 0.039133
557.28 173.07 567.44 202.16 0.039086
352.89 181.5 495.76 256.84 0.038994
1154.8 137.85 1238.0 217.47 0.038919
0.0 273.26 73.904 322.01 0.038607
0.0 296.3 68.011 345.6 0.03849
0.0 240.51 8.2354 295.49 0.038435
546.17 175.17 556.84 207.29 0.038406
217.07 193.34 239.49 255.03 0.037992
449.29 171.3 463.76 212.63 0.037958
567.26 176.97 579.08 215.1 0.037872
1225.8 154.35 1238.0 239.46 0.037844
315.89 183.44 481.13 258.22 0.037504
52.478 134.71 312.18 327.32 0.037234
1226.4 186.23 1238.0 272.48 0.037051
198.86 153.84 416.91 237.46 0.036928
240.41 143.34 540.71 298.81 0.036656
0.96797 201.5 82.615 289.13 0.036416
598.03 180.53 629.77 198.22 0.036361
543.33 177.78 573.28 193.34 0.036125
370.15 181.94 445.05 235.15 0.036001
0.0 70.718 50.215 194.26 0.035892
0.0 61.649 142.41 280.47 0.035844
100.59 134.09 360.95 319.28 0.035785
0.0 86.669 24.903 197.93 0.035208
0.0 298.01 12.484 367.69 0.034946
8.0472 248.72 34.735 331.69 0.034867
413.53 170.72 531.79 235.21 0.034577
134.27 142.55 201.09 295.33 0.034539
536.12 180.08 566.39 196.21 0.034307
1217.9 345.09 1238.0 375.0 0.034266
41.418 178.41 151.46 222.42 0.034241
4.9439 166.15 89.582 240.22 0.034021
563.18 190.64 608.52 217.15 0.033642
357.93 197.25 461.28 243.4 0.033572
207.43 205.45 252.98 245.07 0.033458
180.79 152.73 232.74 299.71 0.033241
8.8679 144.02 30.317 228.87 0.032969
117.86 162.96 183.02 321.75 0.032672
60.761 173.13 170.98 214.72 0.032623
0.0 85.989 268.73 265.98 0.032521
0.0 237.75 55.572 279.51 0.032455
286.47 114.88 377.89 318.63 0.03239
0.0 0.0 378.53 316.32 0.032258
105.33 280.35 425.8 375.0 0.032193
216.44 167.56 250.66 248.16 0.031853
451.16 161.8 526.55 201.31 0.031742
0.0 153.57 622.13 375.0 0.031686
226.34 174.76 303.33 229.78 0.031591
227.21 198.73 292.78 230.81 0.031544
71.124 180.16 197.59 229.43 0.031534
53.277 52.907 314.35 375.0 0.031443
300.67 152.06 336.76 255.6 0.031123
577.36 186.83 616.72 220.21 0.031105
0.0 0.0 384.29 191.12 0.031093
1035.9 99.745 1238.0 284.06 0.030925
0.0 107.17 24.267 165.42 0.030787
1075.2 0.0 1238.0 122.09 0.030752
0.0 0.0 190.93 96.171 0.030689
466.31 186.5 497.47 217.68 0.030489
1138.8 77.762 1238.0 375.0 0.03041
44.84 178.85 165.05 232.48 0.030298
0.0 135.25 15.208 219.79 0.030255
1042.0 165.78 1238.0 348.51 0.03019
453.25 164.97 466.51 204.69 0.030098
120.52 70.458 252.46 375.0 0.030018
0.0 282.86 247.19 375.0 0.029775
524.63 186.91 554.83 203.5 0.029695
872.26 11.788 1238.0 374.34 0.029625
22.837 19.982 162.18 345.59 0.029417
1225.6 137.05 1238.0 224.98 0.029294
126.64 189.98 268.89 261.43 0.029273
0.0 93.649 70.03 178.22 0.029184
0.13712 173.44 40.934 226.7 0.029063
0.0 247.76 96.568 304.09 0.029004
4.6629 216.94 137.87 287.94 0.02882
450.55 174.31 469.25 227.65 0.028777
52.746 153.43 133.82 334.63 0.028627
5.0462 169.92 107.95 256.6 0.028562
441.29 186.98 493.65 211.71 0.028495
344.67 192.36 449.24 237.21 0.028331
498.61 169.83 530.86 187.72 0.028241
0.0 261.24 79.457 308.93 0.028183
0.0 223.31 97.586 284.63 0.028138
1199.9 83.243 1238.0 258.83 0.028125
218.97 211.98 301.1 273.46 0.028087
511.49 181.68 522.7 214.48 0.028082
204.0 206.33 278.53 238.71 0.027933
1153.3 122.61 1238.0 201.28 0.027789
1033.8 68.821 1238.0 250.86 0.027352
0.0 292.8 28.624 321.84 0.027235
436.44 182.05 482.21 206.91 0.027164
232.85 195.83 338.4 267.22 0.026944
22.389 324.42 57.171 375.0 0.026848
1049.4 197.9 1238.0 375.0 0.026766
47.769 193.64 169.79 251.23 0.026581
464.67 162.67 478.38 207.06 0.026491
0.0 253.99 17.468 327.63 0.02649
254.29 176.0 291.4 272.18 0.026481
274.61 197.63 342.6 223.96 0.026353
236.51 113.9 564.07 275.71 0.026257
446.86 179.3 486.67 201.05 0.026132
153.28 78.716 284.11 375.0 0.026092
487.04 162.5 511.73 232.87 0.025887
446.77 186.63 478.39 217.69 0.025828
1217.3 233.25 1238.0 333.35 0.025806
599.97 182.97 631.07 201.15 0.025785
450.86 177.91 479.22 204.0 0.025673
23.052 172.03 43.543 245.02 0.025628
221.37 193.29 242.24 257.32 0.025554
1209.1 309.32 1238.0 348.65 0.025485
456.65 168.2 469.42 205.5 0.025345
0.0 0.0 104.19 351.51 0.025324
601.59 183.01 624.06 204.53 0.025261
1218.4 232.16 1238.0 291.59 0.025087
27.135 175.79 122.6 217.17 0.024974
207.43 214.59 273.18 243.48 0.024957
448.32 180.1 482.5 210.61 0.024951
1218.3 296.05 1238.0 354.29 0.024906
0.0 182.79 50.673 217.75 0.024848
533.9 184.59 556.24 202.48 0.024644
5.631 237.03 80.861 309.52 0.02461
267.51 184.24 380.12 231.13 0.024446
540.46 164.36 553.65 197.08 0.024415
584.92 164.59 597.28 198.14 0.024338
516.61 162.85 556.38 183.55 0.024288
1210.8 341.02 1238.0 375.0 0.024281
471.73 186.27 521.4 217.88 0.024277
1218.7 247.54 1238.0 307.56 0.024226
2.7691 289.48 55.834 371.49 0.024182
340.49 155.34 507.71 234.01 0.02417
1208.6 316.84 1238.0 355.71 0.024126
1209.4 301.15 1238.0 340.6 0.024107
532.69 169.17 564.98 186.84 0.024033
167.78 280.11 484.61 375.0 0.024007
1218.1 279.34 1238.0 339.94 0.023789
45.233 8.3436 191.83 344.7 0.023726
0.0 69.126 12.141 174.3 0.023623
544.67 181.3 576.49 197.15 0.02359
1184.2 198.25 1238.0 375.0 0.023548
0.0 182.22 13.414 218.14 0.023504
0.0 102.33 18.595 158.82 0.023291
157.14 154.95 217.12 304.21 0.023251
0.0 353.73 9.6789 375.0 0.023227
212.46 202.87 285.28 234.75 0.023214
0.0 39.891 523.68 338.36 0.02319
0.31751 142.98 20.836 225.16 0.023082
1.734 220.81 80.47 297.81 0.023079
0.0 0.0 68.528 179.0 0.023033
21.383 134.93 52.92 235.45 0.02288
572.29 155.92 597.26 215.11 0.02285
592.92 166.92 606.79 202.54 0.022843
0.0 183.83 24.38 208.56 0.022821
509.51 166.46 558.67 200.07 0.022763
536.97 183.11 565.37 198.76 0.022733
1216.5 254.64 1238.0 359.38 0.022628
1180.8 113.67 1238.0 222.23 0.022527
56.096 141.99 90.25 279.99 0.022423
512.92 186.38 545.27 203.68 0.022401
439.68 191.44 490.4 215.96 0.022355
0.0 301.33 75.56 355.16 0.022289
438.53 179.69 479.44 201.67 0.022284
128.36 172.77 244.72 276.5 0.022236
310.53 38.701 444.37 375.0 0.022149
3.3853 231.52 130.3 301.0 0.022136
1127.6 319.81 1238.0 375.0 0.022112
550.39 179.34 570.39 198.17 0.022047
437.37 153.14 554.68 234.17 0.021964
0.0 279.55 26.012 304.22 0.021925
1208.1 189.63 1238.0 228.86 0.021889
455.78 174.32 498.42 197.85 0.02188
263.71 197.54 329.26 223.86 0.02186
427.25 183.02 482.01 233.9 0.021853
1217.9 264.52 1238.0 323.66 0.021783
120.44 44.859 394.73 375.0 0.021771
218.06 208.56 286.09 240.3 0.021685
557.61 182.91 580.85 203.42 0.021666
1150.3 291.84 1221.2 375.0 0.021622
184.88 236.98 311.87 375.0 0.021578
213.13 191.72 235.85 254.99 0.021473
557.59 175.15 577.49 191.85 0.021453
567.39 193.01 615.83 221.33 0.021452
581.1 163.18 592.84 195.58 0.021425
461.13 167.84 474.64 207.31 0.021418
562.22 178.75 573.41 215.79 0.021416
1210.4 293.49 1238.0 332.63 0.021393
1210.1 245.69 1238.0 284.46 0.021376
50.291 280.66 359.96 375.0 0.021274
444.21 179.4 473.42 205.26 0.021262
31.423 189.38 155.21 245.23 0.021178
549.68 176.34 559.75 208.24 0.020992
0.0 134.54 9.5885 195.96 0.020927
1203.0 343.91 1232.4 375.0 0.020822
1207.3 181.89 1238.0 220.6 0.020809
75.222 118.1 403.35 284.08 0.020657
0.0 319.39 54.712 365.01 0.020633
1211.5 261.45 1238.0 300.46 0.020625
197.19 167.42 230.49 267.82 0.020605
603.06 177.23 615.31 217.65 0.02049
3.6578 250.2 25.865 319.31 0.020377
589.19 163.93 601.72 199.55 0.020375
77.298 186.79 198.66 240.11 0.020371
1210.4 269.43 1238.0 308.11 0.02027
1209.8 285.48 1238.0 324.63 0.02018
0.0 103.94 502.25 375.0 0.020147
214.92 237.02 341.66 375.0 0.020138
1210.7 253.43 1238.0 292.44 0.020028
540.39 180.61 571.62 196.53 0.01985
528.73 187.94 559.04 204.07 0.019795
558.66 176.12 569.11 209.11 0.01979
179.61 45.805 428.74 375.0 0.019783
528.29 176.07 540.36 208.3 0.019768
532.81 178.34 544.9 210.09 0.019745
1046.5 0.0 1197.2 214.22 0.019743
1208.5 173.9 1238.0 212.62 0.019742
217.9 197.31 288.15 226.52 0.019509
1216.2 177.9 1238.0 235.3 0.019504
465.6 169.16 502.35 187.72 0.019439
23.769 153.09 42.846 231.64 0.019421
1209.8 238.14 1238.0 277.0 0.019284
25.141 234.54 147.62 375.0 0.01927
1217.9 217.67 1238.0 274.89 0.019225
1209.3 277.8 1238.0 316.84 0.019122
959.57 268.91 1238.0 375.0 0.019066
0.0 264.01 23.694 287.88 0.019064
0.0 271.46 25.746 296.48 0.019043
1039.6 212.62 1184.4 375.0 0.019027
590.59 175.24 616.46 195.04 0.019008
230.88 207.82 300.67 239.92 0.018914
1192.6 367.73 1238.0 375.0 0.018909
42.247 153.44 85.392 291.34 0.018817
1210.9 324.39 1238.0 362.46 0.018804
551.72 175.34 570.75 192.14 0.018678
9.9192 189.4 136.25 248.18 0.018658
561.46 184.94 630.73 223.44 0.018626
202.12 201.48 258.66 239.38 0.018336
240.28 205.18 309.24 236.95 0.018313
13.431 139.15 33.841 226.85 0.018209
1137.3 0.0 1238.0 333.49 0.018089
152.13 240.04 280.32 375.0 0.017959
444.02 122.29 499.13 255.02 0.017659
377.75 151.27 509.15 243.15 0.017416
239.39 153.42 300.84 328.88 0.017355
0.0 0.0 283.28 238.35 0.017198
0.0 15.24 30.618 220.06 0.01712
0.0 0.0 73.418 315.13 0.016998
0.0 33.923 193.78 223.56 0.016945
935.26 0.0 1238.0 94.091 0.016867
1103.9 0.0 1238.0 208.37 0.016825
116.29 199.41 258.29 274.51 0.016163
1154.0 106.48 1238.0 185.4 0.01551
1008.0 217.24 1149.3 375.0 0.015442
0.0 0.0 143.95 121.35 0.015425
119.23 238.85 248.34 375.0 0.015195
73.834 0.0 221.63 348.46 0.015119
704.65 0.0 1238.0 196.8 0.015018
89.482 155.63 160.07 331.71 0.014827
237.94 152.72 394.75 272.26 0.014542
246.51 226.05 371.7 375.0 0.014521
1084.7 148.96 1238.0 375.0 0.014501
1011.8 0.0 1163.6 213.75 0.014442
145.5 203.54 292.46 271.67 0.014324
1082.6 83.259 1238.0 323.86 0.014163
37.297 175.27 106.67 358.68 0.013986
671.76 269.81 1029.9 375.0 0.013735
976.78 213.43 1117.0 375.0 0.013602
87.302 239.28 216.09 375.0 0.01313
1167.9 196.41 1232.3 375.0 0.012843
56.949 225.99 226.14 304.08 0.012788
428.82 113.4 488.01 254.46 0.01278
56.816 236.16 183.08 375.0 0.012698
881.99 0.0 1033.9 215.5 0.012602
868.65 272.62 1222.3 375.0 0.012351
914.92 0.0 1063.6 208.52 0.01232
1134.5 284.88 1238.0 363.56 0.012052
1132.8 269.04 1238.0 350.59 0.011865
80.016 116.48 140.92 274.37 0.011846
755.83 204.26 892.01 375.0 0.01181
759.88 0.0 1165.1 92.887 0.011731
1200.3 0.0 1238.0 87.014 0.011694
1151.9 251.4 1238.0 367.78 0.011666
285.85 170.75 480.32 253.12 0.011635
1049.8 0.0 1238.0 43.609 0.011438
1148.0 0.0 1238.0 40.466 0.011362
341.43 38.405 481.93 375.0 0.011346
804.97 0.0 1100.1 375.0 0.011152
1130.1 254.48 1238.0 332.86 0.011147
1028.2 4.4865 1238.0 190.07 0.011037
176.73 160.51 225.8 325.15 0.010994
946.79 214.77 1085.6 375.0 0.010671
314.34 164.04 466.38 268.15 0.010576
25.911 252.75 86.081 375.0 0.010466
1064.0 333.54 1238.0 375.0 0.010409
976.53 0.0 1131.0 213.91 0.010037
247.12 15.038 380.6 363.9 0.0099795
523.19 161.27 658.92 228.11 0.0098085
164.35 144.15 379.62 223.6 0.009779
946.85 0.0 1095.7 207.42 0.0097567
1153.5 89.173 1238.0 169.29 0.0097312
186.11 192.44 322.73 293.79 0.0097282
1203.1 47.678 1238.0 231.22 0.0096837
1134.5 289.13 1205.0 375.0 0.0095648
724.6 214.72 861.29 375.0 0.0095628
784.5 193.1 924.6 375.0 0.0090413
31.679 53.551 645.03 362.69 0.009027
151.82 185.0 264.69 281.35 0.0089665
105.2 163.26 171.87 340.73 0.0088461
1131.8 238.33 1238.0 316.77 0.0086894
380.65 190.0 524.83 259.05 0.0086724
911.5 210.51 1054.1 375.0 0.0085912
851.19 0.0 1002.6 211.44 0.0085387
1151.0 221.74 1238.0 333.75 0.0085252
1123.3 156.02 1238.0 237.0 0.0085215
426.42 126.81 480.57 272.08 0.0085189
215.14 5.3359 347.02 357.24 0.0085164
0.0 247.52 264.81 375.0 0.008361
459.97 121.72 512.3 259.29 0.0083168
0.0 77.94 69.972 161.66 0.0082775
1110.9 0.0 1189.0 105.47 0.0082246
