286.32 152.64 398.11 228.91 0.99987
287.23 152.62 394.56 225.9 0.99939
0.0 162.02 303.5 331.72 0.99872
269.7 151.65 380.91 233.29 0.98993
0.0 147.75 242.93 359.42 0.98765
264.74 155.82 372.97 215.88 0.98451
257.12 160.6 353.97 212.94 0.97814
295.5 150.79 404.07 210.0 0.96805
276.51 166.28 399.2 230.2 0.96561
89.572 155.64 328.58 333.32 0.96051
63.203 178.56 302.44 314.82 0.96039
0.0 136.01 312.8 299.47 0.95988
0.0 192.04 276.67 347.32 0.95605
253.9 152.83 330.29 213.25 0.94275
236.33 160.45 328.76 208.85 0.92569
252.38 159.17 331.04 202.03 0.92303
277.87 153.68 377.81 206.52 0.91883
310.81 155.28 402.02 220.77 0.9171
0.0 114.28 452.17 374.23 0.90001
268.72 150.66 336.16 206.65 0.89097
258.36 154.81 358.72 226.71 0.87977
242.59 154.53 309.26 203.59 0.86617
297.47 157.05 411.65 232.14 0.85393
104.84 175.04 301.69 282.6 0.85235
276.67 149.9 351.79 211.33 0.81263
268.36 160.07 382.47 235.86 0.81106
0.0 224.64 28.031 327.22 0.79777
248.84 150.06 386.64 221.92 0.79141
258.09 141.81 367.59 227.97 0.79064
0.0 215.13 208.8 328.67 0.74614
306.22 146.7 419.24 235.03 0.74267
59.336 128.08 353.13 288.6 0.72996
58.502 171.66 308.0 375.0 0.70901
0.0 214.21 20.46 319.46 0.68089
12.179 205.23 187.06 346.2 0.63717
93.199 153.75 382.01 305.34 0.62975
29.241 120.39 179.2 375.0 0.62197
131.69 151.42 366.82 335.06 0.58357
0.0 233.6 39.043 294.13 0.57439
100.48 191.26 314.77 305.92 0.567
61.707 126.06 202.57 375.0 0.55389
0.0 60.892 353.85 375.0 0.54966
86.96 125.44 219.89 354.72 0.54021
252.51 155.27 323.13 188.75 0.52868
1.3303 177.77 211.78 347.71 0.52582
262.66 135.59 401.9 207.36 0.52151
232.78 153.07 365.68 226.4 0.51797
115.15 117.24 243.78 354.69 0.5179
0.0 226.32 18.172 336.91 0.50217
330.36 142.39 389.21 239.18 0.49861
307.14 153.02 390.86 190.45 0.48048
232.01 162.52 343.21 217.19 0.47984
0.0 127.35 145.57 375.0 0.47531
151.84 92.1 275.53 345.12 0.47051
320.23 148.47 376.58 238.7 0.46437
127.73 175.11 293.84 258.01 0.45145
284.99 139.99 318.54 217.97 0.44669
278.16 137.88 310.66 213.87 0.431
334.95 152.86 405.21 216.49 0.42722
0.0 0.0 283.63 375.0 0.4239
328.07 142.64 376.69 230.59 0.41595
308.96 148.34 363.75 238.17 0.41574
0.0 205.38 25.215 310.68 0.4148
293.31 135.13 330.81 221.33 0.4098
313.1 138.53 361.78 227.43 0.40719
0.0 186.22 251.6 322.04 0.40118
256.55 150.64 312.55 196.07 0.39809
290.26 137.13 411.76 224.17 0.39636
4.1279 217.56 43.419 317.54 0.38865
296.95 144.17 352.12 243.27 0.38531
0.0 213.79 131.8 341.62 0.38421
109.0 130.58 396.74 280.69 0.37352
273.23 141.95 302.57 209.81 0.37011
301.4 134.4 341.06 223.73 0.3673
0.0 232.58 22.889 294.4 0.36642
267.85 156.27 335.23 191.43 0.36557
306.07 140.76 352.1 230.75 0.36418
4.471 161.48 102.47 369.56 0.36314
347.9 144.79 388.14 227.48 0.35997
0.0 189.39 18.919 300.02 0.35188
0.0 228.49 303.68 375.0 0.32841
0.0 159.62 79.221 361.54 0.326
0.0 173.33 49.211 343.35 0.32482
292.9 127.31 352.79 229.41 0.32437
0.0 238.67 188.54 335.97 0.32111
1201.3 212.28 1242.0 374.38 0.32067
0.0 227.69 155.04 328.8 0.31994
0.0 191.72 31.709 375.0 0.31704
337.89 139.18 383.48 229.04 0.31541
1213.7 253.01 1242.0 367.03 0.29878
0.0 0.0 161.47 375.0 0.29223
1206.3 244.28 1242.0 375.0 0.29041
0.0 200.85 232.99 375.0 0.28785
0.0 232.08 54.895 297.79 0.28266
0.0 250.01 56.478 292.95 0.27992
363.94 142.45 400.66 230.8 0.274
1224.2 261.5 1242.0 358.22 0.27313
1189.0 234.85 1242.0 342.19 0.26904
0.0 245.0 9.4523 301.69 0.24439
269.27 149.01 325.71 196.75 0.24427
0.0 243.01 31.071 300.42 0.23403
1182.7 207.43 1242.0 375.0 0.2324
1224.3 237.89 1242.0 331.29 0.23124
0.0 169.02 183.77 343.61 0.22924
0.0 189.46 33.033 299.65 0.22751
236.81 157.98 312.96 189.24 0.22202
355.08 137.65 391.78 223.95 0.21896
0.0 243.94 17.371 357.69 0.217
0.0 247.98 27.187 360.73 0.21513
0.0 245.13 40.322 287.56 0.21391
0.0 248.22 24.257 306.4 0.21296
0.0 232.31 47.359 345.51 0.21067
281.62 134.02 335.43 243.19 0.20891
265.66 141.78 294.21 210.14 0.20653
21.562 163.54 304.7 338.44 0.2062
247.97 166.71 351.49 224.6 0.20489
0.0 152.31 35.261 340.25 0.20245
1184.3 264.04 1242.0 369.49 0.20165
0.0 252.12 42.858 294.96 0.19964
1200.4 176.13 1242.0 349.15 0.19746
165.31 168.77 296.77 266.5 0.19487
0.0 105.16 102.5 375.0 0.19429
230.98 159.93 314.24 198.17 0.19428
67.496 206.67 288.67 322.59 0.19219
0.0 250.25 51.257 282.82 0.19178
0.0 220.93 21.296 281.91 0.19071
178.97 64.863 321.94 358.99 0.18936
0.0 123.35 207.09 324.61 0.18885
1167.7 248.08 1242.0 329.48 0.18872
186.79 168.55 320.52 250.92 0.18711
0.0 225.71 28.543 288.61 0.18682
0.0 222.63 102.56 336.05 0.18586
1168.5 264.06 1242.0 345.05 0.18434
0.0 202.76 46.693 375.0 0.18337
1198.8 290.28 1242.0 375.0 0.18089
309.6 126.39 346.39 226.48 0.17995
10.348 232.0 32.855 296.77 0.17433
1167.0 231.88 1242.0 314.05 0.17236
0.63677 236.41 35.88 349.93 0.1703
340.33 134.04 395.63 256.14 0.16901
151.89 125.93 450.18 273.2 0.16875
281.39 155.81 349.24 194.05 0.16848
1225.2 220.55 1242.0 315.11 0.16834
1183.7 201.35 1242.0 314.26 0.16785
0.0 232.34 10.484 290.85 0.167
325.49 154.0 404.79 203.13 0.16437
0.0 237.53 42.964 280.01 0.15946
0.0 232.66 64.974 338.0 0.15941
0.0 263.69 183.86 375.0 0.15787
317.9 124.77 355.95 228.87 0.15372
0.0 256.51 62.641 299.83 0.15363
278.13 158.36 396.06 247.4 0.15311
110.27 227.62 300.69 317.03 0.15204
261.37 174.67 401.84 246.35 0.1514
1170.5 279.7 1242.0 360.18 0.15044
1147.7 329.76 1242.0 375.0 0.15039
22.586 176.01 112.84 374.91 0.1502
1212.8 234.27 1242.0 342.44 0.14951
231.77 161.84 301.8 212.55 0.14624
0.0 188.87 168.96 375.0 0.14494
214.67 159.32 343.86 231.18 0.14477
1180.5 319.94 1242.0 375.0 0.14351
0.0 274.0 266.36 375.0 0.14141
325.23 153.03 396.91 188.01 0.14126
295.85 152.35 370.83 190.29 0.13995
325.71 129.13 364.37 230.21 0.13993
1160.8 214.52 1242.0 296.97 0.13939
0.0 86.315 70.928 375.0 0.13912
0.0 192.99 67.378 375.0 0.13767
1162.1 233.94 1242.0 345.75 0.1374
0.0 184.01 146.6 332.54 0.13685
0.0 256.26 9.2136 311.03 0.13603
13.196 144.29 123.64 367.49 0.13541
0.0 183.52 69.923 375.0 0.1352
0.0 250.01 77.717 332.62 0.13336
283.43 131.02 428.95 206.5 0.13185
164.86 98.463 403.74 292.06 0.1313
10.415 198.86 86.762 375.0 0.12961
0.0 229.18 44.665 273.03 0.12867
180.1 176.1 280.09 224.2 0.12709
1048.4 266.08 1242.0 375.0 0.12463
288.58 166.71 416.37 236.77 0.12398
0.0 246.04 14.65 308.46 0.12363
0.0 252.01 123.16 375.0 0.12322
0.0 199.72 52.156 319.73 0.12315
0.0 260.33 45.06 302.15 0.12248
1204.4 255.57 1242.0 375.0 0.12193
0.0 231.35 14.4 295.3 0.12159
223.32 147.44 331.77 238.31 0.12071
279.63 181.58 388.45 230.89 0.1185
302.14 106.7 368.28 236.47 0.11797
343.36 115.36 405.52 250.23 0.11774
307.76 151.8 387.68 205.48 0.11688
234.0 155.19 345.28 252.35 0.11522
0.0 250.16 149.64 340.8 0.11509
1134.9 190.63 1242.0 375.0 0.11459
0.0 257.08 22.11 315.59 0.113
37.85 169.39 128.57 366.75 0.10983
1225.4 342.77 1242.0 375.0 0.10814
38.574 175.27 292.12 288.25 0.10746
0.0 266.99 75.448 349.53 0.10728
1223.5 285.86 1242.0 375.0 0.10716
2.0715 242.98 44.703 286.25 0.10692
66.546 169.65 300.46 265.73 0.10637
0.0 90.139 336.24 254.91 0.10444
240.17 154.56 295.48 196.57 0.10332
0.0 200.75 168.2 310.3 0.10278
1225.7 101.0 1242.0 193.42 0.10227
0.0 261.44 14.089 371.7 0.10087
1154.8 198.96 1242.0 282.6 0.096018
189.37 179.28 286.23 235.31 0.095796
53.799 204.99 187.08 375.0 0.094142
0.0 332.85 78.2 375.0 0.094077
264.05 123.42 319.35 246.06 0.093885
0.0 217.86 79.751 305.31 0.093708
275.22 130.96 330.73 266.44 0.09164
1200.8 245.09 1234.3 372.4 0.091112
0.0 174.93 14.919 284.44 0.089537
382.35 152.19 399.16 201.14 0.089226
0.0 273.97 32.739 375.0 0.089001
0.0 250.24 73.583 303.84 0.088271
176.2 156.99 312.85 284.8 0.086582
14.598 230.02 36.226 298.98 0.0859
0.0 221.29 41.2 263.9 0.085496
233.95 158.85 316.62 219.8 0.085007
217.68 62.042 356.34 374.0 0.08406
1167.4 294.7 1242.0 375.0 0.083205
30.632 139.83 140.18 359.08 0.083188
221.23 166.76 324.48 212.34 0.082311
0.0 58.177 555.32 336.37 0.081346
260.69 175.3 376.05 227.79 0.080567
0.0 266.34 49.375 375.0 0.080356
317.59 107.57 381.98 239.66 0.079079
378.17 145.73 395.61 200.64 0.078723
0.0 73.828 14.379 178.64 0.078673
0.0 99.016 193.39 282.85 0.077465
1163.8 183.31 1231.6 362.48 0.077111
155.23 184.01 315.46 293.77 0.077011
67.421 199.69 362.05 350.47 0.076333
257.34 144.38 287.01 220.0 0.076253
0.0 236.72 89.631 351.11 0.074487
0.0 192.49 108.06 320.94 0.073814
270.63 129.62 305.47 230.2 0.073345
166.35 178.28 275.11 234.6 0.073189
7.5202 236.39 28.648 298.87 0.073032
1218.9 248.24 1242.0 310.52 0.072764
288.04 133.92 313.91 206.0 0.072743
373.8 139.4 404.62 226.53 0.0723
1221.7 278.17 1242.0 340.14 0.07229
1063.8 0.0 1242.0 375.0 0.071903
895.54 147.02 1242.0 375.0 0.07167
1214.5 217.37 1242.0 320.91 0.071413
0.0 321.12 51.059 375.0 0.069969
181.72 134.71 258.81 305.67 0.069411
158.6 162.98 306.47 233.9 0.069282
200.05 148.39 309.6 241.67 0.068401
0.0 97.917 34.873 309.85 0.068298
0.0 286.22 69.039 364.61 0.068174
196.41 130.51 274.12 303.84 0.067113
84.308 213.31 216.66 375.0 0.066791
0.0 254.78 11.797 288.94 0.066448
0.0 259.8 24.976 284.43 0.065657
1227.2 126.14 1242.0 214.11 0.065637
0.0 268.88 42.767 311.23 0.065282
1205.7 360.66 1242.0 375.0 0.065149
323.06 167.29 413.55 225.35 0.064973
0.0 87.869 271.18 292.53 0.064965
289.49 143.11 301.65 180.79 0.064207
120.13 212.77 283.1 325.61 0.063742
1221.9 263.26 1242.0 325.12 0.063323
215.49 166.63 307.4 203.97 0.063276
5.4257 233.25 43.45 342.65 0.063145
1143.3 269.33 1242.0 351.62 0.062888
215.4 157.83 327.99 254.71 0.062616
286.12 92.199 353.35 235.97 0.061944
0.0 255.93 23.788 280.43 0.061699
0.0 60.132 29.302 263.07 0.060697
0.0 211.08 27.404 271.21 0.060383
1220.1 355.02 1242.0 375.0 0.060166
0.0 250.11 19.044 311.79 0.060136
1225.8 149.83 1242.0 240.42 0.059315
1218.2 232.48 1242.0 293.09 0.059135
5.0453 234.06 22.863 296.01 0.058633
85.75 28.03 227.59 343.23 0.058631
113.24 14.89 255.22 337.13 0.058521
0.0 204.27 21.22 263.02 0.057824
1140.8 237.01 1242.0 319.38 0.057696
0.0 243.51 72.005 292.56 0.057529
2.7553 195.43 40.547 306.19 0.05718
284.61 130.39 322.2 233.0 0.057132
293.42 143.75 305.14 181.92 0.056917
1153.2 183.66 1242.0 268.79 0.056283
50.854 47.913 195.96 360.47 0.056035
0.0 201.98 80.336 288.48 0.056029
9.8641 242.08 35.267 309.99 0.055604
0.0 265.97 8.9874 319.99 0.055259
1120.6 336.89 1242.0 375.0 0.054951
0.0 247.98 12.804 282.19 0.054718
2.8744 246.74 24.96 311.02 0.053751
0.0 83.932 139.36 317.42 0.053713
0.0 131.24 53.269 325.5 0.053616
41.991 240.54 347.14 375.0 0.053191
206.72 135.42 285.11 327.04 0.053121
0.0 34.894 26.396 223.13 0.053014
0.0 0.0 75.192 346.76 0.05243
1217.4 341.69 1242.0 375.0 0.052078
0.18435 235.56 18.004 300.34 0.051885
1226.7 167.98 1242.0 257.16 0.051709
0.0 263.89 11.895 295.81 0.051633
1157.7 201.12 1242.0 319.2 0.05146
24.151 279.71 341.76 375.0 0.051443
1204.7 259.76 1242.0 299.33 0.051048
0.0 243.69 25.251 375.0 0.050558
0.0 189.74 215.34 298.93 0.050304
1205.8 251.81 1242.0 291.92 0.050298
0.0 67.392 194.49 249.5 0.0502
262.98 132.11 298.56 234.03 0.049766
1063.8 228.16 1242.0 375.0 0.049617
147.32 223.0 315.56 310.33 0.049588
1177.0 170.74 1242.0 287.85 0.049401
18.818 40.73 163.86 375.0 0.049237
374.61 142.8 392.57 201.45 0.049191
1204.3 125.37 1242.0 165.91 0.048946
0.0 217.67 41.316 278.63 0.048764
0.0 268.76 24.934 291.5 0.048464
215.28 94.236 460.49 282.04 0.048441
158.04 175.06 266.76 223.58 0.048261
841.8 0.0 1242.0 186.37 0.048211
1181.8 158.2 1242.0 352.16 0.047862
1205.2 244.12 1242.0 283.81 0.047651
6.795 246.25 30.396 311.79 0.047321
289.92 173.28 373.13 234.22 0.047189
286.24 149.31 308.51 167.36 0.046734
1216.5 114.89 1242.0 174.8 0.046667
0.0 213.3 141.53 302.23 0.04663
1208.2 268.18 1242.0 306.71 0.046301
104.13 40.535 361.89 375.0 0.046241
1202.6 85.016 1242.0 263.04 0.045389
1225.8 308.86 1242.0 375.0 0.045105
226.44 128.96 387.52 203.98 0.04509
155.42 133.2 255.09 323.12 0.045017
1225.3 86.822 1242.0 174.36 0.044853
1204.2 117.91 1242.0 157.75 0.044521
213.75 149.67 248.29 258.9 0.044379
251.93 148.27 328.29 181.05 0.044019
217.23 128.54 282.64 283.22 0.04392
1170.3 215.85 1232.2 375.0 0.043761
0.0 239.3 64.11 282.47 0.043298
282.58 152.46 308.22 172.77 0.04308
0.0 276.5 17.409 332.61 0.043046
1226.7 200.3 1242.0 290.83 0.042986
0.0 337.46 14.918 375.0 0.042758
0.0 264.18 21.013 373.3 0.042661
0.0 96.425 14.168 203.8 0.042626
182.13 172.06 275.6 214.5 0.042396
0.0 163.9 52.192 286.83 0.042163
186.87 87.146 488.85 242.93 0.042031
1207.6 291.67 1242.0 331.28 0.041992
66.186 83.729 397.25 248.49 0.041684
188.22 146.9 277.67 333.22 0.041468
1207.4 283.77 1242.0 323.09 0.04106
1226.6 183.28 1242.0 274.31 0.041028
0.0 186.92 81.337 273.61 0.040928
287.35 145.26 303.66 204.69 0.040888
0.0 0.0 375.98 181.35 0.040578
182.43 172.51 275.85 245.35 0.04034
1053.9 165.08 1242.0 343.24 0.040288
1135.0 220.6 1242.0 302.73 0.040283
136.2 0.0 516.67 85.932 0.039801
1220.6 296.01 1242.0 352.82 0.039769
253.05 60.452 383.88 372.45 0.039726
286.24 145.27 298.07 182.39 0.039654
1152.7 120.03 1242.0 200.92 0.039642
297.35 141.72 309.01 181.27 0.039531
295.4 129.6 322.23 204.74 0.039172
1202.2 132.05 1242.0 316.29 0.03915
1207.7 276.68 1242.0 314.99 0.039063
317.37 144.97 395.1 178.54 0.038849
0.0 249.52 24.389 273.28 0.038586
286.87 154.19 311.74 173.64 0.038296
0.0 276.82 41.965 318.91 0.038123
1221.5 0.0 1242.0 45.727 0.038096
1139.3 75.199 1242.0 375.0 0.037829
104.47 159.5 294.61 236.51 0.037538
206.67 147.07 241.01 261.92 0.037272
242.7 118.65 297.3 249.53 0.037146
381.38 146.9 393.6 186.66 0.037046
251.35 130.66 310.47 272.48 0.037035
1140.8 0.0 1242.0 196.03 0.037002
0.0 276.3 8.5674 326.26 0.036996
1033.3 0.0 1242.0 90.664 0.036646
1207.2 216.21 1238.7 329.13 0.036523
0.0 286.56 12.951 375.0 0.036414
369.52 142.33 391.14 211.1 0.036323
1134.0 215.11 1242.0 333.0 0.03632
334.75 98.28 396.52 240.49 0.036096
0.0 62.147 13.166 160.35 0.035821
206.39 172.26 291.79 212.6 0.035821
114.78 219.64 244.24 375.0 0.035706
1154.5 102.45 1242.0 184.31 0.035697
0.0 77.379 46.762 186.52 0.035638
284.62 148.15 299.21 208.28 0.035519
51.087 189.12 274.34 345.59 0.035416
0.0 177.69 22.163 288.08 0.03538
0.0 0.0 389.59 300.85 0.034828
0.0 111.8 71.783 188.17 0.0348
0.0 257.54 53.018 290.49 0.034755
147.65 0.0 292.57 344.01 0.034132
0.0 93.845 66.419 170.62 0.034077
1216.1 97.251 1242.0 192.65 0.034041
246.75 123.51 363.85 218.43 0.034011
221.69 154.04 258.32 263.09 0.033715
1210.4 339.58 1238.9 375.0 0.033594
1208.2 299.35 1242.0 337.99 0.03347
0.0 127.79 75.586 206.73 0.033416
275.92 151.74 315.51 171.35 0.033414
206.8 146.24 358.07 216.57 0.033048
1205.3 237.12 1242.0 276.66 0.032543
1178.4 106.05 1242.0 217.75 0.032538
245.51 161.96 310.19 189.83 0.032441
1236.7 281.91 1242.0 337.03 0.032429
0.0 259.28 12.853 317.76 0.032368
1216.6 130.42 1242.0 187.92 0.032116
0.0 302.28 59.89 375.0 0.032022
355.48 155.34 413.06 211.41 0.031896
0.0 107.23 46.717 223.3 0.031806
0.0 222.1 56.909 262.63 0.031461
0.0 261.43 31.66 318.74 0.031085
0.0 286.72 36.657 327.58 0.031081
1151.6 169.19 1242.0 253.1 0.030983
291.04 141.19 308.18 203.57 0.030926
224.19 120.17 501.7 260.28 0.030822
1207.4 279.42 1242.0 338.55 0.030589
1205.5 140.85 1242.0 179.93 0.030488
15.801 272.48 145.9 327.64 0.030329
1237.1 260.59 1242.0 316.11 0.030042
0.0 273.22 24.443 295.41 0.03002
219.89 162.06 236.74 226.83 0.029802
140.98 116.21 243.54 332.59 0.029639
31.695 230.57 248.9 332.29 0.029545
1200.3 0.0 1242.0 19.421 0.029523
0.0 361.33 42.045 375.0 0.029167
377.18 145.99 389.56 188.63 0.029133
0.0 141.66 78.305 224.12 0.029097
0.0 265.35 64.043 307.99 0.028901
1145.7 161.94 1219.5 355.49 0.028871
0.0 78.537 68.706 158.59 0.028828
260.35 165.71 325.7 195.04 0.0288
0.0 269.63 157.22 351.59 0.028727
191.97 146.72 226.54 274.14 0.028506
307.15 129.89 357.73 287.87 0.02845
1153.5 136.65 1242.0 218.23 0.028313
153.66 185.39 274.43 243.52 0.028258
938.42 0.0 1242.0 229.06 0.028163
1207.1 109.91 1242.0 149.06 0.028137
1194.5 278.71 1239.9 339.89 0.02813
292.8 151.21 364.29 202.65 0.028091
301.64 140.04 313.43 182.9 0.028009
223.73 164.24 241.01 226.45 0.027973
206.47 0.0 349.75 190.72 0.02788
186.36 100.32 300.52 375.0 0.027455
874.7 20.217 1242.0 375.0 0.027372
0.0 0.014786 28.574 194.75 0.027303
234.39 132.55 297.38 277.83 0.027165
1120.1 249.49 1242.0 333.13 0.027149
1201.2 43.235 1242.0 228.0 0.027131
250.59 147.27 278.47 224.03 0.027123
0.0 157.8 79.967 241.67 0.026924
1154.5 152.98 1242.0 236.51 0.026484
1209.7 307.64 1242.0 345.6 0.02644
241.03 0.0 382.34 193.68 0.026373
0.0 207.17 42.715 248.7 0.026243
195.78 170.75 276.01 228.53 0.026196
0.0 79.582 21.726 180.82 0.025877
303.87 169.19 401.24 226.6 0.025786
342.92 163.43 420.72 208.93 0.025453
0.0 0.0 726.41 178.13 0.025322
1131.2 205.9 1242.0 289.37 0.025314
1198.8 0.0 1242.0 94.251 0.025204
199.65 141.85 233.52 270.37 0.025118
319.65 132.28 370.96 284.31 0.025081
1206.6 271.83 1237.7 375.0 0.025057
280.53 148.56 312.25 164.9 0.024977
88.506 75.755 353.27 278.1 0.024922
1221.3 307.09 1242.0 360.29 0.024646
1206.3 148.86 1242.0 187.41 0.02449
384.61 154.29 401.72 206.66 0.024487
0.53493 164.69 186.11 322.27 0.024483
1151.1 87.359 1242.0 169.9 0.024256
1139.3 0.0 1242.0 41.554 0.024228
0.0 25.148 133.64 375.0 0.0241
273.05 85.199 336.13 242.62 0.024024
0.0 230.03 65.308 274.32 0.024014
1045.5 101.78 1242.0 282.98 0.023991
1214.7 100.25 1242.0 155.44 0.023971
254.16 137.33 289.23 235.0 0.023732
0.0 94.923 34.954 134.27 0.02369
0.0 34.623 185.76 214.44 0.023628
268.21 147.99 341.3 182.95 0.023559
0.0 337.68 104.6 375.0 0.023543
156.61 196.46 302.62 320.85 0.023517
271.62 0.0 415.08 189.99 0.023438
1217.0 162.9 1242.0 220.92 0.023363
1218.3 146.42 1242.0 203.89 0.023304
280.81 150.18 304.86 167.86 0.023113
0.0 134.59 50.526 256.94 0.023108
0.0 224.17 8.446 276.16 0.023091
1206.9 173.73 1242.0 212.57 0.023066
150.41 151.07 184.04 281.1 0.023065
142.76 152.8 177.0 283.16 0.022904
66.377 0.0 450.42 86.185 0.022872
310.99 0.0 710.48 92.609 0.02252
361.19 134.73 376.66 191.76 0.022438
372.61 137.97 389.49 196.93 0.022354
0.0 156.7 13.565 259.43 0.022329
1205.9 101.19 1242.0 140.67 0.022268
0.0 63.274 71.861 145.77 0.022267
0.0 0.0 291.71 245.62 0.022167
1135.0 249.87 1242.0 360.48 0.022128
207.07 174.63 306.38 224.26 0.02211
0.0 0.0 352.51 87.191 0.02203
1204.9 181.27 1242.0 220.45 0.02202
1208.5 157.38 1242.0 195.93 0.022005
0.0 86.706 18.497 142.34 0.022
224.73 0.0 616.03 87.52 0.021931
303.34 145.03 382.97 179.78 0.021927
175.04 0.0 458.71 113.47 0.021795
0.0 102.65 36.524 142.66 0.021794
1204.1 189.53 1242.0 228.68 0.02167
282.29 145.63 295.94 202.91 0.021664
0.0 293.05 16.176 347.99 0.021631
277.13 25.32 412.12 337.45 0.021471
62.791 145.86 160.38 369.55 0.02122
0.0 273.33 10.808 303.69 0.021218
227.72 165.28 244.86 226.74 0.021051
0.0 0.0 194.28 91.631 0.02097
365.42 132.54 380.96 193.5 0.020912
86.897 200.82 212.7 258.87 0.020884
259.25 163.28 317.07 190.64 0.020792
1208.2 165.92 1242.0 204.58 0.020774
1206.3 229.87 1242.0 269.97 0.020736
383.72 147.98 395.66 184.11 0.020703
1200.2 227.7 1231.7 337.5 0.020632
1216.0 180.87 1242.0 237.58 0.020597
1087.7 148.22 1242.0 375.0 0.020431
1191.0 365.73 1242.0 375.0 0.020386
1207.3 0.0 1242.0 25.068 0.020347
268.58 162.77 329.19 189.74 0.020325
1074.5 0.0 1242.0 117.32 0.020291
0.0 295.48 37.742 335.07 0.02027
135.12 149.64 168.08 281.29 0.020205
298.84 139.75 310.6 185.11 0.020178
177.12 114.81 239.23 304.66 0.020056
337.28 147.11 403.61 177.88 0.019993
0.0 284.46 96.622 359.67 0.019971
165.7 0.0 462.26 375.0 0.019956
1225.8 70.202 1242.0 157.77 0.019921
0.0 257.79 115.01 370.27 0.019909
1178.0 138.98 1242.0 253.63 0.019908
0.0 247.0 49.148 275.59 0.01988
0.0 100.59 17.378 157.98 0.019817
296.01 139.83 313.05 204.57 0.019754
175.84 172.22 261.42 232.09 0.019615
0.0 357.72 18.17 375.0 0.019555
0.0 110.59 38.492 151.48 0.019539
101.14 0.0 912.24 189.15 0.019477
1213.5 285.02 1241.4 375.0 0.019468
207.52 122.91 265.65 278.31 0.019408
148.01 155.31 284.82 251.26 0.019369
20.199 221.08 215.36 357.33 0.019259
1204.7 198.11 1242.0 238.3 0.019221
127.37 149.24 158.89 279.0 0.019079
108.69 207.22 228.58 266.25 0.019014
0.0 114.02 13.153 217.26 0.018973
259.19 138.81 283.32 204.5 0.018843
228.22 0.0 517.9 375.0 0.018815
1217.6 218.24 1242.0 278.9 0.018687
227.93 151.22 265.87 257.55 0.018649
1206.9 265.67 1242.0 325.44 0.018566
159.17 145.92 193.01 283.18 0.01842
295.81 0.0 586.84 375.0 0.018249
9.6756 227.3 27.603 288.24 0.018193
1236.7 268.05 1242.0 324.24 0.018135
1205.0 251.86 1242.0 311.36 0.018095
1204.9 92.57 1242.0 133.09 0.018
1237.6 254.5 1242.0 306.89 0.017993
1236.6 236.43 1242.0 289.45 0.017953
224.23 149.5 255.18 247.06 0.017896
183.77 150.08 217.67 278.68 0.017887
125.69 110.63 225.77 340.2 0.017865
1210.2 317.23 1242.0 354.44 0.017756
82.104 0.0 232.41 184.36 0.017724
283.85 151.72 326.42 170.59 0.017702
178.41 0.0 321.08 203.79 0.017639
369.86 136.52 384.4 191.54 0.017634
1238.0 173.32 1242.0 219.2 0.017575
305.46 139.65 318.55 185.52 0.017571
309.5 0.0 449.35 190.91 0.017551
3.0132 252.05 44.231 296.0 0.017543
1237.6 166.2 1242.0 212.68 0.017535
1134.5 300.53 1242.0 375.0 0.017511
368.06 136.54 386.52 203.56 0.01749
300.62 126.43 451.65 202.01 0.017469
143.97 180.11 262.55 231.36 0.017405
249.17 158.92 311.14 184.71 0.017402
278.28 145.04 293.83 207.67 0.017319
0.0 303.82 35.506 342.47 0.017314
1083.6 204.3 1242.0 290.37 0.01715
135.39 194.29 262.3 251.89 0.017122
0.0 47.327 51.024 159.76 0.017118
300.3 138.49 317.13 205.71 0.017083
403.17 0.0 544.22 188.56 0.016993
374.09 143.2 386.91 191.26 0.016868
433.36 0.0 576.68 190.51 0.016839
357.69 133.67 372.1 191.36 0.016815
1203.0 343.63 1231.8 375.0 0.016786
1208.5 100.23 1238.7 196.27 0.016748
119.31 149.44 150.18 281.38 0.016699
337.35 0.0 479.94 195.31 0.016578
1176.6 74.234 1242.0 190.27 0.016553
149.32 233.52 273.6 375.0 0.0165
289.08 126.62 342.92 301.69 0.016227
351.96 0.0 645.73 375.0 0.016212
54.097 0.0 203.9 186.78 0.016168
175.45 145.71 209.63 279.36 0.016122
0.0 199.82 41.656 239.91 0.015974
1205.9 206.41 1242.0 245.5 0.015853
14.095 239.53 38.854 311.21 0.015798
167.66 146.65 201.61 281.93 0.015708
1125.1 184.41 1242.0 311.43 0.01569
0.59888 255.06 62.075 316.41 0.015671
344.64 148.99 398.78 174.1 0.015652
1210.6 325.59 1242.0 362.58 0.015651
1221.7 322.36 1242.0 375.0 0.015597
0.0 283.38 7.0749 336.51 0.015575
1216.9 122.99 1242.0 217.12 0.015525
1039.6 69.641 1242.0 252.46 0.01546
371.34 0.0 512.35 191.76 0.015448
7.589 260.84 131.92 320.23 0.015434
381.87 156.32 400.72 213.93 0.015434
338.73 125.55 366.52 216.32 0.015389
0.0 118.35 36.613 158.32 0.015314
215.53 163.32 232.18 226.49 0.01531
213.35 180.36 281.07 364.24 0.015203
0.0 241.38 25.534 265.05 0.015087
0.0 0.0 70.775 173.52 0.015073
252.45 155.49 310.07 179.44 0.015047
0.0 311.67 35.956 351.05 0.014955
304.07 126.06 330.86 209.01 0.014838
1238.2 181.54 1242.0 225.77 0.014752
9.2759 197.41 51.828 319.69 0.014752
1164.2 0.0 1242.0 51.455 0.014738
1206.7 221.85 1242.0 261.69 0.014708
464.5 0.0 609.96 195.7 0.014677
243.09 85.537 549.34 238.12 0.014648
323.77 124.91 349.88 210.46 0.014638
6.8859 258.39 28.729 318.61 0.014577
331.94 125.39 358.92 213.86 0.014564
263.43 153.51 314.67 175.52 0.014511
0.0 140.63 12.63 243.21 0.01447
0.0 242.06 14.69 274.1 0.014427
1153.2 294.98 1219.4 375.0 0.01432
1209.9 333.87 1242.0 370.82 0.014275
193.12 0.0 375.59 39.844 0.014132
1093.9 234.21 1242.0 315.71 0.014058
190.29 116.5 250.38 280.5 0.014036
0.0 87.777 33.979 126.22 0.013961
12.869 291.46 81.149 375.0 0.01384
1153.7 196.05 1219.7 375.0 0.013835
0.0 237.24 24.994 260.02 0.013805
275.12 154.46 327.52 176.24 0.013791
148.27 0.0 289.77 204.38 0.013769
0.0 273.56 25.139 325.75 0.013673
1237.9 158.82 1242.0 204.39 0.013663
380.0 139.14 409.47 220.98 0.0136
302.02 138.86 315.68 195.19 0.01358
222.54 139.97 293.88 336.25 0.01351
356.23 138.93 383.4 214.0 0.013485
345.05 156.64 417.53 198.42 0.013437
69.532 244.65 265.34 333.1 0.013414
0.0 191.72 17.925 247.56 0.013397
5.4813 176.75 39.487 293.43 0.013356
1209.6 117.89 1238.5 214.41 0.013352
329.92 146.67 372.61 166.79 0.013317
231.82 163.67 248.39 225.54 0.013284
1183.3 279.5 1233.0 338.27 0.013267
0.0 276.68 59.842 318.3 0.013258
1215.0 196.01 1242.0 254.27 0.013119
1237.5 138.5 1242.0 183.1 0.0131
286.31 153.63 335.08 175.55 0.013069
112.66 0.0 262.39 199.3 0.01306
280.81 144.49 312.7 160.25 0.013047
971.15 271.18 1242.0 375.0 0.013029
227.39 171.38 332.22 224.85 0.01301
1237.5 294.21 1242.0 343.71 0.012957
9.4038 266.86 202.34 346.27 0.012952
4.2521 258.25 23.07 319.32 0.012942
227.17 155.09 285.39 202.44 0.01294
353.65 133.49 367.64 190.73 0.012919
288.75 146.8 312.32 164.44 0.01288
115.4 201.8 236.48 256.96 0.012864
1207.0 214.28 1242.0 253.06 0.012781
204.28 141.18 232.93 246.6 0.01278
0.0 126.51 34.728 166.66 0.012766
325.03 149.06 377.72 174.34 0.012764
341.26 134.81 354.91 191.36 0.012742
0.0 336.59 148.37 375.0 0.012685
294.5 153.01 322.6 172.3 0.012626
1124.7 140.87 1204.4 350.9 0.012578
1217.0 145.63 1242.0 236.83 0.012538
313.83 124.39 340.73 214.39 0.01251
111.03 151.23 142.43 281.78 0.012503
0.0 0.0 623.2 299.55 0.012408
313.5 159.94 456.41 230.27 0.012391
48.086 109.85 149.54 355.96 0.012311
274.95 145.91 331.05 188.15 0.01226
0.0 202.73 116.42 289.14 0.012247
0.0 116.97 13.632 172.42 0.012239
0.0 262.41 35.32 287.32 0.012081
340.43 152.06 398.5 178.46 0.012024
39.617 211.15 107.3 375.0 0.011969
414.17 0.0 697.75 366.42 0.011922
337.63 148.68 389.52 172.71 0.011815
347.12 131.32 374.25 216.07 0.011752
237.63 148.92 317.0 180.74 0.011748
140.11 264.06 254.41 316.3 0.011747
1214.4 85.132 1242.0 141.22 0.01172
1211.2 350.19 1242.0 375.0 0.011719
347.11 80.692 410.6 245.2 0.011712
0.0 319.57 37.364 358.68 0.011699
1044.6 214.6 1181.6 375.0 0.011641
0.0 234.99 80.93 285.83 0.011573
271.86 153.07 304.09 173.68 0.011569
0.0 19.643 138.76 252.3 0.011552
1237.0 244.57 1242.0 297.57 0.011548
282.51 145.01 295.12 186.26 0.011484
1162.9 138.36 1233.9 335.96 0.011473
345.25 132.15 358.7 189.01 0.011465
0.0 219.86 56.018 285.38 0.011459
0.0 251.76 31.655 276.7 0.011369
437.29 116.22 449.84 154.38 0.011338
289.92 150.39 332.09 169.52 0.011296
1195.7 264.39 1242.0 302.32 0.011245
0.0 123.7 71.988 333.49 0.011238
1203.2 235.83 1242.0 292.43 0.011235
235.34 0.0 526.28 111.99 0.01122
1085.6 88.471 1242.0 319.7 0.011136
368.7 0.0 775.87 86.58 0.011073
1127.8 191.15 1242.0 273.32 0.011067
349.12 132.14 362.93 189.41 0.01104
274.37 143.74 289.57 207.63 0.011023
112.57 134.75 206.27 357.54 0.011023
224.31 0.0 413.92 40.078 0.011011
362.44 136.64 388.7 206.7 0.010984
1120.8 281.38 1242.0 359.46 0.01096
0.0 269.84 75.324 318.16 0.010927
337.37 133.94 350.98 189.99 0.010902
0.0 253.73 18.471 294.34 0.010902
1198.2 296.14 1242.0 333.74 0.010761
1195.1 263.77 1242.0 328.89 0.010742
247.28 0.0 318.13 90.542 0.010712
1216.6 163.31 1242.0 259.04 0.010707
47.105 0.0 235.36 38.621 0.010688
0.0 311.24 17.89 364.48 0.010682
0.0 80.585 16.209 135.01 0.010642
65.965 195.8 196.39 251.84 0.010642
1135.7 0.0 1242.0 344.13 0.010616
0.41667 224.29 17.713 289.27 0.010559
161.72 146.01 244.47 352.22 0.010556
320.73 141.88 461.53 215.66 0.010556
0.0 191.56 40.38 230.68 0.010529
1190.4 360.56 1241.0 375.0 0.010463
1036.0 34.673 1242.0 221.05 0.010443
213.43 169.22 280.26 219.4 0.010394
286.34 145.13 357.71 180.85 0.010386
231.71 0.0 302.23 85.856 0.01034
1146.2 69.496 1242.0 155.49 0.010336
0.0 0.0 551.66 228.11 0.010289
282.04 131.42 307.36 199.15 0.010232
88.097 0.0 671.42 246.07 0.010229
262.85 0.0 335.16 94.536 0.010208
136.55 206.24 264.48 267.54 0.010157
0.0 281.61 22.54 303.04 0.010127
308.06 146.58 346.4 251.45 0.010125
0.0 134.79 33.82 174.04 0.010108
279.15 162.07 339.3 191.11 0.010092
0.0 267.39 33.929 290.86 0.010081
1195.3 255.81 1242.0 294.86 0.010079
358.19 101.86 418.79 266.11 0.010026
0.0 72.546 43.375 267.73 0.010009
311.29 15.066 444.62 346.34 0.0099827
95.216 134.12 191.12 360.62 0.0098935
332.74 143.77 357.49 162.16 0.0098844
80.869 164.89 167.23 375.0 0.0098786
24.666 0.0 171.31 212.83 0.0098583
102.55 288.43 408.88 375.0 0.0098147
183.74 166.88 250.18 354.03 0.0098089
332.51 143.02 372.36 160.99 0.0097833
1203.8 84.941 1242.0 125.32 0.0097823
163.43 0.0 339.4 42.569 0.0097817
238.2 0.0 387.88 336.45 0.0097433
264.36 150.22 310.74 170.34 0.0097396
318.88 121.41 443.91 219.38 0.0097234
145.17 44.152 506.44 219.64 0.0097103
375.61 133.25 400.67 208.84 0.009694
108.38 0.0 407.36 110.15 0.0096907
1196.6 288.23 1242.0 325.69 0.0096526
362.34 0.0 663.79 120.8 0.0096125
881.25 280.5 1200.5 375.0 0.0095575
1199.3 271.76 1242.0 309.04 0.009556
0.0 0.0 143.68 125.05 0.0095293
332.87 136.25 382.12 291.1 0.0095274
309.42 137.22 322.83 181.81 0.0095062
279.13 0.0 352.89 101.65 0.0095054
251.21 148.51 306.24 190.82 0.0094741
362.26 132.13 378.21 206.8 0.0094673
0.0 243.1 17.216 282.97 0.0094648
365.93 135.53 382.89 209.65 0.0094493
288.83 141.77 301.6 192.81 0.0094456
336.83 138.63 349.87 180.17 0.0094276
22.089 0.0 309.76 110.75 0.0094143
1237.5 116.99 1242.0 165.04 0.0093842
1237.2 125.05 1242.0 172.11 0.0093692
193.42 177.35 332.27 269.36 0.0093591
1194.4 129.5 1242.0 167.91 0.0093517
281.54 146.98 304.97 164.83 0.0092709
247.26 144.93 309.06 323.14 0.009156
1200.4 117.82 1242.0 172.83 0.0091539
1237.8 146.13 1242.0 191.7 0.0091209
15.142 253.1 163.73 357.97 0.0091113
0.0 265.87 52.452 297.1 0.009057
0.0 240.38 35.602 281.52 0.0090111
0.0 324.01 13.295 375.0 0.0089966
259.13 78.469 318.5 245.68 0.0089953
29.544 291.12 97.6 375.0 0.0089504
233.18 146.39 262.37 236.37 0.00895
385.69 150.23 399.12 196.4 0.008942
242.14 146.43 269.07 227.45 0.0089253
239.63 182.84 391.35 257.78 0.0089032
103.82 0.0 178.44 108.47 0.0088804
125.06 248.91 266.08 309.34 0.0088772
0.0 286.17 9.265 313.6 0.0088621
297.5 136.82 311.84 193.65 0.0088405
0.0 290.29 21.308 310.86 0.0088091
8.1003 252.0 37.757 360.34 0.0087984
368.42 134.08 394.57 212.42 0.008788
292.91 139.17 306.45 193.59 0.0087559
1195.0 248.4 1242.0 285.29 0.0087546
170.28 179.96 272.15 254.0 0.008753
1170.8 295.13 1242.0 331.76 0.0086944
0.0 326.45 36.497 365.47 0.0086873
342.56 149.3 399.59 195.98 0.008671
211.99 148.14 239.79 241.57 0.0086533
0.0 232.81 21.389 256.19 0.0086501
0.0 5.0455 187.36 180.43 0.0086327
221.79 165.88 293.29 222.29 0.0086247
1238.1 303.16 1242.0 350.83 0.0086131
160.95 108.77 225.23 317.63 0.0086071
269.67 139.17 326.87 319.18 0.0086047
315.98 145.76 355.07 252.27 0.0085811
268.74 166.29 314.38 198.89 0.0085781
0.0 102.28 22.046 209.52 0.0085595
272.39 148.59 307.88 164.84 0.0085468
295.41 0.0 367.61 102.28 0.0085352
1013.2 222.51 1146.9 375.0 0.0085343
184.32 167.41 273.65 204.08 0.0085137
85.867 0.0 162.6 103.48 0.0084991
1149.5 173.55 1242.0 294.52 0.0084953
235.75 164.81 252.5 225.34 0.0084889
285.91 140.75 298.35 192.59 0.0084676
495.51 0.0 639.27 191.13 0.008463
75.125 206.91 201.24 264.22 0.0084263
324.84 146.9 364.02 165.69 0.0084055
299.61 0.0 596.0 115.71 0.0083923
1226.1 0.0 1242.0 92.762 0.0083791
0.0 66.841 27.644 168.58 0.0083585
317.2 148.84 368.45 173.02 0.0083518
331.45 146.81 359.64 168.31 0.0083501
3.6261 49.119 349.32 217.79 0.0083065
0.0 0.0 486.89 375.0 0.0083019
52.049 217.41 243.11 352.89 0.0082409
0.0 125.32 14.397 181.12 0.0082184
277.1 162.02 317.99 192.5 0.0081711
274.04 132.28 298.77 198.91 0.0081051
279.73 156.08 309.87 178.69 0.0080947
0.0 247.5 39.138 375.0 0.0080184
9.2329 129.17 89.781 339.18 0.0080111
982.11 224.81 1113.6 375.0 0.0079452
777.78 282.71 1091.9 375.0 0.0079333
0.0 183.46 37.897 222.12 0.0079068
1197.9 279.5 1242.0 317.68 0.0079014
1216.8 195.57 1242.0 294.54 0.0078947
291.57 149.07 316.26 167.87 0.0078349
305.13 134.71 319.97 203.78 0.0078261
0.0 286.29 22.04 307.04 0.0078244
372.61 147.18 392.94 218.27 0.0078113
215.38 0.0 287.25 94.233 0.0077964
197.2 0.0 815.46 242.75 0.0077869
284.03 157.9 314.09 179.44 0.0077465
0.0 293.94 21.425 314.5 0.0077333
949.83 233.99 1079.1 375.0 0.0077164
259.06 169.86 334.53 230.09 0.0076634
1027.1 4.6951 1242.0 189.45 0.0076362
1238.5 189.44 1242.0 234.29 0.0076117
1237.1 110.04 1242.0 157.81 0.0076056
142.59 112.18 213.09 325.15 0.007572
273.24 166.45 338.09 195.36 0.0075591
0.0 203.38 38.945 261.37 0.0075297
178.4 138.69 495.81 285.16 0.0075233
293.82 140.59 305.17 170.9 0.0075109
1179.3 289.12 1242.0 326.57 0.0075037
0.0 82.589 29.662 190.25 0.0074881
120.65 0.0 192.79 106.82 0.0074863
0.0 213.46 7.2094 267.17 0.0074207
0.0 234.36 12.534 265.69 0.0073837
181.95 240.46 302.7 375.0 0.0073087
19.565 226.03 38.847 294.16 0.0072435
1237.5 225.99 1242.0 277.57 0.0072389
0.0 143.06 34.16 182.3 0.0072066
1.7875 256.06 88.837 314.29 0.007181
259.19 0.0 443.45 40.657 0.0071668
317.69 148.18 383.35 191.83 0.0071116
151.64 142.88 325.06 214.62 0.0070995
0.0 344.95 22.673 375.0 0.0070781
239.5 147.79 272.08 245.1 0.0070763
0.0 88.784 6.6145 141.18 0.0070733
1108.0 39.637 1242.0 375.0 0.0070519
1193.9 121.71 1242.0 159.85 0.0070295
290.87 155.84 322.83 178.33 0.0070294
1195.0 136.99 1242.0 174.54 0.0070208
9.288 221.04 51.688 337.95 0.0070003
275.13 151.37 302.16 168.3 0.0070002
0.0 281.91 26.867 332.88 0.0069934
247.68 143.37 280.03 245.43 0.0069784
195.51 138.4 223.94 249.92 0.006966
0.0 288.17 53.647 325.43 0.0069426
333.73 134.8 347.21 188.04 0.0068829
213.06 49.871 560.59 217.27 0.0068423
377.32 153.2 396.35 215.15 0.0068123
0.0 77.645 6.1513 129.02 0.0068027
13.074 229.0 29.49 284.3 0.006792
785.53 111.42 1155.5 277.44 0.0067756
20.308 260.06 160.76 322.19 0.0067722
529.39 0.0 672.93 201.46 0.0067665
225.3 102.48 285.42 260.75 0.0067486
624.21 156.75 637.21 199.53 0.0067482
207.66 0.0 355.67 333.72 0.0067335
301.62 142.76 338.85 254.91 0.0067287
281.53 156.17 335.67 181.23 0.0067252
0.0 201.08 7.8104 254.37 0.0067221
227.38 176.76 247.49 239.75 0.0067149
1110.5 140.07 1187.6 350.41 0.0067
917.13 235.66 1046.0 375.0 0.0066916
1200.1 274.87 1230.0 375.0 0.0066295
333.23 139.77 345.64 178.93 0.0066288
53.482 209.15 122.24 375.0 0.00662
0.0 297.43 21.67 318.77 0.0066165
44.627 291.71 113.15 375.0 0.0065696
324.88 144.64 446.84 236.07 0.0065448
24.462 265.96 115.19 329.76 0.0065386
0.0 65.87 20.084 164.49 0.0065067
249.17 161.54 367.53 263.26 0.0064734
1008.3 138.9 1242.0 316.58 0.0064709
0.0 215.65 67.181 256.92 0.006454
0.0 254.01 39.303 281.37 0.0064192
717.16 281.62 1033.3 375.0 0.0063495
1113.6 231.39 1242.0 346.91 0.00631
0.0 175.39 37.099 214.1 0.0063085
0.0 334.64 34.548 373.71 0.0063039
146.14 163.1 276.62 375.0 0.0062833
241.74 166.43 303.62 193.12 0.0062645
358.4 131.91 374.46 205.94 0.0062559
218.07 154.72 302.31 189.34 0.0062528
308.25 164.64 383.67 198.98 0.0062518
341.02 146.38 385.67 165.86 0.0062122
282.84 164.8 350.84 196.01 0.006193
1212.5 0.0 1242.0 48.231 0.0061543
1193.9 243.26 1242.0 306.34 0.0061529
330.32 133.36 343.93 208.43 0.0061503
887.21 21.659 1028.5 375.0 0.0061463
0.0 280.25 27.903 375.0 0.0061255
287.42 147.55 322.22 164.8 0.006089
333.14 0.0 531.99 40.119 0.0060876
0.0 166.63 75.138 288.35 0.0060607
283.01 142.93 342.62 189.97 0.006046
351.15 149.84 386.56 177.61 0.0060342
1203.1 111.37 1230.5 200.13 0.006019
353.38 137.59 366.05 181.55 0.0060046
231.2 173.25 250.62 240.43 0.0060011
78.932 111.93 179.47 361.82 0.0059951
77.848 0.0 267.16 36.761 0.0059484
855.75 240.09 983.64 375.0 0.0059171
309.51 135.19 324.14 209.65 0.0059045
887.59 237.25 1015.2 375.0 0.0058957
313.78 135.98 328.35 209.77 0.0058898
0.0 129.93 107.67 202.73 0.0058741
136.49 0.0 315.65 39.259 0.005872
223.96 178.4 242.3 237.16 0.0058688
334.39 133.55 347.92 209.26 0.0058542
1223.9 0.0 1242.0 62.961 0.005849
