65.582 150.11 143.24 324.86 0.97893
52.687 142.48 129.36 327.15 0.87644
79.91 160.54 131.2 298.05 0.81796
74.079 131.55 150.37 343.15 0.74974
55.829 162.96 164.58 313.5 0.70986
70.198 163.64 123.63 291.36 0.4686
1214.6 140.96 1242.0 245.97 0.43603
1225.2 153.12 1242.0 245.72 0.42394
1163.5 130.73 1236.0 315.01 0.41464
1224.5 169.78 1242.0 257.87 0.40047
1214.3 157.4 1242.0 266.34 0.38056
34.404 154.34 151.84 294.3 0.36824
1177.6 123.46 1242.0 306.33 0.35615
1207.5 133.64 1240.1 251.9 0.34197
1225.1 130.44 1242.0 219.92 0.33627
1199.3 129.19 1242.0 297.46 0.3354
27.462 178.81 187.57 285.63 0.31372
1225.1 187.31 1242.0 282.7 0.30621
1143.9 132.76 1223.4 315.79 0.29327
1200.7 101.95 1242.0 262.73 0.29249
1200.9 159.44 1242.0 336.72 0.28192
1180.5 146.2 1242.0 343.79 0.27066
1215.1 181.21 1242.0 292.03 0.26391
1188.8 139.5 1242.0 247.62 0.26259
1185.0 169.28 1242.0 281.0 0.25049
1132.1 160.09 1242.0 284.74 0.24969
1200.9 64.584 1242.0 239.98 0.2266
35.24 138.94 106.71 338.5 0.22446
1225.9 101.97 1242.0 194.57 0.20931
1207.4 160.23 1242.0 289.64 0.20467
1158.0 150.93 1242.0 271.08 0.18227
0.0 333.93 16.516 375.0 0.18011
558.5 175.91 576.13 189.01 0.17993
1190.6 108.17 1242.0 218.49 0.17866
1164.6 183.09 1242.0 265.75 0.17588
1168.8 152.14 1242.0 234.21 0.17571
77.033 109.99 168.06 325.36 0.17395
5.1879 172.52 178.45 270.97 0.17388
1215.0 115.57 1242.0 216.33 0.16936
1168.7 166.92 1242.0 249.17 0.16886
1155.8 199.43 1242.0 282.31 0.16182
1226.3 206.67 1242.0 300.69 0.16125
91.796 158.47 143.79 303.3 0.15938
1182.7 96.24 1242.0 274.53 0.1585
1150.6 176.49 1242.0 303.09 0.14902
1218.3 161.66 1242.0 222.67 0.14268
1120.6 182.52 1242.0 268.27 0.1417
1225.9 86.868 1242.0 177.31 0.13809
1170.4 137.59 1242.0 217.34 0.13809
1179.6 195.67 1242.0 317.2 0.13768
0.0 271.82 33.488 375.0 0.13184
1220.2 177.19 1242.0 237.38 0.13115
1201.1 136.35 1233.2 245.61 0.12983
67.258 164.83 110.03 291.78 0.12555
1221.0 145.58 1242.0 205.81 0.12305
1203.4 187.94 1242.0 370.99 0.12264
0.0 339.7 24.506 375.0 0.11881
0.0 334.9 79.001 375.0 0.1186
1168.8 121.37 1242.0 201.15 0.11836
1216.4 96.575 1242.0 202.58 0.11757
1185.7 75.742 1242.0 187.17 0.11751
1155.9 213.97 1242.0 298.46 0.11397
1201.0 153.53 1234.1 267.04 0.11275
0.0 353.54 15.939 375.0 0.10546
1162.4 105.09 1242.0 184.36 0.10544
1111.4 171.65 1242.0 305.67 0.10446
0.0 259.02 198.01 375.0 0.10257
0.0 320.19 48.866 375.0 0.10133
1236.8 138.79 1242.0 190.78 0.10073
1033.0 101.94 1242.0 283.06 0.098864
0.0 360.56 37.112 375.0 0.097664
0.0 183.73 73.994 375.0 0.096673
1108.3 194.58 1242.0 281.67 0.096426
1197.6 292.3 1242.0 375.0 0.095657
1038.0 133.47 1242.0 315.74 0.095024
1145.3 330.65 1242.0 375.0 0.093177
1140.0 7.1448 1242.0 375.0 0.092932
1154.5 88.522 1242.0 168.9 0.091191
1053.9 264.82 1242.0 375.0 0.091165
1137.3 171.88 1242.0 256.42 0.089447
1.0117 344.08 30.733 375.0 0.089331
72.124 155.3 116.73 270.4 0.08898
0.0 295.72 16.281 375.0 0.088503
1220.4 191.41 1242.0 253.88 0.087023
0.0 128.5 374.43 375.0 0.083251
1226.2 71.337 1242.0 159.28 0.082581
1134.4 197.73 1242.0 375.0 0.082173
1208.6 111.34 1239.9 229.86 0.080972
0.0 0.0 142.77 375.0 0.080527
1159.3 230.18 1242.0 314.99 0.078908
0.0 321.63 14.441 375.0 0.07822
1053.5 0.0 1242.0 375.0 0.078102
94.2 112.12 179.83 332.05 0.076798
912.26 146.47 1242.0 375.0 0.0763
1205.1 171.71 1242.0 212.92 0.074578
32.698 182.01 159.06 323.24 0.072305
1207.3 179.88 1242.0 220.58 0.071892
1236.7 148.95 1242.0 204.08 0.071762
1208.0 188.92 1242.0 229.04 0.070766
0.0 247.48 138.15 375.0 0.070267
1178.1 320.9 1242.0 375.0 0.07024
1139.0 157.16 1242.0 240.42 0.070151
1224.7 344.63 1242.0 375.0 0.070025
61.679 145.3 135.7 375.0 0.069889
1219.7 128.53 1242.0 189.91 0.069482
1206.8 165.4 1242.0 204.91 0.068835
555.89 174.83 578.57 188.57 0.066679
1163.4 125.37 1242.0 235.18 0.064468
1208.2 158.0 1242.0 196.32 0.06368
1219.2 207.86 1242.0 268.77 0.063122
1202.4 164.06 1242.0 222.17 0.062833
1078.4 89.797 1242.0 316.49 0.062668
1207.3 156.88 1242.0 214.51 0.061998
20.279 164.18 211.38 262.63 0.060599
1207.0 197.24 1242.0 237.45 0.059954
1153.8 72.652 1242.0 153.35 0.059178
60.918 161.78 100.37 297.24 0.05894
7.6605 162.66 136.03 289.61 0.058935
1157.4 246.12 1242.0 329.75 0.057787
1219.8 111.46 1242.0 174.86 0.056299
1237.6 166.85 1242.0 216.53 0.055119
1208.5 149.17 1242.0 188.41 0.054946
1159.0 262.0 1242.0 345.64 0.054646
1237.1 157.02 1242.0 212.02 0.054591
0.0 0.0 377.01 199.95 0.054545
1179.7 233.54 1242.0 348.91 0.054308
1167.9 96.304 1230.2 268.43 0.054082
1056.3 166.5 1242.0 347.07 0.053124
0.0 112.57 268.13 375.0 0.053114
1200.1 162.55 1236.6 302.59 0.05309
1204.4 362.73 1242.0 375.0 0.052175
0.0 357.56 23.496 375.0 0.052131
84.674 178.77 124.9 308.13 0.052063
1128.1 129.34 1205.4 321.74 0.050848
0.0 292.89 49.262 375.0 0.0503
1206.1 204.14 1242.0 244.24 0.049832
1181.9 40.871 1242.0 241.77 0.049252
1150.1 111.57 1220.8 289.75 0.047723
0.0 0.0 173.85 95.703 0.047575
0.0 223.54 26.21 375.0 0.047454
1236.6 198.77 1242.0 250.65 0.047323
0.0 128.86 32.242 324.19 0.047276
1206.1 180.81 1242.0 238.82 0.047164
1227.0 223.59 1242.0 320.28 0.046265
877.92 16.861 1242.0 375.0 0.046203
1203.2 211.17 1242.0 251.62 0.04553
0.0 187.01 68.546 269.13 0.044699
1201.7 19.201 1242.0 204.47 0.044582
15.414 198.3 180.82 291.56 0.043456
8.0304 345.65 37.661 375.0 0.043135
1226.8 58.469 1242.0 142.78 0.043107
0.0 128.49 186.59 311.54 0.042818
1183.6 179.21 1242.0 375.0 0.042768
0.0 365.31 52.152 375.0 0.04251
1220.0 356.48 1242.0 375.0 0.04241
1209.2 192.82 1241.9 318.5 0.042124
1159.5 278.1 1242.0 361.55 0.041958
1064.9 184.15 1242.0 270.44 0.04126
1206.7 140.81 1242.0 179.92 0.040829
1209.5 92.769 1242.0 214.19 0.040468
1218.5 96.195 1242.0 158.14 0.040353
0.0 171.17 72.746 253.08 0.039821
1122.6 216.5 1242.0 301.45 0.039697
1203.2 219.6 1242.0 260.41 0.039522
1195.6 147.76 1240.4 207.79 0.039449
56.98 104.51 138.35 304.61 0.03864
1237.5 176.45 1242.0 224.83 0.038458
0.0 203.04 67.354 285.72 0.037944
1205.7 125.41 1242.0 165.18 0.03734
0.0 155.26 279.34 305.95 0.037125
1143.6 143.77 1242.0 221.82 0.037086
1206.3 117.9 1242.0 157.48 0.035421
0.0 170.93 54.554 283.33 0.035328
0.0 0.0 68.821 184.73 0.035198
1150.0 57.035 1242.0 138.37 0.035166
837.19 0.0 1242.0 175.96 0.035123
78.822 182.5 117.12 312.15 0.035032
0.0 27.637 72.073 375.0 0.034868
1236.1 125.62 1242.0 180.63 0.034761
1071.8 169.44 1242.0 253.81 0.034597
0.0 315.92 67.691 375.0 0.034415
1217.6 81.831 1242.0 140.3 0.033992
1206.2 133.38 1242.0 172.01 0.033958
0.0 164.54 187.68 343.91 0.033522
0.0 285.69 62.413 363.74 0.032947
1179.8 266.19 1242.0 375.0 0.032666
555.05 177.39 578.5 190.73 0.032576
1237.1 209.58 1242.0 262.13 0.032518
1237.3 192.46 1242.0 242.14 0.032251
0.0 274.03 12.425 375.0 0.031762
0.0 5.1729 374.15 374.43 0.031664
1206.3 110.06 1242.0 149.51 0.031663
1177.1 45.671 1242.0 156.79 0.031593
1087.9 143.52 1242.0 368.96 0.031586
0.0 156.3 73.591 237.6 0.031153
1206.1 102.1 1242.0 141.17 0.030344
1226.6 247.5 1242.0 343.12 0.029647
46.817 148.97 121.98 375.0 0.029591
1206.6 94.145 1242.0 132.83 0.029352
1161.6 94.385 1242.0 209.24 0.029158
1217.0 75.032 1242.0 173.05 0.029059
1137.7 0.0 1242.0 196.53 0.028906
0.0 157.7 29.257 354.14 0.028838
1028.4 0.0 1242.0 89.787 0.028788
0.0 0.0 269.57 249.95 0.028685
29.781 76.152 166.37 375.0 0.028613
1206.9 195.27 1242.0 253.34 0.028502
0.0 344.66 13.081 375.0 0.027936
0.0 68.302 196.03 253.75 0.027692
0.0 310.17 16.616 363.56 0.027593
1142.3 127.5 1242.0 204.19 0.027472
1025.8 36.785 1242.0 227.7 0.027337
1193.2 170.03 1239.2 231.35 0.027232
1064.4 197.77 1242.0 375.0 0.027124
91.947 184.16 130.01 300.22 0.027097
1207.0 86.67 1242.0 124.57 0.02695
0.0 219.05 65.163 300.36 0.026943
0.0 305.46 21.73 375.0 0.026838
1203.8 249.57 1242.0 375.0 0.026547
0.0 139.93 76.283 220.99 0.026204
1155.0 311.56 1242.0 375.0 0.025646
1113.4 337.1 1242.0 375.0 0.025618
1216.5 205.45 1242.0 316.91 0.025502
1204.3 228.7 1242.0 269.68 0.025355
0.0 354.28 33.682 375.0 0.025253
0.0 80.267 32.435 281.35 0.025169
0.0 335.4 35.005 373.65 0.025055
0.0 123.57 76.485 203.94 0.024952
0.0 327.16 39.271 366.52 0.024733
66.962 84.382 188.89 375.0 0.024433
0.0 205.3 98.037 375.0 0.024408
1122.6 139.95 1241.9 251.86 0.02437
0.0 0.0 130.85 120.66 0.024149
67.233 145.22 105.63 267.02 0.024039
1237.4 217.24 1242.0 270.9 0.023987
1217.3 345.75 1242.0 375.0 0.023467
0.0 269.82 64.093 348.3 0.023439
0.0 318.72 34.44 358.61 0.023372
1236.0 113.43 1242.0 169.43 0.023265
1193.1 177.24 1242.0 215.44 0.023126
0.0 252.34 65.366 332.18 0.02284
1194.7 140.62 1237.0 198.87 0.022584
0.0 119.89 139.19 346.27 0.022331
0.0 192.81 198.6 373.76 0.022171
1182.6 153.21 1233.4 209.88 0.022158
0.0 236.53 64.683 317.2 0.022078
1226.5 271.75 1242.0 363.54 0.021703
0.0 107.91 74.035 188.46 0.021201
0.0 366.75 71.082 375.0 0.021179
0.0 143.0 54.472 253.43 0.020944
1206.9 78.682 1242.0 116.52 0.020584
1166.9 170.37 1235.8 375.0 0.020503
1202.1 116.16 1234.2 230.29 0.02046
1216.8 68.347 1242.0 124.03 0.020367
0.0 47.409 30.993 249.67 0.020318
1167.0 57.586 1236.0 253.27 0.020106
0.0 203.83 53.067 314.76 0.020086
0.0 337.06 129.95 375.0 0.019931
0.0 92.272 73.526 173.1 0.019823
551.54 174.49 570.64 188.17 0.019819
0.0 252.44 49.643 361.9 0.019431
1135.9 111.29 1242.0 190.35 0.019397
1146.7 212.52 1242.0 338.1 0.01935
1195.6 184.16 1242.0 221.83 0.019316
13.889 136.46 86.418 337.64 0.019255
1093.2 151.18 1236.1 274.78 0.018975
1227.2 41.926 1242.0 126.75 0.018733
0.0 328.68 21.834 375.0 0.018649
1127.8 235.1 1242.0 318.62 0.018558
44.252 107.78 120.12 306.95 0.018494
1205.9 131.06 1242.0 186.32 0.018285
924.08 0.0 1242.0 233.86 0.018008
0.0 42.506 196.07 375.0 0.017958
1191.7 137.91 1224.6 236.21 0.017904
70.994 190.28 147.89 287.98 0.017524
0.0 248.39 10.736 343.26 0.017208
1237.1 83.731 1242.0 132.49 0.016849
1217.0 226.18 1242.0 287.09 0.016837
1078.7 155.47 1242.0 237.26 0.0165
1197.2 192.58 1242.0 231.22 0.016469
0.0 109.16 52.633 221.01 0.01633
1236.4 102.46 1242.0 156.65 0.016315
0.0 311.47 35.446 350.34 0.016
1225.2 296.61 1242.0 375.0 0.015988
1189.7 366.67 1242.0 375.0 0.015644
1171.6 167.91 1242.0 205.72 0.015634
1203.4 237.41 1242.0 277.74 0.01533
0.0 206.17 38.924 245.0 0.015312
1125.6 95.994 1242.0 175.12 0.015304
1208.3 70.736 1242.0 108.5 0.015286
1210.1 342.23 1239.1 375.0 0.015257
563.05 174.26 572.09 194.84 0.015204
0.0 190.14 37.649 228.6 0.015177
0.0 198.82 38.236 236.9 0.015165
1070.7 0.0 1242.0 120.39 0.014816
1233.4 136.06 1242.0 194.24 0.014721
1185.4 162.84 1242.0 199.82 0.014674
1237.1 95.602 1242.0 145.05 0.014642
1192.5 152.48 1225.7 259.42 0.014365
0.0 0.0 32.864 112.8 0.014361
1228.8 130.75 1242.0 194.55 0.014298
1141.0 113.64 1242.0 223.33 0.014256
49.777 145.58 196.46 294.82 0.014144
559.09 172.98 567.96 193.73 0.014075
1195.4 201.76 1242.0 239.81 0.013426
0.0 0.0 81.305 42.05 0.01319
0.0 182.31 38.205 220.37 0.013024
1192.8 187.85 1240.3 246.95 0.012927
72.422 190.5 106.03 315.22 0.012922
0.0 117.43 256.7 291.17 0.01284
0.0 31.144 196.89 218.15 0.012714
0.0 54.049 142.46 286.6 0.012624
1216.4 61.008 1242.0 152.72 0.012578
1183.3 168.73 1232.3 228.74 0.012517
0.0 303.67 32.659 341.86 0.01247
1172.0 174.58 1242.0 213.22 0.012397
1133.5 108.03 1201.8 293.6 0.012373
1206.7 114.09 1242.0 173.22 0.012317
0.0 79.265 53.57 189.49 0.012314
1221.0 129.68 1237.6 197.63 0.012042
4.5769 189.68 139.09 325.5 0.012002
0.4338 152.36 195.17 241.08 0.011928
0.0 214.34 37.354 253.0 0.011924
0.0 183.59 12.869 277.27 0.011894
0.0 189.5 148.61 271.44 0.011811
1207.6 62.374 1242.0 100.09 0.011681
1079.3 20.473 1242.0 266.43 0.011616
0.0 231.28 11.176 324.59 0.011611
1115.2 129.94 1189.4 327.58 0.011602
0.0 270.76 274.38 375.0 0.011597
0.0 175.15 37.421 213.62 0.011588
132.89 0.0 928.61 181.84 0.011547
1182.6 140.41 1231.2 197.98 0.011341
15.451 346.82 45.179 375.0 0.011303
0.0 36.757 141.86 375.0 0.011281
1193.8 208.56 1242.0 246.87 0.011209
14.03 285.95 84.125 375.0 0.010959
0.0 126.7 34.294 164.58 0.010956
1167.7 290.14 1236.8 375.0 0.010612
1076.0 222.35 1217.1 375.0 0.010608
0.0 222.23 36.823 260.68 0.010575
1202.5 192.62 1235.4 314.65 0.010491
28.857 160.59 101.42 375.0 0.01045
1216.8 146.87 1233.8 220.39 0.010413
0.0 74.425 71.52 154.88 0.010393
420.01 0.0 720.15 375.0 0.010376
0.0 295.41 17.017 348.11 0.01036
357.96 0.0 657.38 375.0 0.010279
966.04 275.42 1242.0 375.0 0.010271
0.0 180.51 296.7 343.13 0.010231
0.0 202.97 143.27 286.01 0.010197
1207.6 285.47 1242.0 324.53 0.010162
1207.6 293.29 1242.0 332.04 0.010076
0.0 179.66 142.07 375.0 0.0099199
82.419 161.98 122.2 271.36 0.0098628
0.0 160.51 12.916 255.1 0.0098131
1205.3 269.43 1242.0 309.55 0.009808
1081.6 39.227 1230.9 375.0 0.0097866
1150.7 77.994 1214.7 261.34 0.0097705
0.0 119.7 35.096 156.82 0.009754
1099.3 156.36 1206.7 196.25 0.0096872
1215.1 53.578 1242.0 106.96 0.0096305
16.249 224.1 153.75 375.0 0.009595
1238.0 223.39 1242.0 278.9 0.009552
1205.5 245.75 1242.0 286.01 0.0095426
1207.7 301.13 1242.0 339.59 0.0095
1044.7 227.9 1182.9 375.0 0.009474
1207.3 277.5 1242.0 316.74 0.0094056
0.0 199.45 11.991 293.98 0.0093513
0.0 271.95 28.676 309.64 0.0092975
1237.3 73.764 1242.0 120.59 0.0092836
0.0 230.52 32.074 268.9 0.0092188
0.0 167.83 37.355 205.0 0.0092099
1220.1 148.53 1237.3 221.09 0.0092041
95.632 152.69 139.07 283.28 0.0091104
1146.9 162.74 1220.9 375.0 0.0090657
1208.3 317.48 1242.0 354.91 0.0090107
1206.0 261.89 1242.0 302.48 0.008997
0.0 279.36 29.532 316.77 0.0089956
1202.8 92.34 1234.1 204.66 0.0089647
1185.5 154.61 1242.0 191.79 0.0089543
0.0 263.59 30.989 300.9 0.0089343
1146.9 41.58 1242.0 123.35 0.0089136
805.86 277.7 1148.2 375.0 0.0088726
1224.3 134.19 1240.7 202.46 0.0088518
1208.5 309.58 1242.0 347.85 0.008841
43.388 184.59 159.17 233.45 0.0088297
1014.0 73.5 1242.0 253.61 0.0088237
0.0 254.94 30.854 292.49 0.0088176
869.91 277.67 1213.8 375.0 0.0088051
1127.5 251.8 1242.0 333.56 0.0087806
1098.8 163.84 1208.4 203.59 0.0087701
0.0 134.54 36.728 171.84 0.0087497
294.46 0.0 590.09 375.0 0.0087385
42.993 176.1 241.39 269.8 0.0086701
1209.2 351.64 1242.0 375.0 0.0086346
0.0 234.59 38.878 375.0 0.0085607
484.93 0.0 782.21 375.0 0.0085583
1190.9 200.35 1240.9 262.25 0.0084536
0.0 295.26 31.938 334.02 0.0084473
562.19 174.79 571.32 199.08 0.0084203
80.578 178.26 102.75 248.49 0.0084007
1021.4 4.6638 1242.0 192.52 0.0083809
0.0 161.88 485.5 375.0 0.0083025
0.0 239.35 32.939 277.15 0.0082305
142.95 190.81 190.06 209.49 0.008176
750.7 277.46 1079.6 375.0 0.0081036
1208.7 324.97 1242.0 362.57 0.0080177
1203.3 348.55 1231.9 375.0 0.0079852
766.33 153.74 1075.2 297.18 0.0079681
103.75 172.29 145.62 301.04 0.007945
887.42 235.83 1021.2 375.0 0.0079338
0.0 142.5 35.059 179.81 0.0079177
1174.7 182.43 1242.0 221.29 0.0079033
0.0 205.43 21.515 227.57 0.0078422
0.0 246.74 31.712 284.39 0.0078376
1120.4 78.759 1242.0 157.36 0.0077895
0.0 111.15 34.473 148.55 0.0077544
918.71 232.97 1052.9 375.0 0.0077136
1217.3 274.06 1242.0 331.75 0.0076972
1216.8 257.34 1242.0 316.81 0.0076941
1204.8 99.861 1242.0 156.02 0.0076891
0.0 107.04 12.162 197.12 0.0076652
854.27 238.74 989.12 375.0 0.0076555
0.0 287.37 29.76 325.82 0.0076476
1013.2 233.75 1147.5 375.0 0.0076386
319.59 0.0 1121.7 189.2 0.0076291
0.0 159.84 36.578 197.67 0.0076254
1210.0 72.814 1239.6 183.03 0.0076058
0.0 139.98 68.456 336.71 0.0075564
949.24 231.86 1084.3 375.0 0.0075496
555.49 0.0 849.56 375.0 0.0075485
554.13 172.77 574.66 187.18 0.007523
0.0 0.0 197.58 131.08 0.0074984
982.36 231.86 1116.0 375.0 0.0074241
77.361 213.78 98.832 285.11 0.0073895
80.687 212.88 103.54 288.38 0.0073892
1111.9 79.909 1242.0 375.0 0.0073504
21.327 139.67 164.47 277.28 0.0073185
1207.3 254.65 1242.0 294.57 0.0073178
0.0 191.3 6.4595 241.77 0.0073029
0.0 187.98 21.915 237.89 0.0072531
1232.9 146.49 1242.0 209.49 0.0072497
82.134 231.78 101.98 291.03 0.0072425
0.0 136.81 45.868 324.47 0.0072232
63.564 180.03 147.51 269.42 0.0072144
0.0 202.14 22.676 253.03 0.007167
620.7 0.0 912.65 375.0 0.0071659
40.995 275.87 373.76 375.0 0.0071296
0.0 151.57 37.105 188.75 0.0071259
1126.9 268.25 1242.0 352.4 0.0071018
1195.8 130.75 1238.8 189.59 0.0070835
821.36 240.81 953.43 375.0 0.0070812
48.403 179.14 146.28 225.36 0.0070493
1222.8 0.0 1242.0 39.845 0.0070372
553.17 178.04 573.23 191.35 0.0070228
549.82 177.17 575.41 190.36 0.0069484
554.3 170.96 581.08 185.12 0.0069232
0.0 0.0 65.543 56.106 0.006919
0.0 17.277 101.5 375.0 0.0068913
1156.1 160.46 1242.0 197.62 0.0068802
681.55 0.0 972.64 375.0 0.0068622
0.0 185.07 114.52 309.01 0.0068409
1209.0 333.47 1242.0 370.78 0.0068333
1218.0 307.54 1242.0 360.91 0.0068222
498.99 0.0 1242.0 200.39 0.006813
85.703 233.75 219.9 375.0 0.0067736
1216.3 290.34 1242.0 346.24 0.0067616
0.0 122.39 11.711 215.53 0.0067537
0.0 0.0 794.97 190.86 0.0067181
88.427 142.97 161.0 375.0 0.0067056
0.0 201.63 20.978 223.42 0.0066703
1051.5 199.7 1242.0 290.16 0.0066552
49.029 228.79 186.31 375.0 0.0066099
1142.3 0.0 1242.0 44.201 0.0066066
54.037 166.98 89.128 291.29 0.0065679
0.0 265.97 16.772 316.92 0.0065478
1152.6 61.214 1242.0 177.31 0.006531
106.72 199.62 132.39 287.32 0.0064703
142.38 187.82 189.63 205.64 0.0064442
0.0 316.81 23.27 367.08 0.0064354
786.31 0.0 1160.2 101.43 0.0064115
919.87 0.0 1059.7 222.93 0.0064002
0.0 103.2 34.812 139.79 0.0063974
0.0 0.0 95.836 215.77 0.006362
886.78 0.0 1028.8 215.87 0.0063481
366.72 0.0 746.66 90.403 0.0063442
981.08 0.0 1124.9 227.73 0.0062734
153.87 199.5 197.31 217.55 0.006212
1188.7 361.32 1240.5 375.0 0.0061965
1217.4 129.63 1233.7 197.45 0.0061953
0.0 285.42 25.827 375.0 0.0061791
1124.8 164.48 1228.6 204.35 0.0060994
0.0 178.84 21.051 228.55 0.0060903
65.99 195.98 96.1 316.35 0.0060511
852.51 0.0 998.05 214.45 0.006003
817.65 52.449 1091.0 375.0 0.0059747
464.7 0.0 612.48 209.94 0.0059425
747.22 0.0 1037.0 375.0 0.0059394
0.0 358.29 5.9445 375.0 0.0059272
16.054 219.18 193.38 305.66 0.0059234
434.47 0.0 579.99 209.19 0.0059093
0.0 173.15 148.01 253.62 0.0058938
78.307 230.63 96.502 290.24 0.0058883
1011.2 0.0 1160.8 221.08 0.0058528
1081.8 141.42 1242.0 218.3 0.0058466
117.98 230.53 248.96 375.0 0.0057947
149.36 195.52 194.29 213.44 0.0057903
230.67 0.0 521.51 375.0 0.0057843
951.94 0.0 1088.9 220.97 0.0057757
60.744 160.31 212.95 308.84 0.0057747
436.54 0.0 821.23 93.148 0.0057524
657.33 166.02 1242.0 375.0 0.0057244
1217.4 242.39 1242.0 303.04 0.0057204
0.0 91.176 11.695 181.23 0.0057185
0.0 318.97 96.659 375.0 0.0057091
1224.2 155.08 1240.4 223.9 0.0056965
1209.2 55.81 1242.0 92.412 0.0056523
29.902 100.78 100.75 307.46 0.0056029
869.67 0.0 1242.0 97.423 0.0055998
0.0 333.73 171.33 375.0 0.0055929
497.11 0.0 646.32 210.17 0.0055526
1199.9 0.0 1242.0 16.833 0.0055306
92.617 53.468 219.8 375.0 0.0055235
1233.8 164.13 1242.0 219.74 0.0055015
0.0 171.18 19.674 220.98 0.0054905
0.0 94.995 33.483 131.5 0.0054696
0.0 210.17 21.292 260.95 0.0054624
27.73 195.66 175.6 340.93 0.0054081
0.0 250.76 17.443 300.1 0.0053747
60.537 197.43 165.96 267.61 0.0053527
0.0 123.56 20.03 172.18 0.0053485
148.83 234.32 279.76 375.0 0.0053425
0.0 183.01 6.1446 232.63 0.0053293
1119.7 104.55 1184.1 292.3 0.0053273
403.48 0.0 549.06 213.68 0.0053162
1121.6 322.68 1242.0 375.0 0.0053024
1202.6 84.736 1242.0 137.35 0.005297
820.48 0.0 966.93 213.03 0.0052812
0.0 371.12 19.285 375.0 0.0052658
101.58 132.22 173.14 370.38 0.0052426
788.21 247.97 917.85 375.0 0.0052257
0.0 281.25 16.444 333.47 0.0052063
1150.5 293.52 1219.5 375.0 0.0051995
0.0 197.72 19.847 219.03 0.0051844
98.446 279.58 434.98 375.0 0.0051536
0.0 216.63 135.05 297.29 0.0051512
1175.3 192.31 1242.0 230.0 0.0051019
1201.8 0.0 1242.0 94.905 0.0050926
0.0 56.814 74.707 139.6 0.0050798
693.23 0.0 1071.0 99.519 0.0050683
267.81 0.0 651.46 91.938 0.0050396
529.39 0.0 678.1 212.02 0.0050132
0.0 218.6 20.243 269.12 0.0050131
52.749 191.51 162.86 251.72 0.0050102
1184.4 138.27 1215.4 232.81 0.0049355
1237.0 143.48 1242.0 178.97 0.004933
1232.3 197.67 1242.0 254.02 0.0048917
1040.5 0.0 1190.6 222.78 0.0048864
1218.4 321.02 1242.0 375.0 0.0048818
1122.9 158.01 1231.7 196.57 0.0048774
56.194 174.63 139.27 248.86 0.0048607
1125.2 284.28 1242.0 365.74 0.0048548
1073.9 163.52 1231.3 293.79 0.0047899
266.42 0.0 887.14 225.03 0.0047615
153.03 191.29 199.19 209.45 0.0047515
0.0 338.48 46.346 371.85 0.0047325
181.88 235.94 313.88 375.0 0.004725
27.905 155.47 238.88 241.55 0.0046932
1216.9 230.44 1242.0 342.19 0.0046738
788.69 0.0 935.74 213.78 0.0046673
0.0 329.88 51.324 364.94 0.0046429
78.373 179.35 96.809 248.23 0.0046388
1176.2 215.79 1242.0 253.91 0.0046252
674.23 0.0 1242.0 183.48 0.0045906
0.0 176.45 78.256 283.72 0.0045631
0.0 228.28 18.544 278.32 0.0045588
371.26 0.0 516.04 214.3 0.0045491
28.51 281.28 99.143 375.0 0.004543
45.355 38.32 308.89 375.0 0.0045315
1210.7 212.35 1240.0 333.26 0.0045135
167.1 283.58 491.1 375.0 0.0044506
24.704 349.31 54.039 375.0 0.0044443
561.54 0.0 709.54 214.28 0.0044391
0.0 357.1 49.0 375.0 0.0044171
1146.8 249.21 1242.0 370.88 0.0043983
0.0 147.01 239.73 352.85 0.0043187
0.0 0.0 67.938 283.22 0.0043093
61.801 144.84 96.771 266.22 0.004309
215.16 240.2 343.91 375.0 0.0042276
339.71 0.0 483.1 215.96 0.0042274
1229.8 152.86 1242.0 173.8 0.0042118
0.0 131.05 18.883 179.53 0.0042069
0.0 243.33 19.914 293.8 0.0041993
158.4 195.19 202.46 213.85 0.0041716
0.0 0.0 29.34 202.35 0.0041537
598.38 175.55 620.05 189.58 0.0041237
0.0 213.23 21.12 235.39 0.0041011
1228.6 139.85 1242.0 210.89 0.0041009
0.0 138.87 20.056 187.05 0.0040935
0.0 222.02 89.622 298.08 0.0040787
142.96 0.0 769.61 229.22 0.0040447
1229.9 148.76 1242.0 170.02 0.0040413
1229.7 213.17 1242.0 233.66 0.004034
565.39 169.82 574.03 193.28 0.0040331
0.0 202.24 6.7794 254.92 0.0040196
0.0 171.34 63.869 365.27 0.0040041
595.46 0.0 741.53 214.32 0.0039991
0.0 269.62 71.078 375.0 0.0039908
0.0 182.18 19.382 203.4 0.0039692
1236.5 177.13 1242.0 209.64 0.0039513
1182.8 186.15 1234.3 246.23 0.0039215
0.0 322.05 49.32 356.62 0.0039186
0.0 0.0 542.12 200.19 0.0039071
0.0 75.017 12.136 165.73 0.0038911
1191.9 159.33 1228.2 299.6 0.003889
1175.7 223.39 1242.0 260.88 0.003888
0.0 168.26 42.288 352.43 0.003888
756.97 0.0 902.83 215.07 0.0038389
0.0 159.53 103.63 236.42 0.0038283
536.28 0.0 911.4 93.218 0.0038113
166.66 0.0 455.49 375.0 0.0037962
247.04 245.04 374.14 375.0 0.0037957
1235.6 203.88 1242.0 238.52 0.0037905
1179.2 362.27 1232.8 375.0 0.0037788
1224.3 120.68 1241.1 186.51 0.0037741
83.71 173.21 107.14 253.58 0.0037661
1230.2 156.88 1242.0 177.57 0.0037482
1052.0 40.888 1196.3 375.0 0.0037419
836.05 79.789 956.17 375.0 0.0037381
866.57 81.159 986.71 375.0 0.0037089
1229.7 209.35 1242.0 229.78 0.0037076
1231.6 185.69 1242.0 205.78 0.0036804
1228.7 154.32 1242.0 220.36 0.0036765
308.21 0.0 449.1 213.27 0.0036742
553.47 180.42 579.97 193.59 0.0036621
1170.5 199.67 1242.0 239.57 0.003646
628.24 0.0 773.13 215.15 0.0036375
0.0 194.12 19.971 214.95 0.0036371
0.0 109.1 18.884 157.42 0.003637
173.11 0.0 553.15 94.609 0.0036313
1231.1 181.35 1242.0 201.73 0.0036301
1194.2 115.81 1240.7 176.5 0.0036242
1237.3 151.68 1242.0 186.54 0.0036096
0.0 217.62 21.208 239.55 0.0036027
89.924 159.36 128.34 268.21 0.0035622
75.762 220.94 93.099 283.17 0.0035617
1237.9 66.995 1242.0 112.37 0.0035536
1087.0 165.54 1187.4 204.11 0.0035331
153.19 202.77 197.95 221.06 0.0035268
0.0 169.5 5.5043 216.76 0.0035047
660.82 0.0 804.74 215.12 0.0034943
1183.7 158.1 1216.8 264.84 0.0034721
1229.2 216.54 1242.0 237.56 0.0034436
599.54 0.0 978.84 95.263 0.0034322
1216.0 260.2 1242.0 362.29 0.0034098
1183.7 146.84 1242.0 182.06 0.0033905
1172.5 163.8 1230.6 218.55 0.0033647
279.38 251.14 405.44 375.0 0.0033539
723.63 0.0 868.7 214.52 0.0033376
1131.6 74.001 1242.0 192.13 0.003335
1232.1 189.5 1242.0 209.42 0.0033134
0.0 203.08 12.58 231.41 0.0033026
702.34 281.76 1021.3 375.0 0.0033
1232.0 122.96 1242.0 184.22 0.003299
84.999 172.74 99.495 221.02 0.0032884
0.0 156.06 18.614 205.75 0.0032854
89.043 174.46 101.88 220.95 0.0032788
692.06 0.0 836.34 214.24 0.0032468
275.39 0.0 414.56 213.17 0.0032359
0.0 147.87 19.251 196.61 0.0032341
1229.1 93.212 1242.0 114.26 0.0032271
140.12 194.47 188.04 213.48 0.0032163
1167.2 207.14 1242.0 247.65 0.0032137
14.007 175.09 80.523 375.0 0.0032012
0.0 177.61 20.2 199.23 0.0031941
240.02 282.62 563.55 375.0 0.0031851
1229.4 97.225 1242.0 118.26 0.0031759
399.83 0.0 1024.8 226.08 0.0031669
21.211 0.0 165.01 234.4 0.0031656
1228.0 193.12 1242.0 255.61 0.0031651
1229.3 89.321 1242.0 110.32 0.0031644
776.09 146.46 1024.8 321.36 0.0031568
0.0 271.74 87.846 345.22 0.0031484
1078.0 142.43 1226.2 254.43 0.0031471
1237.9 54.164 1242.0 99.115 0.0031455
0.0 125.4 353.78 281.33 0.0031395
0.0 0.0 13.433 52.653 0.0031379
1159.4 366.03 1242.0 375.0 0.0031377
0.0 87.947 32.957 123.99 0.0031274
81.856 193.8 105.27 282.22 0.0031272
1220.6 119.63 1237.3 186.43 0.0031184
110.58 197.04 138.77 285.04 0.0031106
0.0 221.8 21.153 243.7 0.0031068
1228.7 144.51 1242.0 165.9 0.0030977
0.0 347.72 45.655 375.0 0.0030917
1116.3 63.342 1242.0 141.26 0.0030608
105.32 0.0 394.53 375.0 0.0030604
0.0 156.9 115.31 275.53 0.0030506
0.0 312.57 6.2816 365.46 0.0030506
1074.3 0.0 1222.6 216.88 0.0030282
1236.7 186.01 1242.0 217.73 0.0030238
0.0 189.65 20.83 211.05 0.0030168
76.074 237.94 92.078 294.16 0.0029945
1229.6 101.27 1242.0 122.24 0.0029889
0.0 85.044 270.55 258.51 0.0029857
0.0 185.76 20.288 206.94 0.0029797
39.425 0.0 420.72 98.847 0.002969
1057.9 334.29 1242.0 375.0 0.0029673
1229.8 220.47 1242.0 241.4 0.0029524
1188.8 219.23 1238.8 279.2 0.0029487
51.082 0.0 198.2 231.72 0.0029465
555.73 170.62 564.4 194.23 0.0029385
1231.6 193.66 1242.0 213.55 0.0029348
87.033 203.87 112.81 287.29 0.0029336
1230.6 160.93 1242.0 181.66 0.0029317
760.47 246.72 884.06 375.0 0.002919
1224.1 192.29 1239.5 259.13 0.0029166
1210.3 61.375 1237.0 159.87 0.0029066
153.49 188.05 198.32 205.66 0.0028983
1236.7 168.83 1242.0 202.36 0.0028835
1078.6 128.28 1242.0 202.56 0.00288
104.33 207.35 127.75 295.39 0.0028779
0.0 223.04 5.5239 273.37 0.0028687
1193.9 350.68 1222.6 375.0 0.0028579
149.13 190.67 183.94 211.83 0.0028555
1229.6 105.29 1242.0 126.19 0.0028532
144.41 202.94 190.75 221.13 0.0028453
0.0 238.32 19.222 259.63 0.0028419
44.074 281.83 113.37 375.0 0.0028393
595.82 177.03 626.11 189.9 0.0028317
0.0 100.05 19.017 148.12 0.0028268
1231.1 177.31 1242.0 198.25 0.0028237
310.24 252.62 436.71 375.0 0.0028224
101.32 0.0 486.25 95.426 0.0028151
814.3 154.29 1131.9 301.7 0.0028046
0.0 239.13 89.779 315.68 0.0027772
0.0 0.0 256.95 95.575 0.0027749
62.773 212.67 166.85 281.12 0.0027706
1235.6 136.11 1242.0 170.93 0.0027691
3.2254 365.44 97.155 375.0 0.0027681
1230.0 205.44 1242.0 225.7 0.0027614
1230.7 164.89 1242.0 185.84 0.0027516
0.0 173.23 20.149 195.23 0.0027224
780.58 0.0 1081.0 117.47 0.0027211
443.66 285.92 765.55 375.0 0.0026863
1236.1 211.25 1242.0 246.29 0.0026474
1230.2 85.731 1242.0 106.33 0.0026434
41.664 191.58 151.0 241.8 0.0026414
1231.3 197.81 1242.0 217.88 0.0026373
0.0 142.91 106.79 220.69 0.0026028
1230.5 224.49 1242.0 245.12 0.002596
1227.6 140.59 1242.0 162.05 0.0025911
0.0 212.62 6.1908 265.09 0.002584
1229.7 109.17 1242.0 130.17 0.0025831
1235.5 196.82 1242.0 229.46 0.0025739
1230.5 201.78 1242.0 221.84 0.0025679
243.49 0.0 380.18 212.1 0.0025457
83.875 0.0 228.69 224.65 0.0025365
1233.2 175.35 1242.0 228.5 0.0025284
115.32 115.88 189.96 336.62 0.0025281
0.0 301.25 5.8925 352.96 0.0025271
0.0 230.04 165.66 310.66 0.0025224
150.02 0.0 290.96 221.57 0.0025188
2.082 237.05 58.789 375.0 0.0025171
562.79 169.34 572.79 193.52 0.0025101
0.0 370.94 7.789 375.0 0.0025043
805.49 67.578 924.45 375.0 0.00249
1179.8 123.83 1242.0 158.96 0.0024845
1230.9 173.17 1242.0 194.38 0.0024766
1178.9 130.4 1242.0 166.49 0.0024755
46.256 199.47 155.65 258.43 0.0024737
0.0 234.02 19.255 255.01 0.0024691
1236.8 362.78 1242.0 375.0 0.0024524
0.0 242.0 19.461 263.76 0.0024505
1105.3 206.38 1242.0 339.96 0.0024438
118.06 0.0 260.24 224.4 0.0024395
1151.6 170.09 1242.0 211.46 0.0024327
0.0 169.23 20.463 191.24 0.0024285
84.366 215.85 106.1 292.93 0.0024248
141.06 198.93 187.42 217.83 0.0024078
1134.0 290.68 1202.5 375.0 0.0024043
1135.2 79.652 1196.6 265.36 0.0023992
380.15 287.11 696.05 375.0 0.0023899
0.0 99.478 92.124 375.0 0.002385
1236.9 159.64 1242.0 194.29 0.0023821
180.88 0.0 318.64 215.31 0.0023733
32.889 349.72 61.599 375.0 0.0023708
1230.7 168.96 1242.0 190.13 0.0023699
1235.9 90.511 1242.0 121.42 0.0023651
1144.9 24.822 1242.0 107.68 0.0023571
82.511 175.86 100.98 236.7 0.0023559
1178.9 139.22 1242.0 174.28 0.0023391
139.28 183.81 187.38 202.2 0.0023335
1102.7 111.8 1166.3 310.84 0.0023296
1236.5 193.5 1242.0 225.49 0.0023174
371.53 0.0 669.86 111.7 0.0023166
1227.5 136.53 1242.0 158.4 0.0023128
1083.5 187.87 1237.1 322.6 0.0023101
906.89 0.0 1205.9 118.77 0.0023033
161.36 190.91 206.5 209.4 0.0022983
1202.2 72.669 1242.0 121.03 0.0022885
1098.5 132.02 1235.0 237.69 0.0022713
212.38 0.0 348.55 212.59 0.0022647
110.4 211.34 136.58 294.86 0.0022532
1176.4 232.13 1242.0 269.65 0.0022518
0.0 159.97 6.085 210.14 0.0022489
549.23 179.27 570.47 192.26 0.0022441
0.0 301.72 25.171 351.19 0.0022441
1229.2 112.98 1242.0 134.17 0.0022314
1227.6 132.65 1242.0 154.5 0.0022296
1203.4 75.969 1232.1 182.59 0.0022223
1078.7 157.41 1173.4 195.0 0.0022127
434.14 0.0 734.68 112.43 0.0022061
1192.9 102.65 1240.9 157.73 0.0021997
0.0 314.56 50.729 348.37 0.0021987
1235.5 82.679 1242.0 113.26 0.002198
18.124 134.24 288.13 335.84 0.0021973
0.0 0.0 40.858 19.262 0.0021956
1177.6 141.61 1204.9 228.68 0.0021935
0.0 48.521 58.035 163.04 0.0021908
0.0 229.25 20.281 251.32 0.0021872
711.0 109.67 1074.3 280.23 0.0021862
0.0 157.88 149.12 237.01 0.0021861
0.0 86.584 45.728 288.27 0.0021831
0.0 207.77 75.69 315.01 0.0021804
307.79 283.74 630.81 375.0 0.0021684
5.3482 293.92 32.793 375.0 0.0021578
1236.0 98.509 1242.0 129.3 0.0021396
1199.9 227.59 1242.0 285.78 0.002136
0.0 141.81 137.07 264.55 0.0021273
1238.2 270.99 1242.0 319.68 0.0021239
0.0 195.52 11.495 224.05 0.0021185
783.59 199.89 1009.5 280.69 0.0021183
1022.2 152.57 1220.6 231.35 0.0020945
1227.4 128.73 1242.0 150.5 0.0020851
798.07 184.03 1106.3 332.14 0.0020832
1233.0 207.39 1242.0 265.57 0.0020832
1216.9 40.264 1241.9 128.0 0.0020807
77.541 185.64 119.01 207.9 0.0020722
1180.2 116.29 1242.0 150.08 0.0020711
1091.5 170.23 1199.0 210.95 0.0020701
1230.4 228.73 1242.0 248.85 0.0020699
11.754 102.82 82.1 311.13 0.0020654
342.61 250.37 470.36 375.0 0.0020514
1164.7 159.27 1227.9 211.36 0.0020489
1227.3 124.65 1242.0 146.4 0.0020401
507.42 284.68 831.74 375.0 0.0020264
6.4893 363.84 63.091 375.0 0.0019959
1219.9 190.3 1236.4 260.95 0.0019925
699.67 110.06 955.82 375.0 0.0019884
64.295 170.91 262.59 253.24 0.0019877
76.704 173.5 97.569 262.54 0.0019821
892.28 76.591 1011.0 375.0 0.0019815
1233.3 188.48 1242.0 240.27 0.0019732
503.0 258.49 632.11 375.0 0.0019685
0.0 111.77 103.16 187.51 0.0019661
1228.7 116.94 1242.0 138.33 0.0019496
154.63 196.02 188.19 216.6 0.0019465
1227.9 120.78 1242.0 142.34 0.0019343
41.062 348.17 69.451 375.0 0.0019314
793.12 189.26 1005.6 266.02 0.0019267
0.0 38.125 73.733 124.2 0.0019208
472.33 262.54 599.48 375.0 0.0019172
0.0 270.5 17.439 370.84 0.0019141
18.75 160.95 693.12 375.0 0.0019001
1230.9 81.987 1242.0 102.2 0.0018942
1238.6 316.86 1242.0 363.4 0.0018762
564.55 172.36 573.31 197.66 0.0018702
0.0 287.47 117.88 359.76 0.0018613
61.537 282.79 129.02 375.0 0.0018582
496.6 0.0 801.28 113.61 0.001855
1236.9 219.7 1242.0 253.37 0.0018539
301.29 0.0 607.88 113.45 0.00185
1149.7 36.956 1222.5 254.87 0.0018364
162.28 187.8 207.23 205.44 0.0018357
853.52 334.01 1072.1 375.0 0.0018332
440.69 263.47 565.08 375.0 0.0018259
536.02 259.34 665.35 375.0 0.0018198
594.98 174.27 616.74 190.15 0.0018016
1145.2 46.037 1242.0 158.49 0.0017947
18.348 335.04 233.91 375.0 0.0017914
558.22 168.53 567.72 192.04 0.0017853
0.0 230.11 258.15 375.0 0.0017764
0.0 95.819 101.33 172.45 0.0017758
78.403 187.31 99.4 279.35 0.0017535
1228.1 29.264 1242.0 113.91 0.0017505
99.096 196.75 123.54 291.1 0.0017462
1178.8 208.42 1235.3 269.23 0.0017453
1237.9 278.81 1242.0 327.76 0.0017376
1132.2 156.56 1205.2 375.0 0.0017369
72.312 237.2 88.579 295.1 0.0017349
53.189 0.0 196.83 368.47 0.0017143
1017.2 169.86 1225.3 249.88 0.0017135
0.0 253.79 17.403 343.84 0.0016863
0.0 211.06 12.402 239.94 0.0016827
0.0 148.72 79.419 256.57 0.001681
1213.2 152.23 1228.5 223.06 0.0016778
57.561 187.71 86.703 306.29 0.0016769
1238.4 231.65 1242.0 284.71 0.0016737
0.0 179.96 10.24 207.53 0.0016691
0.0 241.22 73.079 347.52 0.0016653
410.71 263.1 533.45 375.0 0.0016585
1106.9 150.58 1215.4 188.65 0.0016385
162.59 199.76 203.37 218.11 0.0016351
1235.1 128.3 1242.0 162.98 0.0016348
378.21 263.77 500.9 375.0 0.0016289
1230.4 232.78 1242.0 253.07 0.001628
79.764 181.94 118.11 203.53 0.0016249
770.8 114.34 1128.7 276.3 0.0016162
79.752 238.01 97.47 299.13 0.0016138
1180.8 107.8 1242.0 141.41 0.0016021
1154.9 151.22 1242.0 190.91 0.0016009
1183.5 116.82 1233.0 176.86 0.0015944
688.24 0.0 991.86 115.07 0.0015898
120.05 34.614 252.47 375.0 0.001589
1198.3 74.689 1242.0 109.19 0.0015853
159.2 192.26 192.38 212.83 0.0015793
66.146 231.12 159.6 287.26 0.0015672
596.31 173.43 626.32 187.78 0.0015646
49.317 211.71 154.9 271.6 0.0015585
0.0 129.46 20.074 151.36 0.0015515
967.59 0.0 1242.0 121.69 0.0015391
0.0 192.53 52.371 227.91 0.0015356
1231.8 111.09 1242.0 173.23 0.0015351
1231.5 78.077 1242.0 98.223 0.0015309
1193.6 98.764 1224.4 210.07 0.0015193
1238.4 309.06 1242.0 355.3 0.0015141
1235.5 105.91 1242.0 137.68 0.0015133
160.79 181.11 173.85 219.07 0.001512
26.059 365.81 118.87 375.0 0.0015119
730.6 260.25 849.52 375.0 0.0015116
1191.4 94.39 1240.1 147.47 0.0015056
1227.9 115.97 1242.0 181.62 0.0015032
1215.0 292.02 1242.0 375.0 0.0015019
0.0 230.04 6.061 281.24 0.0014889
77.845 286.22 143.05 375.0 0.0014882
1169.4 143.38 1195.5 230.42 0.0014856
0.0 245.49 5.1435 294.97 0.0014663
88.401 169.56 111.39 258.46 0.0014647
80.575 172.2 94.952 222.8 0.0014638
49.034 347.12 76.855 375.0 0.0014579
0.0 208.85 53.454 244.07 0.0014562
1238.0 290.96 1242.0 339.19 0.0014505
234.37 0.0 546.33 116.33 0.0014504
559.13 174.57 568.03 203.74 0.0014446
31.783 149.25 402.28 320.84 0.0014435
1229.4 371.03 1242.0 375.0 0.0014429
145.68 187.32 182.45 207.91 0.0014423
637.31 286.59 957.64 375.0 0.0014413
0.0 125.8 20.44 147.36 0.0014345
1228.5 202.76 1242.0 267.53 0.0014313
564.08 0.0 865.88 111.88 0.0014287
691.54 160.16 732.45 177.43 0.0014265
697.91 144.74 1038.5 298.33 0.001426
1237.8 257.33 1242.0 308.18 0.0014228
1072.2 166.45 1165.8 204.04 0.0014203
92.745 209.42 115.68 297.33 0.0014197
544.36 175.72 566.18 190.23 0.0014133
1231.3 65.747 1242.0 85.964 0.0014082
724.37 169.15 760.07 185.4 0.0014041
1151.8 177.99 1242.0 219.85 0.0014032
0.0 261.55 17.664 282.92 0.001397
1231.5 61.848 1242.0 82.013 0.0013963
1211.0 48.337 1242.0 85.049 0.0013926
1138.1 131.16 1164.6 216.95 0.0013878
150.37 199.69 185.36 220.33 0.0013874
0.0 248.94 19.422 270.85 0.0013867
568.53 257.58 696.12 375.0 0.0013861
901.37 335.25 1118.5 375.0 0.0013812
216.21 190.55 263.48 209.81 0.0013791
1234.9 120.79 1242.0 155.49 0.0013788
925.21 289.5 991.96 375.0 0.0013755
79.364 174.54 95.554 235.74 0.0013743
926.7 115.59 1242.0 279.66 0.0013723
1019.5 138.75 1215.6 217.47 0.0013717
0.0 333.32 19.573 354.71 0.0013622
1118.8 228.68 1242.0 354.68 0.0013583
1181.6 99.798 1242.0 132.97 0.0013581
0.0 40.475 43.71 241.46 0.0013558
163.26 196.1 195.69 216.69 0.0013543
1117.4 289.82 1185.3 375.0 0.0013501
0.0 201.08 51.922 236.14 0.001347
1231.5 69.836 1242.0 89.873 0.0013464
1210.1 239.56 1238.2 352.42 0.0013464
0.0 0.0 652.06 246.69 0.0013441
0.0 109.68 5.1259 160.35 0.0013439
908.83 289.4 976.26 375.0 0.0013391
0.0 329.58 20.025 350.56 0.0013375
692.14 163.94 732.51 181.45 0.0013369
1017.1 21.012 1158.1 375.0 0.001335
164.81 182.19 177.13 219.3 0.0013341
0.0 317.55 21.043 338.34 0.0013301
162.47 203.59 203.96 221.44 0.0013257
224.36 191.19 270.79 209.85 0.0013238
0.0 257.61 113.2 330.76 0.0013236
1172.7 180.21 1230.0 239.39 0.0013236
941.48 290.94 1007.3 375.0 0.0013124
1231.5 73.897 1242.0 93.984 0.0013117
1204.2 212.99 1232.7 329.01 0.0013116
