755.51 120.43 1204.48 270.56 11.67
1173.22 175.82 1242.00 375.00 5.11
203.88 131.54 519.84 249.92 15.19
70.14 124.94 318.39 255.35 14.12
544.42 133.44 792.33 261.40 14.44
0.00 125.88 211.17 236.58 19.03
1027.61 207.99 1242.00 375.00 1.34
655.26 135.68 719.79 325.23 7.07
545.88 147.34 665.29 215.76 17.69
459.20 167.11 564.34 259.43 12.72
1061.51 310.53 1242.00 375.00 5.16
1137.03 118.16 1242.00 247.78 15.19
485.32 132.08 538.24 252.93 15.65
981.66 241.10 1052.25 368.58 6.35
700.65 179.48 787.42 215.65 18.03
248.04 203.37 373.19 275.55 10.88
334.99 201.90 427.56 274.58 10.65
0.00 172.82 98.37 236.09 17.69
1125.14 234.74 1242.00 361.20 6.92
1237.04 118.33 1242.00 248.57 14.85
0.00 181.37 5.07 235.78 19.85
869.97 207.27 936.56 277.95 10.85
1147.09 221.52 1242.00 340.94 8.25
646.75 180.40 672.74 257.89 12.99
951.94 205.17 1013.86 278.93 11.46
268.45 193.03 404.58 265.01 11.69
715.05 209.87 769.65 215.92 18.42
0.00 221.83 42.06 246.39 17.21
987.78 207.14 1049.33 269.85 11.74
838.73 215.77 872.78 239.73 14.87
568.01 140.11 611.78 214.58 18.29
853.15 184.22 877.56 208.00 19.02
923.33 220.74 974.25 278.42 11.16
0.00 185.23 18.81 230.86 18.75
661.18 184.24 671.15 259.57 12.58
685.70 181.08 709.35 203.70 13.28
1133.22 244.14 1199.23 262.66 13.45
848.87 218.23 893.63 266.07 12.09
1220.56 215.09 1242.00 247.97 9.89
72.39 181.44 118.69 191.59 19.92
535.03 136.11 541.88 171.09 15.18
1198.13 210.53 1242.00 332.87 8.90
1205.55 131.24 1242.00 195.54 24.02
180.19 133.80 215.64 143.76 18.34
422.32 228.85 469.42 244.99 15.91
115.03 139.64 155.44 229.70 16.87
102.66 213.89 147.25 229.70 17.00
917.89 197.80 948.82 267.83 12.20
639.93 153.23 647.05 214.82 18.16
1233.84 172.05 1242.00 195.47 24.56
1235.79 149.63 1242.00 195.50 24.53
72.54 206.58 97.71 233.65 25.55
984.24 219.14 1012.93 265.90 12.73
316.58 215.59 338.74 261.18 12.21
851.12 211.98 870.29 217.41 19.41
80.40 219.71 117.02 245.80 16.79
444.84 230.31 469.11 254.40 14.08
1198.50 256.79 1229.31 283.73 9.73
1205.10 239.39 1242.00 248.74 14.64
76.24 195.56 96.94 233.68 25.54
664.73 130.81 669.73 260.00 12.50
776.58 210.75 788.93 216.00 18.83
