416.42 156.58 514.6 194.92
423.64 149.53 523.8 189.04
426.52 152.67 498.85 200.09
650.0 157.95 733.46 191.96
648.86 152.87 745.83 188.27
636.63 144.16 734.23 184.43
588.2 175.45 640.14 219.47
590.66 175.86 637.42 219.77
602.08 173.91 641.23 213.17
597.15 174.05 632.3 210.96
603.07 170.53 632.9 224.51
594.85 178.32 648.68 214.19
601.87 171.59 647.55 216.97
582.16 176.49 634.96 210.68
606.24 178.2 650.76 207.94
604.03 166.98 636.58 222.8
605.02 180.54 645.31 219.13
588.97 174.04 646.59 209.85
598.03 182.58 640.99 223.38
591.32 184.58 634.11 226.27
588.37 178.6 651.71 223.99
578.8 168.15 632.7 212.99
599.09 169.52 657.24 206.91
607.13 184.42 649.53 214.91
581.04 183.84 644.74 226.97
596.84 174.78 658.16 216.41
598.39 182.45 649.71 231.37
485.86 170.11 546.77 210.41
486.3 171.56 537.39 210.11
492.64 172.3 547.5 207.03
498.24 167.21 544.16 203.14
489.02 167.47 532.79 204.03
480.99 170.59 533.84 200.13
473.8 169.89 538.11 207.17
499.76 163.33 523.21 216.32
498.05 159.78 519.37 210.39
498.85 165.08 526.62 220.63
503.6 159.94 522.48 202.17
491.72 159.97 525.91 215.74
485.75 169.29 523.63 201.11
478.19 175.26 532.78 206.49
488.74 175.66 543.48 215.17
478.19 172.6 527.02 195.85
500.59 160.99 518.0 197.24
485.37 177.64 529.61 212.66
486.83 169.93 520.13 194.92
496.08 168.36 521.62 219.96
474.19 178.07 544.47 215.49
481.91 172.53 536.18 214.76
502.79 168.39 527.25 221.57
474.01 175.06 526.57 216.6
626.73 171.87 648.8 202.59
635.88 157.3 653.24 201.73
631.93 168.15 655.11 198.11
628.17 165.21 650.76 195.88
619.93 175.54 654.3 196.98
634.63 164.02 659.04 194.92
620.47 168.1 659.23 190.86
677.35 172.63 728.76 193.61
679.22 172.56 741.09 196.64
683.64 167.49 722.79 193.17
681.85 170.73 745.64 192.56
673.71 156.51 687.59 196.67
670.76 165.08 695.73 189.25
674.63 166.11 701.01 189.23
676.9 157.42 690.27 196.13
670.09 156.52 684.76 197.41
668.18 162.53 693.25 187.12
681.49 159.23 694.74 196.82
670.85 157.86 695.54 184.04
664.38 156.93 690.83 185.18
661.76 162.45 687.38 191.08
657.02 161.25 697.25 183.53
680.66 150.76 694.81 193.01
659.55 156.16 685.88 184.09
673.54 147.7 687.6 189.5
654.85 157.71 696.3 179.97
677.26 146.53 691.58 190.47
669.51 146.25 685.34 190.72
655.72 157.97 681.62 188.32
501.05 159.84 529.81 180.41
495.11 163.19 523.55 185.44
1220.3 115.45 1242.0 175.3
1214.6 128.82 1242.0 173.21
1213.7 121.16 1242.0 164.5
628.09 165.07 641.56 202.28
632.41 161.81 647.2 205.13
639.04 158.88 656.2 205.46
635.88 157.3 653.24 201.73
638.54 151.88 658.14 199.44
635.25 148.2 654.11 193.69
624.22 157.82 638.3 199.42
628.17 165.21 650.76 195.88
633.65 153.85 649.37 198.91
643.45 162.89 658.67 206.1
629.17 156.62 643.07 198.86
673.71 156.51 687.59 196.67
676.9 157.42 690.27 196.13
670.09 156.52 684.76 197.41
664.38 156.93 690.83 185.18
661.76 162.45 687.38 191.08
659.55 156.16 685.88 184.09
673.54 147.7 687.6 189.5
677.26 146.53 691.58 190.47
669.51 146.25 685.34 190.72
528.81 173.77 554.79 201.49
536.07 173.71 558.26 200.69
673.71 156.51 687.59 196.67
676.9 157.42 690.27 196.13
670.09 156.52 684.76 197.41
668.18 162.53 693.25 187.12
667.98 168.11 693.82 191.91
666.16 155.47 681.1 198.7
681.49 159.23 694.74 196.82
664.38 156.93 690.83 185.18
661.76 162.45 687.38 191.08
680.66 150.76 694.81 193.01
659.55 156.16 685.88 184.09
673.54 147.7 687.6 189.5
677.26 146.53 691.58 190.47
683.8 164.51 694.71 198.24
669.51 146.25 685.34 190.72
655.72 157.97 681.62 188.32
678.6 164.39 690.53 198.49
546.21 166.25 578.68 186.37
545.45 155.9 559.9 189.04
548.43 154.53 563.27 188.53
550.11 168.19 576.86 189.42
549.12 157.56 576.09 181.07
552.11 152.33 566.5 187.63
503.39 169.97 551.92 205.7
504.53 168.04 551.07 195.21
525.21 170.81 545.76 212.32
514.24 167.98 538.91 216.06
520.08 169.25 542.77 215.81
1214.8 145.27 1242.0 189.66
659.55 156.16 685.88 184.09
673.54 147.7 687.6 189.5
