762.37 144.08 931.79 210.94
693.97 177.49 770.35 232.49
701.26 176.18 790.5 240.9
705.27 173.67 780.4 231.45
706.93 184.89 770.15 228.49
699.92 186.46 779.65 236.64
711.15 189.48 774.93 235.49
679.7 179.04 738.04 219.81
678.03 180.21 726.89 216.16
683.91 178.94 735.32 218.37
684.31 183.93 727.52 221.35
689.33 181.1 745.04 222.2
692.02 177.47 738.14 213.49
692.4 174.9 717.1 222.78
698.51 174.26 727.59 228.88
704.47 176.07 736.33 235.95
694.96 187.14 745.63 227.2
694.64 177.64 721.14 229.88
693.7 175.8 718.81 226.72
696.16 170.41 718.96 217.7
704.16 169.26 734.06 220.97
697.91 171.42 723.87 224.24
703.82 170.96 725.73 220.48
702.3 174.59 729.26 225.77
685.89 166.91 721.16 219.16
693.43 165.77 727.56 220.29
701.31 169.34 722.29 213.17
698.73 180.06 724.8 232.48
687.98 192.0 740.55 226.84
688.3 193.88 722.91 227.07
678.23 181.28 723.55 222.49
407.47 180.29 460.14 210.4
402.75 180.01 458.81 212.48
417.31 180.71 460.49 202.7
411.54 178.93 453.07 205.73
405.04 179.55 448.59 208.72
421.33 182.05 460.04 208.99
402.45 182.37 453.92 215.31
407.95 177.05 467.7 210.88
405.35 181.33 450.38 201.2
417.86 173.55 444.52 222.27
416.11 179.22 459.71 197.05
405.93 188.74 456.56 214.08
415.16 184.11 461.37 212.8
400.33 184.15 467.71 218.16
422.34 172.47 451.83 219.76
423.54 177.63 445.58 221.39
407.89 178.64 452.75 196.81
671.47 177.45 720.93 211.43
665.3 178.43 708.25 204.78
676.66 176.44 713.1 206.87
674.05 183.05 713.99 213.11
669.55 181.32 707.52 209.15
680.85 172.93 703.3 217.31
689.52 175.92 712.07 221.99
679.08 172.23 699.04 213.27
685.3 171.25 704.82 214.82
682.66 170.15 701.13 207.61
689.48 171.09 708.94 214.67
686.55 171.07 710.96 217.21
685.78 177.9 707.28 224.12
685.89 166.91 721.16 219.16
665.27 181.54 699.2 207.28
686.84 170.44 703.57 202.62
679.3 169.98 703.59 216.8
687.15 172.06 714.3 227.31
679.02 179.61 700.67 219.11
681.07 187.99 716.41 221.06
675.81 177.31 695.15 215.73
691.19 170.32 707.17 204.67
687.89 176.32 718.16 202.57
668.26 184.91 703.95 212.65
670.54 166.87 696.14 213.21
678.43 192.03 709.73 218.34
682.86 183.89 701.91 224.24
672.65 189.76 706.94 217.09
660.21 171.57 684.52 193.79
671.7 166.53 687.51 197.41
663.43 162.64 680.52 197.66
659.79 166.57 683.36 188.84
661.98 160.71 676.65 196.95
658.62 158.74 671.78 198.08
652.55 169.39 672.2 189.26
658.75 159.38 682.65 183.62
656.11 165.09 675.76 186.96
659.27 175.32 690.95 200.79
661.03 175.95 685.66 198.84
660.87 174.59 689.48 194.86
659.94 180.34 689.97 203.34
663.32 168.65 682.25 201.99
657.94 175.69 680.01 197.85
667.04 168.22 683.85 199.11
660.21 171.57 684.52 193.79
662.55 169.75 678.27 200.13
670.85 169.94 685.89 201.09
664.27 174.12 681.02 206.42
667.19 174.1 683.73 207.75
675.66 170.17 690.6 200.14
656.59 173.3 677.64 194.53
676.68 172.85 692.56 209.27
671.4 173.34 686.48 209.5
662.46 174.96 677.65 204.51
665.9 171.58 690.2 193.35
659.64 168.96 672.64 200.01
671.7 166.53 687.51 197.41
654.29 174.61 674.11 195.56
675.81 177.31 695.15 215.73
662.0 183.16 693.24 205.94
656.81 169.17 669.14 201.06
657.17 181.01 681.27 202.64
654.33 178.67 675.03 198.61
671.76 176.18 689.19 213.43
650.13 177.28 677.0 196.68
650.07 174.1 670.4 194.25
658.59 184.88 683.53 205.01
665.74 166.02 690.49 187.89
