881.49 130.54 1045.1 196.01
1221.6 131.61 1242.0 194.02
839.07 161.63 881.38 180.52
832.73 157.19 871.12 177.76
838.44 158.69 879.75 176.63
846.88 163.54 890.76 181.21
1213.3 169.27 1242.0 214.88
1221.5 148.37 1242.0 209.78
1213.1 153.58 1242.0 198.8
820.32 153.22 859.35 175.74
829.49 153.76 865.56 175.24
823.63 156.14 862.88 177.81
812.22 160.27 851.54 182.09
825.46 151.27 852.87 177.99
831.45 151.45 856.13 176.68
811.96 156.28 852.26 178.55
822.08 159.96 862.47 181.03
953.04 158.3 1051.3 194.28
953.6 151.45 1049.3 186.39
975.58 159.29 1072.5 194.96
951.34 144.68 1048.7 180.87
978.34 151.87 1068.0 186.95
902.68 159.09 948.84 177.83
898.91 162.07 945.42 180.82
903.17 156.05 947.67 174.58
892.2 158.35 936.17 176.95
891.52 161.26 936.45 180.91
900.63 164.5 948.36 184.12
904.84 156.4 938.18 179.17
890.8 164.5 935.87 184.4
648.15 158.45 662.05 199.5
623.98 167.22 687.22 201.06
647.31 167.85 659.14 199.94
645.72 169.85 662.57 196.53
650.82 169.38 663.19 201.78
648.79 171.09 661.06 201.31
645.18 169.06 656.43 201.26
647.56 172.18 664.29 199.65
643.08 169.53 653.0 200.27
655.2 168.51 668.04 202.67
646.63 174.47 659.42 205.82
641.33 172.09 657.63 195.56
640.34 172.46 666.73 193.03
643.86 175.57 661.9 200.51
651.36 173.61 665.9 205.68
641.52 175.54 669.72 195.27
645.97 179.59 665.12 203.2
650.24 169.91 668.35 197.9
643.87 173.12 656.52 208.92
641.12 172.59 652.37 205.79
642.94 170.63 660.8 194.45
643.69 172.09 668.91 189.75
648.95 179.45 669.44 203.77
651.01 175.57 670.59 201.02
637.81 168.7 648.43 199.66
639.35 177.5 657.12 199.99
635.24 173.31 652.07 194.4
642.26 181.04 661.56 203.81
654.85 174.72 670.73 208.57
658.69 166.92 672.31 204.52
640.84 164.41 652.46 199.23
644.63 173.55 672.57 193.68
636.95 174.32 660.96 193.12
640.43 176.21 652.88 211.97
640.11 182.45 669.93 201.29
636.41 173.51 649.16 207.19
633.57 171.07 651.02 192.08
634.99 177.65 661.26 196.16
652.55 170.46 673.51 197.08
637.58 179.67 666.14 197.79
644.53 179.08 675.21 198.58
633.56 178.71 652.46 199.08
638.09 169.29 656.66 192.66
658.48 171.84 674.41 207.79
648.94 175.8 663.15 210.21
635.4 162.46 647.69 198.21
637.37 182.62 656.83 203.74
634.08 171.5 659.33 190.41
655.2 168.51 668.04 202.67
651.36 173.61 665.9 205.68
650.24 169.91 668.35 197.9
648.95 179.45 669.44 203.77
651.01 175.57 670.59 201.02
658.69 166.92 672.31 204.52
652.55 170.46 673.51 197.08
658.48 171.84 674.41 207.79
580.99 178.56 607.07 204.2
580.45 179.37 601.09 201.49
587.1 179.27 607.36 201.93
583.8 176.11 601.05 207.74
577.64 184.17 606.54 205.49
581.69 177.86 606.22 198.04
587.99 177.72 608.69 196.28
576.31 179.46 597.21 198.9
587.95 177.48 603.97 207.97
578.35 178.23 600.42 196.74
591.21 176.73 610.11 194.52
581.73 174.18 598.02 204.73
579.42 187.59 603.84 207.65
576.71 183.41 598.58 204.76
590.91 173.26 605.95 202.42
594.68 177.74 613.83 198.03
593.07 176.94 606.36 206.5
574.08 177.26 595.74 195.36
593.17 176.06 614.97 192.8
581.6 175.4 605.02 191.72
597.93 177.61 620.5 195.73
598.02 175.31 621.22 192.19
587.98 171.33 605.23 204.81
595.89 171.32 607.62 200.81
585.3 184.28 608.91 205.26
590.39 175.04 611.05 190.56
577.22 190.56 605.63 209.39
594.0 173.61 613.75 189.67
596.62 180.56 618.95 199.79
593.27 182.93 613.34 202.57
574.46 174.62 598.21 191.75
576.0 188.7 599.86 208.4
585.86 188.3 609.95 207.59
991.5 156.38 1034.4 177.76
654.85 174.72 670.73 208.57
