222.15 170.56 416.67 264.16
715.48 189.36 827.11 266.25
708.46 195.13 814.04 261.31
699.9 190.61 808.72 263.05
701.46 179.24 831.68 258.56
279.67 174.14 441.51 265.4
373.89 176.73 486.2 225.34
363.36 171.6 485.51 234.87
367.28 168.74 466.85 229.03
473.46 176.97 543.94 209.06
463.34 178.63 530.91 209.13
482.89 175.38 542.4 204.01
460.56 176.84 521.86 203.87
477.51 178.71 541.16 208.59
476.98 174.32 530.52 205.76
471.93 174.54 530.0 197.72
461.79 166.59 544.31 198.69
465.35 168.08 537.41 206.16
478.5 171.95 531.94 190.65
480.36 185.01 538.19 212.06
466.94 184.7 528.4 211.59
456.54 183.13 522.2 209.14
468.62 172.29 524.7 191.3
534.17 179.34 579.42 215.66
530.43 180.58 582.44 216.43
529.73 179.28 573.12 209.77
538.01 179.02 585.47 210.56
548.08 178.79 581.16 209.59
542.95 183.63 583.46 217.82
539.68 176.38 572.64 205.5
543.51 172.51 568.3 221.21
531.02 177.73 568.97 201.6
546.44 176.78 577.44 204.25
553.71 180.36 581.63 206.66
543.39 174.04 572.42 227.04
553.32 175.13 579.96 219.56
538.87 169.51 571.06 221.99
549.21 173.42 575.06 220.87
546.18 169.38 566.75 211.31
537.28 188.67 576.78 219.93
550.16 170.32 570.16 210.69
545.49 181.44 571.16 225.68
534.87 176.21 586.53 209.86
547.63 172.83 580.41 223.36
546.97 190.86 582.21 218.1
527.84 185.58 569.79 214.52
540.77 184.25 566.8 224.84
549.98 186.5 575.75 227.37
657.89 175.84 705.82 214.08
657.29 175.87 706.81 214.52
660.53 174.75 698.33 208.4
663.6 177.17 710.45 208.62
655.09 178.28 692.53 210.26
670.0 175.45 704.97 206.69
665.06 173.56 697.07 202.75
663.62 171.84 690.82 216.5
669.18 171.76 695.9 218.76
658.36 183.46 700.39 215.64
666.07 171.32 694.27 222.18
664.82 182.36 708.98 216.92
670.83 168.06 690.6 207.73
662.24 167.6 699.47 219.28
651.38 174.72 700.32 208.52
652.63 181.25 709.82 218.17
660.9 172.01 717.86 206.1
666.0 178.12 693.59 222.64
655.58 186.7 690.42 212.08
668.84 183.22 707.13 210.73
652.53 164.87 705.24 206.55
531.37 175.22 564.8 194.27
1207.7 131.27 1242.0 173.55
1208.1 122.5 1242.0 164.69
667.66 172.15 691.01 189.37
672.34 171.8 696.45 189.85
662.95 172.06 683.34 188.84
666.26 170.28 694.29 186.84
691.87 177.51 719.35 196.78
1118.0 166.47 1219.1 202.48
1116.3 158.8 1220.9 194.95
525.06 178.57 552.29 201.3
520.58 180.3 548.6 203.52
531.52 175.64 557.32 196.64
366.4 193.63 460.51 248.45
466.94 184.7 528.4 211.59
456.54 183.13 522.2 209.14
