0.0 97.982 94.139 310.29
10.244 195.59 90.382 370.86
0.0 201.07 100.22 375.0
319.42 146.98 437.47 237.34
647.94 175.99 704.36 206.47
644.64 174.24 701.45 206.37
652.44 175.17 708.73 201.19
645.14 171.52 699.45 198.9
655.89 171.95 700.92 204.7
649.09 173.94 695.18 211.25
651.89 169.77 693.85 201.62
661.94 170.13 701.86 199.38
666.76 175.76 714.81 198.28
669.82 165.5 689.11 210.33
666.94 169.83 689.69 217.5
651.69 177.64 701.95 214.17
652.9 169.32 705.74 201.31
650.67 173.65 713.17 203.51
664.56 166.81 693.59 210.22
668.24 169.54 694.92 223.05
414.79 186.84 475.53 230.0
425.62 185.7 482.37 228.0
423.98 185.71 470.99 225.59
427.55 183.58 468.55 218.83
417.33 189.33 474.53 229.68
427.3 189.93 481.74 223.2
414.8 190.32 466.36 221.31
424.84 174.84 462.83 234.47
423.21 181.33 479.33 215.8
417.05 181.0 469.35 223.55
408.06 192.7 479.78 233.2
416.03 187.44 464.09 212.81
403.03 185.36 463.32 231.52
408.25 178.85 466.96 213.92
423.92 172.37 483.61 213.82
479.67 185.4 516.56 211.16
461.02 186.62 500.94 219.18
467.1 186.89 504.32 214.84
475.44 186.39 509.17 212.6
454.94 183.17 505.93 219.47
474.3 182.48 506.35 205.91
459.89 182.42 499.63 213.26
467.3 178.27 491.66 224.41
466.54 182.95 497.48 208.21
472.57 189.89 506.7 216.3
467.56 192.02 499.83 219.46
468.91 185.12 489.88 227.52
464.1 179.98 488.53 229.41
474.8 181.63 496.09 219.78
481.45 181.1 499.06 217.39
457.87 190.97 497.74 221.77
480.87 189.84 512.28 214.75
466.67 177.23 493.56 228.95
471.64 177.6 493.37 219.03
455.27 183.85 495.31 207.19
475.88 188.62 494.8 222.39
472.86 175.36 499.51 227.6
471.38 189.22 492.55 226.33
458.46 174.96 516.76 206.4
482.12 173.48 507.42 222.31
477.78 180.9 506.36 201.17
485.97 179.41 526.2 210.09
488.09 185.03 522.45 209.61
486.99 179.5 502.81 217.91
830.87 161.05 867.6 174.83
627.82 172.84 658.52 191.23
