965.35 152.85 999.3 230.69
961.26 137.42 995.87 232.23
594.75 142.57 626.16 213.84
610.92 146.97 636.79 212.07
273.11 134.93 303.77 212.81
718.5 176.06 764.41 198.79
715.5 176.99 753.94 197.59
728.98 176.09 763.35 197.01
720.84 175.44 760.19 192.57
710.04 175.03 770.06 201.5
736.17 177.19 764.52 198.03
731.24 175.28 762.57 191.68
737.0 174.39 765.94 190.92
716.18 174.74 751.42 193.38
717.25 181.2 753.06 200.1
738.99 170.98 754.98 201.28
737.23 170.46 751.62 200.38
724.08 174.39 758.54 188.56
724.97 176.2 755.09 190.92
738.57 167.9 752.37 193.49
725.81 179.16 762.06 199.33
730.7 173.97 764.29 188.11
733.67 174.66 752.2 206.12
715.95 172.0 750.65 188.6
738.8 171.31 768.61 186.9
711.61 187.08 755.53 204.6
715.49 184.62 750.16 202.14
46.664 143.17 82.207 208.61
53.215 141.74 89.992 210.15
62.174 138.99 98.152 208.04
1032.2 134.45 1066.4 217.54
1039.2 130.05 1074.7 217.54
320.43 135.79 351.9 210.46
310.16 140.42 345.1 213.76
302.58 139.38 338.56 213.91
850.87 159.24 863.08 201.34
848.42 158.97 860.66 201.48
843.65 157.78 856.94 201.16
738.57 167.9 752.37 193.49
733.77 166.35 747.17 191.39
603.24 176.98 620.73 194.1
605.43 172.52 616.8 196.98
601.42 173.79 617.61 190.26
603.76 170.21 615.18 194.36
605.83 174.42 617.47 205.14
607.73 172.64 619.01 197.16
598.58 169.47 616.06 188.04
602.42 165.01 614.81 195.45
604.1 165.7 617.14 196.24
598.2 176.24 615.81 193.43
596.1 169.46 618.99 185.52
602.64 166.67 611.69 196.56
604.36 173.16 615.13 205.81
607.7 174.47 619.32 206.76
599.94 163.5 611.82 194.15
592.66 172.5 611.14 189.17
596.8 164.34 616.11 185.61
592.24 175.29 617.04 191.44
593.46 173.02 617.69 188.58
601.97 169.73 611.24 201.14
592.47 169.21 611.88 185.39
596.31 179.39 615.24 198.4
596.22 167.75 606.16 198.26
589.84 178.52 615.09 193.91
590.36 177.32 608.54 194.97
593.95 164.92 619.52 182.89
583.2 164.26 594.58 194.34
586.99 167.73 597.74 198.28
581.42 172.23 600.18 189.43
591.02 167.69 601.31 198.62
586.39 172.54 604.14 189.41
733.77 166.35 747.17 191.39
287.0 178.74 300.8 213.05
107.71 156.49 123.86 200.41
107.89 146.48 123.74 192.66
