400.7 184.33 416.35 226.19
397.97 184.19 412.78 226.35
402.25 182.21 420.1 225.64
394.63 183.83 409.09 227.14
397.12 185.98 419.89 222.75
405.62 179.32 422.76 222.03
406.33 184.8 420.79 225.27
395.42 189.66 416.3 225.66
398.25 179.27 423.44 220.34
393.7 179.64 418.69 220.63
392.03 186.56 413.86 224.05
410.73 178.09 425.85 222.47
398.29 194.1 418.72 225.63
392.97 176.53 409.26 223.1
401.11 186.49 424.01 222.58
392.73 195.61 413.26 228.05
389.25 191.3 427.04 216.83
415.69 177.14 430.65 222.11
402.31 190.02 416.56 231.2
388.26 185.5 431.69 211.53
390.02 178.35 413.52 215.49
409.94 184.02 424.77 227.24
399.88 174.0 418.37 221.04
400.47 177.54 425.27 213.7
391.21 188.5 434.69 215.93
405.23 184.45 429.12 222.49
411.94 170.71 426.71 218.14
224.11 187.39 404.32 292.53
763.07 177.6 1009.2 323.12
741.0 162.61 762.51 220.59
738.97 163.27 758.67 216.55
744.48 163.7 765.73 218.25
739.85 165.04 766.48 225.39
736.23 163.69 760.32 223.33
738.08 163.09 763.82 206.24
740.56 165.04 768.89 213.04
742.77 161.99 769.76 231.95
734.33 162.62 770.1 221.05
736.12 166.93 765.61 218.04
741.15 159.32 758.65 206.58
738.53 167.65 758.41 232.29
743.49 167.57 772.18 218.97
747.01 167.29 773.23 209.07
727.46 164.49 767.73 230.14
739.22 171.46 769.48 222.36
746.25 157.48 763.33 206.13
722.73 169.21 777.39 208.46
746.02 171.79 765.46 234.6
740.2 160.11 775.95 223.0
727.43 161.78 767.38 209.31
722.61 177.27 779.15 206.13
735.46 176.59 763.55 225.28
719.88 163.99 758.72 218.19
733.68 158.69 784.32 211.57
733.46 172.24 775.41 234.94
501.88 171.69 541.62 208.6
499.08 171.03 546.69 211.2
504.55 169.53 538.74 201.95
495.16 176.28 536.78 202.95
508.81 171.27 546.47 206.34
508.41 169.21 538.05 195.86
509.86 165.28 535.25 213.34
511.97 171.47 547.41 197.26
491.55 175.27 544.55 214.67
519.25 172.97 547.36 204.28
497.46 178.35 547.38 211.09
505.58 163.87 536.49 218.47
516.89 175.45 551.94 200.19
515.04 164.04 538.42 208.87
518.51 164.41 542.31 211.39
515.71 169.06 542.72 195.82
501.36 169.37 553.94 205.08
515.18 163.63 533.94 202.95
511.93 168.48 539.63 217.29
515.54 176.28 548.42 210.6
497.09 181.53 539.34 215.11
515.77 164.21 544.76 220.69
506.69 168.88 533.78 220.65
509.14 156.06 544.82 218.57
636.7 170.81 649.88 201.01
634.19 170.0 653.15 198.56
639.3 167.33 651.87 199.28
633.14 175.9 652.92 202.61
634.96 166.01 647.74 200.81
635.89 169.39 655.79 194.26
627.66 173.95 659.26 193.65
631.15 171.48 659.36 189.61
640.88 168.86 654.31 200.11
633.86 170.45 646.95 205.85
630.84 170.47 650.05 197.93
632.01 168.07 649.67 191.76
631.92 165.34 643.51 198.88
637.28 158.58 649.09 198.24
630.73 179.22 660.18 199.35
627.98 168.71 656.97 186.06
632.16 178.43 648.71 207.83
640.39 159.99 652.88 198.51
632.63 169.02 661.32 186.77
628.93 180.07 654.05 202.76
629.31 166.79 646.91 189.89
631.51 173.38 665.86 191.52
635.01 165.0 652.92 189.8
699.68 164.64 712.57 197.75
697.36 165.44 710.53 203.18
704.47 162.94 716.85 198.77
695.3 164.57 713.07 191.32
709.08 162.69 721.51 199.86
700.47 165.8 713.66 205.14
713.59 163.7 726.62 201.17
705.11 166.34 717.7 204.67
726.63 164.59 738.64 204.9
733.38 164.35 750.18 200.4
722.75 163.41 735.67 200.65
731.97 159.38 747.99 204.02
728.09 162.87 744.47 196.42
718.98 164.0 731.78 201.41
727.15 166.92 744.41 203.56
724.1 164.05 740.96 194.59
719.89 165.72 738.57 194.57
730.07 159.45 751.53 192.27
722.83 169.41 740.54 200.9
688.96 171.89 719.38 191.71
694.35 163.22 707.47 193.37
692.37 163.11 703.91 193.96
688.77 163.12 699.2 195.79
689.4 162.94 706.25 188.27
689.73 156.8 702.37 192.26
686.95 165.25 702.99 190.01
474.41 165.03 487.53 201.8
477.4 166.37 490.22 200.35
493.29 162.36 507.55 198.54
481.21 165.65 494.03 199.79
477.71 154.62 491.19 193.86
490.1 162.05 503.97 197.7
473.89 154.1 487.92 196.73
480.52 154.59 495.03 193.21
485.87 161.5 499.58 196.96
477.01 165.77 498.54 188.67
474.0 165.35 494.61 189.3
480.96 165.71 502.8 187.56
484.83 156.5 499.0 192.43
733.38 164.35 750.18 200.4
722.75 163.41 735.67 200.65
728.09 162.87 744.47 196.42
734.59 153.95 752.84 201.56
724.1 164.05 740.96 194.59
724.78 158.07 740.34 200.37
732.77 158.51 755.55 194.18
719.89 165.72 738.57 194.57
723.66 167.39 755.61 189.33
730.07 159.45 751.53 192.27
720.89 158.11 737.01 198.25
725.83 165.0 759.94 187.54
722.83 169.41 740.54 200.9
489.17 177.34 507.14 198.53
481.69 176.25 508.12 193.45
483.9 176.32 502.46 195.16
487.62 172.54 507.18 193.51
472.8 178.91 502.76 196.28
473.01 176.5 501.45 192.85
493.29 162.36 507.55 198.54
477.44 176.09 497.31 194.84
482.32 171.56 502.4 192.0
477.71 154.62 491.19 193.86
476.94 171.3 497.75 192.41
490.1 162.05 503.97 197.7
473.89 154.1 487.92 196.73
473.66 175.37 492.68 195.27
480.52 154.59 495.03 193.21
473.72 170.87 493.66 192.87
486.01 166.99 507.71 189.08
479.63 171.58 508.17 190.58
485.87 161.5 499.58 196.96
477.01 165.77 498.54 188.67
474.0 165.35 494.61 189.3
472.02 172.06 502.21 190.06
480.96 165.71 502.8 187.56
484.83 156.5 499.0 192.43
492.81 178.07 511.62 199.39
489.17 177.34 507.14 198.53
481.74 178.33 510.47 196.46
481.69 176.25 508.12 193.45
483.9 176.32 502.46 195.16
477.44 176.09 497.31 194.84
485.24 177.96 504.79 200.06
