789.24 164.11 812.84 222.34
833.75 167.39 850.92 213.26
806.91 185.7 842.2 213.08
1005.76 99.44 1203.91 340.41
736.35 175.24 745.02 202.68
766.41 191.27 791.29 199.72
656.03 158.19 667.53 188.33
658.85 179.28 666.27 188.32
692.56 151.29 705.11 195.32
1018.9 111.07 1205.6 321.31
797.93 166.01 827.18 213.99
823.93 172.74 854.07 216.57
788.82 170.45 828.62 197.43
802.98 167.85 833.44 219.33
812.02 166.38 838.62 213.92
817.87 171.51 847.03 218.29
792.99 172.38 836.63 200.26
790.79 168.41 822.53 217.96
796.39 169.87 838.7 195.77
818.68 169.54 838.16 217.42
796.5 168.61 860.04 210.88
789.77 173.52 851.74 214.57
799.11 171.02 847.09 199.97
821.55 182.03 852.64 217.64
817.31 169.9 855.66 194.54
824.14 170.76 862.16 193.75
815.37 173.42 857.93 199.5
814.46 176.44 841.45 219.26
808.67 175.44 835.79 219.65
812.33 186.71 862.2 213.87
806.52 175.49 855.24 203.55
795.75 175.54 826.44 224.66
789.22 176.61 844.94 207.6
813.08 169.78 833.52 220.94
799.85 172.65 822.26 229.79
795.77 170.44 846.06 230.38
802.95 182.38 855.11 211.07
805.45 172.76 856.39 224.64
806.33 161.68 826.96 219.22
790.01 163.26 810.29 218.66
802.0 162.76 823.2 220.81
791.82 161.68 815.35 222.72
789.33 164.49 804.92 208.54
785.5 163.23 798.91 207.89
796.19 163.56 817.62 219.27
808.35 162.16 825.36 209.52
781.98 163.42 796.43 207.04
786.53 165.92 812.89 203.58
794.33 160.46 822.32 223.1
801.65 158.5 827.6 222.27
793.67 164.41 812.07 209.34
790.02 159.57 816.73 222.76
792.03 166.06 820.06 204.12
785.35 164.21 829.6 218.14
804.2 163.61 829.43 205.15
799.2 165.15 825.15 203.94
804.79 163.46 820.11 206.62
798.54 163.98 815.39 206.72
779.75 165.32 794.41 203.75
788.49 166.81 816.54 212.41
779.42 163.26 822.64 214.1
785.32 164.69 800.89 217.06
792.06 155.79 825.18 234.39
785.35 158.41 808.04 220.96
791.57 173.29 810.76 222.56
781.73 169.27 804.11 206.6
787.07 156.39 818.96 235.56
786.54 170.37 811.59 214.26
782.43 167.99 797.91 214.54
787.52 172.39 818.58 222.25
773.65 162.16 816.76 210.17
793.33 176.21 814.14 226.03
795.99 172.66 818.23 228.81
774.16 177.86 827.84 207.03
775.51 166.27 819.17 224.85
775.65 155.4 801.61 224.49
780.45 159.58 810.42 240.72
789.46 183.11 817.73 225.9
776.05 172.44 799.03 203.95
778.67 169.23 794.62 212.47
787.59 180.32 813.55 221.61
792.9 147.43 826.4 212.76
785.07 146.15 818.88 211.59
770.25 173.56 820.86 232.23
775.96 174.54 829.78 237.23
694.07 170.92 706.76 194.47
732.97 174.48 746.66 203.94
728.13 176.31 750.14 199.94
722.24 178.98 757.81 196.85
640.4 172.83 669.92 189.15
649.09 173.24 676.09 188.43
648.01 172.12 668.94 189.44
654.25 173.12 681.9 187.89
639.13 169.94 669.61 186.19
644.92 169.69 666.96 187.91
773.13 174.87 810.52 197.84
772.14 173.6 794.63 199.33
831.66 166.92 848.93 216.07
816.94 161.25 834.76 216.28
828.45 165.54 844.32 214.91
823.15 163.75 838.91 214.85
825.73 165.29 847.05 220.84
821.77 163.88 842.45 220.22
834.55 163.81 850.19 209.17
837.16 163.37 854.17 212.89
829.38 165.17 842.61 206.88
818.07 162.35 833.55 205.15
824.17 164.48 837.4 206.25
833.31 163.05 847.0 204.45
835.71 171.02 855.53 219.11
839.1 160.12 853.51 202.27
829.01 166.66 851.68 209.58
815.47 160.11 831.38 201.56
817.48 159.06 844.89 218.47
843.13 166.21 859.97 213.24
824.87 157.84 853.44 220.28
831.59 164.06 852.93 198.6
818.45 165.01 841.74 210.03
836.07 159.87 849.96 199.44
825.97 164.85 844.62 198.02
843.78 160.4 857.49 201.54
833.1 165.03 857.13 203.8
820.21 165.04 839.65 198.08
814.62 163.61 834.58 195.59
815.29 163.74 862.77 219.35
830.45 163.69 849.43 194.26
827.46 181.37 857.97 216.24
848.03 171.48 863.69 214.82
830.92 172.22 856.66 211.61
848.46 161.35 861.57 198.9
830.49 155.28 860.72 223.6
818.86 156.97 833.19 195.39
847.61 164.56 862.43 205.87
838.25 166.07 860.65 196.14
829.67 159.85 842.14 199.6
823.26 186.36 866.48 211.41
842.52 178.1 860.63 217.49
839.23 169.41 862.53 207.11
837.74 180.44 863.65 213.81
847.15 179.98 864.72 217.75
814.12 178.87 864.81 207.92
833.7 155.78 846.28 195.38
839.97 155.51 853.75 194.06
820.03 176.74 864.25 203.05
825.72 173.65 866.0 198.58
824.41 156.51 837.2 193.88
851.77 160.12 864.9 197.6
838.27 177.58 856.95 218.11
843.53 183.12 867.7 211.31
830.81 185.71 862.92 216.52
851.04 172.67 867.04 213.72
841.64 186.4 868.69 215.31
833.04 171.61 870.12 194.46
843.93 177.56 866.79 207.03
841.84 167.33 864.44 194.91
851.29 166.04 865.72 208.08
829.05 176.5 849.74 219.87
833.39 177.3 853.45 220.73
836.46 151.25 867.99 229.65
818.29 156.03 870.49 206.91
810.37 162.43 829.25 217.61
1069.6 113.2 1171.1 335.97
813.55 161.14 831.57 213.59
1048.6 126.08 1186.7 294.34
1081.4 145.52 1182.0 344.86
811.52 161.6 828.49 204.45
785.76 166.63 808.38 197.9
1027.6 168.06 1096.3 190.77
807.78 163.24 831.85 199.86
793.86 166.64 817.83 197.56
