578.32 182.67 612.62 213.56
148.69 174.77 218.49 202.62
351.6 184.3 380.15 189.27
0.0 165.2 67.61 218.11
351.91 176.04 363.95 184.66
316.12 160.8 334.46 176.3
329.86 184.3 340.01 189.06
341.36 151.72 377.28 184.65
0.0 140.07 83.39 216.06
1149.41 103.03 1242.0 318.89
297.66 150.87 368.05 189.32
269.76 174.14 352.95 195.12
924.56 145.34 1027.73 159.44
0.0 157.55 65.213 234.74
0.0 157.95 99.811 224.38
0.0 140.87 72.506 222.91
0.0 121.48 68.214 203.98
0.0 155.53 75.861 198.93
138.86 173.77 210.64 210.02
147.94 175.83 208.84 206.86
151.44 173.1 204.78 200.79
158.96 175.58 212.03 200.43
157.85 174.06 206.19 196.51
150.41 171.95 218.42 207.58
138.76 164.13 206.04 206.31
165.77 173.72 209.71 193.81
149.56 171.84 203.09 192.13
165.81 174.15 214.75 206.19
162.94 173.58 205.24 189.62
164.27 168.67 223.34 204.88
146.67 163.12 228.49 198.91
153.88 177.83 209.9 213.97
142.47 178.18 214.45 215.28
159.77 160.61 236.57 196.8
1167.2 110.04 1237.8 300.33
0.63186 179.04 48.48 219.18
0.0 170.12 54.955 211.45
7.5785 175.35 54.727 224.49
2.029 174.01 51.175 204.81
17.247 168.23 48.739 235.54
0.0 165.91 68.852 208.33
0.0 156.46 49.579 216.36
9.2195 176.69 73.181 217.38
0.0 182.58 54.472 230.55
0.0 159.04 57.893 204.09
16.029 177.58 71.253 228.06
16.581 157.94 53.689 229.24
924.29 143.17 1028.4 178.94
275.53 168.53 354.95 199.64
260.75 167.84 340.3 198.86
264.28 159.82 349.35 196.54
297.09 166.42 373.88 198.19
287.32 160.02 373.54 195.07
303.45 156.24 365.09 199.14
575.46 174.69 613.74 214.02
578.61 176.56 618.56 209.64
574.93 173.87 616.57 215.22
572.03 173.98 605.06 210.07
584.5 174.78 615.34 206.82
578.95 172.21 606.67 218.18
577.01 171.93 609.24 205.98
584.99 172.36 610.32 215.07
586.83 175.47 613.27 200.84
567.39 176.96 612.2 216.94
573.36 174.95 596.83 207.22
574.33 185.07 610.19 217.26
571.64 183.47 615.49 213.15
590.76 177.35 616.94 199.36
577.77 168.33 607.77 222.31
572.89 171.11 597.34 215.71
574.52 173.62 607.57 198.89
591.18 170.34 612.87 211.91
591.91 175.31 616.03 194.98
596.55 173.38 614.01 211.37
576.76 176.15 602.48 220.09
580.18 180.99 614.39 217.41
580.56 167.3 604.34 212.93
569.53 176.64 601.6 204.03
572.08 172.13 622.39 208.34
596.86 176.46 617.03 202.77
588.52 174.8 613.74 218.82
582.63 174.42 609.32 196.12
575.3 167.65 594.13 211.2
577.57 174.07 602.5 196.23
574.04 179.51 599.78 211.88
579.54 184.98 602.44 227.8
572.86 181.14 597.49 223.73
571.45 194.26 613.94 218.01
573.32 175.75 597.96 196.18
576.73 183.92 598.78 230.39
579.63 166.21 597.98 205.55
587.49 164.03 613.84 222.52
583.89 166.27 601.51 204.54
591.79 169.49 609.97 203.02
579.86 191.3 612.95 217.43
560.19 171.58 607.29 214.72
595.66 169.11 612.73 201.74
587.58 168.5 605.52 204.08
566.82 165.92 593.17 231.97
587.29 171.48 631.11 216.16
571.42 181.44 615.34 227.89
360.77 171.01 373.41 197.45
359.43 168.14 373.25 193.56
360.47 167.59 378.88 195.27
356.44 169.33 367.98 194.7
348.06 170.86 377.29 188.53
344.17 167.03 393.59 199.27
330.4 160.37 392.74 199.82
355.76 175.59 386.78 194.32
360.67 174.76 387.41 191.48
351.65 175.32 376.6 192.75
367.41 173.56 393.38 189.37
364.29 169.0 380.23 195.62
366.76 174.9 389.46 191.93
369.6 172.42 395.2 187.23
362.48 170.87 376.61 198.24
367.76 171.81 380.81 197.69
368.89 170.06 382.7 194.19
359.66 174.8 375.39 199.7
352.91 179.11 381.03 194.65
357.11 173.29 385.92 189.15
370.66 171.52 383.63 197.42
347.5 175.3 370.4 192.31
354.49 172.42 379.42 190.71
365.07 174.32 380.37 199.11
368.01 176.79 394.81 193.32
340.53 177.48 369.94 194.16
357.36 174.73 372.32 200.8
361.8 179.14 386.63 194.56
344.2 173.41 373.89 191.46
333.31 175.51 365.04 192.72
352.91 182.43 383.23 199.22
345.74 180.01 374.26 195.2
341.23 174.39 364.15 192.11
339.3 172.34 370.28 190.54
370.4 180.56 395.51 195.54
310.39 179.36 347.06 196.2
301.45 177.86 323.43 195.45
308.2 177.62 342.37 194.51
305.12 177.83 329.93 196.04
313.45 176.82 350.18 193.6
316.15 176.29 341.72 195.39
311.0 176.96 336.48 196.25
322.84 174.58 346.93 195.46
305.17 174.92 338.12 190.99
307.53 175.79 330.59 193.71
320.1 173.21 343.8 193.04
297.43 174.46 318.46 193.25
299.01 174.84 330.36 190.24
310.9 174.3 344.45 190.31
325.93 175.75 357.69 193.73
323.73 178.46 356.41 196.17
330.68 174.38 354.64 194.54
325.72 169.66 339.89 197.4
322.93 166.49 336.54 196.7
318.03 179.49 344.35 197.11
313.05 173.25 325.28 198.18
330.06 170.19 343.2 198.36
0.0 173.94 47.283 222.13
91.304 189.45 150.1 211.25
424.56 172.25 445.56 185.17
1.8953 164.52 44.191 230.64
426.53 173.83 447.02 187.04
