608.48 185.23 630.15 190.35
622.63 158.44 632.9 167.7
641.9 181.9 677.22 191.89
675.29 169.92 711.27 204.91
601.76 167.14 625.69 170.98
677.67 170.44 705.0 178.7
589.06 177.27 605.74 191.74
574.18 173.39 604.43 194.86
597.4 177.79 600.77 186.82
732.35 156.99 740.11 178.52
0.0 10.44 187.99 375.0
732.76 152.38 744.48 188.15
543.26 151.89 604.43 187.03
602.44 153.97 609.25 162.15
744.42 145.77 784.49 204.82
0.0 0.0 172.92 375.0
560.53 157.55 602.52 177.02
558.83 155.1 618.63 195.62
673.2 164.56 714.05 205.52
670.16 158.81 712.69 204.89
678.1 160.62 709.64 192.53
670.48 167.04 716.18 197.45
673.03 165.37 714.12 190.34
677.48 159.62 706.76 208.28
675.56 154.62 708.63 212.37
680.0 156.2 703.96 201.72
684.95 157.41 711.42 206.12
674.6 171.29 710.69 208.75
665.87 159.9 720.74 197.84
672.77 160.68 701.3 207.95
679.08 166.19 710.69 199.41
677.42 168.88 704.9 212.76
683.48 163.72 711.83 194.08
674.34 155.89 698.04 203.33
659.87 167.27 713.48 204.5
670.48 177.25 707.84 207.38
669.66 150.57 717.6 195.69
691.0 160.01 711.96 202.31
681.86 153.23 710.99 216.94
683.42 162.83 718.24 186.93
688.56 154.64 710.68 197.55
683.75 166.86 709.96 210.31
663.6 161.28 714.82 211.26
671.07 168.71 711.18 211.91
670.52 151.08 728.86 186.58
670.36 151.62 701.34 216.64
694.17 154.4 712.11 197.95
681.93 151.89 703.76 193.22
671.67 156.79 693.03 205.91
675.14 173.77 700.6 214.37
685.78 150.33 707.6 194.58
673.15 164.82 704.28 200.08
680.42 156.35 727.62 202.04
660.26 173.78 718.48 210.65
673.27 165.71 730.31 202.48
734.17 142.46 798.7 193.18
591.95 174.51 616.18 194.17
589.81 174.63 609.74 191.84
589.73 169.5 618.11 186.64
584.92 173.18 609.53 188.79
579.81 175.67 607.3 192.63
585.58 174.74 605.84 192.14
574.54 173.38 605.75 188.56
582.3 172.6 603.78 189.78
585.46 169.4 612.77 184.4
586.5 168.88 606.79 185.41
588.95 164.75 621.1 183.2
584.63 176.45 610.27 195.35
569.19 176.34 601.24 192.28
582.58 163.7 615.6 180.69
581.25 169.02 603.75 185.87
598.67 171.12 631.36 190.96
607.13 166.75 642.35 185.05
596.39 169.49 628.25 188.43
602.91 166.13 633.56 188.36
612.39 162.33 644.44 178.04
620.92 159.8 637.54 187.01
608.0 161.96 638.84 181.29
591.83 165.71 625.52 185.58
601.97 160.85 639.02 178.67
600.53 159.29 631.89 181.1
633.83 164.19 658.6 181.15
636.67 161.91 660.72 179.71
632.94 162.28 657.48 177.88
633.1 168.18 657.46 185.67
640.98 163.95 665.57 180.01
646.32 162.87 667.43 179.42
639.09 166.86 661.08 183.76
596.97 172.32 624.01 191.14
605.99 167.04 622.86 199.24
597.13 174.52 619.97 193.02
605.54 162.34 621.93 193.44
603.95 167.16 618.5 196.69
601.91 160.71 616.17 194.17
600.64 170.23 619.13 200.62
600.57 163.27 611.22 193.6
677.28 163.97 712.66 184.64
679.54 152.78 704.08 173.43
678.28 158.41 707.91 183.48
687.24 151.88 713.01 174.0
683.85 156.51 712.78 183.18
602.37 169.72 645.78 195.69
608.85 169.03 647.51 192.01
614.13 167.88 648.22 188.46
600.63 171.33 635.25 196.26
601.16 168.04 638.18 192.78
618.73 166.41 648.31 183.8
616.8 171.57 645.83 191.27
593.28 166.46 649.42 196.92
600.44 174.33 627.37 194.58
608.83 166.07 626.3 201.02
626.66 166.08 641.43 197.92
609.34 172.37 642.77 195.12
600.37 177.55 633.13 197.45
614.65 168.33 635.08 201.87
621.53 173.72 647.4 192.85
628.37 169.26 644.66 197.92
624.0 166.89 652.3 184.76
626.76 168.91 651.33 187.43
624.67 162.58 650.53 180.98
619.51 162.45 648.04 177.33
639.17 158.09 652.04 180.77
639.28 160.51 651.44 186.29
635.39 160.72 647.93 185.63
629.94 160.97 643.75 186.27
635.44 157.44 648.36 180.86
625.54 160.67 640.4 186.81
617.09 159.1 648.22 174.18
716.86 142.16 754.69 161.28
720.11 141.36 744.25 163.34
714.17 143.14 745.58 160.83
715.19 145.36 750.08 164.46
718.52 138.64 740.68 160.03
717.63 144.12 741.16 165.65
715.09 142.14 736.58 162.75
720.9 142.81 749.04 167.04
722.48 139.23 735.17 174.09
723.48 139.28 753.67 163.61
714.65 138.18 736.61 159.21
725.22 138.63 738.69 173.92
0.0 211.37 135.14 370.56
628.99 164.66 654.62 183.34
639.37 160.63 663.27 177.08
643.63 158.76 666.11 176.71
