477.94 178.27 532.4 224.03
557.17 169.58 628.99 237.16
426.46 183.25 517.78 244.27
528.07 182.06 547.23 209.36
547.86 184.6 558.9 197.81
470.98 177.59 488.75 191.92
631.65 156.11 654.29 199.4
642.36 187.57 669.51 205.14
211.22 78.01 359.45 362.81
753.15 108.95 1068.3 274.58
733.22 124.65 1060.4 283.12
219.53 64.605 377.85 352.63
550.88 171.44 628.66 241.81
548.74 170.31 613.97 228.32
560.96 165.71 617.94 248.44
563.2 171.56 621.79 232.17
539.74 169.5 633.43 246.4
571.38 164.6 621.59 241.21
562.26 173.59 619.25 218.38
565.2 177.03 613.22 253.4
560.79 185.08 626.44 245.01
557.3 153.42 619.26 255.62
574.92 174.67 622.43 252.6
570.56 163.13 613.32 230.51
576.77 173.6 631.94 223.14
549.5 182.19 615.74 244.45
574.61 187.98 632.06 246.76
559.56 176.8 609.39 222.19
428.27 181.29 511.05 250.27
440.9 178.61 518.43 239.7
441.87 181.79 507.26 230.08
409.26 181.49 522.91 251.45
413.43 186.69 505.43 244.84
427.07 171.39 530.21 242.0
425.35 183.35 500.45 229.49
414.38 196.13 503.57 255.35
436.49 190.29 515.44 256.16
442.06 191.51 504.52 241.86
471.58 175.95 536.52 226.89
486.06 172.51 543.85 218.94
495.1 176.17 544.39 214.42
481.06 179.26 536.45 222.98
462.24 176.49 523.46 218.52
484.99 175.37 518.85 235.44
479.21 173.97 514.84 240.9
492.54 174.6 537.52 205.86
491.35 170.63 524.42 230.17
491.89 181.87 541.54 222.87
478.14 182.88 531.69 230.29
485.21 175.11 534.6 213.93
491.51 175.19 523.61 233.61
458.9 182.66 520.71 242.06
484.82 176.32 515.8 236.98
466.91 182.19 530.48 231.53
472.35 180.82 526.0 215.04
477.92 173.5 538.43 210.2
460.49 181.59 516.51 212.59
484.98 167.36 527.01 224.18
494.06 165.98 531.25 219.21
468.18 182.95 520.08 222.6
466.86 177.8 519.93 209.96
487.38 172.14 525.76 207.14
496.96 171.6 524.13 222.78
478.48 167.11 516.15 226.78
489.33 170.57 519.51 226.64
489.5 188.93 531.38 229.62
472.82 189.89 523.96 232.91
493.22 168.26 516.08 218.54
491.08 182.48 517.73 237.81
489.05 163.88 548.95 211.37
495.2 164.31 514.99 207.88
459.83 186.41 514.11 227.42
481.62 173.54 518.12 207.74
474.47 162.61 534.73 211.52
467.83 161.21 524.47 208.57
483.4 183.24 546.51 230.47
628.85 172.14 666.98 188.84
531.41 175.05 560.88 198.38
534.4 175.3 565.18 195.07
536.95 177.13 569.58 198.96
540.02 175.61 569.72 194.74
534.06 176.51 563.21 203.18
542.16 175.88 565.78 197.64
543.45 177.07 573.4 197.73
545.78 175.36 573.7 194.06
529.52 170.45 548.24 213.63
535.03 171.69 551.65 211.05
548.08 175.75 569.61 196.42
528.92 173.25 560.52 192.8
536.32 170.19 553.03 203.53
538.48 172.07 555.24 210.05
532.51 169.22 549.65 205.27
527.94 169.58 545.04 205.33
537.65 173.39 566.93 192.03
551.92 175.35 575.19 199.25
542.31 172.32 557.6 210.28
544.41 170.8 557.29 200.54
546.16 176.87 572.29 204.58
548.96 171.67 560.69 205.32
529.0 178.83 570.11 206.95
553.64 171.67 564.72 205.89
551.79 169.88 566.63 214.94
547.46 170.04 561.5 212.24
557.16 170.32 570.15 207.77
557.6 167.79 576.8 217.66
540.19 169.45 555.31 199.07
540.45 177.82 569.29 206.9
560.33 169.04 574.9 207.69
549.1 168.04 561.86 199.88
552.63 167.69 565.13 199.91
539.28 170.15 570.44 190.07
531.0 180.38 561.59 210.32
560.97 167.4 573.53 198.85
544.99 165.13 559.23 198.53
564.06 166.02 578.77 199.81
554.79 171.19 578.66 190.3
546.0 170.43 569.96 192.24
550.95 171.08 574.42 191.87
528.19 165.07 544.42 198.76
555.94 166.37 570.14 198.74
520.44 174.76 561.15 203.01
514.41 174.6 555.09 208.18
526.69 176.26 565.61 199.55
517.93 172.78 556.65 199.1
514.32 172.0 548.12 202.42
509.88 171.05 565.3 208.97
519.64 169.05 542.85 216.24
524.42 170.49 545.59 214.62
514.57 170.16 540.4 220.93
517.67 166.18 538.76 212.27
525.66 176.67 560.68 207.85
522.63 168.85 540.26 206.43
511.55 169.26 536.18 217.81
521.64 172.87 554.78 193.75
516.08 173.4 549.81 193.33
509.44 170.89 540.3 225.85
515.43 166.13 534.37 207.67
509.81 167.4 531.37 212.91
513.33 173.35 542.68 196.85
517.83 178.92 556.03 213.14
520.59 167.12 549.96 218.5
509.42 174.63 536.99 226.71
511.34 166.76 544.62 216.98
526.48 171.77 549.6 219.38
520.34 168.17 536.35 201.6
528.94 166.85 557.26 218.68
518.31 174.77 544.47 223.07
537.16 164.08 565.59 217.59
510.85 183.87 548.94 218.61
513.21 166.72 529.04 200.69
525.71 170.78 558.45 190.44
513.52 171.03 547.37 190.39
524.03 165.55 539.53 199.18
517.55 165.41 533.96 198.5
533.06 174.95 551.64 219.89
466.32 176.29 505.59 210.95
479.32 169.82 495.06 211.71
452.57 181.79 503.81 210.89
469.1 176.86 501.83 205.45
487.92 165.5 505.37 208.64
461.38 178.39 498.8 209.45
469.69 170.74 487.0 211.25
472.87 169.26 490.51 208.92
464.66 171.76 481.66 211.21
465.48 177.77 495.32 203.52
454.11 176.22 526.14 235.03
504.94 174.45 549.89 210.13
499.34 171.34 553.68 212.88
500.65 172.78 542.5 207.92
444.16 174.1 495.25 258.74
542.14 174.77 606.26 220.27
538.8 171.78 600.48 212.74
504.23 171.53 545.76 200.49
519.75 170.81 578.89 208.44
454.06 171.87 497.88 250.27
469.14 172.41 506.96 244.93
550.71 174.47 579.64 194.17
548.66 176.31 582.47 197.56
