568.28 173.84 622.6 224.92
403.61 189.39 480.43 230.73
643.08 179.13 662.35 193.42
801.86 173.76 828.25 192.72
806.02 151.36 812.79 187.33
822.6 165.65 853.99 188.53
659.16 153.34 668.62 188.67
807.34 193.35 863.09 197.05
742.91 193.88 790.37 197.46
663.2 152.71 682.71 196.38
666.66 151.26 688.79 196.7
623.58 151.22 701.34 200.14
376.48 150.4 418.53 206.81
453.89 150.8 491.5 204.94
623.65 197.35 697.66 204.01
0.0 132.36 0.55 189.82
340.15 144.21 393.42 226.5
568.34 174.3 625.59 227.3
571.77 177.0 625.34 225.71
564.86 174.39 618.35 217.44
577.23 169.38 616.21 230.78
573.32 174.23 617.38 216.19
575.36 175.08 626.65 217.26
568.92 173.87 608.28 213.93
571.68 168.66 607.97 230.62
575.09 171.81 610.95 208.72
578.97 176.57 627.76 212.47
570.77 172.73 603.14 207.94
579.97 167.08 605.02 222.4
581.11 175.06 621.0 204.93
583.1 168.84 614.82 226.39
585.78 168.97 619.39 228.04
580.61 180.07 629.7 227.65
586.05 174.09 630.54 215.55
561.59 183.67 625.56 231.98
571.91 172.33 629.43 208.39
567.75 178.21 614.84 222.11
574.13 182.71 627.69 218.95
585.49 165.34 606.69 219.75
577.22 172.14 608.51 228.04
559.67 171.99 616.19 206.14
588.07 179.61 630.63 209.48
561.49 178.83 606.82 210.07
585.68 181.27 626.53 222.55
576.9 184.88 624.08 229.96
562.51 163.22 619.55 209.07
555.66 169.52 606.09 211.76
553.02 176.33 610.96 218.96
568.92 191.49 625.19 227.36
587.11 179.71 618.55 235.44
581.02 178.0 610.8 235.48
556.14 191.69 632.01 233.76
576.52 162.45 633.36 205.33
582.3 190.6 635.12 239.23
403.55 184.11 478.04 233.89
417.69 185.17 481.33 225.37
423.46 174.3 468.03 235.06
415.75 187.9 473.55 222.79
399.24 196.93 478.53 239.19
412.12 193.34 471.37 227.72
407.94 180.32 468.7 223.25
396.84 183.5 462.88 235.97
407.79 188.58 462.12 219.03
403.11 196.23 463.58 228.83
397.41 178.36 462.85 212.18
386.8 203.62 474.15 241.98
361.96 166.39 438.41 200.13
343.28 155.06 377.35 245.3
436.64 169.89 502.09 200.03
621.25 167.34 685.22 198.39
627.12 160.43 699.71 194.8
632.22 164.29 692.51 203.43
633.42 166.78 711.18 200.89
813.55 167.45 836.26 185.13
815.42 169.02 841.1 185.81
811.08 173.15 835.02 187.94
814.23 173.56 838.94 188.81
820.24 171.9 845.73 187.74
817.72 173.89 843.26 189.29
822.82 168.41 844.72 186.43
813.56 164.18 838.1 179.93
821.76 174.37 847.62 189.7
825.85 171.0 848.1 187.97
819.49 166.14 846.96 183.84
825.94 164.38 837.55 187.39
810.49 175.49 836.71 190.06
814.86 175.95 840.85 190.77
825.14 172.21 855.57 188.69
826.29 168.79 857.52 186.33
819.0 163.42 840.8 181.53
830.06 166.33 841.85 189.45
823.97 165.82 852.78 183.91
821.94 176.81 849.19 191.84
803.46 156.4 856.14 191.49
812.22 147.42 837.58 201.59
809.42 155.59 867.49 194.04
819.09 148.03 844.75 202.84
614.17 178.0 684.28 212.08
623.87 180.03 699.72 214.27
0.0 139.09 19.381 197.53
0.0 122.78 20.385 180.77
649.78 169.07 677.47 186.42
647.33 172.49 667.84 191.59
644.07 171.44 664.61 190.75
645.6 169.98 671.05 187.39
648.65 172.35 676.39 189.35
652.39 170.91 664.24 198.76
641.97 171.67 654.94 197.8
639.62 172.6 660.74 188.11
644.39 167.52 656.74 195.85
646.25 170.79 657.71 197.4
648.88 165.07 660.38 196.1
803.65 166.78 830.24 184.54
808.71 167.89 832.33 184.78
797.22 166.26 825.34 184.32
794.76 168.36 823.71 186.7
790.98 166.86 820.85 184.98
788.6 169.04 819.16 187.56
802.0 163.45 828.99 179.85
806.79 165.32 829.36 182.14
787.74 166.58 813.84 186.59
797.51 162.59 825.55 179.18
783.56 170.67 813.83 187.99
785.5 169.63 808.73 189.16
786.79 164.83 818.73 182.51
810.2 164.37 833.45 179.57
805.32 169.87 828.45 186.05
785.89 173.26 815.39 189.42
791.6 162.1 821.76 178.32
800.39 172.16 826.66 188.13
792.34 162.7 816.66 181.08
793.94 172.25 821.6 188.58
783.94 161.18 815.15 177.65
785.73 164.34 809.69 184.98
813.62 163.66 826.34 188.31
788.99 161.52 812.86 180.69
792.2 170.58 814.86 188.58
811.31 163.75 823.36 188.85
816.98 164.67 828.36 188.35
807.21 166.93 819.18 192.22
798.01 165.06 810.32 192.69
808.68 163.3 819.54 189.06
802.46 166.21 814.5 192.82
803.57 163.18 814.88 189.42
798.59 160.96 811.33 188.97
783.62 159.51 813.7 174.27
821.37 164.91 832.51 188.17
784.99 175.68 812.89 191.07
795.48 161.19 825.3 175.83
807.92 159.41 820.58 185.53
800.74 162.1 828.78 176.37
809.73 167.58 822.54 191.35
803.72 175.06 831.69 190.02
788.28 159.78 811.08 177.44
797.22 175.04 826.34 190.51
792.06 174.82 821.33 190.73
821.14 168.65 833.09 191.99
806.62 162.67 831.77 176.09
787.65 158.22 842.85 189.29
758.48 174.3 785.13 187.46
762.88 174.45 790.12 188.18
749.22 174.17 780.11 187.18
794.17 165.15 807.16 193.84
790.54 166.0 803.49 194.45
787.26 166.61 800.21 195.59
794.47 160.03 808.04 189.48
790.68 159.83 803.52 189.95
787.12 159.81 799.56 190.71
793.67 168.89 806.73 199.4
787.72 150.15 813.68 206.37
795.78 149.48 820.14 203.19
804.21 148.61 828.78 200.85
635.43 174.27 656.63 193.55
634.01 176.93 654.16 194.79
636.92 177.52 657.94 194.85
630.82 174.67 648.65 192.75
638.31 171.11 652.18 197.28
625.27 175.29 645.35 192.21
634.88 180.74 656.03 197.75
640.61 174.29 660.29 193.23
623.8 177.5 643.97 193.96
638.79 176.02 653.5 201.04
637.48 173.71 657.84 188.99
635.79 175.04 653.66 190.92
629.64 181.13 651.14 198.38
636.41 173.49 649.45 198.45
644.35 175.67 668.44 192.33
641.39 179.79 661.09 196.33
639.35 183.51 660.27 199.15
637.87 170.65 649.01 193.94
633.45 185.36 656.7 200.58
644.13 178.89 668.28 195.08
641.39 175.44 656.14 203.0
643.89 183.52 668.86 198.28
643.32 184.69 663.83 199.82
631.48 171.72 653.5 188.13
639.23 186.81 664.59 201.17
637.55 177.48 651.7 205.46
629.25 172.76 647.73 189.45
643.46 187.83 670.15 201.78
634.41 170.67 642.99 196.23
643.08 178.81 657.62 207.16
647.52 185.6 669.5 200.9
625.39 185.27 650.21 202.5
646.25 177.07 659.52 204.68
653.13 173.71 673.57 192.84
649.22 175.83 675.82 191.76
652.14 178.07 673.06 195.41
635.11 177.21 648.44 207.19
634.04 188.66 654.45 203.39
634.85 191.03 658.87 204.61
623.52 167.27 669.81 204.46
626.06 161.34 680.09 200.92
759.6 166.29 785.41 180.81
753.2 167.4 782.43 181.78
759.26 164.37 783.87 178.0
765.98 165.9 792.01 181.74
763.98 164.52 787.3 179.36
