705.39 183.52 759.19 231.71
696.25 181.14 736.87 221.65
854.86 189.15 1242.0 375.0
516.58 192.82 534.35 196.69
689.81 183.37 710.92 215.11
274.72 171.84 366.38 220.73
771.06 179.61 970.02 298.03
683.31 184.69 699.41 207.19
675.08 191.71 682.12 204.61
688.49 176.12 691.22 179.57
675.66 161.78 687.3 176.09
727.63 177.09 743.16 186.31
731.34 157.79 736.31 183.89
703.42 158.35 730.99 179.67
752.6 186.25 776.17 200.01
1205.13 122.74 1242.0 221.9
755.09 152.27 819.84 205.69
766.45 147.16 853.86 210.97
863.36 200.56 1223.2 366.84
701.74 178.61 759.55 227.55
695.88 179.25 749.93 223.92
702.47 181.09 750.91 225.92
709.69 182.41 757.8 227.89
710.66 178.14 754.31 219.53
710.83 181.68 767.45 235.03
700.36 185.4 740.85 225.94
710.29 176.17 746.59 214.11
716.11 170.37 754.62 236.05
716.92 176.7 746.86 232.21
712.94 173.06 746.61 231.96
715.41 172.07 740.34 226.24
709.62 179.44 748.08 240.33
719.52 176.39 758.76 242.96
720.96 182.75 762.99 227.86
722.83 171.89 747.54 228.88
709.48 178.49 771.12 217.85
720.21 169.03 742.78 221.8
715.01 186.75 766.34 223.31
723.18 178.18 759.94 218.85
708.41 191.67 756.73 234.41
722.65 180.15 753.34 232.33
700.39 173.12 751.86 216.99
713.93 183.0 742.45 235.2
694.07 188.18 765.73 234.48
718.95 181.77 765.01 214.15
720.17 185.79 749.99 236.77
703.44 195.41 739.61 230.92
723.45 180.98 775.87 230.76
717.67 190.92 762.55 235.86
706.67 201.04 753.85 232.55
692.12 188.07 744.54 236.78
700.72 192.1 777.81 239.11
700.61 192.62 758.2 245.12
779.15 186.33 984.57 299.1
270.65 172.87 365.09 226.19
291.98 174.72 370.25 223.58
268.45 182.46 356.66 228.97
282.13 173.04 365.18 213.46
286.45 183.6 368.83 232.39
281.84 183.28 346.43 217.1
291.4 180.15 349.51 213.01
267.09 169.73 357.25 211.33
754.54 157.07 842.99 196.25
739.19 158.02 828.0 196.04
735.15 165.96 816.77 202.96
747.13 165.81 833.11 201.8
1224.7 128.12 1241.0 229.63
1224.3 103.12 1241.0 206.02
1190.4 121.13 1241.0 234.1
690.91 180.54 731.89 216.38
686.29 180.17 723.88 213.5
692.85 179.15 738.77 218.24
696.31 181.55 738.44 220.28
687.64 177.9 730.39 216.28
702.06 177.73 737.42 213.4
696.68 185.91 724.82 216.22
697.21 177.37 719.27 220.8
706.11 174.69 733.85 226.92
702.99 175.27 728.21 223.47
709.83 178.62 738.71 229.55
678.53 179.08 727.54 212.31
700.75 179.8 721.99 223.65
677.03 181.14 719.75 210.13
699.32 187.15 730.29 222.46
695.19 179.15 722.41 208.04
706.41 177.36 737.68 233.31
704.69 173.58 725.17 217.87
689.13 183.17 717.49 212.67
708.85 172.02 729.87 220.14
703.09 181.89 729.84 231.63
712.89 171.47 734.98 221.57
700.59 185.55 718.36 225.04
701.98 176.92 726.85 224.96
701.98 177.88 727.46 206.74
698.82 190.27 722.39 220.95
699.48 173.64 717.33 213.37
703.36 171.88 720.3 212.86
688.31 179.33 721.48 203.55
706.46 177.96 732.63 206.63
706.78 170.49 723.47 212.9
711.52 177.77 739.04 207.25
696.03 178.08 718.7 224.21
715.33 170.75 732.75 213.92
711.07 171.21 727.31 212.59
706.33 184.34 736.67 233.71
699.44 175.36 730.32 238.23
695.23 167.1 729.08 224.45
684.42 173.88 738.12 207.55
702.02 166.67 736.44 227.31
707.39 178.02 741.92 203.11
702.64 186.32 721.54 229.45
699.84 176.71 724.05 201.99
713.27 177.62 751.05 202.39
699.11 172.05 756.13 206.67
689.25 166.93 720.52 220.59
692.67 177.76 717.62 202.07
685.49 180.34 731.4 229.48
699.91 195.91 721.38 223.52
705.88 167.47 720.63 202.62
698.08 193.5 734.62 226.32
708.51 167.58 723.48 203.67
709.98 191.16 738.28 235.99
712.17 166.49 726.44 203.35
701.26 197.31 729.07 228.01
684.44 190.44 717.63 215.05
676.35 162.25 730.47 206.43
685.58 179.99 716.06 208.91
678.76 180.25 705.8 206.27
693.33 174.73 715.57 219.6
673.62 178.27 698.61 203.33
674.48 180.16 712.8 206.48
691.17 175.57 709.1 216.75
670.9 177.23 692.5 200.74
687.25 174.99 703.54 215.0
685.12 176.23 699.06 209.0
681.99 175.24 695.71 208.13
697.41 180.97 714.81 219.29
695.17 173.66 713.08 213.66
683.68 180.74 712.34 202.62
692.1 175.95 706.45 211.21
688.93 175.43 701.62 209.57
674.79 178.3 694.84 199.24
680.48 174.14 692.93 201.98
677.69 176.16 693.38 209.24
692.2 187.58 715.6 215.08
679.68 179.04 699.38 199.75
685.39 173.96 696.97 204.19
670.72 174.2 728.54 207.32
688.98 173.8 711.43 223.33
681.57 184.3 708.27 212.47
685.72 178.82 705.64 200.86
706.1 175.33 730.07 200.97
689.71 178.77 711.43 201.86
677.6 176.66 702.08 195.13
694.95 184.56 708.46 223.31
689.4 180.36 705.06 218.27
695.38 175.42 726.26 196.92
686.95 188.84 710.91 214.2
679.01 185.72 715.9 212.74
682.49 165.36 711.54 219.87
693.07 194.19 713.76 218.75
687.43 176.71 715.17 196.73
678.11 169.34 702.61 220.54
701.9 167.07 715.88 202.02
701.46 189.81 715.4 231.09
700.89 173.82 724.8 195.12
682.16 178.23 698.35 213.16
680.99 166.19 693.54 197.67
698.5 187.18 712.49 228.05
689.73 184.36 704.39 226.5
695.97 197.99 716.79 222.31
672.04 167.71 695.93 224.32
677.3 173.67 690.64 203.81
668.06 178.27 695.94 198.3
674.46 173.08 687.19 203.54
671.37 176.68 697.11 194.77
675.04 168.7 688.54 200.21
671.84 174.39 691.43 194.66
672.24 173.84 689.26 209.69
670.55 173.61 684.58 207.1
669.26 180.13 702.11 206.13
666.02 177.67 687.63 198.71
671.41 173.92 696.57 191.0
667.93 180.44 691.48 206.89
674.88 174.92 694.72 194.21
672.2 168.46 684.96 199.47
666.45 176.51 692.14 194.62
671.21 171.13 690.26 190.5
668.82 183.19 695.57 209.84
667.4 178.45 710.42 219.85
703.35 174.37 733.7 196.09
714.03 174.28 749.25 195.38
708.23 174.63 740.09 196.11
515.31 180.53 545.18 198.21
509.69 178.99 538.16 199.45
511.81 182.27 543.12 200.02
523.2 180.18 546.83 198.15
519.29 183.2 546.19 199.92
511.37 177.76 542.65 196.75
520.06 179.97 535.08 205.13
505.08 183.82 537.95 201.93
503.17 181.34 535.84 199.48
513.36 184.85 540.68 202.28
522.31 175.7 535.67 202.6
519.61 178.63 546.15 195.16
516.53 179.49 532.86 205.54
524.97 178.2 537.42 203.19
528.51 178.44 540.49 202.42
519.47 174.83 532.9 202.83
525.52 175.51 539.52 199.0
523.95 184.43 552.41 201.22
515.99 187.4 545.57 203.21
510.08 187.89 542.03 204.33
514.58 177.05 528.67 204.63
507.22 177.46 531.34 198.53
527.81 182.29 551.36 199.34
530.52 178.49 543.29 202.39
508.12 185.64 535.78 203.85
515.41 175.86 546.02 191.51
503.25 178.7 527.91 199.48
511.7 175.44 524.18 202.16
501.92 183.4 529.68 202.21
503.01 176.26 534.92 195.92
522.74 177.19 552.16 193.99
509.7 180.71 525.06 206.77
523.68 181.39 538.91 207.91
501.89 188.61 537.08 206.15
504.23 186.81 531.85 205.0
509.72 175.41 533.7 194.75
508.37 174.63 540.44 192.07
527.66 181.38 542.48 208.32
513.5 181.82 528.62 209.36
497.65 177.75 522.54 198.87
506.11 191.4 542.4 207.45
534.53 178.33 546.5 203.56
530.65 180.09 545.47 209.55
512.58 191.0 546.9 206.43
506.51 178.96 521.4 207.31
521.71 174.53 550.94 191.2
523.6 188.23 554.22 203.74
727.22 177.79 754.06 205.0
715.04 175.3 741.51 201.23
734.2 178.9 758.29 203.62
721.63 174.68 749.27 199.72
724.0 178.32 758.39 200.44
720.03 166.19 736.71 205.34
716.39 165.66 731.44 203.19
729.68 175.26 755.05 198.49
727.33 166.6 744.41 203.42
720.95 174.91 756.01 194.37
661.31 178.86 689.75 197.26
743.83 167.13 758.7 209.49
674.1 160.79 687.71 197.07
828.09 180.8 1135.6 358.05
776.48 170.34 1241.0 375.0
794.85 176.2 1044.0 335.62
799.15 192.08 986.91 271.06
