576.88 191.41 666.45 260.1
290.62 182.62 369.97 228.47
123.42 187.82 267.3 249.51
406.82 172.2 444.93 276.1
679.09 194.37 698.06 225.99
386.82 186.16 507.38 244.69
497.63 193.66 535.71 231.2
548.21 191.42 572.13 208.62
583.53 190.43 622.79 225.94
607.09 192.81 624.77 196.62
518.79 192.27 554.77 219.72
650.91 188.61 700.81 221.28
406.76 165.52 432.79 195.23
576.46 166.75 585.74 201.3
431.96 167.23 436.51 189.16
690.59 160.91 787.26 256.88
491.22 192.73 516.8 230.09
485.44 191.55 492.02 195.23
797.69 192.79 826.19 206.58
795.92 175.46 801.29 193.53
382.63 128.17 433.93 281.67
243.9 196.91 322.87 311.2
142.04 125.18 191.66 280.16
695.76 175.65 771.26 252.94
677.39 176.5 778.78 249.24
673.72 159.84 789.87 254.01
114.47 193.33 266.81 259.51
121.13 194.61 256.68 256.39
125.44 205.98 281.75 268.61
106.18 170.5 256.5 256.56
584.8 193.33 667.28 264.66
582.41 188.02 655.38 255.01
595.24 186.85 655.42 243.27
577.82 187.9 668.69 265.64
563.62 184.54 675.5 250.19
587.29 197.97 649.91 252.24
565.9 181.34 652.82 261.03
583.5 199.4 672.43 276.86
586.58 203.38 656.91 271.49
559.63 206.33 685.64 277.33
399.88 189.64 499.46 245.31
380.57 184.12 508.0 256.78
392.8 185.79 490.54 237.28
402.11 196.58 511.47 253.96
404.51 184.22 525.62 244.21
405.22 186.03 491.51 224.85
392.97 205.76 499.56 258.83
398.41 174.32 515.21 252.84
251.2 200.32 304.64 293.27
402.19 178.62 444.93 290.15
410.66 175.03 451.79 281.3
396.9 173.31 439.15 274.81
417.26 180.89 459.52 278.33
391.32 183.71 454.95 276.01
390.23 180.12 434.24 281.33
408.75 174.73 444.56 256.77
416.7 175.0 451.29 256.48
423.49 174.76 458.92 256.21
402.5 173.83 453.45 290.69
388.19 191.64 447.87 287.67
282.1 182.96 369.35 233.87
301.12 182.92 375.07 222.33
289.57 180.75 369.95 217.26
296.87 188.6 375.79 233.29
274.86 184.6 359.04 224.06
278.6 177.67 362.96 213.79
307.33 169.87 351.05 230.58
285.4 174.83 353.8 222.11
273.8 195.76 360.63 235.02
282.56 172.74 381.12 238.38
128.5 144.92 200.25 268.95
488.22 192.32 550.41 221.14
482.26 194.78 543.52 225.52
489.19 189.25 550.06 214.16
500.0 185.74 553.4 215.75
494.46 197.54 549.46 225.01
489.45 197.04 538.21 228.59
492.11 182.57 517.88 238.18
491.83 178.98 520.85 227.61
499.31 177.25 528.11 228.48
507.97 179.47 534.81 226.93
516.19 181.93 540.23 226.62
665.57 188.8 707.16 224.39
662.03 188.4 699.17 221.98
656.08 183.88 711.14 222.71
642.21 182.94 686.31 207.95
658.19 182.39 695.37 218.5
659.29 184.24 709.11 218.75
649.58 183.81 693.51 210.28
653.17 184.24 700.11 214.95
663.13 185.79 704.96 211.29
654.1 182.91 686.86 212.54
666.75 182.78 686.9 227.29
646.19 182.14 681.84 213.29
646.99 181.9 699.35 220.54
637.73 184.57 697.22 216.91
670.67 185.16 688.94 229.68
662.62 179.56 681.84 223.47
669.47 194.6 699.07 222.87
656.91 182.63 697.02 206.48
643.77 185.4 688.96 214.36
668.73 180.41 697.22 230.8
648.13 187.42 708.2 228.8
391.82 185.44 420.87 210.87
401.8 179.06 416.3 215.12
415.73 181.75 445.23 212.35
387.49 185.31 417.96 214.72
416.79 179.34 441.03 208.0
404.1 183.22 434.83 211.23
409.92 181.6 440.19 211.61
420.94 181.31 447.24 209.12
390.41 185.32 430.87 204.22
671.14 190.71 715.73 229.82
674.28 195.27 709.47 227.41
671.17 184.54 711.69 222.54
675.79 187.76 702.12 235.31
681.6 191.27 702.67 233.65
678.13 182.71 705.56 232.27
674.16 189.65 696.01 233.61
681.45 187.08 707.64 236.7
687.67 184.75 717.17 239.92
681.19 183.46 710.49 234.2
672.34 186.37 712.02 211.68
686.8 188.39 711.38 237.59
672.29 178.3 695.17 227.03
675.3 178.89 701.12 228.49
679.14 199.58 707.01 226.65
673.08 179.25 707.27 233.68
686.26 182.41 716.07 239.02
677.39 193.77 695.19 230.93
681.51 197.43 711.69 229.69
677.79 184.86 704.97 235.34
594.9 182.87 627.92 214.65
578.19 188.17 639.78 245.58
590.59 186.17 626.75 220.73
579.54 183.23 633.3 232.0
598.82 184.03 627.04 208.92
597.64 186.18 630.19 218.93
579.06 191.16 617.76 224.41
588.4 183.47 622.48 216.35
594.91 185.21 631.32 207.08
584.94 193.84 622.18 227.14
601.83 183.3 631.66 213.78
581.29 189.06 628.55 218.69
602.58 177.26 620.97 221.27
578.13 187.93 625.32 236.22
576.04 196.53 624.66 225.07
580.09 196.68 613.39 229.43
582.45 183.69 617.33 217.57
598.77 179.63 618.53 228.51
594.05 193.33 629.53 226.29
582.36 184.85 622.21 208.35
589.31 193.28 634.56 220.5
579.0 186.34 632.49 218.22
592.53 188.49 615.44 238.68
585.67 181.21 607.08 229.53
578.82 186.38 624.16 213.93
601.22 191.3 635.45 223.59
578.41 188.26 610.46 220.43
593.03 189.24 635.2 216.45
600.81 185.8 622.82 243.43
585.3 182.71 615.69 211.59
603.09 182.92 620.29 231.24
582.28 189.17 604.91 235.81
602.19 178.1 617.69 216.18
598.1 186.92 617.04 236.56
585.71 186.53 637.03 225.26
594.91 180.55 613.83 227.21
590.95 196.99 639.23 223.16
588.93 190.17 611.02 238.89
594.03 182.61 621.04 207.74
565.11 182.8 609.54 206.65
579.78 182.73 610.59 212.19
583.6 178.76 603.69 221.78
589.48 185.11 609.22 230.15
597.64 176.36 636.43 245.12
572.2 190.56 620.14 218.38
591.97 176.56 625.05 237.95
588.94 180.78 618.2 235.61
585.59 190.29 630.63 243.31
565.37 183.53 625.37 217.85
575.09 183.99 620.32 228.71
573.71 184.94 616.51 207.84
571.54 180.64 604.42 207.8
586.6 197.85 622.15 234.51
598.67 177.7 612.89 214.76
600.65 190.85 641.43 214.96
592.62 177.23 607.85 216.46
581.78 198.09 630.36 227.54
570.87 187.01 611.23 210.28
574.76 190.29 612.12 213.88
574.33 180.33 633.43 212.04
574.49 200.4 624.24 231.44
587.01 192.26 608.05 245.19
584.82 182.88 611.13 235.33
595.09 179.87 622.31 228.54
577.45 193.62 613.98 218.14
596.07 197.55 632.92 238.05
587.75 176.58 603.77 214.87
601.11 179.56 628.15 231.23
581.64 177.41 610.46 228.08
587.22 174.43 619.59 222.3
600.41 172.7 630.08 223.89
514.89 187.75 569.8 211.68
520.21 185.85 572.58 207.6
507.25 189.59 564.2 216.34
504.76 186.15 562.28 208.71
526.7 190.44 571.48 211.52
500.28 193.52 558.0 222.23
500.27 185.72 550.77 204.86
528.71 184.57 567.44 206.47
519.15 193.04 563.19 216.05
522.82 181.49 547.15 226.49
474.39 184.74 501.52 247.15
481.25 187.39 508.38 244.44
472.31 177.53 504.02 233.21
488.0 187.05 514.16 243.27
482.38 176.44 512.64 228.79
545.76 181.8 591.35 203.74
542.3 184.94 584.56 206.47
532.34 185.53 578.72 206.64
541.41 186.94 577.81 208.71
537.78 183.1 579.69 201.65
564.68 178.43 601.02 204.81
582.65 176.25 600.18 214.9
777.77 175.18 819.62 195.13
591.82 183.38 626.79 204.03
607.36 184.16 635.94 213.0
599.61 183.78 623.96 203.33
604.66 186.48 637.72 206.6
600.98 184.97 630.79 203.8
608.32 180.86 621.39 215.94
604.92 178.18 619.91 211.04
612.47 184.43 640.99 213.0
618.64 185.51 643.73 208.85
612.17 180.61 624.47 215.49
606.18 184.93 635.28 202.91
610.48 185.32 633.76 205.65
621.8 183.2 644.71 204.6
607.6 187.1 643.95 209.67
613.04 184.54 641.72 202.28
616.39 184.36 639.24 205.35
621.12 179.52 635.37 215.23
597.94 182.78 627.23 199.41
616.76 180.59 629.25 214.37
608.95 178.75 621.85 205.81
625.72 178.22 640.34 208.98
473.62 175.51 488.85 214.37
465.54 176.74 479.26 212.53
476.47 174.4 492.54 214.59
470.04 175.07 484.16 211.91
385.32 145.41 453.05 279.78
370.13 137.95 443.29 277.61
383.47 111.82 450.45 262.81
448.82 192.56 527.87 236.11
482.92 188.48 555.78 223.1
469.11 190.42 542.32 228.68
416.41 193.29 511.38 244.42
440.12 189.56 516.24 241.95
494.18 190.09 558.7 217.92
496.57 187.04 563.35 217.33
671.68 185.28 720.89 228.29
398.95 183.14 482.46 253.56
586.23 182.86 645.75 237.33
463.8 187.93 533.48 223.33
554.49 180.16 604.56 203.0
395.48 181.8 468.87 266.45
677.79 193.55 721.55 231.15
598.01 178.79 651.99 267.67
675.74 188.38 727.22 234.04
683.5 184.58 739.31 235.67
