261.26 191.7 424.27 247.21
532.42 166.02 542.01 200.35
440.1 149.91 453.01 208.26
470.96 152.59 484.81 196.71
453.23 174.2 462.92 200.26
453.45 188.65 461.26 197.61
435.45 188.07 440.94 197.11
0.0 137.06 70.92 224.99
943.8 166.14 956.1 175.56
234.33 188.91 268.7 232.68
944.05 148.65 953.03 163.92
0.0 151.95 70.623 233.4
0.0 135.95 73.058 217.19
251.15 191.56 429.78 252.28
268.37 195.07 428.76 247.21
260.25 194.83 407.03 258.6
456.88 167.48 472.57 207.08
449.15 167.21 463.89 207.21
453.19 166.84 468.27 207.63
446.04 166.74 460.4 208.72
452.92 159.48 469.16 202.79
449.63 159.37 465.24 202.9
442.04 161.92 456.15 206.6
445.77 159.62 460.81 202.47
456.3 155.41 472.1 201.34
442.01 168.01 465.18 195.14
444.89 164.68 469.74 193.11
460.15 168.31 475.76 207.46
452.07 170.84 476.6 199.77
464.31 169.21 478.35 208.2
469.08 169.56 482.39 208.63
472.75 169.93 487.31 212.15
477.23 171.0 491.72 211.22
454.3 168.64 479.01 195.89
482.32 172.35 495.74 209.62
465.18 159.27 478.86 203.3
459.18 169.06 481.63 195.1
461.0 155.62 475.38 201.37
469.13 159.36 482.82 202.8
476.67 164.78 491.28 204.59
465.14 149.3 480.12 196.72
472.4 159.21 486.89 202.22
489.89 166.75 504.22 203.79
250.6 182.51 284.57 251.67
245.49 179.93 274.29 250.17
518.5 182.39 554.08 200.8
525.34 182.05 557.69 199.61
516.0 179.67 530.0 210.5
514.61 179.82 552.76 197.28
517.3 176.09 532.04 204.76
513.58 176.04 528.26 204.68
521.85 177.9 533.47 207.62
521.39 176.02 535.19 203.49
526.04 175.32 538.96 202.64
530.33 176.64 543.15 202.34
530.13 179.11 541.41 206.08
528.8 180.19 560.34 196.38
526.31 178.54 537.14 207.28
533.37 179.14 545.07 205.38
533.68 177.1 546.81 201.84
537.0 178.54 549.01 203.79
524.54 181.38 536.59 209.33
540.24 177.27 553.32 203.17
518.1 181.28 533.8 209.84
531.29 183.67 558.42 201.16
544.65 177.56 556.29 203.57
538.06 175.07 551.48 198.62
542.13 174.02 554.79 198.8
551.47 175.16 560.57 200.38
549.47 176.62 560.32 202.67
512.49 181.79 532.15 212.97
543.35 179.97 556.93 207.88
546.49 173.61 557.33 199.23
526.33 181.98 542.0 208.26
514.92 168.82 538.25 209.01
513.61 170.56 537.33 219.35
514.33 162.72 543.08 206.54
521.41 164.21 545.9 210.5
938.14 154.54 964.18 180.24
944.54 146.48 961.16 192.79
444.64 171.28 459.43 214.4
441.48 171.6 455.87 215.67
444.61 170.45 468.55 199.48
454.44 174.56 479.56 202.54
443.25 175.15 480.24 200.01
448.18 173.34 473.11 202.29
448.42 168.08 473.15 195.83
458.05 172.88 480.93 199.49
446.32 172.41 481.85 196.22
441.93 173.54 464.52 203.19
437.95 173.11 451.65 218.18
440.41 171.88 475.72 195.97
443.66 169.42 479.28 191.4
450.65 165.24 475.38 192.7
456.7 177.39 482.8 204.27
439.56 170.76 461.41 199.32
437.49 176.68 460.94 206.79
448.22 174.06 463.94 216.54
437.57 175.48 473.06 199.34
433.61 172.48 447.24 219.68
459.53 175.43 477.31 215.01
497.94 181.99 542.71 203.34
508.11 182.9 551.88 202.07
489.63 183.65 537.81 204.87
493.3 180.73 530.46 204.24
