658.93 180.02 711.59 225.13
313.99 172.77 512.48 296.86
740.13 185.42 1088.64 375.0
710.63 174.42 837.87 276.46
508.48 185.56 561.57 224.91
647.87 179.3 677.28 210.48
653.04 187.23 663.26 216.89
643.63 177.59 663.53 195.35
558.44 195.31 575.84 199.73
650.91 195.31 654.21 210.36
535.73 175.28 545.47 187.93
655.87 194.05 659.16 216.6
505.09 193.14 519.2 207.49
662.19 162.02 666.06 176.28
665.97 153.73 668.31 179.36
692.05 173.17 699.15 181.53
487.16 150.74 538.42 191.79
332.71 181.18 517.07 310.75
301.15 178.15 523.09 313.2
741.92 194.67 1074.0 371.14
719.82 179.88 846.32 277.74
721.53 190.97 828.88 289.67
729.04 192.75 825.95 280.21
719.76 177.26 818.34 264.77
490.27 170.37 553.92 204.99
478.42 157.55 556.34 194.67
483.82 168.84 541.89 206.72
492.63 159.12 553.28 199.51
651.75 176.26 711.26 224.48
647.11 176.84 700.71 219.25
659.78 177.9 707.18 218.02
645.26 177.18 691.76 216.23
653.0 179.87 701.21 220.7
658.74 176.76 721.81 220.66
664.0 169.98 696.11 228.68
667.84 167.75 703.87 228.15
671.1 170.14 696.38 221.81
669.91 174.73 709.88 213.98
647.14 181.58 720.54 227.83
665.29 175.63 697.87 207.62
662.24 180.85 713.53 224.69
659.98 172.05 701.64 240.97
671.02 176.29 728.18 214.04
654.67 177.01 698.27 206.13
674.87 167.28 693.51 216.21
663.24 177.35 706.27 206.15
672.64 174.57 704.06 206.67
668.04 179.76 717.21 211.26
653.1 173.83 708.45 209.17
653.57 170.91 694.42 242.94
656.02 184.43 704.99 226.45
671.76 176.62 701.38 230.91
676.64 167.05 692.13 207.36
663.27 190.19 708.93 228.85
676.71 163.45 710.6 222.81
662.38 174.37 721.24 209.25
666.29 173.98 694.21 229.03
676.77 182.04 705.11 233.88
650.74 193.44 703.2 225.74
651.62 184.83 708.92 232.06
650.51 160.77 706.19 210.15
665.19 177.78 720.27 232.83
643.03 192.16 719.33 233.02
503.83 182.47 559.12 226.33
507.99 183.63 556.94 226.44
511.7 184.38 561.08 216.86
503.31 180.44 556.76 214.84
522.41 183.5 556.33 214.78
525.74 184.43 559.97 205.44
512.35 178.22 566.12 211.02
507.16 183.76 553.03 212.37
517.23 184.2 559.19 208.48
514.19 173.57 550.52 232.39
516.94 181.34 574.18 217.03
514.94 177.57 541.89 228.25
501.81 185.93 551.11 220.07
522.83 177.19 576.23 207.31
519.62 179.53 548.71 228.66
523.32 177.04 552.9 225.17
490.27 181.46 561.21 231.66
505.1 183.18 549.62 205.42
510.31 179.94 548.99 241.07
508.34 171.95 541.71 231.75
527.56 188.23 563.77 214.28
518.55 181.78 552.41 206.18
492.0 180.5 550.91 222.39
523.47 173.46 552.82 228.18
511.21 181.06 546.9 207.55
505.2 193.84 560.54 227.18
519.69 180.17 550.72 238.93
525.64 176.47 545.79 218.93
496.41 173.3 554.02 212.61
523.57 189.34 561.63 218.94
511.63 173.11 571.37 204.92
527.51 168.6 556.01 220.82
517.17 183.33 545.47 235.96
500.93 184.69 543.8 212.94
500.76 173.41 562.74 206.49
528.32 174.66 545.74 211.13
528.36 183.32 556.62 229.24
508.4 188.71 570.17 229.05
497.15 191.55 567.97 234.07
529.44 183.04 561.53 202.39
536.11 182.04 559.51 204.0
550.21 174.69 562.08 202.91
543.66 176.29 562.51 197.92
534.86 181.42 563.92 199.23
546.53 172.65 557.89 203.78
527.49 182.59 554.04 200.83
543.7 174.74 555.08 202.68
521.05 181.54 553.47 198.31
537.6 177.21 551.9 207.9
540.09 174.68 552.23 201.81
520.72 173.1 537.31 206.52
536.39 177.98 556.43 197.54
535.53 176.85 562.7 193.86
542.86 173.48 562.54 193.87
534.55 173.93 548.95 203.21
516.78 172.15 532.39 207.52
524.97 173.02 540.4 204.18
530.16 172.65 545.59 203.34
527.27 177.95 551.37 196.22
543.34 166.68 555.71 200.68
521.01 178.21 548.49 195.76
637.8 175.93 681.36 212.06
642.75 174.49 690.82 215.56
633.9 174.71 674.41 208.66
631.47 175.12 666.85 205.9
647.91 171.67 672.01 220.52
631.64 176.52 659.28 202.38
655.15 171.41 680.37 222.53
644.87 169.54 668.23 218.31
642.79 176.49 687.28 207.15
651.92 173.15 675.27 222.19
660.12 171.03 683.76 221.68
664.54 169.33 687.51 222.6
659.76 172.25 689.86 227.19
636.54 173.7 672.54 200.08
642.28 170.28 663.59 215.53
636.31 174.99 663.09 199.19
641.65 174.48 676.96 202.81
636.16 180.94 688.61 214.09
654.51 172.92 679.62 223.91
635.01 176.13 657.78 197.65
639.09 170.71 657.34 212.2
653.21 171.37 672.65 214.53
667.26 167.8 684.6 217.33
633.51 174.36 683.07 212.96
653.79 165.95 689.6 221.16
662.64 168.91 678.85 216.42
657.9 170.84 675.17 214.94
646.78 169.86 666.63 208.48
646.91 174.3 684.36 199.71
647.18 164.96 680.79 217.38
646.21 168.48 672.33 217.97
650.52 171.17 670.12 210.06
644.25 170.55 661.51 204.67
646.13 183.26 682.12 217.25
635.85 174.1 668.91 193.52
664.5 168.25 677.95 207.08
663.14 174.73 691.32 200.85
656.62 174.84 685.35 200.15
633.4 174.19 661.03 191.98
659.57 169.44 674.27 206.76
657.64 176.39 687.44 228.24
642.95 174.73 678.16 193.95
657.78 174.83 694.92 196.85
637.65 181.1 673.64 215.53
648.95 186.49 689.81 224.0
641.17 166.06 667.63 217.01
649.38 173.59 683.53 192.77
650.41 181.01 671.25 225.76
638.83 174.7 659.79 218.7
632.77 180.75 662.69 209.96
648.32 168.84 664.45 200.85
644.93 168.18 659.01 198.69
633.63 162.41 689.74 209.95
628.96 182.26 688.59 218.18
553.81 180.69 580.32 203.2
550.49 179.79 574.9 200.44
549.65 182.62 577.18 204.69
554.52 179.34 578.5 199.0
545.64 180.84 570.63 202.91
552.09 177.82 577.34 195.53
558.82 181.53 581.09 201.17
540.23 183.92 566.9 204.27
546.91 176.45 567.42 197.5
542.33 179.82 567.78 199.19
547.61 176.13 572.24 194.27
559.45 176.36 576.09 203.72
557.49 178.43 581.07 195.23
543.37 186.39 571.37 208.05
556.51 178.65 572.21 209.71
566.21 179.27 589.32 198.65
561.81 180.16 577.13 206.57
539.2 185.0 562.78 208.57
553.4 178.45 568.41 209.85
569.56 181.24 592.64 198.55
552.97 185.83 579.59 204.6
558.72 181.53 575.32 208.33
541.69 176.4 567.16 194.36
552.58 176.09 576.18 191.46
562.68 178.03 583.42 197.95
549.42 178.55 562.72 210.37
538.55 177.61 556.58 217.98
565.76 183.73 586.3 201.17
543.74 179.66 558.65 215.34
539.42 187.77 563.41 213.98
566.21 178.12 578.07 204.65
547.41 188.16 576.76 209.01
566.97 177.22 591.07 195.21
540.69 189.04 568.93 211.46
547.25 181.13 562.68 218.99
550.93 178.65 567.4 216.48
572.79 175.79 582.82 202.64
636.6 173.21 653.27 208.45
634.24 173.89 648.27 203.12
638.25 173.06 652.05 202.45
640.9 171.47 655.82 203.41
638.79 169.19 651.26 196.92
641.5 168.66 654.47 198.76
518.57 174.79 538.32 220.96
517.14 174.4 533.95 214.71
506.19 182.66 537.01 210.89
508.09 175.65 527.12 222.56
513.98 174.05 529.19 213.97
626.49 178.28 647.53 196.6
631.85 176.79 653.83 196.77
627.64 179.36 678.91 210.69
626.04 175.25 644.91 192.88
631.33 174.55 652.61 192.59
677.39 174.4 705.38 198.67
673.52 174.63 711.48 194.3
726.58 177.94 996.5 353.73
729.99 178.72 836.53 227.48
685.23 171.49 1169.9 375.0
713.84 183.88 853.63 248.52
818.7 182.17 1099.3 353.95
