815.49 192.27 853.11 206.22
363.56 158.98 544.78 245.09
1038.49 190.11 1181.69 262.34
1027.75 76.52 1242.0 375.0
848.17 194.06 876.82 198.85
1053.57 136.08 1135.16 240.88
1163.06 166.51 1242.0 225.06
771.85 150.48 864.39 193.66
1190.22 137.51 1231.81 224.09
1025.6 78.518 1241.0 375.0
369.37 159.13 549.15 250.98
771.17 168.14 849.6 202.85
765.69 158.09 851.76 195.66
1041.1 174.61 1166.0 242.56
1167.2 151.79 1241.0 237.89
811.83 176.58 854.73 204.05
822.61 175.71 856.18 201.9
803.35 175.18 859.32 205.94
811.91 182.68 848.82 206.17
810.09 175.26 851.89 198.48
829.9 175.27 856.49 198.99
828.52 172.92 847.12 207.98
832.0 172.51 851.26 207.19
823.32 175.62 844.26 211.58
817.74 175.8 857.66 194.31
811.07 176.2 840.34 202.87
818.6 183.01 853.85 204.46
820.24 179.21 841.44 212.43
798.0 176.24 864.51 211.21
833.36 177.85 858.93 199.81
816.57 173.8 848.85 196.59
809.94 188.5 850.61 208.24
809.74 172.97 848.82 192.78
829.54 180.48 857.33 204.0
829.51 174.59 859.64 192.68
812.31 172.55 841.82 195.36
801.64 184.75 862.79 217.58
1064.4 146.15 1121.1 257.34
1060.3 118.59 1125.6 254.27
839.94 179.24 864.27 200.0
1172.0 134.63 1241.0 219.58
1186.7 125.07 1241.0 233.14
1095.2 186.9 1223.8 291.11
1089.0 182.97 1202.6 276.39
1058.2 180.09 1123.7 233.49
1077.2 180.95 1184.6 267.19
1051.5 181.79 1120.3 223.14
937.87 180.15 966.18 195.26
1061.0 186.37 1137.6 235.89
1065.3 181.75 1190.3 249.77
