672.41 172.54 706.11 199.02
476.32 183.26 505.12 193.19
682.43 172.71 779.52 208.39
662.14 177.2 690.15 195.46
101.52 170.04 271.55 243.74
462.71 186.43 472.6 195.59
0.0 158.23 118.13 291.95
547.7 155.63 579.51 195.22
575.79 162.35 685.85 258.17
516.99 184.29 524.15 188.83
682.62 151.28 729.51 170.08
439.71 173.14 457.82 222.82
442.65 150.97 472.86 169.85
458.42 151.7 483.29 170.27
693.76 153.4 702.46 170.74
266.04 203.15 330.56 223.09
442.82 167.03 455.93 171.37
620.44 170.48 637.48 175.59
410.79 150.09 461.73 177.75
719.62 153.07 751.59 162.18
0.0 114.05 66.73 228.67
0.0 129.11 47.323 227.68
0.0 111.03 48.69 212.57
4.6079 172.34 125.59 280.52
18.463 163.96 103.57 306.68
585.55 171.91 682.62 264.62
589.55 173.94 685.31 258.4
574.74 165.54 700.93 241.36
590.5 159.75 694.7 253.3
575.21 181.33 676.35 249.99
574.73 159.33 670.23 253.76
568.77 146.56 683.38 240.74
102.37 179.19 257.99 248.95
682.46 168.19 771.06 203.85
689.61 171.99 786.07 206.79
693.37 169.96 764.21 198.79
687.2 165.61 785.64 198.89
699.04 164.87 780.07 205.53
675.85 172.43 773.41 211.19
689.59 159.54 777.98 190.29
679.68 156.34 784.24 227.64
259.73 188.92 336.98 229.99
280.09 183.26 346.01 215.49
276.77 187.85 340.81 221.99
273.89 183.37 332.25 210.58
423.74 175.6 459.87 206.11
438.44 169.68 454.62 209.07
426.33 165.49 445.93 204.88
422.68 167.4 442.86 209.4
434.3 169.36 451.87 211.23
434.25 176.51 464.31 203.29
435.81 165.05 453.5 204.1
439.46 164.73 457.37 204.43
451.34 164.14 469.27 203.69
431.13 164.94 448.78 203.7
443.22 163.79 460.59 204.29
447.53 163.66 464.63 204.11
443.1 169.95 458.2 206.98
429.33 169.55 448.2 212.18
419.88 180.11 456.31 206.65
424.98 171.93 445.12 213.94
447.32 171.1 462.71 205.89
420.29 164.9 447.41 216.09
427.9 164.78 453.18 214.18
434.19 164.38 458.53 210.89
443.69 161.98 467.78 206.73
662.64 171.75 711.74 195.34
669.72 168.87 716.07 192.84
656.72 171.6 701.52 194.93
669.89 169.94 725.34 196.47
668.53 168.45 708.1 189.46
657.95 168.62 720.04 196.77
660.99 169.72 700.69 189.04
674.93 168.22 724.81 189.88
652.42 170.79 693.55 191.88
658.03 175.06 694.73 197.6
670.61 166.29 704.51 185.18
655.5 171.11 688.31 195.61
670.48 169.08 697.98 188.05
669.1 163.49 726.08 196.08
663.58 167.09 699.63 184.12
675.81 165.67 712.75 185.53
678.64 166.84 704.47 187.38
658.92 169.98 689.39 189.99
662.88 167.51 690.55 186.94
664.38 173.5 698.63 196.38
684.18 166.11 715.06 186.81
656.36 166.42 693.68 183.88
676.35 171.73 711.72 196.64
691.72 160.67 709.02 203.32
676.47 162.73 691.21 199.65
672.8 165.05 687.55 200.6
670.37 172.55 704.95 195.59
677.73 160.19 712.36 179.32
688.41 162.04 704.26 202.28
676.82 162.74 700.67 182.02
688.55 164.84 721.16 186.85
680.98 161.45 704.26 182.4
678.73 170.27 719.64 199.74
671.44 164.0 696.28 182.53
678.05 161.33 691.71 187.3
685.64 162.2 698.01 195.81
674.23 161.78 687.45 190.67
680.88 162.53 693.27 197.44
681.25 158.97 693.9 185.81
429.21 169.97 463.63 187.93
689.31 166.15 745.52 189.94
681.55 164.26 727.24 183.44
690.12 164.3 737.2 183.43
670.42 159.65 737.51 189.41
701.4 165.37 748.06 182.44
713.44 164.62 765.52 181.22
533.71 172.69 564.85 187.12
539.75 171.43 568.53 185.3
544.1 170.31 572.56 184.8
530.19 174.06 561.39 188.51
532.33 170.31 562.02 184.02
538.52 173.9 569.07 188.09
549.03 168.35 574.87 182.97
533.06 175.26 565.41 189.65
552.07 166.59 580.31 182.27
557.44 165.05 587.14 181.92
553.13 162.92 579.58 178.96
452.02 170.17 484.34 188.04
439.48 169.13 476.69 188.86
461.09 169.45 490.97 188.65
433.47 170.07 471.14 188.72
445.19 167.22 480.59 184.22
465.55 168.89 496.58 189.68
471.37 166.59 502.8 184.58
651.09 175.21 687.9 197.12
643.66 170.33 703.22 198.18
649.67 171.01 681.53 195.21
646.32 171.42 674.45 194.47
646.97 169.21 685.66 188.78
673.68 161.24 706.02 178.39
644.55 175.3 681.52 196.65
669.97 165.38 684.34 200.03
643.88 174.56 671.67 198.59
666.66 164.16 680.99 199.56
650.04 166.16 695.23 199.83
663.13 163.18 676.03 199.66
656.64 176.24 684.42 199.54
478.39 171.72 513.02 193.78
472.86 172.23 505.24 192.37
463.79 172.58 495.69 192.34
483.56 171.23 516.42 191.22
493.72 171.68 522.56 188.76
490.99 173.39 519.91 190.74
487.82 170.15 516.35 187.12
470.92 170.1 499.99 190.75
479.49 173.82 507.3 192.14
460.64 167.14 520.29 195.22
488.36 165.1 503.88 197.47
481.37 170.15 510.23 187.7
486.47 166.39 500.71 196.91
491.01 167.6 505.29 198.85
495.01 169.16 508.57 197.27
486.42 173.94 514.57 192.9
484.69 171.72 499.79 198.13
475.72 167.31 508.36 184.0
483.41 166.37 496.28 194.98
491.52 164.37 508.13 191.67
483.24 168.0 515.56 183.46
481.51 163.98 495.5 190.82
467.45 163.26 523.75 198.44
618.62 171.8 656.37 190.43
608.27 167.81 642.52 186.39
606.61 170.41 645.32 190.49
612.51 170.65 642.15 193.05
448.47 173.13 482.62 195.2
455.75 173.14 487.04 193.38
444.0 175.64 481.74 197.71
447.07 170.35 477.68 191.04
455.07 166.85 471.52 201.8
458.98 169.32 473.38 200.19
463.61 169.77 476.66 199.07
464.52 166.53 478.72 196.8
511.48 171.96 539.63 187.63
500.37 171.38 529.34 188.04
503.71 169.51 533.17 185.04
497.38 169.79 524.35 185.74
518.68 170.45 540.83 185.39
505.26 173.69 533.31 188.74
512.16 169.39 535.85 185.57
506.87 170.65 530.67 186.93
514.49 168.39 542.62 182.87
508.83 167.85 539.24 182.64
502.07 166.93 535.53 182.21
518.82 173.4 541.22 188.71
516.56 175.51 543.3 189.64
530.7 169.8 542.62 192.11
527.57 170.64 539.57 192.36
498.2 168.99 511.88 196.76
509.53 176.04 537.85 190.89
499.63 175.42 529.48 191.28
527.46 172.2 557.87 187.3
261.35 182.94 354.52 227.55
749.51 164.83 941.88 266.9
435.7 171.3 479.96 198.24
414.62 174.77 464.97 203.54
674.34 168.93 744.92 201.03
429.75 173.92 474.38 199.84
281.95 180.42 357.96 222.05
405.35 175.45 458.37 204.48
666.06 168.79 731.82 198.47
519.8 171.97 545.69 187.08
132.87 184.35 257.89 245.45
425.68 171.49 464.84 200.43
679.23 166.02 754.45 194.93
524.81 171.64 550.68 187.14
396.9 174.88 445.92 200.61
416.98 171.85 456.31 201.71
319.28 174.69 372.62 200.75
395.33 173.86 435.91 196.62
10.851 172.32 149.46 257.7
404.34 173.6 462.88 204.8
107.82 184.71 240.72 247.86
679.81 169.59 748.91 196.9
66.396 179.39 196.09 245.98
417.67 171.53 477.34 201.42
741.99 170.0 899.89 254.19
292.66 176.83 361.48 211.25
406.3 172.81 455.27 199.16
2.5839 183.95 108.15 292.27
33.369 176.24 170.9 248.01
394.04 175.35 428.87 193.82
674.24 170.57 737.45 199.67
429.01 171.27 471.05 193.97
268.31 178.91 347.56 219.4
324.46 174.45 379.1 196.77
304.5 175.25 363.82 206.76
596.96 168.75 675.6 245.83
