753.23 90.93 957.25 375.00 1.06
0.00 0.00 0.00 0.00 4.53
9.08 167.93 381.15 279.74 10.68
836.63 128.85 1049.83 251.60 15.84
0.00 0.00 0.00 0.00 13.28
0.00 0.00 0.00 0.00 16.39
0.00 107.44 188.34 224.22 19.88
303.95 140.79 506.95 224.14 22.04
0.00 219.37 315.90 313.21 8.19
321.91 190.84 407.19 244.21 15.39
383.80 171.99 486.33 229.93 19.71
672.99 180.14 761.41 245.09 16.89
720.19 146.88 821.98 181.17 38.83
751.03 184.20 856.83 226.03 23.51
768.96 151.32 862.92 183.52 59.93
784.92 187.80 858.84 291.67 10.60
0.00 137.73 139.78 201.92 33.67
138.18 139.29 337.96 179.95 29.49
0.00 0.00 0.00 0.00 19.21
0.00 0.00 0.00 0.00 9.43
0.00 0.00 0.00 0.00 20.69
0.00 0.00 0.00 0.00 22.18
0.00 0.00 0.00 0.00 10.23
987.66 135.57 1069.02 184.60 22.24
257.74 145.64 332.32 181.69 42.98
789.23 174.69 854.68 187.83 56.61
172.40 159.63 231.75 181.05 25.62
98.89 159.15 203.93 191.41 36.59
216.15 136.57 236.46 176.05 20.08
474.19 174.02 524.03 205.51 32.39
138.62 145.70 214.41 176.44 44.11
0.00 0.00 0.00 0.00 15.13
0.00 143.25 22.67 207.22 31.68
916.74 201.36 1024.41 271.91 12.93
675.64 181.88 703.48 199.45 47.11
715.87 156.30 742.29 178.61 55.09
743.95 181.32 802.59 199.56 27.95
150.94 141.99 227.74 173.67 32.71
677.34 152.57 712.79 176.03 61.91
674.56 151.70 700.61 177.70 49.65
538.21 175.33 566.23 192.89 58.27
0.00 0.00 0.00 0.00 28.71
518.86 173.05 539.42 185.75 42.10
782.94 212.55 856.95 219.81 21.60
228.39 162.25 284.00 181.31 41.48
0.00 0.00 0.00 0.00 17.83
0.00 0.00 0.00 0.00 27.37
93.24 140.24 116.75 193.33 30.54
705.58 179.97 741.42 189.65 37.56
702.83 150.66 715.79 190.90 43.63
821.99 187.48 857.75 193.02 54.82
478.33 177.90 508.07 209.31 30.25
527.71 189.42 539.68 197.64 37.06
636.85 183.52 651.98 193.21 60.50
717.95 183.89 754.68 189.07 35.52
483.03 152.21 487.83 174.73 52.99
0.00 184.18 52.54 193.14 14.64
241.83 163.45 265.54 173.70 49.50
0.00 0.00 0.00 0.00 51.33
0.00 0.00 0.00 0.00 32.19
546.69 183.05 557.86 192.62 55.34
563.73 153.45 569.36 188.12 61.52
0.00 0.00 0.00 0.00 29.54
0.00 0.00 0.00 0.00 58.08
498.97 152.87 502.81 170.23 58.00
563.96 188.06 573.23 193.23 60.67
503.44 153.49 507.48 170.86 64.55
0.00 0.00 0.00 0.00 7.32
0.00 0.00 0.00 0.00 14.25
537.69 177.36 545.55 191.52 47.11
0.00 0.00 0.00 0.00 27.64
0.00 0.00 0.00 0.00 34.41
846.69 139.35 883.12 150.96 21.96
0.00 0.00 0.00 0.00 16.17
0.00 0.00 0.00 0.00 24.19
0.00 0.00 0.00 0.00 20.86
0.00 0.00 0.00 0.00 29.67
0.00 0.00 0.00 0.00 27.18
0.00 0.00 0.00 0.00 22.98
496.12 175.42 509.91 180.06 37.35
0.00 0.00 0.00 0.00 28.88
527.69 185.08 543.77 193.96 39.92
0.00 0.00 0.00 0.00 33.54
0.00 0.00 0.00 0.00 38.29
281.88 149.33 285.24 154.44 49.85
0.00 0.00 0.00 0.00 27.66
0.00 148.59 138.51 375.00 6.06
219.84 168.39 340.71 208.36 13.77
316.97 164.93 398.58 205.34 18.11
