1147.19 97.39 1242.00 310.28 24.11
0.00 148.65 321.60 231.60 9.37
0.00 0.00 0.00 0.00 19.66
853.65 130.80 1175.39 233.35 31.51
967.90 127.20 1242.00 262.07 22.47
0.00 0.00 0.00 0.00 5.60
0.00 0.00 0.00 0.00 6.77
65.06 142.24 249.79 203.27 38.78
812.14 147.11 898.96 206.85 47.70
0.00 0.00 0.00 0.00 7.85
1165.91 96.59 1232.05 350.38 8.32
0.00 0.00 0.00 0.00 11.86
1003.72 136.16 1162.27 241.63 28.13
413.56 196.32 678.10 206.77 30.26
786.16 150.83 840.37 201.94 55.40
229.73 147.64 314.72 194.11 52.55
1166.62 123.33 1229.19 274.27 16.33
828.80 298.07 966.14 349.09 6.28
0.00 0.00 0.00 0.00 33.33
0.00 0.00 0.00 0.00 29.66
745.17 146.80 766.89 205.31 30.92
569.54 173.94 604.90 205.28 32.07
1215.47 128.93 1242.00 183.91 22.89
767.77 150.89 839.53 198.09 58.69
727.71 151.98 777.16 198.13 66.68
768.95 140.82 799.26 227.51 20.80
287.62 197.16 437.55 204.11 34.03
456.63 193.52 574.52 198.96 39.68
0.00 0.00 0.00 0.00 19.03
0.00 0.00 0.00 0.00 36.44
585.79 166.26 605.90 183.12 55.15
527.36 176.77 553.21 190.94 43.55
475.66 191.13 569.64 195.54 46.14
380.37 206.33 453.69 209.98 26.06
399.64 202.49 469.75 207.47 28.17
307.17 182.58 357.26 194.01 51.06
0.00 0.00 0.00 0.00 46.59
102.74 238.38 316.35 270.39 12.13
624.91 151.77 640.41 191.68 48.65
0.00 0.00 0.00 0.00 38.33
988.01 148.74 1019.65 229.88 33.59
0.00 0.00 0.00 0.00 16.49
491.44 151.71 502.60 186.82 49.16
0.00 0.00 0.00 0.00 40.13
0.00 0.00 0.00 0.00 45.09
347.71 184.04 392.54 189.25 61.84
349.52 152.20 362.81 179.59 68.21
0.00 0.00 0.00 0.00 52.47
0.00 0.00 0.00 0.00 46.07
644.91 202.36 685.39 208.15 28.79
0.00 0.00 0.00 0.00 27.15
656.36 191.93 692.52 196.16 50.68
0.00 0.00 0.00 0.00 34.64
0.00 0.00 0.00 0.00 51.69
0.00 0.00 0.00 0.00 64.33
1044.34 164.01 1111.91 201.50 39.52
756.92 175.99 778.07 197.84 69.53
0.00 0.00 0.00 0.00 39.88
498.45 170.78 504.70 183.97 64.30
0.00 0.00 0.00 0.00 24.12
0.00 0.00 0.00 0.00 72.64
480.06 176.24 485.20 184.37 69.24
488.23 176.04 494.18 184.16 66.48
0.00 0.00 0.00 0.00 43.11
1172.41 136.43 1226.85 188.29 30.37
0.00 0.00 0.00 0.00 62.65
0.00 0.00 0.00 0.00 34.99
0.00 0.00 0.00 0.00 65.02
830.12 183.17 838.85 187.79 57.96
0.00 0.00 0.00 0.00 40.91
0.00 0.00 0.00 0.00 52.48
0.00 0.00 0.00 0.00 58.60
0.00 0.00 0.00 0.00 34.42
0.00 0.00 0.00 0.00 57.18
0.00 0.00 0.00 0.00 59.65
135.74 266.04 185.84 281.21 10.29
746.38 152.93 750.58 161.09 62.20
0.00 0.00 0.00 0.00 67.59
919.54 192.20 925.17 196.32 48.91
