0.00 114.41 327.39 235.63 26.57
722.87 131.39 1242.00 224.46 24.22
1006.92 132.71 1242.00 209.09 33.22
0.00 0.00 0.00 0.00 7.33
590.95 178.11 677.10 242.68 15.91
0.00 0.00 0.00 0.00 22.81
296.36 145.44 365.21 202.46 45.95
0.00 0.00 0.00 0.00 14.53
0.00 0.00 0.00 0.00 26.38
1213.23 152.84 1242.00 293.09 12.12
413.00 144.81 541.71 216.66 28.02
666.28 164.62 709.03 214.27 30.41
0.00 0.00 0.00 0.00 20.87
782.60 174.82 841.84 222.42 24.45
327.94 179.10 396.45 214.17 33.22
351.85 148.41 394.99 194.89 53.80
415.93 141.76 433.33 222.95 21.68
927.62 140.51 959.82 223.79 24.71
0.00 0.00 0.00 0.00 21.70
503.49 144.77 528.31 222.17 25.13
709.03 146.54 797.07 208.52 34.73
0.00 0.00 0.00 0.00 15.86
708.62 166.85 766.24 193.59 64.28
0.00 0.00 0.00 0.00 27.92
0.00 0.00 0.00 0.00 36.17
0.00 0.00 0.00 0.00 26.04
470.54 182.87 496.44 222.20 21.56
430.80 177.60 464.48 196.88 48.90
712.08 153.46 799.39 205.26 38.57
385.46 143.98 408.38 222.62 25.90
853.39 144.18 913.62 184.19 35.18
765.44 152.69 802.59 200.78 42.33
0.00 0.00 0.00 0.00 25.11
584.20 181.31 619.56 218.16 27.50
114.86 140.07 163.16 223.81 29.48
397.25 150.94 422.46 179.54 62.58
491.59 178.96 544.15 211.09 33.21
0.00 0.00 0.00 0.00 21.12
1188.50 201.92 1241.36 226.17 25.16
0.00 0.00 0.00 0.00 24.00
0.00 0.00 0.00 0.00 26.16
1089.96 131.18 1111.80 237.30 19.11
0.00 0.00 0.00 0.00 29.14
709.38 208.10 796.69 211.78 31.61
0.00 0.00 0.00 0.00 36.89
0.00 0.00 0.00 0.00 25.17
525.82 151.25 536.03 177.07 45.07
0.00 0.00 0.00 0.00 49.49
544.25 152.76 552.28 178.49 55.56
0.00 0.00 0.00 0.00 11.88
708.29 192.23 763.04 197.33 55.00
538.11 180.70 560.80 203.74 39.75
790.72 152.94 803.94 203.57 36.49
0.00 0.00 0.00 0.00 38.81
721.37 152.01 744.96 196.51 54.83
431.95 195.59 469.53 201.54 30.55
664.82 170.51 695.35 196.34 32.45
557.34 150.99 564.27 181.43 43.80
567.26 183.55 581.66 197.16 60.32
396.95 192.60 419.13 201.09 53.39
1074.36 143.27 1094.63 160.80 41.84
685.28 152.81 705.39 167.17 63.08
0.00 0.00 0.00 0.00 31.93
699.90 152.29 710.44 157.28 54.70
241.74 156.17 263.67 176.76 44.87
641.57 182.41 651.93 186.90 50.72
0.00 0.00 0.00 0.00 39.13
0.00 0.00 0.00 0.00 32.18
553.81 198.51 567.64 204.51 42.37
655.62 177.56 664.71 186.62 48.87
394.24 166.31 400.69 188.47 61.14
175.33 154.80 194.42 175.42 40.78
0.00 0.00 0.00 0.00 26.99
0.00 0.00 0.00 0.00 27.50
959.81 155.61 966.08 171.49 41.18
0.00 0.00 0.00 0.00 52.50
823.10 171.18 835.60 189.59 36.70
0.00 0.00 0.00 0.00 59.75
822.41 156.74 831.02 162.51 38.15
542.92 189.57 549.96 207.18 37.27
0.00 0.00 0.00 0.00 56.38
548.80 181.98 568.23 191.57 47.31
1017.08 184.35 1038.21 190.22 37.05
0.00 0.00 0.00 0.00 28.00
0.00 0.00 0.00 0.00 1.84
439.19 365.70 453.13 370.58 2.70
1228.94 140.00 1242.00 158.70 44.72
653.84 193.02 669.40 197.44 18.82
0.00 0.00 0.00 0.00 1.65
712.07 179.38 716.27 188.46 66.56
1044.56 184.17 1083.74 204.67 35.46
781.13 152.85 784.51 161.07 65.18
0.00 0.00 0.00 0.00 40.47
754.40 144.08 773.22 221.42 25.45
