902.02 105.74 1242.00 278.19 4.67
0.00 115.45 314.38 272.57 5.19
290.15 143.75 509.66 205.75 32.52
703.37 127.36 819.50 224.11 23.97
0.00 0.00 0.00 0.00 30.82
438.89 186.67 536.48 251.06 15.58
0.00 0.00 0.00 0.00 20.81
666.98 182.67 734.21 233.42 20.80
0.00 0.00 0.00 0.00 24.21
0.00 0.00 0.00 0.00 19.56
535.96 183.57 569.01 214.39 33.80
507.83 152.93 521.86 183.39 58.23
462.24 146.85 487.22 194.13 39.20
687.43 154.39 708.83 185.57 40.86
681.09 149.18 692.61 187.02 47.11
689.08 151.19 704.38 186.13 45.71
514.99 186.57 545.12 230.64 21.32
484.66 148.46 501.79 174.36 44.47
487.96 171.98 510.85 184.93 37.80
499.14 151.02 508.37 187.21 49.88
653.36 175.03 681.78 189.16 36.02
653.37 182.90 684.24 214.75 31.48
528.52 152.90 534.19 184.10 64.73
525.69 170.64 547.28 188.25 62.33
638.24 187.31 649.02 192.40 54.53
673.89 152.89 678.12 175.31 58.30
665.81 185.80 681.64 220.73 26.52
524.36 153.08 528.03 183.69 61.57
670.71 153.33 674.06 175.62 61.10
516.46 186.51 534.22 195.63 48.09
509.37 186.29 532.83 191.58 46.41
522.55 152.88 524.83 183.56 59.94
277.94 190.33 307.31 204.81 25.93
501.92 182.42 508.82 187.21 49.76
568.94 194.68 578.02 199.02 44.70
677.92 152.32 679.18 169.94 54.50
533.27 153.72 535.32 184.27 68.75
510.04 174.93 513.42 182.99 54.63
