893.19 105.35 1011.38 270.21 4.92
0.00 103.48 274.19 275.62 5.33
883.25 189.10 1242.00 375.00 1.89
761.84 121.17 1138.71 375.00 5.37
0.00 164.26 407.29 375.00 3.59
407.93 165.18 538.22 247.90 13.69
0.00 93.88 210.04 244.85 8.64
0.00 0.00 0.00 0.00 7.67
330.25 133.42 467.27 199.03 25.55
705.91 136.67 762.48 205.40 26.71
0.00 0.00 0.00 0.00 9.01
661.00 170.04 712.65 214.13 23.75
354.76 144.37 389.41 184.48 22.55
0.00 0.00 0.00 0.00 34.07
0.00 0.00 0.00 0.00 37.56
0.00 0.00 0.00 0.00 30.60
462.04 147.58 485.69 178.66 32.06
0.00 0.00 0.00 0.00 11.17
0.00 0.00 0.00 0.00 42.63
0.00 0.00 0.00 0.00 28.93
495.98 152.58 532.01 170.26 56.59
547.39 180.77 576.96 190.57 40.64
486.94 167.15 518.79 176.12 39.07
678.03 152.57 692.01 174.99 55.33
502.08 155.35 518.95 168.39 43.15
528.92 170.03 548.97 183.17 56.11
0.00 0.00 0.00 0.00 4.53
293.60 201.89 359.79 365.37 5.83
0.00 0.00 0.00 0.00 52.64
642.49 184.23 660.85 193.35 36.62
0.00 0.00 0.00 0.00 29.42
429.55 176.85 445.56 199.95 27.98
466.82 148.69 472.76 172.26 37.50
923.72 192.02 972.50 201.77 7.54
489.45 150.27 494.35 168.63 43.90
0.00 0.00 0.00 0.00 12.32
484.14 150.30 490.00 168.30 43.03
0.00 0.00 0.00 0.00 42.44
691.26 151.08 694.43 173.72 45.78
705.54 149.74 709.27 172.48 39.48
698.64 149.56 703.48 173.14 41.46
0.00 0.00 0.00 0.00 25.45
0.00 0.00 0.00 0.00 51.40
685.60 165.26 690.85 174.24 49.19
0.00 0.00 0.00 0.00 56.23
708.61 149.46 712.70 180.12 37.36
486.76 172.19 499.08 175.78 38.41
709.91 157.42 713.81 184.48 37.02
538.95 161.26 548.36 166.83 60.11
0.00 0.00 0.00 0.00 16.23
0.00 0.00 0.00 0.00 26.88
580.47 175.14 587.50 183.14 56.44
0.00 0.00 0.00 0.00 13.88
531.24 166.42 537.24 170.21 57.06
0.00 0.00 0.00 0.00 44.62
678.88 166.15 681.90 174.97 55.34
253.81 184.17 280.94 193.85 14.84
0.00 0.00 0.00 0.00 53.79
496.62 156.16 501.08 165.27 47.64
637.11 175.12 646.47 178.55 56.54
479.72 149.81 484.29 167.93 40.89
655.53 193.78 660.50 203.17 26.88
694.17 151.03 697.27 164.78 44.92
0.00 0.00 0.00 0.00 63.53
0.00 0.00 0.00 0.00 29.33
0.00 0.00 0.00 0.00 14.93
703.13 163.73 705.81 176.12 40.49
0.00 0.00 0.00 0.00 36.38
705.88 167.09 709.38 180.29 38.60
0.00 0.00 0.00 0.00 21.28
0.00 0.00 0.00 0.00 56.35
