127.77 149.36 172.31 227.15 19.07
718.06 147.45 770.01 302.92 8.34
0.00 114.83 445.08 218.51 22.12
942.73 136.45 1220.56 363.22 6.78
764.82 132.84 1140.21 237.74 22.82
1070.60 128.89 1242.00 375.00 7.91
882.78 141.53 1211.84 214.76 39.32
1206.02 125.08 1242.00 256.93 34.30
0.00 0.00 0.00 0.00 14.41
668.38 150.79 761.40 195.98 49.55
0.00 0.00 0.00 0.00 6.34
0.00 0.00 0.00 0.00 10.93
848.78 109.76 1233.47 295.05 10.87
0.00 0.00 0.00 0.00 20.99
0.00 0.00 0.00 0.00 7.63
603.36 146.31 702.05 210.07 31.85
813.04 147.99 885.60 208.47 37.61
0.00 0.00 0.00 0.00 14.02
354.77 141.48 434.49 218.30 23.77
565.31 161.19 599.03 235.84 17.26
1233.44 115.85 1242.00 277.91 18.16
0.00 0.00 0.00 0.00 24.40
408.65 145.73 475.13 207.86 31.94
511.54 163.61 544.58 239.07 16.38
462.26 149.69 523.78 199.54 45.34
218.74 151.19 244.51 201.93 28.11
0.00 0.00 0.00 0.00 23.58
971.48 126.25 1029.94 262.36 14.41
0.00 0.00 0.00 0.00 28.51
165.81 194.82 348.76 203.60 30.06
312.65 190.13 466.79 196.70 41.77
766.47 270.30 785.03 375.00 5.32
882.98 165.21 907.13 212.39 36.12
0.00 0.00 0.00 0.00 15.92
0.00 0.00 0.00 0.00 50.02
0.00 0.00 0.00 0.00 16.31
0.00 0.00 0.00 0.00 30.13
268.66 164.04 332.71 183.46 55.23
0.00 0.00 0.00 0.00 6.28
701.33 176.32 730.44 198.66 41.95
467.18 176.92 493.80 195.26 44.64
889.38 295.50 1242.00 375.00 1.82
717.66 180.15 746.36 203.07 37.71
614.26 184.17 638.68 206.40 35.63
365.92 139.89 377.65 227.02 20.35
0.00 0.00 0.00 0.00 19.79
300.27 149.17 348.46 187.53 52.31
692.86 159.26 730.32 177.60 48.12
846.22 172.16 869.43 194.67 41.49
491.23 174.51 505.93 206.22 34.04
826.92 189.89 861.10 217.65 26.87
757.46 150.33 768.85 177.46 47.97
37.47 229.00 63.15 294.56 9.95
401.39 175.00 431.72 183.54 56.97
0.00 0.00 0.00 0.00 26.31
350.08 160.87 369.06 179.62 68.62
513.46 157.54 535.31 179.52 64.41
185.09 213.29 210.11 267.20 12.44
334.08 149.56 364.68 155.52 47.77
782.87 188.69 823.06 211.33 33.84
508.87 178.10 521.33 192.39 52.52
436.69 169.27 443.81 187.22 51.64
567.29 177.69 573.17 204.61 29.64
648.54 175.98 654.71 188.45 65.89
0.00 0.00 0.00 0.00 41.02
0.00 0.00 0.00 0.00 58.82
1102.10 196.33 1154.95 240.13 27.98
285.97 150.11 297.47 174.35 54.22
657.00 170.03 664.19 183.32 57.48
0.00 0.00 0.00 0.00 71.91
1039.43 166.59 1056.17 172.57 49.89
314.05 149.41 323.54 154.73 47.51
520.12 153.28 534.28 158.38 63.19
460.29 161.43 470.68 175.94 65.23
626.54 168.90 629.18 177.36 47.25
505.17 187.04 511.65 192.13 50.77
508.15 175.14 519.33 183.23 56.46
810.33 146.59 837.49 202.34 33.58
471.78 179.64 473.50 197.43 35.90
1101.11 166.19 1118.61 172.45 51.74
389.16 196.37 393.03 219.64 22.06
0.00 0.00 0.00 0.00 61.41
271.04 165.43 285.72 169.88 62.77
473.98 148.88 480.72 153.82 35.87
913.97 175.66 917.63 195.08 42.11
439.54 190.88 442.26 200.14 29.15
427.90 194.28 431.05 203.67 26.82
0.00 0.00 0.00 0.00 54.45
500.68 175.68 506.20 179.18 62.09
669.41 151.39 714.92 275.86 10.43
636.11 147.02 669.18 278.85 10.11
748.88 143.47 798.41 289.78 9.39
254.15 157.83 278.26 205.70 27.81
