806.75 90.93 1015.31 311.80 2.27
44.65 114.97 269.37 310.54 3.92
68.32 102.16 555.71 274.60 10.66
0.00 0.00 0.00 0.00 11.32
664.31 140.85 751.92 223.97 22.28
742.98 135.10 782.74 239.05 18.29
656.12 145.45 726.95 212.49 30.67
0.00 0.00 0.00 0.00 10.00
0.00 0.00 0.00 0.00 8.85
0.00 0.00 0.00 0.00 7.56
662.33 184.76 694.61 207.69 39.02
0.00 0.00 0.00 0.00 10.19
694.82 147.94 711.31 205.25 39.54
502.48 146.96 530.29 173.91 30.72
535.56 159.00 559.83 203.77 44.17
0.00 0.00 0.00 0.00 8.40
0.00 0.00 0.00 0.00 28.40
0.00 0.00 0.00 0.00 10.73
692.22 150.44 701.47 198.93 43.20
533.99 164.17 549.70 181.01 41.57
0.00 0.00 0.00 0.00 16.50
722.22 145.05 735.83 213.75 27.81
651.89 175.75 676.41 197.15 63.53
471.54 152.01 490.20 160.85 54.83
717.96 177.30 729.15 204.52 29.00
524.85 153.19 537.08 166.21 33.91
671.17 166.74 688.64 170.62 61.47
704.59 149.14 713.04 193.57 37.93
671.24 157.79 688.77 161.59 62.03
678.52 175.67 688.82 179.14 62.83
649.77 193.07 660.57 197.33 63.63
514.56 163.86 521.70 172.98 28.68
543.41 185.07 547.90 203.21 39.88
703.74 184.68 708.03 197.97 38.41
777.97 168.68 783.85 200.12 17.14
646.93 183.92 651.54 193.45 65.24
0.00 0.00 0.00 0.00 25.44
648.61 179.29 655.46 197.11 64.63
684.62 158.08 689.97 161.77 64.63
558.70 186.40 560.52 199.58 47.37
698.73 190.16 702.31 203.05 40.73
688.99 178.59 693.75 187.68 57.63
663.28 167.36 667.69 171.11 67.83
0.00 0.00 0.00 0.00 68.68
