905.04 118.14 1242.00 239.31 7.81
681.27 104.93 906.03 273.47 11.84
0.00 0.00 0.00 0.00 27.71
0.00 0.00 0.00 0.00 12.93
130.32 147.00 197.44 218.74 48.97
0.00 0.00 0.00 0.00 23.50
0.00 0.00 0.00 0.00 37.21
910.92 155.75 973.09 206.35 43.05
895.65 183.20 982.97 198.23 56.81
254.18 198.22 314.79 220.04 36.82
0.00 0.00 0.00 0.00 43.58
906.95 178.81 975.00 194.84 65.29
1023.77 143.10 1052.07 174.32 37.66
19.95 142.36 57.65 226.82 46.56
329.72 152.26 337.91 198.75 70.67
0.00 0.00 0.00 0.00 51.24
0.00 0.00 0.00 0.00 50.51
0.00 0.00 0.00 0.00 37.79
0.00 0.00 0.00 0.00 52.04
518.23 201.94 549.28 205.10 41.37
0.00 0.00 0.00 0.00 40.74
1036.34 344.24 1242.00 375.00 1.23
333.60 188.32 345.49 193.93 59.77
287.98 151.63 301.02 156.89 70.41
0.00 0.00 0.00 0.00 28.66
0.00 0.00 0.00 0.00 32.59
0.00 0.00 0.00 0.00 36.56
0.00 0.00 0.00 0.00 56.46
