55
90
33
91
110
24
59
63
98
68
40
81
71
79
27
39
31
28
79
115
52
133
67
59
62
129
79
75
134
88
84
51
115
43
74
111
61
79
67
22
100
118
52
17
171
74
81
144
32
91
52
32
27
60
22
30
120
49
52
103
52
77
178
48
107
57
62
95
40
146
52
33
37
88
33
67
18
139
56
52
39
53
44
65
117
78
97
92
113
74
80
93
42
62
140
142
90
29
92
77
73
92
87
105
84
45
61
151
39
77
51
94
36
44
83
108
52
96
50
29
50
143
30
81
67
38
44
263
82
111
139
131
44
149
93
61
87
64
71
144
61
37
68
60
72
90
25
74
56
157
53
126
33
64
147
47
66
71
29
75
61
69
35
35
70
61
55
83
77
66
72
97
78
57
74
89
30
74
75
26
139
70
49
91
76
39
84
68
75
34
125
87
91
193
59
35
33
79
93
32
22
0
