827.65 153.88 870.31 255.37
994.15 199.06 1236.9 363.73
461.86 172.38 517.59 222.98
0.0 212.7 231.48 363.18
298.1 186.72 324.98 251.97
18.986 215.58 220.58 363.86
1004.1 220.08 1227.1 359.68
645.55 171.08 659.7 206.1
303.59 188.96 326.88 248.8
1061.0 196.14 1239.7 353.94
1047.7 191.76 1242.0 354.25
1052.2 209.93 1242.0 322.45
817.64 154.88 875.3 247.67
648.01 167.51 662.57 206.43
308.0 189.97 329.67 245.43
816.8 156.57 860.17 256.73
297.31 189.33 327.39 251.06
1081.9 204.54 1238.8 287.12
950.37 190.99 1242.0 375.0
1109.5 188.42 1235.0 330.22
980.87 226.65 1143.0 373.9
651.14 169.83 664.87 206.03
469.83 174.87 514.41 215.17
468.97 162.37 509.69 228.26
832.62 167.79 863.62 245.64
833.18 157.65 856.44 231.41
820.17 157.58 854.92 242.07
812.38 157.4 865.32 234.65
825.4 155.42 847.62 235.28
810.91 149.59 844.83 252.26
461.86 172.38 517.59 222.98
469.83 174.87 514.41 215.17
460.37 180.68 511.35 214.62
451.25 174.07 511.88 216.93
461.75 178.6 516.78 221.98
468.43 176.5 513.76 205.7
476.73 174.85 519.35 204.88
467.74 173.57 522.61 211.91
453.93 180.72 519.61 226.44
457.22 186.81 511.36 219.33
458.59 172.73 514.15 208.86
473.74 177.65 523.61 209.38
469.08 182.35 521.85 215.8
636.25 176.36 670.76 198.22
635.34 173.94 665.96 193.48
528.46 163.67 541.84 201.21
298.1 186.72 324.98 251.97
303.59 188.96 326.88 248.8
308.0 189.97 329.67 245.43
297.31 189.33 327.39 251.06
313.78 192.83 332.19 244.67
291.51 187.8 332.13 247.33
302.69 187.46 321.57 240.31
296.88 186.63 315.54 245.65
293.52 192.19 326.41 245.73
300.0 188.52 326.97 235.11
309.46 188.98 337.85 247.2
309.42 186.85 327.12 234.06
305.23 185.7 322.93 230.87
300.23 187.2 323.72 224.75
296.64 189.55 320.88 234.12
300.53 182.4 317.83 234.76
289.1 196.93 339.18 224.76
300.59 198.58 330.76 249.19
645.55 171.08 659.7 206.1
648.01 167.51 662.57 206.43
651.14 169.83 664.87 206.03
643.13 173.34 662.23 205.12
644.09 168.12 657.06 206.02
644.75 168.66 665.16 201.09
641.13 171.57 659.36 202.65
655.92 169.89 667.85 204.21
646.55 172.92 667.95 203.96
642.29 176.93 665.13 208.21
642.24 172.47 653.76 205.91
644.46 176.48 661.03 209.56
636.25 176.36 670.76 198.22
638.15 173.03 672.08 194.38
648.15 168.79 667.27 196.32
637.85 173.63 656.79 201.71
640.25 168.44 660.02 196.12
652.39 165.34 666.73 203.65
653.93 175.14 669.64 208.23
637.01 170.8 670.07 190.9
658.08 169.74 669.72 204.84
635.34 173.94 665.96 193.48
642.15 166.02 663.04 194.39
639.42 165.87 652.35 202.85
639.15 178.69 659.32 205.81
449.56 171.38 462.42 206.4
446.83 170.81 460.37 205.06
452.42 172.38 465.29 207.11
445.17 176.34 467.09 202.37
448.95 165.15 463.75 203.04
456.24 172.7 470.5 214.66
461.19 169.54 475.34 215.64
452.04 165.24 466.38 202.74
448.07 178.38 470.77 205.08
457.25 167.69 469.85 205.36
464.91 166.05 479.61 215.75
456.4 179.91 482.94 210.59
447.9 174.81 468.77 198.78
463.08 165.79 474.61 205.05
466.94 166.98 478.3 208.85
452.58 180.86 476.72 209.19
446.51 176.61 459.61 210.85
445.36 170.44 467.5 196.28
451.55 177.1 472.51 202.32
457.74 176.37 477.41 201.81
445.64 178.15 478.43 199.09
457.54 173.4 477.1 196.53
448.95 165.15 463.75 203.04
452.04 165.24 466.38 202.74
463.08 165.79 474.61 205.05
446.47 159.74 461.19 201.62
448.46 155.6 463.78 198.75
441.74 158.74 456.83 203.27
509.6 167.66 521.86 207.38
512.81 169.26 525.63 205.58
528.46 163.67 541.84 201.21
837.46 154.41 872.93 249.8
825.46 156.55 878.21 231.59
840.09 164.78 870.35 243.88
832.62 167.79 863.62 245.64
830.21 176.61 858.39 245.24
833.18 157.65 856.44 231.41
839.49 155.73 864.09 237.68
842.61 147.96 881.79 237.32
845.19 153.03 873.14 235.4
