258.97 178.28 378.23 237.58
437.16 178.04 507.4 227.76
566.37 172.87 659.29 249.28
429.69 179.13 495.02 222.05
96.987 180.88 225.69 239.15
0.27706 187.93 171.72 359.6
0.0 176.41 131.74 328.67
0.15234 176.14 173.21 364.01
420.19 179.92 478.96 218.22
276.73 182.67 389.56 233.9
7.7687 182.21 100.87 298.96
342.18 184.19 456.11 260.64
342.15 188.25 454.59 258.66
416.5 179.38 452.8 208.17
88.058 180.98 226.55 240.5
564.66 175.17 659.08 255.85
260.36 182.58 350.17 228.84
369.22 176.83 450.52 245.28
387.05 176.59 454.52 240.01
250.3 180.28 384.49 241.0
407.42 179.58 445.43 204.05
577.21 176.25 661.26 236.1
20.659 204.06 188.62 371.12
676.3 182.25 702.69 196.3
1.969 184.42 96.054 268.08
0.0 194.11 127.51 284.8
10.105 175.9 101.85 340.35
404.04 182.02 448.11 207.54
412.9 180.47 466.83 217.23
401.66 177.13 458.6 233.35
396.9 181.08 450.69 224.75
407.13 181.17 457.48 222.32
0.0 193.91 168.93 315.49
248.77 185.54 357.88 238.3
384.52 181.25 444.65 228.4
407.0 179.42 434.39 205.64
423.09 173.13 442.91 222.58
80.629 187.4 203.7 241.83
2.1318 183.8 76.356 258.33
393.2 183.83 458.49 247.11
272.98 179.67 366.46 221.89
330.12 187.58 434.92 245.31
319.65 183.7 429.43 249.49
348.79 177.39 443.71 251.42
0.0 186.33 107.83 268.91
361.16 191.53 463.33 252.02
416.37 184.55 451.34 217.94
422.41 179.89 457.4 209.76
412.79 180.77 448.78 213.86
404.76 182.42 471.44 225.02
303.21 181.23 383.5 222.22
290.15 179.3 413.42 242.9
295.83 188.99 390.92 236.52
291.78 177.86 378.27 231.2
425.64 176.24 446.41 225.73
424.82 179.67 465.84 207.55
408.64 179.22 432.22 200.55
0.0 187.07 55.541 308.64
119.93 184.26 230.14 232.93
0.10867 187.76 79.048 286.25
356.78 179.05 478.33 246.59
11.719 185.76 79.077 328.15
22.577 186.59 201.81 345.91
584.52 175.28 652.19 226.94
5.8131 189.54 111.55 251.0
417.15 180.31 447.1 204.31
14.983 204.66 213.32 322.25
16.547 166.87 142.57 368.1
27.283 215.3 223.02 343.35
311.32 186.23 399.44 229.59
429.52 172.11 448.35 223.21
579.8 168.44 639.55 262.3
0.8446 183.83 96.493 242.19
94.313 181.1 194.84 227.84
13.327 192.31 103.84 280.85
420.02 173.34 438.62 222.28
406.64 184.65 443.86 219.57
434.62 178.37 469.24 209.42
44.078 187.69 205.27 339.77
401.93 169.99 443.14 251.67
65.474 192.09 233.67 268.8
250.5 184.54 332.15 231.51
406.68 183.58 456.33 211.1
413.66 172.66 447.11 245.88
454.88 176.66 518.14 221.0
412.36 173.82 428.42 216.24
567.48 172.5 636.2 238.37
0.0 181.84 40.122 318.38
589.96 169.32 647.44 258.29
2.6196 170.44 85.525 356.23
408.71 177.04 448.84 256.92
413.92 176.16 434.29 227.89
579.07 160.14 640.59 263.24
41.536 181.11 205.69 257.22
426.49 174.13 443.59 214.41
0.0 181.32 134.08 259.99
400.37 179.31 458.66 210.75
598.28 175.66 657.54 235.36
376.27 172.56 429.51 265.85
434.05 178.61 483.78 208.88
407.54 188.47 455.75 215.12
39.675 153.43 184.33 375.0
390.07 169.13 437.01 253.44
605.93 178.11 663.01 221.51
401.45 179.76 434.52 211.14
23.285 195.06 204.87 282.94
409.29 172.44 425.55 218.2
22.471 161.52 103.21 305.41
411.18 170.59 429.64 223.78
566.37 172.87 659.29 249.28
564.66 175.17 659.08 255.85
577.21 176.25 661.26 236.1
579.73 185.5 664.35 247.13
342.18 184.19 456.11 260.64
342.15 188.25 454.59 258.66
1.969 184.42 96.054 268.08
0.0 186.33 107.83 268.91
5.8131 189.54 111.55 251.0
469.17 157.91 554.78 200.56
258.97 178.28 378.23 237.58
248.77 185.54 357.88 238.3
272.98 179.67 366.46 221.89
437.16 178.04 507.4 227.76
454.88 176.66 518.14 221.0
446.01 183.65 503.33 222.37
448.73 179.46 497.23 215.72
454.49 181.6 506.38 213.14
448.66 173.53 518.35 212.42
436.62 190.2 497.63 223.78
455.03 180.83 511.45 221.75
372.76 180.52 422.07 204.13
365.91 181.64 414.05 203.61
379.07 179.61 418.67 199.83
94.313 181.1 194.84 227.84
104.22 175.89 179.29 221.21
702.96 174.64 734.13 193.42
709.13 175.07 741.48 193.47
700.66 171.95 729.01 190.88
705.68 171.37 736.86 190.64
708.45 169.61 733.1 192.98
711.2 178.24 748.09 196.63
711.29 172.59 737.37 195.25
705.89 177.97 738.96 195.48
705.14 167.8 736.92 186.92
709.99 171.77 744.53 190.66
700.48 168.5 729.33 187.33
710.8 165.74 736.68 190.36
706.92 166.59 730.01 189.25
713.79 169.75 740.61 194.14
712.71 164.02 727.53 198.93
714.01 175.6 742.63 198.07
709.47 168.2 744.48 186.88
716.01 163.88 731.71 200.26
710.44 164.24 723.53 197.88
416.5 179.38 452.8 208.17
422.41 179.89 457.4 209.76
412.79 180.77 448.78 213.86
417.15 180.31 447.1 204.31
426.49 174.13 443.59 214.41
416.51 174.69 431.6 216.2
422.99 179.92 452.41 204.47
421.76 174.69 436.61 211.46
430.74 179.67 460.33 202.16
430.17 174.57 446.46 214.59
424.77 176.54 440.97 208.88
415.49 179.28 440.18 198.78
417.53 178.76 451.99 197.62
428.19 178.11 456.97 196.89
436.25 175.41 449.15 208.43
441.13 174.01 453.19 209.17
629.29 179.78 656.35 199.76
634.87 178.97 658.67 206.34
629.6 177.11 651.98 197.52
635.04 172.51 647.29 206.63
634.95 182.07 665.12 202.36
636.69 181.19 659.21 200.28
638.24 172.83 650.12 206.13
639.72 176.16 652.46 206.6
633.71 178.35 656.76 197.64
640.35 180.78 664.83 199.05
626.07 178.36 649.57 201.89
629.29 179.78 656.35 199.76
628.41 180.53 663.05 205.75
625.93 178.13 654.3 206.76
634.87 178.97 658.67 206.34
625.15 175.69 650.92 193.18
629.6 177.11 651.98 197.52
635.04 172.51 647.29 206.63
634.95 182.07 665.12 202.36
636.69 181.19 659.21 200.28
638.24 172.83 650.12 206.13
639.72 176.16 652.46 206.6
633.71 178.35 656.76 197.64
640.35 180.78 664.83 199.05
