296.78 167.42 359.34 313.51
298.61 163.99 356.4 314.29
808.7 157.09 830.82 222.4
12.468 108.37 237.07 340.54
811.54 153.82 834.42 220.26
280.19 170.41 371.1 306.62
307.4 178.12 361.38 308.21
309.98 165.65 357.93 285.31
42.087 144.66 242.6 349.4
644.83 164.55 704.67 215.27
647.25 171.81 690.45 210.68
304.64 168.81 350.48 268.69
303.18 159.73 369.6 323.73
805.42 158.4 823.16 222.44
484.73 165.97 500.21 206.96
32.948 77.609 212.92 375.0
318.04 167.69 363.94 293.13
281.17 159.65 349.6 313.28
10.587 169.47 210.35 277.13
309.98 165.65 357.93 285.31
290.31 171.14 358.05 274.17
729.94 167.06 767.62 257.31
736.49 159.57 771.27 260.97
644.83 164.55 704.67 215.27
646.02 168.91 700.71 213.39
646.22 179.66 695.6 211.79
648.06 171.8 715.72 217.65
649.78 173.29 711.04 210.52
660.22 166.68 698.43 224.85
648.88 182.44 705.25 215.06
666.45 159.7 692.27 214.37
670.15 162.86 696.52 214.76
656.32 167.12 707.11 213.73
656.26 181.25 717.72 213.6
520.95 179.43 566.8 204.25
536.69 169.03 553.07 209.47
526.46 175.87 557.84 206.87
539.55 167.55 556.2 209.04
523.31 176.86 551.41 206.54
533.74 170.1 547.89 210.44
543.81 168.39 559.09 208.93
532.09 171.84 562.38 207.1
523.09 184.33 567.27 208.45
526.76 176.2 573.05 202.95
525.57 180.57 560.39 211.41
522.65 173.09 550.19 201.2
531.07 177.51 550.81 215.91
539.36 170.08 565.97 203.2
541.09 172.63 559.74 211.86
529.35 175.83 566.2 209.77
536.15 175.86 557.36 214.89
519.83 174.79 564.53 197.52
495.96 165.93 509.56 210.87
500.7 162.17 513.32 210.77
528.06 164.02 545.21 205.85
524.47 164.11 541.19 207.05
636.07 168.18 651.25 201.74
635.08 173.63 658.52 201.96
633.76 166.34 648.62 200.59
632.82 171.64 654.91 198.32
639.78 172.69 663.88 203.01
639.22 166.42 653.98 203.45
630.48 175.28 663.01 200.03
644.05 167.5 658.19 207.22
631.21 164.27 643.87 199.29
630.6 169.53 652.05 194.82
627.91 164.2 639.43 202.22
629.12 173.13 660.03 194.62
629.58 171.58 649.06 197.25
634.78 169.65 657.7 195.76
624.43 165.53 635.51 201.63
630.85 170.67 664.32 191.84
638.9 169.38 661.44 196.71
627.84 166.85 648.32 192.13
625.4 171.71 644.32 197.18
626.7 175.72 655.63 198.49
645.2 161.7 658.03 202.08
626.29 171.14 655.28 190.27
628.06 168.64 658.69 187.96
620.96 172.74 639.31 195.78
632.16 171.72 645.34 204.77
624.92 166.29 644.22 191.77
623.33 173.37 652.29 195.26
619.39 176.37 638.54 197.59
629.27 165.06 651.63 189.57
631.29 179.1 653.61 202.64
625.83 163.68 647.08 188.87
616.18 177.89 644.54 196.9
613.64 168.18 627.98 201.88
608.16 174.63 630.38 195.46
609.82 166.82 624.88 199.54
603.51 179.27 634.92 195.42
613.81 174.24 633.51 195.79
605.76 164.56 620.29 199.23
601.56 173.51 624.78 194.45
596.84 163.19 609.44 198.1
596.6 178.67 630.07 195.38
605.09 172.44 626.75 192.62
601.71 163.52 614.02 198.64
598.11 175.69 630.32 192.83
637.37 176.83 672.21 202.29
641.59 177.19 665.96 205.11
631.29 179.1 653.61 202.64
548.08 164.74 563.87 206.75
550.43 163.51 567.11 205.78
552.85 162.52 570.61 206.77
550.43 163.51 567.11 205.78
552.85 162.52 570.61 206.77
640.56 170.05 675.52 192.94
636.45 168.19 667.23 188.46
636.07 168.18 651.25 201.74
635.08 173.63 658.52 201.96
632.82 171.64 654.91 198.32
639.78 172.69 663.88 203.01
630.48 175.28 663.01 200.03
630.6 169.53 652.05 194.82
629.12 173.13 660.03 194.62
634.54 171.52 669.57 196.68
629.58 171.58 649.06 197.25
634.78 169.65 657.7 195.76
641.59 177.19 665.96 205.11
630.85 170.67 664.32 191.84
638.9 169.38 661.44 196.71
627.84 166.85 648.32 192.13
625.4 171.71 644.32 197.18
626.7 175.72 655.63 198.49
644.18 168.27 667.78 197.72
626.29 171.14 655.28 190.27
628.06 168.64 658.69 187.96
632.16 171.72 645.34 204.77
631.29 179.1 653.61 202.64
636.45 168.19 667.23 188.46
524.55 169.49 537.27 206.61
522.65 173.09 550.19 201.2
644.53 174.02 672.6 205.54
635.08 173.63 658.52 201.96
632.82 171.64 654.91 198.32
639.78 172.69 663.88 203.01
637.37 176.83 672.21 202.29
630.48 175.28 663.01 200.03
629.12 173.13 660.03 194.62
634.54 171.52 669.57 196.68
629.58 171.58 649.06 197.25
640.69 172.31 654.98 211.33
641.59 177.19 665.96 205.11
636.92 173.67 652.85 209.38
645.44 172.17 659.42 211.08
630.85 170.67 664.32 191.84
648.66 174.43 667.14 213.61
634.5 172.82 649.3 208.71
632.16 171.72 645.34 204.77
631.29 179.1 653.61 202.64
