504.33 174.25 551.58 212.0
502.19 173.99 552.2 212.99
502.25 173.12 542.97 205.99
437.02 172.31 457.44 220.85
514.86 172.5 552.33 206.72
1084.4 128.57 1241.0 199.86
441.21 172.75 460.13 220.04
445.89 172.92 463.67 217.67
510.02 171.02 544.26 200.24
502.61 172.32 541.15 197.09
511.02 175.97 560.71 207.49
439.06 173.79 456.0 213.06
928.82 151.36 981.56 176.42
519.55 171.17 549.16 199.12
432.82 175.23 459.88 211.96
442.93 173.94 458.15 211.36
1017.2 147.24 1088.7 172.76
496.79 175.99 535.55 199.8
447.74 172.19 461.22 210.68
430.87 173.12 453.22 224.29
505.23 173.67 537.12 191.43
517.39 174.95 557.07 202.71
433.37 172.79 451.49 217.29
1102.6 132.95 1238.7 192.22
1011.2 148.42 1091.7 174.95
510.36 173.41 543.15 191.84
934.2 149.84 993.27 173.96
437.26 171.47 453.36 208.83
437.56 174.95 460.54 206.56
501.33 174.33 533.39 194.34
1085.8 141.49 1230.6 195.09
925.0 150.8 971.94 172.61
1069.1 151.84 1194.2 196.23
450.7 171.51 463.54 208.93
516.57 173.27 544.98 193.92
514.13 169.76 540.05 218.57
939.24 153.26 994.6 178.63
933.06 148.72 973.32 175.9
524.07 167.9 546.15 210.52
435.59 175.83 463.54 217.65
527.85 168.45 549.35 208.79
1084.4 128.57 1241.0 199.86
1085.8 141.49 1230.6 195.09
899.83 155.43 983.16 191.17
919.41 158.8 999.45 195.07
895.56 160.59 978.87 199.03
477.59 159.42 490.83 195.34
480.69 158.68 494.2 196.15
504.33 174.25 551.58 212.0
502.19 173.99 552.2 212.99
502.25 173.12 542.97 205.99
514.86 172.5 552.33 206.72
510.02 171.02 544.26 200.24
502.61 172.32 541.15 197.09
519.55 171.17 549.16 199.12
496.79 175.99 535.55 199.8
505.23 173.67 537.12 191.43
517.39 174.95 557.07 202.71
510.36 173.41 543.15 191.84
501.33 174.33 533.39 194.34
516.57 173.27 544.98 193.92
514.13 169.76 540.05 218.57
510.19 179.07 554.37 216.43
520.02 171.9 547.25 217.45
520.18 177.2 555.57 210.04
519.92 167.63 541.88 211.03
513.83 167.41 535.58 210.18
501.09 179.13 547.4 215.4
514.19 167.74 541.71 218.27
517.94 164.89 537.63 203.77
493.24 173.05 546.92 204.51
522.09 164.76 541.17 203.47
505.43 170.17 529.01 212.33
509.66 169.5 532.71 214.47
515.79 165.85 533.8 201.83
512.09 166.06 529.17 200.6
505.56 186.46 548.56 213.96
507.76 163.27 541.8 214.57
520.51 164.58 536.36 194.82
517.46 165.62 532.46 194.06
498.69 179.08 556.22 216.89
498.81 178.74 535.6 205.2
503.25 165.76 531.13 216.79
507.97 190.86 546.01 216.18
515.1 186.22 553.82 214.13
351.25 179.31 390.28 203.93
437.02 172.31 457.44 220.85
441.21 172.75 460.13 220.04
439.06 173.79 456.0 213.06
432.82 175.23 459.88 211.96
442.93 173.94 458.15 211.36
430.87 173.12 453.22 224.29
433.37 172.79 451.49 217.29
437.26 171.47 453.36 208.83
437.56 174.95 460.54 206.56
435.59 175.83 463.54 217.65
431.5 175.26 455.35 204.7
441.57 174.18 463.95 210.9
435.13 169.44 459.59 223.58
431.86 179.94 460.29 220.8
433.84 170.64 449.3 207.08
425.97 173.0 466.26 221.22
429.8 176.23 447.31 222.56
426.79 180.21 469.37 205.39
441.24 180.08 466.84 220.11
441.15 168.59 456.17 204.22
437.09 181.27 458.61 227.99
431.54 171.8 445.81 210.01
429.14 178.58 466.58 201.03
444.88 173.05 464.35 200.49
438.25 167.84 465.81 218.7
429.33 175.51 450.62 202.33
428.69 177.81 452.87 211.78
428.84 166.93 457.79 227.91
419.1 178.02 467.94 226.51
437.09 164.73 452.39 202.14
427.01 171.11 441.42 215.61
430.17 169.11 444.48 203.84
432.21 187.78 461.56 227.18
433.37 165.18 448.56 201.68
427.39 182.96 454.13 221.14
426.57 174.35 444.59 221.97
424.06 164.47 451.7 228.09
1085.5 134.6 1112.1 199.09
716.16 165.62 730.36 199.34
930.07 153.58 958.2 180.57
936.82 146.42 954.33 187.24
926.94 147.78 939.76 185.43
934.86 147.03 948.59 186.07
933.11 154.93 948.04 193.81
930.93 148.28 943.2 187.22
935.53 153.43 952.13 192.64
930.75 142.42 941.98 179.81
921.69 155.5 944.1 180.93
926.33 152.86 939.9 194.04
929.48 155.06 944.28 197.28
925.27 138.07 952.71 198.99
1010.3 135.16 1038.7 196.16
650.47 163.79 663.84 201.33
652.54 163.08 666.67 201.46
648.08 166.7 661.15 202.62
655.62 162.78 668.91 201.07
654.5 157.29 667.22 196.36
646.53 168.16 667.61 200.19
649.41 164.81 668.68 196.03
652.06 157.23 664.92 196.29
578.55 161.9 590.47 197.15
582.08 162.29 594.4 194.95
574.18 164.08 586.8 200.69
584.87 162.12 598.41 193.74
587.77 162.02 601.15 193.47
575.57 159.54 587.37 196.25
571.94 165.94 584.19 202.26
571.75 159.09 583.83 196.97
580.21 164.31 598.26 193.07
582.45 162.94 602.09 190.71
576.99 163.86 594.78 193.95
712.9 161.01 727.74 198.1
1043.6 137.69 1070.5 183.26
1049.4 137.09 1076.5 185.06
361.93 175.17 381.95 219.47
365.68 174.51 384.29 214.82
359.38 175.82 383.78 209.28
357.94 173.86 374.8 216.57
359.65 179.81 379.22 221.6
368.72 174.88 387.36 216.28
357.4 178.0 382.91 216.22
364.01 182.96 385.12 221.95
352.48 173.78 369.59 215.59
361.73 177.71 386.11 205.17
351.25 179.31 390.28 203.93
359.65 163.51 393.33 224.14
445.89 172.92 463.67 217.67
439.06 173.79 456.0 213.06
442.93 173.94 458.15 211.36
447.74 172.19 461.22 210.68
437.26 171.47 453.36 208.83
437.56 174.95 460.54 206.56
450.7 171.51 463.54 208.93
441.57 174.18 463.95 210.9
441.15 168.59 456.17 204.22
446.73 174.89 465.81 204.67
455.04 171.63 467.2 211.01
444.88 173.05 464.35 200.49
445.44 169.03 458.62 202.91
455.92 170.55 469.27 206.62
459.92 170.2 474.24 209.14
436.37 175.67 468.04 194.2
440.27 172.44 459.87 195.05
450.04 174.72 471.32 201.36
438.63 178.23 471.5 198.37
449.81 168.58 462.26 202.5
441.44 175.03 471.54 193.01
452.74 167.96 465.94 201.73
437.09 164.73 452.39 202.14
448.4 171.88 468.79 193.7
455.54 174.6 476.92 199.88
446.0 172.59 474.16 190.33
446.56 177.75 470.54 213.12
437.62 173.26 466.62 190.18
451.67 171.38 474.02 193.07
456.64 167.33 470.81 201.44
454.72 177.17 477.47 205.42
443.33 177.82 477.51 195.54
445.68 160.61 475.68 218.48
494.55 176.64 514.48 198.59
477.86 167.6 490.12 200.45
503.22 167.89 513.78 200.0
498.43 166.82 508.49 202.43
490.71 173.92 509.87 196.34
492.84 172.96 513.04 192.59
928.57 146.46 953.83 168.86
936.16 144.95 964.45 167.22
931.68 143.87 957.67 166.08
927.87 143.04 952.55 164.59
711.43 165.37 724.67 198.86
709.21 165.26 721.63 198.82
528.8 172.64 551.7 199.03
528.53 167.12 544.24 197.53
532.48 168.79 547.04 197.98
537.08 167.21 550.08 199.55
527.85 168.45 549.35 208.79
526.59 173.38 553.74 204.29
534.86 169.78 551.69 207.43
532.34 173.43 552.79 214.39
540.23 168.12 553.76 208.27
528.8 172.64 551.7 199.03
530.57 176.17 556.16 206.16
528.53 167.12 544.24 197.53
543.51 168.54 556.7 210.74
532.48 168.79 547.04 197.98
538.5 173.76 554.95 213.22
537.08 167.21 550.08 199.55
524.55 174.34 548.16 194.48
