398.48 179.32 437.3 199.77
179.18 182.98 279.62 237.03
395.88 179.79 426.75 199.57
167.57 181.43 288.47 241.16
403.86 178.31 437.36 196.51
198.81 183.21 281.01 226.25
396.37 177.61 429.34 195.87
408.11 180.08 436.27 199.69
670.56 144.46 810.78 241.09
686.52 129.78 833.64 237.36
198.81 183.21 281.01 226.25
202.05 186.33 278.41 238.69
196.66 179.39 277.56 217.99
213.1 194.41 289.98 238.69
207.42 189.37 274.39 222.77
241.03 175.91 269.53 194.86
238.32 177.13 274.75 193.58
845.69 169.98 870.55 190.66
