302.72 175.38 338.68 272.51
39.383 189.63 102.72 216.14
37.142 191.07 97.907 216.43
294.84 181.17 344.69 266.45
306.63 172.79 327.14 233.54
299.38 172.59 332.43 255.76
39.258 193.98 91.726 214.66
306.82 171.18 331.99 241.68
38.492 187.74 98.221 210.99
42.135 186.1 91.019 215.77
343.61 174.57 378.99 253.69
335.93 181.82 384.72 237.3
344.2 184.86 395.88 240.3
11.261 140.41 49.16 234.5
0.0 140.26 19.346 237.7
0.0 140.34 33.736 238.87
0.0 127.78 26.378 233.27
304.7 177.21 330.16 216.25
302.5 175.86 327.01 211.69
312.45 169.01 328.07 211.18
306.5 174.48 328.33 205.67
302.19 169.16 316.15 210.67
299.32 177.15 322.22 209.37
298.35 177.45 336.43 198.49
299.05 174.65 320.56 203.34
307.99 172.64 330.62 199.3
308.34 173.4 333.31 212.68
301.46 172.28 324.59 199.06
309.8 175.17 332.36 204.95
297.11 174.07 335.39 193.85
308.98 166.73 325.1 204.38
297.73 171.95 319.73 198.04
294.81 174.96 315.02 201.65
297.98 179.02 342.04 204.66
295.21 177.95 317.35 206.45
305.83 167.35 320.22 204.02
304.92 171.07 328.32 195.09
268.63 175.61 281.83 208.86
266.39 170.95 280.07 204.17
264.94 177.15 284.4 200.48
272.23 175.02 284.86 208.72
270.25 179.68 284.47 212.57
286.45 172.79 298.7 208.97
263.29 168.69 276.32 205.11
349.73 177.18 376.39 198.58
343.53 178.39 380.62 195.88
293.89 170.41 306.36 206.21
299.05 174.65 320.56 203.34
290.49 169.08 302.61 204.73
297.73 171.95 319.73 198.04
294.81 174.96 315.02 201.65
293.56 171.68 314.26 197.04
295.21 177.95 317.35 206.45
290.41 171.54 310.25 195.82
305.83 167.35 320.22 204.02
291.57 174.74 310.72 199.89
297.32 167.46 310.4 202.79
287.15 173.91 322.64 192.62
286.82 171.28 306.66 195.43
293.3 161.33 307.38 199.15
