666.26 177.81 752.94 238.87
222.4 183.33 411.92 257.41
245.78 174.42 442.67 246.79
664.39 177.86 736.56 227.7
426.16 170.61 512.14 210.74
157.42 183.97 392.16 265.53
640.24 175.69 682.11 208.2
659.86 177.6 721.18 223.58
411.48 171.79 502.73 213.86
657.65 177.12 709.11 217.88
290.99 169.98 457.07 238.84
691.31 166.62 855.86 288.6
389.07 170.86 489.21 214.84
448.17 171.39 520.17 205.34
635.91 175.56 675.13 205.57
114.32 186.56 371.44 283.4
628.84 174.01 667.9 201.07
369.42 167.7 481.49 218.53
653.22 174.58 700.21 213.68
646.84 177.52 687.52 210.64
7.6901 182.06 307.39 328.09
671.77 174.78 821.72 266.14
51.497 187.88 340.25 292.29
629.21 173.15 657.22 196.51
349.05 170.19 470.48 227.34
643.04 174.99 690.92 210.22
642.58 181.85 678.34 209.58
505.21 173.49 547.83 195.01
462.75 170.4 527.39 202.98
340.18 164.92 471.55 229.54
37.419 189.11 345.78 307.58
665.07 173.74 772.62 244.97
655.91 178.98 701.72 213.11
457.14 172.13 522.72 203.06
323.42 177.86 457.7 232.3
678.41 174.16 765.69 240.86
207.41 178.16 376.29 272.41
495.52 175.16 542.24 198.43
683.94 180.5 836.53 278.68
637.67 171.99 683.41 208.22
9.3161 193.28 255.43 350.34
488.04 171.21 539.06 196.69
131.1 179.57 359.1 257.69
101.81 181.85 374.27 291.24
628.22 174.76 650.31 194.2
370.99 177.9 478.01 226.75
663.26 179.81 712.26 216.36
447.5 174.38 513.89 205.25
638.8 174.2 672.65 200.47
217.93 173.31 411.64 243.32
717.36 170.7 861.95 272.94
512.0 171.95 553.69 191.58
35.537 187.24 304.64 273.56
667.8 180.68 724.02 223.11
497.65 171.44 539.99 191.77
449.49 165.93 521.81 199.61
146.97 177.81 346.96 297.53
690.34 178.35 778.64 228.8
24.607 191.52 280.84 296.75
633.95 176.45 660.79 198.07
273.88 176.74 416.35 247.86
475.27 172.59 535.14 200.47
437.29 173.03 503.04 205.01
640.73 183.51 672.9 207.22
71.946 177.3 323.48 254.47
399.75 179.06 487.73 222.85
442.34 175.27 516.61 210.44
426.62 176.0 490.91 209.94
178.7 198.76 365.69 280.33
376.22 161.2 499.98 223.43
685.54 176.78 735.19 256.2
645.85 175.95 679.59 201.24
149.82 177.14 413.62 282.13
500.52 172.1 536.65 196.97
302.1 172.01 439.42 230.6
629.81 172.98 676.77 203.52
10.706 181.36 247.76 268.77
345.5 172.67 452.0 239.71
402.99 165.9 477.67 215.11
0.0 151.37 474.67 366.28
466.78 167.23 518.65 202.74
277.93 177.93 432.0 240.83
354.75 166.42 463.15 215.9
17.95 197.23 251.97 321.1
252.72 178.16 392.97 253.75
480.98 170.72 541.69 201.14
630.83 172.2 663.88 193.85
356.55 181.7 473.8 234.4
625.42 175.7 643.73 193.72
480.1 168.41 534.1 194.03
727.35 150.72 828.72 309.7
295.67 159.06 479.47 226.06
9.1522 160.94 219.98 329.37
0.5979 200.88 108.07 362.68
691.31 166.62 855.86 288.6
290.99 169.98 457.07 238.84
295.67 159.06 479.47 226.06
664.39 177.86 736.56 227.7
659.86 177.6 721.18 223.58
657.65 177.12 709.11 217.88
663.26 179.81 712.26 216.36
667.8 180.68 724.02 223.11
674.23 181.07 724.99 214.5
658.48 183.06 708.74 221.42
680.25 175.44 718.08 240.31
670.24 178.28 716.7 212.92
679.75 170.78 715.82 226.15
663.92 186.53 713.12 226.19
670.83 192.43 719.32 230.38
665.85 175.82 727.5 213.34
437.29 173.03 503.04 205.01
459.27 159.34 488.08 217.25
455.31 167.21 485.62 224.03
456.51 153.32 492.93 211.81
440.63 175.25 506.0 212.19
464.34 166.91 490.93 218.67
685.54 176.78 735.19 256.2
680.25 175.44 718.08 240.31
681.25 168.16 728.92 242.29
670.83 192.43 719.32 230.38
686.74 175.04 713.16 231.44
673.37 194.91 727.42 234.73
673.25 172.47 711.2 252.35
640.24 175.69 682.11 208.2
635.91 175.56 675.13 205.57
646.84 177.52 687.52 210.64
642.58 181.85 678.34 209.58
637.67 171.99 683.41 208.22
638.8 174.2 672.65 200.47
633.95 176.45 660.79 198.07
640.73 183.51 672.9 207.22
645.85 175.95 679.59 201.24
645.5 173.99 667.67 213.4
635.05 178.87 664.99 203.34
643.02 171.92 662.83 209.59
656.12 173.19 677.69 216.45
652.3 173.86 672.96 215.55
649.35 170.05 670.24 209.29
660.54 171.76 682.3 214.56
650.14 178.67 669.24 215.92
641.83 166.9 659.73 201.27
661.22 169.44 686.29 216.32
653.58 168.41 678.49 215.3
639.77 175.77 658.62 210.22
645.77 168.28 664.93 202.09
646.35 167.97 672.59 216.17
644.84 182.01 662.72 212.59
652.72 175.98 686.71 198.63
662.75 170.36 678.7 208.29
641.59 174.99 673.16 193.93
653.46 170.43 673.51 201.45
648.17 187.99 674.15 207.85
638.89 186.27 669.36 205.67
643.15 189.16 670.06 207.52
658.42 171.86 676.46 202.39
652.25 186.08 679.57 210.74
648.96 176.49 678.16 195.65
636.11 183.59 661.42 203.18
660.11 178.31 679.53 218.6
639.48 172.79 666.5 191.93
462.75 170.4 527.39 202.98
488.04 171.21 539.06 196.69
475.27 172.59 535.14 200.47
466.78 167.23 518.65 202.74
480.1 168.41 534.1 194.03
469.1 174.85 530.33 203.68
488.63 176.22 539.29 202.02
471.16 167.95 526.79 195.42
461.45 176.67 523.05 207.86
486.41 166.01 528.89 196.37
469.19 167.06 521.89 190.26
484.13 178.3 531.29 206.05
488.96 165.02 514.63 211.76
628.84 174.01 667.9 201.07
629.21 173.15 657.22 196.51
628.22 174.76 650.31 194.2
633.95 176.45 660.79 198.07
630.83 172.2 663.88 193.85
625.42 175.7 643.73 193.72
635.05 178.87 664.99 203.34
643.02 171.92 662.83 209.59
635.18 167.74 653.73 202.17
624.32 174.28 645.89 191.31
633.3 177.78 654.68 196.62
638.31 168.34 655.89 205.21
649.35 170.05 670.24 209.29
627.33 171.05 657.99 189.84
633.01 169.12 649.45 199.85
641.83 166.9 659.73 201.27
645.77 168.28 664.93 202.09
630.74 171.85 643.21 197.69
628.89 178.66 647.52 196.09
624.16 167.99 670.67 202.45
634.07 171.34 663.18 189.87
637.01 174.33 653.83 205.14
638.42 165.8 656.21 193.63
638.89 186.27 669.36 205.67
643.15 189.16 670.06 207.52
631.94 164.56 649.76 194.24
628.71 164.81 643.12 193.19
636.11 183.59 661.42 203.18
631.15 180.63 649.07 198.38
628.75 167.92 654.76 188.05
639.48 172.79 666.5 191.93
521.04 173.34 559.07 191.23
529.14 172.87 565.84 190.53
521.12 163.34 538.2 192.78
516.93 173.22 550.15 195.68
521.66 167.93 537.19 201.57
520.36 175.57 554.04 196.85
517.58 168.44 532.09 201.84
524.37 165.89 541.3 198.59
513.31 166.91 552.47 184.14
527.56 171.12 542.09 201.32
528.35 167.62 543.66 197.6
521.12 163.34 538.2 192.78
512.0 171.95 553.69 191.58
516.93 173.22 550.15 195.68
512.03 175.96 546.23 198.48
520.36 175.57 554.04 196.85
527.56 171.12 542.09 201.32
1212.3 188.97 1229.9 260.71
1215.6 192.74 1233.0 264.68
1216.5 178.02 1242.0 238.66
1207.1 200.42 1242.0 243.43
628.22 174.76 650.31 194.2
625.42 175.7 643.73 193.72
624.32 174.28 645.89 191.31
633.01 169.12 649.45 199.85
622.84 175.68 638.3 192.13
622.46 173.36 640.85 189.65
630.74 171.85 643.21 197.69
619.0 173.81 634.04 189.79
628.89 178.66 647.52 196.09
627.95 171.64 637.74 195.26
621.83 171.6 645.55 189.42
624.02 178.56 637.32 193.29
631.94 164.56 649.76 194.24
624.87 172.2 633.57 193.69
618.56 171.17 639.06 188.6
620.79 170.53 630.45 193.92
628.71 164.81 643.12 193.19
631.15 180.63 649.07 198.38
624.89 165.51 637.3 192.73
373.9 160.17 459.97 211.43
391.17 172.26 458.49 206.76
398.67 177.39 466.29 210.23
378.38 174.35 451.0 209.48
