429.81 177.06 551.15 226.27
5.3468 180.67 203.25 272.25
595.48 181.88 660.65 236.29
696.36 173.96 759.99 225.63
326.72 181.11 478.73 260.85
942.7 214.91 1238.2 366.74
703.58 177.99 767.94 228.68
472.93 178.79 556.9 220.09
438.67 175.29 536.2 216.92
45.859 183.88 231.92 263.72
215.2 181.6 446.32 308.37
687.4 173.56 752.34 217.73
247.09 178.97 469.75 281.31
6.7361 180.64 129.72 266.81
722.83 182.24 798.66 248.99
772.27 171.99 961.07 300.83
485.84 174.83 561.35 210.93
503.24 175.2 569.12 206.46
715.91 178.49 788.66 237.67
518.58 176.67 574.71 204.84
304.12 173.78 461.34 278.42
461.36 176.23 544.43 224.88
203.75 178.68 448.06 306.92
198.44 177.58 277.49 211.39
612.61 175.86 644.36 202.08
722.94 185.07 827.12 246.49
707.95 186.44 782.73 234.65
280.84 175.96 455.81 298.45
710.94 179.94 784.8 225.15
202.34 179.09 290.73 215.91
357.65 178.16 484.68 248.73
508.68 174.1 570.29 203.76
609.53 177.86 645.14 208.09
618.46 177.75 650.58 199.21
733.93 176.62 822.89 225.07
739.34 179.08 782.88 264.74
747.22 175.22 941.49 281.4
195.47 175.36 413.51 283.52
376.73 176.73 511.75 242.95
612.12 174.9 643.79 195.1
738.41 172.47 818.39 213.88
606.04 180.69 657.52 229.41
598.72 178.62 651.94 221.57
617.17 178.13 651.58 206.8
705.77 176.62 771.13 216.71
528.58 176.12 581.76 200.68
351.06 184.64 474.13 248.32
9.429 175.29 93.132 264.6
739.66 177.6 904.51 269.17
218.58 179.56 316.61 220.14
351.99 180.32 467.75 276.43
728.6 177.64 866.63 261.88
607.53 175.32 636.8 202.27
426.65 175.75 515.7 212.66
395.03 175.71 537.61 236.57
740.7 180.12 833.67 250.26
612.92 180.21 649.54 211.86
188.32 179.1 376.22 270.02
910.74 201.62 1193.7 355.37
8.419 177.49 95.414 266.21
619.41 176.05 647.57 193.96
714.41 174.9 836.03 246.48
677.63 169.94 690.12 203.21
418.09 175.42 548.75 228.72
106.91 185.63 251.57 262.81
296.02 178.35 474.04 249.9
743.59 183.26 845.65 235.69
751.63 179.99 835.75 223.41
604.54 176.79 639.14 208.5
691.97 175.17 748.86 212.39
730.44 184.76 791.73 259.73
679.79 171.84 692.4 206.29
685.87 173.51 736.78 215.17
715.75 175.4 786.67 215.18
804.59 183.86 975.44 275.85
502.1 177.2 562.06 206.2
797.12 148.61 1242.0 375.0
204.99 177.67 281.5 209.08
689.41 176.22 735.07 213.21
674.97 170.16 686.74 200.52
446.92 176.53 510.15 200.29
726.95 174.86 800.39 211.88
724.34 172.92 816.66 257.54
364.55 173.5 467.19 253.2
0.14459 167.93 70.928 245.95
747.97 175.05 807.87 203.21
957.69 218.18 1221.7 357.38
733.06 178.14 775.73 256.33
706.09 184.07 761.4 225.36
791.29 166.44 948.68 280.08
188.16 176.29 359.22 248.76
683.87 174.92 696.38 206.93
260.85 178.61 455.85 255.8
618.01 180.92 655.08 202.68
704.99 179.46 759.72 214.36
9.0755 169.67 72.317 270.8
513.1 174.63 582.24 205.6
195.39 181.65 302.59 226.77
414.46 178.26 520.36 221.34
698.94 173.26 755.25 207.7
607.9 171.48 651.4 237.81
610.83 182.23 656.23 208.54
531.86 173.47 585.93 197.51
447.0 174.26 501.63 195.31
607.23 180.14 647.18 218.93
674.96 175.66 694.68 202.06
352.34 176.77 469.94 231.3
604.57 177.12 656.44 213.19
628.02 179.07 655.09 197.38
229.59 179.68 337.23 222.73
605.56 182.58 651.24 226.24
625.63 177.64 648.96 197.06
78.159 194.71 214.0 253.81
612.34 174.63 640.82 189.75
734.62 169.27 987.75 301.42
750.82 172.7 805.9 198.1
597.15 181.76 646.84 210.02
672.6 176.28 691.09 201.24
226.35 176.11 439.07 263.67
695.35 171.56 741.51 209.67
514.89 171.32 573.73 200.32
700.87 180.71 754.3 221.31
528.79 177.51 570.5 208.0
209.19 180.63 326.9 230.39
753.05 178.61 795.4 271.7
10.348 198.02 224.66 278.31
0.0 195.82 146.93 275.74
3.917 161.61 61.337 261.16
694.99 173.49 757.04 207.44
757.5 175.12 834.11 210.36
596.55 178.92 641.15 205.37
1020.3 230.72 1242.0 356.13
14.217 181.81 128.44 267.15
749.35 187.19 777.91 258.62
604.96 174.75 635.63 194.32
684.8 176.44 719.04 208.56
677.96 180.38 714.51 202.64
678.1 178.57 726.94 204.89
680.31 177.96 702.1 203.54
444.45 175.99 525.33 206.12
492.04 181.03 555.09 210.13
12.588 168.3 243.99 246.53
782.48 198.35 944.57 304.27
862.05 241.8 1242.0 375.0
196.1 174.25 275.27 220.34
760.95 176.99 803.5 271.74
710.26 177.23 765.08 219.52
292.6 193.84 467.12 289.46
367.12 181.38 482.24 240.64
185.98 185.54 273.29 228.36
712.03 169.3 746.21 233.56
84.896 184.33 236.36 275.67
740.31 173.74 815.57 204.18
0.14459 167.93 70.928 245.95
0.0 170.24 81.776 252.05
0.0 150.96 77.121 243.1
791.29 166.44 948.68 280.08
0.0 173.06 251.98 281.76
429.81 177.06 551.15 226.27
438.67 175.29 536.2 216.92
595.48 181.88 660.65 236.29
606.04 180.69 657.52 229.41
598.72 178.62 651.94 221.57
607.9 171.48 651.4 237.81
605.56 182.58 651.24 226.24
606.73 179.67 644.02 244.16
591.22 193.84 666.78 239.81
607.95 187.52 660.92 222.55
594.06 185.83 644.91 222.51
601.7 186.62 661.44 236.6
581.27 174.68 671.06 248.92
340.43 172.46 463.31 253.42
209.19 180.63 326.9 230.39
696.36 173.96 759.99 225.63
703.58 177.99 767.94 228.68
705.77 176.62 771.13 216.71
706.09 184.07 761.4 225.36
704.99 179.46 759.72 214.36
700.87 180.71 754.3 221.31
710.26 177.23 765.08 219.52
719.17 171.71 751.55 233.94
714.07 187.8 768.53 228.7
720.2 183.04 753.46 243.32
721.91 172.81 749.42 229.35
706.1 190.59 754.13 229.91
713.2 178.62 749.47 239.53
721.59 169.64 743.67 220.4
718.69 177.13 745.29 231.6
723.32 191.36 771.14 232.52
696.36 173.96 759.99 225.63
687.4 173.56 752.34 217.73
691.97 175.17 748.86 212.39
685.87 173.51 736.78 215.17
689.41 176.22 735.07 213.21
706.09 184.07 761.4 225.36
704.99 179.46 759.72 214.36
698.94 173.26 755.25 207.7
695.35 171.56 741.51 209.67
700.87 180.71 754.3 221.31
694.99 173.49 757.04 207.44
705.2 168.86 737.81 230.38
684.57 173.45 738.81 206.64
692.61 180.26 745.81 219.54
710.35 164.47 746.82 219.61
702.55 165.24 739.64 219.33
689.85 166.74 749.68 209.06
531.86 173.47 585.93 197.51
542.05 175.12 588.5 198.76
549.47 171.77 584.05 198.21
557.28 173.67 592.55 194.76
539.32 171.04 592.02 193.17
724.34 172.92 816.66 257.54
747.97 175.05 807.87 203.21
750.82 172.7 805.9 198.1
740.31 173.74 815.57 204.18
757.34 176.47 817.19 200.6
759.67 173.64 816.02 195.35
739.46 175.02 794.41 200.58
755.46 173.5 806.99 191.14
753.76 173.43 796.91 202.24
762.69 174.01 809.72 202.09
750.12 173.36 797.94 189.87
502.1 177.2 562.06 206.2
514.89 177.83 564.12 208.95
508.6 172.47 562.77 198.77
502.35 173.12 553.0 196.31
506.43 173.93 550.18 203.58
500.87 175.11 541.79 203.11
441.85 174.32 487.96 194.65
450.7 173.68 493.04 190.6
466.02 163.73 478.37 199.61
534.14 177.1 575.12 204.03
835.43 173.69 873.84 190.36
677.63 169.94 690.12 203.21
679.79 171.84 692.4 206.29
674.97 170.16 686.74 200.52
683.87 174.92 696.38 206.93
674.96 175.66 694.68 202.06
672.6 176.28 691.09 201.24
680.31 177.96 702.1 203.54
672.38 171.67 682.99 198.93
669.77 177.03 687.99 200.32
670.29 180.64 702.44 200.91
686.21 176.08 698.54 208.98
688.07 173.21 699.77 207.52
667.5 178.2 695.72 198.92
680.6 174.2 696.98 202.0
691.54 171.44 708.51 212.96
671.25 169.08 688.73 197.26
689.42 175.96 701.66 211.49
670.61 167.1 684.08 200.88
674.83 180.1 698.51 203.04
673.3 182.75 708.67 203.31
675.98 178.31 704.09 199.41
667.9 174.27 694.61 194.7
670.82 180.5 694.83 202.61
677.03 171.61 693.42 198.61
673.71 167.68 691.96 195.3
612.12 174.9 643.79 195.1
619.41 176.05 647.57 193.96
628.02 179.07 655.09 197.38
625.63 177.64 648.96 197.06
612.34 174.63 640.82 189.75
604.96 174.75 635.63 194.32
606.85 174.75 630.91 197.57
619.91 175.25 646.62 189.71
606.24 173.77 634.62 189.7
624.71 175.24 650.9 190.36
610.23 172.05 638.79 186.76
672.6 176.28 691.09 201.24
669.77 177.03 687.99 200.32
665.96 173.71 682.7 196.54
739.34 179.08 782.88 264.74
730.44 184.76 791.73 259.73
733.06 178.14 775.73 256.33
743.46 188.84 770.38 257.74
747.09 190.1 773.36 265.28
745.03 198.31 768.73 268.83
738.4 183.39 768.39 250.18
737.88 191.12 774.32 264.55
745.54 183.94 774.63 248.79
746.65 184.28 785.19 275.38
