634.49 181.63 672.77 202.63
754.11 175.28 776.71 194.45
315.32 189.31 470.13 278.3
644.39 180.92 682.14 201.43
746.53 175.19 774.54 194.63
4.0938 159.27 300.23 362.43
660.51 180.0 690.66 197.41
758.75 173.18 778.98 192.6
653.94 179.71 686.46 197.84
664.88 180.35 696.68 197.87
535.29 181.33 590.3 224.06
0.0 160.25 405.24 375.0
538.58 183.85 586.73 222.89
750.14 173.09 776.81 191.99
763.91 174.19 781.5 192.17
741.46 174.86 770.56 195.35
633.28 182.66 663.37 203.43
667.34 180.36 702.15 200.5
631.05 181.36 666.15 200.24
686.97 182.62 710.97 243.09
663.56 177.81 691.52 193.35
672.84 179.28 710.17 197.75
688.87 174.97 710.59 227.56
673.72 179.0 701.08 203.4
657.18 178.36 686.52 194.06
675.61 178.4 706.51 206.2
761.17 176.48 780.02 194.66
670.45 180.1 711.31 202.95
681.26 177.37 711.75 208.3
668.12 178.99 693.35 200.04
542.05 180.57 582.36 215.38
535.49 181.11 579.26 220.13
667.53 178.62 699.47 194.89
768.35 174.39 785.66 192.11
756.37 170.13 778.71 188.29
641.67 179.21 674.93 195.84
648.82 177.7 681.94 195.12
0.0 145.57 250.05 341.81
685.08 179.62 713.1 212.38
691.39 177.3 713.36 232.49
739.77 173.57 764.0 196.93
732.79 175.18 763.16 194.65
687.03 175.66 706.92 222.22
674.65 179.09 699.89 197.38
690.93 174.24 709.19 216.14
297.99 185.15 458.91 262.69
676.31 177.87 708.8 193.11
636.17 180.25 668.27 198.46
537.95 180.19 573.03 213.62
682.29 176.49 703.87 227.64
682.64 175.89 712.65 239.36
686.23 178.99 711.45 201.7
692.75 176.31 712.28 219.21
652.66 181.79 685.53 201.59
37.457 172.19 272.2 244.56
531.42 182.92 577.71 210.67
315.32 189.31 470.13 278.3
326.09 195.7 469.29 282.06
686.97 182.62 710.97 243.09
688.87 174.97 710.59 227.56
691.39 177.3 713.36 232.49
682.29 176.49 703.87 227.64
682.64 175.89 712.65 239.36
683.0 182.78 704.66 239.97
681.08 188.19 710.62 233.59
691.53 188.18 712.63 241.7
674.65 176.46 717.61 225.59
697.21 175.88 715.41 232.29
680.22 179.08 697.89 229.46
677.48 180.76 720.52 241.81
677.62 171.21 708.01 236.03
698.01 186.58 716.48 243.97
680.12 181.34 700.76 242.7
686.4 167.58 717.06 232.1
693.76 178.12 721.34 253.01
693.09 165.57 722.41 228.82
535.29 181.33 590.3 224.06
538.58 183.85 586.73 222.89
542.05 180.57 582.36 215.38
535.49 181.11 579.26 220.13
537.95 180.19 573.03 213.62
531.42 182.92 577.71 210.67
528.47 178.57 589.57 214.34
532.95 188.26 576.94 222.91
544.16 182.63 592.5 212.74
537.0 182.45 584.14 206.84
547.69 176.04 573.71 225.36
545.57 187.07 595.32 217.14
552.67 176.32 580.2 224.84
526.47 179.86 580.7 224.27
548.29 179.65 585.26 209.27
541.34 173.23 573.0 231.52
528.0 186.17 574.56 214.34
534.62 192.9 586.84 225.81
529.15 188.77 596.56 228.94
550.84 188.73 591.28 221.19
554.3 172.6 573.85 215.26
529.55 173.47 601.36 207.35
740.95 151.72 769.1 211.6
741.19 165.43 763.45 187.82
741.54 165.37 785.36 199.53
747.94 152.69 776.2 210.15
754.16 151.5 781.05 209.32
740.95 151.72 769.1 211.6
634.49 181.63 672.77 202.63
633.28 182.66 663.37 203.43
631.05 181.36 666.15 200.24
641.67 179.21 674.93 195.84
636.17 180.25 668.27 198.46
639.2 184.96 671.96 203.48
629.37 180.28 658.63 201.09
643.04 178.52 658.91 208.74
640.24 178.87 656.07 208.7
641.37 174.73 657.48 202.51
647.0 182.7 675.81 202.27
636.45 182.94 654.05 209.74
646.89 178.88 662.08 209.73
630.3 178.58 666.75 195.48
631.75 186.58 660.92 205.12
638.2 174.52 653.61 201.84
648.04 173.94 662.62 202.77
652.68 176.32 665.79 207.75
643.81 172.66 660.96 197.8
635.73 175.74 649.21 205.33
642.1 176.05 676.09 190.91
629.37 189.39 662.0 207.1
643.14 176.91 671.16 193.12
634.6 188.38 668.26 205.76
641.49 182.67 659.86 213.18
628.52 185.42 654.0 204.15
745.1 160.38 759.6 198.42
757.63 180.06 776.59 197.99
762.2 181.07 780.12 198.63
753.71 179.64 774.93 199.37
766.26 182.44 783.51 198.87
749.86 178.95 772.22 201.21
771.39 182.86 788.54 199.14
759.37 182.79 780.04 200.96
544.76 181.78 585.0 200.41
