497.94 181.99 542.71 203.34
508.11 182.9 551.88 202.07
251.15 191.56 429.78 252.28
518.5 182.39 554.08 200.8
489.63 183.65 537.81 204.87
268.37 195.07 428.76 247.21
493.3 180.73 530.46 204.24
480.59 181.54 544.44 207.08
257.37 192.74 390.29 245.1
0.0 151.95 70.623 233.4
0.0 135.95 73.058 217.19
251.15 191.56 429.78 252.28
268.37 195.07 428.76 247.21
449.63 159.37 465.24 202.9
442.04 161.92 456.15 206.6
445.77 159.62 460.81 202.47
456.88 167.48 472.57 207.08
465.18 159.27 478.86 203.3
456.3 155.41 472.1 201.34
461.0 155.62 475.38 201.37
469.13 159.36 482.82 202.8
476.67 164.78 491.28 204.59
465.14 149.3 480.12 196.72
472.4 159.21 486.89 202.22
521.85 177.9 533.47 207.62
521.39 176.02 535.19 203.49
526.04 175.32 538.96 202.64
530.33 176.64 543.15 202.34
530.13 179.11 541.41 206.08
526.31 178.54 537.14 207.28
533.37 179.14 545.07 205.38
533.68 177.1 546.81 201.84
537.0 178.54 549.01 203.79
540.24 177.27 553.32 203.17
544.65 177.56 556.29 203.57
538.06 175.07 551.48 198.62
542.13 174.02 554.79 198.8
543.35 179.97 556.93 207.88
521.41 164.21 545.9 210.5
938.14 154.54 964.18 180.24
456.88 167.48 472.57 207.08
460.15 168.31 475.76 207.46
449.15 167.21 463.89 207.21
453.19 166.84 468.27 207.63
446.04 166.74 460.4 208.72
452.07 170.84 476.6 199.77
444.64 171.28 459.43 214.4
444.61 170.45 468.55 199.48
448.18 173.34 473.11 202.29
448.42 168.08 473.15 195.83
452.92 159.48 469.16 202.79
441.93 173.54 464.52 203.19
440.41 171.88 475.72 195.97
449.63 159.37 465.24 202.9
442.04 161.92 456.15 206.6
445.77 159.62 460.81 202.47
450.65 165.24 475.38 192.7
442.01 168.01 465.18 195.14
439.56 170.76 461.41 199.32
459.53 175.43 477.31 215.01
444.89 164.68 469.74 193.11
