389.58 187.54 544.33 295.83
567.1 179.07 617.42 220.64
568.88 179.72 616.43 218.86
857.21 169.51 871.64 205.33
567.45 177.03 608.93 212.73
859.31 170.8 875.34 208.34
854.43 170.26 873.57 202.63
565.88 184.34 607.5 219.54
546.94 175.98 556.89 208.29
576.37 176.43 617.64 212.7
862.45 172.16 878.06 209.1
568.88 179.72 616.43 218.86
565.88 184.34 607.5 219.54
562.03 179.49 603.81 209.2
573.35 183.88 619.0 223.39
568.92 188.62 613.04 224.33
565.79 192.89 609.11 221.61
559.21 184.94 623.98 224.36
570.89 185.02 598.25 229.17
581.42 182.74 622.52 220.19
581.35 182.95 607.97 230.34
563.95 189.02 602.13 215.76
578.17 188.98 603.55 229.1
555.05 182.67 610.5 230.16
857.21 169.51 871.64 205.33
859.31 170.8 875.34 208.34
854.43 170.26 873.57 202.63
862.45 172.16 878.06 209.1
851.35 168.91 865.65 206.76
856.32 165.58 869.62 203.18
853.97 173.94 876.2 209.17
865.68 170.33 880.27 206.46
849.81 171.58 868.67 201.3
855.81 168.05 875.09 196.91
849.74 173.39 880.49 193.67
862.12 165.76 875.8 202.47
852.67 165.3 864.52 201.08
861.11 170.5 879.41 202.75
848.14 176.14 882.45 199.08
845.8 171.4 863.59 195.62
851.95 159.95 878.11 218.54
871.23 169.9 885.75 207.39
855.28 161.37 884.48 219.19
849.31 177.46 870.88 207.64
845.9 179.24 884.81 203.38
853.94 176.09 887.2 196.49
845.6 176.23 864.11 201.53
856.67 159.37 872.64 201.89
845.07 173.69 873.31 192.01
859.91 173.07 883.06 208.9
845.06 163.9 887.48 211.02
857.57 166.27 878.63 194.43
866.06 171.1 887.86 200.2
858.2 174.56 877.77 212.74
861.54 167.78 881.15 195.22
866.38 162.93 881.53 202.64
848.41 167.28 868.41 192.87
871.64 163.71 886.71 201.3
850.53 175.21 866.01 211.38
862.34 158.12 878.08 201.27
854.19 176.73 870.52 213.59
847.06 184.41 887.12 207.83
849.74 173.39 880.49 193.67
853.94 176.09 887.2 196.49
852.33 170.38 882.06 191.32
857.57 166.27 878.63 194.43
861.54 167.78 881.15 195.22
859.91 176.5 896.32 195.32
972.12 144.65 988.44 193.88
657.64 168.93 669.99 199.9
654.51 175.16 673.62 199.15
660.04 168.87 671.6 206.27
657.66 171.74 670.72 212.03
546.94 175.98 556.89 208.29
548.45 176.62 559.32 209.14
544.63 177.81 555.77 212.21
545.34 172.86 557.78 202.01
542.44 176.67 560.49 203.4
540.45 174.47 559.39 196.11
541.85 175.93 553.73 211.63
551.99 177.63 562.03 207.4
537.52 177.75 569.51 197.74
537.96 175.24 557.93 200.24
540.08 169.2 553.13 201.8
544.46 179.67 562.23 208.53
545.36 178.77 565.23 200.84
540.12 179.47 554.2 215.57
542.83 168.3 555.68 196.36
547.49 168.91 560.38 198.15
538.25 180.85 572.72 201.77
552.56 177.67 564.5 212.1
558.13 176.99 568.4 210.89
551.11 170.5 562.41 201.05
563.1 174.05 573.38 211.92
538.32 179.0 558.54 210.63
551.54 178.26 571.94 200.18
546.86 167.75 570.3 222.06
657.58 161.86 670.77 192.29
655.03 162.16 668.31 191.69
664.23 159.23 675.16 193.12
