752.76 168.48 845.0 214.51
360.91 190.77 499.32 288.92
440.41 183.41 535.93 252.58
404.64 188.11 528.63 262.15
738.4 173.02 832.47 218.53
378.31 188.31 513.12 274.02
2.1824 193.56 360.77 367.97
704.63 175.59 781.84 244.3
912.38 159.92 983.52 188.87
737.21 165.35 830.7 208.22
496.55 176.61 562.25 220.03
911.75 157.84 989.09 188.25
728.77 166.97 806.76 205.87
453.25 175.73 540.25 245.49
470.36 176.1 543.77 237.58
711.3 169.0 790.53 236.35
997.97 130.17 1242.0 325.39
483.52 177.07 548.94 228.94
0.0 179.89 435.0 375.0
731.78 173.76 809.78 220.95
724.73 168.91 798.67 229.83
901.95 159.04 1149.7 254.53
421.84 179.97 535.8 247.34
931.24 142.66 1224.1 292.49
702.83 166.01 829.3 223.9
100.87 188.83 377.45 368.67
873.87 155.61 918.95 172.85
430.5 181.58 533.84 237.1
508.51 176.25 567.57 216.69
693.58 168.74 817.26 233.8
937.77 159.45 1169.2 240.56
428.65 172.74 499.34 206.17
917.83 157.4 982.67 183.35
520.85 183.63 571.54 212.32
0.0 178.49 273.69 358.34
724.82 162.62 805.64 197.39
915.12 165.6 1088.3 250.63
727.47 162.58 798.95 194.86
727.16 180.91 815.99 225.09
511.91 178.55 561.04 215.91
438.36 174.63 499.38 201.65
436.02 172.41 545.05 241.88
1030.1 158.56 1242.0 349.21
700.44 171.5 795.18 246.59
0.0 126.66 501.9 375.0
432.12 171.46 493.96 198.65
532.18 179.26 570.1 213.18
749.21 160.64 837.71 199.87
425.21 178.39 508.38 219.81
1001.5 97.496 1242.0 338.18
419.07 191.57 529.04 250.86
924.34 151.0 1104.4 266.13
713.23 169.91 785.37 217.95
425.12 171.38 483.44 196.4
926.44 158.26 993.08 186.7
32.776 165.62 375.5 338.13
428.84 183.19 518.1 248.02
974.16 160.51 1211.9 251.22
764.19 175.06 853.35 216.93
705.73 169.72 774.19 227.9
719.77 168.06 789.8 201.52
180.09 174.76 410.03 351.85
724.44 165.54 855.04 221.86
502.03 183.17 559.45 219.34
715.14 167.31 770.58 250.85
727.07 168.66 794.56 198.21
932.36 64.945 1242.0 375.0
911.31 165.53 972.6 189.36
419.31 189.69 507.28 238.01
1048.3 158.15 1242.0 321.2
460.05 166.72 517.14 260.68
925.65 160.2 1001.7 192.85
372.06 180.52 508.4 255.25
921.95 156.38 982.68 175.78
769.14 169.17 853.72 209.06
175.17 202.6 380.59 318.91
423.52 175.96 476.95 198.64
908.07 175.4 1069.0 259.26
419.0 171.5 491.91 200.92
439.33 172.95 513.7 229.34
762.8 162.39 849.24 202.75
713.34 182.51 805.87 236.14
188.78 194.51 373.31 297.18
488.16 172.7 529.25 250.45
472.67 168.9 525.85 257.07
704.63 175.59 781.84 244.3
711.3 169.0 790.53 236.35
715.14 167.31 770.58 250.85
698.59 184.84 786.78 252.29
360.91 190.77 499.32 288.92
357.94 181.31 485.87 274.66
731.78 173.76 809.78 220.95
727.16 180.91 815.99 225.09
713.34 182.51 805.87 236.14
440.41 183.41 535.93 252.58
453.25 175.73 540.25 245.49
436.02 172.41 545.05 241.88
459.08 171.41 533.28 229.77
449.63 180.56 541.89 259.22
449.56 194.13 528.43 257.68
764.19 175.06 853.35 216.93
769.14 169.17 853.72 209.06
762.8 162.39 849.24 202.75
0.0 163.96 68.735 251.43
432.12 171.46 493.96 198.65
425.12 171.38 483.44 196.4
423.52 175.96 476.95 198.64
419.0 171.5 491.91 200.92
432.34 177.79 487.71 202.15
426.67 171.56 474.88 192.02
439.8 171.32 497.23 193.01
420.37 167.23 494.76 196.03
425.35 174.05 469.66 195.24
427.77 169.23 480.9 187.74
433.66 167.86 478.37 194.85
431.12 175.81 472.17 202.52
443.05 168.28 484.07 195.22
417.8 178.01 470.2 200.73
435.73 168.84 491.5 189.34
426.35 169.84 468.75 189.14
428.15 166.39 479.42 183.49
423.52 175.96 476.95 198.64
432.34 177.79 487.71 202.15
438.5 172.77 482.58 203.02
425.35 174.05 469.66 195.24
419.67 178.17 460.23 198.3
423.42 175.72 458.96 194.91
431.12 175.81 472.17 202.52
438.15 178.63 478.37 206.87
460.39 163.55 476.49 205.79
451.55 161.99 468.61 201.05
447.36 161.61 466.08 200.73
456.29 163.71 472.01 199.93
734.78 161.94 786.57 193.41
727.86 161.82 791.63 187.38
737.37 160.3 782.74 188.06
729.75 158.84 794.6 181.52
740.77 158.02 785.45 182.97
511.91 178.55 561.04 215.91
512.9 171.03 543.98 231.16
524.8 172.0 552.7 222.35
518.45 172.76 548.14 228.95
520.16 171.32 544.73 222.38
522.01 174.52 548.67 226.85
535.77 173.94 558.25 220.78
525.02 170.2 557.47 224.48
511.76 189.16 556.44 225.22
510.29 180.19 536.59 228.43
515.57 172.75 540.91 223.27
510.99 166.28 549.72 223.04
514.45 168.91 536.22 218.22
526.45 182.62 550.87 227.33
531.74 179.74 552.99 225.89
528.61 170.24 549.94 214.06
523.07 168.97 542.45 214.42
519.87 167.93 538.77 214.3
538.17 181.03 556.17 223.39
533.88 172.21 553.21 213.38
407.45 183.41 445.46 199.9
413.5 179.68 452.06 199.5
412.68 181.47 439.74 199.71
417.22 176.78 451.72 195.27
408.69 182.48 437.12 201.92
414.65 177.41 440.14 197.69
408.66 176.45 441.14 194.41
418.61 177.13 432.25 209.63
420.94 174.87 434.01 204.36
419.04 176.8 444.56 196.73
418.83 172.65 432.6 201.19
409.62 177.16 435.01 196.86
416.44 173.6 452.83 190.76
435.9 171.85 453.39 209.93
939.93 147.58 956.72 183.92
542.82 180.88 565.57 217.81
545.98 176.99 568.17 217.18
367.35 174.18 412.07 193.42
