666.51 171.33 749.84 240.58
533.74 176.32 632.09 267.88
645.1 172.19 708.1 220.95
654.53 173.88 722.08 224.92
639.51 169.9 697.27 216.31
704.37 170.91 842.44 272.29
664.41 174.04 736.89 229.51
345.26 176.24 405.48 202.35
227.06 180.09 297.14 204.71
578.15 167.09 644.31 222.38
678.85 172.8 797.45 251.3
535.9 176.69 628.0 264.26
687.53 174.75 818.67 260.79
563.08 167.01 641.01 234.05
645.07 173.85 697.77 216.12
631.78 173.3 685.4 213.13
587.25 169.95 649.01 216.63
661.56 171.96 773.19 246.74
467.58 174.16 504.5 190.68
551.6 175.47 637.1 254.79
230.82 184.87 293.25 207.07
544.54 168.58 621.4 241.55
559.4 167.42 637.71 216.1
570.51 168.1 639.78 207.61
338.85 174.94 394.57 199.88
226.83 181.03 299.19 207.32
547.79 165.3 646.7 258.2
680.22 175.13 759.62 242.98
611.84 174.0 667.59 214.56
637.34 175.04 690.07 211.55
339.56 174.84 401.44 203.11
568.86 173.71 640.87 248.15
236.81 180.14 288.03 208.03
235.97 182.91 305.08 205.61
467.36 172.45 495.72 192.05
649.31 168.45 755.61 241.66
550.28 167.87 615.99 274.07
545.12 165.29 612.73 278.17
585.57 171.24 642.07 232.67
583.75 163.61 630.84 254.88
552.39 164.49 619.83 227.99
575.18 174.66 652.18 230.75
591.45 162.08 634.75 241.33
626.57 174.87 676.91 207.88
553.29 156.26 625.24 273.62
465.09 175.72 503.5 193.87
680.44 165.26 731.1 250.17
573.01 161.15 626.35 261.66
361.45 177.69 405.7 200.05
566.64 167.63 625.33 211.3
691.58 177.03 779.7 248.24
683.56 165.85 822.27 244.11
722.72 177.0 836.33 260.68
692.3 165.22 739.35 252.39
352.1 175.67 401.78 198.15
559.63 157.42 609.27 259.83
704.37 170.91 842.44 272.29
533.74 176.32 632.09 267.88
535.9 176.69 628.0 264.26
530.46 170.06 613.53 254.39
666.51 171.33 749.84 240.58
664.41 174.04 736.89 229.51
680.44 165.26 731.1 250.17
677.14 173.66 753.14 229.27
675.46 179.31 730.51 224.32
659.09 177.22 732.12 240.6
271.4 150.81 363.7 187.36
578.15 167.09 644.31 222.38
563.08 167.01 641.01 234.05
585.57 171.24 642.07 232.67
575.18 174.66 652.18 230.75
645.1 172.19 708.1 220.95
639.51 169.9 697.27 216.31
645.07 173.85 697.77 216.12
631.78 173.3 685.4 213.13
637.34 175.04 690.07 211.55
625.57 170.64 679.63 207.87
648.74 163.97 685.64 229.12
631.4 175.14 698.1 222.12
641.45 180.8 689.34 221.43
637.61 164.08 689.26 212.41
649.86 181.66 696.16 220.91
649.65 161.09 705.44 212.04
438.29 161.92 512.39 191.86
345.26 176.24 405.48 202.35
361.45 177.69 405.7 200.05
352.1 175.67 401.78 198.15
356.3 176.21 400.03 204.07
367.76 175.32 401.59 201.51
360.7 173.75 396.82 199.69
364.71 175.49 406.71 196.17
347.73 173.63 409.59 206.54
348.99 174.95 400.84 190.83
343.52 179.58 396.07 201.75
626.57 174.87 676.91 207.88
625.57 170.64 679.63 207.87
634.01 170.97 672.01 208.95
646.95 167.8 674.53 215.62
634.91 165.57 655.16 214.3
639.56 164.67 656.87 212.29
643.76 168.86 681.49 204.21
629.29 176.07 666.22 210.47
649.76 163.06 669.84 211.33
640.48 163.95 664.19 215.36
653.12 161.68 673.57 211.65
638.01 166.89 653.35 208.35
637.59 170.05 668.89 203.49
638.63 169.75 677.86 192.99
650.89 161.08 667.74 204.27
466.73 163.67 477.54 191.99
471.28 164.03 482.42 191.47
343.98 173.58 383.32 198.7
514.89 168.92 526.42 198.0
512.22 168.31 522.68 197.05
514.89 168.92 526.42 198.0
517.8 169.62 529.62 197.9
687.44 154.1 702.91 187.05
462.32 171.57 486.01 191.48
473.92 168.75 487.81 196.5
456.26 169.1 490.61 188.24
477.66 169.23 491.01 195.98
457.35 166.27 479.62 189.07
462.24 162.89 475.64 193.89
471.61 167.93 483.23 196.8
475.49 167.5 486.9 193.23
458.28 156.38 471.5 191.93
466.73 163.67 477.54 191.99
471.28 164.03 482.42 191.47
468.17 167.25 478.27 195.08
455.17 162.48 476.38 185.96
461.45 154.34 474.66 189.65
