882.14 104.73 1242.00 338.76 2.75
403.52 112.95 1242.00 244.92 20.82
0.00 112.89 68.03 337.02 8.16
83.81 146.22 305.72 234.82 15.96
1228.10 107.67 1242.00 256.40 11.63
276.45 165.51 323.17 222.73 19.25
350.28 169.99 395.32 203.30 32.09
70.27 157.64 151.72 190.78 33.27
285.08 164.69 335.72 203.10 22.54
462.39 172.00 522.56 199.78 37.62
38.78 130.56 79.61 181.34 19.54
0.00 127.54 42.86 163.50 31.04
65.28 141.11 156.21 181.23 41.83
492.18 149.15 542.04 169.93 45.01
1122.29 120.73 1172.94 265.26 13.98
280.35 157.01 353.10 209.71 25.44
136.63 155.12 185.25 172.71 45.98
306.55 165.18 339.35 179.41 34.95
317.96 165.22 386.60 199.16 35.34
485.06 151.74 505.48 169.71 51.75
249.65 145.11 269.92 154.54 34.17
157.33 146.41 187.48 156.81 48.91
138.21 163.25 167.00 180.12 18.51
1035.52 139.86 1113.73 193.96 32.30
361.02 148.18 373.90 166.93 38.85
333.43 165.71 351.49 169.80 58.97
117.62 141.13 124.60 182.94 31.57
19.76 142.05 52.52 180.97 42.46
1054.15 144.47 1107.23 182.03 29.80
335.99 167.23 344.06 185.88 42.51
1230.48 104.09 1242.00 113.88 10.34
246.81 153.97 263.24 158.00 50.53
176.38 148.11 206.62 158.16 54.16
130.21 146.30 146.20 152.72 53.38
196.85 147.71 211.83 154.00 52.55
120.60 145.81 140.66 172.64 47.71
133.37 146.25 138.11 155.89 49.50
820.11 141.49 868.90 216.43 23.64
0.00 113.68 206.85 285.27 10.08
