575.38 170.98 604.01 199.03 0.99974
576.74 171.84 596.88 195.59 0.97781
584.04 172.34 604.74 197.72 0.96547
573.69 171.16 600.89 194.02 0.96406
579.45 170.9 605.22 192.62 0.9306
578.99 166.8 598.32 202.55 0.91906
395.55 165.03 448.97 188.52 0.81183
583.17 168.32 602.36 201.87 0.78196
576.63 168.03 594.45 201.7 0.70693
577.27 176.5 603.72 201.54 0.64656
589.28 172.94 607.56 194.41 0.49143
588.56 168.69 604.07 200.38 0.4574
576.16 167.36 589.89 198.91 0.41218
575.32 174.96 596.4 199.15 0.31789
581.07 172.52 600.32 205.89 0.28609
573.28 173.13 591.1 195.19 0.27936
574.2 169.78 593.99 190.37 0.21535
337.26 176.22 364.22 191.19 0.20836
576.98 170.49 601.11 189.06 0.18864
587.22 170.71 608.22 189.46 0.11778
392.6 170.07 438.46 190.18 0.11546
335.04 175.27 358.52 192.5 0.098718
402.74 164.61 448.34 184.06 0.088389
571.89 171.33 589.35 191.72 0.087025
586.9 164.66 603.02 197.28 0.083817
333.96 178.52 363.85 193.33 0.081275
593.91 168.88 606.39 199.76 0.041902
590.1 174.26 612.26 193.29 0.041725
567.36 166.24 610.73 206.54 0.041678
388.59 162.62 455.72 190.34 0.039242
594.79 172.98 614.54 192.78 0.032735
405.02 167.58 447.22 189.25 0.024301
587.88 176.25 608.28 197.46 0.021155
575.64 168.43 602.63 183.61 0.021131
583.8 163.74 601.01 194.86 0.019691
570.57 169.48 592.32 187.51 0.019385
597.03 174.64 620.49 192.62 0.01919
392.02 174.22 432.98 193.63 0.017686
362.62 177.1 390.14 191.61 0.017165
327.46 176.35 354.37 192.94 0.015889
592.1 171.62 614.94 188.86 0.015568
573.91 166.41 585.73 199.5 0.015547
570.75 176.97 591.35 198.04 0.01494
583.13 168.58 603.9 186.89 0.014365
501.25 168.83 526.89 184.97 0.013608
571.73 178.3 594.64 200.52 0.013179
394.37 163.8 439.27 184.09 0.012723
575.93 156.31 605.08 223.63 0.012723
341.66 170.92 355.91 194.92 0.012482
600.4 170.11 622.04 189.5 0.011864
497.23 169.13 522.75 185.61 0.011793
568.97 169.3 587.16 188.24 0.01155
392.94 163.19 435.01 190.58 0.01131
565.0 177.28 585.81 197.56 0.010418
565.83 174.37 586.84 194.67 0.010047
591.59 163.33 605.53 196.52 0.0099672
360.52 179.5 390.52 194.37 0.0099521
597.35 177.8 620.21 196.27 0.0086949
325.38 178.75 355.47 194.75 0.0080931
582.94 178.32 606.36 201.48 0.0077342
404.97 162.76 448.53 180.18 0.0071688
343.35 177.02 370.36 191.44 0.0070213
339.4 171.66 352.46 195.51 0.0067667
342.19 178.81 371.7 193.73 0.0064762
352.04 179.89 380.98 194.32 0.0064035
588.49 168.69 611.51 186.19 0.0062675
549.47 175.58 569.57 192.42 0.0059247
563.93 176.12 582.36 194.94 0.0057894
366.63 176.92 398.33 192.31 0.0057302
354.7 177.57 381.25 191.84 0.0056529
555.1 179.11 576.1 196.91 0.0056347
604.61 170.52 625.73 188.46 0.0054515
555.24 176.02 577.08 194.22 0.0051782
605.34 175.12 631.39 191.44 0.0051632
491.41 169.88 517.28 185.87 0.0051613
582.23 167.18 606.71 183.67 0.0050886
604.16 174.23 624.99 191.49 0.0049238
414.67 164.7 450.23 182.89 0.0047172
0.0 104.18 30.215 294.01 0.0045862
0.0 282.21 29.573 375.0 0.0045131
347.82 177.41 375.58 191.83 0.0044738
340.55 174.05 354.49 198.17 0.0039581
332.03 174.16 353.26 191.68 0.0039555
575.58 182.39 603.23 204.04 0.003939
416.45 167.31 451.3 186.03 0.003905
1206.2 75.779 1242.0 271.81 0.0038547
334.47 180.54 366.52 197.32 0.0036594
359.81 176.28 384.19 191.59 0.0036579
505.64 169.81 528.66 188.04 0.003601
565.19 171.45 587.8 190.31 0.0033953
606.65 171.3 633.63 188.22 0.0033455
366.58 180.01 398.29 194.54 0.003335
572.06 162.54 583.48 196.19 0.0033191
548.12 172.24 568.86 189.37 0.0031881
485.92 169.61 513.54 186.37 0.0031135
1224.7 147.77 1242.0 255.34 0.0030912
545.26 175.11 566.66 192.42 0.0030728
1087.1 0.0 1242.0 375.0 0.0029529
551.7 178.28 571.29 194.77 0.0029515
344.32 171.91 357.84 195.0 0.0028649
568.55 166.47 595.21 183.54 0.0028468
604.55 179.16 631.99 195.39 0.002835
1224.6 120.2 1242.0 230.37 0.0027505
1082.0 99.797 1242.0 282.05 0.0026437
604.99 168.33 631.55 185.84 0.0026021
599.69 166.69 611.57 199.25 0.0025021
573.75 158.68 587.88 195.34 0.0024958
599.64 168.3 625.33 186.24 0.002428
1202.1 284.83 1242.0 375.0 0.0023872
365.7 174.64 395.15 190.15 0.002385
793.0 52.256 887.34 94.684 0.0023484
408.15 172.19 448.32 190.7 0.0023441
1224.0 332.66 1242.0 375.0 0.0023387
338.29 173.73 351.03 197.92 0.0023243
561.22 163.97 617.3 200.19 0.0022403
1203.9 109.4 1242.0 298.03 0.0022121
926.07 177.06 945.93 229.64 0.0021908
557.41 171.71 577.95 190.7 0.0021539
570.46 160.47 619.38 204.4 0.0020886
0.0 328.29 13.626 375.0 0.0020828
604.98 177.08 626.03 194.01 0.0020799
331.38 177.98 358.48 196.1 0.0020713
335.3 172.37 356.03 190.76 0.00205
0.0 40.602 71.721 373.02 0.0020348
593.84 168.38 618.88 185.66 0.0020147
0.0 190.22 7.9257 243.59 0.0020125
552.09 172.87 572.61 190.25 0.0019885
0.0 152.37 7.5061 203.47 0.0019541
929.92 176.53 949.02 229.29 0.0019314
543.43 171.25 564.92 188.66 0.0019266
1155.2 180.67 1242.0 375.0 0.0019192
0.0 357.75 5.8387 375.0 0.001915
337.51 172.21 362.09 189.43 0.0018766
573.64 171.18 590.15 210.36 0.0017394
0.0 318.52 42.045 375.0 0.0017321
935.09 171.78 953.12 225.4 0.001722
391.67 167.14 428.95 188.18 0.0017156
0.0 196.21 51.619 375.0 0.0017096
1021.9 84.752 1242.0 375.0 0.0016877
325.26 176.76 349.02 194.17 0.0016816
1154.0 1.6564 1242.0 375.0 0.0016813
1187.8 320.71 1242.0 375.0 0.0016635
505.96 165.47 528.86 185.01 0.0016506
0.0 75.213 30.947 259.32 0.0016451
1213.2 184.69 1242.0 230.29 0.0016282
1078.2 179.69 1176.5 221.26 0.0016075
336.32 170.59 347.99 196.32 0.0016008
595.62 163.2 608.82 195.97 0.001595
1170.3 142.63 1242.0 238.96 0.001592
1077.9 187.05 1177.7 229.1 0.0015845
1221.4 353.09 1242.0 375.0 0.0015808
391.26 170.59 426.08 192.51 0.001564
487.87 172.69 515.21 188.04 0.0015613
958.89 184.14 977.94 240.35 0.0015419
787.53 43.122 879.94 85.65 0.0015359
1213.3 176.48 1242.0 222.47 0.0015209
357.9 178.57 383.5 193.87 0.0015002
922.81 181.17 942.48 232.17 0.0015
938.74 171.31 957.18 226.07 0.0014673
1219.8 171.11 1242.0 230.32 0.0014614
506.45 173.29 529.5 191.15 0.0014576
1225.2 99.667 1242.0 207.59 0.0014574
0.0 157.09 14.973 264.93 0.0014384
604.93 163.91 619.34 197.82 0.0014245
962.05 183.98 982.0 239.72 0.0014145
1205.0 203.8 1242.0 375.0 0.0013883
375.8 176.91 406.87 192.74 0.0013733
508.71 164.25 523.31 190.56 0.0013647
544.35 179.69 569.45 195.37 0.0013494
325.99 180.53 358.13 197.62 0.0013442
1189.3 131.23 1242.0 254.19 0.0013329
582.26 155.98 609.78 217.18 0.0013101
571.64 169.74 585.41 205.74 0.0013068
1224.6 170.46 1242.0 277.45 0.0013033
1085.4 260.49 1242.0 375.0 0.0013009
563.24 180.93 583.55 199.71 0.001285
0.0 146.2 28.675 344.87 0.001281
1214.2 168.74 1242.0 214.91 0.0012696
0.0 0.0 140.73 310.34 0.0012659
539.72 174.9 561.96 192.11 0.0012636
409.27 164.08 451.08 188.14 0.0012635
594.37 178.61 613.63 196.84 0.0012634
1119.0 80.386 1242.0 317.01 0.0012347
1211.9 172.82 1229.7 244.39 0.0012303
611.38 173.95 634.07 191.84 0.0012258
1219.9 155.26 1242.0 214.81 0.0012208
1047.2 188.1 1142.9 229.0 0.0011995
549.55 182.13 568.96 198.83 0.0011808
1214.1 160.48 1242.0 206.31 0.0011765
364.19 174.68 386.42 190.97 0.0011333
785.4 61.133 882.1 99.494 0.00113
1237.1 172.63 1242.0 231.17 0.0011277
1213.5 151.58 1242.0 198.16 0.0011273
325.56 173.94 346.73 191.7 0.0011131
1209.8 49.357 1242.0 240.34 0.0010981
775.09 51.905 872.62 92.354 0.0010928
0.0 0.0 32.775 78.129 0.0010832
1220.2 139.24 1242.0 199.56 0.0010802
589.07 179.89 610.35 198.38 0.0010752
955.26 184.8 973.07 240.54 0.0010701
389.57 175.76 425.2 194.55 0.0010654
598.45 182.2 620.41 198.39 0.0010574
383.9 176.43 416.31 193.71 0.0010508
563.68 167.4 582.9 185.91 0.0010493
578.96 173.34 597.08 214.39 0.0010489
342.12 181.39 373.78 197.87 0.0010464
567.71 163.42 580.25 198.59 0.0010215
1208.5 172.63 1226.2 242.73 0.0010084
1172.9 176.88 1242.0 268.09 0.00099107
0.0 184.26 6.9482 235.89 0.00099055
496.74 170.77 519.25 189.0 0.00098899
608.83 167.64 640.58 186.01 0.00098778
1204.3 145.94 1242.0 324.74 0.00097434
0.0 0.0 315.23 143.18 0.00096194
539.44 170.85 561.02 188.09 0.00095249
564.32 165.55 590.52 183.37 0.00094462
485.81 171.63 508.95 189.75 0.00093793
546.65 168.13 568.67 185.93 0.0009343
235.96 173.65 275.4 195.34 0.00092762
1201.3 148.22 1235.0 267.8 0.00091532
557.8 162.35 605.47 203.56 0.0009149
1219.7 186.68 1242.0 246.32 0.00090211
942.87 172.58 961.0 226.51 0.00089916
554.48 182.53 574.77 199.52 0.00089392
0.0 0.0 72.295 148.9 0.00088981
399.7 159.71 468.72 190.49 0.00088933
0.0 0.0 239.12 160.49 0.00088401
1105.8 154.49 1242.0 340.01 0.00088191
501.89 173.96 527.13 191.86 0.00087803
609.06 165.77 623.46 197.42 0.00087451
0.0 258.55 86.874 375.0 0.00086933
1237.4 184.72 1242.0 242.93 0.00086273
1212.6 199.48 1242.0 246.04 0.00084264
421.86 165.54 454.56 182.37 0.00084238
539.24 177.61 562.42 195.23 0.00084141
0.0 135.74 15.867 242.39 0.00083285
397.61 158.51 420.25 196.34 0.00083063
574.92 163.68 599.17 181.57 0.00082302
0.0 135.36 42.747 246.32 0.00081407
0.0 327.19 53.843 375.0 0.00080811
1237.4 144.06 1242.0 202.87 0.00080313
610.76 178.86 643.15 194.41 0.00078852
485.26 176.33 512.41 191.26 0.00078841
965.34 183.43 986.02 240.39 0.00078744
1208.7 144.12 1240.1 271.84 0.00077162
320.43 179.2 351.05 195.67 0.00077001
542.91 167.32 564.93 185.9 0.00076065
1079.6 171.79 1175.3 213.59 0.00075898
1165.7 0.0 1242.0 30.427 0.0007538
571.25 186.09 602.51 206.2 0.00075283
1162.3 0.0 1242.0 173.95 0.00075237
1224.0 237.74 1242.0 351.27 0.00075137
423.35 167.3 456.59 185.52 0.00074902
607.32 163.06 637.51 183.53 0.00074874
569.94 158.05 582.85 193.91 0.00074226
919.22 180.56 939.23 234.26 0.00073294
611.63 175.07 642.81 190.74 0.00073007
0.0 266.54 148.82 375.0 0.00072195
0.0 350.92 20.415 375.0 0.00071773
1225.1 75.328 1242.0 186.56 0.0007146
508.31 168.49 530.98 186.17 0.0007097
544.27 181.41 566.3 198.99 0.00070862
1216.4 137.35 1242.0 182.94 0.00070115
569.44 164.29 631.95 200.41 0.00070065
490.78 175.2 517.68 191.42 0.00069948
951.73 185.94 968.77 238.74 0.00069829
1191.4 165.71 1242.0 283.82 0.00069668
983.19 18.654 1242.0 375.0 0.00068959
0.0 163.62 7.5528 216.04 0.00068754
1056.5 179.78 1153.3 221.42 0.00068314
527.86 176.32 552.74 191.52 0.00067437
1203.8 0.0 1242.0 77.48 0.00067362
1103.6 178.43 1198.7 220.1 0.00067265
0.0 197.71 6.6507 251.77 0.00066648
506.36 163.31 519.58 190.91 0.00066528
568.93 180.57 597.33 203.27 0.00065444
351.49 182.18 381.73 197.89 0.00064589
1215.5 167.47 1233.1 242.59 0.0006454
557.45 167.37 578.89 186.29 0.00064449
0.0 84.205 92.875 306.22 0.00063948
931.29 170.56 949.83 220.95 0.00063694
1196.4 103.66 1242.0 224.21 0.00062987
531.3 176.42 558.09 191.91 0.00062954
0.0 368.51 9.4401 375.0 0.00062877
526.89 179.05 554.42 194.91 0.00062375
614.82 176.53 639.02 194.5 0.00062047
0.0 141.35 7.5441 192.8 0.00062032
768.45 44.36 863.46 85.659 0.00061875
364.33 182.24 395.23 197.21 0.0006181
1176.5 192.81 1242.0 284.31 0.00061649
1178.4 113.4 1242.0 206.8 0.00061461
611.88 170.41 635.24 189.43 0.00061454
538.97 181.16 561.83 199.14 0.00061276
243.36 162.81 261.87 199.98 0.00061094
510.71 165.09 525.62 192.66 0.00059467
1102.4 185.67 1201.1 228.49 0.00059362
321.78 175.15 343.91 193.7 0.00058752
762.67 0.0 908.4 174.84 0.00058375
910.24 194.13 958.86 219.94 0.00058364
586.26 165.68 611.31 183.05 0.00058229
1166.1 91.526 1237.4 296.71 0.00057439
225.98 166.54 238.15 205.05 0.00056983
1040.1 180.05 1134.4 220.57 0.00056637
0.0 0.0 114.01 78.188 0.00056314
1237.6 160.39 1242.0 218.77 0.00056271
947.67 186.22 965.03 237.32 0.00056124
913.9 198.0 962.3 222.85 0.00056062
495.03 174.63 522.55 192.12 0.00055591
0.0 161.32 9.8729 190.03 0.00055196
237.65 167.38 268.02 193.17 0.00054688
1190.9 148.73 1229.0 264.93 0.00054086
414.71 159.12 439.03 193.6 0.00054067
965.85 0.0 1242.0 121.56 0.00053921
619.54 149.15 635.95 188.6 0.00053905
0.0 97.899 190.97 375.0 0.00053544
1053.9 194.37 1151.8 235.99 0.00053426
580.51 156.6 596.6 192.63 0.00053345
923.24 190.81 941.44 238.17 0.000528
551.2 168.04 573.5 186.27 0.0005267
523.49 176.61 546.9 191.85 0.00052631
927.0 190.92 944.99 237.17 0.00052541
552.47 169.6 566.91 200.03 0.00052249
1222.2 124.16 1242.0 183.89 0.00052237
0.0 111.03 15.773 217.63 0.00051963
534.63 177.63 557.99 195.37 0.0005191
1212.7 208.1 1242.0 253.76 0.00051652
1231.7 194.99 1242.0 219.75 0.00051462
960.03 174.67 976.94 233.97 0.00051394
616.52 149.95 632.33 189.16 0.00051345
895.57 190.52 913.41 239.34 0.00050316
1237.3 131.87 1242.0 191.08 0.00050248
0.0 209.37 26.503 375.0 0.00050139
1231.7 187.14 1242.0 211.88 0.00050089
916.63 189.55 952.56 224.29 0.00049329
899.28 189.69 917.26 239.92 0.00049214
475.82 173.4 504.73 188.79 0.00049211
1234.9 185.0 1242.0 215.89 0.00049005
1148.3 90.499 1227.2 291.8 0.00048931
1026.1 188.78 1118.5 227.26 0.00048803
0.0 172.01 13.366 282.36 0.00048762
395.05 158.49 415.19 195.04 0.00048687
510.78 138.67 668.2 217.45 0.00048386
1204.4 173.17 1222.6 240.59 0.00048039
969.76 177.86 990.37 237.11 0.00047968
800.64 43.74 876.04 99.962 0.00047765
1012.8 153.87 1192.1 232.57 0.0004725
391.57 161.75 432.19 181.48 0.00047141
0.0 0.0 154.77 71.052 0.00047129
574.67 158.81 640.44 195.66 0.0004706
0.0 99.902 157.83 279.65 0.00047051
0.0 172.51 6.4575 223.22 0.00046473
605.71 183.35 632.01 198.7 0.00046392
512.16 175.81 536.36 191.32 0.000463
417.33 162.17 452.82 179.55 0.00046217
611.46 168.6 625.95 199.77 0.00046191
0.0 199.38 9.4579 230.44 0.00046013
532.29 180.78 555.51 199.12 0.00045859
570.82 152.63 599.51 237.42 0.00045671
561.54 163.11 582.55 182.34 0.00045605
600.22 162.38 614.83 195.64 0.00045497
734.4 0.0 878.97 177.36 0.00045388
604.3 162.98 627.9 184.39 0.00045298
988.43 156.37 1163.1 227.9 0.00045075
331.66 170.54 343.08 198.08 0.0004506
0.0 147.77 67.406 234.93 0.00044701
234.72 171.09 265.88 195.9 0.0004462
1096.6 0.0 1242.0 59.165 0.00044422
0.0 109.97 279.29 375.0 0.00044301
1234.7 192.89 1242.0 223.72 0.00044294
1026.6 0.0 1242.0 181.12 0.00044105
943.28 186.93 961.33 235.77 0.0004389
482.48 168.34 505.7 187.8 0.00043793
585.02 156.57 600.38 192.38 0.00043743
222.41 166.59 235.06 206.24 0.00043704
1226.4 0.0 1242.0 42.974 0.00043685
399.43 160.51 444.84 183.2 0.00043623
1232.3 183.18 1242.0 207.88 0.00043399
1225.1 194.42 1242.0 301.21 0.00043181
0.0 0.0 51.837 43.069 0.00042935
1217.4 129.08 1242.0 174.5 0.0004282
610.62 171.19 643.23 187.65 0.00042645
1197.1 244.36 1242.0 366.18 0.00042524
517.95 176.36 541.51 191.49 0.00042475
1135.5 139.63 1242.0 367.05 0.00042378
585.42 172.52 602.44 213.19 0.00042213
479.84 176.41 507.09 191.43 0.00042145
608.32 181.34 630.33 197.56 0.00042113
934.31 185.46 953.01 234.86 0.0004204
340.16 171.23 367.23 190.11 0.00041831
903.14 190.14 921.69 240.26 0.00041819
505.23 162.11 527.64 182.06 0.00041498
0.0 292.11 48.872 375.0 0.00041425
1224.3 216.54 1242.0 325.57 0.00041198
1224.8 261.31 1242.0 374.16 0.00040744
550.57 160.34 612.79 196.52 0.00040649
1178.4 207.75 1242.0 300.71 0.0004058
1181.3 150.72 1222.2 261.92 0.00040229
561.54 164.15 575.24 198.38 0.00039866
420.41 169.4 454.71 188.7 0.00039768
566.16 156.01 580.51 191.61 0.00039723
233.08 169.69 273.75 191.65 0.00039525
548.21 166.49 563.36 196.54 0.0003918
1180.4 253.49 1242.0 352.61 0.00038883
817.86 8.9606 861.16 118.01 0.00038836
1057.6 171.09 1153.6 213.18 0.00038783
567.39 150.89 593.72 219.16 0.00038759
1221.4 107.25 1242.0 167.89 0.00038436
383.42 159.55 449.88 194.3 0.00038374
918.74 190.57 937.72 239.14 0.00038374
599.33 162.76 624.47 185.01 0.00038365
895.21 181.9 914.35 233.07 0.00038346
246.95 162.6 265.09 199.67 0.00038211
537.09 183.56 564.23 200.7 0.00038169
1186.3 70.778 1242.0 285.12 0.00038084
1235.2 356.42 1242.0 375.0 0.00037756
239.63 162.06 258.69 200.74 0.00037614
930.81 191.21 948.53 236.31 0.00037406
612.75 166.7 648.7 184.8 0.00037096
1216.3 112.73 1242.0 158.68 0.00036947
1082.3 192.2 1184.7 236.48 0.00036888
1231.9 159.03 1242.0 183.69 0.00036849
494.69 165.18 508.21 192.77 0.00036753
0.0 98.668 45.961 298.42 0.00036683
401.52 162.13 422.37 196.35 0.00036376
611.21 162.55 644.4 183.01 0.00036026
13.724 294.53 87.574 375.0 0.00036021
1148.5 185.12 1236.7 230.41 0.00035988
1179.6 0.0 1242.0 38.681 0.00035782
791.35 34.456 870.67 92.535 0.00035748
1212.2 159.36 1230.0 233.93 0.00035686
1216.8 121.02 1242.0 165.96 0.00035612
1127.9 185.06 1224.3 229.38 0.00035595
1121.8 178.42 1213.4 220.59 0.00035413
967.39 170.1 985.7 228.75 0.00035334
375.3 173.77 407.96 190.62 0.00035241
0.0 107.51 41.673 212.5 0.0003516
910.85 189.63 930.11 240.46 0.00035034
555.74 157.55 579.87 178.73 0.00034948
536.18 166.39 559.28 185.11 0.00034826
427.32 164.7 459.74 182.28 0.00034412
1046.2 151.54 1218.0 236.46 0.00034377
918.9 170.47 938.71 226.46 0.00034187
1033.3 194.69 1129.3 235.12 0.00033982
1214.2 216.52 1242.0 261.87 0.00033665
522.29 179.2 548.64 195.14 0.00033574
563.03 99.553 628.15 252.41 0.00033561
1195.9 212.76 1242.0 333.66 0.00033419
1126.5 0.0 1242.0 83.608 0.00033397
1219.0 202.31 1242.0 262.29 0.00033383
484.2 165.64 512.64 183.39 0.00033323
1232.2 368.05 1242.0 375.0 0.00033283
1179.9 221.44 1242.0 318.89 0.00033178
556.22 162.27 579.64 182.35 0.00033107
947.19 172.25 964.61 227.29 0.00033072
242.03 174.0 282.9 195.04 0.00033057
1235.1 156.58 1242.0 187.65 0.00033011
907.3 190.74 926.01 239.98 0.00033007
812.76 51.059 901.02 96.218 0.00032891
567.88 181.26 589.84 201.31 0.0003286
964.0 170.65 980.95 228.81 0.0003283
0.0 161.83 69.638 249.48 0.00032793
238.84 177.0 277.08 197.83 0.00032767
229.1 164.98 242.62 204.36 0.00032746
1070.3 162.11 1165.5 205.52 0.00032682
914.84 189.38 934.05 240.29 0.00032678
613.46 150.3 628.8 189.89 0.00032576
529.51 182.9 558.07 200.08 0.0003251
1235.0 177.31 1242.0 207.76 0.0003243
1.5936 292.56 71.424 375.0 0.00032277
544.6 165.71 559.42 195.76 0.0003203
1209.6 114.15 1240.5 247.79 0.00031846
554.07 168.92 612.06 205.31 0.00031657
404.81 159.28 426.95 194.51 0.00031509
1007.0 141.68 1173.2 216.48 0.0003128
349.82 179.49 375.55 195.82 0.0003119
573.18 162.7 601.72 178.19 0.00030918
939.07 185.81 957.76 233.77 0.00030579
974.51 169.83 993.59 228.35 0.00030519
880.04 149.06 972.71 186.29 0.00030464
1104.5 171.06 1196.0 213.72 0.00030377
571.89 162.7 595.73 180.74 0.00030327
920.26 184.95 954.79 220.48 0.00030272
0.0 154.0 9.5352 182.92 0.00030247
614.53 156.47 639.91 181.65 0.00030162
507.32 176.7 530.6 194.84 0.00030139
556.01 170.01 569.69 200.23 0.00030054
1227.2 57.976 1242.0 173.21 0.00030015
870.67 187.22 952.82 227.87 0.00029767
1040.0 171.19 1134.3 212.34 0.00029676
1232.4 202.71 1242.0 227.57 0.00029556
543.26 163.98 573.0 181.93 0.00029425
548.23 163.43 578.99 181.58 0.00029372
615.46 166.77 630.43 199.12 0.00029192
550.07 98.451 616.89 254.85 0.00029164
395.45 174.63 443.8 192.7 0.00029106
1027.7 153.8 1118.4 195.14 0.000291
0.0 131.2 7.1482 185.29 0.0002909
1232.0 151.24 1242.0 175.84 0.00029008
1232.1 167.01 1242.0 191.72 0.00028982
1232.7 175.19 1242.0 199.83 0.00028928
680.86 157.45 696.36 201.91 0.00028839
826.5 23.652 870.1 128.38 0.0002865
605.2 158.48 638.03 179.41 0.00028644
1237.3 0.0 1242.0 22.059 0.00028631
1237.3 269.12 1242.0 332.98 0.00028603
535.23 162.77 565.3 183.19 0.00028404
1214.3 132.92 1242.0 259.41 0.00028004
592.15 164.79 614.13 185.47 0.00027973
550.42 157.04 576.26 179.26 0.00027949
0.0 202.33 12.977 228.77 0.00027923
1201.6 118.24 1234.4 245.2 0.00027695
491.03 164.38 504.58 193.35 0.00027491
1148.2 177.32 1234.8 222.5 0.00027468
923.49 170.29 941.96 222.39 0.00027354
549.19 185.83 568.86 203.44 0.00027057
553.75 176.8 566.45 210.13 0.0002704
1232.4 171.01 1242.0 195.76 0.0002698
498.87 165.56 511.09 192.27 0.0002695
248.02 173.53 290.46 195.66 0.00026729
918.87 202.4 966.31 225.65 0.00026719
918.11 181.46 951.84 215.97 0.00026718
0.0 0.0 73.979 41.422 0.00026662
476.62 169.59 505.58 185.8 0.00026657
608.28 157.28 631.99 181.83 0.00026655
1211.4 0.0 1242.0 14.668 0.00026482
0.0 89.996 14.636 203.43 0.0002636
814.27 59.631 900.17 102.73 0.00026346
611.19 183.21 642.79 198.84 0.00026314
362.68 171.2 390.58 187.9 0.00026199
509.17 157.36 523.92 188.04 0.00026069
891.75 190.27 909.9 239.11 0.00026045
0.0 73.584 154.52 245.3 0.00026008
905.86 187.37 979.91 225.19 0.00025972
890.1 186.52 966.46 225.87 0.00025893
907.51 190.36 957.18 216.31 0.0002585
0.0 163.3 42.22 282.32 0.00025829
508.22 169.19 522.82 198.33 0.00025773
1235.3 164.74 1242.0 195.56 0.000256
0.0 178.08 21.45 239.71 0.00025598
1173.6 150.89 1213.5 257.95 0.00025589
325.99 166.17 339.46 198.8 0.00025487
1236.8 111.19 1242.0 171.29 0.00025463
898.93 177.24 917.82 229.89 0.00025426
618.82 167.46 635.15 200.14 0.00025361
576.7 154.65 592.35 193.27 0.00025249
531.17 172.36 558.45 188.48 0.00025037
372.81 178.13 398.6 193.64 0.00025029
677.15 160.84 692.89 205.77 0.00024894
1036.0 139.28 1200.6 219.33 0.00024596
1209.2 245.67 1242.0 375.0 0.0002446
1212.4 13.51 1242.0 210.73 0.0002432
495.7 127.62 650.67 203.57 0.00024251
1187.7 98.194 1242.0 190.61 0.00024086
1215.4 223.78 1242.0 269.9 0.00023514
60.388 187.56 154.12 225.86 0.00023272
521.35 150.72 685.05 224.52 0.0002314
1164.2 114.84 1242.0 375.0 0.00022935
1063.5 154.34 1159.4 197.13 0.00022924
1191.0 117.44 1227.0 244.3 0.00022728
1172.9 65.314 1234.5 270.52 0.00022712
801.07 0.0 868.72 84.166 0.00022578
531.78 130.25 647.91 225.68 0.00022553
1130.9 96.115 1213.3 283.23 0.00022509
0.0 0.0 65.041 313.66 0.00022328
783.89 0.0 853.51 83.223 0.00022276
888.54 153.68 982.15 193.71 0.0002192
0.0 327.91 22.114 375.0 0.00021844
901.37 178.58 984.03 220.05 0.00021823
897.13 149.39 988.61 185.47 0.00021779
869.24 178.99 956.71 220.95 0.00021507
1217.3 105.13 1242.0 151.29 0.00021475
1214.9 107.57 1242.0 235.37 0.00021399
0.0 0.0 15.681 54.113 0.00021363
0.0 118.68 66.69 202.82 0.00021306
1183.8 284.25 1242.0 375.0 0.00021069
582.75 157.19 652.55 193.33 0.00021006
907.04 155.55 993.86 194.4 0.0002094
26.478 295.79 102.34 375.0 0.00020779
1040.3 153.45 1137.4 195.97 0.00020245
1165.7 152.49 1205.7 254.93 0.00020065
906.8 163.51 992.53 203.18 0.00020046
637.51 0.0 928.37 333.69 0.00019894
1219.6 0.0 1242.0 17.866 0.00019731
4.5704 106.6 61.971 322.65 0.00019672
1087.3 174.94 1167.2 225.25 0.00019621
1182.3 119.14 1219.8 240.5 0.00019575
913.81 130.78 981.13 295.12 0.00019481
929.3 134.15 998.5 297.3 0.00019461
1155.7 66.829 1223.0 266.3 0.00019403
1032.3 161.53 1127.6 203.66 0.00019351
693.42 0.0 984.47 311.26 0.00019282
1165.8 294.64 1240.6 375.0 0.00019053
792.89 0.0 936.17 164.32 0.00018844
0.0 152.85 22.683 214.68 0.0001866
0.0 22.446 29.575 219.02 0.00018618
871.95 154.37 966.38 193.61 0.00018496
967.46 159.2 1124.1 222.82 0.00018455
1086.0 162.73 1182.3 205.38 0.00018136
0.0 138.04 23.407 200.19 0.00018124
531.88 96.717 600.32 260.2 0.0001804
989.82 172.07 1161.0 243.23 0.00017936
924.46 156.93 1009.3 193.33 0.00017902
1016.5 180.34 1108.2 218.38 0.00017878
571.11 138.99 603.2 218.23 0.00017807
1114.5 99.415 1197.3 278.28 0.00017564
1176.4 172.55 1236.3 231.87 0.00017485
1222.2 263.21 1242.0 328.21 0.00017459
897.35 128.66 965.69 293.28 0.00017087
867.48 170.81 956.36 211.59 0.00016994
1226.5 24.602 1242.0 140.28 0.0001688
1220.9 218.0 1242.0 278.11 0.00016845
703.51 0.0 954.36 78.144 0.00016742
945.36 141.09 1013.3 292.43 0.00016692
1206.4 161.91 1241.4 298.28 0.00016683
864.8 194.84 942.14 232.39 0.00016641
0.0 181.76 35.231 231.93 0.00016602
983.73 144.8 1142.9 211.79 0.00016446
915.95 152.0 998.93 185.62 0.0001644
1213.1 155.58 1242.0 283.4 0.00016396
1221.8 249.49 1242.0 311.57 0.00016393
1215.8 231.83 1242.0 277.94 0.00016328
769.58 0.0 837.29 80.338 0.00016234
1036.3 149.36 1125.3 188.33 0.00016158
810.24 16.955 855.41 126.47 0.00015995
1216.2 255.49 1242.0 302.85 0.0001597
1187.3 178.35 1242.0 241.09 0.0001596
926.98 162.32 962.61 243.73 0.00015797
518.19 126.06 688.35 201.81 0.00015533
872.64 162.27 966.11 203.13 0.00015419
1107.5 192.69 1208.7 234.94 0.00015382
1032.8 170.19 1204.0 247.25 0.00015333
0.0 14.523 310.94 361.82 0.000153
482.92 147.84 645.4 224.65 0.00015259
780.07 42.584 864.49 97.957 0.00015095
0.0 148.83 35.287 200.07 0.00015014
768.87 61.493 858.7 99.9 0.00014916
535.51 139.29 707.98 214.86 0.00014905
0.0 174.23 33.799 223.24 0.00014875
1166.4 179.67 1230.3 239.43 0.00014866
1168.3 176.96 1242.0 223.01 0.00014573
1216.3 269.54 1242.0 318.39 0.00014546
576.01 99.341 642.79 255.21 0.00014512
1212.6 328.69 1242.0 375.0 0.00014452
0.0 0.0 112.47 375.0 0.00014402
1099.6 105.17 1180.8 275.86 0.00014325
5.1941 149.62 45.074 260.27 0.00014258
1099.6 213.92 1242.0 375.0 0.00014172
854.79 185.54 939.13 227.44 0.00014133
1215.7 239.88 1242.0 287.02 0.00014079
935.21 162.23 969.17 245.92 0.00014014
1224.3 92.304 1242.0 152.72 0.00014001
1081.4 148.33 1242.0 239.75 0.00013931
881.13 194.59 957.61 231.06 0.00013802
1199.0 166.59 1236.4 292.09 0.00013631
1156.2 172.77 1222.9 230.72 0.00013521
884.07 111.05 951.85 270.93 0.00013514
828.83 291.76 903.0 375.0 0.0001336
1168.3 144.82 1238.5 313.92 0.00013274
0.0 133.5 30.682 183.07 0.00013247
800.36 11.409 848.15 116.63 0.00013224
0.0 175.53 75.328 268.23 0.00013219
881.52 169.66 971.27 212.73 0.00013216
0.0 141.03 25.514 265.72 0.0001319
1102.2 173.99 1181.8 225.03 0.00013165
899.59 170.61 985.19 210.73 0.00013162
1094.4 180.92 1176.9 232.31 0.00013156
1156.7 155.22 1197.5 250.56 0.00013091
755.27 0.0 1043.1 335.99 0.00013042
690.08 96.972 757.21 258.05 0.00012967
45.551 187.96 135.62 225.34 0.00012948
1006.7 188.51 1102.7 227.12 0.00012923
1080.5 181.06 1160.3 232.41 0.00012902
1221.5 234.28 1242.0 295.74 0.00012878
771.95 36.187 858.5 92.802 0.00012724
581.72 157.36 611.0 238.43 0.00012717
649.96 0.0 1003.3 62.782 0.00012699
575.81 139.77 608.85 214.5 0.0001265
846.64 292.13 919.0 375.0 0.00012601
1222.7 279.16 1242.0 343.7 0.00012577
1123.3 170.42 1213.0 213.65 0.00012563
813.36 291.94 888.02 375.0 0.00012555
862.14 293.59 935.18 375.0 0.00012539
1065.4 139.89 1198.2 246.85 0.00012467
869.1 145.94 1018.9 210.68 0.00012461
674.58 95.197 742.77 258.07 0.00012302
1139.1 173.02 1209.0 227.52 0.00012273
1219.8 96.688 1242.0 143.82 0.00012211
139.6 291.79 214.74 375.0 0.00012202
1135.8 192.45 1230.5 235.99 0.00012153
1065.3 182.7 1143.7 231.72 0.0001214
179.78 208.51 329.23 375.0 0.00012128
0.0 144.68 36.144 262.65 0.0001207
1174.7 119.48 1212.3 238.08 0.00012025
149.22 206.73 297.9 375.0 0.00012007
1117.8 132.39 1234.4 253.29 0.00011987
221.58 155.66 305.42 195.64 0.00011958
0.0 165.81 34.961 214.63 0.00011949
1184.0 132.38 1242.0 319.41 0.0001191
310.74 167.71 380.95 199.91 0.00011857
1016.9 171.58 1108.0 210.72 0.00011705
1074.3 174.64 1150.8 224.84 0.00011694
156.0 291.62 230.34 375.0 0.0001165
1217.6 285.69 1242.0 333.93 0.00011594
780.75 298.88 855.0 375.0 0.00011555
65.484 181.43 158.54 221.15 0.00011539
172.51 292.32 245.49 375.0 0.00011539
1149.6 294.44 1226.3 375.0 0.00011525
579.76 164.22 648.43 199.06 0.00011484
210.26 212.18 360.37 375.0 0.00011458
123.5 291.62 199.81 375.0 0.00011421
835.8 24.334 877.32 131.27 0.0001137
797.55 294.29 872.46 375.0 0.00011354
466.65 138.54 632.82 217.35 0.0001135
442.46 286.63 518.44 375.0 0.00011329
1018.9 162.27 1109.4 202.25 0.00011261
876.92 294.65 951.3 375.0 0.00011255
188.42 291.02 261.57 375.0 0.00011219
818.2 0.0 883.94 84.847 0.00011206
517.49 118.33 634.02 212.84 0.00011178
204.42 290.52 277.44 375.0 0.0001116
1219.7 294.22 1242.0 341.37 0.00011144
807.37 51.892 880.93 105.48 0.00011137
116.34 0.0 180.89 62.853 0.0001113
132.13 0.0 196.69 63.948 0.00011128
539.17 165.52 604.7 199.96 0.00011088
0.0 326.68 110.64 375.0 0.00011022
1081.5 166.29 1157.1 217.8 0.00010985
147.71 0.0 213.28 64.613 0.00010933
497.77 103.69 563.49 272.1 0.00010902
920.74 168.58 953.98 244.72 0.00010836
116.25 205.63 266.27 375.0 0.00010821
220.48 290.72 293.55 375.0 0.00010808
1202.0 71.782 1242.0 191.63 0.00010803
0.0 122.56 19.194 182.62 0.0001078
1031.9 143.04 1169.2 240.17 0.00010768
514.32 92.265 582.7 266.13 0.00010751
1147.8 179.56 1218.1 237.03 0.00010704
853.41 177.51 941.28 219.53 0.00010638
458.6 287.65 533.84 375.0 0.00010586
1175.4 211.91 1239.4 375.0 0.00010579
39.93 296.09 119.75 375.0 0.00010572
1087.2 96.963 1161.3 259.19 0.00010506
765.04 300.3 839.42 375.0 0.00010502
426.72 286.93 503.21 375.0 0.00010501
1190.1 81.484 1242.0 174.76 0.0001049
922.05 163.34 1012.0 202.07 0.00010487
909.71 195.98 982.09 230.4 0.00010372
1009.5 154.85 1104.5 194.63 0.00010366
1156.1 192.24 1241.3 236.88 0.00010352
236.43 291.48 309.14 375.0 0.00010349
1196.3 332.47 1230.2 375.0 0.0001032
911.46 182.41 971.35 231.34 0.00010313
819.0 43.376 889.96 102.09 0.000103
238.61 155.74 322.96 194.13 0.00010296
99.869 0.0 164.81 62.182 0.00010291
726.76 0.0 901.62 30.088 0.00010251
0.0 40.829 149.68 210.95 0.00010249
0.0 101.82 62.379 188.08 0.00010186
703.26 0.0 849.26 173.32 0.00010185
1217.1 310.27 1242.0 357.88 0.00010163
557.95 171.83 616.58 211.57 0.00010134
1227.2 290.89 1242.0 375.0 0.00010126
658.77 95.112 727.46 259.12 9.9705e-05
1096.0 166.63 1173.2 218.06 9.8909e-05
539.13 292.35 614.53 375.0 9.8785e-05
0.0 327.09 33.119 375.0 9.8173e-05
83.471 0.0 148.77 63.157 9.6878e-05
1196.6 173.17 1242.0 232.72 9.6442e-05
252.31 292.09 324.84 375.0 9.6387e-05
500.53 127.4 620.31 225.39 9.6206e-05
554.67 292.63 630.3 375.0 9.61e-05
750.2 303.0 823.02 375.0 9.6083e-05
919.27 186.68 997.94 225.6 9.5546e-05
1228.1 312.62 1242.0 375.0 9.5179e-05
1224.9 295.91 1242.0 357.74 9.5167e-05
108.77 293.86 184.46 375.0 9.5138e-05
1013.0 195.16 1110.9 234.86 9.509e-05
1120.3 172.93 1194.8 225.39 9.4692e-05
1166.1 164.7 1227.8 223.59 9.4516e-05
1149.2 169.14 1235.2 214.86 9.4383e-05
523.87 290.75 598.5 375.0 9.3339e-05
411.21 287.62 487.09 375.0 9.3226e-05
163.83 0.0 229.17 63.026 9.2401e-05
83.839 208.39 234.42 375.0 9.2202e-05
1204.3 329.49 1237.4 375.0 9.1346e-05
474.84 289.14 549.46 375.0 9.1318e-05
516.28 137.05 632.56 233.45 9.1219e-05
1053.3 129.89 1178.9 228.98 9.1186e-05
0.0 73.968 40.541 180.35 9.0882e-05
841.3 141.08 992.93 208.01 9.0864e-05
1073.7 136.8 1231.6 223.53 8.9666e-05
0.0 190.99 13.746 313.57 8.9661e-05
1149.3 155.77 1188.6 245.43 8.9569e-05
0.0 141.28 83.403 368.33 8.951e-05
937.55 159.97 1087.2 223.24 8.9509e-05
886.25 156.14 1034.2 222.23 8.9389e-05
268.37 292.12 340.89 375.0 8.8805e-05
942.93 160.21 976.3 244.72 8.8557e-05
491.5 289.6 565.84 375.0 8.8553e-05
1067.1 113.06 1147.1 271.08 8.8497e-05
951.42 158.69 986.09 247.15 8.8302e-05
42.815 144.17 216.48 206.24 8.7589e-05
880.11 182.24 942.51 231.55 8.6736e-05
733.06 303.37 805.84 375.0 8.6106e-05
880.68 165.66 914.15 247.7 8.5838e-05
0.0 22.071 91.98 235.5 8.5679e-05
0.0 309.27 10.671 375.0 8.5569e-05
300.21 290.81 373.82 375.0 8.5511e-05
966.35 173.42 1123.6 240.04 8.5501e-05
998.77 163.4 1093.6 202.48 8.5132e-05
284.61 292.29 357.57 375.0 8.4948e-05
1187.4 333.29 1223.0 375.0 8.4905e-05
17.687 113.69 79.77 313.02 8.4541e-05
1218.4 317.83 1242.0 365.77 8.3914e-05
463.47 0.0 1189.7 126.83 8.3754e-05
778.67 36.23 868.07 80.929 8.3547e-05
1133.7 19.557 1242.0 260.05 8.3339e-05
1139.8 142.85 1242.0 238.51 8.3273e-05
508.23 290.37 582.1 375.0 8.3019e-05
888.68 167.4 921.94 246.81 8.2891e-05
1187.9 164.91 1241.7 225.08 8.2822e-05
1111.3 179.45 1190.6 232.5 8.2415e-05
395.42 289.66 470.03 375.0 8.2202e-05
893.21 294.74 965.9 375.0 8.1717e-05
895.6 168.41 929.91 249.32 8.1632e-05
1128.9 179.17 1203.8 233.95 8.1597e-05
547.13 143.11 660.02 232.25 8.1575e-05
789.07 50.753 872.63 105.55 8.1549e-05
1044.7 200.9 1141.9 245.12 8.1371e-05
379.42 290.88 453.65 375.0 8.1162e-05
581.34 150.61 655.09 187.94 8.1e-05
570.91 291.39 646.15 375.0 8.0882e-05
997.43 171.31 1093.2 210.96 8.0513e-05
706.0 98.37 772.63 257.78 8.0493e-05
755.18 0.0 820.83 73.748 8.0338e-05
800.55 0.0 832.82 42.73 8.0166e-05
833.65 0.0 865.05 46.387 8.0136e-05
866.08 112.05 936.3 270.72 7.9955e-05
0.0 126.35 28.532 174.95 7.9943e-05
854.55 154.18 1002.3 224.46 7.9264e-05
1104.3 162.43 1196.9 206.37 7.9061e-05
636.54 290.86 710.05 375.0 7.8606e-05
67.287 0.0 132.38 64.745 7.8505e-05
71.907 127.23 252.56 189.06 7.8372e-05
643.87 93.506 711.15 259.46 7.8176e-05
363.54 291.94 437.82 375.0 7.8176e-05
851.4 170.18 941.72 209.83 7.8052e-05
0.0 0.0 204.5 333.23 7.7914e-05
315.96 291.05 389.24 375.0 7.7908e-05
790.31 0.0 1133.4 375.0 7.7863e-05
652.08 292.32 726.17 375.0 7.7781e-05
1091.4 32.199 1242.0 226.37 7.7611e-05
243.22 213.59 391.56 375.0 7.7518e-05
716.41 299.12 790.43 375.0 7.7395e-05
534.79 158.27 606.48 194.01 7.7383e-05
1222.0 88.111 1242.0 135.74 7.7356e-05
782.87 104.52 855.26 269.22 7.6626e-05
1063.0 166.86 1232.1 249.84 7.6474e-05
591.31 143.7 620.21 211.31 7.6426e-05
348.21 292.33 421.4 375.0 7.6392e-05
564.21 340.56 599.85 375.0 7.6329e-05
1025.3 131.42 1154.7 223.73 7.6007e-05
455.19 151.69 613.32 228.48 7.5899e-05
793.21 66.748 890.76 106.51 7.5856e-05
937.98 108.69 1236.5 283.29 7.5734e-05
556.57 339.86 591.83 375.0 7.5354e-05
180.01 0.0 244.96 64.924 7.5017e-05
559.44 65.809 632.7 237.59 7.4669e-05
576.73 0.0 1104.4 152.25 7.4616e-05
750.37 0.0 880.91 37.875 7.4167e-05
1081.1 157.52 1153.7 210.37 7.4162e-05
368.74 164.62 444.82 198.25 7.4013e-05
480.94 107.87 546.9 272.47 7.3992e-05
557.32 151.96 611.05 194.72 7.385e-05
896.08 181.85 957.42 230.61 7.3783e-05
36.699 181.38 129.71 221.47 7.3739e-05
1049.5 148.77 1142.5 189.6 7.357e-05
940.27 157.17 1029.1 194.61 7.354e-05
0.0 218.64 12.09 349.15 7.3303e-05
913.44 167.95 945.87 245.71 7.3291e-05
903.01 167.13 938.01 248.71 7.3281e-05
1052.8 114.49 1129.8 267.83 7.3262e-05
1159.5 326.17 1242.0 375.0 7.3073e-05
820.44 26.676 862.94 136.15 7.293e-05
331.9 291.82 405.02 375.0 7.2888e-05
1088.7 153.83 1182.1 197.18 7.2753e-05
1225.6 74.835 1242.0 136.22 7.2736e-05
1053.9 190.31 1204.0 257.02 7.2367e-05
1210.2 81.656 1240.1 223.32 7.2346e-05
767.88 101.43 840.43 270.3 7.2244e-05
913.75 170.07 1000.7 210.94 7.2219e-05
463.61 125.6 625.04 203.16 7.2205e-05
578.1 166.29 628.47 206.31 7.2152e-05
9.2499 156.44 188.34 224.43 7.2144e-05
938.44 164.1 1028.8 203.27 7.1977e-05
0.0 122.1 60.714 375.0 7.1642e-05
888.22 142.52 980.35 179.79 7.1361e-05
0.0 120.03 26.196 244.05 7.1311e-05
571.29 171.33 619.52 215.65 7.1175e-05
1158.0 133.98 1242.0 253.75 7.1004e-05
962.52 144.5 1029.2 287.7 7.0332e-05
917.92 174.3 979.16 226.04 7.0329e-05
548.65 340.17 583.54 375.0 7.0309e-05
11.691 154.57 51.809 254.74 7.0258e-05
958.01 159.19 995.54 245.48 7.0021e-05
55.526 208.88 201.24 375.0 6.988e-05
620.71 290.7 694.42 375.0 6.9839e-05
848.24 108.94 920.71 270.52 6.9572e-05
934.8 151.98 1018.6 186.56 6.9454e-05
976.5 165.32 1070.4 202.57 6.9441e-05
998.7 188.36 1157.0 256.14 6.9352e-05
1220.4 325.13 1242.0 372.11 6.9293e-05
668.06 292.37 741.62 375.0 6.9188e-05
0.0 66.183 15.389 179.0 6.9127e-05
908.61 294.18 981.81 375.0 6.8889e-05
0.0 193.15 21.358 254.71 6.8766e-05
1067.6 166.79 1141.5 217.1 6.8745e-05
1136.4 71.273 1209.0 261.39 6.871e-05
730.55 1.581 889.07 360.38 6.8627e-05
1185.2 181.55 1242.0 363.69 6.81e-05
1174.1 184.88 1237.2 246.31 6.8086e-05
1007.3 145.76 1136.1 236.17 6.7862e-05
792.31 18.917 954.07 359.34 6.7833e-05
901.63 174.47 965.81 225.79 6.7732e-05
92.435 297.45 168.57 375.0 6.773e-05
1084.6 131.94 1124.0 218.35 6.7263e-05
0.0 153.26 141.05 344.11 6.7093e-05
409.21 91.085 757.35 251.55 6.7051e-05
1219.1 71.481 1242.0 119.91 6.6864e-05
572.15 340.63 607.39 375.0 6.6583e-05
740.79 340.22 775.88 375.0 6.6518e-05
4.4958 328.36 42.875 375.0 6.6494e-05
993.62 156.25 1086.2 194.79 6.6459e-05
1166.1 122.3 1204.7 234.78 6.6406e-05
759.25 52.21 849.33 93.096 6.6288e-05
57.062 297.06 136.86 375.0 6.6044e-05
792.7 18.872 840.48 122.97 6.5809e-05
880.87 139.55 949.52 305.01 6.5782e-05
1221.6 79.497 1242.0 127.79 6.5757e-05
841.71 101.46 1242.0 375.0 6.5626e-05
700.98 296.47 774.9 375.0 6.5608e-05
1092.2 132.93 1132.1 219.95 6.5539e-05
1089.8 126.55 1208.1 236.78 6.5053e-05
591.71 97.576 661.41 255.5 6.4795e-05
540.71 339.88 575.3 375.0 6.4642e-05
575.38 59.807 649.3 237.36 6.4476e-05
545.15 65.168 614.14 239.37 6.4462e-05
561.14 150.02 728.98 225.73 6.4348e-05
1107.7 162.65 1148.6 242.27 6.432e-05
943.06 178.81 1037.9 219.88 6.4297e-05
0.0 28.027 103.43 375.0 6.3493e-05
924.7 178.45 1010.8 220.04 6.3395e-05
873.93 190.86 932.68 235.0 6.3162e-05
566.52 151.65 632.69 189.62 6.3107e-05
1112.5 167.12 1186.4 218.12 6.3093e-05
587.54 292.5 661.91 375.0 6.3007e-05
751.11 103.87 821.19 274.64 6.2925e-05
1074.1 149.13 1144.9 202.48 6.2866e-05
368.59 109.94 434.5 268.49 6.2831e-05
1100.5 162.11 1141.3 242.65 6.2719e-05
974.67 172.78 1070.6 210.58 6.2469e-05
603.83 292.05 678.48 375.0 6.2461e-05
0.0 0.0 403.5 119.84 6.2138e-05
669.49 0.0 1020.1 375.0 6.2055e-05
227.91 149.2 316.48 188.62 6.2035e-05
785.1 11.152 834.13 117.67 6.198e-05
722.6 119.04 790.89 286.84 6.1806e-05
872.16 174.74 934.63 222.61 6.1544e-05
829.55 40.435 982.2 364.14 6.128e-05
1116.4 160.84 1157.2 242.74 6.1275e-05
1179.0 333.68 1216.2 375.0 6.108e-05
253.7 155.88 337.01 192.94 6.1054e-05
0.0 0.0 284.63 205.11 6.092e-05
1140.8 155.38 1180.7 245.89 6.0455e-05
191.3 63.594 261.06 243.59 6.0304e-05
825.0 0.0 857.01 43.944 6.0175e-05
761.42 12.111 919.17 353.43 6.0045e-05
466.63 108.56 531.41 272.22 5.9881e-05
683.95 292.16 757.89 375.0 5.9875e-05
74.853 296.69 153.25 375.0 5.9578e-05
731.76 340.2 767.92 375.0 5.9353e-05
0.0 125.46 46.721 358.07 5.934e-05
196.1 0.0 260.42 66.408 5.9169e-05
874.3 168.6 1018.6 237.61 5.9102e-05
808.81 0.0 840.75 41.374 5.9035e-05
865.52 181.34 925.39 231.55 5.8989e-05
605.84 0.0 949.44 54.313 5.891e-05
611.19 136.03 780.43 212.65 5.8898e-05
0.0 83.015 58.936 172.01 5.8688e-05
0.0 252.75 12.34 375.0 5.862e-05
540.39 113.52 669.73 210.99 5.8526e-05
991.64 179.09 1088.4 217.89 5.849e-05
1178.9 190.95 1242.0 238.07 5.8442e-05
938.29 174.43 1085.9 238.04 5.8234e-05
1117.7 38.921 1242.0 375.0 5.8192e-05
943.11 171.22 1038.3 212.43 5.8175e-05
690.62 115.55 790.9 157.07 5.8165e-05
323.92 167.56 398.24 199.24 5.8163e-05
1203.4 180.64 1242.0 239.7 5.8118e-05
580.12 340.47 615.26 375.0 5.7934e-05
