665.25 178.57 721.9 227.57
697.2 162.35 854.31 289.69
647.88 179.28 673.19 206.28
638.0 176.98 656.71 194.87
474.96 175.79 524.57 202.8
682.36 183.1 723.25 242.36
633.17 178.95 635.5 187.95
449.57 167.96 493.14 217.35
691.31 166.62 855.86 288.6
659.86 177.6 721.18 223.58
667.8 180.68 724.02 223.11
455.31 167.21 485.62 224.03
680.25 175.44 718.08 240.31
642.58 181.85 678.34 209.58
640.73 183.51 672.9 207.22
645.85 175.95 679.59 201.24
645.5 173.99 667.67 213.4
652.25 186.08 679.57 210.74
469.1 174.85 530.33 203.68
471.16 167.95 526.79 195.42
633.95 176.45 660.79 198.07
630.83 172.2 663.88 193.85
633.3 177.78 654.68 196.62
633.01 169.12 649.45 199.85
634.07 171.34 663.18 189.87
631.15 180.63 649.07 198.38
627.95 171.64 637.74 195.26
