700.61 169.2 811.78 257.23
658.15 176.95 678.01 199.31
670.81 178.01 703.8 201.03
675.39 185.71 714.67 216.07
612.1 186.78 632.67 191.86
700.07 171.9 817.19 263.01
703.93 174.72 813.27 258.2
670.6 186.52 716.06 223.47
672.06 171.5 703.02 201.69
672.02 172.7 710.54 197.74
675.48 173.37 701.54 194.45
605.2 180.76 631.67 199.14
653.74 174.08 682.87 195.37
660.25 173.6 675.71 206.92
656.58 174.7 670.13 204.04
657.88 172.84 685.08 193.42
660.41 180.48 684.64 205.45
652.02 178.8 675.68 200.5
656.16 180.22 677.45 201.77
