556.92 180.79 612.94 218.45
698.87 175.45 720.84 203.2
600.43 179.21 624.71 206.27
553.49 178.83 615.85 219.95
561.98 176.62 619.98 214.36
555.41 183.96 609.57 217.73
563.42 179.54 619.55 213.45
562.98 185.68 611.04 225.52
598.02 177.97 626.14 205.7
593.75 175.79 621.58 200.53
592.45 181.23 627.51 209.91
597.17 171.31 618.02 214.02
603.94 178.71 626.81 202.81
604.92 177.27 623.63 211.21
600.34 176.8 624.15 200.14
601.87 172.69 620.18 207.0
600.68 183.2 627.41 208.19
606.66 172.61 622.04 205.91
606.48 176.35 627.63 198.96
697.74 172.09 726.67 196.37
700.53 173.1 715.6 203.33
698.86 175.16 718.95 196.63
702.83 170.0 717.2 206.36
699.61 178.18 720.29 201.81
700.07 171.51 713.1 210.57
697.6 177.61 726.66 203.67
