857.81 173.0 876.95 206.47
548.71 182.48 558.91 209.23
569.62 194.17 611.8 216.69
568.92 188.62 613.04 224.33
565.79 192.89 609.11 221.61
857.21 169.51 871.64 205.33
859.31 170.8 875.34 208.34
854.43 170.26 873.57 202.63
862.45 172.16 878.06 209.1
856.32 165.58 869.62 203.18
853.97 173.94 876.2 209.17
865.68 170.33 880.27 206.46
862.12 165.76 875.8 202.47
861.11 170.5 879.41 202.75
859.91 173.07 883.06 208.9
858.2 174.56 877.77 212.74
854.19 176.73 870.52 213.59
546.94 175.98 556.89 208.29
548.45 176.62 559.32 209.14
544.63 177.81 555.77 212.21
542.44 176.67 560.49 203.4
541.85 175.93 553.73 211.63
551.99 177.63 562.03 207.4
544.46 179.67 562.23 208.53
552.56 177.67 564.5 212.1
