705.17 182.39 768.3 230.36
538.72 181.25 567.36 203.84
440.4 186.89 506.89 231.39
730.08 181.35 828.58 248.63
343.65 182.63 471.15 255.29
700.26 180.46 739.82 215.75
691.13 179.91 715.06 202.5
498.67 186.71 529.97 220.75
749.5 175.96 775.05 188.76
338.7 183.73 473.15 261.67
346.07 186.33 463.37 260.63
730.42 178.97 832.01 251.09
701.8 178.47 772.36 228.65
707.16 182.35 761.59 224.54
711.77 180.14 771.74 227.32
434.6 180.35 512.82 232.33
447.35 184.9 508.54 223.63
443.86 192.84 505.33 229.31
500.56 188.17 532.05 217.85
494.66 192.29 531.0 221.96
502.76 181.83 526.77 226.14
533.72 179.25 572.14 204.77
532.38 180.66 563.51 202.91
542.45 175.9 574.51 199.43
535.96 177.68 565.75 199.46
545.51 177.01 562.7 209.29
746.65 170.05 770.57 194.7
693.56 181.3 743.12 219.07
684.22 175.68 720.39 199.87
688.17 175.54 715.69 195.49
