504.33 174.25 551.58 212.0
502.19 173.99 552.2 212.99
502.25 173.12 542.97 205.99
437.02 172.31 457.44 220.85
514.86 172.5 552.33 206.72
1084.4 128.57 1241.0 199.86
441.21 172.75 460.13 220.04
445.89 172.92 463.67 217.67
510.02 171.02 544.26 200.24
502.61 172.32 541.15 197.09
511.02 175.97 560.71 207.49
439.06 173.79 456.0 213.06
928.82 151.36 981.56 176.42
519.55 171.17 549.16 199.12
432.82 175.23 459.88 211.96
442.93 173.94 458.15 211.36
1017.2 147.24 1088.7 172.76
496.79 175.99 535.55 199.8
447.74 172.19 461.22 210.68
430.87 173.12 453.22 224.29
505.23 173.67 537.12 191.43
517.39 174.95 557.07 202.71
433.37 172.79 451.49 217.29
1102.6 132.95 1238.7 192.22
1011.2 148.42 1091.7 174.95
510.36 173.41 543.15 191.84
934.2 149.84 993.27 173.96
437.26 171.47 453.36 208.83
437.56 174.95 460.54 206.56
501.33 174.33 533.39 194.34
1085.8 141.49 1230.6 195.09
925.0 150.8 971.94 172.61
1069.1 151.84 1194.2 196.23
450.7 171.51 463.54 208.93
516.57 173.27 544.98 193.92
514.13 169.76 540.05 218.57
939.24 153.26 994.6 178.63
933.06 148.72 973.32 175.9
524.07 167.9 546.15 210.52
435.59 175.83 463.54 217.65
527.85 168.45 549.35 208.79
927.7 149.58 1007.4 180.59
510.19 179.07 554.37 216.43
361.93 175.17 381.95 219.47
431.5 175.26 455.35 204.7
526.59 173.38 553.74 204.29
520.02 171.9 547.25 217.45
925.85 154.22 974.3 178.38
520.18 177.2 555.57 210.04
519.92 167.63 541.88 211.03
931.06 151.77 969.47 180.1
441.57 174.18 463.95 210.9
435.13 169.44 459.59 223.58
1079.5 136.11 1214.5 188.47
513.83 167.41 535.58 210.18
501.09 179.13 547.4 215.4
431.86 179.94 460.29 220.8
433.84 170.64 449.3 207.08
929.22 148.47 972.55 168.22
1127.6 130.86 1241.0 184.65
514.19 167.74 541.71 218.27
425.97 173.0 466.26 221.22
517.94 164.89 537.63 203.77
534.86 169.78 551.69 207.43
493.24 173.05 546.92 204.51
522.09 164.76 541.17 203.47
1083.4 155.38 1225.7 199.28
505.43 170.17 529.01 212.33
917.13 146.47 995.51 179.61
934.01 156.52 983.89 179.35
509.66 169.5 532.71 214.47
929.51 149.51 963.99 175.59
429.8 176.23 447.31 222.56
950.48 157.08 1000.2 180.95
1069.3 141.57 1223.3 206.47
940.45 150.74 1027.8 184.6
1073.6 139.51 1242.0 204.29
1059.15 139.79 1242.0 197.13
0.0 164.6 328.44 268.39
756.28 165.54 928.92 183.95
0.0 138.9 193.53 217.14
864.16 148.38 937.74 186.93
942.18 150.71 1078.32 182.35
821.71 151.18 894.62 175.83
88.34 143.85 188.68 181.53
188.87 146.43 267.13 178.06
904.67 168.42 992.49 192.68
474.21 149.0 498.74 198.4
152.36 163.29 199.87 183.17
507.94 177.9 542.77 204.77
346.88 174.94 401.46 196.5
430.17 174.85 456.09 215.33
1072.32 139.84 1104.1 188.45
706.27 166.4 744.79 197.52
753.1 150.15 782.31 192.0
923.13 141.81 945.23 194.72
811.79 148.6 823.17 189.97
1001.96 145.64 1046.61 186.67
649.11 167.37 668.01 198.07
574.36 173.71 591.64 195.08
328.8 151.59 341.67 179.49
1040.64 183.0 1076.17 189.16
704.52 149.47 715.26 197.93
317.22 153.14 328.69 209.47
748.35 147.16 756.0 196.46
1056.5 146.7 1079.13 177.14
365.58 178.48 382.66 215.6
351.92 152.72 376.19 171.04
391.02 152.89 410.14 194.25
342.6 155.39 350.37 187.52
162.87 140.05 176.77 206.72
745.07 167.07 751.02 179.63
450.71 175.18 462.77 203.52
443.79 362.29 740.4 375.0
70.08 166.04 111.53 172.72
323.32 183.33 349.12 198.01
492.8 181.32 501.78 190.91
990.46 172.88 999.34 198.27
1024.29 171.36 1037.11 202.46
941.7 150.68 954.18 156.21
705.32 170.89 712.41 184.15
961.11 174.02 970.0 198.83
789.6 153.14 798.45 158.1
543.19 172.04 548.7 184.63
718.31 158.33 725.77 161.91
356.64 152.01 365.78 183.95
539.98 153.9 542.02 167.45
339.09 152.64 352.01 161.26
520.78 172.36 526.16 175.87
895.06 176.81 901.05 191.17
878.66 172.63 884.19 187.75
541.2 178.37 549.31 201.13
828.49 174.91 831.84 184.36
1187.27 139.92 1197.81 146.32
553.02 179.58 555.37 188.62
538.27 176.13 542.18 179.56
914.04 176.15 916.95 190.51
865.35 178.18 868.61 188.28
839.95 174.44 842.21 189.23
852.43 173.93 854.12 188.76
261.43 149.22 270.71 154.6
