585.39 176.82 624.27 215.6
467.07 176.86 531.33 228.63
581.7 177.0 616.5 212.36
415.86 177.98 439.97 193.62
209.37 171.64 276.15 210.19
591.15 174.25 623.82 209.57
213.67 175.56 270.71 207.78
583.19 174.81 627.05 215.57
413.91 177.4 434.65 192.49
580.95 177.29 604.42 205.46
420.47 177.64 442.66 191.88
590.5 173.52 617.67 218.82
418.09 176.36 440.94 190.35
214.74 171.25 273.78 200.95
448.17 176.14 470.06 190.32
543.0 175.64 574.67 197.7
599.54 175.09 625.42 204.64
595.84 178.1 625.41 212.32
571.37 175.75 591.29 195.19
594.77 173.87 622.38 202.46
577.01 177.16 598.15 200.75
423.29 177.05 446.26 190.96
577.36 178.09 612.34 207.3
565.69 175.27 588.23 194.38
572.48 177.34 596.11 197.5
584.3 174.9 610.54 217.13
556.59 176.01 582.65 198.11
559.91 174.47 583.74 194.88
413.51 179.9 437.46 195.03
585.88 175.56 608.62 200.58
551.91 174.49 578.17 195.4
595.72 178.3 629.49 203.54
413.98 175.99 437.3 189.93
588.18 174.1 613.95 201.96
581.57 176.56 602.0 199.31
474.19 181.01 528.34 225.68
437.99 176.5 460.24 190.07
583.12 173.31 601.96 213.74
429.46 176.66 452.72 190.56
586.91 185.77 623.28 217.04
603.86 172.78 623.96 212.95
596.16 169.68 618.52 215.34
586.77 172.37 605.91 214.01
590.86 173.92 620.18 197.35
541.76 177.32 567.9 198.42
605.62 175.63 628.02 203.27
477.92 177.31 533.54 217.63
595.27 174.21 622.99 219.62
597.69 174.93 626.11 197.43
453.08 175.63 476.22 190.42
477.85 168.0 517.73 236.18
600.38 170.42 621.01 212.98
445.26 175.0 466.73 189.4
410.34 176.56 429.92 191.45
452.29 178.09 479.22 193.01
580.94 172.77 595.07 209.72
547.13 170.7 575.61 196.26
478.69 178.02 523.04 215.74
587.73 168.13 617.22 222.48
599.06 169.92 617.75 207.88
609.25 171.52 625.26 211.91
213.63 169.82 267.54 192.06
595.71 169.91 612.6 206.44
233.15 174.98 278.38 201.08
211.13 172.17 265.33 197.7
588.42 170.36 604.09 206.39
205.25 176.23 259.17 202.8
1140.38 63.58 1242.0 364.09
102.42 148.25 239.89 202.16
465.44 179.48 530.49 224.83
0.0 177.95 77.03 214.18
17.78 145.11 136.53 203.85
217.17 172.24 280.29 203.21
588.62 177.98 623.98 213.92
278.63 183.34 323.07 194.47
260.49 164.74 309.47 193.92
1199.37 130.34 1242.0 261.77
674.21 146.4 696.45 217.28
0.0 170.12 31.25 193.24
0.0 140.13 46.46 186.66
88.46 144.49 147.18 182.17
316.22 169.31 351.6 189.29
922.29 147.07 933.27 213.86
547.11 183.24 575.37 192.78
0.0 158.55 43.17 193.2
42.81 143.09 98.84 175.71
546.33 170.21 575.52 178.85
38.75 170.49 87.2 192.89
137.8 199.72 190.61 203.29
58.38 159.93 91.4 181.17
109.07 172.41 135.21 182.19
499.21 151.27 506.26 181.92
347.6 154.63 365.91 176.98
88.69 160.35 112.43 181.21
162.94 145.79 176.39 192.36
1127.64 130.56 1179.6 260.49
412.04 165.99 417.32 193.22
