130.36 151.0 175.73 255.44
156.4 153.53 210.41 255.51
1013.7 176.76 1059.6 204.63
143.34 152.56 195.64 256.23
132.7 153.53 207.37 248.22
121.97 153.27 192.54 246.91
127.95 150.66 226.11 262.34
144.12 141.13 208.31 267.83
1157.2 182.09 1189.7 198.77
132.75 145.7 190.86 266.04
154.42 133.09 220.6 267.99
146.72 154.18 221.0 247.68
133.22 146.88 185.02 268.46
1022.3 177.81 1062.6 201.57
167.06 151.62 221.05 257.85
549.95 164.73 719.11 238.77
1007.1 177.32 1060.7 206.62
150.06 148.75 202.67 264.93
116.6 162.48 213.74 266.37
124.91 149.15 179.76 270.77
1008.7 178.65 1053.5 201.78
107.94 160.25 233.8 247.58
103.46 151.81 200.13 264.27
119.65 152.03 162.99 253.23
118.55 163.9 218.08 222.77
162.86 129.41 232.73 273.01
124.22 142.19 169.83 241.37
0.0 44.34 882.78 317.57
634.5 127.69 1242.0 227.94
1163.22 76.52 1242.0 370.63
565.31 165.66 724.85 239.18
1237.65 75.99 1242.0 375.0
150.1 149.95 229.28 244.21
303.88 180.83 434.69 310.99
550.45 124.42 568.46 279.82
1234.26 333.05 1242.0 375.0
1197.79 202.18 1242.0 300.04
857.07 188.71 881.67 235.43
645.84 149.18 685.71 164.53
621.75 148.27 655.88 171.59
818.08 149.62 857.07 195.72
874.91 148.58 921.52 163.82
809.83 150.64 843.34 174.97
1033.86 374.63 1177.67 375.0
772.6 150.19 805.9 159.47
744.47 205.2 775.65 214.84
867.78 218.23 888.44 231.86
458.59 361.81 737.44 374.97
824.21 150.95 839.35 165.37
874.56 149.69 889.56 206.04
768.05 150.64 784.91 168.57
968.21 149.55 988.65 188.87
292.81 143.37 321.63 149.02
796.95 150.59 813.7 160.13
