229.84 176.22 420.84 245.57
643.83 179.96 680.61 209.48
441.99 175.46 538.76 211.69
391.75 179.66 498.69 220.12
268.22 176.28 468.46 242.28
420.35 180.1 521.03 217.7
774.29 199.34 1076.4 367.64
361.06 178.94 485.25 223.45
335.27 182.22 479.3 230.69
461.4 173.75 550.15 207.41
324.41 178.38 466.08 232.49
808.27 169.33 1143.3 349.98
642.94 180.06 669.97 205.53
727.72 177.36 1216.1 375.0
644.97 180.52 692.42 210.99
237.37 179.57 390.55 240.46
312.78 179.72 460.89 233.51
459.59 177.68 529.9 205.67
471.23 170.28 558.0 203.65
395.99 176.74 479.93 225.83
643.34 178.91 690.39 216.21
622.96 173.43 643.37 190.74
638.2 179.23 667.24 201.58
847.31 154.49 1194.2 355.89
800.63 205.81 1035.9 351.27
797.41 185.43 1065.2 337.9
412.38 175.93 496.22 222.72
212.52 179.72 383.57 250.62
649.29 177.52 682.8 204.96
617.18 114.59 1242.0 375.0
467.72 174.44 538.93 204.52
624.02 175.79 647.79 192.56
650.76 179.09 702.36 217.78
637.52 179.39 661.69 198.54
652.53 178.94 698.35 208.75
271.14 176.35 415.47 228.53
372.59 175.81 471.96 229.19
438.29 177.15 511.46 216.67
346.25 177.14 496.34 234.23
647.29 178.24 674.62 202.2
649.22 176.4 670.34 213.27
635.18 177.6 657.91 196.01
451.33 180.74 517.68 208.37
628.86 176.38 652.45 194.23
812.6 206.35 1068.2 315.69
682.1 212.77 787.98 251.39
498.16 175.76 563.91 199.8
370.82 173.01 512.6 229.69
806.12 198.54 1029.9 303.91
385.1 169.96 527.43 222.54
633.29 176.76 654.55 193.34
640.75 180.18 663.67 204.72
335.4 175.78 464.88 221.77
1.1844 162.0 31.295 332.77
378.66 182.84 483.25 233.25
659.93 178.46 718.71 221.47
652.29 173.87 673.5 213.16
217.53 185.09 363.99 241.65
836.09 201.19 1067.6 291.17
647.68 173.37 666.43 208.3
654.45 174.68 677.2 217.15
280.72 180.34 446.73 236.69
818.97 222.21 1085.8 342.95
0.0 164.54 23.274 334.01
646.13 176.38 662.29 210.4
640.01 177.16 663.14 196.15
760.34 82.58 1061.93 375.0
0.0 128.28 150.87 373.48
243.74 174.0 403.45 238.04
797.02 115.37 1214.87 242.11
671.64 129.2 795.5 253.93
779.96 150.62 1242.0 316.65
771.12 185.17 1055.16 359.98
0.0 105.08 113.85 214.29
62.53 132.92 330.96 209.05
437.32 157.61 548.54 198.72
0.0 156.0 53.0 292.06
794.71 176.81 891.17 195.67
0.0 125.44 60.23 169.62
66.13 135.73 182.33 202.08
267.78 147.05 358.38 196.17
33.08 138.66 216.15 210.32
814.57 145.4 954.17 193.72
319.74 148.2 395.33 177.55
197.22 144.75 353.6 201.33
468.28 174.71 541.79 210.44
423.77 176.93 512.99 217.6
648.51 183.67 675.28 210.78
473.61 196.8 507.74 221.1
379.06 143.2 407.79 175.61
1133.06 155.45 1217.78 215.11
395.85 150.24 450.37 182.92
652.33 153.05 688.27 179.54
265.01 153.64 316.97 193.44
789.27 147.48 813.24 183.43
952.52 140.08 1030.05 161.93
407.04 148.29 419.46 179.74
862.54 171.78 889.82 175.49
464.35 150.38 503.69 157.65
298.73 153.95 311.32 192.08
823.67 155.91 851.41 175.45
417.81 175.08 436.83 183.38
0.0 136.7 12.15 170.71
536.11 182.34 554.57 200.01
89.3 165.46 146.91 176.04
450.94 177.97 474.14 182.65
495.91 150.68 522.66 156.16
47.78 144.88 87.22 171.71
89.5 143.18 144.66 171.36
426.78 156.85 440.99 175.51
373.04 151.08 392.77 159.85
483.8 150.83 494.79 156.49
397.08 177.74 421.52 182.63
399.52 166.31 410.02 179.18
422.33 157.86 427.52 167.53
104.89 173.31 122.44 200.86
447.93 150.41 462.46 155.5
675.23 157.8 683.48 178.95
310.1 145.73 314.21 173.51
411.29 184.35 443.52 188.39
530.33 150.08 543.68 203.65
344.02 174.35 352.85 178.03
247.1 157.01 250.65 172.93
365.13 176.14 375.57 181.02
266.52 192.68 288.28 197.18
104.9 165.21 115.67 175.64
400.79 168.38 408.28 173.95
373.37 174.97 378.41 178.6
495.2 191.92 506.27 196.41
297.76 171.75 461.07 232.93
441.99 178.32 476.1 227.26
487.6 179.98 541.79 207.22
468.33 174.74 492.65 189.1
