783.68 179.38 846.96 233.08
662.84 185.4 761.03 246.36
759.45 178.98 837.59 242.24
792.95 181.27 850.32 224.59
741.51 182.06 835.48 257.63
561.92 185.12 706.97 270.84
800.5 183.53 848.23 223.77
768.1 182.13 831.9 227.08
677.34 190.83 766.98 240.02
797.36 181.35 850.14 215.1
785.66 181.56 837.28 211.9
798.26 186.28 842.45 230.1
653.99 190.85 742.86 242.14
788.22 178.56 822.58 206.88
751.32 188.8 847.59 248.79
784.02 180.0 824.63 211.57
793.98 179.88 838.67 208.62
733.05 183.56 841.73 257.01
788.68 179.11 845.27 214.84
790.91 186.47 835.18 226.19
808.12 178.71 847.41 210.68
807.71 180.78 832.55 236.83
697.18 191.22 777.29 236.64
780.26 180.31 838.86 219.71
810.11 178.64 854.21 220.93
750.87 179.99 818.53 230.63
776.1 177.8 833.32 212.24
799.39 180.32 824.29 238.39
732.49 181.13 827.97 243.5
814.12 179.54 855.34 205.64
717.96 189.48 808.15 240.87
804.75 178.2 828.12 233.63
811.23 179.13 836.37 234.36
778.35 180.06 819.19 205.49
785.56 189.28 831.2 232.71
709.98 191.37 790.78 238.16
580.29 189.39 692.68 268.91
776.77 186.32 839.12 246.42
771.66 182.09 824.79 210.09
822.5 179.05 853.18 199.28
581.92 186.2 718.78 259.98
795.42 180.71 830.92 249.25
782.73 185.39 825.52 221.53
624.54 182.18 745.04 252.34
795.51 181.58 820.35 239.95
827.5 178.33 850.85 226.62
664.72 180.47 787.93 244.23
824.47 177.09 852.49 206.53
784.27 178.87 821.5 200.79
817.12 175.65 843.8 230.38
670.93 184.33 756.76 231.84
812.11 180.62 852.42 223.13
793.93 191.29 837.85 233.24
713.65 183.13 826.71 253.57
787.8 178.19 816.15 203.18
761.93 172.85 818.04 267.06
818.05 178.61 845.88 203.0
784.29 177.43 825.07 254.88
791.67 179.04 829.18 202.64
802.8 180.5 836.92 247.38
793.4 189.11 850.17 226.92
764.25 177.96 822.47 219.31
776.48 182.79 832.28 214.56
777.37 187.9 822.77 227.13
797.94 176.98 818.72 230.1
646.05 185.31 772.28 249.7
802.21 177.03 822.91 230.2
778.2 172.58 819.67 250.13
815.9 183.32 838.83 237.05
822.98 176.28 847.14 230.96
809.55 186.21 848.99 228.82
793.71 176.05 820.91 202.22
830.54 177.38 853.57 200.13
793.39 176.71 814.65 229.38
795.4 172.32 813.25 218.55
809.4 174.01 831.97 226.54
799.64 179.23 831.09 205.62
803.89 179.52 840.37 202.68
791.86 180.8 815.83 238.87
822.85 185.19 853.33 224.5
800.09 171.43 815.77 213.78
650.0 188.34 723.42 244.52
811.53 177.74 841.38 233.32
796.15 170.4 812.84 205.44
741.17 177.96 855.3 246.02
780.14 193.12 836.34 228.28
774.48 180.21 810.8 207.95
816.72 172.72 838.94 222.75
820.08 177.19 853.3 219.6
788.65 178.36 811.07 233.56
752.5 170.47 806.92 268.1
791.8 171.97 809.52 218.14
800.96 174.24 833.34 232.62
783.03 179.78 811.88 202.47
774.18 180.67 813.56 201.21
736.91 200.52 830.84 259.72
830.76 174.04 848.17 212.58
684.33 176.51 728.2 258.05
829.37 177.58 855.19 193.29
602.95 169.63 669.17 290.85
760.93 182.38 814.62 211.28
729.39 180.69 803.96 237.21
833.81 173.92 851.24 211.47
689.5 171.58 736.03 252.02
806.49 183.97 859.16 218.66
822.15 173.04 841.62 215.42
695.97 179.99 737.71 259.13
793.6 173.45 826.09 231.4
830.86 174.88 853.48 223.08
804.21 172.25 818.89 212.71
722.69 202.98 1242.0 375.0
0.0 58.23 521.51 374.62
1231.28 92.55 1242.0 279.5
961.9 107.58 1242.0 247.31
442.11 126.89 720.58 239.09
566.71 184.81 721.28 267.62
652.51 143.85 753.56 197.29
953.81 138.51 1119.77 210.9
684.1 189.32 769.71 243.62
713.86 146.55 784.13 194.68
861.6 193.81 1043.61 238.01
751.1 151.84 808.51 193.92
518.16 148.59 585.68 164.48
1026.33 140.88 1088.85 210.09
945.09 144.65 1042.66 199.53
123.91 139.43 301.78 218.04
798.6 167.99 845.14 186.52
748.08 150.42 784.15 193.1
402.63 144.43 455.72 232.12
809.61 185.7 871.44 226.18
772.04 152.3 810.74 184.14
960.03 163.5 1028.8 194.81
978.45 176.34 1022.86 198.12
503.48 150.77 522.19 165.78
903.71 199.4 959.96 206.13
738.2 190.07 786.61 203.22
788.71 160.51 802.2 193.57
283.67 154.68 343.19 198.5
0.0 116.4 14.42 173.88
993.89 146.75 1025.28 196.75
625.03 162.06 644.5 179.97
964.87 154.24 1000.15 194.11
327.06 145.85 339.24 161.1
530.58 160.05 563.33 165.36
952.12 177.75 961.74 193.43
1060.27 142.39 1103.17 155.02
939.48 178.81 946.7 194.34
1006.08 151.67 1021.31 172.06
907.6 191.75 936.61 196.52
203.42 142.79 217.29 152.17
904.57 196.76 945.87 203.09
908.96 166.37 920.77 170.51
1140.79 134.65 1196.8 169.55
1030.68 144.19 1069.28 150.52
488.16 155.76 493.16 159.82
939.48 196.61 957.91 202.19
773.17 187.68 781.98 192.91
1130.32 137.87 1184.61 155.93
1021.15 145.68 1033.57 180.58
803.32 175.99 809.14 184.33
593.09 161.33 597.84 165.14
1040.38 371.98 1131.4 375.0
725.91 186.83 861.97 254.77
