579.7 169.86 697.71 214.86
686.27 174.46 870.18 307.24
994.49 155.25 1087.4 202.97
936.36 162.92 1031.9 205.6
854.15 158.88 970.33 211.59
975.71 160.76 1068.0 204.52
745.84 162.07 894.46 229.98
763.03 163.67 895.33 219.71
722.43 165.49 885.59 247.71
726.62 164.05 878.35 285.92
923.05 162.19 1015.5 206.96
1014.2 155.93 1096.1 200.06
888.97 164.05 983.96 208.07
908.91 163.75 999.6 205.88
870.38 166.65 980.28 212.62
947.2 168.66 1041.3 207.05
952.5 159.58 1045.6 203.49
692.55 166.67 867.53 264.87
774.42 157.44 899.52 221.91
1088.3 158.6 1173.8 190.87
563.51 165.79 707.37 221.24
579.99 167.91 673.37 207.37
605.83 169.63 703.11 208.11
846.83 154.85 979.75 215.55
676.99 165.16 881.25 315.7
745.3 167.26 879.79 224.02
870.48 152.69 997.82 214.57
816.67 152.39 939.09 217.53
881.87 159.56 973.36 202.88
704.0 193.08 863.29 300.29
985.23 154.24 1061.6 201.67
729.18 147.56 837.71 321.03
851.37 161.47 946.82 207.23
789.03 164.86 917.6 216.26
731.12 165.51 854.84 216.6
1006.3 163.71 1098.2 203.32
700.0 163.24 865.77 233.35
898.54 153.25 1023.7 213.69
935.01 146.45 1071.2 212.82
746.45 176.27 879.97 301.23
766.21 160.09 853.84 311.8
867.08 152.86 961.8 207.23
966.62 146.94 1097.3 209.75
578.24 176.44 673.17 216.09
971.34 154.81 1048.3 201.88
597.17 174.56 664.46 203.88
755.86 168.77 907.39 247.48
787.13 154.85 867.42 298.48
584.49 163.99 697.52 201.33
769.57 161.18 894.79 261.76
921.12 77.48 1242.0 350.37
0.0 92.22 37.0 348.2
40.69 134.75 771.31 252.88
0.0 125.16 140.87 235.75
681.37 171.46 859.49 294.87
715.68 143.33 952.82 179.65
587.71 170.69 698.29 214.47
958.53 130.73 1214.33 216.39
857.64 165.61 1003.07 213.98
416.68 144.66 503.49 197.78
1121.36 130.2 1242.0 203.88
887.53 207.3 1242.0 230.95
775.26 167.64 918.97 217.15
918.04 207.2 1242.0 223.71
947.95 171.21 1058.51 207.83
135.72 164.2 203.65 196.4
1011.29 160.39 1139.17 206.49
887.63 147.56 978.24 176.59
197.23 171.39 255.12 195.92
121.98 184.8 272.75 200.85
227.8 171.88 279.31 192.22
188.9 143.23 277.42 196.15
305.5 223.9 447.11 227.75
706.17 131.7 749.0 195.73
384.43 146.26 450.84 180.25
1215.84 174.4 1242.0 205.33
735.98 177.28 784.24 194.99
128.85 142.28 191.9 196.67
866.99 147.31 910.31 167.17
292.44 144.71 345.4 192.77
958.56 147.38 996.75 167.56
1027.95 203.81 1139.35 208.17
1104.49 139.65 1122.55 204.07
315.6 193.25 336.73 212.43
947.94 162.53 1002.98 167.72
988.52 147.34 1021.15 173.35
59.16 195.89 93.76 218.97
331.82 144.33 377.89 164.11
132.71 199.93 158.17 215.98
215.14 199.06 236.3 214.38
64.8 141.51 98.32 163.77
228.77 166.01 275.71 192.22
367.66 176.46 399.8 190.07
765.72 172.86 798.24 182.32
415.69 168.03 432.57 181.02
1012.35 152.49 1049.0 163.71
375.84 150.06 387.53 177.01
993.14 163.03 1018.15 173.28
840.86 170.25 872.81 178.95
0.0 203.94 11.37 215.54
21.01 203.01 42.87 214.19
930.63 172.51 965.05 176.52
1066.02 189.88 1101.21 199.82
320.96 174.11 333.75 189.3
1119.92 180.22 1146.85 196.88
84.78 140.9 94.1 157.79
1197.62 179.13 1220.53 191.72
934.62 147.74 959.9 176.55
288.77 149.72 300.63 158.72
262.74 193.14 284.36 203.64
1201.37 140.26 1216.92 174.11
96.79 142.38 106.32 148.65
1132.15 192.15 1149.56 196.75
203.99 165.75 218.97 191.84
1196.35 169.3 1226.22 197.2
1204.46 139.66 1228.85 192.01
862.35 148.47 869.08 157.12
1017.67 147.57 1033.95 163.52
393.99 149.96 399.81 164.11
27.88 139.78 44.18 146.84
1208.61 191.68 1228.89 197.11
14.83 139.31 33.8 149.96
1027.05 367.1 1174.57 375.0
299.39 146.24 305.2 151.43
1235.49 138.43 1242.0 145.07
1219.45 145.54 1230.68 191.95
1206.13 158.24 1210.45 163.2
1186.37 175.32 1194.07 186.92
187.51 165.46 196.7 180.68
