384.53 179.03 453.05 204.37
587.55 173.24 650.49 200.12
241.32 179.93 301.76 206.56
580.47 174.84 621.66 199.06
764.79 182.65 941.89 286.02
584.09 172.51 630.03 197.05
969.79 164.32 1049.3 192.58
550.59 174.66 576.68 190.28
785.36 167.18 853.86 193.29
580.43 173.56 612.87 197.24
781.36 165.67 853.62 194.09
578.71 174.51 607.52 193.92
388.44 179.03 454.59 204.84
1171.0 151.95 1242.0 186.75
584.99 171.73 624.43 192.91
548.46 174.25 570.09 190.8
560.9 175.59 585.46 190.44
574.27 175.08 599.16 192.51
395.91 177.96 456.87 200.58
580.6 171.34 654.01 201.62
555.63 174.86 580.18 189.9
568.58 175.73 592.24 191.43
591.41 171.19 638.64 198.67
576.18 173.04 604.57 190.88
600.6 174.34 655.75 200.75
779.34 165.73 846.01 190.28
976.03 163.69 1051.3 190.35
482.23 169.55 495.57 215.46
485.54 170.9 499.58 214.92
576.11 176.95 601.59 195.1
545.4 174.07 565.38 189.79
593.96 171.55 648.34 194.71
792.26 176.58 952.19 266.33
488.95 171.65 502.95 213.68
777.57 169.91 843.16 194.61
236.67 180.81 299.94 208.6
786.33 172.61 850.12 196.76
755.63 172.08 923.52 267.84
799.16 167.16 859.37 191.01
788.54 164.94 842.05 195.16
239.17 180.45 290.31 202.83
1177.2 157.13 1242.0 184.63
251.63 179.5 300.77 203.15
614.08 174.09 656.87 196.46
480.13 170.57 492.84 214.59
491.97 172.22 505.37 213.52
582.07 172.12 609.61 190.79
592.54 171.09 629.36 193.75
978.24 167.85 1052.9 195.07
549.17 172.8 573.64 188.67
785.1 164.18 853.39 187.32
479.66 168.85 491.23 205.75
1158.7 155.44 1242.0 190.66
399.95 180.75 460.66 203.28
412.63 178.97 459.31 199.13
541.16 172.79 560.74 189.44
958.27 160.24 1041.9 189.47
605.01 172.37 651.89 193.43
544.58 171.58 568.43 187.35
582.24 179.15 610.59 198.05
403.82 176.12 454.57 195.4
795.26 163.25 849.19 192.31
395.02 177.54 449.94 208.12
966.42 163.73 1036.2 188.68
970.09 161.61 1045.3 184.91
483.5 172.7 502.22 204.94
793.94 165.38 867.67 195.36
1164.5 159.64 1233.3 184.29
588.85 170.93 621.46 188.1
394.65 176.28 443.62 202.36
479.04 168.76 498.06 201.28
773.73 162.55 846.66 196.86
481.15 165.75 494.92 205.57
484.32 167.76 498.57 204.91
1189.5 145.94 1242.0 188.7
486.59 173.23 504.89 207.57
983.16 162.88 1059.0 195.78
577.3 171.31 601.24 188.83
2.3276 189.35 105.38 223.05
235.4 180.07 276.74 199.11
596.6 178.47 649.34 201.44
808.44 190.9 945.04 292.45
249.28 182.09 296.66 210.18
386.19 178.3 436.62 202.83
719.99 161.16 964.48 295.82
563.42 173.1 588.69 187.55
985.23 161.43 1043.2 191.7
392.18 184.36 452.3 204.92
961.93 168.62 1029.1 190.41
569.62 172.91 590.9 189.87
818.05 156.99 900.65 304.48
923.33 153.08 976.42 174.54
772.54 166.09 931.78 233.55
579.12 179.02 604.79 197.51
540.02 177.47 566.67 191.45
619.43 172.47 656.04 191.02
262.26 181.55 302.91 202.14
587.6 168.15 604.7 199.85
771.86 161.07 847.28 187.54
487.95 169.17 502.22 204.4
573.21 171.75 596.08 189.14
480.08 172.49 498.43 208.32
538.43 175.49 563.77 190.16
489.92 173.71 506.79 199.67
949.16 164.36 1035.2 194.67
810.8 162.87 885.21 311.22
784.48 163.25 832.94 191.85
801.84 174.34 864.41 196.65
403.91 176.95 446.61 198.91
494.73 173.91 507.73 212.39
477.75 170.48 494.68 199.17
0.0 139.82 196.59 218.41
164.77 151.75 284.99 221.93
756.93 176.24 928.32 278.88
1003.07 57.16 1242.0 288.93
885.25 149.06 1242.0 204.89
1158.89 61.22 1242.0 367.39
865.73 124.38 1165.95 242.9
1046.83 142.74 1189.69 187.04
827.05 147.18 967.45 184.04
64.5 141.96 114.67 207.3
831.67 134.32 982.17 222.43
40.82 140.5 251.47 203.96
736.22 149.58 870.23 196.82
478.21 145.13 509.9 213.32
767.39 146.96 858.52 199.21
968.44 176.31 1045.68 192.56
586.3 180.7 653.63 198.97
277.44 146.84 302.77 209.75
849.44 153.84 954.43 192.95
751.56 150.25 799.13 193.31
294.48 184.17 372.14 195.03
396.4 152.9 412.74 184.37
376.29 150.15 392.07 200.25
293.79 146.12 314.58 207.91
420.36 155.8 458.31 187.35
338.62 151.85 394.64 158.84
1159.63 254.68 1214.2 295.47
398.56 185.79 456.82 199.44
352.38 157.7 356.63 179.97
270.1 192.38 296.73 201.4
637.76 153.12 644.32 175.38
592.43 184.25 605.05 188.71
392.78 166.62 399.02 184.11
299.31 182.57 337.22 201.41
512.05 153.75 515.41 184.19
812.87 160.74 815.94 170.26
298.17 227.31 347.04 242.12
484.8 175.97 488.12 184.06
954.35 238.01 1090.77 256.7
1196.62 236.91 1242.0 254.77
