577.44 177.3 623.96 216.78
584.1 175.32 627.69 210.83
642.79 172.54 677.84 204.78
691.79 167.19 822.07 266.94
575.82 175.05 625.14 216.53
594.46 175.42 631.45 207.24
670.44 179.04 742.98 226.7
635.75 174.77 672.48 201.91
629.13 174.95 664.3 201.22
623.4 175.88 654.98 198.93
614.35 176.59 645.01 198.97
605.82 176.26 638.84 200.36
667.05 176.4 725.02 224.6
583.4 173.94 630.02 211.57
681.35 171.67 790.88 250.3
675.48 177.14 761.31 232.29
578.55 173.69 613.94 209.84
599.65 174.8 636.08 203.35
638.94 173.16 667.33 199.42
643.55 175.14 688.35 205.28
595.44 170.34 630.43 202.29
591.61 173.32 638.58 209.59
617.27 174.4 645.49 195.29
689.57 171.29 777.69 243.61
698.77 170.6 809.93 261.71
607.51 174.05 637.48 196.29
663.58 179.46 716.45 219.92
569.44 178.22 613.03 208.36
589.67 170.19 621.3 201.87
649.58 171.84 678.23 199.99
575.91 175.71 604.13 205.84
605.44 168.4 625.16 210.08
591.99 169.88 615.6 216.76
609.06 169.46 627.51 209.1
584.87 167.21 607.78 216.13
702.46 164.26 830.31 245.35
643.37 173.22 693.55 210.12
581.67 167.11 602.65 212.93
719.26 165.16 812.11 246.87
654.63 176.02 708.74 213.08
597.02 166.83 619.06 212.5
649.1 168.29 670.19 207.9
582.47 171.86 610.37 202.0
634.03 169.05 650.83 202.35
589.3 165.49 612.23 214.06
602.51 172.47 625.99 215.06
671.4 185.1 726.35 224.19
586.14 171.73 613.37 220.96
604.13 172.01 652.9 207.14
717.66 153.17 788.69 283.27
681.88 176.0 749.64 222.61
605.24 177.4 633.25 206.0
646.21 172.02 673.14 196.03
635.13 172.46 685.12 209.31
653.11 166.2 673.01 203.6
662.77 167.65 781.86 239.67
584.94 170.25 614.88 223.5
574.23 183.0 621.16 220.66
691.0 178.89 798.17 249.89
579.5 169.1 598.07 212.18
630.19 173.26 656.05 198.06
595.45 163.88 614.01 205.54
580.15 171.46 608.67 220.41
647.81 167.69 665.87 203.0
623.2 172.24 671.79 206.52
587.68 165.33 605.4 208.27
654.47 173.19 683.8 205.86
603.1 171.69 629.51 196.81
603.24 164.81 622.09 206.21
691.65 173.12 732.45 248.2
597.19 172.23 622.69 218.11
724.41 143.95 809.87 259.61
629.67 170.03 644.21 201.22
590.21 172.93 620.1 221.12
584.32 172.01 619.3 196.88
570.61 177.35 607.25 201.25
685.84 173.22 723.7 242.33
655.58 167.66 677.27 210.07
591.94 163.87 609.6 206.87
719.83 157.61 785.34 266.74
593.22 168.39 619.8 218.22
632.68 170.87 647.36 203.73
627.08 169.4 640.08 200.15
678.58 173.19 717.57 239.75
608.98 166.27 625.49 199.94
348.54 153.23 364.24 199.2
595.43 172.11 621.57 196.28
577.89 173.74 601.85 200.76
640.23 172.13 668.71 193.23
679.13 186.52 734.95 222.74
582.67 165.76 620.16 218.07
615.17 170.51 628.94 204.24
597.32 172.18 630.0 192.59
705.95 117.81 1242.0 252.43
1036.12 183.52 1242.0 375.0
124.11 143.43 296.91 230.32
0.0 6.6 112.99 375.0
0.0 186.66 14.82 375.0
695.36 162.75 820.66 263.08
167.61 134.45 417.75 222.1
404.38 151.87 442.86 212.3
720.09 148.23 768.81 179.24
686.07 148.35 722.96 188.15
673.11 177.75 723.16 227.77
240.61 134.1 271.69 247.36
577.99 181.49 619.35 216.23
1075.6 155.45 1126.71 184.91
359.3 149.3 422.1 187.37
130.01 180.43 218.99 212.93
651.23 180.15 681.76 202.7
135.28 140.79 173.46 178.12
342.51 143.06 362.86 222.94
311.72 147.74 367.53 176.68
457.02 149.66 466.63 203.3
460.56 149.1 473.29 207.12
603.82 175.1 630.21 202.17
661.52 152.7 676.19 179.09
490.21 153.02 497.59 197.12
289.37 146.8 338.73 179.87
1003.72 139.13 1029.99 180.65
736.91 169.93 768.04 178.14
237.76 173.95 259.84 204.42
238.97 159.27 253.2 173.13
681.41 165.31 687.12 187.28
376.72 165.11 381.52 187.35
441.33 157.81 451.9 188.83
644.89 185.71 650.59 199.04
635.87 186.66 642.79 199.71
355.97 168.21 361.95 186.7
678.11 160.75 681.19 178.49
0.0 136.06 1.69 146.66
318.64 158.45 343.87 168.74
239.09 184.79 257.27 199.27
382.84 176.06 384.74 189.05
1070.36 192.55 1077.37 198.25
