634.49 181.63 672.77 202.63
754.11 175.28 776.71 194.45
315.32 189.31 470.13 278.3
644.39 180.92 682.14 201.43
746.53 175.19 774.54 194.63
4.0938 159.27 300.23 362.43
660.51 180.0 690.66 197.41
758.75 173.18 778.98 192.6
653.94 179.71 686.46 197.84
664.88 180.35 696.68 197.87
535.29 181.33 590.3 224.06
0.0 160.25 405.24 375.0
538.58 183.85 586.73 222.89
750.14 173.09 776.81 191.99
763.91 174.19 781.5 192.17
741.46 174.86 770.56 195.35
633.28 182.66 663.37 203.43
667.34 180.36 702.15 200.5
631.05 181.36 666.15 200.24
686.97 182.62 710.97 243.09
663.56 177.81 691.52 193.35
672.84 179.28 710.17 197.75
688.87 174.97 710.59 227.56
673.72 179.0 701.08 203.4
657.18 178.36 686.52 194.06
675.61 178.4 706.51 206.2
761.17 176.48 780.02 194.66
670.45 180.1 711.31 202.95
681.26 177.37 711.75 208.3
668.12 178.99 693.35 200.04
542.05 180.57 582.36 215.38
535.49 181.11 579.26 220.13
667.53 178.62 699.47 194.89
768.35 174.39 785.66 192.11
756.37 170.13 778.71 188.29
641.67 179.21 674.93 195.84
648.82 177.7 681.94 195.12
0.0 145.57 250.05 341.81
685.08 179.62 713.1 212.38
691.39 177.3 713.36 232.49
739.77 173.57 764.0 196.93
732.79 175.18 763.16 194.65
687.03 175.66 706.92 222.22
674.65 179.09 699.89 197.38
690.93 174.24 709.19 216.14
297.99 185.15 458.91 262.69
676.31 177.87 708.8 193.11
636.17 180.25 668.27 198.46
537.95 180.19 573.03 213.62
682.29 176.49 703.87 227.64
682.64 175.89 712.65 239.36
686.23 178.99 711.45 201.7
692.75 176.31 712.28 219.21
652.66 181.79 685.53 201.59
37.457 172.19 272.2 244.56
531.42 182.92 577.71 210.67
87.626 174.84 288.64 241.99
744.96 171.82 768.94 192.44
764.49 176.44 783.37 195.4
89.535 179.12 300.54 259.81
639.2 184.96 671.96 203.48
528.47 178.57 589.57 214.34
762.2 170.51 780.97 187.22
65.183 171.74 346.11 325.8
532.95 188.26 576.94 222.91
682.97 182.9 710.71 223.44
683.0 182.78 704.66 239.97
660.21 182.23 691.06 202.22
544.16 182.63 592.5 212.74
537.0 182.45 584.14 206.84
678.25 178.66 704.9 197.69
81.286 187.93 300.6 284.43
547.69 176.04 573.71 225.36
760.49 168.31 774.09 195.63
685.95 191.82 705.87 242.52
545.57 187.07 595.32 217.14
679.81 180.43 718.56 203.25
676.86 183.11 717.85 207.51
545.7 172.29 579.03 232.97
679.31 177.16 695.84 215.24
683.17 173.98 699.6 213.59
624.45 177.36 682.9 205.88
745.29 170.72 772.75 189.15
758.03 172.4 771.36 198.73
629.37 180.28 658.63 201.09
537.84 175.16 560.34 224.33
129.1 179.51 302.89 242.1
18.878 185.52 264.83 285.93
764.58 168.78 776.2 194.71
682.14 179.83 717.28 197.18
137.87 183.16 314.8 265.11
552.67 176.32 580.2 224.84
768.7 171.41 786.74 189.96
680.23 180.85 708.67 215.39
681.08 188.19 710.62 233.59
79.007 116.95 224.35 375.0
683.76 177.87 709.03 197.58
546.25 173.75 568.51 221.93
726.0 176.44 754.86 194.09
60.589 81.897 210.49 337.94
533.27 181.49 574.34 205.45
691.53 188.18 712.63 241.7
879.15 134.31 1169.74 243.51
101.11 107.6 269.53 266.22
0.0 150.42 327.24 375.0
823.15 140.31 988.97 226.73
1085.12 50.39 1242.0 375.0
421.45 141.14 531.63 218.73
532.65 148.47 647.55 202.67
314.18 185.07 472.89 271.51
768.79 135.25 873.29 220.79
513.39 148.32 557.62 202.76
684.13 176.12 712.4 240.21
539.54 187.5 586.89 220.87
642.89 153.32 659.65 188.44
744.34 144.36 757.94 220.86
739.86 150.9 775.91 200.67
638.87 187.3 663.51 205.18
657.38 153.12 667.82 179.69
742.81 148.75 748.96 202.38
535.49 149.22 539.19 210.42
758.96 193.41 774.41 197.31
558.63 182.36 571.47 186.81
527.17 197.34 540.39 206.65
