302.72 175.38 338.68 272.51
39.383 189.63 102.72 216.14
37.142 191.07 97.907 216.43
294.84 181.17 344.69 266.45
306.63 172.79 327.14 233.54
299.38 172.59 332.43 255.76
39.258 193.98 91.726 214.66
306.82 171.18 331.99 241.68
38.492 187.74 98.221 210.99
42.135 186.1 91.019 215.77
310.05 172.83 344.3 270.81
294.05 157.31 345.53 290.82
303.69 170.99 323.78 232.22
295.82 175.77 338.85 239.28
305.43 181.23 333.71 263.24
30.877 187.67 104.48 219.31
304.15 177.23 329.07 248.27
312.67 171.47 333.44 237.52
309.11 172.52 325.8 219.29
393.08 139.81 738.79 219.68
1127.86 128.15 1242.0 227.27
1223.93 157.73 1242.0 318.09
895.09 162.42 1094.81 187.88
301.96 128.18 352.93 259.09
346.75 185.65 387.99 243.19
996.67 199.62 1242.0 205.26
16.7 135.04 61.14 236.5
995.48 191.66 1172.55 196.21
798.36 156.64 829.79 188.16
0.0 131.08 21.94 244.98
900.82 161.53 959.5 199.69
853.09 168.29 901.95 187.67
758.17 194.32 872.35 199.76
977.72 137.36 999.59 217.32
231.8 144.4 258.58 213.09
880.57 144.38 906.18 206.14
1128.82 204.14 1242.0 211.2
946.78 148.38 989.38 174.0
190.37 187.86 271.45 203.69
948.45 163.63 972.82 173.94
282.86 150.47 311.46 159.84
1097.0 140.67 1117.77 205.13
832.05 148.27 843.96 198.77
309.66 164.98 328.94 201.95
1121.96 143.73 1149.42 186.7
1064.98 162.43 1084.3 177.23
844.24 150.43 852.43 192.16
273.34 183.18 290.68 212.17
778.91 149.73 790.27 198.82
796.92 183.53 833.94 188.18
509.69 154.71 549.89 213.32
916.53 149.23 940.39 173.98
356.98 184.9 367.82 194.36
869.7 178.55 883.19 211.57
971.66 163.68 988.22 168.26
754.9 157.92 771.84 161.71
299.28 164.44 308.93 192.98
313.61 150.45 327.13 193.25
