672.83 172.71 746.83 229.67
533.09 168.46 572.48 203.76
672.03 173.75 731.58 221.5
661.89 171.97 715.01 213.27
652.33 171.35 693.74 206.28
529.26 168.51 564.08 199.3
669.17 173.94 718.24 214.55
654.07 170.75 687.71 201.42
649.63 172.33 681.33 200.8
659.65 168.56 706.27 209.33
525.35 170.76 559.47 195.4
664.32 171.18 710.68 212.4
538.31 168.9 571.21 198.29
647.01 172.02 673.05 195.67
521.37 171.21 554.62 191.94
543.35 172.4 576.3 201.4
644.24 171.45 668.83 194.02
656.6 171.73 702.99 211.91
676.29 176.06 730.58 217.93
641.85 170.78 664.04 191.37
637.96 170.29 659.31 189.62
679.56 167.58 761.82 232.27
651.84 175.51 675.6 199.39
520.11 171.26 546.13 193.46
667.79 170.41 722.71 217.62
682.25 163.16 793.11 244.1
656.06 174.97 686.32 207.06
652.37 168.32 698.76 211.13
525.28 171.82 550.1 193.56
647.81 171.16 680.15 194.17
552.9 172.8 576.32 197.05
663.34 168.05 702.78 206.11
548.62 170.16 574.03 194.39
538.77 168.55 566.35 192.5
527.47 169.32 577.28 202.43
680.01 164.48 702.99 216.44
674.02 167.47 709.71 205.45
649.76 175.9 670.79 196.88
548.71 175.82 577.12 198.62
677.95 169.66 720.81 212.92
693.17 152.54 820.0 252.36
667.12 168.87 770.67 239.33
675.95 165.23 698.37 215.9
688.08 169.92 731.09 242.27
661.23 167.98 683.48 213.01
668.16 180.81 711.45 216.26
683.04 167.94 707.52 220.24
685.73 163.08 703.14 209.46
687.18 164.46 709.71 217.97
659.77 169.74 679.06 210.19
545.34 168.3 571.13 191.76
533.36 169.59 563.21 190.53
530.29 170.66 556.81 192.14
670.18 165.86 695.42 216.71
681.85 178.6 735.77 224.96
539.84 164.03 564.66 207.47
530.94 172.78 559.53 198.24
690.18 136.13 842.3 264.87
663.06 168.81 689.1 216.76
539.51 174.38 574.67 205.85
537.29 166.2 559.92 205.66
553.96 171.37 577.06 189.82
688.8 161.6 707.35 209.72
672.97 163.75 692.89 210.81
667.22 163.77 689.68 211.92
535.03 165.06 554.53 202.7
545.85 165.34 569.22 205.56
656.91 170.04 673.75 208.7
638.3 173.71 661.84 192.21
557.51 172.55 577.26 193.94
674.73 181.16 716.94 220.61
665.07 169.73 712.21 202.17
658.76 177.41 695.71 210.89
687.69 165.26 725.87 230.04
689.46 170.6 778.66 224.09
687.8 162.48 702.33 201.2
685.58 175.07 714.77 230.1
550.63 169.05 572.64 190.51
687.86 172.17 713.91 224.87
636.94 172.27 656.14 190.91
666.5 165.62 694.28 217.38
679.75 174.0 705.59 225.02
649.27 165.42 693.76 205.61
652.5 169.51 667.47 201.68
684.38 163.39 698.99 201.82
692.16 162.61 713.38 220.44
558.93 171.57 580.63 188.88
636.08 170.07 654.37 188.47
645.45 175.48 665.85 195.11
654.36 178.74 675.47 203.09
695.78 166.04 737.05 241.66
533.41 166.33 548.0 199.5
655.76 167.88 672.01 202.98
654.99 173.1 668.15 204.32
680.63 163.47 712.22 220.75
673.11 164.64 701.78 217.0
552.11 167.11 571.53 203.39
680.86 167.24 716.42 205.16
661.58 164.45 689.38 215.35
677.49 173.36 702.36 222.78
676.29 172.43 700.2 223.95
646.51 169.95 658.99 198.05
649.5 169.26 662.92 200.75
690.94 160.95 706.86 200.27
690.92 167.34 717.79 226.05
658.35 168.37 701.64 197.17
517.11 171.21 540.61 193.82
558.48 169.65 573.67 200.56
687.73 165.98 779.44 242.0
644.75 170.45 673.85 190.5
700.74 165.28 744.73 253.7
968.58 99.84 1242.0 261.15
1.91 120.17 31.9 286.72
14.06 86.1 460.08 253.96
695.45 134.29 850.79 265.34
419.62 148.84 528.57 193.01
676.81 169.74 718.2 233.51
736.15 144.63 823.14 157.58
538.53 171.69 572.81 202.77
637.84 153.01 663.86 183.69
659.33 172.67 698.3 208.8
650.15 173.61 669.26 195.07
670.73 174.5 703.01 216.58
678.39 153.9 695.87 176.24
82.3 210.3 96.37 259.91
637.53 178.45 649.08 192.54
705.59 168.67 711.71 177.36
494.86 151.91 512.23 160.58
715.92 153.35 723.32 167.07
717.58 155.69 728.53 159.25
735.04 152.04 741.65 160.91
523.85 167.29 528.09 188.82
508.65 159.32 517.58 168.69
531.48 179.33 540.31 188.39
513.88 185.97 516.66 194.78
