782.99 167.54 814.4 260.23
750.98 165.05 781.38 262.12
384.54 178.64 421.57 278.88
430.68 184.17 456.77 258.5
425.94 180.33 454.89 261.39
138.4 149.96 239.32 375.0
757.21 166.87 787.45 261.85
769.69 167.75 798.54 262.1
333.53 175.79 385.35 314.87
340.03 178.36 393.07 300.92
294.31 174.01 342.61 302.84
778.94 170.44 809.66 254.44
423.71 183.12 449.04 258.83
324.68 167.26 387.88 327.62
786.48 168.87 820.7 252.42
349.47 178.97 397.14 288.44
393.22 181.02 423.97 275.55
429.82 178.6 458.76 254.24
127.19 165.82 219.12 375.0
418.64 179.27 464.09 252.71
281.27 177.07 329.24 303.25
489.57 175.8 502.17 207.37
379.04 179.77 414.55 273.99
428.39 177.62 453.07 245.73
421.05 180.92 451.09 252.3
375.21 180.12 428.93 265.34
772.19 167.04 820.4 250.11
284.13 164.07 345.37 325.6
420.3 180.02 443.07 248.8
741.66 167.59 789.09 249.73
302.94 162.32 365.77 325.21
751.98 175.88 781.29 252.63
334.99 165.29 396.96 304.22
170.43 148.92 248.86 366.15
364.61 180.08 400.85 280.95
412.26 178.1 437.25 264.52
434.39 178.57 459.77 247.45
432.54 175.2 456.18 237.64
487.37 175.75 499.81 206.36
491.61 177.32 504.12 208.84
96.229 151.85 275.15 367.95
784.99 170.41 813.53 251.87
119.47 151.92 259.55 363.23
351.02 168.53 401.88 308.74
328.71 183.67 400.71 274.77
417.67 179.27 437.47 240.68
131.04 165.82 244.56 375.0
437.33 184.67 461.92 254.98
411.99 177.52 458.63 244.83
760.58 167.64 810.66 250.62
350.79 185.13 412.45 261.82
795.14 164.63 822.53 252.26
414.18 182.14 431.87 237.05
750.44 166.58 778.09 236.92
425.19 175.85 445.85 234.38
782.17 178.58 809.25 254.11
742.28 169.56 777.32 261.96
387.69 182.32 414.13 254.54
257.9 164.95 323.86 324.64
307.48 168.7 409.55 311.93
421.13 176.4 441.36 233.22
385.33 182.1 433.78 254.08
748.77 167.35 796.25 260.32
411.4 181.71 428.69 235.51
753.25 189.08 777.71 253.95
788.78 161.76 810.58 229.64
399.02 178.94 426.83 253.9
434.17 176.74 454.69 226.67
342.94 172.65 393.7 271.8
326.65 173.33 382.83 286.45
145.34 203.96 234.62 375.0
785.98 162.91 806.67 227.23
274.4 172.32 338.19 338.6
401.41 180.26 449.71 250.03
384.42 183.5 409.27 248.49
426.66 184.85 461.01 239.55
310.66 179.87 354.08 291.48
302.69 165.13 347.89 285.65
418.57 175.27 450.18 268.8
368.47 176.53 424.37 248.81
282.69 166.34 391.68 314.0
485.22 177.31 503.33 206.21
405.35 180.66 427.13 243.72
274.04 177.37 319.3 298.18
387.67 176.26 412.6 237.25
322.2 178.28 368.69 292.24
353.41 191.05 436.48 239.32
407.28 175.18 426.46 231.6
783.73 166.79 808.55 238.46
342.52 192.9 420.52 238.9
495.46 175.98 507.44 207.29
432.03 178.53 449.49 223.27
749.02 167.45 772.43 231.88
414.67 186.36 458.94 263.18
437.4 176.02 456.58 219.75
426.58 180.96 455.2 214.56
372.4 167.38 419.83 301.1
484.28 176.41 495.58 206.25
263.35 178.08 310.06 298.86
334.05 176.41 398.49 251.23
366.87 177.18 399.39 258.1
753.03 167.08 774.29 223.76
263.79 167.29 370.83 314.73
115.97 195.79 239.5 375.0
430.45 178.75 458.09 210.34
789.97 159.76 809.66 209.17
794.74 169.41 820.24 249.38
428.39 179.59 443.59 221.31
422.38 182.34 449.07 213.02
788.85 172.24 816.87 244.41
782.38 161.32 818.4 243.51
242.22 170.75 311.81 329.94
793.3 160.6 814.16 229.7
788.17 162.2 805.97 205.79
152.01 177.39 214.5 345.35
424.27 179.17 439.41 222.02
420.47 177.51 435.91 222.53
45.147 165.53 309.66 338.0
407.36 179.03 454.81 231.69
489.27 176.31 506.33 205.5
381.04 183.62 401.79 249.02
285.25 176.71 349.34 279.26
782.87 162.62 802.06 226.01
393.88 180.17 421.46 252.21
424.6 181.23 458.94 230.16
390.4 184.97 458.8 227.81
777.82 172.58 805.68 251.47
322.09 177.57 392.66 263.73
493.41 171.91 506.15 208.25
321.44 186.17 395.05 299.71
770.19 182.42 822.37 264.56
747.54 180.77 775.88 251.23
332.47 171.77 418.39 303.1
416.56 177.36 431.31 221.97
759.46 156.82 805.89 276.16
391.28 180.02 415.98 244.22
443.47 186.78 465.32 250.29
399.51 181.29 424.6 244.85
482.01 178.46 500.26 205.45
254.59 181.09 304.5 309.36
385.22 187.4 414.73 269.82
418.23 178.45 438.32 261.02
377.23 179.53 431.47 236.78
412.34 178.04 427.44 223.27
376.55 189.77 446.31 237.35
419.56 182.33 452.84 229.36
745.94 152.5 792.78 272.21
379.64 184.81 397.25 244.85
418.91 181.28 444.1 209.04
433.15 183.12 463.91 265.42
415.92 184.3 455.46 208.58
356.51 185.41 433.43 230.14
153.32 147.3 254.89 332.59
300.15 167.49 339.46 265.47
418.88 181.63 454.76 204.58
407.74 181.29 439.12 219.67
786.51 188.51 812.01 255.9
386.82 176.68 407.36 225.65
178.25 183.53 254.56 373.94
427.23 190.12 452.81 261.58
770.69 156.34 820.85 278.51
287.46 190.41 334.59 310.19
205.76 118.29 347.71 285.86
1133.6 75.87 1242.0 326.26
1033.07 110.29 1168.12 307.56
800.01 131.63 927.75 250.17
905.84 126.05 982.0 265.51
149.32 143.17 256.26 350.43
959.97 130.83 1077.54 249.71
239.46 120.56 382.25 272.75
666.2 140.76 752.89 221.2
743.13 160.45 814.83 256.01
386.38 172.2 427.78 262.7
616.59 148.85 680.94 210.47
764.3 139.77 837.45 226.75
333.86 131.12 389.63 240.74
424.52 176.43 457.24 250.88
720.6 131.09 792.66 245.59
357.8 142.22 406.61 193.26
380.07 138.67 420.08 199.31
590.84 159.35 615.54 204.22
315.21 204.08 367.43 276.4
811.82 137.5 834.49 189.12
727.7 161.09 765.1 214.35
1012.4 127.21 1061.55 256.59
692.87 205.54 702.39 274.08
426.82 177.35 437.45 213.86
407.61 179.61 432.54 216.25
591.16 165.75 608.96 182.68
563.52 178.91 574.62 214.28
809.85 147.96 828.8 185.8
793.31 140.07 800.22 167.0
804.68 138.41 814.36 184.22
490.27 186.51 507.55 204.77
400.11 162.52 410.46 180.73
124.79 140.45 157.88 198.18
594.18 151.44 607.87 186.19
650.91 201.69 655.4 250.2
406.94 163.02 418.59 181.73
623.62 150.5 636.4 203.31
574.55 170.34 582.1 196.6
620.64 197.85 624.35 228.68
581.15 166.44 586.49 183.18
586.02 166.21 590.94 182.94
598.16 165.57 609.19 182.38
104.79 154.87 122.02 165.64
618.81 159.1 621.39 185.81
426.03 175.63 438.36 183.89
423.71 147.43 437.96 155.81
774.07 189.58 779.95 234.52
450.05 182.07 458.47 195.48
287.52 241.18 323.44 268.89
536.97 167.06 543.93 183.87
628.26 149.29 647.86 202.55
575.8 187.82 581.08 196.6
456.61 161.14 461.72 166.76
422.44 164.75 428.07 168.69
570.65 158.04 573.44 183.66
475.34 184.47 480.21 197.87
283.07 186.12 296.27 195.98
97.68 139.69 138.06 166.52
135.73 177.08 145.87 188.35
573.96 157.7 579.38 196.62
672.29 148.42 679.46 192.15
435.36 166.75 438.07 179.22
771.25 172.13 774.74 181.85
571.38 175.68 574.06 183.66
564.34 175.86 569.73 188.29
581.82 191.8 586.57 199.86
582.43 182.38 586.57 199.88
587.0 186.44 589.58 195.26
578.88 194.71 581.64 216.61
329.96 161.68 396.79 294.96
