0.0 218.62 105.1 363.68
845.09 188.25 1194.0 367.28
749.64 177.18 934.9 302.92
783.38 176.04 1044.3 333.23
779.15 175.16 1242.0 375.0
61.263 198.77 297.32 327.91
750.43 176.17 974.79 326.4
51.669 195.25 311.64 331.49
906.18 169.95 1242.0 375.0
291.06 175.9 397.84 222.92
859.95 142.49 882.64 209.79
815.12 188.32 1078.7 350.42
744.96 176.69 771.95 191.47
817.72 146.1 843.31 208.55
0.0 256.57 101.71 369.16
709.71 112.57 1242.0 375.0
855.63 149.32 886.68 229.12
0.0 199.92 125.29 344.23
100.57 193.71 318.69 316.18
827.95 145.76 849.35 207.33
739.41 175.71 768.02 191.23
855.52 146.67 1216.2 347.37
6.6468 201.81 241.58 342.16
856.05 146.0 880.26 216.76
809.91 148.37 1129.3 339.27
851.73 148.3 890.68 239.64
814.52 150.58 843.07 220.54
822.07 146.77 846.97 211.92
851.09 151.57 880.78 226.86
855.49 142.57 875.16 208.72
732.57 174.33 765.3 191.99
747.43 177.49 778.48 191.47
723.94 173.18 761.08 192.34
774.3 174.59 915.74 283.59
814.82 149.4 840.38 215.1
766.51 183.64 955.04 276.33
808.85 147.46 838.05 234.33
821.59 153.13 847.41 222.65
813.57 147.17 835.22 204.98
2.4579 221.39 161.51 328.1
742.76 174.04 772.22 189.74
828.74 210.01 1124.0 362.66
728.57 170.07 751.76 195.05
33.732 210.7 238.09 311.47
861.8 146.82 886.8 218.17
822.66 149.87 851.05 235.84
859.76 150.49 892.97 231.27
858.86 142.69 879.16 200.14
854.12 146.47 882.29 214.13
1011.5 173.03 1242.0 357.18
9.2814 244.14 120.47 368.23
802.63 152.3 886.95 310.81
845.21 149.83 884.01 246.86
792.37 152.89 855.24 202.67
818.23 154.96 838.13 220.38
733.32 165.94 746.61 200.56
27.754 222.26 196.47 320.41
821.56 153.29 841.19 219.7
897.61 111.95 1242.0 375.0
801.76 146.93 831.75 234.58
0.0 205.17 174.69 357.05
787.76 179.62 939.71 255.51
812.29 153.73 835.95 216.52
814.92 148.7 846.23 247.09
736.43 172.61 759.37 192.6
832.42 141.59 850.54 201.76
778.65 150.04 868.4 318.03
0.0 66.695 397.27 375.0
831.54 149.91 851.12 211.31
856.43 147.91 901.12 248.32
808.81 147.68 841.17 210.72
852.86 150.02 875.62 216.84
750.31 175.04 775.29 191.89
3.1304 242.21 96.755 354.08
730.56 164.59 745.14 199.7
312.44 178.79 401.41 218.06
749.73 176.59 789.45 191.08
798.02 159.12 817.98 221.39
749.27 201.08 910.98 313.77
4.4774 234.94 80.843 361.71
0.0 237.79 137.03 346.09
754.78 177.19 923.17 261.16
795.11 150.83 871.55 288.22
809.37 147.39 831.56 207.37
801.73 158.79 822.47 221.71
830.91 151.93 857.23 225.31
840.76 150.55 873.67 236.47
794.61 161.19 815.24 219.8
810.37 158.11 830.5 220.3
805.82 158.74 826.81 220.64
866.86 141.41 887.3 208.26
4.1659 211.25 63.726 370.52
864.5 145.97 883.63 198.63
852.71 143.59 867.46 202.19
279.42 184.59 385.43 229.58
826.44 152.6 843.17 218.51
785.51 156.65 861.55 193.37
275.64 182.99 362.95 221.3
733.55 182.89 904.07 283.39
826.59 152.06 896.94 274.8
252.58 179.89 314.2 205.63
759.1 167.51 886.29 284.29
89.463 196.56 293.79 284.68
784.61 163.77 880.28 342.47
874.09 192.74 1101.7 294.22
814.96 158.3 832.87 223.65
804.12 151.84 843.23 192.84
252.27 181.56 323.73 215.12
867.25 146.46 889.72 221.75
24.475 208.85 123.4 367.5
818.93 148.99 839.52 195.76
793.78 150.66 826.65 236.3
0.0 234.5 98.964 342.05
1114.68 131.26 1141.93 299.86
1006.06 85.62 1242.0 297.27
828.62 162.22 1242.0 375.0
981.13 205.87 1242.0 375.0
734.95 177.6 920.77 294.89
0.0 185.57 124.87 375.0
0.0 114.77 231.63 262.31
64.02 185.92 313.9 305.9
399.78 153.94 683.7 199.85
535.59 146.01 737.93 195.86
900.87 127.61 1163.1 210.99
239.26 129.17 392.09 255.61
739.39 147.55 923.35 190.9
578.77 152.18 674.17 187.84
330.33 174.76 408.84 212.85
7.7 127.59 229.67 232.12
200.92 149.59 289.65 198.04
331.71 151.11 443.47 178.39
135.17 173.76 201.04 219.66
720.24 135.38 761.11 231.32
572.05 193.01 733.46 202.45
723.93 133.5 751.23 241.76
670.74 152.16 695.45 183.16
746.87 150.74 801.29 168.7
1043.13 143.86 1112.17 162.25
450.39 151.91 463.52 188.11
747.2 180.1 788.05 198.24
337.3 152.44 391.31 166.9
1004.33 146.34 1107.71 173.15
1098.91 137.0 1131.7 186.78
975.79 146.92 1017.57 167.45
259.14 182.12 319.83 202.26
400.9 152.73 428.73 167.03
4.53 134.97 32.83 180.28
289.2 150.66 322.84 193.58
200.93 190.85 245.48 206.04
792.35 179.41 819.31 197.48
1035.91 155.77 1056.01 180.85
559.74 166.07 581.74 170.01
647.65 165.91 673.59 187.3
493.88 152.64 517.32 166.61
712.0 155.95 729.92 181.9
684.48 174.6 700.68 187.44
175.59 140.53 192.52 175.88
137.36 207.18 209.04 227.31
620.97 166.2 628.28 178.4
862.27 151.46 871.1 160.01
666.46 182.55 684.15 187.07
296.82 156.73 311.75 179.6
663.49 174.87 685.15 178.32
853.91 176.53 890.21 195.23
717.02 149.66 725.6 197.87
986.74 167.34 1005.58 181.46
445.16 152.36 448.09 183.27
1064.07 151.51 1084.81 162.15
161.61 155.75 165.15 181.85
831.83 149.36 836.38 157.75
884.94 149.65 901.32 154.96
307.93 194.05 316.25 208.63
528.84 166.53 546.29 183.59
645.4 152.5 654.3 160.91
648.92 182.6 656.39 187.03
473.77 159.76 476.71 169.33
478.61 159.72 483.78 166.08
462.06 152.71 465.89 158.16
872.5 149.51 880.43 155.78
299.58 195.2 311.55 205.14
786.64 187.25 793.39 197.0
297.15 175.8 303.14 179.59
