389.4 180.81 457.79 220.82
378.86 182.29 445.81 221.71
475.84 180.68 523.96 204.09
465.94 179.43 514.6 207.27
403.41 181.07 468.73 219.69
363.79 182.19 429.57 222.43
163.06 188.57 315.07 261.0
487.52 180.82 526.79 203.2
308.77 173.59 396.55 235.53
0.85173 184.53 34.928 333.81
538.22 178.27 563.21 194.3
339.0 179.97 409.63 223.96
351.81 182.56 416.18 221.34
1.4832 182.47 44.388 304.04
0.65746 175.15 26.111 325.02
172.26 190.42 305.47 255.36
459.45 179.59 519.96 207.26
534.53 176.92 559.72 193.9
409.37 181.74 468.23 217.4
494.81 180.67 526.7 200.14
0.0 165.94 52.32 361.47
5.0402 191.54 26.467 338.02
0.0 160.49 37.166 303.72
483.14 179.72 516.99 202.77
7.3318 191.63 46.542 333.42
400.02 182.12 457.97 214.49
462.67 180.92 501.51 203.96
4.4487 206.92 40.216 352.74
383.46 185.02 445.14 221.42
7.1955 185.36 50.257 286.2
325.22 175.84 395.86 227.08
470.18 178.15 507.54 204.39
0.0 191.72 48.677 274.81
425.74 178.64 474.57 208.8
294.25 170.97 416.48 235.45
0.0 173.12 20.807 307.51
4.9178 183.54 28.427 272.8
3.5168 198.21 28.714 289.41
472.2 184.43 520.27 206.64
0.43834 188.32 24.964 286.25
7.1709 185.12 33.578 279.3
416.9 179.15 473.29 214.21
416.94 177.53 465.59 212.88
2.8719 159.73 45.202 282.91
0.077728 138.83 46.974 331.81
11.145 182.12 36.606 273.34
407.35 179.58 461.3 211.25
6.6522 201.5 32.99 295.58
300.72 175.34 381.42 226.07
399.53 180.27 449.05 209.99
0.0 149.06 27.231 297.42
436.1 177.64 471.25 207.58
0.0 181.57 19.756 279.96
528.79 176.75 554.45 194.25
327.93 183.4 408.46 234.13
442.88 176.41 505.61 210.03
427.82 178.33 485.21 210.39
0.0 198.41 35.973 306.74
0.0 162.09 37.376 356.9
192.15 187.5 315.18 249.48
1.394 201.96 32.502 367.18
354.88 186.3 437.02 229.06
547.34 175.7 571.43 192.07
328.49 162.13 376.5 245.58
340.44 186.43 419.12 230.91
543.73 177.81 566.22 193.09
15.428 185.58 58.463 301.01
368.02 185.92 432.16 221.07
0.0 187.24 18.283 332.07
2.5756 174.79 23.305 268.14
440.54 177.06 468.54 203.5
4.0207 172.98 74.65 367.42
5.4226 195.8 65.129 267.93
15.241 184.32 39.886 265.95
429.18 177.95 471.99 202.48
197.82 185.76 325.64 255.39
0.0 189.45 30.968 283.42
0.0 219.15 39.995 314.9
8.8023 174.32 31.416 266.3
6.4346 164.17 53.116 273.35
0.0 202.23 52.698 292.6
504.08 179.51 532.21 198.71
431.38 175.91 465.2 204.46
1061.57 114.41 1221.54 221.21
0.0 137.59 80.67 245.59
0.0 130.21 269.96 231.42
0.0 169.37 59.15 365.04
1048.29 226.73 1242.0 375.0
210.69 140.97 364.53 203.87
172.76 185.23 324.58 250.49
345.47 147.64 419.84 187.55
931.72 135.99 1049.2 220.01
854.5 143.09 941.27 207.22
801.59 145.15 896.19 193.48
58.49 189.98 198.22 227.84
315.1 175.15 404.06 229.1
416.97 152.24 480.43 189.13
903.87 141.42 958.19 210.17
301.22 174.02 339.76 208.69
425.81 151.31 456.08 182.98
84.49 137.15 98.25 222.82
796.44 165.74 826.79 189.38
795.32 196.75 863.27 200.61
384.18 173.2 420.41 186.7
390.02 187.64 430.36 220.32
820.74 173.08 859.57 196.38
820.3 200.7 894.21 204.44
95.24 210.19 133.78 232.53
905.71 197.79 972.32 205.63
267.84 145.65 275.66 189.45
713.41 176.11 737.53 188.75
513.44 153.96 519.1 179.8
470.74 194.37 501.82 204.09
369.91 149.8 376.05 176.75
927.14 148.06 953.86 157.42
470.09 179.64 481.56 188.94
862.4 148.76 888.63 159.55
454.73 170.55 461.36 179.23
714.15 158.32 734.08 161.98
768.09 176.06 777.07 188.94
1096.75 213.57 1146.82 222.59
443.14 188.9 459.04 211.03
512.93 191.61 518.7 199.82
507.8 182.34 522.82 186.77
998.61 146.63 1005.4 152.08
