1190.55 121.47 1242.00 336.33 10.43
0.00 65.51 96.83 363.69 16.33
856.87 104.74 1242.00 339.36 15.37
1084.37 206.41 1242.00 335.64 6.34
0.00 130.78 271.10 248.60 24.85
0.00 212.65 50.36 375.00 12.39
155.26 142.48 311.82 200.68 33.75
134.92 185.97 301.35 249.63 18.56
823.61 140.91 931.81 232.22 28.42
783.87 155.63 834.95 219.04 37.88
816.63 161.12 860.98 211.90 35.12
759.14 172.49 794.72 212.54 41.21
43.37 209.59 176.62 244.38 20.65
315.56 177.10 357.09 196.83 47.00
946.85 136.28 1010.98 238.82 21.75
3.18 288.61 383.41 375.00 5.30
278.20 189.51 338.12 218.19 31.66
711.92 153.22 734.72 211.06 34.85
0.00 348.27 207.71 375.00 3.78
284.99 166.01 318.49 200.04 39.25
828.44 145.94 869.88 219.90 34.47
706.72 163.04 717.06 197.68 37.53
219.06 286.47 376.64 358.09 6.32
272.72 147.45 307.22 168.09 44.70
303.11 163.47 328.25 176.99 45.26
359.95 190.95 385.91 204.51 42.10
1234.99 188.82 1242.00 254.20 22.16
351.96 232.99 473.90 268.82 12.55
535.96 158.66 548.32 203.40 41.52
152.62 143.03 176.80 159.76 34.85
757.44 181.30 776.46 212.99 44.16
308.17 245.21 385.68 284.21 10.01
663.32 175.02 674.99 200.56 55.97
844.46 146.53 879.94 212.13 33.87
911.91 142.94 945.01 215.78 28.26
366.64 181.21 386.58 195.22 42.75
303.18 191.32 327.73 199.80 41.78
346.56 174.14 359.88 187.50 51.34
340.95 173.93 356.10 196.54 49.99
999.22 139.93 1056.12 166.45 26.77
