667.11 179.52 732.26 229.76 0.99996
657.98 181.46 722.88 224.51 0.99987
532.12 181.68 569.29 215.33 0.99975
440.78 185.35 530.01 255.38 0.99969
454.44 183.94 542.46 246.44 0.9994
472.0 182.38 542.18 238.7 0.99844
652.47 178.34 699.85 218.22 0.9982
495.37 181.59 546.67 229.0 0.99353
437.11 179.02 540.54 259.3 0.99106
653.38 178.83 698.38 220.2 0.98801
538.44 181.31 574.49 210.71 0.98724
527.77 176.98 574.88 213.02 0.98662
633.3 176.74 655.51 196.08 0.98458
475.09 186.15 544.44 227.11 0.98231
660.71 180.5 713.62 224.06 0.98216
519.6 182.44 573.16 216.33 0.98166
648.95 180.47 688.62 213.18 0.98078
646.9 179.17 682.04 209.98 0.97764
635.67 177.29 659.25 198.96 0.97718
511.86 181.01 564.37 222.32 0.97048
457.58 191.32 535.42 258.48 0.9703
629.27 175.6 660.18 194.76 0.96905
494.08 183.49 557.64 221.41 0.96285
649.66 175.39 693.87 213.38 0.9624
547.15 181.69 579.49 206.82 0.96209
630.09 177.56 666.41 198.01 0.95221
553.69 181.76 580.9 204.48 0.95189
640.39 177.05 665.05 201.3 0.94326
535.19 186.29 566.36 214.04 0.94148
492.77 188.22 546.35 227.57 0.93265
428.76 190.24 523.42 243.85 0.92726
437.8 201.72 522.57 257.78 0.92656
647.11 178.39 675.78 205.55 0.92525
667.68 181.22 725.74 226.58 0.91957
437.28 186.41 528.94 235.25 0.91822
643.44 177.12 671.35 203.76 0.91599
643.37 177.25 683.55 203.68 0.91166
485.78 191.16 545.02 231.81 0.91092
635.05 177.98 672.18 200.14 0.89292
651.21 176.7 677.51 201.27 0.83625
644.3 175.09 669.36 199.14 0.82693
521.32 183.22 570.22 213.26 0.82199
629.5 177.86 650.65 195.37 0.81405
528.35 179.62 565.98 211.38 0.81286
450.66 168.96 558.41 253.83 0.78306
421.74 193.32 537.32 263.84 0.77715
644.69 175.15 681.7 197.21 0.76679
638.55 175.69 675.0 197.6 0.75878
527.53 183.92 560.54 215.99 0.75328
667.36 176.38 688.03 223.8 0.74802
674.37 179.91 737.29 216.97 0.74244
497.37 193.04 541.28 236.22 0.73193
673.29 173.54 694.61 224.77 0.72313
503.15 176.3 534.56 240.38 0.71903
453.02 186.48 534.54 226.45 0.71135
662.84 174.48 683.26 220.21 0.70409
653.83 181.06 685.12 206.97 0.69472
649.84 182.75 678.3 213.28 0.69362
691.91 171.34 727.59 237.82 0.69126
675.1 174.12 704.77 228.48 0.69011
494.89 174.41 531.2 243.44 0.68208
685.99 171.97 719.75 233.02 0.68146
679.79 175.11 712.11 230.89 0.67924
677.35 172.27 698.96 226.09 0.67599
673.88 181.05 720.25 219.82 0.66713
670.57 171.03 696.43 225.31 0.66295
652.51 175.26 669.7 216.35 0.64917
659.2 174.57 678.51 219.05 0.6328
472.84 176.55 518.98 255.34 0.63114
512.18 174.65 540.34 233.86 0.62825
460.04 181.07 507.16 256.39 0.62005
671.65 179.49 701.46 232.46 0.61095
649.63 174.67 664.09 209.99 0.60464
655.77 175.66 674.15 218.25 0.60271
496.92 189.06 551.68 220.38 0.59833
661.46 172.51 684.21 220.41 0.59114
483.66 174.56 525.11 250.43 0.58907
627.77 179.26 657.08 196.71 0.58703
671.02 175.03 689.89 220.71 0.56264
546.69 180.6 582.56 200.53 0.56124
633.78 174.59 664.13 192.35 0.54899
546.3 183.38 573.64 209.5 0.54558
659.55 180.06 706.6 213.94 0.53385
546.4 180.14 567.24 217.77 0.51981
409.94 178.81 536.26 250.97 0.51293
454.08 179.48 496.43 257.75 0.51153
681.46 169.51 702.32 227.15 0.51005
645.12 175.58 658.52 206.28 0.50909
673.85 185.03 732.07 221.63 0.50678
529.65 178.77 575.15 206.43 0.50267
641.61 175.45 654.11 203.61 0.50238
415.69 168.77 524.86 260.72 0.4972
534.78 178.14 555.61 218.3 0.49345
537.91 178.61 560.82 216.54 0.47694
520.24 187.38 553.8 218.28 0.4703
638.61 175.73 650.08 201.61 0.47029
490.85 185.56 543.45 220.03 0.46318
654.83 174.64 671.44 210.66 0.4566
666.69 179.01 717.75 215.15 0.45345
700.41 169.84 733.75 239.48 0.45251
541.93 177.22 564.87 214.44 0.45166
532.41 176.99 550.73 219.42 0.43567
666.0 188.11 738.78 235.48 0.43393
663.39 174.41 680.07 212.91 0.43168
637.72 172.6 683.33 210.76 0.42657
509.32 177.62 530.39 230.79 0.42587
527.07 191.11 566.73 215.98 0.4237
463.1 167.12 516.21 272.65 0.41813
436.59 179.8 506.41 238.83 0.41148
513.21 178.72 534.28 231.76 0.40725
508.77 183.67 532.67 239.69 0.40401
665.54 168.1 691.79 220.51 0.40372
655.94 178.22 681.47 199.74 0.40183
0.0 202.96 25.228 301.65 0.40142
636.38 177.73 696.89 210.61 0.39243
513.33 188.99 560.6 216.54 0.39182
0.0 188.98 17.598 293.9 0.38531
453.03 172.51 505.91 274.61 0.38307
509.03 191.15 545.59 222.85 0.38172
648.08 171.55 662.67 203.88 0.37351
538.2 174.43 558.06 210.67 0.36813
668.52 174.57 692.04 231.55 0.36739
658.39 173.74 675.26 209.28 0.36209
651.71 171.85 666.79 204.89 0.36144
679.94 168.14 695.06 218.63 0.36029
550.51 178.1 568.56 212.07 0.35987
688.32 168.53 705.24 222.68 0.35861
560.66 182.83 580.25 199.2 0.3574
667.75 173.2 683.71 213.31 0.35648
535.05 173.2 553.64 210.52 0.35612
683.87 165.03 699.76 218.84 0.35489
1144.0 162.43 1227.5 375.0 0.34762
642.0 176.62 663.47 195.14 0.34563
0.0 207.39 16.294 311.64 0.33886
668.01 190.46 732.32 229.17 0.33835
507.57 179.96 576.98 211.77 0.33623
0.26988 193.33 31.193 291.53 0.33277
671.65 169.99 686.98 213.38 0.32642
0.0 220.17 24.346 319.15 0.32434
1159.3 148.87 1240.7 357.99 0.32315
506.38 174.9 526.11 231.67 0.32298
516.83 183.87 537.94 236.82 0.31891
450.13 183.95 515.71 235.06 0.31779
650.45 176.02 762.12 240.03 0.3167
645.36 185.18 708.05 222.68 0.31292
520.7 171.12 546.99 233.62 0.31255
473.82 180.75 546.84 215.78 0.30452
501.67 197.0 552.36 224.14 0.30132
536.12 179.86 580.71 202.7 0.30055
1200.5 172.59 1242.0 347.28 0.29374
0.0 180.37 24.874 283.73 0.2906
530.39 174.65 555.66 225.63 0.29032
675.83 169.36 690.54 213.89 0.28758
444.65 174.33 487.44 258.37 0.28387
655.22 165.73 677.74 217.46 0.28112
1225.2 224.28 1242.0 313.19 0.27414
527.6 174.44 544.5 221.43 0.2741
492.21 176.98 528.19 259.9 0.27074
656.2 178.63 692.6 203.85 0.26995
638.13 173.97 669.74 191.56 0.26888
0.0 165.89 15.392 270.12 0.26847
634.3 173.8 646.29 197.38 0.26738
518.79 191.07 549.28 220.3 0.26647
554.42 173.72 571.75 206.59 0.26396
1179.0 164.02 1242.0 356.02 0.26135
0.0 227.4 15.506 327.88 0.25676
505.19 187.19 543.32 218.81 0.23912
481.48 195.49 541.04 235.74 0.23668
518.52 175.62 536.85 226.99 0.23566
636.87 159.0 741.82 234.73 0.23487
1199.0 143.23 1242.0 317.44 0.234
653.19 176.4 686.67 196.21 0.23276
651.54 176.21 675.55 195.68 0.23123
1186.1 205.13 1242.0 316.05 0.22911
691.71 168.43 709.22 223.06 0.22651
660.64 185.64 694.74 227.15 0.22572
0.0 144.11 15.555 245.11 0.22294
664.71 171.28 679.25 206.89 0.22168
434.96 190.85 505.71 250.43 0.22005
524.27 178.39 567.94 204.06 0.21747
559.94 177.46 574.82 205.66 0.21698
1224.4 207.27 1242.0 296.85 0.21357
1050.7 0.0 1242.0 375.0 0.21103
642.29 174.18 677.59 191.33 0.20825
1213.9 223.15 1242.0 321.42 0.20758
522.86 182.01 539.49 226.49 0.20566
1225.3 240.01 1242.0 330.42 0.20389
502.77 171.95 522.17 234.55 0.20366
533.06 171.7 549.08 210.29 0.20251
1200.9 219.99 1242.0 375.0 0.20135
625.25 176.5 644.73 193.17 0.19893
856.3 137.85 1242.0 375.0 0.19825
1047.0 263.83 1242.0 375.0 0.19788
508.95 197.94 545.78 228.54 0.19774
1180.5 172.37 1242.0 284.45 0.19545
440.83 169.43 493.94 286.02 0.19509
550.65 183.85 565.92 217.61 0.19504
643.29 179.93 666.03 206.11 0.19407
1135.0 189.41 1242.0 375.0 0.19278
418.97 164.36 565.47 237.51 0.19077
536.41 170.92 561.19 218.27 0.19022
543.44 179.44 561.57 218.5 0.18864
664.7 180.67 683.03 229.28 0.18677
1182.4 234.19 1242.0 345.48 0.18624
0.0 165.7 21.814 261.8 0.18543
1126.1 137.48 1214.8 374.47 0.18262
0.0 212.05 22.291 269.82 0.1778
521.4 187.9 540.48 235.0 0.17315
491.54 179.44 565.54 213.73 0.17312
0.0 203.59 23.927 260.97 0.17083
636.59 176.45 646.09 203.01 0.16935
678.18 181.66 733.78 215.08 0.16739
0.0 244.36 14.625 345.04 0.16638
553.41 184.88 582.3 201.21 0.16609
472.22 156.61 525.15 279.9 0.16283
1156.0 198.94 1242.0 283.83 0.16223
1200.0 111.17 1242.0 288.57 0.16209
1139.4 93.09 1242.0 375.0 0.16061
523.55 181.93 557.51 210.81 0.16014
442.87 186.17 516.98 220.8 0.15997
1094.0 246.81 1242.0 375.0 0.15965
1159.5 214.99 1242.0 301.12 0.15944
661.05 178.77 685.41 200.0 0.15742
944.99 95.968 1242.0 375.0 0.15735
1153.1 184.0 1242.0 267.91 0.1571
1224.9 191.51 1242.0 281.28 0.15708
447.86 161.26 501.5 296.46 0.15679
0.0 239.14 22.535 336.68 0.15449
463.32 163.68 574.73 248.32 0.15399
0.0 151.03 23.731 248.22 0.15368
480.57 168.98 512.75 246.57 0.15343
476.07 147.54 535.16 262.35 0.15097
1196.2 291.19 1242.0 375.0 0.14966
1159.3 231.08 1242.0 317.5 0.14846
1050.8 167.34 1242.0 349.52 0.14825
1177.8 139.77 1242.0 250.96 0.1445
480.31 190.79 540.87 226.99 0.14407
0.0 127.58 14.753 228.51 0.14257
664.42 181.11 693.87 207.57 0.13831
1152.8 167.99 1242.0 250.87 0.1378
513.21 186.79 548.22 216.88 0.13676
0.0 228.59 20.208 284.68 0.13608
654.88 188.27 703.0 224.33 0.1359
516.34 194.49 546.79 224.01 0.13425
1152.6 202.57 1242.0 325.26 0.13216
511.27 171.31 528.0 223.96 0.13144
1208.1 226.55 1239.4 335.74 0.13078
1127.2 207.16 1242.0 342.28 0.12884
1149.8 152.37 1242.0 234.64 0.12735
526.8 185.43 542.52 228.28 0.12713
554.55 178.91 569.24 215.15 0.12681
0.0 213.35 39.973 253.54 0.12516
1144.4 330.17 1242.0 375.0 0.12475
1147.8 135.97 1242.0 218.34 0.12283
656.27 183.84 686.15 218.56 0.12259
0.0 222.22 39.662 263.12 0.1221
1214.8 194.97 1242.0 296.87 0.12004
1159.6 261.34 1242.0 347.33 0.11992
1163.5 192.42 1238.6 375.0 0.11982
1200.1 78.252 1242.0 255.64 0.11842
1183.2 266.97 1242.0 375.0 0.11803
622.71 177.82 651.98 194.08 0.11616
1087.8 150.47 1242.0 375.0 0.11596
507.92 168.64 523.94 222.73 0.11561
530.72 183.57 546.6 225.95 0.11361
0.0 245.84 18.961 300.63 0.11318
435.96 147.95 497.39 268.67 0.11274
563.9 178.28 576.21 205.86 0.11152
492.91 187.35 543.05 238.32 0.11027
503.67 197.08 542.81 232.87 0.11023
1177.3 109.76 1242.0 218.82 0.11001
0.0 188.48 21.307 245.1 0.10965
1179.8 321.55 1242.0 375.0 0.10946
0.0 173.83 21.606 229.95 0.10923
553.62 184.71 575.95 204.04 0.10892
1148.5 119.88 1242.0 202.39 0.10674
693.24 164.37 712.4 225.76 0.10629
1155.7 276.92 1242.0 361.46 0.10515
0.0 230.0 37.909 270.79 0.10461
0.0 195.97 27.014 251.36 0.10366
661.04 193.84 716.63 228.6 0.1031
1200.0 47.68 1242.0 223.73 0.1027
0.0 106.08 14.276 204.64 0.10232
1044.7 102.89 1242.0 283.79 0.10229
515.26 174.01 531.37 223.05 0.10068
1222.6 232.16 1242.0 293.07 0.10057
449.89 162.32 482.28 248.6 0.10007
0.0 206.39 36.847 247.09 0.099937
430.19 186.8 497.2 242.01 0.099936
645.46 173.4 656.67 200.59 0.099538
0.0 0.0 17.257 47.605 0.099246
483.85 185.2 540.17 212.83 0.099162
1145.3 122.14 1226.4 333.76 0.099054
474.0 169.07 504.75 252.77 0.098527
876.67 22.624 1242.0 375.0 0.098195
623.45 174.31 654.21 190.97 0.097775
657.19 179.64 672.15 223.25 0.096853
1150.1 103.96 1242.0 186.77 0.096288
567.25 181.59 585.49 195.52 0.096282
0.0 261.54 183.38 375.0 0.095438
1151.0 87.424 1242.0 170.73 0.095438
537.15 193.11 564.09 214.26 0.095226
1086.1 225.2 1242.0 322.78 0.094952
1073.1 98.973 1214.4 375.0 0.094256
0.0 0.0 35.532 94.513 0.093201
648.05 173.65 681.18 190.19 0.093184
1220.5 223.61 1242.0 285.39 0.092729
557.0 181.45 588.17 197.61 0.092675
1177.9 78.472 1242.0 188.69 0.09258
1180.2 119.88 1242.0 314.03 0.092351
656.47 172.21 670.17 203.44 0.091964
423.47 158.46 544.63 255.98 0.091632
1147.7 227.03 1242.0 354.48 0.089788
1128.1 181.73 1242.0 313.77 0.089437
647.04 187.03 685.29 214.02 0.089316
0.0 190.08 71.193 375.0 0.088768
944.08 261.43 1242.0 375.0 0.087933
504.56 169.67 520.0 224.18 0.087695
1150.6 72.405 1242.0 154.96 0.086514
0.0 181.22 36.671 222.46 0.086397
671.03 177.28 715.83 203.04 0.085943
852.07 0.0 1242.0 193.37 0.085477
1225.4 175.58 1242.0 265.38 0.085038
0.0 239.12 37.879 279.43 0.084602
546.19 188.81 570.51 210.1 0.084233
631.89 175.67 642.26 199.0 0.083827
1108.1 212.27 1242.0 308.7 0.083705
683.38 186.76 737.87 219.72 0.083693
0.0 189.01 36.487 231.18 0.082787
0.0 198.38 37.543 240.11 0.08262
694.69 163.32 725.7 229.71 0.082555
512.85 197.99 551.94 222.22 0.082197
1134.8 0.0 1242.0 352.07 0.081685
387.38 185.91 532.16 259.37 0.081638
638.72 181.22 659.33 203.48 0.081453
1218.4 209.45 1242.0 269.85 0.081018
1040.2 104.66 1172.3 375.0 0.080383
0.0 173.69 8.0672 225.07 0.079976
1038.6 199.27 1186.8 375.0 0.079704
0.0 333.85 78.237 375.0 0.079626
979.32 182.47 1242.0 353.17 0.078817
1149.2 57.397 1242.0 139.48 0.078165
514.68 172.73 540.76 251.01 0.077441
660.08 177.37 692.95 196.44 0.077336
1206.6 193.96 1240.5 304.9 0.076246
1042.8 67.174 1242.0 249.09 0.076238
637.36 183.57 675.12 206.61 0.076186
667.84 177.92 691.31 199.4 0.076062
1151.9 170.26 1242.0 292.72 0.07604
1069.4 206.2 1222.9 375.0 0.076004
1224.3 286.54 1242.0 374.42 0.075731
0.0 246.81 37.533 287.16 0.075377
1087.3 83.761 1242.0 322.5 0.075243
0.0 174.18 38.364 215.8 0.074609
0.0 0.0 144.37 375.0 0.07391
1224.7 262.9 1242.0 351.43 0.073409
1129.4 231.94 1242.0 322.89 0.073395
1225.5 158.44 1242.0 250.63 0.073004
1177.6 45.914 1242.0 157.95 0.072864
0.0 262.6 19.485 316.1 0.072413
500.36 167.74 517.94 231.14 0.072231
0.0 0.0 180.95 92.074 0.072209
0.0 0.0 84.307 42.298 0.0721
677.24 177.18 708.19 208.28 0.072016
633.18 176.75 642.49 204.02 0.071556
0.0 276.29 32.699 375.0 0.071476
639.82 178.98 649.87 209.94 0.07089
0.0 135.39 363.54 375.0 0.07087
0.0 250.91 126.19 375.0 0.069923
672.23 179.85 702.32 208.87 0.069837
1225.4 110.83 1242.0 200.31 0.069396
666.13 178.61 704.87 202.93 0.068958
0.0 196.22 25.901 375.0 0.068757
1009.1 202.12 1156.4 375.0 0.068616
0.0 254.85 36.514 294.43 0.068381
1209.9 245.13 1242.0 284.86 0.068328
1128.6 201.79 1242.0 289.08 0.068282
480.51 192.77 534.78 248.65 0.067312
0.0 256.68 13.658 364.59 0.067253
660.82 171.67 674.39 203.08 0.067162
1204.1 220.71 1242.0 261.25 0.066335
0.0 214.16 57.16 251.11 0.065951
650.51 187.57 694.15 218.99 0.065929
677.36 184.35 745.33 227.91 0.065841
0.0 0.0 62.993 55.077 0.065798
1107.0 220.24 1241.6 360.51 0.065524
651.2 176.82 664.04 217.67 0.065509
497.02 185.18 536.0 215.62 0.06507
468.14 171.14 495.39 251.12 0.06438
1206.8 235.69 1242.0 276.58 0.063968
1220.4 247.87 1242.0 309.78 0.063818
436.89 163.18 488.87 308.65 0.063678
0.0 182.44 7.8237 233.49 0.063675
0.0 158.59 27.103 352.33 0.063414
0.0 223.63 58.155 258.6 0.063403
1214.9 241.39 1242.0 340.65 0.063138
0.0 0.0 77.448 186.39 0.063108
1225.5 127.07 1242.0 217.51 0.062839
0.0 0.0 351.69 182.71 0.062537
642.24 185.52 768.97 252.25 0.062448
529.82 170.24 543.66 212.28 0.062025
484.99 181.46 536.16 206.96 0.061936
1204.6 213.19 1242.0 253.22 0.061526
1203.6 227.91 1242.0 268.56 0.061348
0.0 158.52 20.006 214.34 0.061243
647.8 173.41 711.42 210.55 0.060772
545.22 170.43 561.61 211.78 0.060162
668.21 185.68 685.5 231.89 0.060126
0.0 263.33 37.568 302.22 0.059716
0.0 127.54 22.692 224.59 0.059321
563.53 181.19 575.26 210.69 0.059187
0.0 0.0 9.6109 22.648 0.058852
1209.6 253.09 1242.0 293.0 0.058541
1138.7 0.0 1242.0 191.1 0.057771
1161.0 291.42 1242.0 375.0 0.057758
524.13 173.72 538.22 219.79 0.057634
936.0 0.0 1242.0 241.99 0.057381
1042.7 0.0 1242.0 94.0 0.057344
701.59 170.66 721.96 228.14 0.057263
1225.6 345.36 1242.0 375.0 0.057244
548.47 171.46 564.8 212.79 0.057098
644.0 162.72 669.14 221.63 0.057088
629.18 172.95 694.79 207.46 0.056912
1122.4 188.44 1242.0 273.26 0.056811
509.07 196.53 529.85 248.76 0.056491
685.24 175.82 738.38 222.35 0.056085
449.95 157.74 598.08 234.98 0.055903
0.0 166.18 37.953 207.21 0.055251
440.09 188.27 562.25 254.68 0.054676
0.0 0.0 29.598 25.137 0.054447
518.53 172.44 588.29 207.61 0.054392
0.0 320.96 51.182 375.0 0.054093
661.91 167.99 685.61 241.0 0.054011
0.0 0.0 39.192 19.743 0.053953
1177.6 220.56 1242.0 375.0 0.053778
705.38 170.84 727.01 229.6 0.053748
1165.1 104.98 1236.3 298.03 0.053589
658.67 156.25 684.58 221.78 0.053292
1225.5 87.427 1242.0 177.57 0.053009
0.0 124.66 28.497 321.1 0.052982
0.0 142.79 20.321 197.22 0.052605
0.0 271.44 37.434 309.94 0.052251
502.08 170.03 515.79 219.01 0.052093
0.0 157.77 36.667 198.54 0.05184
396.51 172.63 514.69 266.99 0.051761
483.28 197.29 541.78 239.71 0.051754
0.0 235.79 32.503 286.83 0.051729
525.41 194.81 541.04 235.24 0.051088
636.05 182.01 653.87 200.32 0.050951
1046.8 34.006 1242.0 215.15 0.050394
0.0 150.12 36.71 190.15 0.050261
496.5 166.54 515.16 236.91 0.050158
1112.1 336.74 1242.0 375.0 0.050136
1026.8 141.66 1242.0 311.67 0.049981
1106.2 238.76 1242.0 335.11 0.04995
708.17 168.12 737.6 245.03 0.049509
1079.3 198.73 1242.0 294.05 0.049101
979.5 203.45 1123.6 375.0 0.048937
697.99 164.65 716.93 226.84 0.048805
1123.2 172.52 1242.0 255.93 0.048622
473.46 184.52 531.66 211.72 0.048376
1217.0 194.84 1242.0 252.89 0.048301
661.03 183.55 676.55 226.54 0.048226
0.0 82.789 13.305 181.54 0.048007
0.0 233.7 48.275 345.76 0.047796
504.71 183.36 528.3 245.39 0.047636
0.0 142.31 35.945 182.17 0.047348
657.68 175.43 681.08 193.92 0.047255
1013.7 120.26 1143.3 375.0 0.04721
1204.0 205.29 1242.0 245.12 0.047084
678.43 177.49 725.63 203.55 0.047018
541.34 166.77 564.7 218.17 0.046595
551.79 170.94 567.79 209.85 0.04632
5.8826 194.86 35.442 287.69 0.046283
531.49 195.2 558.27 218.93 0.046025
1207.8 260.78 1242.0 300.38 0.045946
0.0 109.25 261.12 375.0 0.045904
672.55 177.04 695.06 198.79 0.045569
672.87 144.62 726.44 263.59 0.045383
0.0 167.72 26.04 220.3 0.045306
454.91 179.79 530.01 213.61 0.044963
440.51 171.09 472.85 251.82 0.04479
519.82 182.29 564.63 207.47 0.044516
1053.5 209.49 1242.0 313.26 0.044481
444.98 122.29 513.27 270.15 0.044361
0.0 252.82 65.595 332.25 0.044308
0.0 232.13 56.889 266.97 0.044039
1121.4 158.49 1242.0 239.55 0.04393
0.0 127.2 19.013 181.27 0.043849
431.51 184.18 504.69 221.18 0.04369
0.0 188.24 73.432 270.55 0.043679
0.0 221.87 69.473 302.43 0.043673
1016.1 203.51 1242.0 373.01 0.04357
368.74 174.53 531.37 248.69 0.043469
1081.4 191.24 1232.6 347.46 0.043397
1201.4 232.16 1231.9 334.16 0.043301
0.0 236.61 67.218 316.38 0.043031
0.0 134.23 34.825 173.7 0.042649
1200.5 0.28826 1242.0 184.14 0.042498
0.0 268.59 66.006 347.22 0.042403
1115.1 137.76 1198.6 360.69 0.042149
0.0 253.72 23.179 305.3 0.042107
0.0 0.0 139.42 120.01 0.041768
546.8 188.79 578.73 206.82 0.041511
680.46 168.09 710.97 249.25 0.041455
663.61 191.76 702.08 228.77 0.041283
468.65 204.34 541.45 248.47 0.041211
1225.9 62.681 1242.0 155.24 0.0411
497.97 169.27 512.92 224.65 0.041088
0.0 203.72 47.214 315.4 0.041036
0.0 80.863 31.092 278.17 0.040918
675.06 175.41 699.57 198.58 0.04088
0.0 173.38 76.59 255.37 0.040706
1120.5 141.89 1242.0 222.77 0.04068
0.0 204.95 73.527 286.23 0.040669
461.82 125.61 527.53 264.19 0.040653
522.83 196.13 551.62 222.16 0.040484
516.15 199.82 543.43 227.04 0.040006
0.0 156.93 76.444 239.21 0.039574
0.0 0.0 23.18 43.736 0.039521
1202.4 197.23 1242.0 236.96 0.039412
1203.7 133.06 1242.0 172.88 0.038892
504.73 185.74 550.3 212.11 0.038876
633.03 174.45 655.18 192.02 0.038845
686.51 184.67 740.45 212.53 0.038811
0.0 125.98 34.462 165.38 0.038653
654.82 163.79 770.09 250.84 0.038645
681.72 177.41 724.29 214.73 0.038541
1203.1 124.78 1242.0 164.93 0.038507
1149.8 42.486 1242.0 123.58 0.038078
545.2 176.66 584.89 196.0 0.037988
0.0 207.07 56.01 243.08 0.037877
1203.9 140.97 1242.0 180.78 0.03785
1200.9 214.63 1233.4 319.35 0.03781
1236.7 238.79 1242.0 291.72 0.037777
486.91 141.09 544.58 276.01 0.0375
1199.2 195.9 1232.2 303.99 0.037082
531.79 198.04 565.77 219.47 0.037071
0.0 169.13 53.36 283.43 0.037019
666.18 176.87 699.02 195.92 0.036938
657.68 127.6 713.12 248.21 0.036905
1128.3 261.54 1242.0 353.75 0.036809
1202.9 189.0 1242.0 229.37 0.036437
0.0 194.86 7.5171 244.92 0.036411
1182.2 72.153 1242.0 263.23 0.036161
0.0 140.91 75.781 223.11 0.036095
1082.3 0.0 1242.0 117.85 0.035731
1236.4 253.23 1242.0 308.07 0.035633
7.9697 214.06 35.621 309.86 0.03556
0.0 285.54 65.244 362.9 0.035527
618.01 171.38 741.02 237.11 0.035394
1209.0 363.6 1242.0 375.0 0.035319
1203.3 180.82 1242.0 221.1 0.035109
540.84 192.16 574.23 211.56 0.035041
0.0 269.92 46.375 375.0 0.034959
1203.6 149.07 1242.0 188.79 0.034777
1124.6 152.56 1242.0 271.5 0.034762
630.99 182.35 649.09 197.91 0.034614
623.22 177.51 688.52 209.02 0.034504
559.39 181.14 571.72 214.8 0.034386
0.0 0.0 22.164 10.276 0.034262
465.08 182.49 525.97 227.71 0.034243
1202.9 117.04 1242.0 157.31 0.03424
1202.8 173.2 1242.0 213.44 0.033964
0.0 0.0 14.834 63.352 0.033944
497.3 165.38 526.18 233.84 0.033693
1101.7 29.415 1242.0 375.0 0.033676
0.0 0.0 275.49 241.54 0.033604
678.5 174.01 704.57 198.49 0.033451
1221.9 358.31 1242.0 375.0 0.033383
562.49 184.67 590.8 199.11 0.033225
0.0 105.59 21.823 200.96 0.033154
563.74 181.3 592.54 195.85 0.03314
1133.0 196.63 1213.5 375.0 0.032933
514.86 185.14 547.27 210.58 0.032853
1214.5 122.81 1242.0 179.47 0.032684
628.34 172.86 675.47 208.3 0.032506
529.15 188.97 545.85 232.14 0.03248
1203.4 157.26 1242.0 197.26 0.032433
1221.0 305.17 1242.0 361.95 0.032344
1205.6 243.38 1242.0 299.09 0.032249
1203.7 165.28 1242.0 205.45 0.032143
0.0 139.12 53.54 254.32 0.032012
571.25 180.71 588.86 193.33 0.031871
1207.6 268.93 1242.0 308.0 0.03187
380.58 159.27 552.25 236.06 0.031596
491.08 181.91 526.92 208.55 0.031134
1226.6 47.41 1242.0 140.1 0.03097
684.31 180.05 736.96 209.43 0.030932
1203.4 109.05 1242.0 149.17 0.03085
0.0 275.9 12.084 375.0 0.030825
1215.5 178.86 1242.0 237.42 0.030816
0.0 0.0 30.283 120.47 0.03078
0.0 126.23 72.599 206.93 0.030774
0.0 118.67 34.498 157.51 0.03066
660.21 169.86 710.04 218.01 0.03058
567.63 177.89 577.79 203.37 0.030185
0.0 279.76 37.457 318.21 0.030164
0.0 240.0 56.978 275.84 0.030099
446.76 193.26 512.74 226.46 0.029962
684.95 170.96 707.85 233.91 0.029708
0.0 112.02 17.82 165.3 0.029687
949.71 206.13 1091.8 375.0 0.029527
663.04 142.51 714.42 264.72 0.029497
1087.5 18.824 1242.0 255.13 0.02931
443.85 201.8 502.61 237.86 0.029138
653.96 181.63 667.89 223.03 0.028729
1215.6 162.84 1242.0 221.21 0.02853
892.24 40.684 1157.0 375.0 0.028495
1214.6 139.01 1242.0 196.06 0.028352
1098.0 137.06 1182.1 375.0 0.028271
451.96 211.52 512.06 249.64 0.02824
1218.1 295.89 1242.0 354.26 0.028139
0.0 127.86 191.46 317.67 0.027973
480.16 118.27 542.08 259.18 0.027928
0.0 0.0 16.196 14.178 0.027919
0.0 176.26 51.42 214.33 0.027787
471.46 190.34 530.0 222.57 0.027754
1203.5 101.08 1242.0 141.19 0.027737
0.0 339.6 13.632 375.0 0.027704
505.11 171.35 518.11 214.18 0.027649
627.96 182.47 645.33 196.57 0.027556
421.65 151.14 476.69 299.89 0.027433
493.24 180.42 521.22 201.78 0.027276
1213.9 107.48 1242.0 164.19 0.027242
664.1 173.23 735.5 208.69 0.027142
0.0 229.43 8.1964 281.85 0.02707
0.0 136.33 29.609 234.19 0.026994
647.19 177.22 659.04 215.33 0.026858
1108.5 168.55 1238.8 300.53 0.026839
459.08 166.78 485.18 246.55 0.026829
1081.8 251.03 1242.0 348.63 0.026815
0.0 253.14 20.13 355.58 0.026782
672.53 176.6 707.77 195.43 0.026697
0.0 118.64 6.4998 167.78 0.026696
0.0 0.0 50.635 91.808 0.026587
0.0 256.89 49.103 292.73 0.026565
0.0 43.802 71.032 375.0 0.026558
676.05 156.92 701.48 224.9 0.026551
1208.4 180.56 1239.6 284.95 0.026515
1218.7 263.86 1242.0 324.66 0.026437
554.96 189.33 584.45 205.12 0.026335
489.14 179.19 530.19 199.23 0.026293
1057.1 235.26 1242.0 338.41 0.026236
1204.0 93.264 1242.0 133.2 0.026094
651.25 155.12 677.33 220.41 0.025992
1208.3 316.44 1242.0 354.47 0.025921
1126.5 123.2 1242.0 236.4 0.025882
627.29 178.09 636.42 206.68 0.025877
534.32 188.54 550.48 231.1 0.025844
515.7 193.07 533.53 242.02 0.025702
1123.1 278.18 1242.0 367.51 0.025603
704.35 163.81 721.13 220.34 0.025518
636.19 181.37 645.35 210.84 0.025475
544.12 186.82 559.85 227.18 0.025278
440.14 197.73 503.5 228.72 0.025167
539.21 186.0 555.72 227.63 0.024908
1207.4 308.75 1242.0 347.42 0.024785
1216.0 172.08 1242.0 271.3 0.024668
1149.7 283.18 1219.3 375.0 0.024593
0.0 130.44 6.5593 179.86 0.024584
494.98 169.68 507.48 220.01 0.024509
0.0 277.31 18.436 330.66 0.024299
474.34 181.53 525.97 206.09 0.024174
0.0 110.34 49.948 221.8 0.024004
636.45 174.77 658.49 193.23 0.023973
530.79 173.11 583.83 214.61 0.023951
1125.9 320.38 1242.0 375.0 0.023924
708.97 169.76 730.69 228.81 0.023906
1123.0 93.058 1242.0 173.72 0.023606
948.81 154.6 1242.0 313.56 0.023568
624.8 182.56 649.5 196.91 0.023377
1182.4 19.939 1242.0 216.13 0.02324
0.0 250.84 22.261 375.0 0.023201
1204.7 85.763 1242.0 125.05 0.023197
838.65 271.13 1193.4 375.0 0.023125
631.58 171.07 662.65 187.65 0.023089
0.0 161.75 7.0139 213.61 0.023045
514.47 203.53 548.14 225.65 0.022727
1207.2 276.72 1242.0 316.01 0.022517
1206.3 300.76 1242.0 339.66 0.022286
0.0 286.96 37.268 325.58 0.022255
1208.5 323.96 1242.0 362.61 0.022241
0.0 207.06 46.624 256.96 0.02219
984.35 117.24 1113.2 375.0 0.022139
431.14 119.46 496.35 282.91 0.021861
47.995 0.0 203.35 205.17 0.021848
677.13 186.47 736.65 233.11 0.021701
489.98 179.8 516.97 200.37 0.021662
707.9 167.22 724.69 220.3 0.02166
684.58 139.56 737.34 279.71 0.021637
1215.2 281.18 1242.0 375.0 0.021599
0.0 0.0 326.66 89.605 0.021584
682.11 177.7 716.73 209.12 0.021579
492.94 165.83 510.06 235.37 0.021565
523.72 163.62 548.04 225.13 0.02152
1217.7 279.35 1242.0 340.16 0.021446
0.0 238.03 7.3025 289.29 0.021401
483.54 183.16 525.37 212.84 0.021165
160.64 0.0 548.91 93.625 0.021071
1121.5 78.383 1242.0 157.88 0.021049
0.0 199.37 56.466 235.79 0.020997
530.82 180.54 557.33 205.65 0.020944
415.53 129.61 478.0 283.14 0.020891
0.0 362.48 40.335 375.0 0.020812
647.62 173.57 671.6 192.02 0.020793
0.0 247.51 55.703 283.37 0.020759
0.0 110.92 34.436 149.55 0.0207
1214.3 91.898 1242.0 148.76 0.02055
0.0 190.57 189.19 373.53 0.020463
668.57 169.53 681.81 203.33 0.020448
0.0 203.05 6.7277 252.81 0.020443
622.78 172.2 685.9 202.65 0.020406
514.63 160.04 540.89 228.77 0.020384
0.0 92.853 192.09 283.49 0.020324
403.13 151.82 528.41 252.12 0.0201
473.92 170.98 487.55 223.22 0.020033
475.21 172.0 526.46 318.91 0.019932
490.33 113.73 555.07 263.95 0.019903
485.05 182.22 532.46 218.4 0.019846
0.0 60.568 12.028 158.72 0.019776
0.0 150.85 26.886 202.97 0.019706
17.59 0.0 170.21 199.03 0.019703
0.0 265.33 50.573 300.82 0.019582
1207.0 292.03 1242.0 331.4 0.019477
465.31 171.35 480.97 241.94 0.019468
5.7214 277.11 334.71 375.0 0.019428
241.42 0.0 389.23 196.79 0.019118
1204.1 78.168 1242.0 117.35 0.019099
175.13 0.0 325.94 207.57 0.019094
507.85 204.81 550.09 229.2 0.019013
0.0 301.99 57.968 375.0 0.018953
0.0 0.0 733.3 179.19 0.018907
0.0 338.99 109.17 375.0 0.018716
473.6 170.65 489.71 241.47 0.0187
110.55 0.0 263.21 198.45 0.018578
490.56 167.42 518.91 236.88 0.018544
1236.9 227.59 1242.0 277.25 0.018494
918.61 215.38 1057.0 375.0 0.018473
631.03 169.68 641.57 196.12 0.018433
0.0 48.408 28.821 248.36 0.018432
1199.4 249.08 1242.0 286.51 0.018397
536.49 200.29 569.47 218.76 0.01836
496.53 183.55 542.35 207.54 0.01833
1103.7 125.36 1242.0 206.15 0.018286
210.11 0.0 357.06 207.53 0.018252
477.53 169.39 490.37 222.36 0.01823
641.6 170.49 676.74 187.12 0.018201
88.332 225.45 220.56 375.0 0.018196
1207.7 284.54 1242.0 324.23 0.018193
697.52 167.23 712.29 219.9 0.018152
80.25 0.0 234.57 200.59 0.018146
1166.7 71.043 1231.1 259.48 0.018039
1205.2 219.54 1242.0 276.62 0.01801
0.0 168.65 51.641 206.3 0.017973
1120.8 64.092 1242.0 142.43 0.017835
665.16 195.39 692.89 227.63 0.017769
928.98 214.2 1242.0 375.0 0.017743
469.75 170.21 485.57 241.06 0.017735
569.02 179.34 591.16 195.32 0.017559
1194.9 237.63 1241.3 293.61 0.017507
0.0 0.0 212.98 375.0 0.017486
0.0 191.4 56.668 227.87 0.017425
1218.9 347.17 1242.0 375.0 0.017299
0.0 111.0 72.239 189.91 0.017291
662.74 174.22 685.91 193.16 0.01725
142.32 0.0 295.8 199.45 0.017137
509.3 171.98 521.92 213.36 0.017123
679.5 175.59 718.83 194.38 0.017112
457.36 186.08 509.96 210.82 0.016998
56.485 222.05 188.48 375.0 0.01696
1057.4 332.64 1242.0 375.0 0.016956
0.0 248.9 6.7925 297.97 0.01691
1215.1 75.506 1242.0 132.35 0.016879
0.0 2.8377 385.69 375.0 0.016861
431.66 178.52 492.3 228.48 0.016823
924.94 175.13 1185.4 375.0 0.016795
656.8 187.02 671.5 228.82 0.016776
377.8 198.38 526.03 272.58 0.016725
460.49 171.09 477.26 239.25 0.016696
483.92 181.7 518.06 207.06 0.016678
1216.5 147.68 1242.0 248.04 0.016629
1216.5 108.62 1242.0 204.79 0.016614
1040.9 0.0 1242.0 150.77 0.016598
1149.6 88.522 1217.7 282.43 0.016531
118.88 231.4 251.38 375.0 0.016504
490.36 168.61 503.33 219.25 0.016449
23.652 220.72 158.95 375.0 0.016417
1236.0 265.23 1242.0 319.28 0.016395
30.939 0.0 415.49 91.427 0.016385
642.02 170.35 652.97 200.73 0.016286
1149.6 26.484 1242.0 107.63 0.016286
1236.5 315.67 1242.0 366.01 0.016257
0.0 184.72 58.007 219.34 0.016226
0.0 107.91 6.2335 156.71 0.01622
1236.4 303.7 1242.0 354.74 0.016166
648.58 184.54 672.31 212.0 0.016162
520.57 172.77 533.75 216.27 0.016157
1227.5 32.228 1242.0 123.14 0.01615
502.45 205.75 533.96 239.05 0.015935
99.118 0.0 484.66 89.683 0.015903
0.0 294.84 33.65 333.48 0.015693
0.0 192.93 22.108 215.16 0.015686
0.0 141.72 6.9199 192.81 0.015619
529.43 176.49 570.82 198.34 0.015526
0.0 286.24 15.7 339.25 0.015464
498.11 173.11 510.19 212.2 0.015461
0.0 160.54 51.885 197.96 0.01535
665.44 188.91 679.86 230.81 0.015312
1204.7 70.348 1242.0 109.49 0.015298
668.94 0.0 1242.0 180.8 0.015267
477.21 168.93 493.15 240.15 0.015262
61.633 277.72 399.04 375.0 0.015204
1108.4 136.88 1237.5 258.52 0.015159
0.0 259.1 7.5492 308.58 0.015132
0.0 185.06 10.332 216.13 0.01513
0.0 189.28 22.484 210.97 0.015116
672.03 169.68 685.42 203.55 0.015069
669.22 172.0 721.67 217.42 0.015021
653.36 167.55 665.51 200.77 0.014955
548.14 186.13 562.15 226.59 0.014912
149.03 230.31 283.12 375.0 0.014868
464.18 184.47 520.21 210.66 0.014859
678.82 171.84 749.2 206.83 0.014849
0.0 221.4 7.8195 273.38 0.014773
0.0 136.23 25.77 186.59 0.014748
0.0 152.79 51.954 189.73 0.014533
523.33 181.01 584.44 211.83 0.014397
0.0 118.19 128.81 346.07 0.014394
0.0 102.69 34.488 141.27 0.014328
1129.6 112.05 1206.3 326.2 0.01426
1148.5 45.494 1242.0 161.97 0.014192
0.0 207.42 140.6 375.0 0.014162
274.13 0.0 415.12 180.53 0.014161
0.0 359.45 15.575 375.0 0.014095
1205.1 62.144 1242.0 101.12 0.014086
481.58 167.28 494.55 221.4 0.014019
1074.2 269.22 1242.0 362.43 0.013958
485.77 168.23 498.62 218.24 0.013888
623.57 183.29 641.85 197.01 0.013839
1137.1 0.0 1242.0 39.236 0.013837
0.0 203.79 40.215 375.0 0.013799
673.38 168.25 701.19 258.69 0.013759
886.8 218.55 1020.4 375.0 0.013727
1209.3 244.11 1237.8 357.73 0.013686
676.31 168.04 689.53 203.19 0.013641
1216.7 124.98 1242.0 222.46 0.013623
182.51 228.54 314.4 375.0 0.013577
1236.4 294.91 1242.0 345.64 0.013566
1201.8 0.0 1242.0 92.818 0.013486
1211.8 340.46 1240.1 375.0 0.013435
1192.9 251.02 1240.0 307.1 0.013421
1201.7 183.99 1232.1 282.68 0.013369
1135.5 286.56 1202.8 375.0 0.013327
1236.2 276.62 1242.0 331.42 0.013267
0.0 209.78 7.3803 262.5 0.013251
489.34 157.04 537.69 299.78 0.013117
0.0 96.218 16.479 148.53 0.013105
139.49 280.92 461.67 375.0 0.013102
792.78 0.0 1179.6 91.462 0.013059
642.69 113.76 698.99 254.85 0.012985
175.75 0.0 452.17 375.0 0.012937
849.45 0.0 999.67 213.82 0.012919
0.0 145.02 50.793 181.73 0.012843
0.0 0.0 137.74 216.99 0.012801
0.0 114.71 28.866 210.36 0.01276
1058.6 189.47 1242.0 279.26 0.012753
5.8544 174.17 34.589 266.69 0.012654
1105.8 108.95 1242.0 188.58 0.01265
8.2465 239.28 35.505 328.88 0.012626
609.03 0.0 1006.3 93.996 0.012599
447.74 162.23 474.97 240.44 0.012524
729.54 0.0 1113.6 95.935 0.012473
782.14 277.41 1116.1 375.0 0.012462
650.95 167.49 1242.0 375.0 0.012321
1224.4 313.83 1242.0 375.0 0.012221
0.0 172.43 39.995 345.5 0.012155
888.34 191.09 1220.6 345.7 0.012101
917.43 0.0 1060.3 202.02 0.012098
0.0 0.0 399.9 240.77 0.01203
819.94 0.0 965.82 206.15 0.012016
423.73 201.63 500.33 243.76 0.012003
1203.3 346.7 1232.5 375.0 0.011975
0.0 303.48 33.282 342.66 0.011898
0.0 0.0 11.966 83.322 0.011824
802.81 0.0 1104.5 375.0 0.011752
674.99 151.43 720.74 286.56 0.011707
306.82 0.0 458.08 189.72 0.011617
1209.9 332.74 1242.0 370.7 0.011615
1216.7 84.061 1242.0 182.29 0.011603
885.16 0.0 1030.1 205.64 0.011545
49.084 78.368 324.87 375.0 0.011426
1083.5 142.53 1164.2 375.0 0.011379
364.2 0.0 739.2 85.29 0.011377
0.0 94.3 34.305 133.31 0.011331
214.53 234.92 342.7 375.0 0.011308
0.0 311.3 36.01 350.58 0.011288
540.58 158.3 568.5 226.92 0.011236
477.99 149.58 602.36 241.23 0.011231
978.03 0.0 1123.0 199.66 0.011217
433.13 169.29 461.64 254.52 0.01119
947.55 0.0 1090.9 202.79 0.011023
718.07 0.0 869.99 204.65 0.011018
431.72 0.0 1216.4 189.3 0.011014
1184.4 257.46 1242.0 292.47 0.010963
429.99 212.83 511.48 258.06 0.010957
530.42 171.12 595.08 204.42 0.010918
1166.5 37.709 1229.2 224.76 0.010771
1215.3 59.163 1242.0 115.9 0.010735
685.26 155.68 710.07 227.58 0.010682
319.81 114.98 655.44 276.07 0.010591
0.0 137.16 49.325 173.18 0.01059
0.0 94.152 72.484 173.88 0.010587
436.81 175.35 465.11 262.46 0.010537
670.78 198.27 753.23 240.63 0.010478
854.22 226.46 985.62 375.0 0.010471
1177.5 16.036 1242.0 130.5 0.010448
1193.3 213.67 1242.0 270.85 0.0103
781.85 0.0 937.68 209.98 0.010271
969.5 114.05 1242.0 282.19 0.010266
421.59 195.21 498.43 236.34 0.010243
1189.8 195.94 1223.9 305.18 0.010223
1225.1 332.74 1242.0 375.0 0.010209
483.51 161.91 510.97 237.56 0.010107
0.0 120.44 24.438 169.75 0.01004
0.0 0.0 37.035 28.754 0.0099723
474.75 177.23 596.65 238.75 0.0099628
231.51 0.0 607.69 90.199 0.0098763
950.59 328.7 1160.0 375.0 0.0097915
396.0 217.34 548.34 284.98 0.0097613
0.0 199.44 48.747 248.21 0.0097378
0.0 0.0 268.37 127.79 0.0097115
0.0 295.56 15.085 349.5 0.0096751
884.9 0.0 1242.0 89.4 0.0095555
0.0 0.0 67.931 102.43 0.0095379
0.0 319.24 35.388 357.93 0.0094398
1209.8 154.88 1239.2 262.03 0.0093752
0.0 170.43 481.88 375.0 0.009328
245.34 238.9 374.65 375.0 0.0092994
692.08 156.97 717.96 226.53 0.0092843
7.4477 160.06 35.001 250.91 0.0092607
234.45 0.0 1050.1 188.79 0.0092551
637.6 160.07 659.09 223.15 0.0092454
388.92 184.53 510.38 282.44 0.0092047
49.235 0.0 333.93 115.05 0.0091482
1068.3 172.28 1242.0 258.84 0.0090997
232.65 0.0 522.66 375.0 0.0090949
0.0 133.6 41.665 313.72 0.008988
1206.9 55.304 1242.0 93.374 0.0089684
1003.5 0.0 1149.9 202.09 0.0089342
1184.5 246.17 1233.9 300.86 0.0089073
673.78 0.0 974.77 375.0 0.0088996
1209.6 108.35 1238.6 209.16 0.0088691
0.0 129.3 48.733 164.99 0.0088534
1184.6 241.36 1242.0 277.55 0.0087439
0.0 87.083 32.61 125.3 0.0087149
750.61 0.0 900.61 206.46 0.0086884
462.97 0.0 610.47 194.43 0.0086866
0.0 304.2 16.967 358.34 0.0086565
413.87 186.3 491.58 229.55 0.0086047
1196.6 368.44 1242.0 375.0 0.0085885
1205.3 257.99 1242.0 314.47 0.0085574
336.89 0.0 487.24 203.48 0.0085343
1119.6 289.55 1185.4 375.0 0.008528
743.48 0.0 1031.8 375.0 0.0084736
200.1 0.0 397.37 41.67 0.0084196
0.0 272.41 89.587 345.06 0.0083744
1086.3 237.53 1239.3 375.0 0.0083744
505.73 115.32 564.29 268.32 0.0083531
1011.3 331.05 1216.9 375.0 0.0083257
1013.5 219.23 1242.0 325.21 0.0083187
206.46 0.0 495.67 118.66 0.0083017
111.74 69.477 383.87 375.0 0.0082632
702.64 166.71 732.43 261.03 0.0082428
517.86 170.14 571.19 215.19 0.0082214
0.0 241.6 92.657 313.56 0.0082185
952.1 0.0 1217.4 375.0 0.0081714
408.81 20.192 544.7 375.0 0.0081508
547.02 156.93 572.98 220.93 0.0081153
1180.6 226.04 1242.0 262.09 0.0081071
1062.6 156.92 1242.0 240.51 0.0080213
1209.8 279.3 1237.8 375.0 0.0080111
0.0 337.35 153.16 375.0 0.007961
650.2 136.36 697.91 274.36 0.0079386
0.0 80.993 14.681 132.02 0.0079356
433.94 0.0 582.68 195.42 0.0079348
821.95 230.55 951.47 375.0 0.0078892
1181.2 263.58 1242.0 301.16 0.0078634
475.35 163.51 500.54 239.06 0.0078241
693.45 0.0 838.43 204.8 0.0078124
1092.6 322.34 1232.3 375.0 0.0077884
116.78 0.0 400.81 112.23 0.0077652
501.8 0.0 889.95 92.276 0.0077565
957.33 108.12 1081.7 375.0 0.0077373
724.02 282.76 1051.5 375.0 0.0077083
1182.0 219.1 1242.0 253.78 0.0077047
440.99 212.77 529.78 260.15 0.0076579
1217.3 59.933 1242.0 159.15 0.0076244
0.0 228.07 92.507 299.58 0.0076026
1172.2 249.9 1242.0 283.88 0.0075837
