395.3 191.92 518.38 278.55 0.99979
612.91 179.64 662.6 208.61 0.9996
626.33 179.27 665.46 208.58 0.99925
607.91 179.33 652.0 209.2 0.99841
659.28 176.1 700.05 199.31 0.99809
630.05 178.24 678.83 205.94 0.99792
401.51 190.16 517.92 264.42 0.99418
640.31 178.54 674.27 206.27 0.99341
633.69 182.45 667.45 208.36 0.98789
612.52 179.71 666.34 208.77 0.98745
660.12 177.2 689.4 199.93 0.98148
670.1 176.59 701.82 199.36 0.97684
651.39 177.58 680.41 202.08 0.97427
750.73 176.2 809.48 242.12 0.97306
414.61 188.32 523.38 251.71 0.97048
418.28 188.46 524.62 269.6 0.96814
641.61 178.96 686.03 201.93 0.96708
651.18 178.82 693.41 201.02 0.96033
759.44 166.68 797.12 257.06 0.95995
618.56 178.17 655.69 206.86 0.95983
624.17 177.28 673.32 211.13 0.95812
644.99 177.75 677.65 203.69 0.95387
755.43 176.62 779.35 203.51 0.94513
609.03 173.88 657.71 208.78 0.94471
662.33 173.93 704.77 196.65 0.93674
426.12 187.06 520.46 238.98 0.93036
753.31 176.21 774.36 200.86 0.92793
758.77 176.39 785.27 203.96 0.92548
388.13 203.91 510.99 264.94 0.92303
762.02 175.71 784.35 197.16 0.91422
756.34 175.06 787.5 253.9 0.91043
765.13 174.71 790.78 197.56 0.90667
757.11 176.27 778.78 196.31 0.90508
754.28 177.3 782.1 210.26 0.89975
762.28 176.7 792.08 205.21 0.89488
754.39 175.35 774.5 194.61 0.88456
742.33 181.22 818.2 234.68 0.88309
444.3 185.11 526.73 243.15 0.8728
394.75 190.34 508.12 248.87 0.86492
650.49 174.41 697.91 196.63 0.86343
749.61 176.67 770.85 199.45 0.85568
746.74 178.13 788.2 201.4 0.8553
759.39 177.16 774.58 220.64 0.85366
752.79 175.85 765.35 212.88 0.83942
756.66 177.01 769.15 213.73 0.8381
401.06 199.47 511.67 281.08 0.83745
448.51 184.54 522.87 222.89 0.83564
752.13 176.95 766.65 222.95 0.83556
753.19 178.5 775.71 206.77 0.83396
755.58 176.48 770.85 224.78 0.83079
757.47 177.11 789.08 211.56 0.83051
757.99 174.32 776.69 229.68 0.82834
0.0 181.12 33.626 305.08 0.82495
367.54 192.29 507.61 266.68 0.81485
766.42 173.91 789.6 192.32 0.80968
754.13 177.49 801.18 202.93 0.80734
763.84 174.35 784.69 191.9 0.80447
758.54 174.36 778.97 191.96 0.79513
762.57 174.48 779.35 223.39 0.79391
769.96 170.73 803.27 253.87 0.79345
701.76 174.26 723.24 190.1 0.79025
631.87 184.77 662.62 206.81 0.78779
754.34 176.88 773.87 233.92 0.78704
755.89 174.49 798.22 196.37 0.7754
746.18 180.83 790.45 207.0 0.77397
665.05 179.56 691.67 199.35 0.77283
769.17 176.96 798.04 205.39 0.76743
751.57 174.82 804.38 226.74 0.76576
748.7 175.52 784.92 194.95 0.74417
642.43 184.05 681.57 204.52 0.7427
660.8 180.79 685.09 201.53 0.74233
741.72 180.61 808.71 224.43 0.7299
770.29 173.95 796.48 196.84 0.71842
618.94 175.0 680.52 206.5 0.718
760.8 176.16 773.81 210.94 0.71644
766.53 171.13 783.85 225.56 0.71566
454.14 186.79 520.17 232.9 0.71089
621.65 183.57 656.62 208.38 0.70278
5.1318 178.98 42.363 283.97 0.69259
755.53 170.77 790.26 272.9 0.6832
775.83 174.72 791.42 218.4 0.68299
779.01 173.67 795.97 226.76 0.68133
764.17 174.38 777.87 212.88 0.67909
749.5 180.65 801.66 209.16 0.67323
771.87 173.81 787.38 217.6 0.673
774.8 172.83 792.78 227.03 0.66142
772.84 169.3 786.42 210.13 0.65695
779.95 176.25 794.32 217.03 0.65384
759.15 172.89 796.64 190.89 0.65151
745.24 173.26 792.88 221.9 0.64987
620.34 187.58 663.04 209.16 0.64738
750.72 178.08 762.01 212.87 0.64569
613.2 180.7 646.4 205.77 0.64396
0.0 145.38 49.324 316.05 0.6428
750.25 180.59 762.99 221.62 0.62444
682.35 179.28 705.97 198.31 0.62136
769.24 167.79 782.79 208.95 0.62079
776.37 168.91 790.34 210.43 0.6175
0.0 181.05 18.092 307.53 0.61607
0.0 147.99 68.142 326.37 0.61053
407.37 188.16 507.13 235.1 0.60825
760.64 168.68 782.36 238.18 0.60746
765.21 177.2 799.85 211.81 0.60226
744.3 178.09 780.21 198.61 0.58733
750.2 174.98 771.11 191.18 0.58456
769.74 171.68 790.29 233.81 0.58435
612.54 186.06 658.22 210.2 0.5793
698.79 173.85 719.42 190.51 0.579
639.97 180.41 656.41 214.34 0.565
767.95 172.71 792.15 189.82 0.5647
751.76 172.78 785.97 190.28 0.56353
599.45 181.77 659.8 211.87 0.56135
659.78 182.94 693.66 202.9 0.55653
628.53 171.49 680.36 210.75 0.5443
628.23 174.41 677.89 199.44 0.54103
756.53 174.62 780.28 239.43 0.54027
657.56 171.47 700.85 193.72 0.53823
431.27 176.79 535.76 260.02 0.53594
0.0 137.46 33.031 328.77 0.53567
766.19 171.72 777.31 205.96 0.5325
457.45 181.85 513.35 205.72 0.52964
642.91 178.53 660.13 214.26 0.52845
669.02 178.88 696.19 197.52 0.52458
759.98 183.18 817.37 258.22 0.52456
636.89 180.47 652.72 214.31 0.52406
601.55 174.97 652.7 212.99 0.52289
389.54 214.32 500.19 269.68 0.52202
381.97 205.89 531.8 280.72 0.51931
751.3 177.11 768.5 233.88 0.5188
760.4 171.37 791.54 238.92 0.51475
678.99 177.24 703.21 195.84 0.51399
653.53 184.27 688.08 203.67 0.51347
774.55 176.12 798.75 197.57 0.50945
761.89 172.44 772.79 203.98 0.50877
648.35 182.89 671.62 203.55 0.50449
443.86 172.49 505.53 272.18 0.50364
742.79 177.26 804.24 214.07 0.50321
632.9 172.43 695.61 202.1 0.50228
647.52 177.79 664.61 213.05 0.50151
0.0 193.82 26.764 325.79 0.49782
632.38 177.99 649.27 213.62 0.48657
761.24 175.44 805.32 195.42 0.48596
760.73 169.78 795.94 186.6 0.47222
638.48 172.77 656.87 208.56 0.47189
652.28 178.36 668.25 211.66 0.47102
780.38 170.55 792.9 207.68 0.47032
760.85 177.71 815.43 233.77 0.46938
757.59 174.83 768.65 203.29 0.46852
673.64 179.94 710.92 198.99 0.46636
0.0 120.11 48.795 281.72 0.46355
765.19 167.86 786.73 239.41 0.4628
635.05 174.02 670.72 201.16 0.45193
673.57 175.84 710.01 194.61 0.44988
429.54 176.14 492.8 271.99 0.44715
687.73 177.52 709.69 196.05 0.44383
664.03 174.72 694.41 196.83 0.43621
767.07 171.65 799.12 240.64 0.43534
656.65 180.66 669.41 210.09 0.43302
694.23 176.08 714.92 192.95 0.43105
0.0 250.39 22.027 361.09 0.4284
783.27 175.66 796.17 212.63 0.42204
628.06 177.47 646.75 214.85 0.4209
417.78 180.35 479.42 292.06 0.42063
749.03 179.43 767.27 203.38 0.41609
0.0 246.68 15.579 357.18 0.41465
755.67 170.48 782.98 232.57 0.41017
0.0 169.52 26.629 287.7 0.40886
433.53 189.17 514.1 223.89 0.40442
697.23 172.61 724.37 189.55 0.40165
743.24 181.72 778.82 203.66 0.40078
635.7 173.03 653.1 209.68 0.40025
0.0 166.94 17.747 280.4 0.39941
1201.0 210.03 1242.0 375.0 0.39936
642.36 171.48 661.22 207.96 0.39916
754.55 175.54 765.5 203.96 0.39214
756.09 177.05 797.64 217.36 0.38585
618.44 174.75 638.99 212.02 0.38284
462.63 183.43 526.11 238.95 0.3825
614.57 175.6 658.42 196.43 0.37816
694.15 175.07 722.28 192.0 0.37358
623.29 175.77 642.7 211.78 0.37344
752.43 182.02 810.19 212.92 0.37275
764.07 179.74 809.45 201.93 0.36918
636.91 173.47 686.94 197.9 0.36135
744.47 173.31 775.01 190.77 0.3592
668.39 170.65 683.74 201.2 0.35225
0.0 185.51 47.352 356.78 0.35197
407.11 176.61 466.97 290.59 0.34902
3.7452 199.32 40.888 309.93 0.34598
748.99 179.75 772.14 210.03 0.34441
5.6328 129.09 84.042 326.16 0.34417
642.52 186.46 667.74 204.51 0.34229
386.87 196.47 490.92 255.24 0.34217
466.48 182.38 504.78 208.82 0.34007
671.44 171.46 688.8 202.25 0.3361
449.55 179.06 521.85 211.93 0.33582
763.86 173.39 794.99 273.89 0.33194
765.92 169.22 776.27 199.33 0.32986
664.21 172.42 677.74 202.38 0.32938
656.65 174.06 671.44 207.09 0.32757
776.75 167.61 788.94 202.02 0.32748
1187.2 232.64 1242.0 342.09 0.32652
623.03 175.33 668.61 197.88 0.3219
748.92 166.21 774.58 238.25 0.32121
762.69 168.87 773.04 197.35 0.31703
0.0 111.38 67.226 284.43 0.31236
614.85 172.39 635.02 211.94 0.30784
660.11 176.87 672.39 205.45 0.30763
477.61 166.51 513.16 246.48 0.3059
1224.5 230.28 1242.0 319.73 0.30274
630.85 177.73 662.53 201.13 0.30125
1223.4 257.8 1242.0 354.16 0.30016
631.05 188.95 667.31 209.13 0.29871
0.0 176.82 61.28 292.96 0.29643
624.42 178.02 656.19 201.48 0.296
675.54 171.07 692.63 202.35 0.29519
772.12 167.34 796.26 237.52 0.28513
775.36 174.83 798.2 192.61 0.2831
0.0 178.98 31.139 366.43 0.28284
0.0 98.3 36.466 280.6 0.27625
686.87 176.37 717.36 193.87 0.27108
1182.4 203.97 1242.0 375.0 0.26547
0.0 163.78 89.983 280.6 0.25944
781.1 170.12 799.5 226.9 0.25874
453.97 168.41 513.81 278.82 0.25785
778.23 178.37 802.59 203.54 0.25546
665.5 183.2 698.77 202.35 0.25528
0.0 242.67 29.735 351.55 0.25524
0.0 195.08 45.645 315.01 0.2548
784.14 170.55 795.9 204.45 0.25187
1213.1 248.92 1242.0 363.99 0.25085
1214.7 228.24 1242.0 324.76 0.24531
416.11 165.7 479.02 269.3 0.24483
1225.9 143.92 1242.0 233.6 0.23812
0.0 215.56 31.14 339.38 0.23569
758.52 169.08 768.75 195.82 0.22965
427.11 169.78 471.07 268.01 0.22673
1162.6 246.85 1242.0 330.31 0.22312
776.13 167.47 799.81 234.4 0.21963
1187.5 262.59 1242.0 372.79 0.21941
0.0 152.38 52.413 263.3 0.21858
1224.9 214.53 1242.0 304.09 0.21767
695.6 170.09 723.85 186.5 0.21414
752.18 172.58 773.29 189.11 0.21244
679.37 168.1 695.22 202.0 0.20955
737.97 184.97 811.98 251.78 0.20678
0.0 216.5 16.293 335.81 0.20617
700.01 175.49 727.33 191.01 0.20138
1202.2 16.06 1242.0 184.44 0.20022
471.59 173.74 507.21 257.55 0.19965
485.45 178.67 519.59 256.69 0.19909
769.92 165.94 781.3 196.02 0.19843
1226.3 160.33 1242.0 247.09 0.19788
751.51 169.75 786.76 187.03 0.196
606.53 186.29 648.19 209.43 0.19559
643.3 186.63 675.06 205.98 0.19503
1226.0 124.49 1242.0 218.44 0.19182
1166.7 263.2 1242.0 346.85 0.1917
0.0 153.27 15.686 262.98 0.18942
687.51 173.38 718.79 190.91 0.18857
1185.4 206.07 1242.0 314.32 0.18611
660.43 166.64 674.57 204.32 0.18535
781.34 168.77 791.72 201.2 0.18387
766.14 170.79 801.55 187.07 0.18154
1161.7 232.69 1242.0 314.53 0.1806
1225.9 175.21 1242.0 262.77 0.18015
644.69 171.09 711.1 200.23 0.17881
416.26 189.26 537.98 269.11 0.17853
1198.5 290.11 1242.0 375.0 0.1771
406.22 181.43 497.23 245.89 0.17502
1181.5 40.592 1242.0 152.4 0.17428
773.26 169.9 802.65 237.02 0.17303
1223.6 341.14 1242.0 375.0 0.17259
774.4 166.62 785.55 196.03 0.17152
447.36 196.32 530.96 248.09 0.16995
459.73 179.34 518.47 221.35 0.16864
645.02 169.49 696.21 205.08 0.16863
1216.0 141.17 1242.0 239.43 0.16837
1224.3 283.24 1242.0 375.0 0.16731
767.41 174.09 805.52 191.02 0.16691
0.0 184.86 77.577 267.89 0.16687
1204.9 67.301 1242.0 242.86 0.16584
771.84 179.18 801.54 275.34 0.16489
461.47 174.55 499.97 263.69 0.16297
0.0 192.57 23.552 255.69 0.15951
684.59 171.47 697.77 201.86 0.15906
654.53 184.48 675.41 203.57 0.15875
6.9809 207.25 53.08 275.39 0.15815
1205.8 244.51 1241.6 375.0 0.15709
668.71 172.67 707.38 191.74 0.15668
0.0 200.82 77.276 284.75 0.15573
3.1564 160.54 37.498 268.61 0.15489
382.26 206.18 475.01 266.41 0.15305
1225.2 66.345 1242.0 162.16 0.153
11.519 177.68 47.521 274.77 0.1515
755.66 171.08 765.69 196.59 0.15123
1169.2 278.05 1242.0 362.94 0.15077
1146.8 330.42 1242.0 375.0 0.15071
663.81 177.44 676.65 207.04 0.14848
1.724 191.71 51.354 262.91 0.14775
471.9 181.4 513.59 208.54 0.14733
1201.0 164.03 1242.0 338.15 0.14724
1158.5 217.66 1242.0 298.27 0.14655
743.68 169.33 791.4 210.66 0.14646
435.99 174.1 479.31 272.13 0.14561
1183.4 91.262 1242.0 203.3 0.14542
450.14 171.35 494.83 268.95 0.14484
0.0 132.77 15.262 231.51 0.14447
617.0 177.42 651.37 199.77 0.14335
1225.5 199.12 1242.0 286.92 0.14235
0.0 171.29 69.233 255.31 0.14072
0.0 154.29 22.221 265.27 0.14041
747.54 173.34 768.13 189.64 0.13939
0.0 193.99 38.099 261.65 0.13884
647.11 163.34 665.26 209.39 0.13832
8.6411 166.53 80.606 362.98 0.13788
1155.8 54.976 1242.0 136.52 0.13659
1179.4 319.01 1242.0 375.0 0.13656
443.37 172.99 486.65 266.75 0.13529
422.61 163.93 459.62 266.4 0.13526
0.0 218.94 70.609 301.82 0.13432
406.02 213.0 501.67 284.67 0.133
1216.0 211.65 1242.0 308.1 0.13281
742.57 171.19 802.38 204.21 0.13267
765.52 168.26 788.67 184.21 0.1325
746.53 180.48 766.89 208.07 0.13085
419.45 172.39 465.53 274.76 0.12997
0.0 206.54 23.259 273.02 0.12872
412.64 170.54 453.03 270.06 0.12769
1205.0 257.93 1242.0 375.0 0.12754
0.0 138.4 70.815 253.19 0.12746
1208.4 217.81 1239.6 323.69 0.12687
775.14 176.61 803.7 208.74 0.12678
460.97 179.03 513.59 200.14 0.12639
753.54 176.65 788.83 220.66 0.12635
0.0 206.95 39.349 276.65 0.12564
1047.8 266.14 1242.0 375.0 0.12533
0.0 208.85 26.294 375.0 0.12518
435.97 191.17 533.36 260.0 0.12272
742.9 184.46 782.63 208.9 0.12271
1216.7 166.44 1242.0 254.98 0.12139
0.0 190.7 80.068 313.26 0.12093
750.03 165.82 777.86 259.85 0.1205
388.36 169.19 447.55 308.27 0.11911
1236.0 255.07 1242.0 306.77 0.11876
770.19 176.78 808.06 195.06 0.1181
1158.1 103.32 1242.0 186.56 0.11775
637.17 166.15 651.65 206.48 0.11751
1235.8 239.01 1242.0 290.46 0.11693
430.75 161.3 488.63 299.22 0.11675
4.6092 217.74 37.909 330.25 0.1167
1218.6 239.44 1242.0 302.48 0.11636
1136.1 192.5 1242.0 375.0 0.11604
1235.6 280.14 1242.0 335.16 0.11581
786.92 174.87 798.89 210.29 0.11538
0.0 234.02 47.375 343.73 0.11523
1220.0 152.99 1242.0 213.81 0.11522
402.11 151.74 465.21 274.55 0.11402
1226.1 101.49 1242.0 198.05 0.11386
1155.3 201.02 1242.0 282.66 0.11283
651.55 164.74 668.58 209.64 0.11171
1155.1 87.459 1242.0 169.02 0.11134
1157.3 245.06 1242.0 360.98 0.1112
1218.4 162.47 1242.0 222.41 0.11082
1201.8 96.806 1242.0 266.69 0.11001
436.44 192.06 505.25 237.21 0.10956
1217.2 354.64 1242.0 375.0 0.10946
1202.7 360.82 1242.0 375.0 0.10943
785.75 173.5 799.52 220.51 0.10835
752.16 174.57 762.03 204.29 0.10738
767.9 165.12 793.62 245.41 0.10723
672.05 160.69 688.42 197.13 0.10695
0.0 183.2 112.44 265.19 0.10662
0.0 177.96 107.09 301.67 0.1065
626.16 168.08 649.02 214.07 0.1063
1157.9 121.13 1242.0 201.64 0.10591
0.0 236.55 69.082 317.48 0.10583
0.0 192.28 10.542 255.85 0.10551
1201.4 130.4 1242.0 306.39 0.1055
1156.1 71.481 1242.0 152.6 0.1052
1179.5 24.822 1242.0 130.72 0.10516
753.54 144.96 805.44 286.83 0.10486
747.73 162.68 771.5 226.36 0.10463
1215.7 339.94 1242.0 375.0 0.10461
611.79 170.09 628.1 208.61 0.10367
659.66 174.05 686.76 195.22 0.10326
0.0 266.81 17.342 326.05 0.1032
0.0 198.05 113.33 280.0 0.09991
1213.8 275.57 1242.0 375.0 0.098941
1185.3 174.44 1242.0 283.98 0.098405
605.12 180.3 647.04 201.6 0.09734
1184.1 124.63 1242.0 234.44 0.097117
668.65 174.99 682.38 205.53 0.096319
1223.8 31.366 1242.0 115.23 0.096301
388.83 195.83 478.85 243.81 0.094982
0.0 265.9 28.389 368.17 0.094696
1218.0 178.93 1242.0 236.52 0.093633
1153.7 38.57 1242.0 117.73 0.093199
681.14 172.24 693.41 201.92 0.092836
1217.4 224.95 1242.0 285.86 0.092805
633.35 166.39 647.56 205.88 0.092225
619.15 166.33 643.17 214.23 0.092051
689.35 173.7 700.96 201.63 0.091839
638.25 190.23 670.04 208.8 0.091655
1092.2 248.59 1242.0 375.0 0.091083
758.93 165.93 794.48 182.25 0.090999
1220.0 42.812 1242.0 97.21 0.090997
473.41 167.13 503.16 236.36 0.090695
1207.3 164.98 1242.0 205.65 0.090158
1154.4 185.17 1242.0 267.39 0.090018
748.8 183.72 774.81 217.47 0.089983
1235.7 264.12 1242.0 319.2 0.089833
0.0 148.03 28.625 249.68 0.089514
0.0 119.21 51.553 237.46 0.08908
1216.6 112.63 1242.0 217.54 0.088917
471.45 182.57 522.95 204.39 0.087898
477.3 170.56 493.39 217.65 0.087595
1207.3 172.96 1242.0 213.5 0.087558
7.4921 253.75 36.238 349.62 0.086207
0.0 0.0 144.54 375.0 0.085788
0.0 139.85 343.23 375.0 0.084817
675.79 162.18 691.86 198.73 0.08473
672.89 174.47 686.75 205.87 0.084729
0.0 253.68 60.871 332.47 0.084305
1206.9 156.21 1242.0 197.22 0.083989
752.08 177.78 818.73 213.8 0.083537
1157.6 137.15 1242.0 218.42 0.083364
0.0 204.9 46.426 245.41 0.083151
611.71 179.97 638.04 202.36 0.083072
633.66 167.37 656.97 213.69 0.083024
475.6 176.55 516.35 267.33 0.082921
1224.8 49.076 1242.0 139.69 0.082772
1155.4 170.26 1242.0 251.25 0.082681
1208.8 54.54 1242.0 92.32 0.082631
480.98 170.19 497.41 217.88 0.082396
681.17 172.57 714.16 191.33 0.082076
1204.6 251.9 1242.0 293.17 0.081101
1167.7 294.55 1242.0 375.0 0.080821
1219.3 136.64 1242.0 197.08 0.080733
0.0 262.32 182.62 375.0 0.080627
1158.8 153.94 1242.0 236.47 0.080564
439.22 197.39 504.21 228.23 0.080357
1202.5 244.37 1242.0 284.39 0.080035
747.45 179.79 757.89 216.91 0.079263
404.5 167.14 458.52 316.62 0.078076
1207.9 181.23 1242.0 220.93 0.077989
650.93 167.47 703.91 203.31 0.077705
629.44 165.55 644.56 206.07 0.07761
1135.3 250.88 1242.0 333.28 0.077405
668.26 162.68 682.59 197.36 0.076681
766.7 182.92 813.41 205.8 0.076681
1207.2 189.15 1242.0 228.92 0.076328
400.06 169.68 547.3 234.39 0.076242
486.94 163.55 518.19 242.94 0.075907
1216.8 194.48 1242.0 252.28 0.075873
1203.6 236.81 1242.0 276.91 0.07584
0.0 168.86 133.96 256.37 0.074916
1209.8 136.45 1241.3 247.92 0.07488
1216.9 187.85 1242.0 280.58 0.074393
444.02 175.83 461.17 245.44 0.074301
1182.6 20.273 1242.0 194.36 0.074127
1215.7 58.692 1242.0 168.8 0.073997
440.52 176.91 457.71 245.51 0.07367
1218.7 254.0 1242.0 319.23 0.073427
0.0 212.44 46.269 253.35 0.073136
0.0 155.37 93.061 237.89 0.072269
743.63 176.28 774.62 193.9 0.071925
1219.7 269.92 1242.0 334.9 0.071601
1210.2 46.085 1242.0 85.914 0.07157
0.0 191.35 65.592 375.0 0.071242
0.0 146.15 103.47 264.2 0.070669
0.0 197.4 40.948 237.72 0.070455
0.0 223.49 22.879 287.26 0.070368
745.62 183.68 797.95 214.92 0.070005
1064.8 0.0 1242.0 375.0 0.069698
781.11 176.35 803.54 195.09 0.069648
1150.0 41.571 1242.0 151.86 0.069627
406.27 168.16 445.29 265.19 0.069502
1204.2 229.21 1242.0 269.35 0.069356
0.0 280.38 32.362 375.0 0.069134
0.0 219.29 42.705 375.0 0.068902
1206.3 197.25 1242.0 236.63 0.068868
742.95 170.33 777.64 187.3 0.068695
0.0 335.99 77.912 375.0 0.068541
1216.4 210.05 1242.0 268.48 0.06722
1205.2 260.12 1242.0 300.88 0.066924
659.41 181.01 670.75 212.61 0.066854
707.45 175.51 727.07 189.28 0.066827
781.93 178.35 805.58 200.43 0.066707
788.14 169.83 799.26 202.94 0.066647
1224.7 311.56 1242.0 375.0 0.065658
493.72 166.01 524.77 249.25 0.064805
469.25 180.88 504.03 202.57 0.0646
1169.3 193.16 1234.1 375.0 0.064496
0.0 268.82 58.506 347.06 0.064482
678.64 181.37 701.01 197.01 0.064388
0.0 265.84 14.048 375.0 0.064185
884.82 141.15 1242.0 375.0 0.063833
1205.8 148.09 1242.0 188.72 0.063558
1205.6 205.57 1242.0 244.94 0.063405
0.9443 214.36 59.625 375.0 0.06291
0.0 135.88 23.395 233.12 0.062663
0.0 9.6753 74.914 375.0 0.062596
0.0 66.154 30.152 256.17 0.062577
649.65 178.63 662.43 216.13 0.06256
0.0 93.629 183.95 275.99 0.062139
777.75 159.66 807.1 242.08 0.061945
1153.3 23.864 1242.0 102.91 0.061743
1209.9 157.77 1238.9 257.82 0.061223
1138.1 266.25 1242.0 351.98 0.061198
1205.1 221.17 1242.0 260.45 0.061032
0.0 208.05 71.47 251.45 0.060801
1204.6 213.13 1242.0 252.47 0.060707
692.46 173.34 703.43 199.5 0.060277
719.73 157.23 822.65 257.29 0.060263
747.87 183.07 769.69 213.12 0.060254
1236.3 229.22 1242.0 277.89 0.060081
337.81 180.43 501.72 250.93 0.060078
0.0 150.51 20.527 206.45 0.059985
0.0 128.23 193.46 315.04 0.059738
617.58 172.18 655.41 190.01 0.059644
489.34 178.89 510.58 245.11 0.059632
1200.6 250.75 1234.3 374.17 0.059219
600.59 173.37 663.48 204.21 0.0591
0.0 105.97 240.98 375.0 0.058908
0.0 273.28 21.837 328.41 0.058739
361.76 191.01 493.06 289.27 0.058372
0.0 282.84 19.953 340.35 0.058299
634.92 156.96 661.18 210.98 0.057834
0.0 220.29 43.326 261.23 0.057415
5.9361 150.31 36.418 247.79 0.05735
1221.2 285.2 1242.0 348.61 0.05719
627.74 178.85 688.95 208.35 0.056578
476.5 176.35 494.5 242.52 0.05648
0.0 181.89 23.85 241.2 0.056049
1209.6 60.902 1242.0 98.726 0.055874
676.37 173.75 689.62 207.19 0.055685
1186.0 47.265 1242.0 236.98 0.055437
1216.9 75.099 1242.0 135.15 0.055359
1202.9 221.31 1233.2 322.51 0.055224
0.0 255.12 128.12 375.0 0.055197
1206.2 140.55 1242.0 181.54 0.055028
0.0 158.13 40.491 197.9 0.054905
449.02 175.9 464.48 241.62 0.054752
755.61 161.71 779.71 224.3 0.05467
0.0 224.0 70.768 265.89 0.054554
415.3 199.68 486.59 229.04 0.054457
619.83 175.06 647.96 194.16 0.05433
660.2 185.38 680.77 202.47 0.05398
0.0 213.67 106.95 298.5 0.05355
0.0 284.61 35.362 325.99 0.053067
0.0 125.45 70.199 209.93 0.052803
466.64 166.76 494.82 236.22 0.052709
626.57 158.44 653.48 212.27 0.052694
0.0 202.58 10.693 268.08 0.05263
0.0 228.08 44.251 269.21 0.052426
1205.1 267.84 1242.0 307.55 0.051681
1136.1 37.561 1242.0 375.0 0.05143
473.6 170.73 488.67 217.9 0.050913
0.0 183.89 41.8 248.56 0.050908
400.48 216.21 485.18 275.38 0.05067
0.0 63.13 194.47 250.11 0.050658
462.02 177.81 535.95 210.11 0.050564
0.0 215.45 69.582 258.45 0.050395
393.5 190.84 487.3 235.73 0.050283
391.37 226.68 488.81 272.07 0.049983
0.0 322.72 48.222 375.0 0.049961
1118.6 59.407 1242.0 139.01 0.049911
693.87 178.44 722.47 194.31 0.049839
0.0 163.06 186.47 346.26 0.049736
0.0 251.02 19.226 311.89 0.049729
0.0 200.97 72.856 243.64 0.049718
0.0 156.38 131.6 238.41 0.049659
842.02 0.0 1242.0 177.98 0.049622
705.96 170.57 716.78 191.98 0.049566
485.9 180.43 505.96 243.49 0.049504
492.89 180.1 514.34 244.05 0.049473
0.0 166.7 39.829 207.47 0.049233
1216.7 89.951 1242.0 148.33 0.049039
702.5 168.76 713.08 191.68 0.048689
0.0 6.7014 362.76 369.8 0.048241
1217.7 121.27 1242.0 181.03 0.048087
1037.2 0.0 1242.0 92.021 0.04784
0.0 164.5 21.76 221.73 0.047805
1028.4 130.67 1242.0 315.94 0.047395
1204.8 275.44 1242.0 315.83 0.047391
1218.0 67.541 1242.0 123.26 0.047344
1059.8 226.11 1242.0 375.0 0.047094
625.38 166.33 640.28 206.78 0.047092
1210.2 200.85 1239.8 306.47 0.046948
753.59 181.27 797.32 226.53 0.046938
1051.5 164.77 1242.0 346.99 0.046754
482.15 178.89 500.26 240.53 0.046331
1137.6 0.0 1242.0 191.66 0.045918
1204.5 283.48 1242.0 324.18 0.045793
1190.1 364.88 1242.0 375.0 0.045724
1205.4 156.65 1242.0 212.59 0.045204
1208.2 91.715 1242.0 132.52 0.045115
0.0 0.0 355.7 178.29 0.045066
0.0 182.93 15.414 263.01 0.045003
1202.8 173.9 1242.0 226.15 0.044838
484.47 170.57 501.13 219.07 0.044737
456.64 158.53 491.94 250.76 0.044581
732.91 169.59 792.09 202.32 0.044491
664.27 164.39 677.03 198.61 0.044423
404.03 174.05 526.99 261.73 0.044344
743.27 189.15 793.42 218.48 0.044229
1219.7 58.164 1242.0 112.3 0.044106
649.85 189.49 679.6 206.35 0.043691
752.22 170.06 761.8 196.97 0.043644
774.31 180.51 812.01 198.03 0.043599
670.45 185.22 701.91 202.86 0.043518
738.08 166.55 786.02 206.66 0.043476
418.75 189.68 498.58 222.26 0.043417
1210.1 177.75 1239.0 280.59 0.04325
0.0 190.08 42.146 230.93 0.043225
1205.2 291.14 1242.0 331.01 0.042959
630.27 171.87 675.17 192.36 0.042926
762.14 161.26 787.41 229.95 0.04283
0.0 268.51 48.278 375.0 0.042799
1182.0 158.29 1242.0 348.18 0.042601
441.75 164.98 497.1 313.75 0.042514
961.36 101.11 1242.0 375.0 0.042505
0.0 0.0 183.92 90.575 0.042441
1206.7 84.296 1242.0 125.67 0.04233
9.8495 198.25 46.656 304.85 0.042236
0.0 173.89 39.331 214.58 0.042165
23.443 121.3 97.328 314.0 0.042163
749.04 187.75 803.84 220.17 0.042143
1208.0 99.334 1242.0 139.9 0.042098
0.0 285.33 61.835 363.52 0.041814
1.0462 182.4 20.73 264.75 0.041673
0.0 273.17 9.0183 330.01 0.041612
741.37 187.37 785.13 212.73 0.04149
0.0 150.5 38.394 189.59 0.04147
920.96 164.64 1018.1 204.1 0.04117
11.286 209.71 65.205 276.49 0.041086
745.04 179.62 764.71 198.76 0.041002
12.224 160.76 45.782 262.4 0.040909
397.63 174.1 436.54 274.24 0.040712
1206.0 132.28 1242.0 173.24 0.040685
1216.2 82.741 1242.0 185.22 0.040522
472.97 174.57 490.7 240.36 0.04049
453.18 176.8 467.98 239.21 0.040389
1038.9 99.029 1242.0 287.37 0.040159
1201.7 235.6 1232.0 340.22 0.039938
699.03 179.46 725.62 193.76 0.039836
654.2 178.48 666.35 217.62 0.039832
704.88 157.75 841.65 233.69 0.039714
0.0 188.45 8.538 245.84 0.039668
697.59 167.96 708.36 193.6 0.039566
465.64 183.41 497.52 205.43 0.039197
0.0 83.367 135.61 307.36 0.03916
1131.8 222.5 1242.0 302.76 0.039147
717.43 172.19 833.57 248.27 0.038877
399.1 214.96 543.61 285.35 0.038507
920.6 155.71 1018.3 197.09 0.038468
5.2555 183.26 25.318 262.77 0.038041
324.13 154.48 600.23 292.05 0.037939
641.56 152.74 667.2 208.12 0.037884
0.0 236.97 43.166 278.52 0.037868
433.29 154.42 464.41 254.72 0.037847
1236.8 175.08 1242.0 225.19 0.037713
696.2 172.53 706.64 196.53 0.037667
1201.3 343.61 1232.9 375.0 0.037611
0.0 34.718 15.015 139.96 0.037408
436.46 175.22 452.91 242.34 0.037331
0.0 182.19 39.889 223.87 0.037226
643.76 191.49 674.26 208.79 0.037078
709.2 169.27 719.65 191.82 0.037061
0.0 292.87 37.388 334.37 0.037016
381.64 192.81 462.82 256.3 0.036931
1207.0 299.47 1242.0 338.2 0.036885
1222.9 303.21 1242.0 363.18 0.036744
1207.1 38.289 1242.0 78.841 0.036469
664.7 183.97 686.55 199.47 0.036446
701.67 171.46 712.07 195.56 0.036414
1236.5 291.5 1242.0 343.73 0.036255
400.25 218.33 522.16 275.57 0.035849
352.24 173.66 475.55 263.0 0.035778
0.0 340.79 14.171 375.0 0.035764
1227.0 10.382 1242.0 99.779 0.03571
435.24 188.39 555.8 263.28 0.035429
8.5045 184.37 29.828 259.73 0.035411
1236.4 212.21 1242.0 261.45 0.035354
316.43 120.14 614.07 278.38 0.0353
0.0 270.13 36.39 311.5 0.035243
1215.9 105.07 1242.0 164.79 0.035103
1206.5 77.542 1242.0 116.47 0.035042
610.68 164.87 636.47 225.03 0.034839
1206.6 107.35 1242.0 148.66 0.034732
752.44 182.44 784.47 226.09 0.034443
473.1 188.61 529.51 243.19 0.033975
469.57 177.45 486.6 238.37 0.033615
656.61 168.86 697.69 189.26 0.033567
478.87 173.47 497.15 239.56 0.033436
5.8346 197.61 63.093 263.46 0.033421
455.16 185.96 515.1 213.19 0.033278
769.4 160.07 795.71 230.74 0.03323
1218.4 28.589 1242.0 85.721 0.03311
1153.5 93.446 1242.0 206.18 0.033053
1208.6 307.72 1242.0 346.79 0.033046
0.0 0.0 75.695 177.55 0.032985
742.37 121.51 799.22 270.47 0.03283
430.61 195.41 494.96 224.41 0.032642
1236.5 204.47 1242.0 252.9 0.032604
1212.9 25.488 1242.0 115.14 0.032442
9.2441 95.881 81.98 284.71 0.032321
1209.3 109.74 1242.0 226.36 0.032267
457.68 176.2 472.85 238.44 0.03213
627.98 189.43 655.19 207.64 0.032023
1209.2 69.991 1242.0 107.11 0.031965
1126.8 78.633 1242.0 155.92 0.031726
477.93 183.25 517.83 206.74 0.031605
665.05 169.99 703.46 188.23 0.031457
1041.0 65.693 1242.0 253.26 0.031431
0.0 258.72 23.268 315.88 0.031297
613.48 171.69 626.1 205.89 0.031204
1118.4 46.032 1242.0 120.15 0.031115
1206.2 124.17 1242.0 165.44 0.030948
468.6 182.0 544.66 218.95 0.030933
1126.9 94.592 1242.0 174.94 0.030824
462.93 189.06 541.34 230.49 0.030763
640.96 165.29 662.72 222.0 0.030651
1206.9 115.8 1242.0 157.05 0.030468
0.0 231.83 108.1 312.09 0.030172
874.06 15.581 1242.0 371.47 0.030058
1189.9 357.01 1242.0 375.0 0.030045
496.7 183.57 516.96 243.03 0.029942
0.0 144.52 132.58 374.97 0.029821
12.132 185.42 34.096 264.53 0.029621
1204.2 40.293 1242.0 90.456 0.029582
0.0 62.455 13.911 161.94 0.029567
621.57 157.33 647.98 213.3 0.029331
457.99 196.88 535.91 238.39 0.029314
746.68 193.4 823.27 260.73 0.029103
750.35 186.62 763.05 234.16 0.029013
449.03 155.42 481.55 251.49 0.028983
1205.2 249.94 1242.0 308.37 0.028892
661.87 172.65 690.35 192.9 0.028647
386.47 217.05 463.24 262.61 0.028617
598.54 182.46 641.64 204.05 0.02847
704.72 172.61 727.52 188.1 0.028438
907.1 156.72 1005.7 193.94 0.028401
0.0 141.56 96.904 220.44 0.028314
625.97 171.61 665.88 190.97 0.02826
1204.6 351.36 1242.0 375.0 0.028236
375.18 54.007 512.68 364.49 0.028224
370.61 167.25 528.06 236.17 0.028218
0.0 255.52 69.009 360.49 0.028032
1127.4 206.08 1242.0 287.27 0.0278
1216.0 251.33 1233.1 312.34 0.027698
416.29 204.15 488.49 239.56 0.027498
1209.5 316.19 1242.0 354.02 0.027384
1127.7 109.34 1242.0 191.6 0.02736
938.72 0.0 1242.0 222.61 0.027219
774.15 162.45 784.62 191.15 0.027177
905.42 165.64 1004.2 202.1 0.027139
742.77 172.58 764.77 187.61 0.026929
1038.4 33.917 1242.0 217.11 0.026827
0.0 32.869 201.01 217.78 0.02679
1073.6 0.0 1242.0 118.08 0.026756
0.0 261.77 36.328 303.52 0.026689
0.0 197.54 63.242 237.02 0.02649
1081.3 110.91 1242.0 353.21 0.026287
621.97 167.0 635.14 205.14 0.026264
606.79 176.01 649.53 195.2 0.025927
1214.0 44.312 1242.0 146.85 0.025832
755.55 183.24 785.46 292.02 0.025769
0.0 214.35 9.6206 278.06 0.02525
1202.2 197.17 1242.0 249.55 0.025058
1207.6 333.82 1242.0 371.22 0.025036
1236.9 195.97 1242.0 244.87 0.024924
1209.5 324.18 1242.0 360.99 0.024884
1232.0 237.78 1242.0 293.11 0.024739
622.98 188.27 651.23 207.01 0.02471
466.4 177.54 482.33 238.31 0.024481
0.0 0.0 286.75 248.51 0.024401
759.06 178.64 804.23 224.24 0.024367
680.09 174.1 692.28 208.8 0.024352
441.52 154.58 472.21 253.71 0.024314
645.12 171.34 690.76 192.45 0.024277
1236.8 309.25 1242.0 361.25 0.024159
0.0 231.76 70.79 274.6 0.024141
0.0 260.22 33.604 316.57 0.023869
470.52 177.04 528.07 218.49 0.023859
452.67 183.28 499.29 203.64 0.02384
0.0 244.28 22.01 375.0 0.023837
1134.1 229.89 1242.0 346.66 0.023785
591.23 177.71 658.63 208.28 0.023482
0.0 194.83 177.93 375.0 0.023427
670.17 174.37 700.03 193.81 0.023425
928.07 171.7 1023.1 211.56 0.023317
462.03 175.55 477.24 238.29 0.023246
470.66 173.25 484.02 217.56 0.023187
1237.0 186.8 1242.0 236.82 0.023186
0.0 0.0 142.94 125.96 0.023076
1219.4 253.44 1237.2 317.51 0.023074
438.8 175.54 566.8 249.77 0.023023
447.36 135.4 508.08 278.81 0.023017
0.0 362.19 41.013 375.0 0.022985
0.0 184.66 157.49 268.79 0.022959
747.94 181.0 757.14 209.98 0.022892
648.37 151.79 673.33 208.18 0.022885
1183.7 102.05 1242.0 300.33 0.022646
0.0 29.722 109.51 375.0 0.022588
445.46 194.13 507.21 223.78 0.022559
693.32 171.25 716.0 189.34 0.022346
1195.3 243.91 1242.0 302.13 0.022244
457.82 172.28 504.92 277.65 0.022124
1124.9 190.49 1242.0 271.25 0.022082
1220.6 331.23 1242.0 375.0 0.021986
0.0 110.94 74.063 193.44 0.021964
0.0 245.42 40.918 286.74 0.021909
771.25 168.76 795.56 185.15 0.021848
640.81 162.13 716.31 197.02 0.021773
430.74 161.73 548.19 252.25 0.021705
630.36 174.92 657.69 194.67 0.021567
1231.7 276.0 1242.0 338.83 0.021532
606.38 179.53 633.97 203.6 0.021494
0.0 226.71 40.69 290.26 0.02147
447.32 185.75 505.29 208.37 0.021381
469.45 164.41 526.17 308.91 0.021151
347.95 125.7 589.56 305.06 0.02103
482.77 162.61 510.31 230.96 0.020953
1126.4 127.3 1242.0 206.42 0.020915
474.61 185.04 530.72 206.9 0.020838
710.44 175.12 730.81 189.69 0.020655
663.01 179.7 674.25 212.05 0.020628
488.64 172.15 504.8 217.82 0.020623
447.69 200.74 507.78 233.14 0.020581
463.27 174.81 512.32 194.47 0.020559
431.82 200.92 495.1 231.09 0.020544
0.0 143.63 38.406 182.36 0.020522
8.2735 135.68 38.788 230.68 0.020521
782.09 174.09 803.38 190.61 0.020475
652.8 171.7 681.11 194.12 0.020354
432.05 174.0 448.01 245.19 0.020257
470.52 200.83 527.98 231.93 0.020193
0.0 254.43 39.375 294.8 0.019879
635.46 173.52 667.13 194.81 0.019828
1231.8 254.08 1242.0 310.56 0.019788
1205.0 28.843 1242.0 69.574 0.019783
928.59 180.56 1020.7 219.39 0.01972
0.0 271.91 88.224 345.51 0.019656
433.35 131.83 494.81 281.38 0.019624
450.92 190.46 511.8 218.01 0.019616
460.8 198.68 522.85 227.87 0.019599
1205.8 263.06 1242.0 324.68 0.019429
0.0 157.53 122.91 281.29 0.019353
0.0 301.05 56.768 375.0 0.019203
410.81 197.36 538.74 288.82 0.019186
744.39 175.97 765.39 193.32 0.019072
608.76 169.31 621.73 209.57 0.018725
0.0 286.41 48.516 322.71 0.018651
675.81 186.9 705.13 202.99 0.018573
1097.7 335.28 1242.0 375.0 0.01832
331.22 191.26 494.39 263.04 0.018311
0.0 210.67 92.528 375.0 0.018266
1191.2 175.82 1238.7 226.99 0.018191
1116.2 234.6 1242.0 316.29 0.018108
393.94 180.76 420.3 265.19 0.017978
766.38 165.88 801.58 182.19 0.017942
463.1 194.49 521.97 222.48 0.017936
1126.6 157.48 1242.0 238.4 0.017927
1192.7 148.43 1242.0 205.64 0.017821
668.25 183.82 693.0 199.55 0.017765
387.15 132.76 447.42 281.98 0.017758
385.56 169.74 506.77 262.86 0.017728
0.0 248.77 35.115 307.87 0.017719
767.58 178.3 823.66 229.11 0.017525
0.0 95.786 35.764 133.9 0.017462
766.38 165.04 775.98 192.91 0.017434
0.0 240.03 92.92 346.0 0.017402
0.0 284.61 8.0364 339.27 0.017119
1126.5 142.23 1242.0 222.51 0.017083
606.02 184.92 666.36 216.07 0.017062
1216.8 18.672 1242.0 77.066 0.016994
613.18 178.0 640.83 197.73 0.016976
740.28 162.51 765.47 243.28 0.016946
1227.8 231.21 1242.0 290.46 0.016934
20.479 178.17 53.789 274.37 0.016894
779.17 171.84 801.95 188.99 0.016863
636.13 191.78 660.9 208.88 0.016822
473.42 136.55 530.31 287.26 0.016769
779.19 170.33 803.33 242.36 0.016718
461.34 122.29 523.46 271.57 0.016703
1089.6 179.3 1242.0 375.0 0.016686
0.0 237.36 37.833 299.94 0.016685
1204.0 207.86 1232.6 305.53 0.01663
1192.2 191.27 1238.7 241.73 0.016607
751.03 183.91 831.44 224.91 0.01653
1191.8 166.04 1240.9 220.34 0.016505
341.93 33.059 482.43 375.0 0.016467
1223.5 254.06 1241.9 321.21 0.016452
466.29 174.17 478.63 217.86 0.01642
625.45 161.58 703.83 197.37 0.016399
1204.8 132.31 1242.0 188.97 0.016393
406.7 49.644 541.88 371.22 0.016295
1213.4 327.29 1242.0 375.0 0.016246
0.0 358.49 15.588 375.0 0.016153
685.33 175.44 696.24 207.4 0.016149
1152.3 127.38 1242.0 239.85 0.01611
739.65 174.05 769.03 189.84 0.016109
386.61 209.35 449.52 260.28 0.016087
687.34 170.02 720.49 187.03 0.016025
755.78 180.83 774.22 248.24 0.01601
757.8 169.18 779.98 185.85 0.015993
759.14 185.84 813.23 215.33 0.015957
1209.5 65.844 1240.2 178.53 0.015941
426.93 173.83 445.19 245.42 0.015937
0.0 338.48 108.88 375.0 0.015913
1223.9 235.74 1240.1 296.61 0.015782
453.57 204.46 512.61 237.23 0.015756
1207.8 278.97 1242.0 340.06 0.015746
333.37 200.33 501.2 277.05 0.015526
1136.6 0.0 1242.0 41.541 0.015513
737.3 163.03 804.89 196.63 0.0154
701.01 173.28 711.28 199.99 0.015388
657.18 189.72 684.93 206.71 0.015388
0.33635 130.61 29.552 225.22 0.015364
626.19 194.19 660.07 213.53 0.015297
690.06 177.08 709.19 192.69 0.015137
0.0 55.305 17.095 107.27 0.015032
460.6 166.44 485.85 241.2 0.014941
935.84 160.04 1000.9 211.41 0.014939
1196.1 152.99 1242.0 190.24 0.014846
1202.4 132.24 1234.4 242.29 0.014833
1208.0 281.52 1237.8 375.0 0.014809
754.01 170.4 821.64 204.21 0.014789
0.0 89.591 38.208 126.69 0.014687
1193.9 230.02 1241.6 283.87 0.014674
1084.6 47.991 1242.0 285.52 0.014536
1204.2 175.96 1231.0 270.75 0.014425
402.04 170.49 431.0 260.24 0.014272
1199.4 0.0 1242.0 89.977 0.014244
0.0 93.58 50.342 206.06 0.014202
0.0 62.791 36.444 100.93 0.014051
500.64 165.3 528.61 251.35 0.014045
421.52 207.34 532.82 270.96 0.013861
396.62 184.62 470.15 244.14 0.013844
1202.6 83.43 1242.0 139.31 0.013842
0.0 89.291 14.761 139.31 0.013795
0.0 156.44 29.794 212.91 0.013795
0.0 137.09 20.9 190.34 0.013777
913.44 172.46 1007.4 210.25 0.013677
922.31 150.61 1017.9 188.64 0.013677
0.0 74.643 11.207 174.86 0.013654
1165.9 156.86 1235.4 346.98 0.013628
0.0 110.6 12.935 209.74 0.013525
1181.4 250.46 1242.0 285.88 0.013503
1184.3 186.76 1242.0 221.71 0.013483
416.33 159.95 447.19 253.83 0.013471
1191.0 247.03 1224.1 360.01 0.01344
1185.6 195.07 1242.0 228.93 0.013346
417.16 129.08 478.25 284.58 0.013346
0.0 17.831 142.39 253.15 0.013335
1182.5 58.185 1242.0 91.526 0.013304
0.0 94.267 69.85 176.42 0.013232
1183.4 170.06 1242.0 206.76 0.01321
1181.9 177.8 1242.0 212.72 0.012964
0.0 81.779 16.842 131.35 0.012897
0.0 32.49 27.008 230.5 0.012824
0.0 253.59 107.19 330.24 0.012811
0.0 70.712 37.056 109.73 0.012793
394.42 233.16 502.36 280.39 0.012752
359.76 230.69 511.19 299.25 0.012723
1183.8 257.75 1242.0 294.56 0.012687
1181.7 161.85 1242.0 198.22 0.012658
1204.3 191.36 1232.1 288.76 0.012645
892.05 166.61 988.36 200.34 0.01262
13.249 211.01 72.379 375.0 0.012454
377.78 204.49 457.21 249.97 0.012413
0.38892 175.1 52.303 240.75 0.012355
0.0 61.894 64.407 140.14 0.012351
0.0 104.57 37.562 140.98 0.012291
0.0 239.1 25.537 300.66 0.012273
0.0 0.0 584.31 168.31 0.012211
1194.9 220.59 1224.2 319.36 0.012154
1184.5 236.91 1233.5 292.97 0.012069
612.51 162.15 687.28 198.53 0.012001
428.69 186.03 469.78 287.95 0.011952
0.0 278.0 267.61 375.0 0.011937
1168.9 27.576 1228.0 197.59 0.011897
0.0 76.254 45.551 259.31 0.011873
0.0 170.18 27.941 229.9 0.011856
893.54 159.37 987.88 193.73 0.011854
1203.1 152.16 1232.2 251.49 0.011842
454.04 172.65 526.09 202.62 0.011761
1192.3 347.52 1224.1 375.0 0.011689
1183.4 202.46 1242.0 236.4 0.011597
425.44 205.13 555.8 276.29 0.011574
19.75 229.4 153.25 375.0 0.011451
0.0 188.84 72.996 230.49 0.011292
383.72 224.3 467.14 268.49 0.011138
0.0 81.036 40.416 118.75 0.011018
0.0 280.72 58.574 315.11 0.010995
1210.3 87.397 1241.1 203.74 0.010953
0.0 301.72 35.635 342.54 0.010937
52.761 229.47 185.57 375.0 0.010897
