133.55 190.49 296.0 263.08 0.99993
792.02 167.88 802.09 197.75 0.98282
170.67 180.07 300.54 269.45 0.98214
149.2 194.42 278.27 271.03 0.97598
794.17 167.2 803.87 196.98 0.9755
788.69 168.9 799.15 199.35 0.97427
134.23 181.86 259.36 265.42 0.9527
798.22 169.08 808.02 199.03 0.94502
119.58 199.22 266.11 259.14 0.91475
148.35 186.61 290.69 259.46 0.90731
139.16 194.51 267.94 251.11 0.85849
784.93 168.43 795.38 200.46 0.85681
126.92 211.98 240.28 261.58 0.79184
363.49 182.6 410.35 200.97 0.7773
790.6 166.71 804.86 194.27 0.73857
787.52 166.95 802.33 193.91 0.71608
801.72 170.23 811.37 199.9 0.70199
123.87 200.61 238.22 251.91 0.67846
797.37 167.56 810.34 195.1 0.52005
131.04 204.22 286.28 263.75 0.51459
374.29 180.28 408.51 199.7 0.50819
360.43 186.0 406.21 204.04 0.49741
294.68 186.84 349.41 205.27 0.41911
783.59 169.36 798.23 192.76 0.40094
791.53 170.09 806.99 196.65 0.38976
795.78 168.1 805.78 196.5 0.37157
128.71 206.97 295.37 273.09 0.36894
132.83 194.43 241.61 244.48 0.3439
297.65 184.39 347.82 202.12 0.29267
105.23 181.45 277.37 255.17 0.29159
203.29 171.27 263.85 270.96 0.28492
177.0 190.14 306.99 251.19 0.26603
135.67 201.6 254.11 270.09 0.26214
1226.6 161.85 1242.0 253.99 0.26147
351.09 186.35 400.28 203.52 0.26121
193.58 173.65 251.24 268.05 0.26097
352.65 182.97 400.64 199.98 0.26058
110.89 173.57 234.14 265.46 0.25645
368.9 184.4 404.05 202.78 0.2551
780.07 168.95 790.69 202.65 0.24958
123.93 202.39 214.38 258.16 0.24059
217.9 163.1 277.41 278.67 0.23997
789.2 168.51 801.38 207.38 0.23683
184.47 169.16 239.06 262.45 0.23175
1201.6 193.14 1242.0 364.73 0.2241
1225.4 193.39 1242.0 284.1 0.21247
792.28 169.63 804.3 208.35 0.20488
800.02 169.5 813.75 194.28 0.20465
130.64 219.43 252.46 266.5 0.20377
1216.8 168.57 1242.0 267.68 0.20173
1225.6 209.32 1242.0 299.67 0.1969
167.32 167.19 223.72 269.34 0.18793
0.0 169.07 14.775 257.74 0.18056
300.27 189.85 350.13 207.76 0.17541
1225.5 227.8 1242.0 315.07 0.17486
304.68 186.2 342.41 205.52 0.16704
1182.4 215.26 1242.0 330.23 0.1638
99.447 196.61 260.25 271.74 0.16253
1044.3 266.12 1242.0 375.0 0.15818
1132.2 191.97 1242.0 375.0 0.15723
0.0 182.3 14.611 276.75 0.15438
1224.8 241.47 1242.0 334.12 0.14383
1216.0 191.42 1242.0 288.85 0.14306
0.0 184.47 19.345 234.74 0.14295
358.8 185.04 395.09 203.05 0.13927
796.32 170.92 808.83 209.42 0.13443
1200.3 160.03 1242.0 333.51 0.13088
1161.0 231.63 1242.0 315.43 0.12878
1160.4 245.64 1242.0 331.87 0.1276
0.0 172.47 21.089 257.22 0.12555
1208.3 168.24 1241.4 272.97 0.12512
1087.1 246.46 1242.0 375.0 0.12266
783.69 170.28 811.31 189.92 0.12212
1158.2 215.96 1242.0 298.83 0.12137
785.41 169.03 797.45 208.14 0.1208
1183.0 190.82 1242.0 374.1 0.1191
127.03 211.58 208.71 253.36 0.11402
291.28 188.7 347.73 209.64 0.11281
0.0 191.03 32.126 229.42 0.1128
1180.2 249.67 1242.0 364.71 0.1116
1219.3 171.01 1242.0 230.71 0.10903
151.34 156.09 207.53 271.86 0.10876
804.47 169.67 814.53 200.69 0.10634
164.16 185.96 281.51 239.97 0.10629
1177.1 186.56 1242.0 297.2 0.10569
0.0 0.0 365.52 191.48 0.10462
1215.1 216.45 1242.0 313.13 0.10315
1156.2 200.65 1242.0 282.52 0.10131
0.0 199.15 31.452 237.36 0.10009
1161.0 262.42 1242.0 347.8 0.099312
0.0 200.56 19.441 252.56 0.098169
1225.9 147.42 1242.0 237.04 0.096457
1196.1 289.79 1242.0 375.0 0.096434
1048.2 0.0 1242.0 375.0 0.093858
1217.7 187.65 1242.0 245.6 0.091124
356.28 181.5 390.4 199.14 0.090842
0.0 184.01 34.383 222.35 0.09077
1209.0 187.5 1241.6 297.33 0.088257
1225.2 275.1 1242.0 365.57 0.088029
1.2237 176.93 28.492 255.79 0.086802
0.0 0.0 159.74 372.8 0.086611
308.35 189.83 343.91 208.33 0.085573
1142.9 329.79 1242.0 375.0 0.08525
1158.2 185.02 1242.0 267.3 0.084401
0.0 188.14 21.63 275.41 0.084097
1217.6 201.53 1242.0 260.57 0.083356
1225.7 259.17 1242.0 349.13 0.081959
0.0 137.59 28.295 315.78 0.081065
798.58 172.14 814.63 197.02 0.08072
1215.9 230.81 1242.0 331.59 0.080419
0.0 206.44 31.869 246.1 0.080125
879.44 136.91 1242.0 375.0 0.080014
0.0 173.18 48.604 279.94 0.078041
161.69 141.96 227.06 263.28 0.07792
0.0 186.82 63.707 267.18 0.077754
1207.3 180.66 1242.0 221.43 0.07739
786.11 173.56 813.14 192.67 0.077148
1206.6 187.97 1242.0 229.72 0.075212
0.0 0.0 182.18 86.696 0.074538
0.0 171.84 65.573 250.69 0.074374
128.76 189.77 303.96 271.31 0.074159
0.0 204.65 13.473 302.28 0.07338
0.0 214.51 34.09 253.93 0.073211
0.0 192.36 23.907 238.99 0.073123
1201.9 127.28 1242.0 305.64 0.071967
345.83 182.92 388.48 199.97 0.071284
0.0 155.2 51.409 263.83 0.071065
1218.8 216.48 1242.0 275.99 0.070811
0.0 99.876 15.299 201.64 0.069915
343.66 187.05 391.46 204.94 0.069831
0.0 203.03 63.376 282.46 0.068748
0.0 192.15 58.275 225.57 0.066148
108.69 158.54 369.6 286.64 0.066078
1053.2 221.01 1242.0 375.0 0.065837
795.09 166.86 808.97 191.28 0.065417
1176.9 317.99 1242.0 375.0 0.064465
1207.7 196.86 1242.0 237.32 0.064275
179.76 179.45 323.72 253.95 0.064136
0.0 0.0 76.765 180.84 0.063716
0.0 0.0 274.05 253.12 0.061531
0.0 172.16 25.067 348.49 0.061388
0.0 103.82 29.811 288.53 0.060237
1207.6 220.43 1242.0 261.22 0.059739
381.56 178.1 410.95 197.26 0.059564
0.0 158.14 71.511 236.96 0.059399
1156.8 168.14 1242.0 250.71 0.059293
0.0 263.21 185.28 375.0 0.059258
1226.6 128.58 1242.0 220.53 0.058984
1205.6 212.82 1242.0 252.78 0.058934
331.85 187.32 379.51 203.74 0.058866
0.0 332.97 80.89 375.0 0.058246
1208.6 216.14 1238.4 318.67 0.058049
0.0 193.21 66.659 375.0 0.058007
1206.5 173.53 1242.0 214.49 0.057742
1224.9 296.92 1242.0 375.0 0.057595
1218.8 232.42 1242.0 292.37 0.056892
378.06 183.65 408.57 202.59 0.056304
780.22 170.12 796.07 190.4 0.055974
1.3106 188.71 28.114 271.69 0.055848
0.0 177.92 24.327 226.08 0.055123
230.17 156.21 289.09 291.75 0.054986
205.76 192.83 307.88 243.6 0.054683
0.0 216.12 20.763 267.48 0.054642
0.0 168.96 20.362 220.66 0.054599
0.0 175.08 39.416 215.36 0.054484
1179.5 156.53 1242.0 267.61 0.054154
1205.9 204.97 1242.0 245.6 0.054135
352.21 184.93 386.22 203.56 0.053918
950.59 84.837 1242.0 375.0 0.05333
1207.1 228.14 1242.0 268.22 0.052957
786.95 166.26 797.82 196.57 0.052823
0.0 191.86 7.8545 242.6 0.052736
0.0 222.34 33.602 261.95 0.052641
791.72 174.33 818.37 192.44 0.052579
334.18 183.99 375.99 199.13 0.051256
0.0 143.11 14.393 241.26 0.051021
0.0 221.24 61.888 298.71 0.049783
1220.5 241.49 1242.0 300.42 0.049492
1136.1 81.495 1242.0 375.0 0.049196
1151.7 213.7 1242.0 334.44 0.04896
0.0 200.16 55.93 233.31 0.04847
0.0 207.03 49.803 312.9 0.048409
0.0 138.86 333.38 375.0 0.047978
0.0 278.45 32.961 375.0 0.047388
1157.1 150.98 1242.0 235.97 0.047376
143.82 184.49 256.01 237.15 0.047291
294.77 193.58 347.33 212.75 0.046328
1206.9 236.07 1242.0 276.02 0.046127
138.36 212.68 218.09 264.45 0.045541
181.96 186.15 296.46 235.43 0.045079
0.0 0.0 141.02 120.92 0.045005
0.0 183.38 7.5141 234.07 0.044855
781.9 167.3 808.95 187.58 0.044724
0.0 143.73 74.204 222.34 0.043726
1224.4 344.29 1242.0 375.0 0.043135
1217.7 157.16 1242.0 214.09 0.043083
1044.7 167.72 1242.0 352.3 0.043012
0.0 203.19 20.806 290.64 0.042452
1039.2 98.308 1242.0 282.55 0.041825
0.0 185.27 59.789 218.63 0.041379
0.0 0.0 36.277 100.11 0.041295
1201.2 247.18 1242.0 375.0 0.041109
130.61 190.69 210.91 247.93 0.040737
0.0 127.06 41.274 166.35 0.040496
1206.1 244.7 1242.0 285.25 0.040166
1042.2 130.58 1242.0 315.93 0.039948
1200.9 78.236 1242.0 264.48 0.039481
134.05 141.95 192.01 284.79 0.039422
201.34 174.26 321.03 267.37 0.039369
0.0 251.93 129.3 375.0 0.039277
311.91 187.91 344.87 204.53 0.038979
860.47 269.03 1227.3 375.0 0.0384
733.47 266.67 1079.4 375.0 0.038375
0.0 171.88 7.7971 223.41 0.038169
1206.4 165.38 1242.0 205.39 0.038089
0.0 230.24 34.27 269.25 0.037812
1181.4 153.55 1242.0 337.12 0.037754
1156.6 134.75 1242.0 220.27 0.037622
781.29 176.89 809.21 194.56 0.037482
0.0 68.166 30.677 261.16 0.037447
786.04 177.86 814.58 195.8 0.037058
1155.9 290.99 1242.0 375.0 0.036876
0.0 128.23 54.305 237.38 0.036832
126.94 128.85 355.94 300.35 0.036688
800.01 170.07 812.51 209.06 0.036528
350.83 180.77 380.85 198.14 0.036494
0.0 322.43 52.56 375.0 0.036338
1209.4 253.06 1242.0 292.28 0.036176
1213.7 245.53 1242.0 349.12 0.03598
145.76 132.5 210.74 276.04 0.03596
0.0 221.68 7.5488 272.3 0.035792
1007.8 190.52 1162.0 375.0 0.035608
976.22 195.01 1130.0 375.0 0.03541
0.0 119.89 39.911 158.17 0.035254
0.0 185.85 46.432 227.71 0.035252
779.89 173.27 806.61 191.19 0.035249
0.0 219.48 12.476 320.89 0.035221
946.22 198.34 1095.6 375.0 0.034986
1154.7 119.1 1242.0 202.67 0.03482
341.19 183.55 369.36 198.85 0.034561
1168.2 186.35 1231.6 375.0 0.034556
1.4158 157.74 28.231 243.65 0.034207
275.71 186.79 358.3 215.19 0.034198
0.0 127.13 73.671 207.33 0.034194
1130.3 238.16 1242.0 319.27 0.034119
1218.5 299.08 1242.0 354.99 0.034067
793.01 270.11 1158.7 375.0 0.033945
1238.2 192.15 1242.0 239.97 0.033748
0.0 120.17 20.51 172.59 0.033337
1205.7 362.32 1242.0 375.0 0.033335
0.0 208.78 26.65 257.24 0.033176
1209.2 261.38 1242.0 299.55 0.032836
1127.7 252.47 1242.0 338.36 0.032696
338.97 185.62 370.52 203.49 0.032693
1038.8 188.15 1190.1 375.0 0.032481
779.58 162.27 790.48 196.04 0.03241
1204.0 191.26 1242.0 246.57 0.032393
299.14 187.72 339.75 210.72 0.032388
1219.7 283.57 1242.0 341.41 0.03222
0.0 167.89 39.3 206.28 0.031923
785.62 175.06 805.06 199.83 0.031889
357.87 189.28 403.1 207.29 0.031822
345.29 181.71 374.3 198.63 0.031569
1216.6 145.44 1242.0 242.59 0.031436
168.1 179.43 185.43 243.48 0.030883
0.0 239.11 62.651 316.07 0.030749
1217.2 148.59 1242.0 203.14 0.030339
1209.1 309.43 1242.0 347.96 0.03029
373.25 179.79 419.7 198.13 0.030215
1194.7 183.74 1241.7 239.6 0.029941
172.15 180.16 190.06 246.25 0.029896
846.11 202.55 996.42 375.0 0.029864
1176.5 125.15 1242.0 237.0 0.029838
166.24 158.38 201.9 257.25 0.029676
0.0 113.74 243.9 375.0 0.02937
817.8 213.84 965.34 375.0 0.029358
912.45 197.74 1058.1 375.0 0.028993
1202.2 204.94 1242.0 261.01 0.028892
0.0 207.71 46.441 244.01 0.028827
880.96 202.15 1028.0 375.0 0.028662
1202.3 170.57 1233.7 266.64 0.028479
858.9 0.0 1242.0 185.04 0.028337
343.91 184.81 375.74 204.0 0.028167
1207.6 156.87 1242.0 196.57 0.028112
0.0 193.96 45.92 235.43 0.028102
1130.5 222.5 1242.0 301.75 0.028033
1227.1 110.15 1242.0 193.45 0.02781
0.0 0.0 13.907 50.414 0.027727
1219.5 257.15 1242.0 314.23 0.027708
1202.2 189.38 1233.7 293.7 0.027669
0.0 134.5 41.584 174.36 0.027312
1208.4 293.62 1242.0 331.6 0.026975
69.694 121.27 364.38 271.77 0.026881
1206.2 301.32 1242.0 340.11 0.026849
1207.2 317.0 1242.0 356.05 0.026831
1208.0 149.76 1242.0 188.66 0.02653
0.0 342.04 14.629 375.0 0.026255
1237.2 220.29 1242.0 268.66 0.025595
0.0 128.16 188.5 310.75 0.025557
792.13 178.39 819.45 195.8 0.025531
0.0 95.721 193.52 278.83 0.025484
1197.7 184.66 1242.0 223.9 0.025388
1209.3 232.06 1238.9 348.63 0.025119
0.0 111.23 74.002 191.02 0.025027
150.04 65.053 285.14 359.65 0.024952
0.0 362.45 41.427 375.0 0.024849
0.0 0.0 88.276 39.697 0.024789
164.55 182.42 181.07 243.52 0.024732
1147.1 248.28 1242.0 371.65 0.02471
0.0 216.28 47.087 252.73 0.024708
1218.6 358.03 1242.0 375.0 0.02453
0.0 122.42 14.923 224.86 0.024428
1237.6 212.84 1242.0 261.12 0.024075
117.0 165.7 300.54 237.88 0.023963
1141.5 0.0 1242.0 205.17 0.023831
0.0 0.0 112.82 204.91 0.023753
151.63 205.14 221.29 240.19 0.023687
1216.9 314.6 1242.0 368.53 0.023668
1156.2 103.07 1242.0 187.16 0.023621
866.16 17.878 1242.0 372.58 0.02334
1207.2 141.91 1242.0 181.37 0.023339
1217.4 134.93 1242.0 189.04 0.023222
8.7036 174.69 34.36 251.01 0.022917
0.0 239.13 11.106 338.04 0.022816
0.0 26.962 70.641 375.0 0.0228
1130.0 267.22 1242.0 355.55 0.022679
1214.0 263.68 1242.0 370.73 0.022674
1203.3 221.39 1242.0 275.68 0.022626
784.73 208.82 928.55 375.0 0.022502
1209.1 323.36 1242.0 362.81 0.022281
160.56 157.74 193.63 255.51 0.022233
1.1304 203.41 27.282 286.1 0.022214
1091.8 106.45 1242.0 348.71 0.022178
0.0 200.97 20.969 375.0 0.022045
13.136 192.14 28.671 241.35 0.022008
0.0 238.37 34.719 276.92 0.021572
1209.0 268.92 1242.0 306.61 0.021487
384.72 173.4 396.91 206.06 0.021444
1129.0 207.82 1242.0 286.24 0.021055
9.2713 192.6 25.137 240.47 0.020951
1146.7 186.43 1242.0 298.88 0.020884
0.0 34.388 28.722 232.18 0.020804
1046.9 0.0 1242.0 94.127 0.020346
0.0 94.723 70.582 174.55 0.020101
0.0 176.39 60.607 211.79 0.020054
121.93 199.17 192.53 251.03 0.019975
173.4 163.24 212.92 263.29 0.019808
0.0 255.3 55.999 332.24 0.019776
0.0 160.55 38.456 199.55 0.019735
1197.2 200.74 1242.0 238.98 0.019721
1210.7 285.1 1242.0 323.61 0.019545
0.0 231.52 19.495 283.0 0.019529
0.0 96.551 52.111 207.55 0.019464
112.99 211.18 268.13 281.49 0.01937
0.0 163.14 182.93 339.91 0.019299
119.32 42.194 254.19 359.49 0.018982
388.29 174.0 400.63 207.44 0.018898
0.0 63.424 190.21 246.02 0.018712
151.79 165.21 187.1 257.44 0.018646
277.73 181.03 357.52 208.81 0.018361
0.0 112.43 40.067 150.21 0.018352
0.0 0.0 64.682 52.612 0.017987
1238.0 184.72 1242.0 231.37 0.01786
1129.9 192.11 1242.0 272.46 0.017826
0.0 205.0 23.301 227.23 0.0178
782.37 176.59 801.36 199.88 0.017796
343.61 179.68 416.66 206.73 0.017774
381.95 175.08 393.35 206.74 0.01771
0.0 209.21 22.881 231.19 0.017581
797.88 175.17 822.19 192.08 0.017536
0.0 143.13 39.683 183.51 0.017466
156.42 164.36 198.04 263.24 0.017449
14.575 0.0 163.02 203.54 0.017336
1208.5 135.23 1242.0 174.34 0.017336
171.26 178.39 187.47 235.24 0.017218
0.0 207.79 87.308 280.81 0.017081
0.0 163.49 41.828 328.95 0.017024
808.24 2.7204 1091.4 375.0 0.016987
1197.2 224.42 1242.0 263.35 0.016911
1194.3 216.42 1242.0 255.44 0.016866
175.77 180.98 192.4 245.75 0.016849
5.0768 192.14 21.118 241.91 0.016768
1209.6 276.71 1242.0 315.58 0.01671
0.0 78.178 13.817 176.5 0.016698
375.78 186.76 415.15 203.55 0.016682
406.94 0.0 775.13 82.624 0.016647
1184.3 192.79 1242.0 230.07 0.016523
0.0 101.23 22.262 201.85 0.016478
1237.8 175.32 1242.0 223.82 0.016386
0.0 0.0 39.887 17.611 0.016382
0.0 188.79 23.074 211.39 0.016005
0.0 0.0 197.11 128.76 0.015845
1175.9 91.023 1242.0 204.69 0.015837
0.0 185.06 22.189 207.53 0.015748
0.0 239.16 45.358 344.1 0.015723
0.0 359.1 17.435 375.0 0.015671
0.0 224.9 47.809 260.41 0.015636
1105.6 152.38 1242.0 375.0 0.015406
129.12 103.23 248.04 375.0 0.015401
0.0 151.81 41.777 191.56 0.015393
0.0 197.08 22.762 219.8 0.015223
345.75 190.38 394.29 207.75 0.015177
0.0 3.813 370.5 364.4 0.015162
1209.6 126.98 1242.0 165.22 0.015113
0.0 271.33 53.159 347.87 0.015067
793.54 175.24 812.76 200.96 0.01504
648.64 147.14 1242.0 375.0 0.015021
0.0 205.73 11.223 235.15 0.014948
303.99 191.55 341.08 213.53 0.014927
1084.5 51.49 1242.0 292.34 0.01483
0.0 192.92 23.391 215.86 0.014747
0.0 79.2 48.438 189.96 0.014708
382.14 179.97 414.07 200.61 0.01469
1195.4 208.64 1242.0 247.24 0.014611
160.82 184.52 177.0 243.57 0.014588
0.0 149.3 20.984 242.45 0.014569
182.21 160.97 220.48 267.29 0.014355
945.13 0.0 1242.0 226.53 0.014335
0.0 0.0 271.68 91.994 0.014282
1237.8 199.31 1242.0 247.69 0.014259
0.0 106.04 19.222 157.57 0.014219
0.0 195.17 74.091 296.6 0.014151
158.48 201.41 227.04 233.73 0.014141
1090.5 332.39 1242.0 375.0 0.014141
366.62 177.14 415.25 195.13 0.014114
0.0 207.1 66.758 242.58 0.014107
156.85 187.18 172.64 242.2 0.014081
1136.8 0.0 1242.0 332.7 0.014006
1037.2 38.418 1242.0 220.45 0.013866
318.43 179.62 329.96 219.71 0.013844
0.0 236.62 21.777 258.49 0.013811
1197.3 232.89 1242.0 270.84 0.013807
0.0 153.48 18.602 204.15 0.013801
499.11 0.0 642.4 202.14 0.013741
70.288 187.26 242.69 260.84 0.013582
0.0 128.95 43.526 301.63 0.013571
9.1731 186.06 34.803 266.93 0.013486
193.76 155.48 245.07 312.38 0.013438
1217.1 126.47 1242.0 223.22 0.013361
1216.3 120.17 1242.0 172.15 0.013304
1211.5 120.23 1242.0 157.55 0.013303
1213.3 293.95 1242.0 375.0 0.013241
0.0 0.0 493.47 166.97 0.013214
0.0 216.92 18.701 313.34 0.013134
1202.4 218.05 1231.0 316.64 0.013086
0.0 198.27 11.844 228.57 0.013016
0.0 200.95 6.4871 252.44 0.013014
255.15 169.82 290.37 261.57 0.012987
0.0 230.71 7.6057 284.38 0.012936
1151.0 87.843 1242.0 171.24 0.012922
0.0 288.08 55.443 362.04 0.012916
200.68 159.19 235.24 270.07 0.01289
334.63 186.86 364.65 203.2 0.012888
1200.3 39.522 1242.0 234.97 0.012865
0.0 261.05 9.8879 358.74 0.012836
0.0 246.81 33.732 284.88 0.012831
528.13 0.0 674.54 202.17 0.012801
756.64 217.24 895.52 375.0 0.012786
1210.3 332.2 1242.0 370.61 0.012748
0.0 210.85 6.7744 261.48 0.012687
0.0 185.44 12.203 215.81 0.012657
1192.5 213.0 1240.9 268.3 0.012521
310.0 187.6 355.92 204.77 0.012504
0.0 118.9 139.08 345.82 0.012449
187.22 51.653 317.98 372.25 0.012375
0.0 30.889 184.84 211.1 0.012326
1186.1 116.67 1242.0 310.98 0.01226
169.46 182.12 271.83 252.32 0.012243
297.41 181.17 349.16 198.37 0.012229
310.4 190.06 358.36 208.47 0.012125
0.0 136.1 19.258 189.45 0.011961
0.0 0.0 254.43 375.0 0.011912
0.0 190.05 11.589 243.48 0.011709
322.74 179.57 332.78 214.47 0.011485
468.09 0.0 614.33 209.19 0.011469
782.82 169.77 794.23 211.04 0.011418
246.5 162.28 282.73 263.79 0.011361
0.0 0.0 30.391 21.945 0.011338
137.0 208.02 195.15 236.2 0.011336
1.2552 191.48 16.723 242.08 0.01132
0.0 255.31 31.921 292.46 0.011219
0.0 233.29 12.117 262.45 0.011154
1190.2 199.15 1241.0 254.83 0.011138
563.98 0.0 710.61 208.25 0.011053
418.72 180.4 455.44 196.29 0.011051
1080.7 0.0 1242.0 117.07 0.011044
291.36 186.05 370.78 214.21 0.011022
1196.6 240.88 1242.0 277.98 0.011018
0.0 240.55 21.511 262.74 0.010991
0.0 221.51 88.359 375.0 0.010925
51.797 0.0 197.76 211.92 0.010849
1183.7 185.23 1235.2 238.58 0.010809
193.13 155.96 227.63 271.42 0.0108
346.94 181.15 386.36 196.44 0.010714
0.0 303.46 57.314 375.0 0.010667
288.14 185.11 345.54 220.71 0.010518
0.0 337.44 109.28 375.0 0.010482
0.0 223.99 84.302 295.26 0.010429
464.26 0.0 848.46 89.273 0.010402
378.41 176.33 389.54 207.79 0.010386
0.0 76.666 73.225 158.66 0.010352
261.03 0.0 1061.9 180.45 0.010248
1208.7 144.13 1240.5 248.29 0.010234
432.48 0.0 585.26 211.4 0.010226
783.49 163.75 794.4 195.82 0.010216
141.66 182.59 218.6 243.6 0.010156
0.0 214.88 66.734 251.96 0.010123
152.3 188.1 167.51 239.32 0.010083
158.11 215.65 310.12 284.01 0.010079
179.17 154.31 229.41 308.02 0.010073
335.98 0.0 708.9 84.844 0.010049
796.8 172.33 821.03 188.74 0.010007
1213.1 112.53 1242.0 149.82 0.0099468
0.0 263.05 32.528 301.59 0.0099231
0.0 103.95 38.525 142.27 0.0098591
1168.2 155.79 1228.8 333.88 0.0098553
151.47 202.63 211.84 232.34 0.0098239
0.0 193.16 174.0 370.45 0.0097674
314.07 177.98 327.39 223.36 0.0097501
393.15 177.82 427.79 193.93 0.0097468
0.0 174.08 12.164 229.24 0.0097448
0.0 223.07 28.004 270.72 0.0097178
0.0 228.74 20.998 251.18 0.0096915
32.116 152.54 348.98 303.31 0.0096664
305.59 194.04 352.08 212.18 0.0096329
0.0 248.52 18.692 301.27 0.0096035
179.73 181.71 196.06 243.51 0.0095709
207.46 161.99 241.93 267.55 0.0095463
1237.3 229.08 1242.0 280.6 0.0095372
0.0 283.31 10.262 375.0 0.0094836
0.0 231.76 49.898 266.84 0.0094459
1121.0 228.71 1242.0 357.84 0.0094408
0.0 256.32 26.696 375.0 0.0094108
144.9 206.2 208.2 237.01 0.0094042
1238.3 164.34 1242.0 212.4 0.0093582
0.0 179.14 11.72 208.93 0.0092625
146.42 220.91 207.52 254.9 0.0092552
1227.6 89.569 1242.0 168.21 0.0091567
119.33 199.58 202.18 239.99 0.0091127
84.487 20.438 224.89 375.0 0.0090554
0.0 270.68 30.486 309.76 0.0089631
209.01 159.8 258.9 316.42 0.0089449
421.49 0.0 718.09 375.0 0.008919
797.43 178.92 822.97 195.57 0.0088788
489.99 0.0 777.55 375.0 0.0088649
747.23 29.427 1022.9 375.0 0.0088268
0.0 223.36 65.66 258.83 0.0088044
1128.8 174.99 1242.0 255.6 0.0086673
142.88 173.32 177.56 256.84 0.0086483
154.35 173.38 287.04 263.07 0.0085991
149.03 191.36 163.27 235.97 0.0085908
361.38 0.0 658.07 375.0 0.0085739
337.42 190.18 386.08 208.78 0.0085246
201.01 188.14 348.88 260.15 0.0084229
1218.1 107.68 1242.0 156.74 0.0083629
0.0 52.947 139.05 281.8 0.0083477
1194.2 229.12 1241.0 283.04 0.0083283
653.07 275.2 1006.9 375.0 0.008326
0.0 0.0 64.907 286.72 0.0083018
1173.0 215.47 1242.0 252.46 0.008289
186.09 143.51 217.13 261.98 0.0082498
144.98 193.44 159.51 236.24 0.0082193
116.92 213.26 193.32 252.6 0.0081955
790.37 169.21 816.97 185.82 0.0081492
139.69 205.47 194.1 230.87 0.0081142
326.0 180.21 336.79 219.22 0.007993
214.58 190.23 308.11 233.55 0.0079029
1206.3 251.26 1242.0 305.93 0.0078668
0.23217 216.33 25.744 307.7 0.0078175
1190.4 366.64 1242.0 375.0 0.0077379
16.495 190.77 31.986 242.82 0.0076913
356.93 187.01 393.2 206.29 0.007595
176.44 123.76 238.95 288.73 0.0075644
209.93 198.36 308.52 255.24 0.0075605
597.39 0.0 744.57 211.74 0.0075285
0.0 278.55 31.825 317.4 0.0075206
353.57 178.1 363.94 214.7 0.0074953
797.79 165.53 812.45 189.25 0.0074854
161.9 201.95 301.48 258.07 0.0074394
340.86 181.91 379.78 196.94 0.0074322
0.0 58.818 76.655 142.76 0.0073822
110.18 206.74 195.44 247.21 0.0073521
114.43 134.19 173.18 305.28 0.0073413
0.0 170.44 54.089 205.25 0.0073236
391.69 173.49 403.3 207.17 0.0073172
438.19 0.0 732.5 102.72 0.0072695
323.72 188.43 369.0 205.46 0.0072396
357.74 178.26 368.33 214.95 0.0072308
9.0521 204.78 34.493 285.14 0.0071993
726.14 234.1 858.33 375.0 0.0071938
1174.0 200.95 1242.0 237.14 0.0071794
141.12 194.48 155.63 237.7 0.0071598
1183.2 204.8 1236.0 257.66 0.0071178
327.94 190.61 374.27 208.27 0.0071079
0.0 129.4 55.756 165.03 0.0070929
0.0 177.46 22.658 199.18 0.0069747
401.78 0.0 555.34 215.07 0.0069169
0.0 122.44 55.809 157.51 0.0069015
194.92 198.8 264.95 228.08 0.0068886
0.66603 204.44 47.822 227.26 0.0068795
5.182 175.73 20.744 228.55 0.0068443
0.0 97.666 18.233 149.32 0.0068355
1170.8 209.19 1242.0 245.35 0.0068155
1128.5 202.06 1242.0 316.41 0.0068119
1202.7 160.66 1242.0 215.49 0.006807
8.4893 198.59 24.233 248.22 0.0067619
0.0 158.23 7.4124 211.93 0.0067573
0.0 286.95 30.838 325.12 0.0067034
0.0 95.496 37.416 133.74 0.0067003
0.0 244.41 20.963 267.05 0.006663
349.45 179.7 360.0 215.18 0.0066564
1224.4 328.64 1242.0 375.0 0.0066483
83.192 0.0 228.35 209.0 0.0065828
362.58 178.38 373.17 213.71 0.0065565
1212.9 103.37 1242.0 140.52 0.006513
329.94 184.33 407.69 211.87 0.0065042
387.21 180.09 426.39 197.05 0.0064885
1171.7 224.72 1242.0 261.98 0.0064864
0.0 265.16 19.296 317.35 0.0064827
74.719 199.87 241.06 276.65 0.006481
0.0 0.0 32.642 134.18 0.006406
0.0 0.0 31.507 195.62 0.0064052
312.85 185.58 389.14 214.51 0.0064023
1208.7 258.84 1238.9 375.0 0.0063932
134.99 210.84 184.7 234.9 0.0063741
0.0 0.0 52.782 101.97 0.0063393
317.18 188.8 349.37 208.19 0.0063286
122.79 157.85 258.76 261.87 0.0063147
420.25 177.82 453.16 192.71 0.0063018
158.4 112.97 224.52 287.73 0.0063004
77.947 158.26 279.08 239.7 0.0062963
396.92 178.33 422.22 195.6 0.0062909
804.04 169.74 815.73 209.31 0.006285
240.53 162.94 275.21 264.23 0.0062838
337.04 185.46 365.87 199.57 0.0062805
8.8668 179.14 25.264 231.59 0.0062754
205.02 175.28 357.17 248.04 0.0062478
0.0 216.88 21.023 238.6 0.0062046
388.69 179.24 417.98 198.33 0.0062035
1195.7 169.82 1242.0 208.41 0.0062028
12.849 178.55 29.455 232.95 0.006199
158.73 167.09 328.93 236.16 0.0061815
85.552 172.23 213.18 273.29 0.0061758
1.1943 175.86 16.607 227.63 0.0061672
778.05 173.31 796.43 194.17 0.0061626
148.22 178.31 241.95 246.4 0.0061517
217.16 151.72 249.68 267.93 0.0061335
171.14 200.53 241.58 234.46 0.0060829
1121.3 318.95 1242.0 375.0 0.0060648
1147.7 159.05 1242.0 270.21 0.0060206
0.0 226.22 12.302 255.23 0.0059598
110.97 0.0 262.39 208.98 0.0059523
1200.1 256.6 1242.0 294.41 0.0059464
0.0 295.12 30.614 332.84 0.0059205
366.39 178.37 377.03 211.66 0.0059109
538.82 0.0 851.68 375.0 0.0059086
12.233 198.09 27.709 248.19 0.0058536
286.81 0.0 591.06 375.0 0.0058433
0.0 220.56 11.308 273.57 0.0058129
134.5 207.09 181.98 229.67 0.005805
383.21 177.67 423.89 194.23 0.0058049
218.32 196.11 274.7 222.17 0.005799
183.91 186.78 275.0 224.34 0.0057904
7.1282 200.58 35.051 230.98 0.0057462
184.04 177.49 200.63 242.65 0.005709
205.56 0.0 359.36 221.12 0.0056927
337.21 181.67 373.61 195.59 0.0056834
0.0 44.59 76.691 126.19 0.005657
176.44 175.66 190.68 235.63 0.0056495
595.05 286.72 917.17 375.0 0.0056081
1127.3 157.99 1242.0 240.36 0.0055811
226.51 152.65 257.05 264.23 0.0055807
1077.0 139.38 1219.6 375.0 0.0055772
0.0 200.18 44.569 224.62 0.005549
0.0 163.85 27.587 211.35 0.00554
0.0 62.371 12.54 160.25 0.0055109
1154.5 181.25 1216.8 375.0 0.0054967
22.137 0.0 412.06 91.661 0.0054677
1107.7 0.0 1242.0 375.0 0.0054513
240.59 175.09 257.71 233.52 0.0053894
1217.0 97.102 1242.0 146.0 0.0053805
1213.4 340.39 1242.0 375.0 0.0053785
0.0 276.2 242.89 375.0 0.0053536
1176.8 185.57 1242.0 221.6 0.005326
625.83 0.0 774.76 216.27 0.0052621
0.0 113.5 26.703 161.47 0.0052596
0.0 221.5 20.543 243.03 0.0052182
688.35 0.0 844.19 224.98 0.0051955
192.26 126.61 251.73 285.93 0.0051742
899.71 231.48 1242.0 375.0 0.0051688
178.08 0.0 328.4 208.21 0.0051685
753.76 233.34 1117.1 375.0 0.0051548
125.9 222.95 211.35 266.17 0.0051461
239.03 0.0 390.8 222.52 0.0051367
145.5 0.0 298.02 207.56 0.0051218
1203.7 303.06 1242.0 353.68 0.0051201
374.83 180.73 385.48 211.36 0.0051063
249.09 150.03 303.34 311.13 0.0050949
1237.7 247.94 1242.0 303.28 0.0050909
0.0 196.14 49.537 220.64 0.0050622
778.56 164.72 796.71 188.97 0.0050619
0.0 240.63 10.906 270.79 0.0050546
656.04 0.0 813.46 230.75 0.0050356
1211.8 351.34 1242.0 375.0 0.0050344
1152.8 282.14 1219.1 375.0 0.0049861
1195.4 171.24 1242.0 225.28 0.0049564
127.2 207.69 170.77 227.43 0.0049436
161.85 158.11 211.78 322.42 0.0049424
387.47 184.19 415.22 202.18 0.0049367
0.0 193.55 109.37 263.22 0.004921
1129.0 0.0 1242.0 43.609 0.0048948
1185.5 177.57 1235.6 228.84 0.0048809
978.72 126.88 1122.8 375.0 0.0048563
137.52 181.4 165.56 256.65 0.0048426
227.21 175.16 241.26 242.57 0.0048336
1229.3 205.82 1242.0 226.27 0.0048283
783.49 182.0 814.42 199.2 0.0048247
106.81 0.0 510.32 92.958 0.00482
60.777 0.0 872.84 186.42 0.004813
611.07 0.0 915.52 375.0 0.0048084
11.957 0.0 93.892 136.18 0.0048007
506.6 0.0 797.65 113.93 0.0047486
142.14 208.43 212.47 243.25 0.004734
23.532 109.04 299.55 314.04 0.0047333
284.56 185.31 344.28 207.44 0.0046736
186.67 199.8 258.13 233.74 0.0046671
1235.2 199.9 1242.0 229.47 0.0046556
137.7 194.94 151.34 236.57 0.0046549
697.73 246.51 825.08 375.0 0.0046407
1210.0 127.32 1239.0 230.01 0.0046393
370.17 179.4 381.01 211.44 0.0046265
1212.1 94.739 1242.0 131.18 0.0046236
0.0 281.36 16.832 331.08 0.0046225
188.93 177.11 205.04 243.47 0.004575
345.98 181.8 355.9 214.82 0.0045631
0.0 303.14 31.671 340.86 0.0045614
774.99 170.44 805.23 187.79 0.0045246
0.0 0.0 74.524 128.15 0.0045209
159.82 200.95 209.62 242.25 0.0044994
1197.9 313.41 1242.0 349.55 0.0044689
1237.6 140.58 1242.0 188.76 0.0044681
318.75 178.06 328.69 211.84 0.0044615
2.6254 164.45 58.147 333.99 0.0044369
0.0 196.63 36.677 363.32 0.0044229
310.82 184.75 353.75 201.91 0.0044153
170.6 198.55 309.47 291.32 0.0044109
1046.4 123.8 1184.3 375.0 0.0044072
720.01 0.0 870.04 224.44 0.0043777
1238.4 155.96 1242.0 203.32 0.0043762
0.0 169.89 74.095 202.58 0.0043738
0.0 110.14 7.0443 162.95 0.0043656
223.49 174.39 236.92 242.59 0.0043321
270.39 0.0 418.21 221.05 0.004302
1011.2 125.26 1152.7 375.0 0.0043014
262.86 168.5 295.46 259.87 0.0042952
330.13 180.23 340.95 220.69 0.0042746
129.39 190.96 141.86 228.3 0.0042741
1.9912 208.58 46.677 230.48 0.0042719
373.32 0.0 664.94 114.64 0.0042462
345.53 0.0 952.29 224.0 0.0042347
0.0 242.14 86.077 312.65 0.004215
168.19 174.46 183.18 226.73 0.0042124
1185.8 179.82 1242.0 216.88 0.0042118
1033.1 6.0649 1242.0 184.24 0.0042101
88.485 175.05 401.03 323.14 0.0041895
0.0 87.778 36.303 126.09 0.0041861
0.8767 196.94 15.345 249.85 0.0041855
57.428 172.95 240.49 248.88 0.0041709
427.28 0.0 1242.0 187.36 0.0041663
222.03 0.0 512.5 375.0 0.0041661
162.46 0.0 454.89 375.0 0.0041532
751.95 0.0 896.29 217.79 0.0041468
134.86 120.44 470.84 278.51 0.0041228
1202.5 151.74 1242.0 204.3 0.0040809
561.06 0.0 934.35 94.785 0.0040781
418.54 182.61 456.99 199.49 0.0040731
349.53 180.24 409.82 212.5 0.0040729
0.0 348.14 21.819 375.0 0.0040602
350.74 187.52 385.94 207.2 0.0040587
0.0 47.338 56.021 163.08 0.0040575
1006.8 197.7 1242.0 375.0 0.0040473
3.6733 204.76 31.025 233.72 0.0040312
234.5 154.11 265.15 264.73 0.0040298
676.02 0.0 964.39 375.0 0.0040151
666.44 255.03 791.27 375.0 0.0040008
1184.7 71.627 1242.0 275.34 0.0039925
1201.4 0.0 1242.0 102.77 0.003986
368.77 0.0 519.19 219.76 0.0039745
1098.1 276.26 1242.0 366.25 0.0039739
127.4 211.6 172.44 231.61 0.0039739
244.56 174.84 261.9 235.56 0.0039696
0.0 0.0 20.884 50.779 0.003966
1228.5 233.64 1242.0 254.51 0.0039553
24.27 241.56 151.01 375.0 0.0039524
291.75 180.41 366.57 207.61 0.0039296
287.94 182.7 342.38 203.3 0.0039218
0.0 137.33 58.001 173.67 0.003916
1194.7 160.14 1242.0 197.85 0.0039072
0.0 124.31 21.681 228.22 0.0039056
1127.3 141.8 1242.0 224.62 0.0039
231.08 174.43 245.96 241.0 0.0038977
1150.6 71.593 1242.0 155.41 0.0038907
0.0 240.96 52.431 274.38 0.0038882
413.36 177.33 445.81 192.29 0.0038758
627.29 0.0 1024.3 93.832 0.0038622
1229.5 209.41 1242.0 230.1 0.0038596
312.78 192.46 346.12 212.81 0.0038485
1125.9 171.22 1242.0 285.69 0.0038399
57.001 10.313 196.6 375.0 0.0038348
391.79 173.93 426.0 188.87 0.0038278
1173.6 232.72 1242.0 269.8 0.0038266
162.84 203.94 232.39 239.47 0.0038162
0.0 248.76 20.452 270.89 0.003811
0.0 312.38 31.047 349.12 0.0038061
237.49 174.08 252.79 233.38 0.0037698
0.0 231.76 19.28 333.57 0.0037567
0.6034 220.86 15.793 273.66 0.0037536
0.0 214.02 11.716 242.53 0.0037524
1202.6 232.91 1231.2 344.78 0.0037482
1217.4 331.08 1242.0 375.0 0.0037312
209.52 123.78 267.22 286.62 0.0037141
1192.5 191.98 1223.0 292.99 0.0037111
131.95 225.63 184.05 251.38 0.00371
0.0 76.172 42.946 259.92 0.0036939
1229.0 237.04 1242.0 258.04 0.003688
1229.1 201.62 1242.0 222.1 0.0036662
413.57 180.3 447.58 195.79 0.0036586
324.85 180.58 399.13 207.53 0.0036375
309.88 176.6 323.99 226.73 0.0036264
0.0 237.63 6.7135 291.9 0.0036224
177.22 199.39 249.27 229.13 0.0036116
1195.5 152.38 1242.0 189.38 0.0036022
1125.9 127.19 1242.0 207.65 0.0035893
219.98 174.19 232.88 240.95 0.0035716
0.0 168.49 478.85 375.0 0.0035672
4.7813 220.76 20.503 274.75 0.0035603
1202.6 283.01 1242.0 339.26 0.0035599
0.0 191.7 47.171 216.89 0.0035593
1186.2 249.82 1242.0 286.56 0.0035522
321.16 182.15 332.51 221.33 0.0035369
1228.6 229.44 1242.0 250.26 0.0035322
919.21 125.6 1060.3 375.0 0.0035225
149.67 202.31 201.43 226.54 0.0035062
1217.9 109.8 1242.0 196.52 0.0035017
180.05 202.72 248.07 237.8 0.0035007
395.75 172.88 406.68 206.59 0.0035003
193.19 219.24 253.27 253.96 0.0034972
139.05 224.77 202.39 257.64 0.0034915
0.0 177.62 114.81 247.62 0.003487
156.36 198.13 209.49 223.28 0.0034853
323.79 186.96 353.56 204.85 0.0034829
1216.4 88.585 1242.0 136.87 0.0034762
785.0 0.0 928.19 213.97 0.0034722
1197.2 145.57 1242.0 183.88 0.003455
301.81 186.31 357.8 219.68 0.0034545
202.18 178.21 216.31 246.5 0.0034513
192.05 204.67 264.27 237.44 0.0034448
260.46 0.0 655.61 92.626 0.0034294
0.0 327.74 12.379 375.0 0.0034253
422.99 180.54 448.7 195.58 0.0034129
131.07 181.9 195.68 237.92 0.0034101
0.0 296.03 15.091 345.84 0.0033955
1238.2 256.5 1242.0 310.0 0.0033886
123.29 191.98 186.3 243.64 0.003388
792.55 182.84 823.3 200.49 0.0033846
0.0 0.0 8.2925 23.223 0.0033809
234.42 192.43 306.17 245.35 0.0033695
210.14 285.4 533.4 375.0 0.003346
0.0 368.21 57.116 375.0 0.0033444
821.11 142.15 961.66 375.0 0.0033358
1202.6 268.52 1242.0 324.09 0.003307
0.0 125.19 21.433 146.95 0.0033037
0.0 187.99 52.072 213.7 0.0032992
326.86 185.11 366.74 201.15 0.003298
800.07 176.89 826.21 192.51 0.0032926
46.377 57.507 292.82 375.0 0.003282
0.0 129.03 22.041 151.04 0.0032811
0.0 321.35 32.79 358.29 0.0032743
315.4 176.97 325.61 214.69 0.0032635
0.0 173.11 23.308 194.64 0.0032634
137.55 205.85 168.6 229.61 0.0032494
1202.6 139.07 1242.0 190.28 0.0032455
889.49 64.688 1024.8 375.0 0.0032369
1181.7 221.8 1232.9 273.82 0.003213
2.4065 196.71 32.571 228.13 0.0032058
139.8 183.12 233.42 226.14 0.0031967
1195.0 245.2 1241.9 299.1 0.0031948
194.45 178.08 208.89 244.91 0.0031802
190.06 194.51 259.67 224.61 0.0031743
223.71 168.2 272.17 327.84 0.0031705
852.66 131.97 989.16 375.0 0.0031696
198.46 177.15 212.44 244.6 0.0031543
218.95 33.186 349.37 375.0 0.0031523
133.54 195.3 147.03 236.14 0.0031362
335.37 0.0 483.77 213.85 0.0031173
129.49 196.54 143.0 237.02 0.0031135
304.32 0.0 451.24 223.94 0.0031087
1013.2 71.065 1242.0 249.57 0.0031038
119.48 192.94 206.71 233.78 0.0031029
206.48 175.7 220.09 245.83 0.0030969
2.4747 92.544 27.283 193.36 0.0030926
242.98 0.0 836.18 226.13 0.0030849
351.72 171.76 426.15 201.77 0.0030756
133.36 203.5 172.85 222.72 0.0030677
284.04 190.14 367.15 221.88 0.0030496
150.38 289.21 470.34 375.0 0.0030315
234.1 174.47 249.11 238.13 0.0030243
816.9 0.0 960.39 218.01 0.0030219
2.2877 138.37 26.969 231.39 0.0030199
143.19 162.25 194.42 335.46 0.003014
1192.7 167.93 1224.1 266.33 0.0030138
136.82 219.34 204.55 250.36 0.0030115
1195.4 295.54 1242.0 332.07 0.0030085
1228.2 189.48 1242.0 210.43 0.0030072
360.25 177.0 432.97 206.93 0.003007
1228.7 185.59 1242.0 206.55 0.0030059
1234.4 227.63 1242.0 258.75 0.0030025
8.5059 220.63 25.053 275.36 0.0030003
0.0 304.99 13.553 354.55 0.002998
323.32 189.18 355.81 209.12 0.0029843
1228.0 197.59 1242.0 217.95 0.0029756
283.5 192.59 342.1 214.71 0.0029705
138.24 203.45 185.19 225.3 0.0029649
0.0 162.68 54.147 197.89 0.0029639
1206.7 292.46 1236.1 375.0 0.0029494
0.0 180.67 90.421 283.19 0.0029483
1230.3 225.68 1242.0 246.07 0.0029463
8.5896 154.0 34.119 238.93 0.0029411
0.0 121.18 6.9847 175.28 0.0029289
329.43 188.13 361.38 207.52 0.0029227
1229.2 241.09 1242.0 261.94 0.0029177
631.42 251.96 754.98 375.0 0.0029099
216.33 160.67 341.99 261.45 0.0029054
1227.9 68.038 1242.0 150.0 0.0029002
170.13 0.0 585.33 90.155 0.0028847
150.47 185.36 182.37 271.48 0.0028827
157.95 183.57 191.97 276.23 0.0028751
932.76 325.29 1152.3 375.0 0.0028651
0.72265 132.74 60.631 307.6 0.0028586
334.93 186.05 368.59 207.43 0.0028436
775.33 166.07 784.62 198.68 0.0028377
333.5 179.82 343.95 222.19 0.0028329
133.33 190.23 145.59 228.94 0.0028319
787.28 154.52 1161.8 317.94 0.0028258
142.24 229.95 253.3 270.66 0.0028249
0.0 199.4 27.715 231.4 0.0028239
788.41 173.06 800.6 216.03 0.0028201
156.94 201.49 201.66 237.15 0.0028193
152.7 218.12 215.82 249.56 0.0028087
526.7 286.84 847.23 375.0 0.0028028
341.59 181.79 350.64 214.91 0.002787
0.0 227.3 70.142 325.67 0.0027762
164.55 177.66 179.29 230.65 0.0027593
804.35 164.54 813.52 196.26 0.0027403
343.04 187.07 377.92 208.01 0.0027376
14.605 286.28 330.84 375.0 0.0027358
141.06 190.18 154.2 229.31 0.0027348
1227.5 193.47 1242.0 214.22 0.0027327
269.12 282.1 592.75 375.0 0.0027216
126.4 97.911 193.87 292.12 0.0027197
139.8 211.14 156.94 260.66 0.0027171
8.0221 215.4 32.109 301.26 0.0027075
225.52 187.09 275.24 206.79 0.0026962
1235.3 192.73 1242.0 221.11 0.0026859
13.858 295.76 79.962 375.0 0.0026831
115.85 204.48 181.34 250.67 0.0026792
1239.1 309.29 1242.0 354.36 0.002676
0.0 137.31 7.4639 191.54 0.0026685
215.44 175.33 228.01 240.25 0.0026587
54.787 248.87 180.83 375.0 0.0026499
137.5 191.21 149.69 229.51 0.0026424
278.92 248.2 407.06 375.0 0.0026421
1158.9 190.56 1242.0 229.26 0.0026205
112.79 88.713 351.67 375.0 0.0026178
281.92 181.14 337.85 216.75 0.0026169
0.0 205.3 126.8 277.33 0.0026148
162.15 198.06 184.3 262.58 0.0026147
138.52 165.79 167.66 251.25 0.0026134
116.75 207.31 157.31 226.2 0.0026024
146.41 204.87 182.61 233.61 0.0025977
1197.3 288.74 1242.0 325.43 0.0025926
1214.7 87.161 1242.0 122.96 0.0025916
0.0 78.21 20.685 175.27 0.0025913
0.0 0.0 164.64 39.406 0.0025869
0.0 114.8 57.667 149.48 0.0025747
367.49 282.41 693.78 375.0 0.0025612
211.01 174.38 223.49 245.29 0.0025271
1078.5 250.42 1242.0 343.04 0.0025196
0.0 354.14 34.836 375.0 0.0025194
824.73 0.0 1217.8 95.14 0.0025181
1088.7 239.76 1242.0 325.55 0.0025123
1176.6 240.85 1242.0 276.31 0.0025117
165.06 180.27 199.35 277.28 0.0025059
337.03 178.88 347.5 220.76 0.0025048
191.43 227.33 249.85 256.7 0.0025043
0.0 121.37 21.237 142.8 0.0024917
136.0 209.86 170.16 234.17 0.0024915
310.03 245.41 438.98 375.0 0.0024777
86.119 289.61 407.82 375.0 0.0024596
163.61 185.93 257.93 224.93 0.0024561
