0.0 137.17 75.271 326.64 0.99979
0.0 141.99 58.772 309.18 0.99947
748.33 164.79 771.56 228.33 0.9994
757.09 164.93 777.59 227.37 0.99861
393.98 164.07 415.1 221.08 0.99832
397.42 163.28 419.06 222.13 0.99831
1075.3 153.48 1120.2 263.75 0.99807
0.0 176.95 69.012 338.98 0.99794
743.95 163.01 765.22 224.14 0.99792
761.94 167.03 780.86 226.26 0.9975
900.93 160.32 938.7 249.56 0.99732
0.0 139.94 43.945 330.02 0.99701
778.69 171.99 798.17 228.2 0.99694
390.65 164.24 411.02 219.83 0.99686
327.79 166.68 351.68 224.98 0.99657
896.63 158.7 930.96 245.81 0.99637
775.37 170.09 793.65 227.37 0.99595
766.47 166.99 784.07 224.15 0.9947
771.49 169.77 788.33 224.73 0.99449
908.03 158.44 945.57 252.67 0.99405
0.0 148.79 34.383 310.29 0.99327
746.64 169.99 767.16 226.53 0.9925
322.73 167.93 344.05 223.69 0.99219
0.0 156.1 48.565 292.06 0.99193
0.0 129.99 47.138 330.46 0.99171
822.15 154.72 860.47 251.03 0.99123
891.64 155.13 921.72 238.42 0.98993
388.97 164.43 406.87 214.73 0.98902
816.14 156.71 852.47 248.74 0.98888
399.12 167.35 422.81 226.13 0.98875
782.53 174.45 800.89 223.94 0.98854
0.0 173.63 37.366 343.02 0.98787
318.46 167.47 339.09 223.17 0.98735
753.12 167.79 773.18 223.26 0.98704
893.06 165.87 951.48 248.15 0.98694
0.0 168.72 55.798 333.44 0.98425
746.5 160.71 771.94 226.29 0.98362
334.08 165.3 357.86 223.3 0.9829
1058.2 136.18 1128.4 296.28 0.98074
785.11 171.53 804.97 227.62 0.97781
742.55 165.94 760.1 216.71 0.97759
1079.1 154.04 1107.8 240.82 0.97671
405.55 165.36 423.52 218.75 0.97633
315.68 170.84 333.82 221.62 0.97465
752.63 159.28 777.83 226.0 0.97387
910.79 159.74 931.34 223.62 0.97378
331.88 168.93 353.82 221.85 0.97247
906.63 158.67 927.41 224.82 0.9705
901.88 160.55 923.07 222.7 0.97012
913.95 162.97 935.18 223.9 0.96907
325.97 172.33 347.64 227.53 0.96864
887.1 159.59 943.23 241.23 0.96714
384.73 165.51 401.43 213.47 0.96604
903.34 170.53 928.75 241.77 0.96051
897.0 164.38 919.36 227.43 0.95943
741.63 158.27 768.16 226.59 0.95746
324.24 164.52 350.07 227.02 0.95726
907.1 171.96 934.08 244.66 0.95722
538.41 168.41 550.48 201.85 0.95513
910.94 177.42 937.81 242.81 0.95501
541.86 166.76 553.91 201.32 0.95441
834.98 153.94 870.23 247.69 0.95424
899.12 162.28 924.46 233.47 0.95354
812.82 154.35 841.13 233.45 0.95333
898.51 160.05 918.28 217.03 0.9524
744.77 155.61 767.49 217.34 0.94875
0.0 159.94 27.517 324.94 0.94703
761.74 158.95 785.15 227.65 0.94512
8.6486 141.2 99.682 346.83 0.94301
394.22 162.75 420.54 225.14 0.94277
401.7 161.17 421.43 219.55 0.93895
885.25 154.17 913.02 237.51 0.93727
0.0 148.66 23.071 285.61 0.93546
380.53 172.02 424.79 230.08 0.92988
329.8 179.21 350.84 230.62 0.9297
315.36 169.74 359.34 229.16 0.92633
893.85 160.63 915.56 221.59 0.92529
324.15 169.15 355.9 215.46 0.92528
1085.1 153.74 1115.5 241.1 0.92175
907.44 159.72 924.63 209.89 0.92129
312.33 172.43 328.99 221.0 0.91866
911.64 158.8 929.28 210.35 0.91616
1069.6 138.38 1110.2 274.3 0.91401
1061.2 122.53 1141.6 311.89 0.91245
903.11 159.47 920.95 210.29 0.91135
389.76 163.14 414.86 228.87 0.90969
749.21 156.69 770.57 216.53 0.90767
896.55 159.23 948.43 231.48 0.90756
914.48 164.56 951.53 245.98 0.90716
807.31 159.58 861.74 237.28 0.90705
318.04 162.47 346.57 230.3 0.90478
838.04 157.69 858.07 223.83 0.90468
771.46 163.33 795.92 231.69 0.90257
883.87 160.96 932.95 233.68 0.895
739.57 167.14 779.43 230.25 0.89473
836.22 155.65 852.78 216.73 0.89158
834.42 154.19 854.79 225.59 0.89092
743.8 180.66 763.04 230.66 0.88932
535.36 167.81 546.96 199.53 0.88874
0.0 107.52 40.496 292.7 0.88746
545.35 165.95 557.12 201.65 0.88686
381.44 168.14 396.2 212.26 0.88229
391.19 171.72 418.64 219.73 0.87625
914.73 158.37 932.88 209.75 0.87618
881.31 176.38 961.05 237.39 0.87333
2.1655 135.68 57.181 310.32 0.87312
916.94 162.2 937.07 216.02 0.86672
841.62 157.35 861.61 222.33 0.86408
322.46 181.1 343.44 233.83 0.86348
0.0 181.35 40.853 361.17 0.86341
829.04 149.33 863.69 236.57 0.86293
774.93 163.45 800.96 233.72 0.85616
895.92 160.08 912.89 207.34 0.85256
410.22 167.17 425.98 215.58 0.85101
744.06 170.62 772.02 221.1 0.84926
787.42 174.83 803.4 218.69 0.8342
907.92 158.29 932.14 236.63 0.83333
813.64 158.54 870.31 228.37 0.83145
913.38 188.13 936.18 244.63 0.83052
1086.7 146.78 1130.7 265.29 0.82432
903.24 164.46 959.17 235.61 0.82419
1042.3 124.85 1118.4 312.21 0.8229
891.5 161.14 910.13 216.96 0.81794
767.91 173.06 782.55 219.65 0.81461
897.95 172.96 920.45 237.75 0.81226
830.77 152.99 850.32 225.37 0.81202
0.0 200.08 25.327 340.8 0.80985
388.98 168.39 414.83 214.21 0.80482
865.94 166.96 878.64 211.64 0.79478
916.44 160.21 940.43 233.19 0.79438
322.6 175.45 351.82 221.78 0.7922
1082.4 163.85 1110.8 244.35 0.79024
846.3 157.03 865.02 218.96 0.78512
839.65 155.65 855.52 209.7 0.7846
1067.9 154.03 1124.1 241.6 0.78404
747.75 187.83 764.88 231.1 0.78397
817.63 163.38 840.26 227.95 0.78206
833.43 155.55 847.93 216.91 0.77914
738.29 171.58 751.87 213.62 0.77892
790.41 171.86 808.4 222.26 0.77879
318.19 180.82 339.6 234.54 0.77594
125.02 173.7 137.59 222.07 0.77578
746.23 164.31 786.04 224.57 0.77263
862.59 166.43 875.09 212.78 0.76017
899.78 157.76 916.53 205.04 0.7586
549.32 166.4 561.16 201.55 0.75626
397.85 158.71 416.62 211.98 0.75469
907.18 178.58 928.39 238.0 0.75141
843.66 155.89 859.52 208.17 0.75064
394.71 173.87 416.5 228.04 0.75011
911.76 158.01 937.36 237.05 0.74627
370.56 179.54 433.23 223.14 0.74392
753.82 159.1 772.41 213.16 0.74185
1067.6 144.52 1103.3 252.22 0.73978
804.58 162.91 854.29 227.54 0.73922
748.14 168.37 775.78 218.25 0.73799
812.63 163.59 835.29 227.28 0.7365
531.6 169.24 542.68 199.36 0.7333
0.0 139.52 50.1 275.09 0.7295
0.0 137.89 146.01 337.95 0.72492
1046.1 144.61 1140.1 285.12 0.72479
1.7428 118.95 92.158 314.8 0.72303
128.71 172.38 142.76 227.33 0.71883
1.4239 212.89 48.23 339.65 0.71674
112.33 171.63 140.58 253.13 0.70874
910.82 189.78 931.99 242.91 0.70861
846.81 156.73 876.15 237.27 0.70845
117.31 170.0 148.43 251.27 0.70711
0.0 217.67 56.547 344.73 0.70596
308.54 177.53 323.62 223.28 0.69866
737.12 161.91 775.75 219.72 0.69767
1078.4 142.09 1126.8 256.53 0.69462
9.1284 154.16 33.906 247.44 0.69452
433.15 170.08 445.33 206.15 0.69437
824.43 159.25 848.11 232.61 0.69361
920.3 163.64 941.35 224.18 0.69004
430.76 170.24 442.33 207.21 0.68893
304.26 178.68 369.78 224.12 0.68573
869.28 164.94 883.2 211.79 0.68497
378.31 168.25 391.88 211.6 0.68403
916.73 172.97 944.88 245.67 0.68334
892.48 171.11 915.55 239.8 0.67637
121.49 175.1 134.19 221.07 0.67462
805.71 155.57 832.68 236.48 0.67071
386.45 166.37 410.68 207.77 0.6702
779.13 173.53 803.83 215.3 0.66476
426.44 169.95 438.13 207.89 0.66441
744.04 155.56 761.72 209.9 0.66436
5.7045 150.76 53.761 277.01 0.66358
0.0 211.83 34.816 353.05 0.65424
306.24 172.27 370.61 215.11 0.65113
852.13 160.04 867.51 215.89 0.64527
391.89 180.28 421.02 226.58 0.64063
754.05 170.48 779.33 216.38 0.63757
417.14 169.72 429.03 212.03 0.6363
857.69 165.04 870.63 211.48 0.6342
817.62 162.27 873.97 243.96 0.63351
421.21 170.21 432.98 210.43 0.6307
316.81 175.25 364.04 209.56 0.62263
340.31 164.79 359.35 216.0 0.62153
811.44 165.73 829.83 221.43 0.61986
892.2 161.82 907.67 207.36 0.61468
827.72 155.96 846.23 226.47 0.61285
784.37 174.91 808.13 212.51 0.61032
398.96 164.33 423.88 229.16 0.60905
385.57 165.55 399.02 205.56 0.60633
879.59 169.18 953.49 219.13 0.6043
128.41 174.27 140.55 220.12 0.60399
828.12 158.65 880.73 224.44 0.60356
821.98 161.62 842.24 231.8 0.60122
324.7 184.99 354.09 228.28 0.59652
304.31 181.81 317.96 221.7 0.59414
754.7 166.94 793.08 228.06 0.59323
794.09 171.31 874.59 228.79 0.58606
847.82 157.37 863.37 206.65 0.58581
0.0 206.98 72.904 317.61 0.58517
317.55 172.68 344.85 217.15 0.5779
780.48 168.28 795.27 212.23 0.57363
327.26 184.47 344.82 229.65 0.57129
899.33 178.56 959.25 250.81 0.56768
436.35 167.15 449.34 206.11 0.5646
385.99 176.61 433.83 232.46 0.55728
1071.2 94.83 1150.6 291.86 0.55314
11.01 166.61 59.792 322.94 0.55288
383.79 169.71 406.19 205.76 0.54328
396.25 168.25 423.16 212.49 0.54119
0.0 135.33 30.398 259.87 0.54067
773.52 171.68 797.62 215.16 0.53961
536.51 169.36 553.67 198.39 0.53947
792.98 176.69 807.72 216.0 0.53925
1082.2 146.59 1122.9 284.83 0.538
391.49 162.94 418.28 207.63 0.53586
1090.3 162.34 1118.3 241.19 0.53509
898.07 165.21 928.51 202.45 0.53367
888.14 155.79 942.15 220.35 0.53115
424.65 173.6 449.9 201.37 0.53069
919.23 188.22 941.47 247.34 0.53044
884.36 127.14 939.9 263.54 0.52814
889.81 167.24 966.16 220.34 0.52768
300.4 183.86 313.93 218.87 0.52661
782.43 166.21 798.9 212.47 0.52608
314.8 179.34 334.22 234.46 0.52459
0.0 174.91 186.56 339.06 0.52443
0.0 186.46 84.338 307.07 0.52267
888.66 164.25 902.87 210.82 0.51902
830.37 157.8 855.88 234.12 0.51859
918.12 156.12 936.1 203.9 0.51859
745.44 182.66 771.05 228.12 0.51829
742.39 165.45 770.24 212.51 0.51677
738.73 176.65 752.39 221.93 0.51634
430.27 173.54 454.66 199.34 0.51408
888.19 162.2 906.26 222.01 0.50474
895.96 141.12 948.74 273.72 0.49881
923.76 164.26 946.9 228.6 0.49756
777.19 168.79 791.23 211.18 0.49709
870.98 172.8 949.4 225.97 0.49568
319.04 180.31 349.35 225.22 0.48673
539.51 168.92 556.62 198.03 0.48659
553.4 165.27 564.87 200.27 0.48579
829.76 159.64 843.6 216.2 0.48022
862.2 164.38 873.96 203.28 0.47789
915.84 198.58 933.73 246.15 0.47591
1094.8 154.24 1121.9 238.74 0.47479
903.22 179.59 923.46 237.58 0.47418
781.55 160.82 808.75 239.96 0.47229
874.86 164.04 921.04 227.84 0.47207
749.51 176.13 775.14 227.15 0.4706
895.14 164.72 923.18 197.52 0.4702
0.0 97.882 99.851 375.0 0.46175
328.41 177.87 357.47 221.49 0.46089
759.42 172.16 783.48 215.36 0.45562
802.1 166.08 885.24 219.88 0.4551
0.0 236.38 76.409 329.67 0.45479
727.72 176.96 787.44 223.81 0.45135
872.63 165.85 886.67 211.5 0.44929
336.1 173.91 356.12 227.07 0.44577
875.04 154.64 900.99 237.39 0.4453
764.96 169.43 803.75 227.98 0.43999
533.8 170.49 550.5 196.73 0.43822
892.45 167.43 924.29 208.56 0.43803
297.18 184.68 311.3 220.47 0.43591
117.14 175.6 130.48 223.83 0.43147
907.48 189.56 926.57 243.17 0.4303
2.4021 151.21 26.723 248.84 0.42757
904.88 166.33 938.25 208.84 0.42581
0.0 137.12 21.299 251.53 0.42074
540.54 164.37 552.61 197.68 0.41979
742.04 176.37 759.14 229.77 0.41866
372.91 170.97 432.25 213.97 0.41762
329.08 170.73 359.7 210.27 0.41196
918.57 194.99 937.14 249.83 0.40857
903.35 162.98 931.67 197.35 0.40834
921.68 157.25 940.39 209.06 0.40341
907.95 157.58 922.93 197.36 0.4008
903.64 155.41 919.05 197.01 0.40052
909.0 165.04 941.87 204.22 0.3976
834.07 162.56 859.98 233.31 0.39633
902.38 191.99 940.01 241.62 0.3955
394.69 160.86 411.13 209.64 0.39341
743.83 162.21 774.95 208.01 0.39165
837.98 155.34 850.7 199.75 0.38856
382.42 158.4 407.87 239.02 0.38606
787.09 168.52 802.58 211.22 0.3853
322.67 192.38 350.64 232.31 0.38302
762.98 169.5 779.06 214.96 0.38278
856.51 164.34 872.28 219.64 0.38248
821.61 142.55 855.99 231.07 0.38232
791.38 168.87 867.62 216.22 0.38152
1063.4 104.41 1135.8 279.55 0.3763
808.98 170.31 824.9 218.65 0.37541
6.4393 158.36 31.01 257.27 0.37172
795.83 176.62 810.52 215.19 0.37104
314.69 174.56 338.46 215.84 0.37021
131.55 170.67 146.56 228.51 0.36945
10.93 170.06 35.286 273.05 0.3688
382.62 166.44 425.84 217.06 0.36611
0.0 161.34 51.916 257.41 0.36369
1035.5 151.01 1152.6 301.98 0.36319
308.76 159.67 334.55 236.09 0.3616
855.57 154.62 883.27 234.85 0.35753
385.92 178.51 429.69 213.57 0.35745
0.0 170.71 85.537 272.78 0.35523
894.68 169.98 929.49 216.06 0.34891
1068.7 108.23 1159.4 328.46 0.34755
912.08 159.15 926.87 197.65 0.34724
769.81 172.5 793.3 213.35 0.34272
776.41 177.86 802.1 225.34 0.34239
753.6 183.96 770.56 229.54 0.34145
0.0 173.0 107.53 298.95 0.33732
742.0 158.09 757.03 208.69 0.33724
390.74 175.29 411.88 231.5 0.33649
401.95 170.85 424.86 208.01 0.33206
527.06 168.72 537.83 199.53 0.33177
839.72 162.86 888.42 219.99 0.32987
313.1 179.76 358.38 211.25 0.32806
741.23 145.24 774.73 220.56 0.32471
763.81 172.93 786.13 217.54 0.32395
0.0 115.96 174.3 289.04 0.32328
124.44 166.91 154.07 247.32 0.32301
744.92 173.5 767.45 213.43 0.32301
786.59 176.22 811.05 208.25 0.31971
0.0 54.832 78.127 375.0 0.31936
529.41 170.94 545.71 194.8 0.31758
890.88 165.9 910.58 233.78 0.31397
383.69 184.57 427.07 218.34 0.31313
407.91 163.55 421.71 207.51 0.312
418.81 176.49 464.07 198.39 0.31168
107.1 164.93 130.96 252.88 0.31061
113.27 174.93 126.44 224.3 0.30897
733.75 171.95 792.23 216.11 0.30752
925.77 161.39 944.18 216.65 0.3068
773.37 171.04 786.55 212.75 0.30673
1022.4 161.5 1171.0 258.3 0.30397
556.77 163.43 568.68 199.69 0.30121
5.9232 222.69 37.167 313.2 0.29888
0.0 163.99 27.412 235.36 0.29875
822.17 172.06 848.9 238.18 0.2969
378.85 173.62 400.31 206.95 0.29625
318.34 185.69 361.41 217.47 0.29396
820.48 160.57 836.76 217.11 0.28784
0.0 99.019 72.757 293.08 0.28108
8.99 132.33 68.961 323.51 0.27761
381.24 176.19 424.18 207.32 0.27659
898.01 161.8 925.81 193.57 0.27579
886.02 163.88 897.92 206.99 0.27419
816.66 162.53 833.85 217.96 0.2718
911.96 201.57 929.39 247.48 0.27134
813.88 167.47 894.51 215.56 0.27086
879.64 152.74 976.0 258.28 0.26974
728.0 165.5 788.62 208.78 0.26966
892.14 142.39 930.07 232.94 0.26732
0.0 157.23 34.757 239.29 0.26558
748.36 156.65 762.65 205.24 0.26451
1072.1 129.18 1120.5 244.98 0.26394
825.22 158.66 838.84 212.81 0.26283
882.27 163.29 955.55 210.52 0.26067
381.95 175.16 406.58 214.02 0.2584
734.61 171.55 746.77 207.61 0.25321
843.69 154.71 872.32 250.33 0.25205
32.627 145.18 109.11 345.77 0.25097
889.96 168.45 938.5 193.49 0.2484
0.0 151.79 85.352 241.1 0.24819
388.69 164.26 414.95 200.05 0.24809
316.03 171.07 369.16 201.85 0.2479
108.54 180.39 165.54 234.31 0.24592
0.0 118.57 44.559 240.1 0.24443
735.54 153.55 759.25 228.85 0.2442
816.7 172.43 840.74 239.71 0.2428
864.0 153.25 891.15 234.9 0.24187
907.63 168.77 944.3 215.3 0.23994
379.97 170.33 400.63 199.06 0.23984
439.71 167.16 452.58 206.12 0.23914
0.0 90.458 17.415 206.1 0.23844
311.35 181.06 328.59 233.01 0.23528
860.35 173.14 884.16 202.57 0.23293
0.0 165.88 40.862 266.22 0.23257
873.86 160.97 886.9 204.61 0.23201
877.17 165.07 889.47 208.09 0.2314
388.74 163.02 402.92 203.93 0.22943
895.97 155.71 911.24 198.07 0.2265
759.32 161.68 775.13 207.39 0.22431
13.925 142.16 62.046 286.4 0.22418
540.36 163.45 553.68 208.4 0.22405
840.91 148.8 854.07 191.43 0.22382
871.25 116.74 929.41 270.33 0.22271
885.82 171.11 934.71 198.28 0.22227
793.07 160.08 819.63 238.85 0.22131
393.18 190.84 424.34 231.58 0.2212
331.94 159.88 348.03 214.3 0.22035
0.0 61.68 32.603 254.76 0.21977
2.8487 144.02 41.852 257.29 0.2196
0.0 177.01 30.15 257.19 0.21872
837.33 141.14 870.66 228.92 0.21856
2.5195 212.19 33.392 308.82 0.21785
859.33 163.12 876.79 222.02 0.21642
414.56 166.01 430.8 218.37 0.21566
776.5 180.17 815.74 207.42 0.21519
736.49 181.33 783.53 216.81 0.21516
908.81 162.91 936.39 195.13 0.21381
334.99 160.2 352.09 213.98 0.21292
390.32 178.46 435.24 208.54 0.21197
382.84 169.59 401.38 224.82 0.21119
796.85 162.32 845.46 215.64 0.21095
802.42 175.05 883.56 235.26 0.21061
0.0 196.59 44.988 306.11 0.21041
0.0 211.06 36.053 297.15 0.20995
377.91 173.83 420.43 202.52 0.20958
745.42 157.7 759.56 203.16 0.20911
1050.5 127.43 1130.0 349.73 0.20864
799.17 154.16 853.19 218.97 0.20773
1055.6 166.51 1149.7 226.27 0.20766
916.49 159.66 930.76 197.07 0.20604
844.62 162.56 866.97 230.73 0.20567
910.63 204.8 939.36 244.99 0.20558
0.0 91.117 26.204 207.8 0.20462
3.2103 242.15 31.673 316.59 0.20462
884.81 139.25 921.48 228.77 0.20367
384.34 174.78 432.65 203.92 0.20363
293.57 183.42 306.61 220.71 0.20342
0.0 166.92 10.753 232.81 0.20279
885.17 188.25 965.1 242.2 0.20271
754.46 176.42 781.46 226.17 0.19988
398.61 180.33 419.57 230.78 0.19947
0.0 211.31 89.088 338.73 0.19923
309.66 177.6 354.87 206.84 0.19901
0.0 159.41 119.66 262.81 0.19825
814.17 143.04 848.26 231.29 0.19804
885.74 165.2 900.6 216.75 0.19787
0.0 234.33 20.891 359.28 0.19726
311.74 176.81 334.31 214.49 0.19651
529.95 173.84 546.88 198.29 0.19355
768.68 169.16 811.26 221.41 0.19237
1026.3 133.79 1138.1 262.96 0.19205
737.02 176.21 786.15 209.99 0.19167
813.15 173.32 835.23 239.91 0.19124
0.0 258.4 68.178 344.41 0.18891
894.83 170.61 945.29 198.6 0.18887
881.76 164.54 893.86 207.37 0.18735
838.65 166.38 863.48 234.75 0.18614
752.18 156.53 766.74 203.07 0.18531
433.92 173.99 458.92 200.31 0.18528
422.15 173.77 465.83 195.5 0.18465
0.0 133.74 353.03 375.0 0.18259
900.24 139.42 937.91 229.73 0.17711
825.41 169.8 879.24 239.07 0.17615
822.62 152.48 852.85 268.8 0.17339
1065.2 146.22 1131.3 223.82 0.16961
743.68 178.87 807.26 222.45 0.16958
0.0 213.94 56.379 313.72 0.16693
0.0 0.0 142.11 375.0 0.16267
0.88305 142.01 119.98 323.8 0.15795
0.0 228.76 35.012 308.88 0.15653
0.0 195.29 32.963 283.36 0.15443
734.77 152.63 784.63 208.66 0.1541
1066.4 166.41 1129.1 261.61 0.15209
0.0 199.51 180.55 369.51 0.14743
868.04 170.74 938.88 214.82 0.14541
820.44 152.53 877.11 207.57 0.14504
0.0 97.052 236.59 375.0 0.14361
0.0 138.89 81.483 225.05 0.14358
852.79 152.15 978.59 237.98 0.1424
872.09 165.28 991.22 246.26 0.13754
1018.5 174.27 1190.6 267.6 0.13444
11.873 229.85 51.644 336.86 0.13282
741.8 174.34 786.34 233.54 0.12976
90.933 191.59 178.18 228.5 0.12587
921.99 154.0 954.52 240.56 0.12452
0.0 122.24 16.427 228.34 0.12175
375.53 162.99 419.84 218.14 0.12042
908.78 166.66 941.06 268.85 0.12025
0.0 28.947 335.77 375.0 0.1185
15.692 218.9 59.043 333.8 0.11776
0.0 119.13 63.909 249.14 0.11672
104.05 174.36 157.77 226.23 0.11155
884.27 149.03 946.0 211.02 0.11147
0.0 181.15 53.917 224.72 0.11005
0.0 74.907 51.137 259.32 0.10936
774.0 169.26 820.78 225.57 0.10904
885.89 182.13 944.7 252.43 0.10864
0.0 265.97 181.1 375.0 0.1078
0.0 155.0 47.324 233.32 0.10753
755.14 180.07 816.99 221.6 0.10648
1044.9 141.0 1173.9 290.9 0.10615
302.45 172.23 347.18 228.02 0.1053
0.0 180.57 124.57 375.0 0.10503
1005.0 150.25 1167.4 239.18 0.10482
866.09 162.45 914.64 218.11 0.10412
1045.2 265.47 1242.0 375.0 0.10373
0.0 153.23 26.79 215.94 0.10116
907.15 133.27 965.16 282.75 0.09883
315.32 168.05 340.01 247.73 0.09722
1131.7 186.79 1242.0 375.0 0.096955
0.0 197.89 68.283 375.0 0.096056
749.24 143.05 782.36 222.51 0.095201
0.0 77.659 135.96 375.0 0.094183
814.24 150.84 839.47 257.49 0.092845
1020.5 112.91 1093.6 314.27 0.092492
873.95 157.74 957.35 204.28 0.092286
800.54 158.56 883.82 200.06 0.092174
389.75 169.06 435.94 215.46 0.091244
97.608 161.72 121.36 248.75 0.091212
0.0 224.66 43.615 318.01 0.09038
0.0 236.54 57.802 326.19 0.08973
333.03 156.63 358.35 226.48 0.089716
381.78 149.93 407.11 220.53 0.089701
873.92 154.42 928.52 215.03 0.089277
0.0 173.64 51.86 216.68 0.087843
907.58 140.71 943.35 232.55 0.087554
0.0 230.62 23.74 375.0 0.087506
851.36 137.63 954.93 244.79 0.087461
1097.9 145.19 1134.6 252.94 0.086602
800.27 147.32 829.8 227.88 0.086416
0.0 193.59 67.749 309.92 0.085516
752.49 160.83 798.88 217.05 0.085473
0.0 244.52 16.441 364.49 0.085333
722.25 159.51 794.23 201.06 0.084783
299.95 186.39 366.98 229.45 0.08446
0.0 253.67 127.24 375.0 0.08375
0.0 168.86 63.552 278.46 0.083592
830.28 154.75 861.36 275.39 0.082989
0.0 0.0 66.108 352.37 0.081882
1197.3 288.56 1242.0 375.0 0.07879
317.02 146.1 344.06 225.3 0.077853
0.0 194.01 58.384 241.07 0.07753
0.0 124.38 73.897 208.4 0.077519
94.338 184.82 176.49 221.62 0.077418
44.232 152.52 81.958 265.99 0.07673
879.76 136.23 913.53 231.29 0.076579
1053.0 0.0 1242.0 375.0 0.076089
0.0 226.79 61.284 281.62 0.075976
824.43 176.17 895.44 220.76 0.075452
0.0 130.97 106.91 279.9 0.075292
844.48 0.0 1242.0 183.36 0.073867
749.95 174.97 795.42 234.55 0.073402
0.0 76.836 182.35 255.68 0.073027
0.0 112.34 26.154 228.36 0.072791
391.62 143.77 421.2 219.31 0.072273
754.61 173.83 816.95 211.3 0.071438
845.02 139.07 877.89 228.87 0.071412
0.0 248.55 30.248 322.12 0.07126
854.57 164.99 902.73 215.04 0.071156
1134.9 0.0 1242.0 197.87 0.070715
1224.1 343.27 1242.0 375.0 0.070268
808.86 132.55 840.58 222.79 0.069411
1062.9 133.82 1101.1 240.0 0.068902
1140.4 0.0 1242.0 43.154 0.068535
1049.1 158.21 1148.8 210.91 0.068255
0.0 242.67 55.349 295.41 0.067767
0.0 238.6 101.18 322.91 0.066995
375.18 172.05 442.8 205.33 0.066881
0.0 336.32 71.907 375.0 0.066291
1147.0 329.07 1242.0 375.0 0.065603
0.0 164.77 48.78 207.8 0.065081
1198.0 0.0 1242.0 92.627 0.064719
0.0 281.43 30.182 375.0 0.064181
1092.3 130.83 1131.7 241.65 0.064124
0.0 115.98 18.372 173.11 0.063372
117.12 174.63 175.21 224.84 0.062185
1033.1 0.0 1242.0 89.846 0.062124
405.34 156.09 428.21 226.98 0.060886
1022.0 153.64 1203.3 236.83 0.060789
1168.2 0.0 1242.0 53.068 0.059631
824.31 165.81 899.38 205.46 0.058791
0.0 107.78 20.342 164.63 0.058592
902.21 106.94 969.36 272.11 0.058471
0.0 147.0 23.692 206.83 0.058362
1223.6 0.0 1242.0 40.315 0.058078
131.37 161.83 160.15 243.63 0.058039
52.675 153.85 88.347 264.43 0.05786
0.0 264.88 51.065 372.34 0.056372
831.52 172.16 904.42 211.84 0.055431
0.0 338.31 14.441 375.0 0.055309
862.71 165.2 944.34 206.71 0.055028
892.88 156.48 919.95 265.16 0.054569
1206.9 362.64 1242.0 375.0 0.054196
0.0 187.53 74.057 236.05 0.054064
1196.5 0.0 1242.0 20.007 0.053644
0.0 214.48 62.419 265.93 0.052875
1066.1 147.22 1100.2 292.04 0.052307
1058.6 144.02 1090.6 254.57 0.051658
1040.4 125.78 1154.3 255.47 0.050863
0.0 72.65 131.76 291.25 0.050627
895.78 168.58 973.35 209.08 0.050422
1091.8 103.71 1173.6 321.99 0.050193
815.34 107.81 871.2 276.29 0.04929
89.848 198.93 177.76 236.19 0.049243
289.72 180.02 362.4 220.24 0.049211
0.0 323.99 48.841 375.0 0.04921
386.04 141.02 414.49 217.94 0.048753
0.0 142.81 60.499 375.0 0.048718
24.806 137.02 69.331 296.01 0.048419
1180.7 318.92 1242.0 375.0 0.04822
1036.0 127.85 1112.2 353.89 0.048199
0.0 180.16 78.919 226.84 0.047819
1219.1 356.95 1242.0 375.0 0.047541
946.43 0.0 1242.0 229.36 0.047033
817.1 158.47 896.59 200.8 0.046482
35.116 148.09 74.223 277.92 0.046275
0.0 124.69 19.577 181.62 0.046262
0.0 156.86 42.214 199.9 0.04597
878.59 95.248 945.78 268.84 0.045707
897.67 147.82 1242.0 375.0 0.045031
843.41 160.29 896.21 213.27 0.044645
0.0 178.41 152.24 275.15 0.04361
851.48 105.69 907.97 276.11 0.043466
395.72 175.19 443.58 218.87 0.042643
383.01 177.89 451.72 209.73 0.04258
1042.6 92.89 1112.6 288.32 0.042505
2.4351 262.17 56.001 328.41 0.042082
0.0 0.0 368.64 187.34 0.041754
1023.4 138.5 1179.6 226.18 0.041666
0.0 282.65 59.054 361.18 0.041258
0.0 127.26 42.941 167.95 0.040665
0.0 148.99 248.47 307.72 0.040649
803.72 110.7 858.4 272.43 0.040294
1078.1 0.0 1242.0 114.3 0.039635
89.676 162.58 113.27 250.2 0.03953
828.87 102.32 885.75 278.4 0.039365
1208.7 0.0 1242.0 23.871 0.039352
0.0 194.83 77.614 244.54 0.038799
889.1 156.52 972.02 200.9 0.038688
781.64 165.56 858.86 206.1 0.038599
784.82 166.19 834.26 215.9 0.038591
81.065 158.52 108.0 252.11 0.038485
742.88 167.68 810.32 207.4 0.038423
0.0 89.966 46.312 205.29 0.038046
761.82 181.59 831.73 219.99 0.037925
61.518 156.77 94.734 263.32 0.037819
18.163 175.16 66.717 330.88 0.037702
0.0 261.33 51.317 309.67 0.037668
730.73 139.37 758.34 215.05 0.037574
308.11 185.88 355.19 236.75 0.037424
0.0 271.68 48.075 318.63 0.037198
0.0 246.18 39.603 330.91 0.036035
869.07 179.92 998.33 257.78 0.035634
0.0 111.79 72.466 190.79 0.035436
0.0 35.293 29.292 229.01 0.035434
780.82 156.3 865.63 200.5 0.035311
0.0 118.19 42.573 157.99 0.035
0.0 136.56 45.497 177.06 0.034943
842.67 173.51 916.03 210.19 0.034659
0.0 361.69 41.625 375.0 0.034571
914.94 167.35 947.75 275.14 0.034563
96.301 179.79 147.71 233.8 0.034553
852.76 170.36 898.41 221.95 0.034509
1074.6 156.76 1135.5 232.05 0.034343
0.0 0.0 184.24 90.633 0.033735
318.1 168.91 366.79 218.78 0.033594
0.0 270.47 27.811 333.34 0.033514
891.14 146.34 1219.0 320.11 0.033427
730.4 174.99 777.96 233.54 0.033398
17.668 59.219 161.24 375.0 0.032812
7.4656 217.13 67.676 375.0 0.032807
70.072 158.34 101.47 261.3 0.032575
0.0 153.42 144.69 246.26 0.032238
0.0 143.98 41.829 186.44 0.031578
853.41 137.52 885.98 230.74 0.03157
6.0394 236.51 39.549 349.72 0.031496
897.63 149.86 960.33 209.25 0.031401
858.36 177.19 929.95 218.24 0.031298
730.0 186.44 798.85 228.53 0.031233
792.27 149.83 852.27 208.38 0.031021
861.31 154.14 917.52 212.7 0.031017
401.36 144.39 428.83 218.97 0.030767
916.24 137.7 951.05 229.84 0.030737
386.23 170.7 454.61 202.0 0.03032
0.0 127.34 208.31 324.25 0.029978
299.45 160.05 323.84 237.27 0.029278
0.0 0.0 77.778 183.91 0.028905
0.0 264.46 72.244 321.12 0.028759
1049.6 179.83 1154.0 241.76 0.028723
0.0 233.8 80.176 295.87 0.028076
758.76 140.8 788.65 219.8 0.028075
871.3 136.28 903.2 228.44 0.027655
0.0 258.44 13.205 375.0 0.027585
988.63 53.231 1125.6 375.0 0.027412
0.0 281.23 44.115 326.38 0.027362
889.11 186.54 970.71 230.15 0.027243
1012.1 44.353 1149.8 375.0 0.027095
1102.0 129.26 1136.2 232.21 0.026863
0.0 355.99 16.189 375.0 0.026648
922.48 167.12 953.8 268.47 0.02595
0.0 72.835 14.386 185.78 0.025878
783.72 148.43 811.41 224.52 0.025874
397.63 169.77 444.49 210.09 0.025827
765.58 163.73 813.89 213.59 0.025771
0.0 252.83 72.659 312.24 0.025684
0.0 37.592 190.17 225.61 0.02548
379.33 155.52 429.33 208.33 0.025298
838.89 164.68 969.09 241.07 0.024653
913.43 117.52 1242.0 285.78 0.024634
22.274 114.6 72.737 326.0 0.024549
862.23 154.99 1015.2 232.64 0.024298
0.0 124.8 277.21 285.8 0.024285
378.21 184.66 452.9 221.02 0.02409
371.89 157.37 396.58 240.68 0.023912
409.54 154.17 431.85 219.41 0.023792
0.0 278.46 67.527 321.88 0.023781
927.14 275.42 1242.0 375.0 0.023467
0.0 217.7 82.149 277.09 0.023349
0.0 205.04 135.72 297.07 0.023032
307.35 160.73 358.3 215.45 0.023019
286.17 187.48 361.05 226.35 0.022986
0.0 94.766 68.207 173.62 0.022889
0.0 74.046 49.574 186.87 0.022849
889.13 91.037 958.52 268.86 0.022765
0.0 0.0 275.49 260.6 0.022486
853.79 156.03 879.06 250.98 0.022474
1051.3 152.4 1156.8 202.24 0.022461
862.09 134.34 893.08 224.1 0.022403
0.0 236.62 35.701 375.0 0.022317
368.96 160.99 441.37 197.91 0.022121
775.88 174.01 847.23 211.45 0.021892
47.587 269.18 385.55 375.0 0.021887
1068.0 142.76 1141.4 209.84 0.021838
405.38 170.57 474.57 201.0 0.021832
1109.6 144.95 1141.7 244.3 0.021664
1144.4 0.0 1242.0 62.456 0.021413
0.0 1.5584 95.627 352.87 0.021323
1119.2 131.78 1151.1 223.7 0.021269
0.0 116.07 91.169 257.94 0.020973
1110.8 130.36 1143.6 226.69 0.020903
57.59 148.82 119.79 334.24 0.020839
971.05 169.34 1156.9 248.08 0.020838
297.64 166.56 376.7 207.38 0.020811
740.74 185.88 811.83 228.33 0.020484
117.57 219.3 259.66 375.0 0.020162
831.88 150.39 892.57 205.05 0.020132
0.0 143.16 32.881 204.28 0.020119
930.95 161.13 961.17 256.29 0.019874
805.48 150.55 966.16 224.63 0.019691
363.49 167.32 432.45 206.02 0.019635
0.0 166.57 71.629 211.18 0.019548
841.82 167.57 921.45 205.61 0.019105
994.31 150.5 1122.5 279.5 0.019004
744.33 159.14 769.44 249.0 0.019003
855.59 157.8 946.71 200.87 0.018926
723.71 110.16 1075.3 276.23 0.018823
842.0 136.68 1004.6 222.84 0.018805
896.99 171.7 925.02 276.63 0.018796
817.42 5.7555 970.13 375.0 0.018537
833.2 177.1 883.2 233.98 0.018334
88.677 223.64 226.68 375.0 0.01814
1047.7 38.204 1191.8 375.0 0.018001
1115.1 333.95 1242.0 375.0 0.017991
326.29 163.62 350.21 247.09 0.017707
1216.9 345.0 1242.0 375.0 0.017699
0.0 110.31 43.435 151.31 0.017633
924.5 175.2 1238.2 339.5 0.017535
0.0 0.0 140.72 123.29 0.017496
738.64 106.5 788.86 262.24 0.017354
1076.1 196.37 1219.7 375.0 0.017318
148.62 216.73 290.5 375.0 0.017159
289.35 172.12 364.39 212.86 0.017119
875.04 10.03 1242.0 370.62 0.017117
0.0 344.97 21.93 375.0 0.017047
1015.1 209.58 1151.0 375.0 0.016916
850.55 16.732 1001.3 375.0 0.016855
1178.4 0.0 1242.0 102.95 0.016787
757.19 168.64 826.3 205.42 0.016624
28.544 153.04 75.14 324.06 0.016494
0.0 6.7468 32.412 199.49 0.016438
909.73 162.44 965.69 223.32 0.016426
797.83 184.98 887.24 244.89 0.016324
1226.0 129.14 1242.0 214.26 0.016207
831.56 136.78 861.61 219.83 0.016162
1036.6 73.767 1242.0 249.97 0.016065
770.08 160.21 794.96 254.07 0.016042
1145.4 11.305 1242.0 92.849 0.016035
0.0 198.1 91.735 252.99 0.016013
843.81 181.08 916.67 218.03 0.015984
825.82 134.31 938.82 243.92 0.015899
1096.5 78.38 1171.0 278.94 0.015849
1149.2 25.763 1242.0 107.94 0.015739
1.9023 160.11 66.334 245.1 0.015668
1136.1 0.0 1242.0 370.59 0.015658
0.0 302.4 46.158 375.0 0.015476
727.55 112.12 775.84 267.08 0.015396
976.91 209.5 1113.7 375.0 0.015296
1047.6 196.78 1187.8 375.0 0.01528
767.19 140.88 796.55 222.65 0.015114
1201.9 0.0 1242.0 150.93 0.015052
752.89 153.67 1242.0 375.0 0.015003
41.025 119.89 107.78 299.12 0.014872
389.47 158.72 440.25 206.84 0.01474
1033.6 38.616 1242.0 219.25 0.014735
0.0 289.71 38.869 331.75 0.014685
768.23 179.1 814.48 231.71 0.0146
1146.4 115.82 1242.0 202.02 0.014566
0.0 340.57 99.975 375.0 0.01455
1228.0 3.9832 1242.0 98.029 0.014537
411.07 144.43 436.8 218.16 0.014464
776.04 167.29 800.42 259.76 0.014449
753.98 189.19 818.62 228.98 0.014358
778.92 147.64 922.22 228.1 0.014352
0.0 170.03 501.73 375.0 0.014346
0.0 78.469 72.087 157.76 0.014328
0.0 194.48 111.74 344.47 0.014229
0.0 121.96 26.92 179.72 0.014177
0.0 158.99 59.981 200.81 0.014134
412.66 166.83 461.98 207.23 0.014106
1152.8 277.67 1242.0 363.6 0.014052
111.18 162.86 137.64 239.4 0.014047
27.986 144.77 65.071 263.91 0.014002
0.0 274.73 326.59 375.0 0.013855
725.64 149.63 776.83 203.2 0.013749
1040.7 104.95 1242.0 282.62 0.013746
126.83 179.29 153.26 263.31 0.013673
0.0 128.71 105.1 210.85 0.013606
1226.7 268.34 1242.0 349.88 0.01359
1146.9 133.06 1242.0 218.26 0.01357
926.67 135.05 984.82 306.38 0.013505
1206.2 149.2 1242.0 188.02 0.013499
1041.4 0.0 1185.6 198.32 0.013484
107.03 269.54 444.42 375.0 0.013476
0.0 142.67 143.79 225.01 0.013396
1194.4 366.13 1242.0 375.0 0.013378
788.03 138.29 902.13 243.83 0.013356
24.553 224.74 64.334 336.65 0.013201
1207.0 157.28 1242.0 195.37 0.013124
1202.0 71.829 1242.0 263.4 0.013093
921.85 95.023 1211.8 322.75 0.012994
928.88 0.0 1242.0 85.496 0.012835
0.0 0.0 80.705 40.22 0.012813
0.0 0.0 33.854 109.7 0.012812
0.0 34.905 141.74 253.03 0.012792
1198.4 232.55 1242.0 375.0 0.012672
986.08 0.0 1174.1 41.578 0.012661
1155.9 309.78 1242.0 375.0 0.012653
1023.1 166.46 1169.7 328.89 0.012536
1001.1 134.34 1072.4 326.97 0.012491
56.45 227.18 188.19 375.0 0.012302
1008.0 0.0 1155.3 204.52 0.012287
866.59 168.06 968.16 270.35 0.012181
802.37 134.72 978.69 214.59 0.012161
749.17 113.6 803.01 272.45 0.012152
785.28 109.63 843.44 276.1 0.012078
947.47 51.833 1090.8 375.0 0.011866
1031.4 165.61 1232.8 250.78 0.011585
1151.7 260.9 1242.0 346.93 0.011516
782.73 20.464 936.43 375.0 0.011419
179.2 217.19 321.06 375.0 0.011265
755.67 83.549 1111.9 251.96 0.011216
669.43 84.248 1060.5 257.24 0.011166
1070.9 0.0 1214.6 197.42 0.011091
1035.5 6.5648 1242.0 186.9 0.011087
857.22 125.34 905.45 292.04 0.011062
0.0 61.475 72.261 142.1 0.010994
975.37 0.0 1122.6 212.92 0.010788
1150.5 40.772 1242.0 122.91 0.010765
1148.0 150.13 1242.0 234.71 0.010765
1008.8 197.08 1194.7 287.66 0.010717
800.4 108.81 1140.4 279.16 0.010703
1148.9 101.95 1242.0 186.98 0.010671
1058.9 135.78 1198.8 260.85 0.010653
844.74 278.65 1172.3 375.0 0.010296
1028.1 134.02 1242.0 318.99 0.010207
24.07 227.08 151.95 375.0 0.010156
885.48 25.293 1024.2 375.0 0.010101
1200.2 104.63 1242.0 296.48 0.0097835
81.706 151.19 139.67 329.57 0.0097285
918.17 87.283 1242.0 251.65 0.0097236
1043.7 136.88 1231.0 217.34 0.0096921
0.0 0.0 197.83 187.7 0.00964
943.77 218.42 1079.8 375.0 0.0096226
1148.9 247.05 1242.0 332.57 0.0094765
1171.3 292.02 1233.7 375.0 0.0093556
14.224 154.62 139.07 308.53 0.0092334
632.2 0.0 1242.0 181.27 0.0092324
749.21 85.214 1026.9 308.15 0.0091345
880.59 162.05 994.93 273.77 0.0090431
0.0 228.3 125.68 309.34 0.0090232
0.0 47.893 53.308 159.48 0.0089644
520.44 0.0 897.8 85.949 0.008914
767.34 136.15 937.18 216.88 0.0088773
0.0 261.53 102.02 337.26 0.0087693
685.31 154.26 824.14 231.33 0.0087402
171.26 274.34 508.08 375.0 0.008658
831.94 128.42 881.14 290.04 0.0086137
969.06 184.7 1166.9 262.7 0.0085192
1139.3 108.18 1242.0 375.0 0.0084522
1161.5 0.0 1235.8 106.1 0.0083909
1147.4 166.79 1242.0 251.4 0.0083077
371.69 115.18 421.72 268.69 0.0082252
1036.1 166.37 1242.0 352.4 0.00821
1083.5 0.0 1242.0 42.912 0.0081424
0.0 234.73 206.31 375.0 0.0080729
211.52 221.25 352.19 375.0 0.0080563
943.17 0.0 1087.5 207.66 0.0080308
24.674 177.29 84.7 369.87 0.0080192
1049.5 0.0 1119.5 100.75 0.0079685
920.31 152.25 1190.4 362.52 0.0078319
1145.2 85.276 1242.0 170.84 0.0077969
1030.6 0.0 1102.1 98.421 0.0077145
1171.3 267.78 1242.0 375.0 0.0077128
826.64 0.0 1223.0 81.679 0.0075933
1169.7 106.3 1242.0 220.33 0.0075533
335.11 154.8 470.75 228.36 0.0074013
745.18 151.42 890.92 227.49 0.0071825
241.8 278.49 569.4 375.0 0.0071165
749.84 16.944 898.6 375.0 0.0070366
944.47 142.16 1003.4 318.98 0.0069482
987.37 140.55 1054.6 328.15 0.006944
933.2 0.0 1128.8 39.352 0.0069364
916.03 217.76 1048.2 375.0 0.0068537
1078.8 65.413 1156.3 271.27 0.0068334
0.0 0.0 65.867 55.661 0.006818
866.46 169.49 1041.8 245.15 0.0068093
1143.0 54.95 1242.0 137.91 0.0068077
0.0 161.11 85.136 375.0 0.0067739
591.0 286.18 916.32 375.0 0.0067542
277.89 228.85 412.0 375.0 0.006753
624.17 0.0 775.35 214.36 0.0067285
916.58 29.471 1059.1 375.0 0.0067161
689.83 0.0 837.02 215.72 0.0067002
1022.9 0.0 1208.4 39.351 0.0066897
246.15 219.07 383.03 375.0 0.0066389
1080.5 59.032 1242.0 292.15 0.0066363
983.65 163.31 1126.1 305.69 0.0066147
973.39 155.03 1039.2 332.98 0.0065812
883.21 124.71 1162.4 333.91 0.0065389
860.44 127.87 988.28 240.53 0.0065235
659.59 0.0 805.9 209.91 0.0065207
966.2 123.1 1238.9 334.52 0.0065168
699.62 140.07 809.76 239.84 0.0065061
310.63 289.4 619.02 375.0 0.0064323
56.764 24.569 192.17 375.0 0.0063697
1.0091 303.55 64.038 375.0 0.0063394
1153.7 298.7 1217.9 375.0 0.0063247
710.6 154.39 856.73 229.99 0.0062929
1076.4 0.0 1242.0 166.27 0.0062707
1067.0 0.0 1136.6 100.42 0.0062657
529.8 289.77 852.25 375.0 0.0061771
907.75 0.0 1058.4 208.56 0.0061593
803.32 0.0 1098.6 375.0 0.0061306
301.65 0.0 457.98 220.67 0.0061063
1016.3 0.0 1086.3 99.756 0.0060961
1149.1 230.46 1242.0 315.66 0.0060806
1144.3 69.566 1242.0 154.51 0.0060711
1174.5 26.673 1242.0 139.46 0.0060658
808.64 140.26 1147.6 303.72 0.0060201
217.78 0.0 617.42 92.602 0.0059713
976.26 0.0 1242.0 119.19 0.00596
1054.0 69.996 1125.4 274.68 0.005891
337.1 0.0 487.0 220.07 0.0058695
1170.5 138.31 1242.0 252.62 0.005796
1150.9 182.96 1242.0 267.62 0.0057742
868.32 185.08 1035.8 264.04 0.0057526
0.0 44.315 66.548 125.52 0.0056988
959.29 146.97 1019.7 326.76 0.005686
1201.5 7.6279 1242.0 204.07 0.005621
1050.5 153.67 1242.0 234.11 0.0056209
768.96 107.37 822.47 274.7 0.0056173
988.7 0.0 1139.4 49.615 0.0055082
303.37 114.36 356.02 276.01 0.005457
545.82 0.0 852.52 375.0 0.0054381
312.64 234.75 443.39 375.0 0.0054379
659.23 283.86 987.53 375.0 0.0054375
729.71 0.0 1035.1 375.0 0.0054142
875.3 0.0 1025.3 210.22 0.005319
919.12 100.46 988.48 288.13 0.0053103
1144.5 0.0 1220.8 111.58 0.0052662
793.19 125.58 926.42 233.9 0.0052278
309.25 0.0 1088.8 181.1 0.0051517
1056.8 331.45 1242.0 375.0 0.0050989
39.61 64.184 293.56 375.0 0.005056
872.13 142.47 918.94 313.5 0.00503
843.25 0.0 997.39 223.04 0.0050283
424.67 0.0 831.14 86.877 0.0048842
1112.0 93.051 1187.7 307.61 0.0048786
592.36 0.0 739.8 207.33 0.0048459
0.0 52.21 44.706 230.2 0.0048387
927.02 187.8 1092.2 262.41 0.0048308
1171.4 236.26 1242.0 351.79 0.0048208
893.26 0.0 1084.5 40.426 0.0048017
473.83 291.61 789.99 375.0 0.00478
0.0 339.34 148.65 375.0 0.0047588
9.8435 168.62 169.58 247.55 0.0047045
0.0 0.0 414.46 314.99 0.0046975
482.01 0.0 794.13 375.0 0.0046762
