215.65 191.89 371.65 281.19 0.99994
866.49 153.51 1096.5 230.42 0.99991
0.0 186.13 305.66 362.55 0.99986
787.85 161.43 930.14 210.19 0.99983
836.85 155.19 1053.2 225.02 0.99977
881.74 159.82 1132.6 242.3 0.9997
895.03 149.82 1071.5 244.31 0.99969
669.12 179.75 743.98 235.06 0.99969
960.29 156.45 1160.1 234.67 0.99966
867.76 147.46 1028.3 237.11 0.99933
1000.3 150.69 1155.0 245.77 0.99922
402.8 181.62 470.05 233.96 0.99917
908.84 152.16 1106.3 253.95 0.99889
465.24 182.59 512.06 212.77 0.99873
780.53 158.99 947.8 216.56 0.99868
0.0 204.77 250.45 375.0 0.99867
803.4 159.33 919.62 218.63 0.99827
809.28 159.16 984.06 221.95 0.99768
853.44 150.79 990.85 236.01 0.99685
797.65 151.52 933.77 222.13 0.9965
462.5 177.08 512.93 215.84 0.9947
832.22 151.36 967.08 233.02 0.99447
363.94 209.46 425.1 240.85 0.99369
477.58 182.61 519.34 211.72 0.99338
809.65 158.33 925.73 203.85 0.99308
792.01 158.32 904.47 204.83 0.9927
489.95 183.51 522.48 209.15 0.99153
1133.4 144.12 1234.7 189.2 0.9912
1078.1 147.6 1173.6 187.03 0.99055
79.724 195.69 329.16 375.0 0.99047
384.66 192.71 462.74 237.04 0.98759
496.0 184.42 522.83 204.59 0.98754
806.04 168.77 942.68 222.11 0.98567
0.0 97.753 471.04 375.0 0.98548
362.02 200.16 443.87 238.68 0.98495
1005.1 148.29 1169.3 225.62 0.98278
1148.2 139.04 1224.6 196.18 0.98192
183.59 201.71 358.22 291.77 0.98117
938.37 165.43 1149.0 242.61 0.98033
490.68 183.08 526.98 203.53 0.97936
682.5 177.4 748.24 215.93 0.97907
1039.1 144.61 1169.9 243.94 0.97895
1089.7 142.93 1164.1 195.43 0.97806
666.97 177.18 725.85 228.17 0.97699
1061.4 148.36 1159.2 188.65 0.97684
199.14 194.32 341.56 311.42 0.97674
510.2 183.76 534.5 202.95 0.97671
503.58 184.6 528.1 203.92 0.97636
377.57 196.17 444.04 242.83 0.97622
362.38 212.42 422.06 242.67 0.97341
676.33 176.36 735.58 225.26 0.97322
800.17 154.04 894.72 214.87 0.9715
227.41 201.51 350.49 305.15 0.96995
821.42 152.36 915.4 211.94 0.96654
816.86 167.37 922.54 230.99 0.96493
498.44 183.19 532.96 203.36 0.96051
864.57 160.12 1002.9 218.44 0.95651
0.0 157.63 388.2 375.0 0.95528
209.59 219.08 360.91 299.54 0.9552
142.35 178.41 367.01 361.85 0.95102
183.15 217.18 351.08 312.68 0.9499
907.49 144.45 1127.3 227.17 0.94878
1048.5 148.76 1166.5 199.52 0.94877
1139.1 138.72 1210.4 193.13 0.94851
258.3 185.46 380.17 278.02 0.94732
228.69 200.13 356.67 279.13 0.94616
666.53 178.3 732.52 214.83 0.94578
362.57 201.56 423.58 245.05 0.94
949.42 155.65 1124.6 255.92 0.93724
822.78 146.13 1017.1 221.17 0.93617
690.62 179.38 749.82 231.66 0.9332
462.51 181.63 518.68 210.65 0.93314
1037.5 148.74 1144.0 190.99 0.93236
1071.9 143.66 1149.5 196.82 0.9302
1083.7 149.21 1178.6 197.28 0.92772
634.19 176.18 659.78 194.07 0.92772
823.9 158.68 939.34 229.31 0.92335
514.23 182.41 538.01 200.43 0.91691
821.09 161.82 964.88 218.43 0.91562
1091.1 145.8 1179.9 182.39 0.91343
1144.7 134.72 1242.0 187.2 0.91299
1102.2 140.34 1170.6 192.32 0.91292
626.53 174.76 662.47 193.92 0.90927
182.39 203.44 326.87 338.4 0.90913
877.27 155.3 1015.0 212.29 0.90709
1038.6 141.8 1182.7 219.9 0.90397
417.57 180.52 476.27 228.64 0.9029
885.2 170.65 1084.0 240.44 0.89689
784.57 169.24 903.82 211.46 0.89448
382.2 186.74 447.95 238.49 0.88991
1018.9 151.42 1136.6 200.76 0.88417
0.0 239.03 311.22 375.0 0.87898
1120.5 146.1 1213.6 187.23 0.87791
790.67 169.06 959.66 225.4 0.87594
22.294 169.53 331.45 330.57 0.87455
480.89 185.53 524.62 209.36 0.86388
389.65 183.17 466.94 224.13 0.86193
886.12 144.13 1167.3 261.34 0.86058
937.87 142.12 1098.4 246.34 0.86015
777.6 147.45 909.31 218.75 0.85467
1101.3 146.07 1194.9 186.82 0.85125
1155.6 128.5 1233.7 191.94 0.8497
702.57 168.91 764.0 191.27 0.84091
1058.1 143.01 1135.1 198.77 0.8407
1059.1 145.02 1155.2 210.13 0.83515
1128.9 138.52 1196.6 189.67 0.8331
508.22 185.12 539.84 203.93 0.83109
873.16 154.89 987.17 228.86 0.82895
467.21 186.66 504.81 217.75 0.82763
913.36 118.62 1143.3 275.86 0.81823
697.99 175.23 752.04 219.15 0.8171
87.992 177.74 359.71 322.99 0.80164
919.99 149.43 1050.3 202.61 0.80116
845.08 167.47 992.44 223.02 0.80084
135.25 215.54 329.65 324.71 0.79506
1170.0 135.08 1239.2 193.87 0.79294
445.48 181.61 511.3 217.17 0.79122
407.37 189.34 466.45 226.03 0.79097
933.7 148.0 1045.8 191.8 0.79041
689.14 174.75 755.56 211.7 0.75891
366.54 209.17 428.68 239.41 0.74984
898.67 152.02 1029.6 202.0 0.74789
1043.0 145.73 1135.6 211.75 0.74456
152.0 207.69 317.8 350.78 0.74448
0.0 183.14 186.12 375.0 0.72983
859.28 178.11 1008.2 231.55 0.72767
694.12 171.9 759.64 200.46 0.72352
505.56 180.89 541.94 200.0 0.72015
1185.0 121.0 1240.0 188.07 0.71947
961.4 148.82 1060.8 190.8 0.7146
103.17 225.23 313.25 346.54 0.7141
181.18 165.92 397.83 345.27 0.71266
236.24 212.65 380.97 280.74 0.71207
806.54 157.23 902.72 192.88 0.7076
465.08 181.12 501.33 210.4 0.70206
1020.2 157.71 1150.3 211.72 0.7014
954.38 151.83 1071.5 202.6 0.69595
154.34 187.61 385.46 326.55 0.68987
242.47 197.55 367.13 263.07 0.68175
187.75 193.72 360.94 269.42 0.67747
0.0 234.26 202.35 375.0 0.67604
663.93 175.84 716.93 220.56 0.67462
675.83 182.59 730.81 215.11 0.67121
473.17 176.17 523.25 210.17 0.66674
488.84 185.98 516.06 209.87 0.66303
426.53 183.15 493.65 217.76 0.663
1068.1 151.28 1132.8 180.25 0.65258
1028.8 146.63 1120.4 213.69 0.65008
700.09 170.95 736.28 244.04 0.64631
125.99 210.02 355.7 375.0 0.64263
1060.4 139.11 1180.6 235.95 0.6422
652.14 176.23 759.03 238.43 0.62899
1203.1 109.35 1242.0 221.49 0.62816
681.66 173.11 714.91 239.06 0.62801
860.91 139.79 1112.3 256.39 0.62384
1117.3 139.91 1217.6 180.98 0.6212
362.13 191.09 454.59 232.81 0.61981
872.61 164.37 1022.4 228.76 0.6186
687.21 173.77 722.61 238.35 0.61691
224.61 187.93 379.27 261.86 0.61545
699.81 171.98 760.5 196.07 0.61238
692.87 171.77 728.96 238.52 0.60985
699.76 171.93 752.4 208.8 0.60747
54.86 120.25 213.2 375.0 0.59925
77.13 132.34 241.79 375.0 0.59454
1107.1 147.68 1172.3 175.57 0.59443
790.7 162.91 886.21 217.01 0.58904
670.57 185.99 730.44 222.15 0.58886
709.6 174.9 742.32 244.18 0.58846
111.98 146.44 255.26 375.0 0.5825
712.16 167.42 755.83 194.72 0.58193
35.786 174.65 167.59 375.0 0.58104
5.4196 194.31 110.49 375.0 0.57168
144.53 155.48 280.36 375.0 0.57094
669.47 179.76 725.27 209.59 0.56905
416.58 190.49 474.01 222.56 0.5687
416.68 175.29 452.82 235.24 0.56431
842.7 157.01 943.22 220.37 0.55243
40.252 258.86 398.35 375.0 0.55103
62.0 176.93 190.84 375.0 0.55072
850.72 155.66 969.75 228.44 0.5497
495.59 179.74 512.79 213.72 0.54559
675.5 169.3 706.01 236.86 0.54068
0.0 99.771 278.66 375.0 0.53757
0.0 0.0 292.73 375.0 0.53445
868.35 109.04 1093.2 267.04 0.53398
714.73 168.36 766.34 189.48 0.53158
492.17 177.52 510.55 214.64 0.53093
993.5 151.42 1115.3 202.51 0.5308
954.86 159.07 1091.7 213.84 0.53034
432.81 178.27 488.06 222.26 0.52843
366.5 208.88 412.23 243.4 0.52809
630.47 177.8 663.01 195.79 0.52806
681.58 165.74 702.39 225.33 0.52316
1162.7 132.69 1242.0 178.8 0.51954
185.8 173.2 307.4 375.0 0.51827
0.71455 210.69 75.487 375.0 0.51694
423.57 172.32 457.79 232.45 0.51489
370.52 188.24 435.03 239.1 0.51168
1049.1 152.94 1113.6 181.71 0.50946
197.18 185.03 337.56 279.08 0.50834
995.61 158.64 1131.2 212.76 0.5077
797.99 151.38 872.63 209.35 0.50149
1065.9 156.53 1131.9 186.19 0.50097
454.21 184.39 518.03 220.47 0.49968
710.51 170.4 751.62 200.05 0.49324
226.14 173.11 310.9 337.28 0.49306
487.45 175.49 506.96 215.44 0.47427
675.26 176.82 726.37 201.25 0.47329
373.25 210.11 438.33 236.53 0.4706
205.33 179.09 300.13 356.28 0.47041
430.23 174.79 461.28 232.84 0.46812
279.49 174.67 345.12 285.79 0.46735
1211.6 109.14 1242.0 208.94 0.46204
0.0 219.89 47.413 375.0 0.45517
1039.0 156.6 1164.2 206.61 0.45357
408.54 169.93 444.56 238.93 0.45345
482.21 177.71 504.62 218.78 0.45292
817.55 178.57 936.74 225.82 0.45272
680.67 176.87 721.03 210.49 0.44664
499.96 182.19 514.71 212.87 0.44457
1076.4 151.06 1147.9 180.47 0.4443
837.6 163.5 956.14 235.17 0.44063
1113.5 135.37 1181.2 187.85 0.43636
180.05 204.24 386.34 375.0 0.43392
1016.1 153.72 1111.6 190.62 0.43346
270.37 181.46 335.24 284.56 0.43247
162.67 174.58 413.07 304.27 0.43241
473.88 175.94 497.34 217.28 0.43128
252.92 171.11 325.82 298.4 0.4264
686.09 167.53 706.44 227.8 0.42638
458.47 188.63 506.31 214.17 0.4177
673.27 179.91 718.66 221.14 0.41277
1223.4 116.87 1242.0 209.2 0.41176
509.72 185.19 528.93 202.76 0.40597
831.1 155.78 924.84 194.5 0.40554
791.86 165.73 902.18 230.04 0.4052
1101.2 152.99 1194.1 194.34 0.40337
469.52 176.89 492.0 216.51 0.39471
0.0 0.0 156.69 375.0 0.3946
188.03 174.32 287.68 370.15 0.39441
945.93 145.83 1038.0 201.2 0.39403
479.1 176.29 500.64 214.97 0.39246
1199.0 109.94 1234.3 210.08 0.39095
399.78 169.07 435.5 239.82 0.38715
85.557 32.292 374.27 375.0 0.38235
433.1 189.68 472.2 223.82 0.38067
1091.6 150.91 1158.1 179.05 0.37341
690.15 166.31 711.38 228.42 0.37255
496.62 181.38 534.9 199.94 0.37146
674.52 179.4 713.94 213.33 0.37033
167.92 185.1 273.65 375.0 0.36519
1132.8 109.81 1238.2 206.42 0.35902
0.0 152.69 115.12 375.0 0.35747
969.93 146.5 1050.6 198.97 0.35618
724.56 167.49 762.44 194.75 0.35505
890.84 156.88 1038.2 217.22 0.35476
834.55 154.83 951.32 205.78 0.34875
1115.3 145.06 1178.0 195.63 0.34368
246.88 170.35 317.92 324.81 0.34215
678.37 168.5 697.59 225.47 0.34015
868.53 106.88 1170.1 251.6 0.33966
1052.3 155.92 1121.0 186.36 0.33849
983.82 150.61 1080.0 189.55 0.33549
682.5 176.72 716.56 202.04 0.33006
928.29 145.92 1040.8 214.2 0.32726
0.0 216.48 33.133 375.0 0.32504
669.88 178.68 717.77 201.2 0.3248
705.6 169.43 758.97 214.68 0.32315
680.02 179.09 730.0 224.22 0.32295
0.0 263.19 36.171 375.0 0.32175
1121.1 121.14 1242.0 196.15 0.3217
677.76 174.26 722.6 195.26 0.32066
1090.8 125.53 1200.4 223.19 0.32037
226.4 228.73 370.67 294.22 0.31997
412.49 191.95 463.61 233.71 0.31979
292.46 164.76 360.2 295.01 0.31867
1028.0 147.24 1102.6 202.57 0.31793
641.78 166.97 761.7 231.37 0.31648
1012.5 147.28 1102.5 213.16 0.31372
403.93 182.02 477.13 218.32 0.31242
682.73 179.13 734.31 210.62 0.3112
0.0 273.63 51.728 375.0 0.31049
1223.8 134.34 1242.0 226.73 0.31022
657.74 188.89 750.11 237.21 0.30843
1076.4 137.91 1212.3 213.24 0.30777
694.17 164.71 715.76 229.69 0.306
1081.2 126.92 1147.5 249.94 0.30151
271.54 187.0 412.29 263.38 0.29932
1146.9 149.45 1241.6 192.74 0.29839
258.0 174.12 320.36 277.4 0.29811
929.33 126.5 1219.2 263.66 0.29701
1064.1 131.12 1134.6 247.22 0.29505
77.537 212.01 306.72 366.8 0.29418
504.35 181.43 516.68 206.06 0.29147
683.82 166.23 699.73 215.39 0.28947
505.18 184.55 516.36 209.82 0.28851
484.33 173.65 503.13 213.23 0.28549
465.28 179.72 513.9 202.83 0.28386
821.68 112.75 1112.1 249.76 0.28361
811.48 156.0 890.85 206.42 0.28264
812.25 155.6 869.67 179.65 0.28261
473.85 170.25 502.33 221.2 0.28126
706.89 168.6 726.55 226.91 0.2791
4.3591 228.06 157.9 375.0 0.27751
684.11 175.65 714.16 197.38 0.27538
719.06 167.48 749.39 242.62 0.27507
685.65 183.07 738.33 216.92 0.27504
848.36 128.21 1068.4 204.64 0.2746
909.73 147.55 1015.4 213.08 0.27395
1213.3 128.96 1242.0 232.12 0.27393
1048.6 128.87 1122.4 258.16 0.27371
1075.1 148.29 1139.4 176.24 0.27296
697.57 171.43 751.41 189.84 0.27295
631.23 177.34 656.09 192.59 0.2729
214.48 142.09 335.89 375.0 0.27224
686.94 165.71 703.87 217.02 0.26795
1192.0 107.86 1227.0 205.45 0.26666
703.04 167.34 722.12 226.68 0.2647
1076.1 150.85 1124.1 187.47 0.26286
676.46 178.11 706.61 201.18 0.26229
284.9 175.87 404.66 274.83 0.26156
247.63 204.49 377.9 274.22 0.26063
262.09 199.13 402.96 272.74 0.25545
1019.8 132.83 1181.2 202.99 0.25277
1160.8 126.42 1192.8 199.99 0.2514
874.65 172.78 985.95 240.08 0.24988
1199.1 96.135 1242.0 258.09 0.24958
0.0 40.077 223.73 375.0 0.24827
627.47 172.66 666.06 190.05 0.24748
1033.1 131.74 1106.5 263.56 0.24633
961.41 146.28 1060.7 212.48 0.24559
927.79 156.27 1061.4 211.07 0.24548
689.57 165.68 721.26 228.28 0.2434
1184.4 108.16 1242.0 210.03 0.2431
681.45 164.18 710.28 224.09 0.23847
237.8 211.66 369.27 290.19 0.23824
969.63 162.86 1111.0 220.4 0.23776
1019.3 132.89 1089.7 268.86 0.23606
867.06 178.13 1043.3 243.81 0.23593
699.76 168.78 718.11 225.61 0.23364
1224.3 151.3 1242.0 242.17 0.23331
1117.2 120.64 1226.0 215.53 0.2331
676.11 173.46 743.74 204.48 0.23149
721.75 156.13 741.61 210.02 0.23085
468.03 172.06 494.98 226.06 0.23063
439.5 186.23 509.04 222.38 0.22989
1182.5 135.41 1242.0 176.51 0.22854
679.27 176.88 705.17 196.74 0.22813
1120.6 130.01 1152.4 200.85 0.22757
755.46 161.07 914.14 222.23 0.22754
726.06 157.83 746.22 210.64 0.22588
393.55 172.53 426.72 242.66 0.22437
1106.5 135.64 1238.1 207.41 0.22256
498.89 188.09 529.24 206.11 0.22238
1204.3 122.12 1242.0 180.26 0.2216
975.11 98.688 1208.9 275.01 0.22128
512.58 185.03 532.26 201.53 0.22041
1114.2 145.14 1162.7 182.78 0.21918
1217.2 121.45 1242.0 181.79 0.21857
786.68 160.39 864.37 211.5 0.21612
13.545 284.25 87.218 375.0 0.21525
0.0 246.88 180.44 356.56 0.21147
1040.2 156.58 1110.1 184.97 0.21009
0.0 328.99 16.251 375.0 0.20946
1020.0 155.47 1127.4 221.74 0.20924
1057.9 152.53 1106.3 185.36 0.20842
1167.2 125.2 1201.2 201.36 0.20793
1004.4 128.23 1075.3 268.81 0.20764
962.42 82.603 1077.9 335.58 0.20739
243.82 162.33 309.01 277.2 0.2062
0.0 79.541 74.5 375.0 0.20487
673.36 176.0 713.56 195.59 0.20456
480.51 172.25 507.83 222.95 0.20409
513.67 181.72 525.35 205.92 0.20248
1112.8 129.58 1145.0 202.0 0.20043
508.59 180.66 520.5 205.62 0.19987
1195.4 130.31 1242.0 194.8 0.19968
438.1 169.18 466.56 232.51 0.19728
707.95 172.12 748.17 194.72 0.1966
0.0 316.02 48.267 375.0 0.19592
271.27 197.6 382.69 259.6 0.19571
680.3 167.55 695.75 215.6 0.19531
985.0 120.42 1056.9 257.58 0.19509
374.0 205.16 431.51 242.77 0.19437
1149.6 92.059 1214.7 240.0 0.19351
1153.2 125.71 1185.0 199.94 0.19269
809.74 159.47 871.19 185.64 0.1921
1065.3 151.89 1115.1 186.5 0.19168
496.42 182.86 509.88 217.36 0.19166
0.0 255.16 109.9 375.0 0.19135
995.07 146.8 1081.4 213.81 0.19083
406.23 191.84 478.13 229.26 0.1908
1127.3 127.31 1158.4 201.88 0.19043
1166.6 87.914 1227.2 237.44 0.18815
1183.4 110.11 1218.5 198.78 0.1876
691.76 173.55 750.68 193.95 0.18694
480.59 181.01 525.71 202.54 0.18625
1129.5 136.62 1235.8 179.87 0.18576
202.34 161.03 284.46 343.09 0.18557
1073.8 159.55 1176.0 204.41 0.18554
516.82 182.27 529.01 207.27 0.1854
381.12 211.05 428.13 241.02 0.18509
0.0 327.71 25.335 375.0 0.1849
1166.8 118.52 1242.0 200.2 0.18373
0.0 276.13 17.125 375.0 0.18325
1157.7 133.66 1242.0 217.37 0.18275
729.28 159.6 749.16 212.76 0.18158
353.35 204.15 409.32 246.37 0.18063
710.06 166.7 730.5 226.49 0.18043
0.0 177.91 78.776 375.0 0.18043
364.27 174.88 495.19 241.6 0.18017
862.15 137.27 897.81 220.82 0.17962
1163.2 147.17 1229.7 196.32 0.17895
467.0 175.21 485.07 214.73 0.17825
883.08 148.76 990.96 216.18 0.17786
0.0 271.54 32.326 375.0 0.17767
1059.6 130.85 1208.7 203.37 0.17649
852.9 144.19 891.92 229.09 0.17643
934.32 88.746 1046.4 338.56 0.17556
969.63 120.22 1041.7 253.34 0.17499
1096.7 124.5 1160.9 258.74 0.17338
886.76 136.29 942.84 244.86 0.17265
685.07 176.53 736.53 201.08 0.17182
705.83 175.73 743.99 198.54 0.17133
0.0 243.2 139.33 375.0 0.17082
991.24 67.639 1109.1 334.28 0.17081
0.0 218.62 229.75 347.83 0.17049
1080.3 125.92 1227.2 199.64 0.16866
475.31 172.3 494.59 211.81 0.16803
382.18 179.8 444.38 228.95 0.16742
1224.5 102.61 1242.0 189.5 0.16724
720.3 167.25 770.28 186.65 0.16569
715.01 166.08 764.19 201.46 0.16566
926.95 124.31 993.66 246.12 0.16491
385.05 184.72 416.12 245.04 0.16434
1180.0 138.43 1242.0 247.89 0.16379
912.71 126.7 975.84 246.53 0.16249
390.2 206.64 443.69 234.85 0.16214
1071.8 125.74 1107.4 215.43 0.1611
694.66 166.13 768.29 194.45 0.15922
0.0 264.89 22.687 375.0 0.15847
1214.9 153.1 1242.0 256.24 0.15838
872.64 184.99 1015.7 238.14 0.15828
684.77 181.09 761.95 223.91 0.15761
953.48 119.34 1024.6 246.3 0.15744
689.06 179.82 742.16 208.15 0.15725
1081.7 148.57 1131.6 183.6 0.15632
757.07 173.15 922.1 230.79 0.15489
696.38 165.87 714.04 220.83 0.15395
1037.6 153.74 1103.6 180.23 0.15393
815.2 134.55 853.85 219.35 0.15377
899.61 128.35 959.32 245.37 0.15288
878.84 102.25 947.75 240.17 0.15266
1104.7 131.95 1138.2 206.93 0.15201
893.23 104.13 962.7 240.49 0.15183
942.65 119.29 1009.0 240.37 0.15142
0.0 336.0 79.788 375.0 0.15133
1198.0 67.655 1242.0 228.64 0.15071
1147.2 121.78 1174.3 197.25 0.1495
869.16 132.47 904.68 226.46 0.14881
869.35 139.21 922.9 245.02 0.14661
431.86 178.03 455.48 235.3 0.14658
857.78 155.77 988.55 205.63 0.14647
845.71 143.78 884.26 228.47 0.14621
1080.1 128.23 1115.4 213.64 0.14548
1136.6 89.584 1201.8 233.08 0.14491
832.9 178.73 963.0 227.35 0.14443
946.74 145.28 1054.6 183.12 0.14367
1225.4 165.02 1242.0 258.06 0.1431
235.76 226.04 363.54 280.81 0.14309
665.58 180.6 714.56 207.21 0.14307
1063.2 125.14 1098.8 217.96 0.14306
0.0 320.09 65.761 375.0 0.14292
1194.0 116.86 1242.0 177.08 0.14271
668.36 161.66 692.61 225.83 0.14259
663.12 160.39 763.77 239.06 0.14212
1175.3 110.47 1212.2 194.71 0.14206
1183.4 78.729 1242.0 241.51 0.14136
1044.6 161.16 1117.2 189.82 0.14082
1205.4 125.36 1242.0 166.15 0.14054
694.2 174.5 760.09 201.71 0.14041
410.71 185.3 470.74 218.42 0.14003
1053.7 114.88 1120.6 236.77 0.13927
673.04 164.8 699.93 228.59 0.13698
1155.8 153.0 1242.0 234.63 0.13687
693.18 183.33 746.54 213.8 0.13635
682.99 174.8 709.06 193.42 0.1358
884.02 149.52 1010.8 198.53 0.13542
30.284 281.73 103.18 375.0 0.13522
990.53 149.54 1060.1 198.73 0.13504
1096.2 131.45 1130.5 208.41 0.13263
1217.5 133.89 1242.0 194.82 0.13228
1076.8 157.29 1147.7 186.62 0.13218
1055.2 124.54 1090.2 218.21 0.13164
415.5 198.89 472.35 226.48 0.13161
1137.3 121.46 1164.8 197.6 0.13151
1088.7 128.38 1122.2 210.81 0.13116
1106.6 151.23 1169.3 181.26 0.13023
675.5 177.99 701.23 197.33 0.12968
429.77 172.34 450.22 232.0 0.12924
1116.1 105.04 1178.0 248.95 0.1288
472.0 183.48 509.94 207.94 0.12807
718.71 170.61 755.53 201.96 0.12788
472.46 171.57 499.22 233.16 0.12772
1073.3 153.96 1165.7 214.62 0.12764
853.19 134.6 904.36 235.64 0.12749
823.0 136.33 862.57 223.09 0.127
864.03 105.94 929.18 241.06 0.12674
0.0 313.49 119.51 375.0 0.126
475.81 186.85 508.43 213.27 0.12515
506.49 187.92 533.76 205.21 0.12444
44.713 278.74 119.83 375.0 0.12431
718.57 159.04 736.52 211.59 0.12364
1039.5 111.58 1108.0 244.55 0.12307
685.27 168.97 698.38 208.8 0.12262
1013.7 150.6 1078.8 200.05 0.12167
17.786 162.52 128.09 375.0 0.12082
1206.5 138.54 1242.0 181.12 0.12002
1224.6 341.02 1242.0 375.0 0.1198
0.0 166.16 36.646 368.87 0.1183
673.1 179.24 706.24 207.56 0.11792
664.71 184.87 720.24 217.77 0.11747
640.31 172.0 653.04 200.02 0.11691
471.29 171.86 489.73 210.64 0.11401
437.1 176.35 458.8 233.41 0.11398
1204.6 130.19 1242.0 293.1 0.11375
1166.5 105.21 1242.0 184.68 0.11336
183.76 160.06 454.87 299.65 0.11334
257.75 193.94 367.64 246.12 0.11322
1031.8 161.86 1162.0 218.6 0.11207
820.1 153.81 860.58 182.02 0.1115
1071.2 154.43 1209.7 224.92 0.1113
1064.2 148.98 1126.3 174.38 0.1112
883.78 128.37 1036.4 225.45 0.111
1219.1 110.26 1242.0 168.06 0.11091
377.46 183.48 407.17 241.43 0.11078
398.56 191.35 455.32 224.04 0.11066
903.45 95.572 1014.1 347.84 0.11064
119.97 234.84 335.29 366.79 0.11034
859.74 143.39 899.82 238.79 0.11017
691.62 164.97 706.73 210.16 0.11012
836.98 140.41 875.59 226.73 0.10968
831.24 170.65 907.8 202.76 0.10934
166.09 233.4 359.82 337.22 0.10891
169.61 191.43 328.17 298.97 0.10833
445.15 182.05 466.5 227.74 0.10797
669.54 165.1 695.85 235.81 0.1077
847.73 114.0 907.52 233.33 0.10733
839.42 135.88 889.1 235.97 0.10702
1219.0 151.96 1242.0 210.06 0.10639
783.77 135.2 1048.4 262.64 0.10501
0.0 327.51 151.17 375.0 0.10493
783.93 158.99 871.57 200.11 0.10467
974.07 153.68 1039.8 181.59 0.10418
974.06 154.81 1079.3 222.32 0.10351
364.22 187.69 422.02 237.11 0.10301
1021.9 105.67 1092.1 251.53 0.10261
1182.0 156.72 1242.0 265.43 0.10239
831.36 134.13 868.96 222.52 0.10235
1033.7 166.66 1181.6 240.77 0.10166
250.4 175.89 404.75 254.19 0.099287
688.59 167.96 702.13 204.84 0.099089
1094.9 146.64 1145.3 183.9 0.097277
0.0 168.51 567.32 375.0 0.097134
426.81 169.56 445.06 231.81 0.097061
453.83 184.49 498.0 209.38 0.096715
882.33 134.28 1094.0 206.0 0.096715
1018.6 53.391 1138.7 346.63 0.095491
715.09 165.55 734.85 225.98 0.095213
728.13 164.45 755.16 246.94 0.095037
0.0 223.45 119.39 355.84 0.094326
677.3 172.26 715.46 191.12 0.094173
1047.5 116.98 1084.5 229.02 0.094145
1161.2 167.91 1242.0 249.73 0.092475
638.37 172.57 649.6 197.91 0.092343
879.8 175.21 1045.0 232.7 0.092297
809.44 132.65 842.98 216.31 0.091974
1197.5 288.74 1242.0 375.0 0.091952
1217.3 163.45 1242.0 219.46 0.09157
682.47 170.97 694.92 208.96 0.091043
440.41 175.97 462.88 229.72 0.090826
734.0 161.33 752.36 206.43 0.090771
391.35 200.37 449.28 233.06 0.090225
0.0 272.01 137.46 361.1 0.089919
390.21 211.44 438.97 237.45 0.089399
1027.9 145.52 1134.7 183.59 0.089135
0.0 248.57 66.192 375.0 0.088659
1055.3 69.525 1242.0 252.77 0.088473
1023.5 132.78 1153.1 225.27 0.088387
188.18 184.95 374.22 254.96 0.088288
484.84 190.39 521.51 209.4 0.088254
427.91 194.77 475.5 219.9 0.088131
1043.5 164.52 1110.8 195.22 0.088111
1050.7 154.15 1097.7 183.0 0.087507
1209.8 119.25 1242.0 158.97 0.087353
686.46 174.09 732.69 194.64 0.086886
1012.5 180.17 1173.9 255.12 0.08647
313.05 150.59 377.45 295.67 0.086093
1144.7 329.5 1242.0 375.0 0.085878
77.077 208.0 317.17 309.44 0.08559
808.69 166.47 898.63 197.71 0.085317
0.0 308.58 15.4 375.0 0.085245
387.14 170.17 418.55 247.02 0.085081
378.02 195.78 403.91 242.7 0.084682
0.0 351.27 15.804 375.0 0.084581
430.59 200.06 471.77 226.28 0.084429
0.0 270.74 83.089 353.24 0.084338
1173.0 128.49 1242.0 169.86 0.084182
909.62 145.08 1033.5 186.61 0.084003
724.39 159.78 743.11 217.47 0.083893
1226.5 187.21 1242.0 275.94 0.083678
1016.0 112.8 1050.7 229.39 0.083529
395.06 189.75 449.71 218.99 0.083486
996.65 164.44 1147.5 225.03 0.083374
1237.7 112.15 1242.0 163.3 0.083204
379.42 202.61 398.19 247.15 0.0827
459.68 183.26 490.07 209.44 0.082553
1146.9 145.39 1206.0 180.11 0.082505
1079.6 137.63 1097.0 195.58 0.082228
358.13 208.84 417.63 235.75 0.081426
958.49 174.48 1115.9 235.43 0.081352
402.34 195.77 462.17 228.27 0.081201
1205.4 361.0 1242.0 375.0 0.081181
600.37 177.59 617.02 188.77 0.08112
1075.4 138.35 1092.9 195.37 0.081046
130.6 272.95 446.33 375.0 0.080558
1094.0 140.81 1188.6 175.99 0.080379
0.0 135.43 194.57 314.49 0.080124
459.7 163.94 485.12 226.21 0.080084
1039.0 115.94 1074.8 228.76 0.080044
1219.0 355.81 1242.0 375.0 0.079775
677.08 168.36 690.87 213.28 0.079518
1141.5 0.0 1242.0 355.03 0.079001
690.44 177.91 726.05 202.75 0.07881
827.48 138.92 844.67 190.27 0.078771
0.0 241.8 14.841 363.64 0.078587
879.58 128.17 915.11 227.66 0.078318
58.633 276.1 133.32 375.0 0.077937
55.118 215.68 315.22 331.46 0.077318
497.95 188.09 517.33 203.69 0.077301
520.31 182.03 531.64 205.64 0.077024
907.85 129.16 949.23 233.43 0.076844
356.0 164.58 474.04 253.07 0.075989
1071.7 136.79 1088.5 195.07 0.075945
464.37 189.17 496.11 215.69 0.075909
0.0 181.27 52.413 365.0 0.075494
1205.2 146.26 1242.0 188.34 0.075414
1062.2 0.0 1242.0 375.0 0.074778
0.0 322.04 196.89 375.0 0.074735
1024.2 116.66 1059.3 230.05 0.074646
841.03 0.0 1242.0 177.05 0.07418
11.23 311.87 154.62 375.0 0.074024
1135.2 134.13 1154.5 190.0 0.07366
826.04 133.56 874.37 237.04 0.073288
673.16 176.78 696.95 195.8 0.073163
805.25 162.62 873.54 190.97 0.07316
696.24 165.65 710.59 213.72 0.073026
0.0 360.03 39.319 375.0 0.073002
480.7 162.74 506.32 214.86 0.072821
1180.8 146.74 1242.0 190.64 0.072679
183.79 156.95 265.02 351.18 0.072609
448.03 164.82 474.8 230.82 0.07241
471.89 191.01 511.91 215.36 0.071914
1084.0 137.32 1101.6 194.37 0.071803
996.33 154.15 1055.8 181.26 0.071487
705.59 163.27 759.89 200.54 0.071458
342.05 202.12 422.89 237.8 0.071075
1053.7 163.2 1126.8 193.02 0.070837
0.0 254.61 82.705 335.68 0.07061
240.37 184.21 314.88 375.0 0.070405
346.57 185.7 484.69 250.13 0.070345
705.42 173.35 749.35 206.92 0.070078
137.48 241.08 401.31 375.0 0.069982
208.6 228.24 344.41 375.0 0.069511
900.83 131.19 942.38 235.72 0.069474
1236.7 130.84 1242.0 182.87 0.069166
434.13 164.95 452.67 229.32 0.069037
983.25 175.84 1141.2 237.14 0.068876
764.95 102.7 1041.9 237.61 0.068814
223.61 145.5 293.45 284.48 0.068469
295.96 176.44 349.8 311.65 0.068221
1131.1 135.14 1149.6 189.39 0.068054
458.34 193.56 501.07 216.71 0.068004
916.15 128.42 956.96 232.42 0.067722
1064.5 119.34 1129.8 278.19 0.067662
519.94 181.9 542.42 197.21 0.067517
425.32 195.93 472.26 230.78 0.066833
1008.7 112.57 1043.8 227.23 0.066519
1099.8 94.881 1163.1 237.93 0.066485
695.85 177.64 737.41 210.5 0.066412
463.09 173.76 478.22 215.78 0.066142
994.61 155.44 1102.2 221.54 0.065792
670.14 172.78 721.47 212.63 0.06556
628.7 177.23 649.76 191.91 0.065448
349.16 213.86 423.47 246.77 0.065359
513.87 182.73 523.61 210.42 0.065108
10.495 244.92 85.312 375.0 0.064857
513.23 187.09 545.6 202.88 0.064787
675.92 169.73 692.61 226.68 0.064647
403.37 183.29 464.81 215.14 0.06383
168.9 97.733 424.87 375.0 0.063709
1208.1 155.45 1242.0 197.15 0.063442
1032.1 114.22 1066.9 230.97 0.063393
9.3828 331.45 39.841 375.0 0.063339
1091.6 134.51 1110.0 194.04 0.063157
1209.5 163.8 1242.0 205.02 0.063102
504.77 177.66 542.17 195.48 0.06259
1177.1 319.4 1242.0 375.0 0.062387
467.74 193.24 502.73 219.41 0.062358
1087.4 136.64 1105.9 193.44 0.062076
820.54 156.63 884.39 180.24 0.062041
1002.5 122.99 1033.1 210.61 0.061415
0.0 283.51 100.08 364.13 0.061375
478.62 168.47 504.19 235.83 0.061326
290.12 200.37 388.06 251.67 0.061131
839.84 166.66 906.76 195.6 0.06096
509.23 183.36 519.28 210.78 0.060929
1206.6 172.21 1242.0 212.2 0.060829
1181.7 80.111 1242.0 188.4 0.060719
1024.4 139.61 1039.7 194.95 0.06049
375.12 202.31 394.03 247.26 0.060313
1205.7 179.8 1242.0 220.64 0.059368
1160.0 89.364 1242.0 171.85 0.059054
0.0 299.18 78.901 375.0 0.058628
371.13 192.05 395.47 243.37 0.058445
767.75 137.29 959.41 209.83 0.058325
830.18 149.28 1139.3 279.21 0.058257
1068.5 136.47 1084.6 195.55 0.058017
1056.2 102.78 1242.0 284.45 0.057986
0.0 242.41 148.03 338.55 0.057934
0.0 214.14 51.256 335.95 0.057498
1091.7 156.6 1157.5 185.22 0.057277
1113.2 120.1 1171.9 269.63 0.057166
1052.8 149.68 1110.7 174.89 0.057089
505.02 189.44 522.55 203.42 0.057008
1127.6 134.49 1145.8 190.81 0.057007
1216.1 178.39 1242.0 234.95 0.056858
813.69 162.79 893.85 190.61 0.056853
1139.6 130.13 1157.3 190.0 0.056731
668.75 179.58 707.53 199.72 0.056719
0.0 222.79 14.769 335.4 0.056607
1162.9 182.32 1242.0 264.63 0.056432
977.68 117.46 1010.9 211.24 0.056202
423.5 169.98 441.42 229.76 0.056162
1020.3 137.53 1036.1 194.49 0.056126
1187.0 115.04 1242.0 271.24 0.056053
189.37 182.5 450.48 322.61 0.055921
1032.8 0.0 1242.0 88.729 0.055852
500.13 183.03 512.0 217.79 0.055789
1053.0 157.15 1104.7 189.46 0.055608
955.02 92.545 1242.0 248.09 0.0553
985.88 119.26 1018.7 211.81 0.055127
1010.5 119.83 1039.4 208.88 0.055113
1236.6 118.66 1242.0 172.32 0.054876
1138.5 0.0 1242.0 189.21 0.054759
994.39 123.05 1026.2 213.25 0.054678
481.75 188.03 510.59 210.77 0.054599
1096.0 135.07 1113.9 193.58 0.054473
391.61 184.59 421.27 246.46 0.054418
383.52 180.27 467.78 215.42 0.054384
429.24 178.95 500.21 213.35 0.054379
691.21 176.03 723.42 196.46 0.054347
1213.9 119.98 1236.0 192.23 0.054335
1099.8 134.68 1117.8 195.19 0.054289
1089.1 53.543 1242.0 283.28 0.053921
1109.9 136.26 1200.6 175.79 0.053731
893.89 128.6 933.5 232.15 0.053721
383.58 204.15 401.73 248.88 0.053676
425.29 178.95 448.14 237.53 0.053639
147.48 140.71 239.66 375.0 0.053581
729.5 166.52 767.69 191.47 0.05357
638.04 157.02 749.85 241.08 0.05353
866.37 127.16 896.84 211.88 0.053338
832.04 138.02 848.17 191.3 0.053327
1040.8 125.81 1071.5 214.4 0.053201
1201.9 128.38 1232.4 238.27 0.0529
0.0 212.57 13.399 315.23 0.052772
668.11 176.96 703.0 194.57 0.052758
0.0 193.81 13.246 293.8 0.052613
1113.1 144.43 1171.7 170.11 0.052539
438.89 165.4 456.55 227.03 0.052283
1034.4 162.73 1162.4 264.42 0.052122
816.56 159.95 889.31 184.84 0.051512
395.96 195.7 473.56 236.12 0.051387
516.05 181.18 548.2 197.49 0.050736
0.0 258.01 204.17 372.72 0.050387
1087.1 97.279 1149.5 234.33 0.050383
738.04 159.98 755.68 205.71 0.050274
1056.8 266.11 1242.0 375.0 0.049723
248.19 99.84 368.96 375.0 0.049716
1158.1 98.321 1242.0 204.2 0.049668
817.21 157.6 861.98 189.1 0.04963
1105.1 109.27 1242.0 188.65 0.04963
1103.3 135.07 1120.9 195.43 0.049589
824.82 142.38 839.89 188.84 0.049203
702.34 167.62 754.16 186.34 0.049107
1030.6 157.42 1096.8 184.33 0.048514
74.191 269.19 149.57 375.0 0.048495
0.0 237.37 79.423 320.13 0.048031
0.0 0.0 359.45 180.65 0.047988
467.34 180.29 484.68 225.69 0.047947
963.22 153.21 1028.9 180.95 0.047845
450.23 178.19 468.3 226.22 0.047248
1079.7 154.84 1136.4 191.6 0.046982
1217.7 116.46 1239.1 194.02 0.046936
1206.8 159.09 1242.0 332.54 0.046279
426.11 187.12 476.28 214.13 0.046196
949.81 0.0 1242.0 236.03 0.046194
870.79 87.501 984.34 356.07 0.045935
1111.8 134.46 1127.8 188.52 0.045791
1044.9 18.835 1186.6 351.75 0.045747
1107.6 134.79 1124.4 194.72 0.045743
293.14 185.81 441.38 260.84 0.045583
798.37 170.57 872.99 202.05 0.045258
1123.7 133.89 1141.1 190.64 0.045241
1135.1 199.9 1242.0 375.0 0.044949
0.0 0.0 179.25 90.327 0.044897
401.26 209.03 439.16 238.58 0.044728
1120.1 134.28 1136.6 190.02 0.044489
678.63 170.58 690.76 203.5 0.044461
721.18 165.56 740.0 221.98 0.04414
675.96 149.06 724.23 259.19 0.043864
1115.8 134.41 1131.9 188.91 0.043642
644.72 172.12 656.74 201.61 0.043474
675.15 175.55 699.91 193.69 0.043033
1065.1 137.27 1080.2 195.71 0.042631
980.57 156.69 1047.5 184.73 0.042369
697.79 176.98 730.65 196.84 0.042329
962.64 129.58 1163.2 204.21 0.042032
598.85 175.76 615.45 187.9 0.041988
668.58 175.46 691.52 194.35 0.041949
0.0 144.61 30.426 334.74 0.0418
0.0 219.98 81.7 303.18 0.041337
821.57 114.08 876.77 223.16 0.040153
0.0 229.93 188.57 327.95 0.04012
688.64 147.86 735.65 261.16 0.039731
1161.6 199.82 1242.0 282.11 0.039002
808.48 128.98 856.97 245.56 0.038542
0.0 0.0 72.967 186.89 0.038329
205.83 218.94 342.15 345.91 0.038074
125.4 199.59 338.0 287.53 0.037715
806.09 125.71 1022.2 207.39 0.037243
258.38 218.37 407.74 286.82 0.036356
647.93 183.75 769.78 247.3 0.036144
921.11 137.58 1060.5 230.56 0.036082
862.99 125.65 1007.2 230.08 0.035708
187.36 280.99 261.53 375.0 0.035309
1180.4 186.9 1242.0 299.28 0.034984
883.72 0.0 1242.0 319.52 0.034363
0.0 186.25 70.808 270.64 0.034061
1093.2 154.39 1242.0 224.73 0.034032
118.15 326.39 316.77 375.0 0.033445
0.0 203.63 74.936 285.8 0.032582
28.317 231.21 100.81 375.0 0.032561
202.21 276.48 276.03 375.0 0.032395
1080.4 0.0 1242.0 119.99 0.031216
40.374 313.4 188.59 375.0 0.031085
1069.9 91.896 1133.7 234.53 0.030942
371.86 159.94 521.62 234.86 0.030892
947.65 191.96 1127.9 263.79 0.030782
306.65 171.88 425.07 269.6 0.029604
0.0 101.89 190.84 284.07 0.028871
1199.5 25.499 1242.0 212.22 0.028849
690.16 128.84 740.07 250.06 0.028836
1105.5 139.03 1224.5 235.11 0.028264
198.23 244.1 365.4 328.08 0.028204
917.83 130.83 1125.3 205.3 0.028135
1079.6 12.066 1219.7 354.24 0.027773
0.0 0.0 83.297 42.159 0.02776
663.43 178.25 783.54 241.65 0.027697
0.0 0.0 35.19 106.39 0.02767
41.116 230.61 118.59 375.0 0.027334
0.0 187.68 52.517 301.58 0.027162
1036.8 2.1275 1242.0 193.68 0.026687
172.77 276.74 244.98 375.0 0.026044
1139.5 0.0 1242.0 42.316 0.025651
92.715 256.62 307.37 369.89 0.025345
1082.0 133.01 1142.1 292.04 0.025032
0.0 0.0 276.29 241.69 0.024956
0.0 296.25 172.05 375.0 0.024945
1132.4 119.1 1189.8 279.0 0.024876
170.97 143.48 246.59 362.59 0.02467
1170.0 119.08 1224.0 269.58 0.024246
330.42 144.39 391.72 303.6 0.02423
92.866 260.22 165.52 375.0 0.024209
756.82 140.44 883.13 227.49 0.023981
0.0 171.89 73.128 253.2 0.023892
834.73 87.626 949.1 368.28 0.023768
1151.8 72.379 1242.0 155.42 0.023737
659.07 162.51 789.46 230.01 0.023641
281.08 182.79 334.49 323.72 0.023613
1163.1 216.02 1242.0 297.18 0.023415
268.46 171.79 432.52 249.56 0.023379
0.0 0.0 136.87 121.29 0.023134
216.21 272.0 292.27 375.0 0.022972
907.2 71.425 975.61 242.73 0.022862
1200.6 0.0 1242.0 90.775 0.022292
803.17 109.67 858.59 234.07 0.021365
143.35 126.68 451.96 282.1 0.021211
1207.7 187.32 1242.0 367.51 0.020793
923.82 75.363 990.23 238.31 0.020691
31.043 317.8 242.01 375.0 0.020616
299.8 139.57 364.76 288.73 0.020498
384.65 173.45 526.47 240.03 0.020337
1065.8 133.13 1242.0 310.28 0.020284
146.98 315.94 288.67 375.0 0.019852
1155.1 313.16 1242.0 375.0 0.019674
673.82 166.58 778.43 249.49 0.019663
916.93 147.38 1242.0 375.0 0.019628
1151.4 117.03 1207.5 273.64 0.019471
1206.2 236.6 1242.0 375.0 0.01938
56.592 225.86 134.38 375.0 0.019131
10.824 167.44 92.693 375.0 0.019119
812.28 131.35 946.0 229.66 0.018906
213.67 162.93 310.37 375.0 0.018877
335.68 161.74 499.3 236.42 0.018521
337.34 176.9 461.65 256.07 0.018357
203.1 147.71 519.39 295.81 0.018101
274.7 202.78 401.04 292.93 0.017882
210.17 47.36 350.84 375.0 0.017828
1160.2 232.39 1242.0 313.89 0.017802
399.96 141.08 455.6 274.62 0.017737
48.626 169.18 148.47 375.0 0.0177
150.9 326.61 354.36 375.0 0.017664
957.15 0.0 1242.0 375.0 0.017242
829.65 122.03 967.33 227.79 0.017203
0.0 158.02 71.27 237.67 0.017085
155.84 271.69 227.92 375.0 0.016995
1004.0 112.28 1242.0 269.34 0.016732
288.07 203.49 434.47 274.36 0.016683
940.06 78.925 1004.6 243.97 0.016653
990.17 124.97 1127.3 225.04 0.01664
66.845 321.98 274.5 375.0 0.016236
234.06 276.07 306.55 375.0 0.016224
863.77 162.66 1002.1 248.38 0.015954
0.0 158.74 52.855 268.11 0.015881
1103.2 93.564 1234.5 207.78 0.015867
0.0 0.0 67.045 55.93 0.0158
385.56 130.53 443.07 272.98 0.015733
728.57 132.73 927.15 205.98 0.015716
1161.0 279.91 1242.0 362.82 0.015264
902.27 191.99 1086.7 262.68 0.015251
663.47 137.02 711.73 269.97 0.015092
0.0 96.947 132.24 318.57 0.014979
1163.2 0.0 1242.0 52.435 0.014969
107.17 263.47 178.28 375.0 0.014905
401.98 157.33 549.3 230.3 0.014827
0.0 100.2 28.082 292.41 0.014774
1161.3 263.32 1242.0 347.3 0.014746
242.1 236.38 369.96 375.0 0.014643
310.55 170.11 476.56 248.18 0.014606
6.7859 288.78 216.86 375.0 0.014181
1158.4 247.24 1242.0 330.12 0.013997
1018.0 46.388 1242.0 222.3 0.013753
0.0 66.372 191.55 251.46 0.013607
140.5 268.3 211.86 375.0 0.013356
790.44 124.45 839.75 264.82 0.012948
838.06 122.91 881.85 248.94 0.012919
1177.5 217.78 1242.0 331.03 0.012747
1113.5 29.802 1242.0 375.0 0.012524
957.43 84.544 1020.1 251.12 0.012442
701.97 118.12 754.21 262.93 0.012408
59.101 126.16 392.93 287.29 0.012244
175.34 176.2 320.73 276.54 0.01208
185.66 33.548 325.05 375.0 0.011986
0.0 90.748 74.835 172.59 0.01198
752.16 103.62 995.88 270.38 0.011971
0.0 125.21 332.62 296.33 0.011907
0.0 0.0 67.5 353.27 0.011844
258.01 194.59 321.6 375.0 0.011811
413.14 137.6 467.81 274.88 0.011659
1103.9 0.0 1242.0 202.93 0.011403
1129.5 93.828 1242.0 174.31 0.011337
985.44 194.19 1153.6 266.9 0.011299
1181.3 265.84 1242.0 375.0 0.011297
835.83 184.52 1004.7 246.99 0.011002
71.603 211.72 149.08 375.0 0.010979
123.18 261.82 194.91 375.0 0.010922
1080.8 170.0 1242.0 345.54 0.010786
14.965 272.29 177.58 375.0 0.01075
1148.2 56.511 1242.0 141.83 0.010635
283.63 68.198 408.84 375.0 0.010622
206.5 139.29 270.69 302.4 0.010458
972.22 178.13 1126.2 271.86 0.0104
0.0 208.82 243.7 320.23 0.010346
0.0 141.44 72.705 222.19 0.010329
0.0 29.814 30.329 233.38 0.010309
0.0 106.21 71.479 188.34 0.010297
1099.3 114.52 1242.0 332.0 0.010196
845.22 76.686 908.29 240.11 0.010161
299.03 188.7 418.33 281.2 0.010158
671.48 0.0 1242.0 304.21 0.010156
762.66 77.995 1242.0 329.58 0.010093
175.81 311.87 320.03 375.0 0.0099936
741.77 177.23 902.55 239.0 0.0097982
951.01 130.07 1090.6 230.88 0.0097759
350.54 148.07 406.08 302.6 0.0097233
165.99 214.06 335.7 375.0 0.0097161
1114.0 53.978 1186.2 245.95 0.0097072
