596.22 181.93 678.74 245.12 0.99989
327.79 179.42 393.97 218.48 0.99978
589.54 183.93 665.07 235.8 0.99976
576.21 178.58 634.27 222.81 0.99975
583.89 181.26 652.56 232.07 0.99968
1191.7 183.02 1242.0 230.32 0.99945
575.2 180.43 627.32 216.54 0.99795
537.12 176.74 564.63 199.78 0.99731
1191.8 193.36 1242.0 226.71 0.99655
393.55 178.59 422.8 204.96 0.99648
605.66 182.23 671.49 231.34 0.99575
393.73 177.13 417.46 201.37 0.99297
512.17 176.5 546.96 211.37 0.99251
581.1 179.34 641.04 213.74 0.99195
580.98 179.34 620.85 213.27 0.99048
426.08 174.49 460.44 201.67 0.99041
505.97 174.47 542.53 210.75 0.99007
517.51 175.17 550.3 206.97 0.98492
531.07 174.59 568.34 196.37 0.98475
533.21 175.78 561.63 201.86 0.98314
528.44 178.7 565.66 202.09 0.98295
394.89 180.8 430.84 204.64 0.98152
1181.1 182.59 1242.0 221.93 0.98031
507.83 176.78 553.94 208.14 0.97956
582.64 182.73 628.53 223.73 0.9792
575.34 174.56 624.6 218.5 0.97866
421.51 172.84 466.37 197.58 0.97512
462.21 171.63 546.26 211.92 0.97489
592.75 179.3 646.1 223.97 0.97319
479.3 168.9 538.69 216.84 0.9667
573.06 169.28 676.06 248.84 0.96648
510.44 170.89 530.9 220.94 0.9616
525.09 176.46 554.9 205.15 0.9609
622.74 183.72 677.09 230.05 0.9589
495.78 175.96 546.62 209.56 0.95025
329.49 182.33 384.37 216.07 0.94036
514.24 172.39 533.96 218.75 0.93804
1195.3 189.36 1242.0 219.42 0.93406
499.02 170.46 549.03 214.4 0.93169
507.34 168.52 527.78 224.26 0.93046
589.62 183.24 686.94 247.56 0.93031
600.04 178.39 656.71 214.29 0.92989
388.65 182.79 424.87 204.49 0.92942
579.45 178.17 629.88 208.87 0.92554
493.96 173.28 537.93 213.46 0.92186
487.54 174.27 552.35 209.65 0.91989
584.7 195.29 676.42 250.22 0.91915
419.63 178.4 457.19 201.93 0.91823
516.83 178.21 561.54 203.77 0.91563
517.98 174.2 537.69 219.66 0.91008
580.69 184.22 618.87 219.92 0.90839
400.21 179.93 431.14 209.71 0.9061
392.91 175.99 424.05 195.89 0.90304
345.58 181.59 395.84 211.78 0.90228
522.87 174.94 542.04 219.25 0.89534
405.16 179.0 434.04 207.11 0.89503
446.15 175.32 552.82 215.74 0.89492
528.17 177.38 544.32 216.24 0.8929
538.53 175.22 563.63 195.37 0.88938
481.07 176.86 542.06 208.05 0.87061
593.36 185.2 641.79 224.89 0.8636
432.11 177.02 465.97 200.13 0.86214
402.07 178.85 429.28 203.47 0.86208
1189.0 192.92 1242.0 237.82 0.86164
609.7 179.35 665.59 214.4 0.86134
585.96 179.69 635.4 219.88 0.86085
587.76 179.97 642.09 210.15 0.85832
399.61 176.49 423.83 199.53 0.8526
388.94 178.59 420.57 198.61 0.84852
394.94 182.82 437.17 208.21 0.84764
518.26 179.93 546.34 209.8 0.84416
467.27 176.91 536.2 204.95 0.84387
510.86 163.9 529.48 212.69 0.83967
534.45 172.1 568.02 191.93 0.83307
323.65 175.4 382.83 220.15 0.82068
516.04 168.44 535.97 213.45 0.81685
428.22 171.52 461.86 194.38 0.81654
532.16 174.31 546.88 212.58 0.81491
1209.8 176.9 1242.0 236.03 0.80975
396.88 174.33 411.53 204.68 0.80295
395.02 175.7 414.62 197.3 0.80258
593.08 179.41 632.56 212.17 0.79913
618.87 176.19 659.34 242.15 0.79019
1194.2 184.08 1242.0 210.63 0.78938
500.25 176.18 557.8 209.05 0.78453
626.26 175.12 666.02 241.47 0.77565
463.69 170.53 535.07 222.41 0.77429
616.93 178.84 675.31 212.42 0.76918
618.41 180.93 669.01 223.49 0.7688
635.9 180.77 662.42 199.4 0.76224
1203.8 172.36 1239.5 238.85 0.76087
399.33 174.28 414.72 205.73 0.75911
599.45 182.8 649.07 213.04 0.75229
395.86 172.65 412.19 211.77 0.7474
408.08 173.84 423.12 210.09 0.74681
632.23 178.75 665.95 206.45 0.74577
597.22 179.66 643.75 219.21 0.73807
394.85 174.57 407.52 204.67 0.73487
403.17 176.0 419.45 209.29 0.73366
1200.9 193.0 1242.0 233.91 0.71889
412.42 173.18 427.44 213.44 0.71657
398.48 173.77 415.97 213.37 0.70882
392.81 183.46 422.29 209.58 0.70754
612.8 178.34 650.97 242.9 0.70655
355.06 178.14 391.99 209.99 0.70232
503.4 168.16 520.93 218.82 0.69217
587.94 166.88 614.8 223.89 0.68116
633.89 180.7 687.97 225.48 0.67794
606.2 176.81 642.2 237.74 0.67631
597.57 179.41 629.69 204.83 0.67358
332.77 179.72 390.22 211.76 0.66703
577.49 173.74 641.28 208.29 0.6662
587.83 178.17 636.53 204.65 0.66534
530.08 179.9 555.24 204.1 0.66258
624.21 181.13 669.51 205.94 0.66167
1216.9 175.21 1242.0 230.41 0.65061
635.49 176.81 670.39 244.45 0.64844
508.03 163.66 524.98 214.1 0.647
1219.6 168.81 1242.0 252.22 0.6467
593.34 170.17 621.97 227.3 0.64656
580.18 175.28 627.89 200.86 0.64594
413.32 178.14 442.88 204.63 0.64552
607.33 180.22 654.42 207.97 0.64518
403.17 174.0 420.62 219.8 0.64373
599.59 173.1 630.16 231.08 0.64215
586.97 179.26 608.76 222.71 0.63095
629.74 179.18 668.77 198.03 0.62887
643.29 180.61 668.89 200.14 0.62793
626.99 178.22 687.75 211.2 0.6241
406.26 172.38 424.37 220.88 0.62263
598.41 177.38 619.46 224.11 0.61941
1202.1 182.2 1241.1 216.75 0.61908
593.91 179.86 616.0 226.52 0.61763
544.7 178.15 568.19 196.78 0.61755
1174.8 179.92 1239.3 232.41 0.61702
536.13 173.32 550.23 205.36 0.61664
639.09 168.77 658.29 222.33 0.61627
397.49 174.88 417.85 196.21 0.61074
404.68 180.3 448.2 202.2 0.60926
392.97 172.01 407.98 211.64 0.60424
570.43 178.28 621.52 203.96 0.60204
643.49 170.55 661.16 220.27 0.60154
602.67 176.64 624.04 225.2 0.59725
396.79 183.32 427.8 211.21 0.59717
631.22 179.81 658.99 199.96 0.59662
1204.7 170.39 1242.0 222.36 0.58889
403.4 170.64 417.44 203.72 0.58787
489.62 171.46 544.8 218.85 0.58083
589.27 177.39 622.98 203.04 0.57563
606.91 179.28 636.53 203.28 0.5715
1196.8 172.76 1233.7 237.83 0.5673
644.29 180.02 666.7 195.88 0.56304
1185.9 162.38 1242.0 254.67 0.56075
320.31 187.34 372.66 216.23 0.55421
1203.6 172.95 1237.1 265.76 0.55285
606.49 176.24 627.23 227.56 0.55099
416.4 171.82 431.25 212.8 0.55026
578.61 179.35 610.92 205.72 0.54739
609.31 182.93 658.36 212.5 0.54492
529.08 174.16 557.76 200.83 0.54396
370.94 169.59 388.84 216.93 0.54021
401.45 169.07 413.92 200.88 0.53847
601.78 177.78 644.17 202.65 0.5342
410.68 174.5 428.74 224.34 0.53347
582.21 178.75 604.63 221.73 0.53062
615.58 179.98 662.46 208.04 0.52734
388.99 176.0 419.74 193.89 0.52432
489.87 175.04 532.66 209.04 0.5229
1167.5 159.28 1242.0 246.02 0.52123
589.44 175.45 612.71 222.0 0.52065
612.39 178.01 640.21 200.53 0.51987
581.97 170.44 607.92 224.45 0.51862
610.28 170.79 630.83 227.86 0.51728
389.2 186.42 430.99 208.83 0.51647
640.54 180.09 662.29 195.39 0.51219
539.46 168.35 555.57 200.87 0.51091
504.54 159.75 531.81 223.94 0.51028
398.7 171.72 411.12 201.12 0.50933
641.25 180.81 670.02 205.58 0.50729
544.31 173.88 559.28 202.79 0.50371
508.01 178.39 540.09 219.3 0.50272
644.77 175.12 659.35 214.96 0.50203
399.37 178.11 439.1 201.29 0.50036
1214.1 186.67 1235.7 239.42 0.49833
391.02 179.57 438.3 221.62 0.49772
435.19 171.53 453.19 206.55 0.49362
460.03 176.93 521.57 202.7 0.49179
469.41 173.1 535.81 198.99 0.48954
594.66 172.26 616.21 219.21 0.48948
383.24 183.16 445.82 216.39 0.48439
431.75 171.04 449.8 205.15 0.48404
640.52 173.04 656.27 217.97 0.48255
523.49 165.56 539.93 212.08 0.48059
1212.2 176.89 1242.0 270.61 0.4751
1211.2 158.99 1242.0 242.57 0.47481
490.54 171.17 564.11 207.05 0.47307
476.9 175.38 526.79 208.21 0.47261
504.39 170.48 536.47 208.16 0.46902
625.51 183.53 671.49 212.41 0.46604
616.14 185.69 679.36 239.74 0.46116
648.82 175.17 662.05 213.51 0.46022
642.77 165.59 664.37 228.84 0.45951
599.92 171.55 618.9 217.57 0.45822
528.72 167.48 544.13 210.16 0.4578
583.57 171.99 603.38 215.94 0.45549
635.19 169.8 653.39 222.72 0.45542
511.54 171.53 543.37 205.37 0.45386
609.07 177.55 648.18 200.51 0.45322
607.32 169.41 625.82 220.7 0.45298
548.16 174.76 561.47 203.26 0.45155
600.01 171.57 635.48 242.93 0.45005
442.15 181.32 534.97 215.47 0.44757
536.67 179.1 571.89 197.27 0.44702
522.55 182.53 560.94 204.85 0.44486
352.04 166.99 380.83 220.99 0.44427
614.2 166.26 634.84 225.49 0.43365
365.91 172.4 387.56 220.19 0.43039
647.63 171.93 663.75 220.43 0.43003
520.27 174.85 565.46 198.91 0.42887
626.89 178.75 654.35 200.21 0.42642
331.43 177.4 375.14 211.25 0.42569
513.0 162.51 527.86 205.8 0.42557
425.13 170.9 439.71 203.75 0.42405
619.11 176.27 641.2 195.52 0.41924
383.04 179.16 444.32 209.33 0.41922
313.06 172.73 375.99 218.88 0.41788
428.76 170.67 444.78 202.78 0.41724
604.2 170.92 622.13 219.69 0.41663
1223.2 158.21 1242.0 243.3 0.41381
621.3 178.42 649.84 200.68 0.41347
1222.7 185.71 1242.0 269.13 0.40713
389.52 172.72 401.84 208.1 0.40683
338.89 167.95 370.63 224.07 0.40463
1196.3 180.78 1242.0 217.46 0.40327
399.94 176.98 417.03 225.83 0.40267
516.36 161.27 531.19 206.8 0.40074
325.88 183.24 366.22 217.4 0.40046
1199.5 183.01 1232.4 265.44 0.39882
808.29 155.57 831.9 214.83 0.39841
1199.4 180.24 1242.0 205.19 0.39642
421.07 173.0 435.06 210.43 0.39369
634.5 178.44 656.98 194.73 0.39319
439.68 171.66 455.73 207.03 0.38702
1217.2 181.2 1238.4 235.91 0.38347
540.26 175.79 553.32 205.87 0.3826
346.9 170.73 375.77 222.27 0.37968
617.32 177.51 658.81 200.16 0.37956
403.55 184.03 434.76 216.0 0.37891
1213.3 193.47 1242.0 244.17 0.37311
623.89 176.37 646.57 195.24 0.37302
498.48 159.02 525.62 225.5 0.36962
607.88 167.96 623.39 211.24 0.3688
1173.0 180.11 1242.0 259.99 0.36456
615.34 175.72 637.81 195.18 0.36057
500.62 173.68 546.73 201.38 0.35927
631.67 168.07 649.23 220.27 0.35813
1192.4 173.91 1228.6 248.56 0.35223
1203.8 153.13 1242.0 296.42 0.35063
374.36 167.27 390.05 213.92 0.34987
1218.8 167.59 1242.0 221.96 0.3483
1213.0 177.33 1235.4 229.78 0.33861
618.36 165.18 638.53 228.05 0.33785
628.18 168.82 645.15 220.16 0.33666
594.93 173.44 625.72 241.78 0.33588
599.19 186.67 651.99 226.36 0.33393
396.59 176.37 412.63 224.43 0.33375
387.11 175.12 432.55 214.2 0.32938
357.51 164.67 385.1 223.97 0.3265
572.87 174.29 595.39 194.67 0.32514
389.59 178.03 411.9 202.06 0.325
1174.1 178.34 1242.0 214.77 0.32415
1204.9 182.45 1239.1 285.24 0.32396
804.25 154.4 827.76 214.88 0.32385
637.41 177.64 674.04 193.88 0.3234
596.56 167.98 613.86 212.89 0.32339
395.16 173.08 425.82 191.79 0.32148
629.24 177.2 651.04 194.53 0.32084
421.7 172.19 450.66 198.92 0.31819
511.87 172.72 563.93 214.03 0.31743
397.83 187.06 442.03 211.96 0.31735
611.72 167.28 627.72 212.37 0.31733
652.52 173.73 666.14 214.38 0.31582
414.12 173.54 431.59 223.15 0.31368
1210.9 188.54 1231.7 240.41 0.31217
568.74 162.6 692.41 236.69 0.31189
573.46 183.34 619.94 210.27 0.31036
338.12 182.95 405.92 216.84 0.31013
608.79 157.4 662.71 257.27 0.30857
601.15 168.82 616.76 209.4 0.30811
503.22 161.8 523.81 225.29 0.30749
624.59 167.96 641.41 218.86 0.3061
413.34 173.31 459.1 195.68 0.30319
345.96 177.36 399.1 219.12 0.30259
536.56 178.25 547.8 211.76 0.30166
632.68 182.41 676.6 203.9 0.30025
514.08 166.3 538.95 221.28 0.29843
423.34 169.97 461.7 188.47 0.29681
497.1 177.69 534.32 220.29 0.29247
650.24 174.97 661.07 206.72 0.29217
597.65 157.55 651.04 258.27 0.28891
616.11 167.05 631.53 211.37 0.2886
605.18 168.5 619.45 207.64 0.28813
331.02 164.82 361.38 226.24 0.28812
1222.1 0.0 1242.0 38.996 0.28607
545.11 167.71 558.88 197.67 0.28419
645.26 174.79 676.67 245.02 0.28417
1198.9 120.18 1242.0 271.8 0.28409
599.68 166.01 625.76 219.74 0.28299
592.26 167.86 610.16 213.11 0.28253
1187.7 159.67 1239.3 300.44 0.2825
1218.0 170.82 1240.1 227.64 0.28072
603.9 177.77 629.8 199.69 0.27793
405.15 175.39 474.01 207.27 0.27745
524.16 182.61 549.18 207.97 0.2731
609.26 176.69 633.45 196.93 0.27149
1222.4 184.09 1241.8 244.99 0.26916
537.02 163.47 551.34 200.6 0.26578
637.33 180.59 702.06 216.17 0.26561
539.35 163.84 675.2 232.3 0.26336
637.46 175.06 705.22 210.45 0.26178
578.31 169.37 589.25 202.16 0.26009
585.68 170.88 600.79 212.96 0.25823
581.67 172.81 597.99 214.8 0.25553
575.32 174.85 599.18 196.49 0.25364
500.96 182.85 545.63 215.63 0.25339
508.1 176.84 565.97 206.46 0.25261
363.54 170.89 382.99 220.36 0.25122
397.8 174.75 437.05 196.74 0.25002
444.51 172.3 458.5 206.84 0.24943
653.23 171.57 664.7 206.12 0.2487
1206.9 192.99 1242.0 226.53 0.24793
605.65 168.81 648.83 248.95 0.24494
582.65 177.49 613.4 201.63 0.24449
565.79 172.34 633.38 207.16 0.24364
620.88 167.64 635.92 212.64 0.24333
499.73 167.09 517.12 219.65 0.24302
646.63 175.78 657.28 208.02 0.24291
397.85 178.83 447.67 222.61 0.24265
605.63 178.96 651.53 219.27 0.24121
575.65 170.82 586.47 204.37 0.24041
1223.2 203.42 1242.0 289.46 0.23989
609.82 163.99 636.72 221.33 0.23939
1225.2 0.0 1242.0 53.027 0.23713
1183.4 172.04 1241.3 227.31 0.23207
448.91 175.83 512.64 218.61 0.23084
1215.9 169.42 1235.3 221.27 0.23049
581.27 168.31 593.33 202.87 0.22872
359.81 169.42 378.49 221.51 0.22851
433.31 174.06 465.69 193.57 0.22745
411.61 170.29 464.07 210.33 0.22616
588.99 168.18 605.77 212.08 0.22592
330.5 175.73 396.42 210.88 0.22457
583.92 181.21 613.53 212.99 0.22364
462.43 173.9 519.09 197.81 0.22298
340.37 169.19 359.36 219.85 0.22146
1190.5 148.14 1242.0 273.12 0.22142
591.05 176.13 635.09 198.45 0.21904
1207.2 200.57 1242.0 241.75 0.21855
648.62 182.22 713.45 216.79 0.21836
642.69 174.54 653.81 208.67 0.21814
455.44 180.56 517.57 205.02 0.2176
650.45 170.43 669.19 225.06 0.21608
594.31 173.48 652.02 205.86 0.21533
576.31 176.64 601.01 200.44 0.21494
1220.6 170.13 1238.5 219.36 0.21382
343.55 169.93 363.44 220.52 0.21295
489.47 153.39 520.18 230.66 0.21206
520.07 160.54 534.44 205.26 0.21077
1207.8 180.07 1240.1 210.93 0.21073
588.39 183.57 606.12 228.73 0.2092
1216.5 202.08 1242.0 254.05 0.209
626.2 170.38 637.34 203.04 0.20726
581.88 171.74 594.91 209.63 0.20559
648.29 174.83 714.92 212.31 0.20546
466.6 176.4 512.99 206.09 0.20507
509.27 161.92 523.63 205.81 0.20467
557.53 157.21 667.27 243.22 0.20361
623.72 179.57 668.66 219.25 0.20345
1179.3 183.26 1242.0 289.5 0.20326
385.14 170.94 397.1 206.27 0.20291
1175.0 199.93 1242.0 238.64 0.20266
356.08 168.88 375.86 223.07 0.20116
569.17 175.1 615.02 198.09 0.19902
512.5 172.04 574.97 202.6 0.19693
622.48 168.93 634.12 203.61 0.19551
617.44 176.39 649.94 196.12 0.1954
813.41 152.93 833.62 211.33 0.19524
335.88 169.53 354.2 219.63 0.19488
613.54 169.39 626.55 206.13 0.19485
616.67 164.02 644.07 223.05 0.19231
630.23 177.02 663.64 194.65 0.18878
1196.7 0.0 1242.0 88.161 0.18742
458.14 167.67 521.0 214.19 0.18724
588.81 164.31 616.91 239.41 0.18617
567.66 170.32 617.72 217.78 0.18557
1207.5 185.73 1229.0 238.35 0.18438
627.38 185.36 675.76 217.96 0.18256
1213.3 0.0 1242.0 39.393 0.18227
1193.8 205.28 1242.0 253.94 0.18145
393.37 187.84 422.42 215.02 0.18001
566.06 174.98 605.01 194.1 0.17972
1148.8 172.53 1242.0 263.43 0.17971
1226.1 140.81 1242.0 229.17 0.17838
1213.7 204.38 1242.0 295.33 0.17628
583.7 190.04 613.0 221.37 0.17437
1236.7 189.91 1242.0 236.12 0.17322
585.26 166.33 598.02 205.73 0.17307
1226.3 63.365 1242.0 148.97 0.17237
379.39 169.59 393.24 212.37 0.17209
617.95 169.09 630.36 204.46 0.17064
613.44 182.38 663.71 218.47 0.17052
584.51 173.36 625.76 193.07 0.17019
1174.1 0.0 1242.0 51.897 0.16947
363.77 179.02 392.82 206.2 0.16777
632.9 184.96 678.45 209.59 0.16737
635.74 179.62 679.11 198.86 0.16723
1227.0 0.0 1242.0 72.221 0.166
531.59 169.92 566.31 188.42 0.16505
630.17 172.54 641.35 204.45 0.16504
575.78 190.87 627.72 223.97 0.16396
1219.6 157.27 1242.0 213.79 0.16127
1164.8 196.65 1242.0 279.06 0.16109
382.88 182.28 418.81 202.78 0.15899
1203.8 191.01 1242.0 216.2 0.15878
226.54 176.87 269.98 203.84 0.15856
1205.7 200.56 1238.0 300.63 0.15813
816.46 154.91 837.1 212.18 0.15805
491.3 181.9 539.81 215.06 0.15641
796.86 156.56 819.09 214.92 0.15534
624.33 164.8 641.9 237.14 0.15532
595.54 175.52 644.8 213.76 0.15514
520.15 170.35 568.68 208.94 0.15499
638.33 173.0 649.62 209.43 0.15403
647.06 169.19 665.95 233.57 0.1537
624.78 167.08 652.91 227.17 0.15311
310.99 177.28 384.3 212.16 0.15215
1215.9 0.0 1242.0 24.915 0.15143
1204.4 172.29 1242.0 347.51 0.15052
1214.3 0.0 1242.0 56.914 0.14794
401.77 165.48 425.93 224.49 0.14678
1224.2 217.54 1242.0 308.58 0.14176
1155.7 0.0 1242.0 42.909 0.14071
1189.7 175.72 1226.2 271.77 0.13721
0.0 195.91 14.242 294.69 0.13474
1205.6 0.0 1240.7 47.564 0.12967
619.32 148.7 672.4 267.1 0.12033
1206.4 210.18 1242.0 250.9 0.11904
634.08 173.76 660.51 231.49 0.1177
395.33 166.78 418.89 228.11 0.11761
1207.4 164.9 1242.0 204.97 0.11714
0.0 333.64 15.984 375.0 0.11528
481.77 154.34 512.55 223.72 0.11411
1226.7 76.691 1242.0 165.74 0.11388
1200.6 0.0 1242.0 19.065 0.11373
1224.9 231.16 1242.0 328.33 0.11344
440.54 157.35 578.93 224.48 0.11252
1202.2 0.0 1242.0 134.13 0.1065
1138.8 0.0 1242.0 188.74 0.1063
1182.1 198.53 1242.0 312.4 0.10629
1177.6 0.0 1242.0 95.926 0.10621
1216.8 212.89 1242.0 265.23 0.10488
592.05 137.71 650.04 249.11 0.10485
1027.6 0.0 1242.0 90.623 0.10031
1185.8 165.43 1220.2 245.01 0.10029
1058.8 0.0 1242.0 375.0 0.099103
1173.0 150.3 1224.9 301.64 0.098965
0.0 333.43 81.886 375.0 0.098013
1216.1 62.013 1242.0 152.84 0.097248
1184.5 0.0 1242.0 73.528 0.09587
391.15 181.11 464.92 215.09 0.09567
833.38 0.0 1242.0 181.4 0.095644
0.0 209.87 13.273 312.51 0.094636
1161.5 213.22 1242.0 297.42 0.094608
1227.5 48.822 1242.0 133.74 0.094452
1217.1 74.372 1242.0 133.03 0.093983
521.06 167.33 543.26 219.29 0.092756
0.0 274.75 34.514 375.0 0.092724
604.6 195.34 680.9 242.99 0.091127
377.86 177.28 425.37 217.66 0.091027
0.0 0.0 36.355 100.42 0.087695
1215.4 138.92 1242.0 234.01 0.087339
0.0 59.332 12.795 161.83 0.086543
1174.7 135.21 1230.5 274.52 0.086463
409.59 171.55 474.98 200.91 0.085377
1224.1 343.25 1242.0 375.0 0.085365
1198.7 286.73 1242.0 375.0 0.084575
1144.6 330.11 1242.0 375.0 0.083935
1216.7 0.0 1242.0 78.823 0.082719
287.24 161.38 414.23 225.83 0.082717
1225.1 289.64 1242.0 375.0 0.082356
1177.1 211.51 1242.0 249.13 0.081926
1155.0 137.99 1242.0 220.3 0.080207
0.0 0.0 77.608 42.804 0.079877
404.29 176.74 455.55 219.74 0.07901
1206.2 207.04 1242.0 375.0 0.078311
1179.6 128.68 1242.0 237.3 0.077906
0.0 360.27 41.302 375.0 0.077807
378.06 189.73 448.46 225.83 0.077414
409.02 168.01 432.18 231.85 0.076719
1207.0 155.26 1242.0 196.38 0.076713
583.77 142.69 638.13 261.25 0.075305
0.0 0.0 367.0 170.08 0.075281
1208.1 0.0 1239.1 65.205 0.074855
0.0 320.48 50.765 375.0 0.073807
0.0 0.0 59.88 58.293 0.073047
446.36 171.9 532.69 206.05 0.072667
0.0 0.0 160.41 371.84 0.072165
593.78 161.11 620.08 217.6 0.07204
1206.5 85.567 1242.0 125.33 0.071403
641.86 174.46 667.09 232.32 0.070887
1160.0 230.29 1242.0 313.55 0.070612
1062.1 266.26 1242.0 375.0 0.070406
1196.4 163.09 1242.0 218.24 0.068934
0.0 262.07 193.34 375.0 0.068495
1077.6 0.0 1242.0 117.74 0.067646
366.31 161.36 390.46 225.31 0.067286
0.0 354.51 18.454 375.0 0.067067
1199.0 197.47 1230.7 296.86 0.06509
0.0 193.05 70.474 375.0 0.065036
1205.7 92.436 1242.0 132.49 0.06491
930.47 0.0 1242.0 229.05 0.064387
1208.6 220.27 1242.0 258.69 0.064242
1198.6 0.0 1231.2 48.502 0.064004
571.54 199.11 694.13 261.68 0.063352
579.19 156.62 608.15 219.66 0.06335
1200.4 44.362 1242.0 233.41 0.062969
610.43 175.07 671.53 205.75 0.062861
1225.5 0.0 1242.0 96.698 0.062659
1139.9 200.32 1242.0 375.0 0.062636
802.55 144.42 828.49 222.64 0.062329
1226.2 30.841 1242.0 118.34 0.062314
323.91 156.82 351.3 227.98 0.062286
1205.7 362.44 1242.0 375.0 0.062122
626.59 187.88 696.78 225.87 0.061769
1177.0 321.15 1242.0 375.0 0.061041
383.9 172.07 451.14 204.31 0.060433
1225.9 246.03 1242.0 343.32 0.060329
1215.3 218.09 1242.0 324.25 0.060006
306.29 182.7 388.77 221.05 0.059968
433.66 185.35 520.75 216.47 0.059061
1191.1 159.03 1226.0 238.43 0.056521
1196.3 171.73 1242.0 207.93 0.056472
1182.2 232.97 1242.0 344.6 0.056308
1206.2 77.582 1242.0 117.71 0.055481
575.84 159.91 599.11 224.15 0.055105
1218.1 227.3 1242.0 282.17 0.054599
1201.0 16.415 1242.0 195.61 0.054505
1219.0 356.31 1242.0 375.0 0.053544
0.0 140.27 345.95 375.0 0.053153
1158.3 246.18 1242.0 329.99 0.053039
1153.8 74.074 1242.0 155.35 0.05264
1203.6 215.48 1242.0 263.3 0.052227
475.0 179.5 549.56 221.66 0.051976
639.56 186.23 692.22 229.58 0.051698
290.34 172.22 415.68 236.06 0.050889
1127.8 0.0 1242.0 58.561 0.05081
1110.0 0.0 1242.0 41.491 0.050697
0.0 39.1 12.833 142.16 0.050548
1150.8 88.421 1242.0 173.62 0.049976
0.0 0.0 266.86 249.77 0.049752
1179.2 60.822 1242.0 173.21 0.049597
1216.0 59.192 1242.0 115.56 0.049079
0.0 340.73 23.384 375.0 0.048366
433.76 178.51 517.56 211.1 0.048269
363.1 179.9 412.21 220.19 0.048007
356.5 184.39 425.4 215.91 0.047792
575.55 121.6 636.15 249.36 0.047662
1162.0 262.76 1242.0 346.75 0.047616
387.38 165.36 409.98 234.64 0.047604
593.16 159.09 706.81 249.66 0.047226
472.1 160.66 501.03 240.2 0.046954
1225.4 122.24 1242.0 213.56 0.046949
1129.7 0.0 1242.0 366.13 0.046802
1217.8 89.174 1242.0 148.21 0.046794
0.0 0.0 179.27 84.655 0.046636
410.31 161.79 433.13 221.29 0.046393
0.0 213.79 20.292 269.81 0.046217
0.0 251.02 130.99 375.0 0.045523
1057.8 107.19 1242.0 285.39 0.045273
0.0 169.25 20.965 346.48 0.045146
1216.5 234.97 1242.0 292.6 0.044916
1042.6 73.573 1242.0 253.55 0.044864
1207.1 226.97 1242.0 266.35 0.044841
0.0 0.0 77.19 183.09 0.044741
1200.9 152.91 1235.0 246.16 0.044627
1218.3 139.69 1242.0 197.07 0.044536
1186.9 169.08 1242.0 349.8 0.044338
460.32 161.23 552.27 201.32 0.044171
1226.5 265.71 1242.0 359.94 0.043588
1156.1 58.155 1242.0 138.55 0.043433
518.2 164.01 541.99 229.42 0.043055
0.0 299.56 16.256 375.0 0.042858
1206.6 69.693 1242.0 108.78 0.042759
904.09 144.97 1242.0 375.0 0.042556
308.1 156.02 426.0 238.09 0.042374
0.0 144.74 24.121 318.85 0.042339
0.0 222.51 35.174 262.66 0.042265
392.2 169.98 441.11 212.49 0.04225
649.61 171.31 675.62 230.44 0.042011
1148.5 119.92 1242.0 204.15 0.041622
0.0 233.83 11.9 339.95 0.041429
1210.2 150.02 1242.0 189.41 0.040716
413.75 176.33 487.34 209.42 0.040547
0.0 199.93 21.345 295.89 0.040465
357.74 179.76 425.3 209.59 0.040333
1182.0 203.17 1235.7 252.44 0.040235
0.0 197.27 22.481 375.0 0.040095
1218.9 307.27 1242.0 360.2 0.039893
1208.8 204.14 1240.3 319.29 0.039582
1209.4 62.425 1240.1 160.04 0.039578
0.0 4.2812 25.554 197.76 0.039244
1208.4 100.66 1242.0 141.47 0.039048
382.06 184.36 434.98 226.47 0.03873
0.0 183.1 12.302 278.07 0.03862
338.57 173.63 404.88 207.14 0.038599
766.73 176.27 855.05 222.01 0.038
1031.1 35.674 1242.0 223.29 0.037481
1148.4 103.33 1242.0 188.51 0.037298
0.0 192.28 63.7 270.28 0.037173
1208.3 235.47 1242.0 275.05 0.037115
1165.7 279.32 1242.0 361.34 0.036199
419.41 160.43 441.93 219.8 0.036134
1224.8 315.08 1242.0 375.0 0.035844
1203.0 77.649 1242.0 131.71 0.035426
337.3 187.91 413.55 224.51 0.035263
620.93 175.34 685.3 204.56 0.035025
0.0 208.23 58.718 285.69 0.03502
1207.3 244.4 1242.0 285.29 0.034896
1124.0 159.03 1242.0 234.99 0.034784
1208.8 317.0 1242.0 354.37 0.034719
416.66 165.21 440.4 233.66 0.034713
0.0 229.93 34.388 270.12 0.03414
1150.0 0.0 1242.0 76.571 0.033849
1203.3 151.72 1242.0 207.7 0.033629
0.0 224.12 59.236 300.24 0.033525
0.0 118.34 252.85 375.0 0.033522
0.0 206.99 44.604 311.97 0.033406
1182.8 267.07 1242.0 374.68 0.033401
1209.1 309.62 1242.0 347.28 0.033369
797.08 143.27 821.11 224.15 0.033071
1208.7 324.85 1242.0 361.94 0.033025
0.0 158.32 12.197 253.36 0.03282
0.0 281.43 13.352 375.0 0.032546
0.0 191.56 47.447 294.82 0.03246
1145.1 151.25 1242.0 249.64 0.032263
0.0 215.92 34.15 255.18 0.032212
803.91 130.64 833.04 217.4 0.03162
1057.5 166.33 1242.0 345.58 0.031518
1207.0 60.921 1242.0 100.38 0.03136
319.48 187.42 401.45 226.61 0.031055
1155.5 40.45 1242.0 124.21 0.030652
0.0 77.526 16.974 131.34 0.030625
1176.4 172.18 1242.0 207.76 0.030435
400.38 162.41 565.38 226.22 0.030379
1144.1 73.214 1242.0 375.0 0.030267
0.0 273.26 65.063 350.77 0.030236
427.22 160.17 450.78 221.43 0.029942
1154.8 22.213 1242.0 109.01 0.029696
1175.4 90.383 1242.0 209.39 0.029691
582.15 193.72 664.58 240.27 0.029443
529.72 157.18 552.86 215.27 0.029329
1181.0 0.0 1242.0 147.35 0.029291
0.0 288.16 66.967 365.42 0.029256
0.0 229.24 19.838 283.22 0.029113
408.87 182.58 483.32 215.14 0.029008
1207.1 252.77 1242.0 293.21 0.029005
1191.8 0.0 1224.1 47.339 0.028461
1216.7 46.892 1242.0 136.06 0.028413
773.9 172.06 854.17 213.24 0.028313
312.65 171.44 387.15 205.92 0.027989
1171.3 0.0 1242.0 17.764 0.027974
0.0 242.57 58.572 318.8 0.027946
655.34 166.43 681.09 230.95 0.027941
809.66 146.76 834.94 220.69 0.027775
1181.8 86.772 1242.0 283.46 0.027457
378.4 159.52 400.51 225.44 0.027363
1.9448 344.58 29.874 375.0 0.027127
0.0 242.25 25.059 375.0 0.027016
1216.5 247.68 1242.0 307.41 0.026935
0.0 258.44 61.592 335.57 0.026877
0.0 87.095 34.49 125.19 0.026806
1145.4 0.0 1223.2 107.82 0.026767
642.15 169.72 716.52 204.23 0.026696
788.35 168.07 845.58 227.31 0.026663
0.0 0.0 141.26 122.02 0.026583
0.0 59.597 21.333 159.68 0.026482
504.59 137.22 536.77 221.29 0.026354
1199.6 224.94 1242.0 260.41 0.0263
0.0 0.0 15.304 45.567 0.026286
478.38 158.94 562.94 200.3 0.026282
0.0 222.51 41.923 328.79 0.026176
0.0 172.89 69.655 252.99 0.026161
1215.8 43.72 1242.0 101.1 0.025886
0.0 253.74 47.539 363.43 0.025821
0.0 295.35 47.408 375.0 0.025812
623.2 123.23 682.12 268.52 0.025474
1101.9 0.0 1242.0 210.21 0.025418
0.0 238.18 35.153 277.72 0.025346
1209.3 53.557 1242.0 92.688 0.025139
1195.7 160.95 1242.0 199.24 0.02493
0.0 365.48 54.963 375.0 0.024794
0.0 214.47 20.041 313.56 0.024751
630.43 173.96 696.46 202.05 0.024738
443.08 180.05 500.16 220.33 0.024731
1195.1 89.529 1242.0 126.98 0.024681
0.0 63.512 62.088 142.23 0.024549
0.0 70.298 18.609 123.66 0.02441
0.0 0.0 379.58 302.15 0.024401
0.0 0.0 40.503 19.654 0.024194
1182.3 216.69 1233.1 262.34 0.024183
435.09 171.79 574.31 241.63 0.024069
0.0 45.397 49.984 157.3 0.024
0.0 128.53 190.47 302.97 0.023969
553.9 170.29 626.02 205.99 0.023917
1218.7 290.64 1242.0 347.38 0.023881
1096.1 95.623 1242.0 314.73 0.023825
0.0 141.47 13.032 237.83 0.023738
1083.1 55.312 1242.0 289.18 0.023166
903.88 22.546 1242.0 375.0 0.022959
0.0 79.36 36.21 116.63 0.022939
1154.4 198.22 1242.0 310.96 0.022917
0.0 0.0 51.758 92.267 0.022909
467.22 163.81 491.74 240.12 0.022831
341.09 157.42 366.59 225.9 0.022799
1137.7 187.76 1242.0 290.67 0.02259
1209.3 301.36 1242.0 339.44 0.022576
473.24 151.53 502.0 222.83 0.022197
1215.0 285.79 1242.0 375.0 0.022129
1042.3 7.3213 1242.0 189.78 0.021957
1210.8 334.96 1242.0 371.36 0.021892
1219.0 323.98 1242.0 375.0 0.021884
0.0 30.15 67.168 375.0 0.021646
1120.4 200.88 1242.0 277.09 0.021404
193.16 173.61 275.27 208.58 0.021106
449.62 161.93 536.93 198.16 0.020852
0.0 256.74 11.339 360.65 0.020793
420.55 173.61 474.6 212.25 0.020738
1136.2 218.73 1242.0 300.21 0.020596
0.0 160.04 49.63 268.01 0.02051
0.0 73.352 36.115 109.58 0.020474
0.0 161.85 176.57 336.05 0.020467
392.94 157.99 417.46 222.32 0.020337
1170.3 294.33 1242.0 375.0 0.020295
1209.0 142.27 1242.0 182.75 0.020208
0.0 183.71 30.961 220.77 0.020204
0.0 359.75 25.58 375.0 0.020171
392.73 184.73 445.54 229.63 0.020073
513.39 139.81 544.16 223.27 0.020072
1152.4 0.0 1242.0 20.206 0.019868
1191.7 366.39 1242.0 375.0 0.019447
1080.8 228.36 1242.0 375.0 0.01934
1205.9 262.05 1242.0 375.0 0.019309
1209.9 341.93 1239.1 375.0 0.01927
1104.6 171.86 1242.0 247.2 0.019119
478.7 120.31 533.75 257.43 0.019108
643.4 188.43 715.86 224.78 0.019083
0.0 103.9 28.897 292.96 0.018833
0.0 237.53 17.235 290.85 0.018298
0.0 156.12 72.889 236.23 0.018259
298.86 160.3 449.96 227.75 0.018219
1182.1 0.0 1215.9 44.449 0.018201
434.24 160.08 456.41 219.28 0.018125
0.0 65.519 35.963 101.46 0.018029
470.09 159.66 532.13 212.89 0.017909
0.0 176.01 33.104 213.27 0.017909
1115.6 335.98 1242.0 375.0 0.017907
402.48 154.26 428.38 219.92 0.017898
417.11 178.25 470.18 217.53 0.017882
1194.1 96.153 1242.0 134.03 0.01779
173.71 165.38 274.78 202.53 0.017637
1209.9 45.644 1242.0 85.643 0.017489
0.0 352.93 38.654 375.0 0.017332
0.0 57.493 17.028 109.07 0.017328
0.0 78.189 61.741 155.7 0.017284
620.97 0.0 995.25 85.904 0.017235
1182.5 175.33 1215.7 279.79 0.017195
0.0 208.34 33.584 246.13 0.016836
0.0 176.16 17.943 226.25 0.016831
0.0 96.419 36.262 133.78 0.016821
491.89 156.16 548.15 209.23 0.016563
1191.9 221.63 1240.9 270.24 0.01646
497.53 137.23 528.18 220.94 0.016409
1226.4 90.775 1242.0 186.15 0.016349
0.0 191.26 31.936 228.79 0.016156
756.2 0.0 942.73 42.655 0.016129
371.17 172.82 436.95 203.86 0.016005
1176.1 223.99 1242.0 257.56 0.015989
533.31 148.22 651.71 242.23 0.015971
0.0 219.43 93.321 375.0 0.015895
1209.1 268.21 1242.0 306.99 0.015845
498.52 159.64 581.25 198.98 0.015828
0.0 0.0 29.129 24.384 0.015812
721.51 0.0 872.98 202.61 0.01579
1108.3 187.99 1242.0 260.97 0.015716
1208.1 108.96 1242.0 150.27 0.015711
1096.8 149.91 1242.0 373.14 0.015581
0.0 0.0 522.68 178.15 0.015485
0.0 247.01 35.36 285.62 0.015431
424.61 163.21 447.88 233.97 0.015324
666.04 163.61 689.84 223.48 0.014918
691.14 0.0 841.45 213.15 0.0148
1216.0 240.15 1242.0 347.11 0.014793
1156.5 120.76 1215.0 293.49 0.014699
1209.4 12.187 1242.0 51.884 0.014582
1203.1 229.09 1242.0 280.96 0.014393
583.92 191.25 715.45 256.61 0.014379
581.79 162.46 606.38 254.94 0.014315
0.0 0.0 255.48 375.0 0.014243
0.0 168.26 33.647 206.52 0.01419
1063.5 0.0 1242.0 43.906 0.014183
0.0 199.79 32.563 236.49 0.01417
561.99 163.51 612.52 211.55 0.014122
0.0 246.21 16.207 299.82 0.014105
332.49 122.66 387.43 258.54 0.014057
0.0 334.84 41.402 374.07 0.01402
562.48 161.52 645.18 199.4 0.014012
1208.8 0.0 1242.0 30.873 0.014004
1216.0 0.72601 1242.0 108.71 0.013832
536.17 155.44 559.66 215.33 0.013732
1179.9 22.886 1242.0 222.55 0.013623
750.57 0.0 901.1 195.92 0.013507
0.0 319.71 41.003 358.26 0.013487
0.0 202.16 17.942 253.65 0.013465
654.29 185.23 707.16 225.44 0.013432
1219.6 266.3 1242.0 323.72 0.013347
1209.8 294.12 1242.0 331.87 0.013338
318.72 129.79 372.75 258.38 0.013239
520.74 172.39 587.18 201.41 0.01322
1202.2 65.157 1232.8 158.87 0.013165
0.0 141.27 51.685 251.4 0.013063
1217.7 27.529 1242.0 119.46 0.013031
0.0 255.69 36.135 293.63 0.012982
571.11 152.56 596.46 218.57 0.012982
480.94 156.03 541.48 213.9 0.012898
1167.9 0.0 1233.6 118.89 0.012841
9.817 344.23 37.185 375.0 0.012806
0.0 43.919 21.588 141.18 0.012802
1192.0 85.734 1242.0 138.34 0.012788
467.58 122.14 520.68 262.19 0.01271
1161.5 186.23 1242.0 226.52 0.012704
298.19 175.24 444.86 241.63 0.012676
511.07 155.79 536.36 240.72 0.012633
653.9 174.21 678.81 251.72 0.012592
0.0 326.09 38.984 365.16 0.012536
420.66 150.96 546.18 239.61 0.012533
0.0 310.78 35.188 350.22 0.012471
608.3 161.29 654.69 302.63 0.012371
0.0 229.66 20.513 335.92 0.012251
777.73 166.2 857.62 206.42 0.012164
0.0 116.71 138.99 337.84 0.012044
0.0 48.759 66.547 127.19 0.012018
1210.5 277.3 1242.0 315.41 0.011979
1209.6 0.0 1240.3 95.702 0.011957
0.0 196.22 178.61 369.18 0.011879
332.04 183.73 391.99 226.1 0.011867
0.0 65.292 197.46 252.52 0.011816
378.93 168.78 422.26 211.17 0.011779
0.0 312.61 17.355 366.03 0.011779
807.09 0.0 883.39 106.75 0.011777
0.0 160.94 16.183 212.18 0.011734
633.56 136.56 686.96 278.1 0.011724
1208.9 223.58 1241.4 339.57 0.011691
1217.6 25.648 1242.0 87.131 0.011606
522.25 142.31 550.34 221.88 0.011574
335.6 159.25 363.76 253.26 0.011353
0.0 0.0 103.79 200.57 0.011281
0.0 0.0 114.91 38.866 0.011281
561.5 110.0 618.47 261.05 0.011261
0.0 263.41 34.462 301.77 0.011193
0.0 141.83 76.02 220.44 0.011161
1207.3 20.722 1242.0 60.935 0.011107
1219.0 275.54 1242.0 333.56 0.011052
0.0 338.04 133.42 375.0 0.011038
1191.0 195.19 1222.7 296.03 0.011001
1209.8 286.11 1242.0 323.98 0.010936
0.0 192.17 17.461 243.73 0.010934
386.76 156.7 408.89 222.66 0.010904
1164.4 0.0 1231.6 23.169 0.01086
1137.4 236.9 1242.0 318.65 0.010841
1207.8 351.68 1242.0 375.0 0.010759
0.0 270.76 36.076 309.18 0.010719
201.94 168.96 282.66 203.8 0.010716
792.52 159.41 847.32 214.49 0.010678
0.0 0.0 58.553 323.75 0.010478
1209.2 36.936 1242.0 78.132 0.010458
344.37 162.42 372.69 250.52 0.010403
0.0 277.31 275.14 375.0 0.010291
29.254 0.0 334.34 375.0 0.010251
0.72701 53.927 29.085 156.27 0.010239
1171.3 194.75 1233.7 245.31 0.01013
0.0 0.0 68.735 103.69 0.01012
1209.3 127.59 1239.4 232.9 0.010092
1210.9 50.297 1237.8 145.54 0.0098583
639.18 173.79 688.79 211.88 0.0098086
0.0 96.996 73.374 173.87 0.0096879
592.91 156.53 740.34 232.54 0.0096062
578.56 162.94 656.72 198.02 0.0095271
636.28 191.75 688.07 237.32 0.0095196
1200.7 236.66 1242.0 291.92 0.0095109
620.49 196.24 693.59 234.92 0.0095107
0.0 0.0 290.28 82.947 0.0095095
17.841 228.81 153.66 375.0 0.0094998
0.0 31.313 196.29 215.59 0.0094959
1174.5 0.0 1206.4 38.444 0.0094483
1208.4 28.534 1242.0 68.853 0.0094333
586.32 148.74 617.7 228.57 0.0094165
10.047 0.0 160.48 208.94 0.0093859
0.0 160.12 33.972 199.11 0.0093783
597.27 156.03 641.96 308.77 0.0092047
822.0 0.0 898.28 110.4 0.0090358
501.33 0.0 1242.0 163.4 0.0090337
1188.3 216.25 1242.0 375.0 0.0088714
459.09 149.74 583.61 237.42 0.0088548
781.67 0.0 928.64 196.75 0.0088115
570.67 125.53 619.76 280.03 0.0087527
740.96 0.0 1032.3 375.0 0.008735
280.01 154.23 400.32 243.68 0.0086045
75.8 0.0 232.33 209.76 0.0084195
41.105 0.0 191.8 204.6 0.0083066
658.84 0.0 805.6 218.8 0.0082135
421.48 142.1 600.25 217.95 0.0081258
1130.0 0.0 1206.5 113.55 0.0081109
550.16 0.0 940.94 92.352 0.0078389
660.83 0.0 945.69 106.85 0.0077335
791.81 0.0 866.77 109.7 0.0076712
945.33 0.0 1092.5 198.69 0.0076176
0.0 42.356 24.237 244.31 0.0075705
492.18 114.73 543.99 262.15 0.007544
686.22 0.0 976.54 375.0 0.0075026
0.0 0.0 60.94 228.46 0.007465
383.09 0.0 1168.7 185.2 0.0074493
836.47 0.0 1217.7 84.397 0.0074449
1126.5 63.337 1242.0 140.75 0.0074344
109.42 0.0 264.54 205.05 0.007313
918.31 281.29 1230.3 375.0 0.0072365
611.9 0.0 908.56 375.0 0.0072239
913.04 0.0 1059.0 199.25 0.0072037
14.433 291.68 79.982 375.0 0.0071539
0.0 180.94 35.53 341.17 0.0070497
51.854 235.24 185.6 375.0 0.006976
0.0 79.912 47.725 187.26 0.0069478
0.0 114.55 77.043 193.35 0.0068375
49.727 280.67 377.82 375.0 0.0068358
880.02 0.0 1027.7 203.58 0.0067645
0.0 0.0 100.83 53.177 0.0066855
119.48 280.21 441.53 375.0 0.0066763
975.26 0.0 1121.6 196.13 0.0066466
1103.4 142.36 1242.0 222.73 0.006644
802.5 0.0 1094.1 375.0 0.0065767
769.56 0.0 925.61 54.964 0.0065691
759.89 0.0 1154.8 84.816 0.0065469
1173.4 170.56 1225.2 349.15 0.0065181
814.15 0.0 963.44 205.24 0.0065023
401.25 284.22 719.66 375.0 0.0064176
1037.5 0.0 1190.5 196.74 0.0063331
689.43 0.0 1090.7 82.079 0.0063139
351.26 115.4 404.42 265.97 0.0062107
140.82 0.0 295.4 207.22 0.0061685
545.75 204.23 690.36 265.98 0.0061572
855.64 282.7 1170.4 375.0 0.0061147
1007.1 0.0 1152.5 190.29 0.0060508
452.12 114.66 503.27 265.37 0.0060031
623.97 0.0 774.44 230.2 0.0059358
207.97 280.18 538.32 375.0 0.0059234
0.0 30.762 60.942 110.65 0.0059019
85.775 241.32 217.41 375.0 0.0058871
306.05 120.31 359.24 266.15 0.005879
721.12 0.0 910.0 40.521 0.0058129
1125.3 9.6398 1242.0 96.039 0.0057543
861.84 0.0 1145.9 375.0 0.0057384
182.4 249.5 314.43 375.0 0.0057162
27.474 0.0 414.99 83.809 0.0057114
848.1 0.0 998.7 209.63 0.0056999
1087.0 0.0 1239.8 63.051 0.0056482
0.0 195.99 89.374 265.77 0.0055766
150.89 247.77 281.62 375.0 0.0055283
118.44 245.64 248.57 375.0 0.0055091
213.3 250.96 347.83 375.0 0.0055046
839.7 0.0 915.68 113.23 0.0054861
0.0 0.0 171.25 38.91 0.0053999
791.32 281.47 1111.5 375.0 0.0053955
0.0 0.0 192.95 153.4 0.0053748
1151.3 234.49 1242.0 345.72 0.0052858
592.81 280.3 912.7 375.0 0.005272
1093.1 72.701 1242.0 152.83 0.0052403
270.38 282.74 595.83 375.0 0.0052233
982.39 240.81 1113.3 375.0 0.0051956
0.0 208.93 37.086 375.0 0.0051614
0.0 211.41 84.676 279.35 0.0051496
784.21 0.0 991.51 43.41 0.0050992
928.62 0.0 1121.0 40.084 0.0050703
336.89 282.07 659.62 375.0 0.005058
722.05 282.84 1047.5 375.0 0.0050292
343.15 159.7 495.32 229.98 0.005024
0.0 54.459 140.15 285.69 0.0049627
0.0 227.74 83.419 295.51 0.004957
0.0 21.352 43.412 198.61 0.0049462
141.87 0.0 335.37 41.231 0.0048974
245.6 247.51 379.79 375.0 0.0048134
1160.7 18.839 1233.5 225.33 0.0048122
