561.59 208.38 600.02 237.68 0.99974
569.63 207.83 598.99 233.58 0.9848
566.86 214.11 599.43 239.66 0.97656
573.19 210.52 599.93 236.97 0.95104
569.85 207.86 596.77 227.43 0.93696
565.42 206.42 599.08 224.34 0.92785
559.53 215.62 596.11 239.88 0.82458
550.78 208.83 599.09 240.24 0.80408
556.85 207.52 608.81 239.64 0.65971
579.06 203.82 595.29 235.64 0.52947
574.52 200.48 592.2 235.64 0.52058
570.8 204.19 590.34 237.41 0.48981
575.02 207.94 592.83 238.16 0.4836
566.7 209.08 593.87 232.1 0.46972
568.17 205.53 586.53 237.64 0.43748
562.5 207.93 600.91 229.44 0.41488
583.26 212.05 597.06 240.98 0.38727
553.27 213.4 596.76 235.23 0.37015
578.55 212.84 600.82 235.8 0.34952
566.77 203.62 596.91 219.39 0.28914
546.66 211.24 606.61 242.7 0.27748
559.25 211.87 591.01 236.92 0.26051
565.25 205.18 580.81 235.97 0.24583
582.61 202.78 597.1 235.91 0.24296
574.52 216.43 599.02 239.65 0.23122
576.24 199.62 591.14 229.55 0.23066
573.36 199.39 587.56 229.19 0.19687
551.73 202.73 602.68 244.23 0.17036
572.25 214.82 606.36 235.04 0.15534
580.21 200.81 594.42 230.74 0.1479
565.85 220.9 595.66 241.08 0.13574
0.0 260.75 191.07 375.0 0.1318
574.76 212.75 607.02 231.27 0.12928
1062.2 0.0 1242.0 371.74 0.12417
831.41 0.0 1242.0 186.54 0.11853
0.0 188.37 75.118 375.0 0.11634
1225.1 345.4 1242.0 375.0 0.11517
587.13 210.12 599.32 238.98 0.10419
1041.0 0.0 1242.0 95.937 0.10232
0.0 275.67 34.862 375.0 0.10032
1135.2 0.0 1242.0 178.63 0.099624
1040.8 264.13 1242.0 375.0 0.099075
0.0 249.66 130.87 375.0 0.098475
0.0 332.38 80.627 375.0 0.096357
0.0 335.6 16.183 375.0 0.093503
1225.8 63.338 1242.0 153.34 0.093061
1196.8 288.77 1242.0 375.0 0.091364
1133.4 186.31 1242.0 375.0 0.090815
934.71 0.0 1242.0 232.77 0.090279
552.84 202.69 612.21 235.13 0.08767
0.0 141.77 365.28 375.0 0.086067
1144.0 331.22 1242.0 375.0 0.085262
1199.6 10.852 1242.0 195.94 0.085158
1206.0 362.79 1242.0 375.0 0.085098
1221.7 356.05 1242.0 375.0 0.08261
1139.6 0.0 1242.0 310.67 0.081576
0.0 320.42 51.926 375.0 0.079756
0.0 0.0 149.31 375.0 0.077767
1225.5 79.475 1242.0 169.0 0.075888
569.51 200.49 582.19 231.12 0.075804
580.18 210.67 602.4 230.06 0.074691
1226.1 39.704 1242.0 130.42 0.072703
875.5 133.74 1242.0 375.0 0.072098
1148.5 55.878 1242.0 140.25 0.071817
0.0 225.31 31.664 375.0 0.069356
1049.3 34.949 1242.0 221.59 0.068752
1148.6 71.314 1242.0 155.16 0.067618
1225.4 94.976 1242.0 187.82 0.067207
0.0 280.25 70.119 363.82 0.066919
1200.4 42.83 1242.0 227.93 0.065826
0.0 360.73 39.543 375.0 0.064968
1179.4 322.87 1242.0 375.0 0.064093
1178.3 41.91 1242.0 159.43 0.062073
0.0 267.52 54.554 375.0 0.060398
851.13 8.4149 1242.0 374.11 0.059453
1050.8 69.554 1242.0 252.59 0.057175
1201.7 84.909 1242.0 125.85 0.056218
0.0 354.87 17.786 375.0 0.056039
1148.9 40.677 1242.0 124.12 0.054614
1217.7 345.74 1242.0 375.0 0.054169
0.0 106.23 250.78 375.0 0.054012
1149.2 87.15 1242.0 170.82 0.053553
1201.5 92.467 1242.0 133.32 0.053496
0.0 265.1 74.978 348.07 0.053467
1046.2 105.08 1242.0 288.48 0.052115
0.0 300.47 14.885 375.0 0.051003
1201.7 77.069 1242.0 117.98 0.050799
1139.2 50.052 1242.0 375.0 0.050264
585.86 211.81 598.42 243.28 0.049919
1213.9 75.3 1242.0 132.74 0.049683
943.65 113.3 1242.0 299.69 0.048919
934.13 71.959 1242.0 271.91 0.048031
0.0 0.0 362.34 180.04 0.046704
1082.6 13.798 1242.0 249.78 0.046424
566.14 206.12 590.08 223.51 0.046391
560.79 203.88 573.88 236.89 0.046092
1049.9 135.32 1242.0 323.77 0.045323
587.64 203.04 600.41 235.37 0.045105
1178.1 74.155 1242.0 188.66 0.044903
1202.1 69.269 1242.0 110.04 0.043779
1201.8 100.73 1242.0 141.12 0.043325
0.0 0.0 178.67 89.206 0.043152
840.48 0.0 1227.3 90.321 0.042481
1202.9 61.221 1242.0 101.78 0.041885
563.53 204.94 580.38 243.79 0.040829
572.66 206.51 603.99 223.69 0.040439
849.52 0.0 1242.0 261.11 0.040416
643.19 0.0 1242.0 182.94 0.04004
0.0 250.53 74.721 333.13 0.038617
0.0 310.0 37.777 349.15 0.038247
0.0 296.14 68.318 375.0 0.038239
1213.9 90.648 1242.0 147.89 0.038223
0.0 268.86 288.43 375.0 0.037858
1226.3 112.1 1242.0 205.81 0.037692
1210.3 341.15 1239.5 375.0 0.03714
1214.5 59.322 1242.0 116.95 0.036828
568.1 200.79 590.65 246.95 0.036518
947.61 0.0 1096.9 209.56 0.036409
0.0 0.0 76.547 185.61 0.036169
0.0 318.56 38.318 357.48 0.03595
1202.7 109.47 1242.0 149.01 0.035828
569.77 193.33 594.01 243.88 0.035606
0.0 164.45 187.83 351.24 0.035051
1036.9 32.385 1184.9 375.0 0.03485
0.0 344.81 23.607 375.0 0.033978
957.47 142.88 1242.0 328.36 0.033741
912.45 0.0 1067.6 213.96 0.033691
16.402 203.01 167.0 375.0 0.033237
973.18 0.0 1126.8 200.58 0.032986
1069.7 46.452 1213.3 375.0 0.032874
1049.1 0.0 1242.0 163.93 0.032577
1148.3 25.283 1242.0 108.41 0.032437
0.0 301.88 37.763 341.83 0.032436
1226.6 24.089 1242.0 116.23 0.032404
1203.1 117.41 1242.0 157.16 0.032229
1200.0 0.0 1242.0 93.327 0.032053
0.0 132.83 188.1 317.4 0.032042
1224.9 310.55 1242.0 375.0 0.032026
1204.3 54.077 1242.0 93.81 0.031813
1191.8 367.22 1242.0 375.0 0.030248
0.0 326.4 37.518 365.22 0.03013
1086.5 88.104 1242.0 323.19 0.030118
0.0 0.0 79.555 40.719 0.029967
0.0 54.79 72.418 375.0 0.029721
577.21 208.54 609.12 227.27 0.029482
1148.3 102.85 1242.0 186.62 0.029482
1137.4 0.0 1242.0 39.715 0.029331
0.0 0.0 35.233 107.58 0.029324
0.0 101.1 188.14 283.58 0.029132
49.704 200.84 196.35 375.0 0.028854
842.47 272.76 1203.2 375.0 0.028817
1037.4 167.42 1242.0 351.04 0.028681
1216.6 60.023 1242.0 158.5 0.028679
1215.6 106.94 1242.0 164.74 0.028251
0.0 313.14 21.718 365.3 0.027669
0.0 285.23 38.358 325.17 0.027628
0.0 293.81 37.934 334.02 0.027396
1105.6 0.0 1242.0 204.56 0.027001
0.0 233.87 77.357 317.26 0.026875
0.0 304.29 22.933 356.47 0.026449
0.0 236.42 54.53 350.84 0.026393
1010.7 0.0 1158.3 371.89 0.026356
1215.3 43.781 1242.0 100.54 0.025409
1114.9 336.96 1242.0 375.0 0.025382
558.96 208.49 582.93 229.21 0.025364
1159.7 279.49 1242.0 359.8 0.025137
947.48 199.38 1092.2 375.0 0.024696
81.413 203.0 228.45 375.0 0.024679
1201.1 238.23 1242.0 375.0 0.024175
960.92 45.116 1242.0 231.0 0.024078
23.497 272.31 383.76 375.0 0.023936
2.2894 348.3 30.383 375.0 0.023905
0.0 335.61 36.988 373.79 0.023813
1176.8 12.657 1242.0 130.53 0.02359
0.0 0.0 281.52 242.08 0.02356
0.0 272.87 13.959 365.06 0.023222
1158.3 312.95 1242.0 375.0 0.023155
1200.4 87.77 1242.0 289.49 0.023111
0.0 325.95 18.776 375.0 0.023053
1203.8 125.47 1242.0 164.95 0.022949
552.32 194.53 618.07 229.51 0.022947
571.66 212.62 587.47 246.82 0.022873
914.48 208.4 1057.2 375.0 0.022852
0.0 151.27 78.581 234.58 0.022751
0.0 15.642 377.93 375.0 0.022692
1203.0 346.46 1232.5 375.0 0.022498
876.0 0.0 1175.3 115.55 0.022281
562.72 195.17 588.15 247.09 0.022176
1007.6 0.0 1157.3 207.22 0.022112
0.0 0.0 138.94 121.6 0.022064
1104.9 0.0 1242.0 360.34 0.021962
1215.9 77.211 1242.0 173.47 0.021925
0.0 136.01 75.368 218.93 0.021859
0.0 167.27 77.891 251.09 0.021775
0.0 217.03 78.545 300.2 0.021019
577.07 212.2 591.73 244.99 0.021014
995.94 92.097 1242.0 323.27 0.020816
984.08 0.0 1242.0 375.0 0.020633
0.0 109.09 35.243 314.14 0.020551
882.82 0.0 1040.2 221.36 0.020301
591.91 210.92 602.29 241.52 0.020058
1158.0 0.0 1242.0 50.001 0.019953
587.03 213.81 605.47 233.25 0.019926
0.0 157.7 33.715 363.17 0.019855
0.0 277.74 36.749 317.19 0.019585
113.45 201.43 259.84 375.0 0.019477
0.0 120.99 77.098 203.94 0.019445
978.63 199.96 1121.6 375.0 0.019438
0.0 184.19 77.68 267.11 0.019269
552.65 208.57 590.48 227.61 0.019118
554.3 219.26 590.7 240.51 0.019034
1216.8 36.605 1242.0 135.9 0.018918
0.0 367.1 53.795 375.0 0.018817
1209.8 350.84 1242.0 375.0 0.018731
0.0 0.0 67.372 55.218 0.01867
1079.5 0.0 1222.7 324.47 0.018523
86.274 270.73 446.82 375.0 0.018515
0.0 200.84 78.14 283.66 0.018325
1180.5 267.57 1242.0 375.0 0.018213
548.13 214.8 586.62 234.12 0.018171
1040.9 0.0 1191.0 215.18 0.017906
1204.9 46.141 1242.0 86.259 0.017574
883.65 205.22 1026.0 375.0 0.017381
0.0 147.69 135.53 375.0 0.017126
567.44 209.35 583.27 247.46 0.016929
1190.2 359.9 1239.9 375.0 0.016726
1210.8 333.31 1242.0 371.42 0.016719
1219.3 320.84 1242.0 375.0 0.016164
554.14 212.83 580.62 234.88 0.016109
1149.4 118.21 1242.0 202.23 0.016055
1198.2 135.9 1242.0 337.53 0.015941
744.86 0.0 1123.7 93.998 0.015924
9.9831 349.13 38.252 375.0 0.015871
145.88 200.14 290.41 375.0 0.015842
946.52 267.18 1242.0 375.0 0.015769
813.52 0.0 1116.8 375.0 0.015601
1203.6 132.76 1242.0 172.38 0.01559
0.0 65.416 34.207 266.93 0.015518
177.08 201.06 319.82 375.0 0.015487
580.6 216.41 601.94 237.63 0.015395
0.0 290.62 23.131 342.41 0.015377
581.32 211.3 594.83 245.42 0.015253
0.0 334.57 134.43 375.0 0.015189
1169.0 286.51 1237.0 375.0 0.015137
1076.6 215.61 1242.0 375.0 0.015065
0.0 361.07 24.72 375.0 0.015006
0.0 256.09 13.831 347.74 0.014854
1008.6 200.08 1152.1 375.0 0.014804
1157.6 263.47 1242.0 344.75 0.01476
1171.9 366.12 1242.0 375.0 0.014314
561.08 204.94 596.25 222.61 0.014211
0.0 34.326 191.97 221.47 0.014151
0.0 105.92 78.09 188.96 0.013992
1154.1 166.95 1242.0 251.21 0.013906
760.47 270.36 1117.4 375.0 0.013831
559.58 206.04 573.96 245.9 0.013588
14.101 290.55 83.127 375.0 0.013571
1152.8 182.27 1242.0 267.84 0.013468
552.7 211.61 576.71 232.73 0.013464
0.0 353.08 35.788 375.0 0.013453
1180.9 0.0 1242.0 207.58 0.013388
1228.0 129.08 1242.0 223.1 0.013344
210.15 205.45 352.26 375.0 0.013303
559.16 195.51 607.22 238.06 0.013251
1040.3 197.29 1188.3 375.0 0.013205
0.0 85.205 138.73 318.77 0.01318
853.79 0.0 1006.5 233.23 0.013085
802.17 0.0 1105.5 116.14 0.013017
720.56 148.98 1242.0 375.0 0.012981
0.0 270.27 38.37 308.98 0.012931
0.0 142.33 59.44 254.74 0.012908
151.88 272.33 502.59 375.0 0.012783
0.0 296.41 21.369 375.0 0.012528
1215.1 121.78 1242.0 180.19 0.012515
965.74 0.0 1242.0 86.243 0.012466
0.0 205.02 56.191 317.9 0.012347
851.08 212.72 991.74 375.0 0.012244
0.0 91.064 75.191 172.79 0.012146
0.0 234.17 43.881 375.0 0.011987
1225.8 282.45 1242.0 367.89 0.0118
1210.0 324.21 1242.0 362.82 0.011761
240.58 209.72 380.58 375.0 0.011585
0.0 227.53 215.56 375.0 0.011462
1227.8 147.48 1242.0 240.05 0.011378
589.24 213.48 599.73 243.31 0.011362
0.0 0.0 69.784 317.9 0.011202
1150.7 198.89 1242.0 281.92 0.011186
1154.2 136.62 1242.0 221.42 0.011178
0.0 366.66 73.253 375.0 0.011175
0.0 172.67 57.777 285.88 0.01111
1177.2 103.12 1242.0 223.01 0.011083
0.0 331.45 181.41 375.0 0.011007
1154.9 247.79 1242.0 330.12 0.010948
559.47 222.45 594.78 243.48 0.010776
1227.0 8.1886 1242.0 99.503 0.010732
1148.0 10.097 1242.0 93.589 0.010719
0.0 29.871 31.09 233.79 0.010532
1150.9 290.41 1220.3 375.0 0.010461
1216.8 313.39 1242.0 368.0 0.010434
28.082 286.09 98.68 375.0 0.010286
980.58 0.0 1126.1 371.59 0.010138
1201.2 169.93 1242.0 362.67 0.010128
557.6 205.17 569.24 238.27 0.009871
0.0 112.8 54.63 224.91 0.0098644
1207.7 316.13 1242.0 355.35 0.00964
1216.3 98.774 1242.0 202.67 0.009615
0.0 273.7 22.838 325.58 0.0095295
0.0 0.0 270.12 375.0 0.0094701
0.0 156.47 38.195 196.2 0.009403
1151.6 231.61 1242.0 313.69 0.0092084
43.56 286.96 115.0 375.0 0.0091362
1151.4 213.94 1242.0 296.38 0.0091258
1222.6 0.0 1242.0 36.236 0.009085
1114.1 61.942 1242.0 145.73 0.0090749
1207.3 308.85 1242.0 348.27 0.0089716
925.36 0.0 1198.5 375.0 0.0088886
273.92 216.65 411.21 375.0 0.0088037
1206.4 38.556 1242.0 78.348 0.008779
1237.1 81.282 1242.0 127.45 0.0087729
563.55 209.64 578.22 250.56 0.0087317
1194.3 347.15 1223.1 375.0 0.0086837
1226.8 269.5 1242.0 353.94 0.0086458
543.21 206.87 597.56 248.29 0.0085691
0.0 163.03 508.34 375.0 0.0083136
818.43 213.16 961.24 375.0 0.0082992
1173.3 154.91 1242.0 276.15 0.0082862
239.08 0.0 393.11 209.93 0.0082242
1237.1 93.619 1242.0 139.11 0.0081253
98.743 0.0 401.46 375.0 0.0081238
582.92 213.59 612.82 230.05 0.0081228
219.94 274.19 553.44 375.0 0.0080612
739.55 0.0 1040.8 375.0 0.0080586
1115.4 77.301 1242.0 160.02 0.0079487
0.0 0.0 104.89 206.6 0.0079344
0.0 363.84 45.808 375.0 0.0078542
0.0 0.0 671.88 184.58 0.0077594
0.0 262.06 38.004 301.0 0.0076854
0.0 149.72 37.509 188.61 0.0076215
0.0 0.0 33.916 18.601 0.0075492
574.96 191.56 599.61 248.27 0.0074644
566.39 200.66 589.4 217.36 0.0074196
0.0 325.17 110.38 375.0 0.007388
208.67 0.0 359.43 211.12 0.0073826
1179.3 122.3 1242.0 243.17 0.0073637
0.0 0.0 12.24 44.101 0.0073176
564.47 200.3 575.87 232.18 0.0073134
1207.0 141.17 1242.0 180.44 0.0072853
17.358 349.47 45.818 375.0 0.0072656
1208.8 301.26 1242.0 340.06 0.0072377
1210.0 59.001 1239.3 162.55 0.0072323
702.36 0.0 1242.0 295.79 0.0072307
160.16 0.0 466.7 375.0 0.0072295
59.791 285.75 131.14 375.0 0.0071457
1063.4 333.15 1242.0 375.0 0.0071333
0.0 2.8811 190.3 187.44 0.0071286
111.19 0.0 520.75 93.536 0.0071104
1199.7 0.0 1242.0 15.675 0.0070665
0.0 253.4 37.971 293.25 0.0070662
592.25 203.69 603.99 236.6 0.0070618
819.26 0.0 965.14 211.75 0.0069437
586.18 210.1 608.07 229.24 0.0069148
175.35 0.0 328.4 217.21 0.0068968
580.15 216.96 611.18 233.57 0.0068675
1215.7 300.36 1242.0 354.13 0.0068608
1177.3 236.09 1242.0 350.65 0.0068501
0.0 164.48 38.505 204.81 0.0068411
0.0 75.285 74.324 155.93 0.0068263
1206.6 0.0 1242.0 121.89 0.0068108
24.708 330.71 233.15 375.0 0.0067617
686.85 0.0 1050.2 90.94 0.0067583
306.88 221.15 441.54 375.0 0.0066693
0.0 312.57 53.074 348.31 0.0066431
1237.3 101.15 1242.0 147.11 0.006604
0.0 321.78 52.05 356.49 0.0065524
944.16 16.186 1242.0 198.06 0.0065513
0.0 245.78 38.08 285.58 0.0064797
580.3 207.81 603.64 225.47 0.006379
271.03 0.0 425.68 209.23 0.0063179
1172.1 185.83 1242.0 304.97 0.0063165
0.0 314.38 6.7491 364.94 0.0061214
60.004 331.54 269.18 375.0 0.0060956
0.0 238.26 37.984 277.43 0.0060798
1237.3 73.774 1242.0 119.94 0.00607
1134.8 288.57 1203.1 375.0 0.0060505
789.32 218.75 931.81 375.0 0.0060431
75.606 285.27 146.14 375.0 0.0060211
0.0 79.825 54.999 190.38 0.0059901
144.31 0.0 294.57 217.85 0.0059674
1215.7 28.021 1242.0 84.815 0.0058996
1137.2 0.0 1242.0 61.944 0.0058449
0.0 134.45 12.773 226.14 0.0058399
1208.9 293.62 1242.0 332.24 0.0058269
0.0 0.0 394.06 94.856 0.0058205
1141.2 41.668 1242.0 166.49 0.0057673
571.16 226.14 599.74 242.72 0.0057641
579.11 221.67 606.6 240.26 0.0057096
1109.0 321.87 1242.0 375.0 0.0057089
571.19 180.69 595.76 245.26 0.0057042
113.86 0.0 265.37 214.48 0.0056908
565.92 198.27 596.54 213.66 0.0056896
1207.4 30.447 1242.0 68.806 0.0056834
491.65 0.0 784.38 375.0 0.0056545
831.21 0.0 1239.4 150.3 0.0056465
1116.7 46.185 1242.0 129.55 0.0056345
0.0 285.26 20.872 307.43 0.0055602
615.29 0.0 908.24 375.0 0.0055016
396.26 0.0 1194.6 181.98 0.0054976
677.28 0.0 965.35 375.0 0.0054777
0.0 22.871 138.68 253.82 0.0054671
922.27 332.07 1130.4 375.0 0.0054558
1114.6 93.478 1242.0 176.61 0.005386
92.054 284.08 161.93 375.0 0.0053853
0.0 237.87 12.637 330.43 0.0053592
0.0 142.11 37.356 180.92 0.0053299
1179.0 37.985 1242.0 264.87 0.0053222
0.0 229.81 36.888 269.43 0.0052804
788.58 0.0 933.73 203.65 0.0052673
300.56 0.0 455.08 207.8 0.0052204
0.0 304.56 55.621 340.68 0.005181
902.6 167.87 1242.0 350.82 0.0051764
0.0 301.56 6.2448 352.6 0.0051398
415.66 0.0 819.65 86.103 0.0051313
557.15 221.84 584.26 243.47 0.0051155
551.01 207.7 575.1 228.41 0.0051147
1209.9 35.054 1239.1 139.69 0.0050986
0.0 328.11 50.71 362.84 0.0050944
687.29 267.96 1031.4 375.0 0.0050884
1209.0 75.198 1238.6 179.4 0.0050782
107.46 287.37 177.03 375.0 0.0050729
221.19 0.0 523.92 375.0 0.0050421
1213.8 303.97 1241.7 375.0 0.0050111
553.54 0.0 845.19 375.0 0.0049315
0.0 283.79 115.55 359.52 0.0048926
531.37 0.0 677.72 206.17 0.0048726
4.1568 322.03 144.5 375.0 0.0048582
0.0 270.81 6.3136 320.62 0.0048549
106.34 333.04 315.97 375.0 0.0048434
1238.1 307.34 1242.0 350.07 0.0048068
124.08 287.32 193.34 375.0 0.0047702
572.55 203.35 605.31 219.69 0.0047055
948.92 0.0 1095.7 342.55 0.004654
1186.0 348.32 1214.8 375.0 0.0046419
84.576 0.0 233.24 208.13 0.0046389
343.84 235.1 472.56 375.0 0.0046308
294.32 281.18 614.06 375.0 0.0046184
1141.6 0.0 1219.1 108.92 0.0046105
1227.9 186.09 1242.0 272.96 0.0045244
0.0 171.94 37.215 212.73 0.0045206
1171.9 362.01 1225.6 375.0 0.004513
578.17 206.02 611.37 223.04 0.0045031
1091.3 0.0 1242.0 40.504 0.0045015
140.42 286.08 209.42 375.0 0.004497
863.02 49.913 1224.9 222.04 0.0044951
0.73176 287.83 28.602 375.0 0.0044823
50.532 0.0 202.72 207.23 0.0044777
1238.2 319.4 1242.0 360.34 0.004477
1003.6 286.88 1073.1 375.0 0.0044524
0.0 329.58 20.704 350.78 0.0044516
1215.9 283.99 1242.0 338.54 0.0044333
869.06 331.45 1079.7 375.0 0.0044215
988.0 282.91 1058.0 375.0 0.0044179
1238.9 324.31 1242.0 364.28 0.0044132
759.46 223.73 896.66 375.0 0.0043754
1209.9 286.14 1242.0 323.78 0.0043687
0.0 281.62 20.341 303.4 0.004358
564.48 0.0 706.91 204.05 0.0043332
1123.7 0.0 1205.2 112.73 0.0043296
850.07 81.867 1230.2 254.44 0.0043242
564.08 192.07 616.82 236.12 0.0042616
1207.7 149.7 1242.0 189.31 0.0042597
500.04 0.0 886.09 89.637 0.0042587
1237.3 362.76 1242.0 375.0 0.0042474
555.68 225.16 590.54 243.97 0.0042227
0.0 276.05 21.205 365.21 0.0042201
1159.4 0.0 1235.5 113.39 0.004207
0.0 0.0 265.29 90.34 0.0041877
1208.8 0.0 1242.0 18.86 0.0041844
0.0 0.0 19.846 8.8863 0.0041809
0.0 133.5 34.832 172.2 0.0041745
155.88 287.65 224.91 375.0 0.0041695
0.0 237.34 327.77 375.0 0.0041577
0.0 109.38 37.25 149.24 0.0041524
0.0 305.37 20.527 327.15 0.0041489
0.0 221.57 38.85 261.1 0.0041443
0.0 224.0 12.173 314.61 0.0041149
600.97 0.0 981.9 91.679 0.0041112
153.55 332.27 363.17 375.0 0.0041045
816.83 235.86 1184.6 375.0 0.004101
0.0 333.48 20.798 354.76 0.0040666
582.4 209.59 614.52 226.75 0.0040651
0.0 125.01 36.048 164.21 0.0040597
1118.2 290.53 1186.1 375.0 0.004056
0.0 296.94 53.399 333.08 0.0040541
423.12 0.0 715.11 375.0 0.0040496
0.0 301.52 20.212 323.05 0.0040382
200.4 0.0 991.74 180.68 0.0039681
546.64 208.49 583.14 226.18 0.0039586
556.26 201.51 568.41 235.36 0.0039433
0.0 320.24 29.277 367.86 0.0039417
596.36 0.0 738.42 206.83 0.0039335
0.0 0.0 6.9805 19.841 0.0039302
0.0 0.0 28.783 23.846 0.0039171
726.72 228.01 861.83 375.0 0.0039168
757.61 0.0 899.61 201.41 0.0039116
172.33 287.16 241.12 375.0 0.0039017
0.0 116.84 37.599 156.23 0.0038871
0.0 292.14 6.2192 339.67 0.0038806
632.24 279.87 954.08 375.0 0.0038758
1016.2 232.03 1242.0 375.0 0.0038449
0.0 309.46 20.738 330.75 0.0038302
1109.0 139.0 1242.0 375.0 0.0038239
0.0 59.64 72.924 141.02 0.0038095
918.69 28.964 1210.2 255.22 0.0037986
25.813 350.18 53.788 375.0 0.0037887
0.0 288.31 53.725 324.22 0.0037728
0.0 297.52 19.856 318.82 0.0037439
583.27 221.02 610.72 237.61 0.0037287
628.98 0.0 769.76 202.49 0.0037175
0.0 102.24 37.557 141.85 0.0037047
188.95 288.45 257.15 375.0 0.003679
1237.5 49.126 1242.0 95.16 0.0036739
973.84 282.25 1042.0 375.0 0.0036673
546.81 211.94 571.73 231.6 0.0036639
723.46 0.0 865.88 205.07 0.0036551
1209.6 166.31 1242.0 205.35 0.0036531
1209.1 157.81 1242.0 197.29 0.0036435
0.0 292.81 21.152 314.63 0.0036337
0.0 154.98 24.913 205.5 0.0036329
553.92 192.25 578.35 264.24 0.0036255
0.0 325.41 21.256 346.61 0.0036219
1207.0 322.77 1236.6 375.0 0.0036145
660.6 0.0 801.5 203.2 0.0035974
1200.7 109.55 1242.0 163.21 0.0035943
1180.2 89.708 1242.0 125.28 0.0035922
0.0 358.9 5.0432 375.0 0.0035899
205.25 290.23 272.98 375.0 0.0035612
575.34 194.19 595.97 258.86 0.0035532
0.0 100.21 100.67 375.0 0.0035525
691.92 0.0 833.19 204.08 0.0035296
947.13 0.0 1169.3 45.515 0.0035025
561.72 288.32 883.56 375.0 0.0034963
371.51 293.68 672.71 375.0 0.0034829
590.88 216.81 609.6 234.7 0.0034797
543.25 212.88 580.63 230.33 0.0034763
357.49 0.0 657.04 375.0 0.0034532
1237.7 108.42 1242.0 155.67 0.0034474
1140.2 73.289 1242.0 197.49 0.0034397
1019.8 289.42 1088.1 375.0 0.0034341
0.0 372.7 18.046 375.0 0.0034232
1227.7 253.31 1242.0 338.79 0.0033849
0.0 282.76 6.5553 331.78 0.003375
1179.2 97.33 1242.0 132.95 0.0033281
0.0 165.51 20.213 186.93 0.003322
0.0 213.76 38.557 252.59 0.0033161
968.58 332.49 1175.4 375.0 0.0033063
376.89 246.33 500.34 375.0 0.0033062
336.78 0.0 486.24 211.31 0.0032958
0.0 277.8 20.172 299.32 0.0032876
496.83 0.0 644.14 202.47 0.0032765
0.0 153.12 20.052 174.76 0.0032595
1237.6 124.81 1242.0 171.5 0.0032581
0.0 94.171 36.945 132.78 0.0032471
0.0 313.47 21.33 334.84 0.0032318
0.0 121.02 11.688 209.66 0.0032313
0.0 262.62 5.9796 312.6 0.0032219
288.25 0.0 588.96 375.0 0.0032172
4.2093 364.99 95.988 375.0 0.0032084
0.0 249.08 20.052 270.64 0.0032023
982.34 0.0 1242.0 122.97 0.0032005
1209.5 173.57 1242.0 212.3 0.0031919
0.0 157.18 19.672 178.84 0.003182
1237.4 65.245 1242.0 111.31 0.0031741
0.0 169.01 20.975 190.72 0.0031726
221.04 289.44 288.84 375.0 0.0031718
1217.9 138.37 1242.0 195.3 0.0031627
573.69 194.01 585.22 223.23 0.0031346
694.85 238.49 824.96 375.0 0.0031301
0.0 321.54 20.923 342.81 0.0031184
0.0 205.41 37.203 244.47 0.0031181
0.0 317.37 21.224 339.14 0.0031172
591.35 213.5 610.96 231.97 0.0031024
0.0 180.17 36.824 219.82 0.0030987
1108.9 0.0 1189.1 114.22 0.0030961
1146.1 364.7 1236.2 375.0 0.0030946
206.28 0.0 606.79 87.64 0.0030867
0.0 88.596 12.114 181.13 0.0030855
1199.7 47.408 1242.0 99.36 0.0030575
1172.4 0.0 1242.0 79.496 0.0030456
957.57 280.15 1025.2 375.0 0.0030456
584.26 198.75 596.36 231.36 0.0030442
1181.1 81.984 1242.0 117.55 0.0030409
0.0 207.71 12.279 298.87 0.0030352
555.5 187.46 578.55 249.3 0.0030013
33.193 323.92 176.21 375.0 0.0029952
0.0 259.47 22.663 310.27 0.0029688
1177.7 350.82 1206.2 375.0 0.0029622
505.8 293.46 807.79 375.0 0.0029505
1228.6 201.11 1242.0 288.19 0.0029453
33.989 350.96 61.424 375.0 0.0029358
0.0 338.43 51.469 371.08 0.0029233
41.576 352.08 69.724 375.0 0.0029113
1015.4 333.94 1223.7 375.0 0.0028987
577.22 196.27 589.07 225.44 0.0028842
942.55 281.14 1009.0 375.0 0.0028502
0.0 0.0 50.234 101.49 0.0028425
1227.8 93.513 1242.0 113.84 0.0028139
0.0 148.78 12.044 242.75 0.002803
0.0 196.76 37.392 236.65 0.0027937
0.0 0.0 534.14 247.73 0.0027838
0.0 161.33 19.984 182.69 0.0027784
0.0 176.4 21.507 198.69 0.0027768
1120.3 280.93 1242.0 363.59 0.0027762
665.71 251.88 790.17 375.0 0.0027641
1014.4 0.0 1093.2 121.85 0.0027599
595.64 215.22 605.51 244.11 0.0027552
563.62 175.07 589.22 246.28 0.0027495
1227.9 97.597 1242.0 117.82 0.002747
1212.3 278.23 1242.0 315.38 0.0027352
464.46 0.0 616.42 223.17 0.0027272
0.0 149.76 6.1209 198.77 0.0027229
0.0 189.14 37.997 228.31 0.0027149
1217.8 155.31 1242.0 212.56 0.0027142
348.29 0.0 736.44 88.341 0.0027077
236.99 289.5 305.29 375.0 0.0026984
413.97 253.52 531.29 375.0 0.0026831
0.0 138.74 6.2224 187.6 0.0026827
0.0 252.74 20.309 274.74 0.0026722
1228.2 101.66 1242.0 121.72 0.0026665
0.0 250.55 23.265 302.01 0.0026625
0.0 274.84 94.346 375.0 0.0026615
1101.7 291.29 1169.4 375.0 0.0026523
0.0 268.7 125.49 345.36 0.0026493
0.0 298.8 31.38 348.87 0.0026472
554.13 204.13 565.52 240.03 0.0026423
179.9 0.0 460.83 125.72 0.0026359
1036.3 291.66 1103.7 375.0 0.0026327
927.04 289.81 991.62 375.0 0.0026131
440.32 292.95 741.94 375.0 0.0026113
577.42 178.54 602.82 245.95 0.0026042
859.77 117.19 1230.1 285.91 0.0025997
367.38 0.0 513.79 212.51 0.0025978
0.0 72.321 11.174 165.97 0.0025871
11.739 231.58 78.215 375.0 0.0025779
491.54 185.7 652.22 261.65 0.0025752
1228.3 105.63 1242.0 125.69 0.0025725
554.53 219.03 580.07 240.95 0.0025501
519.4 207.07 601.01 241.28 0.0025485
1030.8 0.0 1240.6 46.108 0.0025447
1238.4 299.09 1242.0 341.75 0.0024814
0.0 0.0 28.995 132.79 0.0024791
1181.9 74.033 1242.0 109.36 0.0024782
635.27 262.65 755.09 375.0 0.0024736
720.53 0.0 1022.1 111.27 0.0024708
1000.2 0.0 1078.7 116.26 0.0024672
0.0 241.04 20.202 262.71 0.0024593
545.75 207.88 570.76 227.43 0.0024578
1228.0 89.74 1242.0 109.92 0.0024558
38.398 164.81 767.87 375.0 0.0024367
64.853 323.75 210.08 375.0 0.0024277
551.87 205.72 587.86 222.44 0.0024264
686.12 36.993 1242.0 375.0 0.0024157
49.387 350.71 77.633 375.0 0.0023965
0.0 163.56 25.094 215.07 0.0023891
1200.3 355.48 1242.0 375.0 0.0023798
0.0 280.44 53.005 316.58 0.002354
549.58 0.0 1153.5 223.35 0.0023425
1209.8 182.11 1242.0 220.09 0.0023422
1116.9 31.551 1242.0 113.85 0.0023407
557.53 208.96 569.29 246.76 0.0023404
1178.3 105.81 1242.0 141.01 0.0023333
200.05 333.23 415.8 375.0 0.0023329
1164.4 363.44 1219.3 375.0 0.0023214
556.95 205.91 580.6 225.29 0.0023212
0.0 282.71 12.525 311.2 0.0023194
0.0 0.0 157.62 41.358 0.002309
0.0 157.0 6.3653 208.4 0.0023078
26.758 365.04 118.38 375.0 0.0023063
1228.2 215.79 1242.0 303.19 0.0022944
1181.7 66.186 1242.0 101.48 0.0022921
0.0 235.4 6.3797 284.03 0.0022767
106.38 0.0 398.01 124.67 0.0022718
445.6 270.15 558.27 375.0 0.0022707
0.0 327.29 11.475 354.77 0.002268
1228.6 109.57 1242.0 129.61 0.0022656
530.51 190.21 614.1 227.95 0.0022595
1000.2 144.61 1242.0 375.0 0.0022587
1086.1 292.09 1153.3 375.0 0.0022527
1184.5 223.67 1242.0 375.0 0.0022524
1208.7 23.389 1242.0 60.967 0.0022519
549.69 220.96 585.21 239.79 0.0022477
0.0 280.24 161.88 361.68 0.0022471
1161.4 21.708 1229.4 255.61 0.0022404
0.0 0.0 14.919 11.203 0.0022372
903.24 97.633 1206.4 320.22 0.0022176
0.0 175.62 47.607 375.0 0.0022154
1114.1 109.72 1242.0 192.53 0.0021981
1053.2 291.34 1120.1 375.0 0.002192
252.22 289.27 320.89 375.0 0.0021853
1211.0 206.06 1242.0 244.22 0.0021776
0.0 214.14 64.044 375.0 0.0021729
604.9 267.28 721.48 375.0 0.0021705
567.94 225.33 593.97 242.57 0.002169
95.699 324.04 243.26 375.0 0.0021681
1069.2 291.46 1136.6 375.0 0.0021634
0.0 336.89 21.499 358.33 0.0021604
523.82 157.34 1212.2 375.0 0.0021596
0.0 180.49 20.961 202.44 0.0021558
1237.9 132.96 1242.0 179.67 0.0021545
1230.0 371.17 1242.0 375.0 0.0021509
894.43 233.48 1242.0 375.0 0.0021493
0.0 236.05 23.063 286.37 0.0021447
595.94 207.41 606.91 240.46 0.0021391
0.0 87.162 34.025 125.11 0.0021372
25.003 0.0 226.74 42.207 0.0021265
1210.1 198.34 1242.0 236.73 0.0020724
1.387 268.66 29.374 356.21 0.0020606
0.0 237.52 20.685 258.9 0.0020551
1197.6 341.68 1242.0 375.0 0.0020536
345.21 0.0 956.86 231.97 0.002018
0.0 140.5 23.22 190.45 0.0020151
1189.4 78.923 1242.0 130.86 0.0020124
475.56 276.23 588.83 375.0 0.0019847
959.9 322.75 1104.7 375.0 0.0019792
0.0 273.98 19.158 295.1 0.0019771
401.23 0.0 550.64 226.9 0.0019734
1228.4 85.753 1242.0 105.84 0.001972
983.95 0.0 1064.3 109.79 0.0019658
1210.0 213.81 1242.0 251.66 0.0019519
573.54 276.37 685.58 375.0 0.0019483
1209.2 190.56 1242.0 228.71 0.0019409
560.05 201.87 592.73 218.34 0.0019319
0.0 191.45 11.923 283.71 0.0019309
4.9902 365.46 60.843 375.0 0.0019282
1229.3 113.64 1242.0 133.57 0.0019273
0.0 303.55 11.94 330.76 0.0019272
261.66 335.1 471.79 375.0 0.0019212
1239.4 332.83 1242.0 375.0 0.0019191
1217.0 268.76 1242.0 321.79 0.0019163
1169.8 352.25 1197.3 375.0 0.0019143
432.78 0.0 581.69 219.81 0.0019017
1239.0 154.74 1242.0 197.8 0.0019015
52.23 237.91 426.13 375.0 0.0018918
0.0 43.189 71.021 125.2 0.0018831
1030.1 0.0 1107.1 125.89 0.0018688
41.703 0.0 337.66 123.72 0.0018687
820.46 333.81 1034.8 375.0 0.0018628
6.6564 299.5 34.206 375.0 0.0018612
570.89 198.02 602.35 213.17 0.001851
0.0 259.09 21.393 349.56 0.0018406
887.95 364.55 981.66 375.0 0.0018399
920.8 0.0 1061.9 347.84 0.0018368
57.295 351.85 85.189 375.0 0.0018347
585.53 217.61 617.09 232.85 0.001834
455.18 0.0 762.97 116.27 0.0018331
1200.4 328.67 1230.5 375.0 0.0018306
1238.8 292.18 1242.0 334.91 0.0018262
1216.9 13.057 1242.0 112.99 0.0018171
0.0 256.94 19.632 278.32 0.0018044
1228.3 233.66 1242.0 321.94 0.0017961
540.81 274.33 653.35 375.0 0.0017862
128.65 325.46 274.99 375.0 0.0017767
1079.9 132.85 1224.6 375.0 0.0017729
1238.9 142.04 1242.0 186.77 0.0017714
541.69 218.39 609.87 252.3 0.0017701
506.35 276.67 620.96 375.0 0.0017681
1178.2 120.88 1242.0 355.37 0.0017672
1194.8 50.31 1242.0 87.513 0.0017592
591.84 215.85 601.43 245.13 0.0017291
1073.2 0.0 1209.6 232.04 0.0017252
911.69 288.08 975.71 375.0 0.0017251
1095.3 0.0 1173.6 120.97 0.0017223
519.16 199.23 604.34 235.31 0.0017206
587.0 218.74 605.27 237.34 0.0017205
588.56 221.97 616.83 237.01 0.0017157
1075.6 0.0 1236.4 60.173 0.0017044
561.15 202.6 584.97 220.85 0.0017012
587.21 213.47 619.64 229.6 0.0017005
900.73 0.0 1126.1 45.88 0.0016989
0.0 184.84 20.393 206.54 0.0016954
0.0 295.19 11.69 322.5 0.0016934
1211.3 270.31 1242.0 307.43 0.0016865
268.16 288.3 336.04 375.0 0.0016623
39.66 365.64 133.99 375.0 0.0016619
0.0 145.5 20.066 167.07 0.0016596
0.0 233.42 20.604 254.91 0.0016589
0.0 73.466 229.78 250.86 0.0016551
1239.1 162.59 1242.0 205.55 0.0016456
520.91 212.47 603.95 246.92 0.0016407
160.22 325.23 307.4 375.0 0.001634
0.0 289.89 12.867 318.44 0.0016337
1233.4 88.697 1242.0 117.89 0.0016313
239.16 0.0 521.92 116.36 0.0016282
8.9953 0.0 79.612 112.07 0.0016253
153.05 139.21 294.85 375.0 0.0016198
0.0 137.99 104.64 216.88 0.0016168
0.0 166.1 11.703 259.75 0.0016137
1211.4 221.35 1242.0 259.45 0.0016035
1233.7 96.716 1242.0 125.57 0.0016025
0.0 315.4 11.08 343.75 0.0016
555.75 229.52 590.28 247.22 0.0015992
0.0 293.94 137.64 375.0 0.0015931
0.0 311.15 11.865 338.8 0.0015911
0.0 225.47 20.185 246.55 0.0015895
90.826 0.0 656.78 238.49 0.0015828
0.0 319.06 69.269 355.55 0.0015698
23.896 0.0 94.573 109.1 0.0015666
0.0 0.0 26.784 191.57 0.0015614
930.54 320.42 1082.0 375.0 0.0015584
1209.4 96.046 1238.0 209.24 0.0015503
1129.5 365.51 1221.1 375.0 0.0015481
826.21 179.18 1203.4 348.24 0.001547
565.13 228.55 596.15 246.74 0.0015428
559.76 198.95 570.64 231.07 0.0015415
558.18 226.05 584.93 245.48 0.001539
0.0 107.66 22.501 158.37 0.0015356
0.0 229.24 20.558 250.48 0.0015343
0.0 227.3 6.0808 276.72 0.0015162
26.622 225.62 92.399 375.0 0.0015068
541.11 133.4 599.51 309.5 0.001495
556.83 190.17 635.54 227.31 0.001492
1179.3 114.35 1242.0 148.66 0.0014873
0.0 132.1 22.288 181.74 0.0014864
0.0 51.957 53.87 162.52 0.0014838
658.5 0.0 967.09 113.85 0.0014788
65.761 350.9 93.339 375.0 0.0014775
529.77 0.0 838.48 114.14 0.0014575
871.84 63.215 1173.7 286.23 0.001452
0.0 269.72 19.367 290.75 0.0014489
0.0 253.24 124.07 329.38 0.0014466
1217.4 171.16 1242.0 226.64 0.0014453
0.0 202.97 107.96 281.78 0.00144
283.96 291.07 352.51 375.0 0.0014366
122.33 235.58 493.71 375.0 0.0014172
1229.6 117.43 1242.0 137.41 0.0014144
0.0 372.55 6.9172 375.0 0.0014129
1228.9 81.595 1242.0 101.69 0.0014071
1210.7 229.04 1242.0 267.44 0.0014058
73.008 0.0 143.99 110.22 0.0014055
0.0 221.59 20.587 242.66 0.0014043
40.052 0.0 111.41 110.26 0.0014017
183.93 138.59 326.46 375.0 0.0014006
12.997 364.1 70.462 375.0 0.0013997
0.0 242.71 5.7676 291.73 0.0013922
590.33 0.0 901.27 114.26 0.0013902
1190.2 62.805 1242.0 115.72 0.0013742
56.939 0.0 127.65 109.8 0.0013734
0.0 168.66 6.4046 219.13 0.0013729
0.0 254.4 5.5186 304.31 0.0013723
0.0 0.0 209.73 117.57 0.0013719
968.11 0.0 1047.3 109.45 0.001369
969.87 200.25 1242.0 375.0 0.001369
0.0 274.77 11.554 303.38 0.001364
1045.8 0.0 1124.8 132.86 0.0013587
0.0 0.0 93.812 50.231 0.0013553
0.0 264.2 182.73 346.02 0.0013507
0.0 327.01 68.842 361.91 0.0013489
0.0 0.0 97.478 367.45 0.0013485
72.071 0.0 273.41 41.49 0.0013476
1234.0 104.45 1242.0 133.12 0.0013436
1229.0 61.304 1242.0 81.669 0.0013421
89.671 0.0 160.39 111.46 0.0013358
0.0 150.67 11.549 179.13 0.0013272
0.0 189.09 20.25 210.56 0.0013271
855.31 151.26 987.05 375.0 0.0013217
1014.6 132.18 1154.0 375.0 0.0013207
1215.5 196.58 1242.0 250.49 0.0013179
1229.2 65.301 1242.0 85.632 0.0013101
1137.4 295.46 1242.0 375.0 0.0013062
0.0 97.711 47.352 305.14 0.0013055
1161.3 351.42 1188.6 375.0 0.0013024
1115.6 189.35 1242.0 273.9 0.0013004
554.14 228.42 580.3 247.2 0.0012974
0.0 177.21 258.89 352.47 0.0012946
0.0 356.57 53.548 375.0 0.0012898
774.08 334.03 988.12 375.0 0.0012866
0.0 217.77 20.742 238.58 0.001283
1199.0 327.8 1242.0 364.16 0.0012808
0.0 131.28 5.5358 180.47 0.001277
1189.2 95.418 1242.0 145.98 0.001276
0.0 162.49 12.58 190.69 0.0012706
1238.0 42.282 1242.0 89.027 0.0012705
919.77 347.21 948.75 375.0 0.0012704
542.35 218.13 582.38 237.28 0.0012684
300.88 292.8 368.17 375.0 0.0012684
959.3 364.39 1049.9 375.0 0.0012667
0.0 261.24 19.489 282.36 0.0012645
877.41 326.58 1028.9 375.0 0.0012632
0.0 272.85 54.475 308.76 0.0012605
894.78 285.78 959.07 375.0 0.0012598
0.0 220.85 23.403 271.19 0.0012588
1143.9 265.71 1242.0 375.0 0.0012511
1229.2 69.306 1242.0 89.621 0.0012507
581.0 194.93 592.53 227.05 0.0012497
1078.9 0.0 1158.4 127.67 0.0012487
333.37 291.68 398.11 375.0 0.0012441
1237.3 0.0 1242.0 15.717 0.0012411
712.75 337.03 923.99 375.0 0.0012405
1217.6 134.63 1242.0 236.44 0.0012334
1181.9 59.443 1242.0 93.813 0.0012312
0.0 265.47 19.47 286.57 0.0012274
215.25 139.7 354.25 375.0 0.0012234
569.04 218.04 581.9 256.25 0.0012219
0.0 141.51 20.292 162.59 0.0012201
0.0 92.525 20.753 142.93 0.0012167
1238.9 170.03 1242.0 214.24 0.0012159
1116.8 266.21 1242.0 349.72 0.0012144
316.88 290.56 382.43 375.0 0.00121
1233.7 318.09 1242.0 337.86 0.0012089
1238.9 279.05 1242.0 322.2 0.0012081
0.0 205.09 20.0 226.7 0.0012026
42.304 222.76 108.38 375.0 0.0012025
1229.2 77.43 1242.0 97.624 0.0011908
7.9149 278.4 35.612 367.74 0.0011885
0.0 201.2 20.232 222.93 0.0011871
0.0 79.066 34.527 117.02 0.0011869
1210.5 236.82 1242.0 274.61 0.0011779
1234.1 321.95 1242.0 341.62 0.0011756
0.0 137.65 19.594 158.57 0.001175
536.33 0.0 610.56 117.93 0.0011739
73.508 351.29 100.87 375.0 0.001172
476.07 0.0 675.72 42.069 0.0011713
189.8 324.71 340.5 375.0 0.0011703
105.24 0.0 176.71 110.46 0.0011698
1229.2 73.288 1242.0 93.612 0.0011651
284.41 0.0 477.92 44.58 0.0011644
553.57 225.44 577.72 243.8 0.0011572
572.5 219.47 585.83 256.17 0.0011503
0.0 133.77 19.691 154.79 0.0011473
1213.3 262.51 1242.0 299.2 0.0011448
564.97 218.24 577.26 257.56 0.0011437
115.81 0.0 322.7 42.908 0.001143
350.09 293.69 414.0 375.0 0.0011404
1235.7 333.88 1242.0 353.44 0.0011392
0.0 213.33 20.2 234.35 0.0011383
0.0 129.65 18.767 151.0 0.0011382
0.0 193.14 19.987 214.63 0.0011381
588.18 194.3 600.67 229.51 0.0011377
0.0 197.47 20.391 219.02 0.0011368
1199.2 310.96 1228.0 375.0 0.0011356
1216.0 12.83 1242.0 67.688 0.0011301
0.0 0.0 60.816 77.567 0.0011252
1235.6 367.15 1242.0 375.0 0.0011245
989.09 325.91 1136.3 375.0 0.0011239
0.0 246.86 12.13 274.72 0.0011202
552.43 212.67 604.79 250.18 0.0011193
1138.9 126.7 1221.4 375.0 0.0011185
1053.6 327.15 1200.9 375.0 0.0011166
0.0 209.24 20.297 230.56 0.0011162
1206.3 301.41 1235.4 375.0 0.0011134
836.68 146.59 1207.9 316.15 0.0011102
0.0 26.835 69.936 108.44 0.0011097
29.022 365.01 87.449 375.0 0.0010982
303.95 335.48 519.97 375.0 0.0010959
1235.0 330.21 1242.0 349.55 0.001093
225.89 0.0 808.7 235.6 0.001091
0.0 347.37 53.401 375.0 0.0010888
422.24 311.84 687.73 375.0 0.001085
568.84 193.13 580.49 224.18 0.0010843
578.5 201.57 613.2 219.0 0.0010831
1214.4 278.14 1241.5 370.3 0.001075
1233.7 80.96 1242.0 109.89 0.0010732
0.0 326.21 5.9041 375.0 0.0010721
0.0 125.86 18.071 146.83 0.0010719
1153.5 353.51 1180.6 375.0 0.0010651
584.9 205.51 609.2 224.27 0.0010645
1112.9 366.3 1204.6 375.0 0.0010602
364.77 294.62 431.0 375.0 0.0010578
567.52 199.15 622.19 239.36 0.0010571
1166.4 248.14 1233.4 375.0 0.0010531
569.9 79.026 798.18 375.0 0.0010507
1064.0 0.0 1141.9 134.67 0.00105
1238.5 329.17 1242.0 355.14 0.0010461
0.0 219.74 5.4478 268.54 0.00104
541.49 204.44 577.33 221.55 0.0010397
0.0 225.6 81.107 340.25 0.0010358
554.01 163.3 581.11 245.81 0.0010346
527.3 128.61 583.4 313.81 0.0010333
928.22 347.54 956.74 375.0 0.0010317
400.25 182.25 1052.7 375.0 0.001031
1178.6 123.08 1242.0 157.75 0.0010284
581.56 203.66 606.62 222.76 0.0010248
1212.0 244.86 1242.0 282.59 0.0010228
1140.6 10.893 1242.0 137.1 0.0010207
1234.5 325.77 1242.0 345.36 0.0010197
0.0 334.48 11.889 361.31 0.0010167
0.0 141.62 266.74 317.55 0.0010166
588.59 208.87 612.72 228.66 0.0010152
1240.1 337.14 1242.0 375.0 0.0010137
1238.1 324.9 1242.0 351.62 0.0010006
1229.2 121.43 1242.0 141.48 0.00099735
121.09 0.0 193.23 112.89 0.00099723
484.43 310.07 747.4 375.0 0.00099677
547.14 215.63 574.35 237.38 0.00099342
1237.5 313.17 1242.0 340.58 0.00098997
953.66 86.961 1089.9 375.0 0.00098918
909.18 363.09 1004.0 375.0 0.00098797
0.0 109.21 19.901 130.87 0.00097823
1183.3 343.17 1232.1 375.0 0.00097473
0.0 89.65 5.87 140.95 0.00097452
0.0 211.23 5.7091 260.67 0.00097126
