701.43 179.05 760.94 228.34 0.99986
876.04 186.58 1239.8 365.34 0.99983
695.36 179.33 750.07 225.52 0.99982
273.08 171.42 362.52 222.77 0.99963
881.59 181.29 1146.9 375.0 0.99946
690.81 178.36 740.72 218.66 0.99942
513.63 179.45 540.94 197.43 0.99908
689.59 179.4 733.26 217.14 0.99853
687.63 182.78 727.7 213.45 0.99787
695.79 179.04 743.22 222.1 0.99765
686.01 174.89 732.14 213.42 0.99608
701.21 181.39 749.84 224.92 0.99581
293.63 168.72 365.41 224.98 0.99531
774.73 180.61 983.43 301.27 0.99477
521.11 178.6 544.14 196.1 0.99401
683.8 180.68 718.71 211.47 0.99321
274.7 175.79 350.88 230.28 0.9929
517.63 181.37 542.91 198.78 0.9914
723.98 86.516 1241.0 375.0 0.99117
824.03 172.44 1057.3 375.0 0.99063
678.94 181.13 707.22 208.32 0.99023
673.23 180.68 702.65 205.16 0.99014
793.37 162.16 1016.3 357.28 0.98454
677.66 179.2 722.97 208.71 0.9805
833.8 202.67 1098.0 370.69 0.98035
672.72 181.91 713.08 207.81 0.9762
668.16 179.26 695.07 202.42 0.97245
512.85 183.93 540.45 201.01 0.97165
705.19 185.45 758.02 228.98 0.96363
773.37 155.77 988.06 334.99 0.95975
707.36 180.99 757.7 219.88 0.95886
701.22 179.68 740.94 214.86 0.95039
510.86 177.93 541.37 194.11 0.94973
664.93 178.02 703.09 200.74 0.94278
677.34 175.6 721.36 210.98 0.93992
861.64 158.4 1172.3 344.83 0.93934
802.54 160.92 1075.5 329.47 0.93043
784.52 198.76 1038.8 367.64 0.90125
982.69 165.81 1241.0 358.64 0.89892
509.87 181.39 537.18 198.39 0.88715
281.62 180.12 372.93 225.5 0.88534
670.46 179.5 711.21 202.44 0.88318
707.64 178.64 748.28 213.76 0.87746
519.17 185.59 542.37 200.66 0.84657
286.99 171.14 360.47 210.26 0.84178
679.01 181.19 730.23 212.23 0.83952
690.87 182.51 716.5 209.69 0.83709
894.31 225.61 1168.3 375.0 0.81767
685.31 181.83 714.81 205.47 0.8142
268.14 173.72 350.88 216.06 0.81272
843.07 245.59 1213.0 375.0 0.80905
685.86 180.83 700.03 214.78 0.79961
711.93 180.65 769.69 231.66 0.78648
709.23 176.82 730.28 224.67 0.77198
520.05 178.95 542.11 192.4 0.77017
665.61 176.5 700.42 196.43 0.76602
707.04 181.6 724.96 224.21 0.76428
703.74 181.31 721.26 223.2 0.75999
664.4 184.09 699.72 204.57 0.75733
688.41 179.38 704.68 216.21 0.75464
669.32 180.73 690.24 200.04 0.74967
701.83 182.54 717.96 220.2 0.74867
673.66 179.07 699.82 199.61 0.7322
697.64 179.9 714.5 217.39 0.72746
694.82 179.41 709.5 213.85 0.72335
713.17 174.79 735.1 225.89 0.72189
682.64 180.5 695.87 212.82 0.71918
717.98 172.72 750.82 232.34 0.69634
725.34 172.75 756.96 235.44 0.69227
740.32 146.04 955.0 315.26 0.69182
954.05 235.37 1223.0 375.0 0.6834
772.32 208.88 956.8 303.71 0.67847
695.01 183.69 723.02 216.87 0.67791
523.31 184.79 545.87 200.08 0.66889
270.27 170.82 340.38 225.52 0.66167
713.31 173.78 744.92 229.2 0.66053
895.76 166.27 1039.4 375.0 0.63915
865.81 146.75 1001.2 375.0 0.62925
708.78 173.24 737.19 226.48 0.62829
677.51 176.94 692.17 208.77 0.62687
718.26 173.48 738.2 226.21 0.62362
264.7 161.76 379.71 229.28 0.61155
921.72 173.9 1068.3 375.0 0.60736
666.55 178.69 723.83 208.96 0.60359
834.59 132.92 964.55 375.0 0.60181
667.7 172.65 714.8 208.66 0.60058
1160.2 163.88 1238.9 350.11 0.60011
691.29 175.28 709.33 212.77 0.59972
956.35 167.18 1096.6 375.0 0.59933
1138.7 160.35 1228.3 356.5 0.59801
1037.2 142.5 1170.7 375.0 0.59218
702.46 178.83 769.29 214.56 0.58809
1008.7 156.49 1142.8 375.0 0.58796
517.4 174.42 544.14 189.19 0.58301
983.75 165.81 1120.6 375.0 0.57542
683.86 178.23 730.09 204.65 0.56879
678.84 179.29 704.13 199.88 0.56422
664.44 179.36 697.19 198.2 0.56142
518.26 189.3 541.66 203.68 0.54828
722.14 173.15 742.15 227.3 0.54404
673.49 177.07 687.38 208.61 0.53438
513.95 189.29 538.24 204.2 0.53426
691.31 181.08 723.86 207.01 0.52975
699.41 176.13 718.2 215.35 0.52691
916.96 0.0 1237.6 375.0 0.52565
700.09 173.22 725.49 219.13 0.52357
686.95 182.84 710.07 208.26 0.51532
706.55 173.07 724.94 215.18 0.51481
710.59 170.82 728.56 214.76 0.50968
702.56 174.17 721.42 215.19 0.50805
526.18 181.74 548.95 199.19 0.503
807.5 238.98 1063.7 375.0 0.49025
831.19 3.246 1142.7 375.0 0.48455
766.63 253.72 1116.0 375.0 0.47778
714.38 168.39 732.76 215.67 0.47405
508.46 178.4 533.81 195.32 0.4696
1181.6 175.81 1241.0 355.58 0.46274
673.95 183.35 696.42 205.31 0.46135
725.64 169.94 745.96 227.42 0.46079
714.32 187.33 764.9 222.95 0.45503
672.97 176.87 709.29 196.96 0.45371
748.82 174.39 1004.2 315.3 0.45328
1225.3 258.86 1241.0 351.7 0.44912
303.61 159.91 339.17 224.32 0.44503
780.67 180.23 983.7 265.55 0.44315
309.41 159.08 346.3 228.18 0.44247
1215.1 245.58 1241.0 353.17 0.44194
683.28 179.5 708.7 200.3 0.44104
1215.1 164.9 1241.0 261.57 0.43954
1074.9 141.35 1205.5 375.0 0.43313
680.72 176.49 694.62 207.44 0.43269
263.11 186.98 355.98 226.92 0.4324
1224.9 166.26 1241.0 254.84 0.42955
1201.2 182.45 1241.0 348.42 0.42708
526.05 177.27 537.21 201.71 0.42586
529.24 178.21 539.85 201.84 0.41367
808.91 130.85 929.02 357.55 0.41233
705.01 168.57 734.26 219.62 0.41198
764.34 3.2007 1059.4 375.0 0.41081
506.02 180.15 538.9 196.11 0.41031
295.65 163.24 332.49 227.03 0.40942
1225.0 182.24 1241.0 271.2 0.4089
684.72 175.94 698.29 208.23 0.40628
1163.4 211.59 1236.8 375.0 0.40543
903.24 79.607 1175.4 375.0 0.40403
781.63 191.17 959.38 323.79 0.40195
1215.2 185.52 1241.0 288.46 0.40183
719.2 168.21 736.57 216.61 0.397
1183.5 212.09 1241.0 375.0 0.39686
1225.8 205.75 1241.0 299.24 0.39538
729.66 169.92 749.51 227.99 0.39334
733.03 170.1 754.25 227.89 0.39224
1203.4 217.04 1241.0 375.0 0.38922
1225.8 236.5 1241.0 328.32 0.38867
255.47 154.39 367.87 236.68 0.38414
1215.6 207.77 1241.0 316.67 0.38196
694.0 169.15 716.65 216.74 0.38022
847.11 145.37 943.43 320.7 0.38015
704.84 177.64 753.39 204.06 0.37706
525.56 180.39 537.8 206.77 0.37139
521.63 177.26 533.57 202.14 0.37053
692.83 178.16 738.17 203.81 0.36953
514.69 178.07 537.09 193.41 0.36621
1202.5 152.19 1241.0 313.89 0.3592
529.38 180.21 541.11 207.21 0.35683
711.67 180.74 761.31 211.25 0.35656
688.03 176.35 702.62 210.69 0.35595
1141.8 201.72 1228.5 375.0 0.35569
318.58 158.0 353.7 228.33 0.35324
751.65 142.72 1020.2 293.35 0.35286
723.28 169.09 740.47 218.38 0.3486
691.27 179.98 703.3 214.27 0.34522
286.85 165.28 325.24 230.46 0.34408
1188.0 203.43 1241.0 312.65 0.34224
1044.5 186.53 1193.4 375.0 0.33907
1207.8 162.56 1239.4 268.84 0.33674
672.27 179.74 682.68 207.96 0.33395
834.01 143.94 925.1 309.91 0.33159
521.21 180.47 534.22 207.79 0.32618
677.18 172.42 690.47 202.9 0.32325
1182.4 148.37 1241.0 321.22 0.32087
1136.9 191.79 1241.0 317.29 0.31955
1191.5 237.42 1241.0 344.64 0.31767
680.29 174.75 744.8 208.76 0.31743
528.31 181.7 539.05 203.71 0.31539
522.08 189.58 545.4 204.17 0.3121
1165.6 141.03 1235.5 314.58 0.30652
707.79 188.62 762.03 235.62 0.30629
1005.1 204.15 1241.0 375.0 0.30154
858.6 126.71 1241.0 375.0 0.29993
1224.7 273.46 1241.0 369.0 0.29859
698.73 181.32 731.49 205.94 0.2958
1188.4 172.93 1241.0 278.95 0.29473
731.79 170.85 761.07 238.17 0.29325
1118.7 151.09 1212.1 370.21 0.28938
736.88 174.83 758.0 230.84 0.28165
727.53 167.59 744.27 219.31 0.27921
1048.3 0.0 1241.0 375.0 0.27847
807.91 161.68 987.94 295.95 0.27821
511.27 174.96 540.5 189.66 0.27363
1225.6 152.32 1241.0 238.35 0.27152
673.92 172.68 686.53 201.21 0.27126
679.54 179.78 692.01 215.09 0.27073
711.45 178.97 737.95 232.31 0.27022
701.02 193.83 751.22 228.05 0.26928
518.17 178.65 530.03 203.87 0.26748
669.81 184.43 692.0 205.3 0.26423
1130.5 242.71 1239.6 368.63 0.26346
679.45 176.94 716.87 197.27 0.2633
944.42 88.374 1241.0 375.0 0.25938
1206.8 240.29 1241.0 367.73 0.2593
684.0 184.14 704.08 206.97 0.25469
1161.4 184.19 1241.0 300.75 0.25446
1191.2 268.09 1241.0 372.49 0.25399
1206.7 203.95 1240.7 326.51 0.25182
1112.1 206.89 1237.5 348.47 0.25043
1161.8 217.68 1241.0 336.7 0.24382
696.21 173.05 712.09 210.38 0.241
277.16 186.59 339.45 216.99 0.23964
1161.4 250.84 1241.0 365.45 0.23868
291.9 174.4 350.38 205.05 0.23354
304.82 180.23 371.16 221.57 0.23153
672.48 177.24 695.7 193.59 0.2308
1236.7 201.28 1241.0 255.04 0.22807
694.62 194.25 766.01 234.66 0.22226
1208.0 179.77 1240.4 297.58 0.22196
707.07 178.35 743.26 205.93 0.22158
1236.1 187.26 1241.0 238.72 0.22077
680.92 187.37 716.14 210.8 0.21963
1235.9 175.33 1241.0 226.7 0.21918
1236.7 213.16 1241.0 267.13 0.21794
788.86 208.57 996.03 312.22 0.21589
266.39 169.72 350.52 206.18 0.21324
673.86 180.64 686.44 216.13 0.21225
670.38 186.28 702.78 206.57 0.2109
1162.8 201.18 1241.0 282.55 0.21067
1164.0 217.72 1241.0 300.73 0.20973
1216.0 266.89 1241.0 375.0 0.20963
287.49 172.52 348.29 198.48 0.209
1142.1 167.51 1241.0 282.02 0.2067
1166.1 234.87 1241.0 317.2 0.20646
685.39 171.76 697.28 203.38 0.20615
316.54 173.1 370.84 220.11 0.20356
767.88 167.26 937.19 282.69 0.20183
1148.1 141.53 1224.3 320.11 0.20173
1104.8 235.48 1230.4 375.0 0.20151
1041.5 264.94 1241.0 375.0 0.19993
1218.2 177.44 1241.0 237.32 0.19908
522.42 186.55 550.87 202.18 0.19695
1162.3 185.58 1241.0 265.9 0.19408
696.52 173.52 763.47 207.48 0.19399
1201.0 164.62 1231.7 265.51 0.19124
1168.9 265.34 1241.0 347.88 0.18923
1169.4 250.35 1241.0 332.06 0.18896
1132.9 182.38 1241.0 375.0 0.18778
326.25 160.35 358.12 226.66 0.18685
698.0 186.2 730.68 223.97 0.1862
657.64 173.64 723.01 206.34 0.18608
1216.1 151.47 1241.0 242.9 0.18568
891.09 167.77 1007.1 375.0 0.18457
721.56 180.9 759.24 216.1 0.18113
776.39 124.28 904.87 374.83 0.17767
716.17 177.73 741.55 233.52 0.17452
292.89 170.42 349.34 192.97 0.17412
281.49 163.11 315.78 226.86 0.17292
1198.2 291.22 1241.0 375.0 0.17271
689.47 171.88 701.92 204.67 0.17247
1202.0 119.77 1241.0 284.76 0.17179
819.18 163.55 908.57 312.87 0.17077
524.24 181.85 545.43 196.58 0.16387
1166.5 281.85 1241.0 362.68 0.16286
706.86 196.65 760.3 230.5 0.16121
814.43 192.9 976.5 375.0 0.15857
1101.1 205.44 1241.0 290.09 0.15754
1092.4 216.1 1241.0 308.56 0.15704
1225.4 135.92 1241.0 221.61 0.15638
1091.7 244.4 1241.0 375.0 0.15483
1163.1 170.32 1241.0 250.01 0.15462
1185.8 142.17 1241.0 249.64 0.15284
1220.4 180.5 1238.0 240.28 0.15135
514.99 177.56 525.78 204.06 0.1469
1220.4 192.16 1241.0 254.03 0.14487
660.23 183.17 719.82 212.43 0.14474
704.57 171.66 719.39 211.3 0.14313
862.37 228.83 1082.1 360.15 0.14286
668.01 174.06 699.79 190.4 0.14275
699.76 175.12 753.42 217.01 0.1427
517.61 173.42 529.23 196.97 0.14199
1146.7 329.54 1241.0 375.0 0.14115
822.48 87.342 959.15 346.02 0.1388
1182.2 321.33 1241.0 375.0 0.13826
1220.7 262.54 1241.0 326.11 0.13788
792.99 175.92 962.93 284.52 0.1369
525.58 183.76 536.62 211.01 0.13687
735.13 169.99 752.09 220.06 0.135
775.11 131.39 1092.4 284.88 0.13382
683.92 166.61 706.42 215.44 0.13306
1090.3 231.35 1241.0 327.12 0.13238
1236.6 224.18 1241.0 279.33 0.13226
723.18 177.82 749.03 235.47 0.13222
1216.4 179.37 1234.4 240.53 0.13153
1104.4 122.71 1241.0 375.0 0.13129
1198.6 213.38 1232.5 333.79 0.129
1217.8 162.52 1241.0 221.19 0.12834
1083.0 258.76 1241.0 357.51 0.12716
884.94 189.42 978.8 375.0 0.12482
1204.3 188.09 1241.0 228.6 0.12452
1158.4 154.57 1241.0 234.3 0.12339
1205.4 181.05 1241.0 221.11 0.12129
1223.9 177.36 1241.0 235.89 0.12047
532.13 177.34 542.44 205.11 0.12046
1139.9 94.137 1241.0 375.0 0.12016
1220.5 247.01 1241.0 310.66 0.11888
688.79 189.17 726.83 215.93 0.11841
708.22 169.42 722.6 208.93 0.11548
0.0 123.57 374.64 375.0 0.11466
812.34 145.27 895.95 304.17 0.11426
693.03 171.96 705.86 205.14 0.11426
1220.5 223.2 1241.0 286.97 0.11357
690.25 179.49 718.7 200.92 0.11337
665.61 181.37 687.22 199.06 0.11241
680.0 185.74 700.27 205.91 0.11222
658.76 158.09 781.2 231.72 0.11149
1204.0 196.36 1241.0 237.07 0.11044
1220.6 207.76 1241.0 271.26 0.11003
1102.9 143.77 1197.1 370.65 0.11001
665.33 188.19 697.8 206.87 0.10974
1222.2 278.13 1241.0 341.32 0.10824
1127.0 185.46 1241.0 269.18 0.1082
1118.9 246.0 1241.0 337.64 0.10809
691.59 190.01 738.98 223.43 0.10807
676.2 174.05 787.85 240.43 0.10788
0.0 0.0 143.43 375.0 0.10627
878.14 232.6 1049.4 375.0 0.10503
1084.4 190.29 1238.1 332.77 0.10463
663.84 179.42 685.76 196.82 0.10375
711.88 167.73 726.23 210.29 0.10259
696.13 155.16 980.38 304.41 0.10145
1053.2 137.03 1241.0 317.11 0.1014
506.69 186.08 533.34 202.51 0.10044
0.0 189.22 13.455 289.37 0.098572
1146.8 269.61 1241.0 354.89 0.097992
1206.4 186.31 1241.0 243.18 0.097036
1112.4 277.15 1241.0 364.16 0.096232
543.02 143.59 1196.2 375.0 0.095912
1204.9 173.36 1241.0 213.27 0.095018
696.46 182.94 707.47 217.5 0.092731
731.41 176.79 756.34 234.75 0.090905
888.98 124.61 1230.3 293.11 0.09076
285.83 181.05 346.81 214.71 0.090638
514.18 174.19 525.04 198.56 0.089862
864.59 130.79 947.23 309.45 0.089515
1168.6 297.65 1241.0 375.0 0.087605
1236.5 166.55 1241.0 213.99 0.086909
1232.1 173.78 1241.0 228.29 0.085955
221.06 158.22 367.28 228.32 0.085011
900.85 216.85 1132.8 352.04 0.084787
1220.3 170.84 1237.3 229.02 0.084719
1224.7 207.97 1241.0 272.69 0.084467
1204.8 204.35 1241.0 244.82 0.084353
0.0 270.93 32.04 375.0 0.08324
1140.3 285.88 1241.0 367.02 0.082909
1198.9 249.56 1234.9 374.4 0.08252
1083.1 188.01 1241.0 375.0 0.082417
1220.8 205.69 1238.5 274.54 0.08193
295.67 170.2 373.36 206.94 0.081317
526.57 172.35 536.45 194.58 0.081233
1227.8 172.18 1241.0 230.04 0.080517
671.65 175.97 681.49 201.45 0.07973
1220.4 191.19 1238.0 256.71 0.079304
294.56 177.89 353.29 211.76 0.078586
688.28 176.56 727.82 197.81 0.078289
854.56 77.767 992.39 375.0 0.078266
1206.1 276.32 1241.0 316.55 0.078119
1232.3 185.75 1241.0 240.82 0.077904
518.13 179.18 546.87 193.73 0.077408
708.28 175.11 751.84 196.09 0.077138
1216.4 147.05 1241.0 203.8 0.076771
671.18 181.28 682.75 216.92 0.07641
1010.6 212.26 1241.0 312.74 0.076163
0.0 165.69 14.162 261.55 0.076087
691.82 187.79 712.1 209.92 0.075775
1207.1 268.56 1241.0 308.8 0.074999
944.93 324.89 1148.3 375.0 0.074945
1236.2 271.34 1241.0 329.1 0.074422
820.24 200.42 1033.4 311.24 0.074265
1205.1 165.34 1241.0 204.76 0.074107
1205.9 283.86 1241.0 324.42 0.073678
1201.6 181.45 1232.8 294.95 0.073549
828.57 196.8 993.02 342.04 0.072412
1033.6 224.36 1241.0 329.04 0.07214
858.41 140.23 961.06 355.8 0.071795
0.0 336.56 15.609 375.0 0.07167
1227.9 183.82 1241.0 241.92 0.071338
1232.9 209.81 1241.0 269.75 0.071076
0.0 172.97 75.171 375.0 0.071037
1157.2 138.14 1241.0 217.7 0.070942
0.0 335.52 79.007 375.0 0.070659
280.66 177.72 342.07 208.62 0.070329
768.43 197.18 922.99 313.8 0.070287
682.89 38.215 977.83 375.0 0.070285
0.0 254.43 189.9 375.0 0.070162
1194.1 180.08 1239.2 237.06 0.06964
1183.7 116.47 1241.0 293.57 0.069158
496.57 177.06 559.05 204.31 0.069081
700.49 136.67 932.23 325.89 0.068925
1205.0 212.58 1241.0 253.54 0.068729
505.1 190.17 534.18 205.66 0.068424
1224.1 187.6 1240.5 248.15 0.068046
1216.3 190.24 1234.2 257.76 0.067941
1034.1 202.17 1241.0 293.72 0.06775
1118.2 335.57 1241.0 375.0 0.067634
805.41 189.54 1029.8 291.11 0.067325
1205.9 260.38 1241.0 301.01 0.067159
1226.3 120.38 1241.0 205.42 0.066714
1204.6 157.31 1241.0 196.87 0.066469
522.51 171.71 533.15 195.61 0.066293
698.2 190.52 721.66 219.38 0.066196
259.05 168.56 324.37 220.54 0.066169
1205.1 236.77 1241.0 277.15 0.065731
984.48 197.51 1224.1 295.92 0.06547
701.01 165.45 726.02 241.25 0.065261
1236.3 283.76 1241.0 340.47 0.064825
1206.0 229.0 1241.0 269.39 0.064801
872.87 206.44 1102.1 375.0 0.064583
1129.9 135.87 1206.7 327.04 0.0642
1205.3 221.2 1241.0 261.55 0.063631
915.47 135.53 1194.8 332.61 0.063399
1216.4 170.0 1233.6 229.68 0.063223
1022.0 274.17 1091.5 375.0 0.063179
1222.7 294.16 1241.0 355.83 0.062604
1232.9 198.47 1241.0 257.89 0.062485
1205.1 244.82 1241.0 285.15 0.06173
1046.3 102.33 1241.0 285.26 0.06167
1206.3 291.97 1241.0 331.8 0.061661
678.81 189.31 708.67 209.15 0.061336
1216.6 199.67 1235.0 271.44 0.060638
1224.1 196.55 1241.0 262.36 0.060546
709.85 271.04 1051.3 375.0 0.060469
1236.2 259.88 1241.0 318.01 0.060287
835.95 208.81 1049.4 329.97 0.059961
1216.8 134.13 1241.0 225.57 0.059916
697.25 170.36 710.06 205.87 0.059595
740.96 176.89 759.46 227.66 0.059195
678.3 175.92 701.25 192.74 0.059038
1205.7 252.68 1241.0 293.05 0.05873
1138.1 0.0 1241.0 188.91 0.058258
985.55 81.905 1130.0 375.0 0.057824
656.81 171.96 704.81 208.15 0.057586
845.73 0.0 1241.0 187.66 0.057457
0.0 131.4 195.81 308.4 0.056953
1207.2 264.82 1241.0 323.97 0.056679
1225.2 343.34 1241.0 375.0 0.056244
289.56 160.83 366.74 199.86 0.056163
1005.9 272.47 1076.3 375.0 0.055705
0.0 134.8 32.823 342.97 0.055703
952.84 80.488 1100.3 375.0 0.055071
696.16 176.11 736.46 196.9 0.054921
1221.1 0.0 1241.0 37.125 0.054613
1206.6 299.97 1241.0 339.79 0.054499
667.92 176.48 689.25 193.14 0.05443
1228.4 203.7 1241.0 266.95 0.054357
287.52 128.28 341.78 240.36 0.054219
0.0 320.86 51.029 375.0 0.053963
0.0 0.0 176.33 92.688 0.053918
1017.9 77.82 1161.2 375.0 0.053782
1193.1 168.4 1223.0 260.41 0.053477
1151.7 290.55 1219.4 375.0 0.053139
1035.0 0.0 1241.0 93.024 0.053104
1035.0 249.29 1241.0 358.87 0.052766
0.0 166.64 201.56 349.42 0.052433
675.15 163.15 698.28 218.23 0.052039
784.94 215.17 929.8 375.0 0.051413
661.23 183.23 694.0 200.01 0.051392
874.84 197.78 959.39 375.0 0.051177
1183.8 180.67 1231.8 235.39 0.050767
0.0 0.0 351.71 182.57 0.050688
1206.0 149.95 1241.0 188.6 0.050589
985.21 317.73 1123.2 375.0 0.050281
1081.1 330.85 1241.0 375.0 0.049479
305.54 175.49 373.01 213.16 0.049381
721.77 185.75 766.83 212.08 0.049278
1069.4 187.61 1241.0 269.3 0.04916
1126.4 173.43 1241.0 252.71 0.048978
501.89 172.54 551.12 206.02 0.048579
697.69 178.12 727.41 199.16 0.048377
1236.9 154.05 1241.0 200.43 0.048274
719.82 170.33 747.88 248.13 0.048063
1208.1 269.19 1239.1 375.0 0.047858
876.52 127.08 978.07 360.75 0.047827
517.77 181.83 529.59 211.41 0.04747
11.736 171.71 88.236 375.0 0.047281
1237.0 146.0 1241.0 192.14 0.047118
0.0 44.052 73.754 375.0 0.047044
529.77 173.44 539.34 196.0 0.046586
311.83 149.23 342.28 218.14 0.046506
699.72 186.46 712.26 225.29 0.046351
849.76 201.21 1038.9 364.6 0.046075
0.0 0.0 76.62 178.71 0.045985
1037.1 278.15 1106.3 375.0 0.045882
738.83 171.32 755.12 219.27 0.04576
1236.5 244.17 1241.0 300.99 0.045492
690.75 158.31 718.03 218.13 0.045306
1224.1 169.95 1240.0 223.53 0.044813
301.89 123.66 358.77 250.21 0.0447
0.0 249.47 135.11 375.0 0.044408
1205.7 209.9 1241.0 267.79 0.044117
765.15 177.47 933.04 253.97 0.044061
763.37 184.6 921.88 270.42 0.043321
1206.6 308.42 1241.0 347.56 0.042856
884.76 65.745 1033.3 375.0 0.042672
1206.7 226.13 1241.0 285.48 0.042371
1228.7 215.22 1241.0 279.94 0.0423
1155.9 122.5 1241.0 202.14 0.041785
673.94 174.03 706.88 190.69 0.041754
290.73 183.46 361.01 231.87 0.041282
855.52 254.53 1062.3 364.67 0.041223
681.49 171.63 692.4 201.09 0.040928
524.24 191.46 551.69 206.04 0.040927
1207.6 249.32 1241.0 308.22 0.040851
0.0 95.613 30.32 286.92 0.040434
1216.8 214.58 1234.8 283.78 0.040372
812.19 173.35 884.66 336.43 0.040252
797.05 133.05 876.85 315.05 0.040183
712.4 178.55 763.56 200.99 0.040063
0.0 361.51 40.478 375.0 0.03998
234.89 147.41 356.45 238.96 0.03995
699.33 155.78 726.65 218.0 0.039932
702.26 169.75 714.71 206.35 0.039659
891.26 283.82 963.82 375.0 0.039522
1045.6 57.337 1191.6 375.0 0.039111
907.79 288.4 979.96 375.0 0.038619
0.0 207.89 19.026 259.98 0.038325
1209.2 143.12 1238.4 241.19 0.038191
1183.1 111.3 1241.0 220.92 0.03817
272.96 128.87 327.75 246.65 0.038118
712.13 171.11 741.01 251.53 0.038038
711.63 175.78 743.82 199.67 0.038005
921.07 348.53 950.82 375.0 0.037876
1112.6 319.51 1241.0 375.0 0.037725
0.0 24.859 372.18 362.37 0.037691
300.18 169.3 358.92 191.72 0.037661
333.62 154.66 362.27 223.84 0.037581
1212.6 178.64 1229.5 239.73 0.037502
289.14 142.67 340.0 261.68 0.037377
1090.0 85.565 1241.0 319.6 0.037335
923.87 286.23 994.93 375.0 0.03727
312.95 158.12 330.0 217.23 0.037234
286.24 171.78 335.45 192.0 0.037214
912.89 348.87 942.47 375.0 0.036544
1209.2 280.16 1241.0 338.38 0.035933
1036.2 70.286 1241.0 251.15 0.035864
317.19 157.33 333.53 217.78 0.03581
1236.9 297.27 1241.0 349.49 0.035755
270.79 190.12 330.97 220.56 0.035735
0.0 198.12 19.362 251.86 0.035439
876.23 283.82 950.08 375.0 0.035357
861.41 328.83 1057.1 375.0 0.035334
1199.1 0.0 1241.0 87.023 0.035247
896.74 345.94 926.59 375.0 0.035236
995.64 182.85 1227.3 270.26 0.035124
905.43 347.08 935.05 375.0 0.034987
301.06 168.05 363.25 212.86 0.034893
1206.2 316.1 1241.0 354.26 0.034711
0.0 181.22 29.788 375.0 0.034702
1206.7 142.18 1241.0 181.2 0.03466
1090.8 287.89 1241.0 375.0 0.034574
745.95 217.82 1008.4 375.0 0.034532
975.26 327.82 1179.8 375.0 0.034444
1137.5 0.0 1241.0 359.93 0.034281
0.0 357.17 17.042 375.0 0.034239
1100.2 168.79 1232.9 295.81 0.034208
721.2 167.61 735.11 209.59 0.034141
929.01 347.85 958.62 375.0 0.03403
706.07 169.14 718.6 206.19 0.033911
825.32 127.27 1099.1 324.24 0.033741
0.0 183.45 20.272 236.36 0.033558
664.08 185.53 685.86 203.47 0.033556
720.22 177.87 771.41 220.89 0.03337
0.0 191.06 36.592 229.3 0.033039
1147.4 0.0 1241.0 41.463 0.03295
739.84 86.628 865.42 375.0 0.03288
925.94 152.89 1035.0 375.0 0.032827
918.83 60.993 1067.6 375.0 0.032675
990.05 273.64 1058.3 375.0 0.03248
320.46 157.14 337.26 218.47 0.0324
927.97 0.0 1241.0 239.63 0.032316
704.72 177.15 734.35 198.69 0.032253
1216.7 132.57 1241.0 187.75 0.032203
273.91 156.54 305.7 227.13 0.03215
714.59 157.02 743.39 223.52 0.032045
0.0 215.2 34.204 254.72 0.031989
296.94 169.73 344.4 202.68 0.031934
0.0 154.5 73.886 237.24 0.031293
981.7 121.46 1241.0 321.48 0.031233
1136.4 290.3 1203.6 375.0 0.031186
0.0 199.33 35.181 238.13 0.031136
668.98 179.48 678.49 208.99 0.031129
661.97 173.33 694.29 190.41 0.031005
0.0 207.26 35.725 246.17 0.030867
1188.9 214.36 1224.1 335.91 0.030803
0.0 120.14 141.45 342.25 0.030799
976.23 345.67 1006.6 375.0 0.03054
1075.8 0.0 1241.0 123.35 0.030465
682.44 176.31 705.42 193.02 0.030458
1185.6 186.07 1241.0 221.54 0.030397
1209.2 363.22 1241.0 375.0 0.030377
1183.8 191.77 1241.0 229.14 0.02996
1097.4 140.8 1172.9 351.81 0.029804
0.0 183.18 37.565 221.1 0.029672
308.83 159.35 325.03 217.54 0.029667
0.0 144.51 13.366 239.09 0.029596
1127.6 199.33 1207.2 375.0 0.029475
273.07 184.88 326.84 213.96 0.029439
936.89 347.18 966.92 375.0 0.029354
1221.0 311.4 1241.0 369.45 0.029153
1061.2 216.6 1230.4 371.5 0.029133
895.56 363.04 981.07 375.0 0.029123
0.0 0.0 134.1 123.67 0.029069
984.48 347.35 1014.8 375.0 0.028925
1194.2 195.07 1240.5 252.52 0.028494
717.33 167.66 729.97 207.11 0.028283
0.0 189.57 79.655 270.1 0.028269
1053.2 282.23 1122.6 375.0 0.028047
0.0 204.83 80.41 285.81 0.02781
822.52 171.01 1004.0 316.57 0.027808
950.92 362.4 1034.6 375.0 0.027597
1225.0 304.41 1241.0 375.0 0.027384
676.26 169.71 697.14 228.16 0.027379
0.0 67.246 196.0 249.8 0.027283
688.05 119.06 743.91 250.62 0.027236
0.0 0.0 264.27 244.01 0.027129
0.0 157.11 135.35 375.0 0.027102
1223.2 356.58 1241.0 375.0 0.02708
1232.7 219.95 1241.0 282.28 0.027062
1226.6 104.03 1241.0 190.65 0.027005
939.56 284.75 1010.6 375.0 0.026968
859.55 282.03 933.06 375.0 0.026895
1201.8 67.107 1241.0 248.92 0.026691
900.14 324.39 1104.5 375.0 0.026681
1233.8 192.97 1241.0 228.13 0.026584
0.0 141.21 55.134 251.35 0.02652
691.24 186.86 701.71 219.94 0.026488
1233.5 180.97 1241.0 216.13 0.026422
0.0 0.0 35.298 106.32 0.026347
1113.1 135.18 1189.6 331.93 0.026288
1220.9 218.35 1238.4 286.23 0.026198
0.0 172.03 74.129 254.64 0.026196
0.0 221.23 77.032 301.92 0.026164
907.37 361.79 961.82 375.0 0.026143
298.13 147.5 327.96 222.63 0.026131
0.0 0.0 84.166 42.124 0.026108
0.0 138.74 76.555 222.0 0.026029
293.31 188.53 374.6 229.08 0.025968
1224.8 219.1 1241.0 284.94 0.02594
960.88 202.68 1220.6 321.57 0.025938
0.0 344.3 24.104 375.0 0.02578
1118.8 158.68 1241.0 237.07 0.02576
524.73 177.79 546.93 192.55 0.025753
3.0289 166.35 71.34 374.73 0.02574
945.07 196.22 1194.5 304.11 0.025729
1226.6 188.38 1241.0 210.2 0.02571
302.4 176.59 362.26 208.15 0.025516
1226.8 70.964 1241.0 156.59 0.02551
1139.1 147.05 1241.0 252.33 0.025501
725.63 172.01 752.42 252.24 0.025501
816.5 331.33 1015.9 375.0 0.025432
1227.1 196.47 1241.0 218.11 0.025203
1227.2 200.42 1241.0 222.05 0.02518
704.89 192.76 737.68 226.85 0.025144
1193.1 167.91 1238.9 220.7 0.025095
0.0 201.42 56.715 316.47 0.025087
660.16 178.14 691.41 194.7 0.025026
1237.0 309.52 1241.0 361.45 0.025013
511.5 176.87 520.61 201.1 0.024996
1226.7 192.37 1241.0 214.13 0.024946
688.12 189.58 706.92 209.06 0.024834
699.7 119.88 759.19 256.0 0.024822
1211.0 0.0 1241.0 20.6 0.024602
0.0 175.19 37.913 212.82 0.024584
797.06 161.12 872.54 355.73 0.024551
703.53 184.02 718.86 232.06 0.024459
318.57 148.13 347.43 218.86 0.024459
915.5 363.0 970.03 375.0 0.024411
1069.5 251.92 1222.8 375.0 0.024208
968.47 346.12 998.93 375.0 0.024125
0.0 191.88 21.153 289.14 0.024122
518.0 194.4 543.98 208.4 0.0241
1154.1 105.24 1241.0 186.75 0.023992
913.72 362.57 996.55 375.0 0.02393
699.27 198.73 742.84 226.74 0.023919
1227.0 184.6 1241.0 206.29 0.023833
1182.5 199.9 1241.0 237.88 0.023673
0.0 291.41 48.595 375.0 0.023564
296.26 171.52 337.53 196.96 0.023533
963.03 363.37 1049.8 375.0 0.023505
0.0 173.53 50.272 286.82 0.023381
1199.7 0.0 1241.0 16.455 0.023365
954.27 315.47 1096.0 375.0 0.023349
757.05 166.6 896.26 274.16 0.023348
323.66 156.44 341.51 218.03 0.023323
725.08 167.02 738.88 209.36 0.02329
1226.9 87.574 1241.0 174.16 0.02316
1208.4 323.85 1241.0 362.96 0.02313
872.71 320.71 1008.4 375.0 0.023065
0.0 223.3 37.046 262.61 0.022898
241.35 143.41 400.29 219.27 0.022841
944.87 347.58 974.87 375.0 0.022794
992.61 346.09 1023.1 375.0 0.022789
1234.2 200.49 1241.0 235.85 0.022766
681.37 129.09 969.75 285.9 0.02268
671.32 170.25 681.41 198.19 0.022499
728.02 180.71 760.05 209.78 0.022331
0.0 167.16 37.616 205.62 0.021894
1084.8 136.03 1156.5 348.85 0.021882
1074.5 42.154 1223.6 375.0 0.021864
963.23 361.35 1018.3 375.0 0.021739
1227.0 204.29 1241.0 225.96 0.021733
0.0 237.88 70.729 318.57 0.021733
919.0 252.1 1160.9 366.78 0.021728
1206.9 134.31 1241.0 173.17 0.021655
488.78 181.61 558.21 212.66 0.021199
975.11 276.19 1043.2 375.0 0.02117
300.32 156.51 316.92 219.3 0.021076
0.0 207.89 13.935 320.12 0.021058
885.29 124.5 963.23 312.81 0.020871
854.6 165.18 942.01 375.0 0.020848
1228.2 180.9 1241.0 202.36 0.02082
273.16 156.15 407.79 230.81 0.020805
1234.3 174.32 1241.0 207.88 0.020712
957.23 281.72 1026.7 375.0 0.020692
694.68 194.86 730.17 220.54 0.020668
295.9 163.55 313.36 223.61 0.020536
1237.4 138.57 1241.0 185.18 0.020535
1186.4 169.43 1214.6 254.42 0.020461
1194.4 226.0 1238.0 287.35 0.020402
1228.0 208.32 1241.0 230.04 0.020383
916.74 199.64 1002.9 375.0 0.020303
0.0 159.28 38.76 197.34 0.020228
506.07 174.19 528.71 192.09 0.020184
0.0 320.24 12.791 375.0 0.02018
301.49 183.32 358.28 215.85 0.020084
847.33 0.0 1241.0 311.61 0.020034
1120.3 293.5 1188.4 375.0 0.019997
0.0 167.95 20.249 219.31 0.019946
305.33 158.97 320.68 217.35 0.01993
0.0 245.27 27.008 375.0 0.019784
849.3 130.3 913.87 292.57 0.019706
624.88 47.047 1128.3 375.0 0.019609
0.0 0.0 14.499 46.346 0.019477
953.06 347.94 982.76 375.0 0.019463
532.71 181.2 543.88 213.96 0.019446
960.96 348.25 990.89 375.0 0.019443
1070.4 282.46 1138.9 375.0 0.019438
759.43 175.58 911.03 296.0 0.019325
732.17 167.34 747.3 216.11 0.01924
946.61 292.01 1151.1 375.0 0.019102
0.0 159.37 52.837 360.1 0.019056
517.36 170.38 547.09 184.88 0.019026
274.19 192.16 337.79 225.03 0.019026
889.71 346.33 918.38 375.0 0.019005
1212.8 190.52 1229.8 257.88 0.019001
1015.6 321.58 1155.2 375.0 0.018875
721.77 161.67 750.39 227.89 0.018819
0.0 164.65 20.852 262.62 0.018799
292.46 163.67 309.65 221.17 0.01877
706.82 171.02 780.39 205.9 0.018652
313.02 156.85 327.52 205.2 0.018622
0.0 124.14 75.085 207.04 0.018535
1234.7 207.37 1241.0 243.72 0.018483
1049.5 339.24 1081.4 375.0 0.018442
936.01 362.22 1017.3 375.0 0.018333
1153.4 88.843 1241.0 171.33 0.018223
880.18 363.43 965.58 375.0 0.018206
695.68 192.41 717.13 216.0 0.018005
1195.7 271.41 1241.0 334.06 0.017997
1008.6 325.82 1217.0 375.0 0.017886
713.65 191.67 765.44 233.83 0.017883
1057.7 340.77 1088.9 375.0 0.017652
1235.0 215.82 1241.0 251.92 0.017648
0.0 0.0 272.93 375.0 0.01764
1041.0 340.03 1072.7 375.0 0.017451
1196.9 256.62 1240.1 319.31 0.017436
1193.9 210.31 1238.4 268.72 0.017389
644.16 147.59 765.92 236.52 0.017339
1227.5 56.413 1241.0 142.27 0.017292
863.59 121.4 928.29 295.35 0.017187
316.7 154.96 331.45 205.59 0.01697
772.42 195.64 850.46 242.24 0.016957
1235.0 223.62 1241.0 260.01 0.016927
974.83 362.3 1030.6 375.0 0.016765
1149.5 113.14 1217.9 290.86 0.01676
890.86 362.63 943.88 375.0 0.016741
840.12 316.59 976.16 375.0 0.016723
1212.4 169.18 1228.8 229.34 0.016631
1237.9 317.4 1241.0 368.27 0.016555
1228.2 212.18 1241.0 234.13 0.016493
7.0674 271.75 349.82 375.0 0.016404
694.99 135.57 745.33 270.7 0.016305
1184.9 178.84 1241.0 214.05 0.0163
1078.8 172.2 1241.0 250.52 0.016274
0.0 191.48 100.23 375.0 0.016247
286.35 164.42 317.12 245.9 0.016217
831.96 188.77 963.2 242.92 0.016165
1207.1 126.12 1241.0 164.77 0.016038
931.08 362.89 986.35 375.0 0.016034
658.56 187.58 693.1 204.0 0.016032
1203.2 34.239 1241.0 217.33 0.015988
719.91 179.28 756.7 204.15 0.015973
256.96 118.05 313.24 257.05 0.015929
294.6 162.74 326.44 244.78 0.015918
759.21 209.77 893.6 375.0 0.015753
905.2 318.44 1041.7 375.0 0.015698
0.0 0.0 65.495 55.48 0.015681
1032.5 341.64 1065.0 375.0 0.015619
1232.3 166.55 1241.0 215.32 0.015573
725.14 192.26 770.89 216.88 0.015483
297.27 167.85 345.12 188.44 0.01544
522.0 174.64 550.82 189.27 0.015373
689.7 193.61 720.39 214.53 0.015277
0.0 0.0 35.233 19.565 0.015266
286.43 160.77 349.12 213.24 0.015266
1065.6 343.42 1096.5 375.0 0.015251
1228.2 215.94 1241.0 238.14 0.015081
1228.5 177.27 1241.0 198.24 0.015054
0.0 90.636 104.08 375.0 0.015031
499.75 173.9 534.33 190.27 0.014996
689.3 168.85 699.93 200.03 0.014872
1033.8 184.16 1216.3 324.95 0.014765
1152.7 73.36 1241.0 155.02 0.014732
499.56 182.74 534.45 198.73 0.014663
245.45 165.18 332.64 205.01 0.014627
1103.7 287.97 1170.6 375.0 0.01462
831.85 130.86 895.82 289.89 0.014485
1086.5 281.6 1155.2 375.0 0.014444
272.02 179.6 329.65 207.8 0.014423
1071.7 130.39 1138.7 345.34 0.014353
0.0 152.0 37.611 189.43 0.014175
1008.5 361.55 1103.0 375.0 0.014167
497.9 178.36 550.06 214.37 0.014166
0.0 256.84 72.498 335.8 0.014113
308.86 157.9 322.36 203.78 0.014076
1228.1 224.21 1241.0 246.14 0.014073
682.14 173.65 714.37 190.57 0.014072
85.965 224.67 223.98 375.0 0.014068
275.81 175.79 336.34 201.85 0.014049
1203.0 148.98 1230.8 241.49 0.014008
1.4578 196.54 28.891 299.32 0.013946
0.0 299.04 13.458 375.0 0.013943
1228.3 220.13 1241.0 242.08 0.013933
946.19 362.23 1001.9 375.0 0.013925
730.66 185.36 762.81 215.89 0.013911
320.85 155.85 335.77 206.3 0.013903
1228.0 228.18 1241.0 250.06 0.013899
0.0 34.934 195.21 216.73 0.013856
710.78 184.19 783.04 220.49 0.01384
1208.4 93.832 1241.0 132.44 0.013837
0.0 184.11 7.9326 238.66 0.013768
1160.3 190.86 1241.0 228.75 0.013766
1207.5 118.14 1241.0 156.52 0.01375
1207.9 110.35 1241.0 148.74 0.013742
729.05 190.03 772.46 213.22 0.013702
1217.9 343.19 1241.0 375.0 0.013691
1154.6 58.414 1241.0 139.3 0.01369
1217.4 118.62 1241.0 210.35 0.013656
1194.1 241.51 1236.9 302.85 0.013609
1227.8 232.2 1241.0 254.07 0.013605
1182.9 194.14 1232.5 250.22 0.013601
500.98 178.44 526.89 196.35 0.013597
846.86 274.86 1045.6 373.08 0.01358
0.0 131.08 12.781 222.97 0.013497
1001.6 344.82 1030.8 375.0 0.013453
0.0 58.539 142.02 284.43 0.01345
20.816 195.61 159.67 375.0 0.013411
740.1 164.99 767.34 238.19 0.013379
667.92 175.05 677.31 202.08 0.013362
837.23 181.65 962.18 232.02 0.01336
0.0 154.89 19.4 204.91 0.013338
1189.3 232.99 1225.6 360.98 0.013319
1178.5 78.121 1241.0 189.6 0.013283
667.44 162.67 689.01 225.51 0.013265
782.83 135.19 852.22 310.43 0.013215
1208.1 102.2 1241.0 140.77 0.013146
252.33 179.0 333.98 220.09 0.01314
0.0 231.13 38.252 270.62 0.01309
338.17 160.12 357.6 215.96 0.013089
270.94 173.17 404.6 241.1 0.013019
54.755 214.43 194.58 375.0 0.012955
1025.3 344.99 1056.1 375.0 0.012886
1207.5 85.946 1241.0 124.39 0.012805
288.11 172.48 335.78 206.75 0.012768
287.66 162.13 304.79 219.91 0.012711
802.66 183.53 819.77 237.92 0.012643
342.4 162.61 360.27 216.97 0.012531
0.0 238.14 53.736 353.17 0.012495
1215.3 116.33 1241.0 171.0 0.012476
493.38 173.27 544.77 208.06 0.012462
716.43 176.13 761.61 194.92 0.012457
1073.2 345.67 1104.2 375.0 0.012378
1236.2 0.0 1241.0 19.152 0.012345
1028.4 362.33 1119.1 375.0 0.012317
1228.8 173.28 1241.0 194.27 0.012307
729.1 167.03 742.89 210.75 0.012262
994.64 362.68 1085.4 375.0 0.012258
851.98 224.5 995.38 371.57 0.012247
667.85 172.93 691.65 189.65 0.012247
0.0 222.58 19.704 276.24 0.012183
0.0 110.62 55.383 222.08 0.012155
1227.9 236.18 1241.0 258.05 0.012145
261.5 158.73 350.85 197.05 0.01205
1191.5 200.82 1223.2 314.24 0.011958
0.0 185.41 265.72 341.63 0.011956
510.65 177.56 521.38 210.12 0.011931
513.5 181.02 524.86 212.38 0.011909
1183.4 208.12 1241.0 245.04 0.011905
718.54 176.89 750.99 199.54 0.011887
1225.3 0.0 1241.0 55.425 0.011851
1149.0 243.75 1223.4 375.0 0.011811
0.0 168.24 7.699 222.09 0.011777
327.56 152.56 345.21 215.7 0.01176
737.37 170.07 764.26 245.02 0.011673
278.59 182.71 345.3 222.4 0.011647
859.98 248.08 1029.9 349.96 0.011598
282.27 178.45 335.82 217.5 0.011565
1228.5 157.24 1241.0 178.28 0.011535
1228.5 161.28 1241.0 182.29 0.011422
1228.0 165.99 1241.0 217.01 0.011395
662.32 175.03 684.48 191.42 0.011372
302.55 165.02 333.89 248.48 0.011346
1215.3 83.489 1241.0 137.94 0.011318
783.44 238.97 950.8 318.17 0.011266
0.0 0.0 65.415 321.24 0.011187
313.25 114.22 372.58 272.97 0.011116
1175.9 189.92 1229.6 244.43 0.011083
317.3 161.5 339.17 222.67 0.011083
706.75 189.43 777.24 225.36 0.01108
510.46 169.74 521.36 199.54 0.011075
301.32 171.85 365.78 197.87 0.011068
1192.8 185.26 1223.5 289.8 0.011052
304.38 168.89 348.21 198.13 0.011028
118.37 236.02 251.42 375.0 0.011018
1234.3 167.54 1241.0 199.0 0.010996
1203.8 196.85 1241.0 219.5 0.010978
844.62 276.52 916.57 375.0 0.010927
1044.0 363.53 1133.5 375.0 0.010897
742.52 172.48 757.53 216.47 0.010881
94.101 288.28 161.03 375.0 0.010872
1228.6 165.28 1241.0 186.27 0.01084
841.91 174.54 918.01 373.0 0.010789
1015.7 216.01 1091.0 375.0 0.010767
1198.7 192.12 1241.0 216.05 0.010758
314.11 185.56 364.06 215.75 0.010737
931.4 188.76 1018.6 375.0 0.010711
1184.6 225.62 1231.4 286.09 0.010703
314.38 162.25 334.86 223.68 0.010689
0.0 0.0 29.304 24.008 0.010663
241.44 187.21 385.49 253.09 0.010643
316.77 180.37 367.06 210.81 0.010634
673.22 110.17 728.13 257.82 0.010631
1000.8 216.46 1075.8 375.0 0.010543
1212.5 202.87 1229.9 276.39 0.010539
1215.0 100.15 1241.0 154.45 0.010528
1228.5 169.26 1241.0 190.37 0.010514
1168.7 184.83 1224.5 235.31 0.010421
1210.2 333.78 1241.0 372.01 0.010408
0.0 138.01 47.785 324.42 0.010406
670.8 189.1 794.61 254.81 0.010388
1181.3 210.74 1216.0 335.48 0.010324
1106.2 0.0 1241.0 214.88 0.010281
1034.9 5.4915 1241.0 190.14 0.010279
1159.2 185.5 1241.0 220.33 0.01026
644.52 168.72 779.23 239.19 0.010257
0.0 41.974 31.777 249.87 0.010066
0.0 270.59 66.846 353.25 0.010036
635.92 147.91 944.87 300.57 0.01002
310.27 163.02 341.6 247.38 0.0099993
882.99 252.07 1100.5 370.5 0.0099861
815.58 132.48 878.45 287.63 0.0099731
0.0 108.7 77.948 190.43 0.0099708
489.19 169.99 552.96 200.59 0.0099708
31.317 333.82 226.23 375.0 0.0099507
838.06 178.51 947.43 219.89 0.0099269
288.19 142.38 319.09 221.24 0.0098983
685.42 166.77 706.06 236.76 0.0098568
1057.8 126.03 1122.3 344.83 0.00983
636.42 118.26 940.18 273.08 0.0098226
1211.5 0.0 1241.0 42.184 0.0098092
27.085 160.03 97.922 368.28 0.0097135
672.3 186.19 734.83 218.8 0.0096807
771.42 161.75 974.2 239.61 0.0096603
427.91 0.0 1224.3 181.67 0.0096595
1194.0 160.04 1220.6 244.89 0.0095938
2.4525 182.38 27.674 277.41 0.0095651
1154.2 41.362 1241.0 124.0 0.0093949
1020.7 359.71 1081.4 375.0 0.0093826
1009.4 343.37 1038.9 375.0 0.0092986
280.42 160.77 309.4 243.18 0.0092738
1207.1 78.155 1241.0 116.23 0.0092565
1177.9 45.672 1241.0 158.19 0.009229
1017.5 344.7 1047.3 375.0 0.0091775
