246.88 189.33 320.94 224.35 0.99952
245.89 191.08 317.44 222.45 0.98892
261.89 188.22 321.5 221.2 0.95157
258.72 180.54 325.08 226.42 0.93976
252.47 187.5 313.7 216.93 0.75512
251.69 189.55 308.44 227.45 0.58498
241.13 184.16 309.12 228.01 0.4716
252.12 187.38 307.4 209.62 0.39177
253.67 183.32 323.32 217.07 0.36892
249.46 197.33 313.52 225.67 0.30111
280.51 180.41 310.44 236.01 0.2993
273.02 179.26 302.88 232.45 0.27435
0.0 226.08 14.627 333.03 0.22736
266.91 176.63 295.87 232.14 0.19424
264.83 184.63 333.52 220.28 0.18134
285.02 171.15 314.9 236.02 0.174
255.17 187.66 314.14 229.26 0.16979
260.09 187.83 303.42 213.62 0.16549
269.71 188.11 324.69 214.35 0.16281
0.0 229.48 22.309 336.47 0.16096
237.92 193.11 322.81 229.71 0.15356
286.27 178.37 306.05 226.42 0.15155
0.0 247.58 14.752 359.68 0.13911
0.0 335.71 16.42 375.0 0.13709
258.71 176.56 287.93 232.65 0.13252
0.0 205.87 13.119 304.43 0.12985
283.12 178.34 301.06 226.35 0.12904
257.38 184.68 302.22 205.26 0.12881
278.77 178.34 296.88 227.77 0.12613
275.76 180.8 294.01 227.82 0.12434
0.0 273.14 34.903 375.0 0.1211
0.0 258.78 209.38 375.0 0.11627
260.59 187.02 319.58 211.45 0.11593
0.0 184.29 76.865 375.0 0.11472
264.1 195.15 320.52 225.59 0.11201
1225.1 266.51 1242.0 357.4 0.11157
0.0 335.17 79.13 375.0 0.10549
272.17 179.66 290.17 226.16 0.10441
0.0 142.18 386.48 375.0 0.10022
289.59 177.19 310.9 226.31 0.097137
1053.7 266.01 1242.0 375.0 0.095353
0.0 0.0 134.48 375.0 0.094882
1223.6 343.48 1242.0 375.0 0.092526
267.92 178.2 285.45 225.63 0.092498
0.0 319.8 49.081 375.0 0.092493
1224.7 249.4 1242.0 342.64 0.092177
1134.2 198.79 1242.0 375.0 0.092029
1197.9 289.96 1242.0 375.0 0.091562
1225.1 234.09 1242.0 321.86 0.090977
0.0 204.14 26.15 375.0 0.089218
507.12 178.55 528.44 193.43 0.087825
0.0 289.55 15.499 375.0 0.087685
1203.1 191.88 1242.0 365.42 0.086421
1145.1 330.73 1242.0 375.0 0.086071
240.75 194.08 302.0 220.33 0.086063
0.0 217.16 21.155 313.64 0.082313
0.0 243.46 141.34 375.0 0.081656
1225.3 218.0 1242.0 306.29 0.079341
221.24 176.48 344.85 234.98 0.077938
0.0 355.13 17.347 375.0 0.076764
0.0 361.08 38.599 375.0 0.075658
1160.1 213.58 1242.0 297.14 0.075139
0.0 192.32 12.567 284.28 0.075124
282.99 176.75 309.53 233.07 0.071777
0.0 244.59 17.362 299.71 0.071451
1199.1 155.44 1242.0 336.69 0.07126
1204.1 361.54 1242.0 375.0 0.070882
0.0 340.7 23.874 375.0 0.070262
0.0 250.34 22.73 362.02 0.068806
1162.9 230.31 1242.0 313.06 0.067784
1155.8 197.68 1242.0 281.0 0.067748
1180.3 200.95 1242.0 311.96 0.067694
1182.8 232.51 1242.0 343.41 0.06631
1176.7 320.43 1242.0 375.0 0.064514
1164.4 246.92 1242.0 328.94 0.062956
0.0 116.04 266.49 375.0 0.062469
1061.4 0.0 1242.0 375.0 0.062414
0.0 229.7 19.448 284.52 0.059786
1217.1 355.4 1242.0 375.0 0.058952
0.0 162.94 24.186 347.26 0.058733
890.01 140.84 1242.0 375.0 0.057996
1225.0 287.14 1242.0 375.0 0.055099
1154.4 182.5 1242.0 264.71 0.054883
1164.7 263.13 1242.0 346.0 0.053397
263.58 184.49 309.22 206.89 0.053184
264.13 179.53 280.91 226.16 0.053134
0.0 221.97 20.904 275.91 0.052289
0.0 249.67 44.986 362.46 0.052001
0.0 240.97 28.255 347.78 0.051472
854.02 0.0 1242.0 185.23 0.051359
1225.4 196.93 1242.0 281.65 0.051315
0.0 0.0 342.57 190.77 0.049562
1219.9 266.32 1242.0 322.85 0.049312
0.0 271.25 66.0 350.71 0.049118
250.92 189.7 299.56 219.96 0.048238
235.96 179.3 320.38 216.42 0.048227
0.0 286.33 67.515 366.4 0.047922
1141.9 0.0 1242.0 190.08 0.047821
294.12 175.23 314.88 227.85 0.047314
0.0 247.14 34.654 286.66 0.046954
260.92 187.54 296.25 208.91 0.046859
273.38 176.84 296.45 234.81 0.046773
0.0 239.03 34.419 277.53 0.045704
0.0 255.89 63.866 333.9 0.045524
0.0 215.21 32.653 254.6 0.045038
0.0 256.04 34.599 295.36 0.044879
655.91 47.129 1004.5 233.39 0.044859
0.0 230.55 33.71 269.59 0.044837
511.33 177.88 532.45 192.73 0.044614
0.0 222.03 36.539 260.98 0.043767
0.0 260.7 16.252 317.61 0.043766
1177.6 169.94 1242.0 282.5 0.043718
0.0 209.13 19.821 259.56 0.043586
0.0 320.83 14.672 375.0 0.043375
1203.5 239.79 1242.0 375.0 0.042541
255.99 170.23 285.09 241.67 0.04217
1036.0 0.0 1242.0 93.961 0.041323
0.0 218.48 46.425 329.22 0.041086
0.0 202.44 49.153 310.18 0.040722
0.0 0.0 168.24 95.263 0.040639
1.4411 344.81 30.177 375.0 0.040558
0.0 292.68 49.898 375.0 0.040524
505.93 177.04 531.01 190.92 0.040368
1163.7 279.32 1242.0 361.38 0.040315
1217.3 259.29 1242.0 314.62 0.040184
277.82 173.37 292.38 220.39 0.039927
1216.2 235.88 1242.0 290.41 0.039536
0.0 263.23 33.818 302.61 0.038736
0.0 239.52 58.326 318.06 0.038377
273.69 173.75 287.45 218.33 0.037646
0.0 221.43 61.053 299.76 0.037593
1208.2 277.24 1242.0 315.86 0.037452
1215.5 260.27 1242.0 363.11 0.036925
245.12 192.69 296.67 216.84 0.036818
1207.9 286.18 1242.0 324.18 0.03636
228.83 188.76 306.83 224.74 0.036222
1206.5 245.15 1242.0 284.09 0.035542
0.0 167.9 188.32 341.05 0.035341
208.85 162.66 350.42 229.41 0.035147
1178.3 265.6 1242.0 374.98 0.034097
1218.9 280.62 1242.0 337.88 0.033971
0.0 204.04 64.375 283.74 0.03348
0.0 64.831 70.673 375.0 0.033385
1207.4 268.29 1242.0 307.03 0.03322
0.0 207.98 32.903 245.59 0.033075
0.0 206.81 41.978 375.0 0.032857
0.0 134.27 29.153 318.15 0.032783
1208.7 253.07 1242.0 291.6 0.032778
0.0 0.0 72.238 174.63 0.032776
644.06 71.256 988.66 263.78 0.032712
0.0 188.21 70.503 268.8 0.032692
281.63 171.44 296.57 223.31 0.032571
0.0 338.69 106.11 375.0 0.032517
1151.8 165.92 1242.0 248.57 0.032408
0.0 202.53 19.294 293.24 0.031682
269.19 177.1 292.4 233.71 0.031482
0.0 272.09 35.056 310.59 0.030979
1205.4 261.41 1242.0 300.24 0.030875
1138.6 37.911 1242.0 375.0 0.030398
0.0 278.11 17.073 334.63 0.029735
1045.8 129.01 1242.0 312.83 0.02954
0.0 317.41 69.684 375.0 0.028892
0.0 309.98 18.837 364.25 0.028796
949.31 0.0 1242.0 245.4 0.028586
0.0 295.05 22.022 375.0 0.028555
1206.7 236.68 1242.0 276.25 0.028471
0.0 201.6 6.7855 251.44 0.028437
1208.3 292.9 1242.0 331.08 0.027958
0.0 196.85 198.6 375.0 0.027788
1217.9 219.3 1242.0 276.15 0.027111
0.0 266.28 293.66 375.0 0.026977
1207.1 228.64 1242.0 268.18 0.026793
0.0 0.0 272.03 243.37 0.02651
272.02 186.86 326.49 208.34 0.026287
19.619 207.29 165.15 375.0 0.025932
756.55 0.0 886.89 324.96 0.025839
1052.8 162.49 1242.0 344.32 0.025669
1215.0 230.3 1242.0 329.14 0.025513
1225.7 177.41 1242.0 262.79 0.02548
1206.1 214.6 1242.0 252.92 0.025477
288.92 171.48 303.72 222.73 0.025345
0.0 279.83 35.546 318.43 0.025309
0.0 175.68 55.889 281.92 0.025032
0.0 358.88 22.557 375.0 0.025029
271.18 184.43 317.11 205.44 0.024835
0.0 366.52 53.698 375.0 0.02476
793.32 93.313 848.52 115.67 0.024733
1205.5 221.0 1242.0 261.01 0.024634
1227.8 73.379 1242.0 159.84 0.024512
265.04 175.44 289.07 230.88 0.024483
285.71 171.17 299.56 224.25 0.024443
1209.9 300.35 1242.0 338.69 0.024103
0.0 319.55 35.951 358.8 0.024058
1160.9 294.7 1242.0 375.0 0.023953
211.32 163.64 328.17 247.51 0.023515
0.0 287.89 34.459 327.27 0.023254
1190.1 365.15 1242.0 375.0 0.023141
1216.7 206.17 1242.0 260.15 0.023067
1084.7 0.0 1242.0 119.74 0.02286
1024.4 68.353 1242.0 256.32 0.022789
0.0 312.29 35.022 351.11 0.022725
1200.9 39.969 1242.0 234.89 0.022705
269.5 173.77 283.25 216.63 0.022533
1218.5 297.61 1242.0 354.26 0.02237
1150.2 150.36 1242.0 234.2 0.02224
0.0 19.162 189.93 375.0 0.022023
1112.2 337.87 1242.0 375.0 0.021983
1198.1 104.72 1242.0 295.87 0.021802
1210.0 308.28 1242.0 347.24 0.021448
0.0 261.88 27.683 372.78 0.021322
0.0 295.27 34.726 334.26 0.021154
0.0 294.66 17.38 349.23 0.020749
267.7 185.32 313.1 214.87 0.020732
0.0 199.71 32.853 237.85 0.020611
0.0 0.0 134.41 120.31 0.020446
509.95 176.98 536.35 191.19 0.020104
0.0 153.47 130.55 375.0 0.020094
0.0 171.3 76.728 252.3 0.019843
0.0 303.94 34.735 343.08 0.019651
1209.7 316.6 1242.0 355.1 0.019291
856.84 18.195 1242.0 375.0 0.019221
1209.1 343.41 1239.6 375.0 0.019111
0.0 210.27 6.8268 260.61 0.018997
0.0 250.11 22.622 303.91 0.018869
0.0 21.55 381.37 360.31 0.018618
293.27 163.8 318.59 230.87 0.018588
1215.8 217.29 1242.0 310.23 0.018521
516.62 178.29 536.72 193.22 0.018504
1206.6 206.29 1242.0 244.52 0.018424
1149.5 133.45 1242.0 218.78 0.018371
0.0 327.12 36.258 365.88 0.018355
251.74 166.93 278.52 231.38 0.018321
1224.2 319.11 1242.0 375.0 0.01805
1210.2 324.8 1242.0 363.27 0.018034
1218.4 314.92 1242.0 370.29 0.017999
1209.5 333.21 1242.0 372.35 0.017932
256.65 193.01 318.01 235.69 0.017897
2.4014 222.85 65.379 375.0 0.017389
1152.4 117.66 1242.0 202.69 0.017317
1226.7 162.53 1242.0 246.12 0.017051
261.41 174.29 284.99 229.15 0.016999
521.43 178.4 541.08 193.16 0.016836
9.1573 346.34 37.368 375.0 0.016826
292.85 173.71 308.49 222.5 0.016575
0.0 191.31 33.026 229.68 0.016532
266.85 185.76 302.99 209.89 0.016394
1018.5 37.81 1242.0 221.16 0.016298
0.0 99.524 190.3 282.14 0.016074
0.0 194.2 6.567 239.54 0.016044
0.0 368.26 63.384 375.0 0.016015
673.39 97.698 1019.4 296.12 0.015854
1151.1 101.42 1242.0 186.94 0.015781
0.0 169.68 12.556 259.69 0.015739
1094.2 210.31 1242.0 375.0 0.015714
509.27 180.56 536.42 194.04 0.015686
1207.6 196.95 1242.0 235.9 0.015514
1207.9 350.94 1242.0 375.0 0.015441
0.0 174.65 38.912 342.58 0.015384
1184.2 169.73 1242.0 354.55 0.015309
0.0 210.17 19.109 230.66 0.01522
942.58 204.67 1091.6 375.0 0.01503
0.0 195.26 19.833 244.02 0.014895
0.0 213.89 18.565 234.52 0.014848
81.262 212.07 231.06 375.0 0.014819
276.41 166.21 303.87 231.14 0.014746
0.0 221.8 19.714 243.2 0.014664
1227.3 87.212 1242.0 173.91 0.014374
0.0 66.616 188.95 250.98 0.01436
0.0 275.1 91.034 351.36 0.014314
1238.4 213.93 1242.0 258.79 0.014306
260.57 176.76 277.04 224.56 0.014268
1206.0 188.87 1242.0 228.59 0.014062
0.0 353.72 35.094 375.0 0.014061
0.0 344.06 14.311 375.0 0.013834
913.15 205.9 1057.8 375.0 0.013833
0.0 218.16 19.452 238.86 0.013803
1083.1 110.69 1242.0 351.17 0.013778
1173.3 137.58 1242.0 253.93 0.01377
32.929 271.54 374.9 375.0 0.013733
278.21 189.1 326.58 219.27 0.013721
1155.0 86.705 1242.0 172.34 0.013702
862.11 259.63 1224.2 375.0 0.01365
240.17 197.65 292.37 223.3 0.013553
0.0 223.15 5.8684 272.41 0.013413
1216.4 201.42 1242.0 294.15 0.013412
1238.0 222.21 1242.0 266.96 0.013366
0.0 206.08 19.196 226.74 0.013279
233.49 198.88 320.05 236.28 0.013243
0.0 207.13 8.769 233.68 0.013112
0.0 0.0 33.7 111.16 0.012925
428.09 0.0 719.67 375.0 0.012855
1133.3 219.83 1242.0 299.61 0.012752
0.0 154.26 78.69 238.62 0.012706
0.0 246.27 7.1533 303.12 0.012659
217.55 0.0 986.36 175.21 0.012576
0.0 249.9 46.477 284.7 0.012462
0.0 0.0 85.469 41.982 0.01227
297.96 175.09 318.36 227.57 0.012223
13.421 292.02 84.341 375.0 0.01217
1214.3 188.88 1242.0 243.53 0.012023
1209.0 226.76 1236.8 322.8 0.011962
0.0 183.04 33.318 221.35 0.011836
0.0 242.3 46.044 275.9 0.011807
490.96 0.0 784.15 375.0 0.011802
1187.5 206.33 1242.0 375.0 0.011512
0.0 335.93 36.612 374.04 0.011504
276.77 172.09 299.87 236.11 0.011419
1172.8 103.3 1242.0 221.23 0.011419
1128.0 204.97 1242.0 285.31 0.011383
0.0 257.33 48.372 293.32 0.011367
0.0 216.0 26.23 265.24 0.011351
976.51 206.33 1122.0 375.0 0.01122
0.0 334.54 156.32 375.0 0.011158
273.57 178.45 340.74 210.88 0.011126
0.0 0.0 62.999 341.83 0.011112
181.66 168.77 341.66 240.46 0.011039
1207.3 181.73 1242.0 220.73 0.010922
1107.2 0.0 1242.0 207.29 0.010887
723.89 0.0 856.02 370.9 0.010697
0.0 201.88 19.633 222.83 0.010655
113.43 211.19 261.46 375.0 0.010652
1237.8 229.14 1242.0 274.74 0.010576
966.15 272.84 1242.0 375.0 0.01057
0.0 95.448 31.816 297.15 0.01055
1226.7 102.57 1242.0 189.36 0.010546
0.0 213.92 9.9025 242.21 0.010519
1075.0 224.8 1215.4 375.0 0.010494
534.61 0.0 676.76 202.77 0.010468
442.38 0.0 813.14 81.399 0.01042
215.62 187.58 348.23 250.28 0.010357
0.0 233.3 46.394 267.99 0.010028
1176.0 70.631 1242.0 193.91 0.0099072
0.0 218.29 10.515 246.91 0.0098932
782.35 0.0 916.11 323.27 0.0098671
0.0 238.55 18.756 258.5 0.0098567
1135.1 237.72 1242.0 315.71 0.0098213
0.0 236.4 6.1364 292.09 0.0098022
0.0 224.62 49.927 259.95 0.0097882
564.27 0.0 706.02 204.09 0.0096389
1202.1 348.73 1231.9 375.0 0.0094891
1074.5 54.298 1242.0 288.66 0.0094081
885.32 207.69 1021.1 375.0 0.0092659
0.0 265.43 48.902 300.52 0.0092578
15.26 213.52 85.398 375.0 0.0091686
1188.2 360.42 1242.0 375.0 0.0091683
0.0 33.121 186.48 214.9 0.0091549
1151.6 202.45 1242.0 311.86 0.0091303
244.09 194.65 285.8 215.52 0.0091158
356.8 0.0 651.99 375.0 0.0090783
0.0 217.29 46.027 251.71 0.0090513
505.11 173.34 533.05 188.87 0.0089546
1125.2 188.59 1242.0 268.2 0.0089387
1014.5 6.2827 1242.0 185.92 0.0088858
272.95 170.0 299.24 258.93 0.0087827
0.0 229.32 19.087 250.04 0.0087728
0.0 268.1 22.557 321.57 0.0087325
497.6 0.0 642.82 198.38 0.0086445
0.0 230.42 258.04 375.0 0.0085739
514.52 173.36 525.42 198.41 0.0085515
0.0 197.9 20.426 218.78 0.0085065
0.9921 197.09 25.29 278.23 0.0084713
685.15 174.33 696.25 211.07 0.0084273
1043.4 220.42 1182.6 375.0 0.0084121
1203.7 277.2 1242.0 327.81 0.008373
668.53 0.0 1242.0 197.92 0.0083665
0.0 313.51 7.0875 364.95 0.0083498
0.0 234.2 18.442 254.52 0.0083116
1010.7 211.17 1150.1 375.0 0.0081953
0.0 272.15 125.22 354.35 0.0081826
439.93 0.0 1225.0 190.06 0.0081824
265.76 169.63 292.68 260.26 0.0081795
251.56 201.22 307.74 228.54 0.0080806
0.0 3.2067 260.86 375.0 0.0080793
1180.9 135.48 1242.0 328.64 0.0080674
541.89 0.0 846.25 375.0 0.0080614
1137.6 252.68 1242.0 332.94 0.0080049
0.0 0.0 182.35 132.83 0.0079911
593.66 0.0 736.94 211.31 0.0079378
242.67 137.43 296.58 279.4 0.0079307
505.75 183.56 533.92 198.63 0.0079146
513.63 175.36 524.23 201.72 0.0078942
681.92 175.48 692.51 209.94 0.0078421
1215.4 173.42 1242.0 227.7 0.0078117
0.0 138.14 80.462 222.58 0.0077822
290.42 174.07 302.53 217.07 0.0077781
256.64 140.75 306.31 271.57 0.0077763
1238.2 203.24 1242.0 247.42 0.0075953
1209.1 202.28 1237.5 298.25 0.0075744
1140.1 0.0 1242.0 300.42 0.0075732
520.23 181.64 541.58 196.93 0.0075074
685.05 180.47 697.87 220.35 0.0074905
668.83 0.0 956.19 375.0 0.0074458
1209.1 253.22 1240.0 368.36 0.0073762
0.0 199.83 9.8048 226.52 0.0073708
518.0 172.72 528.89 199.16 0.0073126
601.66 0.0 908.54 375.0 0.0072998
882.59 0.0 1242.0 96.635 0.0072289
0.0 241.86 19.425 262.38 0.0070956
1048.8 0.0 1188.2 213.03 0.0070588
277.83 186.08 313.71 208.95 0.0070437
0.0 258.31 91.807 375.0 0.007024
1227.6 119.5 1242.0 208.25 0.0069963
519.34 180.28 544.97 193.68 0.0069387
0.0 193.89 20.305 214.89 0.0069277
278.04 184.49 324.08 203.14 0.0068751
243.79 192.57 306.59 236.71 0.0068591
0.0 180.63 19.747 228.82 0.0068402
264.89 173.43 278.21 216.84 0.0068375
380.09 0.0 749.09 86.683 0.0068218
0.0 93.361 136.24 316.55 0.006783
233.49 171.67 354.14 248.95 0.0067435
1153.7 235.24 1242.0 344.82 0.0066779
0.0 273.6 51.58 307.55 0.0066723
491.73 0.0 876.79 93.53 0.0066527
147.02 221.75 288.37 375.0 0.0066429
886.55 269.73 1163.9 375.0 0.006642
0.0 189.95 19.992 210.88 0.006631
0.0 235.21 9.7276 260.97 0.006628
1012.2 0.0 1155.1 211.31 0.0066278
229.02 176.83 291.08 222.57 0.0065488
0.0 259.44 117.73 335.73 0.0064922
0.0 175.17 34.623 212.85 0.0064624
0.0 181.52 6.4801 228.93 0.0064602
635.48 17.137 1009.1 188.21 0.0064569
871.99 29.028 1146.2 375.0 0.006411
734.97 0.0 1028.6 375.0 0.0063997
1080.6 0.0 1219.4 205.33 0.0063616
0.0 303.87 6.7345 357.43 0.006339
0.0 210.83 48.346 243.53 0.0062874
1214.2 291.57 1242.0 375.0 0.00627
514.93 176.77 540.79 191.02 0.0062189
790.99 267.09 1130.6 375.0 0.0060978
0.0 142.73 57.541 255.82 0.0060608
750.22 0.0 1159.8 94.117 0.0060488
0.0 0.0 69.258 56.631 0.0060244
1237.8 177.5 1242.0 221.56 0.0060234
1135.8 269.56 1242.0 350.3 0.0060232
977.11 0.0 1125.2 214.4 0.0059993
273.56 196.06 325.82 221.72 0.0059876
256.01 176.02 272.16 223.54 0.0059483
1238.3 263.0 1242.0 313.01 0.0059284
73.287 0.0 853.61 178.06 0.0059244
879.88 0.0 1031.5 214.15 0.0059227
1208.3 173.78 1242.0 212.41 0.0059072
681.86 180.41 693.41 217.68 0.0059016
847.96 0.0 998.02 219.1 0.0058863
624.84 0.0 772.31 226.42 0.0058519
0.0 239.22 87.791 353.86 0.0058465
162.8 155.04 344.65 230.82 0.0058356
815.97 0.0 967.27 221.46 0.0058345
293.17 0.0 584.53 375.0 0.00582
221.04 193.64 310.8 230.75 0.0057813
1202.1 239.09 1242.0 288.77 0.0057398
0.0 323.94 116.67 375.0 0.005696
469.96 0.0 611.88 201.25 0.0056771
0.0 106.87 100.52 375.0 0.0056721
28.306 285.04 100.44 375.0 0.005668
523.43 181.21 544.42 196.13 0.0056577
0.0 0.0 97.004 194.94 0.0056535
946.84 0.0 1095.2 214.64 0.0056509
281.08 169.97 308.09 260.76 0.0056377
259.53 191.22 341.98 231.01 0.005631
913.31 0.0 1064.0 215.32 0.0056135
1211.1 95.598 1242.0 132.25 0.0056118
1219.1 85.419 1242.0 139.35 0.0056055
296.37 173.82 312.09 223.45 0.0055392
515.29 181.55 537.06 197.13 0.0054973
853.26 216.85 984.33 375.0 0.0054383
311.6 0.0 890.27 237.38 0.0054334
1199.3 0.0 1242.0 96.197 0.0054242
0.0 230.35 11.01 256.95 0.0054072
0.0 283.24 23.517 337.4 0.0053821
699.79 154.89 1242.0 375.0 0.0053561
800.19 0.0 1094.5 375.0 0.0053266
1238.4 186.49 1242.0 229.88 0.005277
0.0 121.01 78.087 204.04 0.0052593
253.91 117.08 310.3 255.03 0.0052484
1150.6 289.45 1218.3 375.0 0.0052345
1203.9 246.89 1242.0 296.57 0.0051871
677.8 188.47 755.53 229.09 0.005183
0.0 207.43 86.661 278.55 0.0051599
106.79 274.81 443.75 375.0 0.0051433
1227.1 144.47 1242.0 231.32 0.005089
16.371 346.69 45.071 375.0 0.0050766
0.0 186.01 19.615 206.9 0.0050514
523.56 180.82 549.24 193.64 0.0050206
1210.7 102.87 1242.0 140.06 0.0050142
1210.7 87.497 1242.0 124.19 0.0050112
1147.3 172.58 1242.0 283.53 0.0049928
1196.3 249.29 1242.0 285.44 0.0049848
1209.5 110.98 1242.0 148.43 0.0049844
181.12 0.0 328.26 222.5 0.0049833
510.24 173.18 537.54 188.95 0.0049606
1120.1 323.77 1242.0 375.0 0.0049494
1237.4 235.62 1242.0 283.89 0.004927
294.25 175.74 306.43 216.29 0.0048883
1145.3 0.0 1242.0 42.413 0.0048838
0.0 282.72 51.443 316.21 0.004817
1168.5 168.7 1228.8 352.8 0.0048109
0.0 366.95 81.391 375.0 0.0047973
321.0 181.74 333.22 216.6 0.0047884
656.27 0.0 804.17 224.73 0.0047841
1238.2 272.79 1242.0 327.18 0.0047416
6.3586 242.23 33.794 342.94 0.0047288
845.82 0.0 1242.0 259.85 0.0047141
315.48 186.1 338.16 205.13 0.0046977
0.0 322.95 50.875 357.31 0.0046945
149.24 0.0 300.74 227.31 0.0046906
1237.8 280.94 1242.0 333.93 0.0046863
669.14 187.42 741.38 223.55 0.0046733
0.0 370.94 19.028 375.0 0.0046424
1197.2 272.75 1242.0 308.44 0.0046413
1206.7 126.13 1242.0 163.61 0.0046378
781.52 0.0 932.45 219.57 0.0046342
255.79 171.68 282.84 266.13 0.0046227
0.0 301.5 24.695 352.71 0.0046208
311.15 184.82 343.38 201.25 0.0046201
0.0 154.67 11.948 244.1 0.0046141
519.46 177.32 545.61 191.7 0.0046085
1203.8 6.1938 1242.0 206.32 0.0045915
684.37 0.0 837.77 234.12 0.0045898
471.34 0.0 757.94 108.1 0.0045897
3.0784 182.64 58.003 351.14 0.0045486
1196.9 295.64 1242.0 331.93 0.0045278
1223.1 0.0 1242.0 38.569 0.0045081
0.0 144.64 40.479 313.83 0.0045054
315.44 183.02 339.56 201.83 0.0044943
0.0 173.45 6.2138 220.83 0.0044936
213.31 0.0 357.94 221.72 0.0044846
1207.9 118.12 1242.0 156.19 0.0044399
1203.7 292.0 1242.0 344.89 0.0043868
280.87 180.82 334.93 219.05 0.0043721
437.33 0.0 578.99 207.4 0.0043348
1120.2 170.58 1242.0 251.18 0.0042948
0.0 90.219 76.823 171.63 0.0042922
649.84 0.0 1062.5 97.404 0.0042922
713.92 0.0 872.45 240.03 0.0042559
0.0 106.59 76.319 187.67 0.0042499
0.0 357.73 5.9567 375.0 0.0042395
180.4 228.9 316.02 375.0 0.0042394
316.25 189.25 339.06 208.92 0.0042366
688.08 177.63 701.43 220.11 0.0042246
522.05 175.75 531.61 203.59 0.0042046
268.36 202.4 318.69 228.1 0.0041974
1196.0 265.46 1242.0 301.84 0.004196
0.0 291.33 50.521 325.72 0.004191
1208.2 134.28 1242.0 172.45 0.0041893
280.12 184.34 350.91 218.34 0.0041839
0.0 245.63 21.322 266.92 0.0041775
245.57 0.0 389.0 223.9 0.0041465
252.83 186.19 294.14 214.78 0.0041462
229.05 0.0 525.45 375.0 0.0041448
1216.6 187.2 1242.0 274.85 0.0041399
0.0 258.34 6.8738 314.85 0.0041247
691.92 0.0 821.6 375.0 0.0040773
256.64 185.1 288.89 206.95 0.0040619
0.0 315.16 51.73 349.11 0.0040503
748.08 0.0 903.3 227.35 0.0040348
517.78 184.17 546.0 198.59 0.0040315
227.03 126.69 282.48 290.19 0.004018
0.0 158.29 580.31 375.0 0.0040122
1197.3 241.22 1242.0 278.75 0.0040059
7.1957 228.39 32.754 327.24 0.0040046
0.0 244.33 108.4 316.76 0.0040031
0.0 298.86 50.667 333.22 0.0039647
511.19 176.34 520.9 202.01 0.0039422
1209.3 142.06 1242.0 181.02 0.0039312
464.94 282.63 801.61 375.0 0.0039201
189.67 160.54 317.96 255.85 0.0038991
0.0 192.15 10.232 218.92 0.003899
1237.9 194.46 1242.0 237.71 0.0038944
278.06 0.0 422.75 226.31 0.0038836
1201.9 203.9 1229.7 294.69 0.0038785
81.342 0.0 447.49 96.116 0.0038741
1195.5 224.62 1242.0 262.72 0.0038589
310.07 0.0 453.08 217.43 0.0038514
678.52 184.19 689.33 219.96 0.0038483
47.639 39.368 297.17 375.0 0.0038393
319.57 182.4 342.6 201.31 0.0038374
1195.4 217.71 1242.0 254.09 0.0038348
526.53 175.93 536.36 204.45 0.0038189
0.0 202.06 10.429 253.24 0.0038068
1107.8 155.57 1242.0 375.0 0.0038026
791.56 91.714 845.32 110.96 0.0037952
0.0 61.832 29.238 267.92 0.0037831
1217.0 100.34 1242.0 155.2 0.0037792
0.0 166.6 36.446 204.38 0.0037735
1197.3 233.08 1242.0 270.7 0.0037497
998.85 106.1 1242.0 288.71 0.0037304
1108.5 1.1068 1242.0 375.0 0.0037097
688.06 188.4 701.17 223.78 0.0036752
612.53 106.42 961.16 287.64 0.0036733
1131.8 284.43 1242.0 362.7 0.0036631
678.19 178.53 688.73 214.21 0.0036337
625.94 85.433 928.94 323.25 0.0036309
15.062 0.0 161.7 222.19 0.0036208
0.0 0.0 128.4 213.85 0.0036108
309.85 182.68 334.35 201.84 0.0035881
7.425 259.22 35.152 361.02 0.0035808
791.86 95.819 853.09 119.4 0.0035749
1217.7 69.107 1240.8 159.92 0.0035702
242.67 154.71 268.93 232.29 0.0035479
270.96 135.3 319.98 276.27 0.0035476
0.0 185.09 18.981 269.44 0.0035465
0.0 291.61 6.9133 344.96 0.0035418
0.0 329.61 20.706 350.96 0.0035404
312.47 188.9 344.91 205.2 0.0035326
0.0 333.8 20.54 354.94 0.0035238
218.34 0.0 585.6 92.928 0.003489
1165.4 136.69 1228.8 323.51 0.003441
0.0 0.0 295.57 94.418 0.0034266
340.92 0.0 481.18 214.17 0.0034259
1203.6 224.13 1242.0 276.06 0.0034245
43.916 286.21 117.09 375.0 0.0034128
1209.4 166.2 1242.0 205.1 0.0034027
1199.6 303.69 1242.0 340.12 0.0034023
165.05 0.0 454.22 375.0 0.0033444
405.54 0.0 544.53 208.59 0.0033375
0.0 280.06 156.71 369.56 0.0033369
691.93 182.98 705.6 223.87 0.0033108
318.39 185.05 341.74 204.48 0.0033084
0.0 182.14 18.96 203.08 0.0032986
315.66 182.05 328.16 218.11 0.0032976
0.015148 327.61 27.731 375.0 0.0032861
1238.3 288.78 1242.0 340.1 0.0032857
8.1428 218.29 31.66 306.44 0.0032612
1215.5 116.55 1242.0 170.56 0.0032594
0.0 317.12 26.021 364.51 0.0032573
313.49 192.17 346.4 208.38 0.0032171
373.94 0.0 511.66 210.41 0.0032012
0.0 249.69 22.057 271.29 0.0031788
116.03 0.0 265.72 225.51 0.0031726
1228.3 49.617 1242.0 139.02 0.003146
0.0 306.64 50.696 340.16 0.0031154
1231.7 225.93 1242.0 246.0 0.0031059
1209.8 157.73 1242.0 196.6 0.0031041
324.68 178.43 336.16 211.19 0.0031021
0.0 202.77 49.463 235.9 0.0030782
1157.9 55.334 1242.0 140.4 0.0030664
0.0 0.0 544.19 188.9 0.0030596
243.66 194.89 284.98 224.87 0.0030425
309.87 185.38 332.66 205.0 0.0030387
8.6447 200.58 32.965 285.96 0.0030362
1028.7 231.98 1242.0 375.0 0.003032
209.54 181.63 293.16 219.47 0.0030198
1209.8 150.04 1242.0 188.88 0.0030124
260.78 180.4 300.46 198.37 0.0030065
1201.0 209.28 1242.0 257.91 0.0030047
576.21 0.0 964.45 96.002 0.0029974
0.0 265.18 21.574 287.15 0.0029949
25.397 348.81 54.155 375.0 0.0029857
1231.0 233.78 1242.0 254.1 0.002974
534.78 0.0 1130.8 239.62 0.0029699
421.15 0.0 1009.5 214.09 0.0029678
1203.0 227.18 1230.0 320.45 0.0029665
283.36 0.0 655.06 89.105 0.0029649
242.61 202.61 287.24 225.43 0.0029491
0.0 253.65 21.475 275.66 0.0029316
1231.0 229.81 1242.0 250.01 0.0029298
0.0 269.21 21.513 291.04 0.0029239
706.9 78.695 932.2 186.63 0.0029233
294.12 162.69 320.17 251.07 0.0029154
536.54 245.49 668.75 375.0 0.0029144
0.0 149.54 230.38 305.71 0.0029098
822.81 238.56 948.67 375.0 0.0028999
0.0 158.45 37.653 196.68 0.0028781
0.0 261.03 21.631 283.18 0.0028648
0.0 325.21 20.177 346.57 0.0028645
305.3 181.47 341.56 197.92 0.0028496
0.0 330.48 51.731 363.86 0.0028458
253.43 180.46 267.06 220.38 0.0028415
9.6065 189.56 34.203 271.97 0.0028301
0.0 225.88 106.56 296.86 0.0028271
525.72 286.09 853.25 375.0 0.0028252
408.13 278.96 742.56 375.0 0.0028215
1215.9 125.47 1242.0 180.08 0.0028195
681.71 187.19 692.74 224.41 0.002792
48.84 0.0 192.7 219.21 0.0027865
567.74 254.33 696.15 375.0 0.0027823
1231.1 237.77 1242.0 257.8 0.0027821
1231.9 222.11 1242.0 241.68 0.0027779
81.983 0.0 229.88 214.85 0.002776
100.76 0.0 387.26 375.0 0.0027656
1055.5 336.41 1242.0 375.0 0.0027653
0.0 330.7 211.21 375.0 0.0027404
253.81 174.71 274.25 228.92 0.0027306
1239.3 81.801 1242.0 129.01 0.0027142
242.27 144.33 286.51 302.3 0.0027112
0.0 214.53 61.701 250.72 0.0027051
1159.6 364.61 1242.0 375.0 0.0026929
0.0 72.308 77.7 155.77 0.0026809
1210.9 79.09 1242.0 115.65 0.0026765
311.21 189.31 333.55 209.36 0.0026698
0.0 184.1 9.7352 210.77 0.0026683
255.19 196.98 300.02 229.45 0.0026665
1236.8 363.92 1242.0 375.0 0.0026559
729.29 111.38 1073.6 283.04 0.00263
0.0 330.98 9.8002 357.68 0.0026214
533.96 0.0 819.24 112.52 0.002614
688.79 174.72 699.93 212.26 0.002609
0.0 206.95 67.187 241.97 0.0026084
0.0 103.47 489.51 375.0 0.0026075
214.12 238.63 344.93 375.0 0.0025695
0.0 326.48 8.8463 354.64 0.0025674
0.0 150.3 36.254 188.3 0.0025653
1.4127 183.82 26.744 265.68 0.0025587
821.4 0.0 953.23 375.0 0.0025536
503.55 237.45 637.55 375.0 0.0025382
1181.6 20.475 1242.0 249.66 0.0025144
1193.4 347.95 1223.2 375.0 0.0025078
179.87 280.32 509.21 375.0 0.0025069
410.47 0.0 708.17 109.35 0.0025035
1236.3 220.33 1242.0 248.86 0.0024898
1203.1 0.0 1242.0 16.5 0.0024861
301.96 180.59 318.58 225.02 0.002478
283.64 187.02 319.31 206.94 0.0024648
681.99 183.25 766.53 222.22 0.0024549
939.32 0.0 1235.8 124.46 0.0024451
1149.4 139.14 1212.9 323.08 0.0024432
1237.6 244.51 1242.0 293.23 0.0024282
529.82 176.43 539.18 203.31 0.0024209
0.0 275.28 6.6368 331.78 0.0024048
1172.2 217.31 1242.0 252.44 0.0023867
238.59 285.33 566.98 375.0 0.0023691
0.0 242.14 10.459 270.51 0.0023677
270.33 186.9 330.53 230.53 0.0023631
1193.8 209.81 1242.0 245.17 0.0023587
1230.8 241.71 1242.0 261.68 0.0023574
53.463 151.0 186.15 375.0 0.0023568
1238.2 171.05 1242.0 214.6 0.0023538
300.67 183.3 336.71 200.21 0.0023483
249.52 178.5 269.72 228.17 0.0023415
1201.7 301.04 1242.0 352.4 0.0023323
1235.6 228.5 1242.0 257.75 0.0023248
684.54 187.02 772.77 230.66 0.0023205
1119.0 154.89 1242.0 237.12 0.0023162
515.41 173.22 542.27 188.57 0.0023124
1077.0 185.78 1242.0 263.54 0.0023117
307.59 192.93 341.47 208.84 0.0023041
219.68 175.17 304.99 214.08 0.0022897
503.07 177.04 524.17 192.31 0.0022797
686.34 179.22 743.71 223.8 0.0022748
514.41 0.0 720.33 44.058 0.0022657
1216.6 168.62 1242.0 257.31 0.0022601
0.88175 204.36 15.14 253.9 0.0022241
0.0 193.64 49.588 228.24 0.0022235
1216.7 72.12 1242.0 123.69 0.0022113
1238.1 111.22 1242.0 159.32 0.0022028
321.11 176.17 332.56 206.41 0.0021994
0.0 207.6 83.478 312.8 0.0021952
1133.6 288.21 1200.5 375.0 0.0021859
149.57 0.0 769.81 230.8 0.0021858
0.0 142.54 38.206 180.34 0.0021682
715.97 175.62 729.04 221.67 0.0021667
1238.9 88.741 1242.0 136.7 0.002163
314.43 181.98 347.42 198.43 0.0021523
472.21 238.5 602.93 375.0 0.0021506
679.61 182.14 700.6 200.53 0.0021362
289.79 178.61 343.22 219.26 0.0021331
0.0 261.23 10.61 291.21 0.0021166
0.0 325.72 6.2158 375.0 0.0021111
685.56 192.82 696.7 226.87 0.002106
1231.5 218.27 1242.0 237.59 0.0021035
1148.0 268.64 1242.0 374.77 0.0021012
1197.6 311.96 1242.0 347.93 0.0020947
599.39 256.17 725.93 375.0 0.0020899
0.0 7.4728 29.708 223.87 0.0020853
0.0 126.7 35.386 164.6 0.002083
679.98 179.47 731.83 221.3 0.0020793
248.27 243.32 376.39 375.0 0.0020752
283.56 194.23 328.83 215.13 0.0020705
284.26 181.57 306.12 238.34 0.0020635
230.39 157.44 396.65 228.9 0.0020603
0.0 321.61 20.703 342.62 0.0020547
1071.8 170.5 1242.0 246.63 0.0020521
1179.0 227.46 1242.0 263.81 0.0020494
316.06 175.88 328.19 208.7 0.0020443
0.0 190.87 70.745 227.74 0.0020416
0.0 134.36 36.206 172.57 0.0020374
310.79 175.37 323.84 214.35 0.0020164
312.55 247.42 439.48 375.0 0.0020147
0.0 199.03 68.174 233.5 0.0020105
502.69 180.29 530.06 194.13 0.0020005
280.0 240.55 407.2 375.0 0.0019968
708.12 74.646 1065.3 253.74 0.0019872
212.15 189.36 290.36 225.27 0.0019774
1128.6 300.13 1242.0 375.0 0.0019732
59.943 282.26 132.3 375.0 0.001968
33.605 350.43 61.624 375.0 0.0019678
0.0 112.49 57.003 223.16 0.0019635
0.0 56.141 78.875 141.56 0.0019524
1231.6 189.95 1242.0 209.7 0.0019521
300.04 173.73 315.27 220.38 0.0019493
779.7 0.0 1075.1 120.96 0.0019482
1131.8 189.58 1188.7 210.32 0.0019412
0.0 295.56 125.26 374.49 0.001939
83.196 329.84 302.37 375.0 0.0019256
681.86 161.49 704.28 227.01 0.0019243
0.0 118.43 36.764 156.88 0.0019203
0.0 0.0 12.229 45.267 0.0019062
0.0 194.69 261.63 342.96 0.0019052
0.0 370.73 8.1287 375.0 0.0018973
625.8 285.12 953.06 375.0 0.0018969
302.96 158.09 325.99 233.65 0.0018969
872.89 0.0 1166.5 120.98 0.0018924
723.68 276.98 1048.9 375.0 0.001884
269.9 180.98 306.97 198.41 0.0018775
302.64 279.7 642.31 375.0 0.0018647
542.46 0.0 754.01 39.724 0.001855
785.74 4.4904 874.06 244.06 0.0018454
1231.5 194.04 1242.0 213.9 0.0018319
243.26 167.24 268.58 257.13 0.0018308
342.84 242.62 471.94 375.0 0.0018284
255.03 200.92 341.73 239.4 0.0018259
1192.2 233.2 1241.6 283.5 0.0018222
296.05 179.82 332.33 197.08 0.0018195
297.94 175.72 310.22 216.37 0.0018179
0.0 178.3 19.14 198.63 0.0018179
1231.9 198.06 1242.0 217.94 0.0018139
304.48 181.76 330.75 202.39 0.0018097
225.39 188.18 289.95 232.23 0.0018056
284.15 177.29 353.55 211.68 0.0017996
1214.1 156.5 1242.0 211.44 0.0017873
1208.9 185.82 1235.5 276.68 0.0017799
1229.8 370.96 1242.0 375.0 0.0017776
1238.5 297.64 1242.0 347.52 0.0017762
0.0 246.43 10.121 275.83 0.0017714
714.59 195.82 729.32 235.15 0.0017708
689.47 140.97 1026.5 315.96 0.0017646
1155.5 168.24 1212.3 352.74 0.0017618
243.96 191.73 284.82 211.43 0.0017565
1214.7 141.26 1242.0 195.22 0.0017553
282.11 181.19 318.22 196.57 0.0017514
1125.9 221.02 1242.0 327.96 0.0017489
1197.8 320.33 1242.0 356.77 0.0017486
675.46 165.47 697.58 234.32 0.0017481
0.0 316.94 21.26 338.56 0.0017362
0.0 0.0 32.805 18.469 0.0017358
0.0 253.82 10.32 284.46 0.0017345
529.53 173.23 540.13 199.92 0.001734
257.83 175.35 278.33 233.22 0.0017316
0.0 357.96 53.076 375.0 0.0017234
0.0 233.78 373.99 375.0 0.0017234
1235.7 236.06 1242.0 265.09 0.0017204
1197.2 354.35 1242.0 375.0 0.0017203
1232.1 214.41 1242.0 233.74 0.0017114
309.59 180.72 322.62 219.36 0.0017101
1174.3 43.581 1242.0 159.6 0.0017082
790.11 241.71 914.41 375.0 0.0017058
1195.6 201.88 1242.0 237.81 0.0017012
1238.8 97.553 1242.0 145.51 0.0016946
1230.0 245.48 1242.0 265.52 0.0016893
527.58 181.69 548.67 196.1 0.0016893
0.0 189.83 113.28 262.11 0.0016886
878.29 181.85 1218.7 342.61 0.0016781
442.67 239.4 572.36 375.0 0.0016673
510.23 177.99 520.14 206.21 0.0016672
525.48 178.09 551.88 191.72 0.0016662
1230.0 276.82 1242.0 298.15 0.0016633
0.0 236.89 112.38 365.94 0.0016628
239.36 175.11 387.12 240.97 0.0016602
673.83 180.99 722.2 220.19 0.0016559
280.43 178.84 302.02 238.91 0.0016538
113.65 0.0 413.11 121.2 0.0016536
674.33 184.46 685.63 221.65 0.0016516
246.35 183.4 262.45 227.64 0.0016513
234.34 157.12 259.95 237.4 0.0016512
773.14 6.9974 858.68 251.2 0.0016459
1181.7 235.75 1242.0 271.39 0.0016412
1236.6 213.18 1242.0 240.91 0.0016392
0.0 109.9 37.299 149.43 0.0016347
587.68 0.0 657.29 107.43 0.0016262
12.012 366.12 102.04 375.0 0.0016217
373.04 239.92 502.48 375.0 0.0016035
1118.0 121.33 1242.0 204.54 0.0015981
4.7722 204.24 19.096 253.76 0.001598
0.0 101.68 35.722 140.86 0.0015977
1171.9 205.13 1226.1 375.0 0.0015965
6.5161 283.63 33.979 375.0 0.0015816
1182.2 79.985 1242.0 295.58 0.0015765
0.0 312.88 21.811 335.18 0.0015721
0.0 93.883 36.469 132.84 0.0015705
1189.8 219.12 1241.6 269.72 0.0015682
1194.9 192.97 1242.0 229.84 0.0015547
285.16 190.98 330.52 211.65 0.0015522
1231.7 201.9 1242.0 221.56 0.0015502
1207.4 282.99 1236.5 375.0 0.0015452
0.0 138.83 11.157 227.64 0.0015442
0.0 79.75 57.769 190.38 0.0015428
675.59 184.88 710.13 203.62 0.0015409
406.56 242.2 536.67 375.0 0.0015397
29.535 329.66 258.41 375.0 0.0015355
1230.3 280.31 1242.0 301.8 0.001531
603.65 0.0 671.46 103.31 0.0015238
1229.7 272.99 1242.0 293.99 0.0015209
918.81 128.27 1055.8 375.0 0.0015189
631.93 254.69 756.57 375.0 0.0015177
1216.0 83.953 1239.7 178.31 0.0015169
1116.5 106.23 1242.0 189.65 0.0015127
517.1 176.68 527.23 205.44 0.0015107
1198.1 338.17 1242.0 373.5 0.0015063
510.68 169.9 521.28 196.62 0.0015042
571.38 0.0 641.98 105.56 0.0015014
248.14 171.24 273.83 269.03 0.0014986
317.82 185.2 349.61 200.8 0.0014917
0.0 149.36 19.554 170.42 0.0014911
675.25 181.66 708.14 198.02 0.0014903
711.82 196.6 725.85 235.11 0.0014811
1188.9 257.93 1242.0 292.4 0.0014777
9.317 171.25 35.846 255.43 0.0014765
870.22 151.58 1230.6 311.44 0.0014764
0.0 308.87 22.07 331.19 0.0014543
952.34 56.376 1086.6 375.0 0.0014464
683.54 193.87 721.78 216.34 0.0014458
0.0 145.89 55.926 320.88 0.0014429
0.0 318.09 9.1939 346.58 0.0014423
262.14 183.31 293.37 202.65 0.0014405
0.0 166.43 22.079 214.21 0.0014402
237.33 0.0 545.07 115.39 0.0014399
1238.6 131.22 1242.0 178.56 0.0014393
276.91 188.33 352.63 225.37 0.0014264
1199.6 328.13 1242.0 364.69 0.0014252
16.414 177.26 73.409 359.68 0.0014079
692.03 190.32 704.29 226.47 0.0014048
248.15 184.53 293.69 204.47 0.0014044
1170.1 210.62 1242.0 244.5 0.0014023
289.27 184.17 330.55 202.54 0.0013983
75.889 279.2 146.24 375.0 0.0013908
0.0 270.23 11.118 299.3 0.0013885
761.33 254.39 882.39 375.0 0.0013877
657.1 183.98 725.28 219.54 0.001381
0.0 164.09 5.7463 212.03 0.0013717
710.3 0.0 1013.0 125.12 0.0013693
86.901 146.42 220.93 375.0 0.0013663
288.8 187.53 330.79 206.52 0.0013625
249.61 188.72 283.76 213.84 0.0013555
1189.0 211.97 1240.3 259.62 0.001354
312.66 195.81 346.07 211.92 0.0013527
156.19 279.44 224.51 375.0 0.0013513
1077.5 0.0 1220.1 369.55 0.0013511
459.87 0.0 1193.7 319.2 0.0013467
249.68 182.21 262.12 219.44 0.0013443
1236.1 184.98 1242.0 212.14 0.0013427
171.87 281.81 239.79 375.0 0.001341
1231.8 186.37 1242.0 205.81 0.0013372
1134.1 136.89 1195.5 322.46 0.0013332
299.99 188.01 336.69 204.76 0.0013312
973.4 136.09 1115.0 375.0 0.0013305
802.5 93.846 844.75 113.81 0.0013301
261.17 180.45 281.93 238.66 0.0013292
1236.9 209.45 1242.0 236.22 0.0013198
1210.6 70.711 1242.0 108.8 0.0013183
297.98 182.63 326.52 203.03 0.0013143
0.0 145.55 19.776 166.46 0.00131
226.9 139.53 272.6 312.09 0.0013061
1238.6 306.4 1242.0 355.8 0.0013047
947.61 331.86 1161.8 375.0 0.0013024
1238.6 73.998 1242.0 119.92 0.0013012
260.99 197.54 309.6 230.39 0.0012998
719.57 170.82 732.72 219.51 0.0012953
1232.2 206.23 1242.0 225.3 0.0012891
688.39 161.05 710.65 223.01 0.0012817
0.0 276.46 22.453 298.5 0.0012812
0.0 223.45 9.0255 273.38 0.0012793
196.47 189.27 280.07 228.64 0.0012694
525.46 185.39 554.2 198.85 0.0012671
696.37 182.99 709.95 224.05 0.001267
728.75 251.89 849.6 375.0 0.0012617
305.9 178.15 320.16 222.19 0.001261
0.0 153.48 19.564 174.48 0.0012599
1075.5 202.81 1242.0 280.06 0.0012574
618.72 0.0 686.84 104.69 0.0012555
0.0 339.82 52.447 371.72 0.0012548
696.2 249.9 817.73 375.0 0.0012533
1235.8 189.35 1242.0 216.34 0.0012532
664.89 258.29 786.47 375.0 0.0012502
1201.3 318.4 1242.0 369.22 0.0012443
1232.1 284.57 1242.0 305.5 0.0012441
678.96 190.45 717.63 211.56 0.001231
173.29 0.0 469.4 124.03 0.001231
1230.4 288.62 1242.0 309.63 0.0012227
0.0 186.31 51.227 220.68 0.0012198
1229.8 292.75 1242.0 313.8 0.0012183
1236.5 193.75 1242.0 220.75 0.0012174
315.69 192.29 339.94 212.07 0.0012142
1078.7 159.53 1208.5 375.0 0.001211
1232.6 210.44 1242.0 229.21 0.0012108
194.84 174.63 282.94 211.89 0.0012084
41.514 350.29 68.814 375.0 0.0012062
245.95 187.84 291.95 208.33 0.0012002
0.0 173.92 19.572 194.43 0.0011991
260.21 173.76 272.76 215.59 0.0011988
1119.6 91.592 1242.0 174.51 0.0011961
679.58 178.89 701.14 196.26 0.0011934
0.0 341.29 20.29 362.18 0.0011934
288.76 185.12 310.02 237.76 0.0011909
1066.2 153.04 1242.0 232.96 0.0011895
140.84 278.06 207.91 375.0 0.0011884
242.97 195.71 273.53 216.58 0.0011869
685.46 173.4 695.65 202.28 0.001181
