294.73 171.53 323.23 194.17 0.99987
582.62 168.84 638.65 227.68 0.99958
300.24 171.17 327.49 193.85 0.99948
241.07 175.23 287.93 197.77 0.99933
174.05 171.04 242.63 202.66 0.99932
243.05 172.55 280.77 199.62 0.99887
176.18 172.53 235.43 203.9 0.99864
248.72 172.15 295.71 196.05 0.9975
301.01 170.13 333.69 191.77 0.99655
291.08 168.55 325.33 191.04 0.99645
309.51 172.29 334.02 192.89 0.99575
304.84 170.73 338.88 190.32 0.99196
186.92 171.27 241.18 206.32 0.99134
314.8 170.87 338.33 191.15 0.98986
304.99 173.29 330.31 193.42 0.98899
263.56 172.4 296.26 196.31 0.98372
249.18 175.69 283.36 200.23 0.98293
254.61 171.04 298.34 193.0 0.97996
237.6 171.13 283.67 194.44 0.97812
319.87 171.07 343.18 190.1 0.97592
177.59 170.17 235.25 196.2 0.97551
328.43 168.75 355.03 186.75 0.97246
310.34 174.59 342.01 192.07 0.97155
287.66 173.12 325.96 193.72 0.97118
233.12 176.26 280.79 196.78 0.96563
295.52 175.15 320.97 191.96 0.96326
174.43 163.16 244.13 198.43 0.96137
314.15 171.64 346.18 188.78 0.96109
324.01 169.6 348.98 188.42 0.96015
184.97 167.79 246.1 207.33 0.9532
173.59 172.51 227.7 198.32 0.95174
171.95 166.03 228.25 205.61 0.94965
322.77 167.54 356.84 184.64 0.94521
239.27 174.1 272.04 197.63 0.93857
237.22 170.78 294.68 198.38 0.93618
302.17 175.38 326.37 193.22 0.87837
269.94 173.54 298.89 195.01 0.86798
179.88 169.43 220.62 198.3 0.8576
328.77 171.75 353.65 189.18 0.85283
292.23 177.18 323.02 195.41 0.8423
333.59 168.09 356.95 184.64 0.82558
576.04 172.78 642.18 212.62 0.80782
193.58 170.12 238.91 201.31 0.80438
231.59 179.68 280.15 200.12 0.79476
575.63 178.02 633.05 226.75 0.79451
244.63 181.59 285.68 203.33 0.7899
319.22 174.8 350.38 190.54 0.77509
311.96 178.21 341.99 195.09 0.77232
325.12 173.99 356.38 189.51 0.76308
319.18 174.18 341.15 193.22 0.733
174.86 175.92 221.69 200.64 0.71932
258.19 173.7 293.21 198.83 0.71448
597.25 163.23 634.64 226.23 0.70906
169.25 176.27 246.74 209.88 0.69742
241.75 169.04 287.07 190.85 0.69407
592.14 166.15 628.45 228.13 0.69388
173.46 170.56 223.51 192.77 0.69347
582.43 172.81 633.11 212.79 0.68868
234.5 175.27 265.74 198.84 0.67342
585.52 177.46 637.89 219.07 0.67043
288.37 164.89 326.25 185.36 0.64934
228.93 166.37 283.69 203.25 0.63465
185.45 170.19 259.36 202.25 0.63325
298.69 179.12 330.29 196.12 0.62548
170.39 177.46 232.3 206.0 0.61748
310.87 176.88 334.5 194.97 0.60458
587.01 161.14 619.83 223.34 0.59772
194.15 172.9 245.8 196.84 0.5894
286.1 172.44 311.95 193.89 0.57606
179.25 168.82 231.5 190.67 0.56322
250.32 170.26 294.62 188.89 0.55229
240.97 166.75 297.69 204.26 0.53028
243.54 178.56 278.12 202.28 0.50854
308.88 168.53 322.65 195.71 0.49308
227.4 181.78 274.59 201.94 0.48683
221.31 172.33 294.36 203.07 0.48521
245.18 169.72 279.0 193.9 0.4798
266.13 171.25 305.63 191.85 0.47924
577.67 173.58 627.09 207.74 0.47574
305.45 170.4 320.16 196.89 0.47358
279.09 173.57 319.42 193.75 0.45136
301.34 167.39 317.57 196.0 0.44589
278.08 173.49 303.81 194.36 0.44098
576.04 167.51 628.35 217.93 0.43844
313.12 168.83 326.3 196.34 0.43316
586.93 162.42 606.65 216.86 0.43
201.09 174.03 245.2 201.86 0.42787
302.06 179.66 335.74 197.22 0.42353
249.48 169.88 286.4 194.83 0.4235
297.23 166.46 314.01 195.47 0.42318
264.84 177.18 303.32 196.05 0.4055
285.22 167.64 339.52 194.73 0.402
318.19 170.34 329.94 196.92 0.38037
258.58 169.8 276.18 204.87 0.3779
262.47 168.05 280.02 204.38 0.36511
253.61 166.93 273.39 202.45 0.36379
308.44 163.86 322.11 191.71 0.36287
304.85 163.94 319.45 190.43 0.36101
300.9 163.56 316.49 191.58 0.35452
317.02 167.09 329.01 193.17 0.35146
176.33 171.33 211.21 199.02 0.35012
270.21 168.41 288.2 200.76 0.34725
591.4 161.05 610.3 217.47 0.34693
332.21 171.27 356.39 187.17 0.34691
265.51 166.06 283.66 201.74 0.34475
251.2 169.97 269.18 203.9 0.34316
256.78 172.26 272.22 205.62 0.34153
320.93 168.39 332.0 193.76 0.33507
251.16 163.05 269.89 198.02 0.30626
201.4 171.44 273.02 201.31 0.30564
258.48 161.28 277.39 199.59 0.30228
247.23 167.31 264.02 202.88 0.29815
321.45 172.03 332.35 197.37 0.29433
275.29 168.72 291.81 200.19 0.29212
307.39 180.93 339.15 198.29 0.29072
324.06 165.72 359.82 181.91 0.28973
198.61 158.8 218.09 205.08 0.28602
195.16 160.65 214.88 205.56 0.28444
322.35 174.28 346.72 192.94 0.27181
262.27 161.71 280.4 198.44 0.26968
219.64 167.99 275.52 205.34 0.26841
323.79 168.27 335.48 194.24 0.26821
269.78 173.65 309.3 193.2 0.26817
293.1 164.11 308.58 194.93 0.26631
228.18 164.91 296.99 198.03 0.26562
186.53 159.96 206.63 202.81 0.26118
305.46 171.05 317.47 201.57 0.25565
191.16 159.88 211.08 205.03 0.25277
291.41 175.78 314.72 192.04 0.24974
301.76 170.36 314.04 201.64 0.24886
186.5 169.61 226.12 194.74 0.24877
207.12 159.42 224.58 205.18 0.24755
188.79 180.01 242.81 205.51 0.24658
243.93 164.34 259.22 201.03 0.24419
585.81 169.82 622.94 203.04 0.2425
257.67 175.17 273.86 213.29 0.24208
203.13 158.18 221.07 204.84 0.23226
183.05 161.92 201.5 203.2 0.21141
211.48 158.82 229.43 205.93 0.21132
284.48 161.92 332.51 200.54 0.20982
588.78 174.87 638.92 208.7 0.20976
595.14 160.76 613.92 216.96 0.20236
580.46 162.35 607.86 227.88 0.20003
261.49 177.84 298.46 198.75 0.19984
252.63 172.18 270.12 213.49 0.19841
261.06 175.72 277.07 214.48 0.19737
193.3 156.72 222.97 207.55 0.19673
171.73 178.84 211.74 201.12 0.19581
584.21 164.26 601.51 217.18 0.19018
191.6 168.44 239.82 189.57 0.18876
180.78 170.28 214.44 192.71 0.18745
308.93 172.38 320.44 202.94 0.18081
225.03 178.18 272.06 198.62 0.18066
200.15 155.74 229.13 209.86 0.17648
240.89 165.31 254.38 203.18 0.17637
255.95 178.78 286.32 201.7 0.17363
592.4 172.8 640.75 201.22 0.17332
587.06 172.18 645.49 221.07 0.17073
328.23 164.67 340.71 192.83 0.16634
280.38 167.44 293.98 199.54 0.16359
319.02 178.66 350.05 194.19 0.16352
187.15 162.47 264.21 196.37 0.15968
230.09 171.99 272.58 192.83 0.15899
208.85 167.53 264.48 206.37 0.1541
244.79 171.81 258.28 209.63 0.15257
582.97 169.81 616.92 208.21 0.15161
281.24 177.8 316.94 194.92 0.14943
236.2 171.63 264.51 195.35 0.14587
186.95 154.91 214.51 205.73 0.14421
159.94 163.44 215.22 205.05 0.14361
216.17 159.59 233.57 205.95 0.14282
333.35 163.91 346.24 191.95 0.14212
239.05 179.87 271.46 203.26 0.13939
0.0 334.94 15.965 375.0 0.13616
297.58 171.02 309.38 204.24 0.13337
338.48 165.1 350.27 192.07 0.13031
1198.1 293.8 1242.0 375.0 0.12965
278.36 164.25 328.11 196.82 0.1289
571.54 183.22 645.84 225.7 0.12721
1144.3 330.23 1242.0 375.0 0.12691
611.39 160.69 629.94 213.3 0.12587
312.95 171.51 325.01 205.69 0.12554
585.62 163.62 599.09 207.11 0.1247
599.61 159.47 615.84 211.24 0.12313
160.95 171.98 231.29 205.54 0.12175
293.91 166.1 305.97 197.33 0.11903
258.72 168.46 301.46 186.75 0.11899
287.23 179.77 320.59 196.33 0.11729
211.05 174.11 245.04 197.2 0.11681
288.78 161.37 302.22 195.59 0.11638
607.2 157.38 624.94 215.35 0.11592
583.32 171.28 628.09 194.06 0.11588
242.55 164.84 306.49 196.5 0.11447
597.81 170.52 636.95 205.81 0.1141
247.99 171.09 264.05 213.95 0.11103
318.12 172.8 329.69 206.5 0.10892
169.47 175.12 202.52 200.44 0.10846
277.63 167.94 320.14 188.9 0.10673
1178.8 322.0 1242.0 375.0 0.10644
198.71 171.2 244.98 191.92 0.10626
196.84 170.07 235.32 195.34 0.10554
1048.9 263.13 1242.0 375.0 0.10414
591.83 162.49 605.84 206.13 0.10386
225.5 186.33 270.62 206.44 0.10366
1224.9 342.09 1242.0 375.0 0.10349
241.04 173.02 253.88 211.2 0.10089
174.82 168.33 219.24 187.95 0.098914
585.19 170.21 614.33 200.41 0.096539
284.2 163.22 298.58 197.88 0.095095
1134.1 194.16 1242.0 375.0 0.094924
324.58 173.45 335.51 201.7 0.094838
283.55 167.56 312.44 189.98 0.094511
255.77 168.07 315.5 197.28 0.094065
589.76 168.7 632.02 206.09 0.093485
592.04 171.73 639.93 193.56 0.092564
206.5 153.36 234.51 211.8 0.092195
549.59 159.21 667.08 231.81 0.090081
589.78 162.56 602.52 203.56 0.087629
603.51 157.39 619.3 212.17 0.086399
196.66 162.23 252.62 204.99 0.085741
324.05 178.22 355.86 193.82 0.085642
232.9 181.52 263.89 204.64 0.084142
586.26 153.59 613.69 218.15 0.083376
341.48 165.03 352.41 192.72 0.082179
180.37 162.01 196.24 199.99 0.081823
229.96 177.76 260.45 199.79 0.080175
0.0 273.27 32.898 375.0 0.079075
213.55 162.42 288.91 196.84 0.078965
295.1 165.98 332.57 185.71 0.078896
219.53 162.86 236.63 205.32 0.078754
175.75 168.95 203.13 193.58 0.076605
257.06 160.19 272.51 199.39 0.076599
173.26 182.27 216.39 204.0 0.076269
0.0 336.68 81.278 375.0 0.075884
168.92 174.88 209.71 196.44 0.075802
271.98 178.16 308.68 195.49 0.074979
587.48 171.56 618.91 195.5 0.074326
0.0 340.77 23.896 375.0 0.07412
292.53 167.2 354.85 194.76 0.073962
0.0 260.79 194.12 375.0 0.073868
1204.5 361.91 1242.0 375.0 0.072604
0.0 355.2 14.176 375.0 0.072286
0.0 189.69 69.866 375.0 0.072157
156.33 159.94 227.07 196.54 0.071986
596.03 160.93 609.96 206.56 0.070168
333.02 168.43 345.41 196.95 0.069776
0.0 361.82 38.743 375.0 0.069387
613.81 159.39 633.33 219.79 0.069355
1225.7 293.29 1242.0 375.0 0.068911
179.24 152.31 205.86 207.29 0.067815
577.71 172.33 621.63 199.48 0.067561
826.54 0.0 1242.0 182.18 0.067487
248.14 159.11 263.68 196.94 0.066249
204.86 172.8 242.33 195.17 0.064758
1057.5 0.0 1242.0 375.0 0.064434
187.76 177.87 266.48 213.1 0.06413
1219.4 355.2 1242.0 375.0 0.063975
237.76 165.4 250.29 202.54 0.063303
178.76 168.87 208.71 191.17 0.062497
0.0 0.0 361.82 178.67 0.0616
1203.4 238.93 1242.0 375.0 0.060632
189.24 156.44 203.39 195.44 0.060539
1226.7 192.11 1242.0 278.99 0.060156
880.08 137.64 1242.0 375.0 0.060138
1135.1 0.0 1242.0 195.67 0.059961
288.49 161.72 356.6 191.85 0.059737
0.0 321.44 47.383 375.0 0.059341
321.86 174.49 333.27 206.43 0.059267
193.83 155.09 208.17 196.9 0.059235
1164.2 278.06 1242.0 358.89 0.058143
568.02 167.88 633.21 206.31 0.05789
0.0 0.0 180.21 88.065 0.057065
1033.6 0.0 1242.0 92.01 0.056768
596.33 158.0 619.12 219.12 0.055857
610.22 156.92 640.78 232.05 0.055405
0.0 0.0 149.5 361.14 0.054868
1180.5 268.2 1242.0 375.0 0.054735
147.99 158.37 281.44 221.11 0.054534
1227.7 211.79 1242.0 295.74 0.054185
337.76 168.18 348.94 196.26 0.054121
0.0 0.0 77.142 180.23 0.053245
197.63 154.84 212.44 197.4 0.053006
0.0 140.04 351.87 375.0 0.051215
297.76 159.35 312.05 191.56 0.051127
299.21 167.14 348.37 200.42 0.050715
202.3 161.54 277.15 195.61 0.049711
0.0 250.13 135.41 375.0 0.049299
579.02 174.31 638.79 228.46 0.04922
285.61 177.45 308.19 194.17 0.04842
1226.7 265.57 1242.0 355.21 0.047325
201.48 154.18 216.1 199.2 0.046489
1116.2 337.65 1242.0 375.0 0.04607
330.75 172.27 362.98 186.66 0.045819
208.34 178.13 254.55 197.86 0.045052
1165.9 293.5 1242.0 375.0 0.044941
261.18 179.12 292.05 201.36 0.044933
924.63 0.0 1242.0 241.05 0.044825
234.73 168.57 277.37 188.61 0.044077
577.25 178.49 630.39 221.72 0.043671
585.84 170.9 610.06 193.84 0.04308
1217.2 344.3 1242.0 375.0 0.042769
1202.9 146.76 1242.0 325.32 0.04225
1160.5 262.7 1242.0 345.36 0.042072
615.38 164.19 631.48 209.95 0.041847
288.27 167.99 299.93 201.4 0.041305
2.2895 344.97 30.02 375.0 0.041287
268.16 180.82 302.86 198.84 0.040616
296.92 182.93 323.09 200.45 0.040436
267.33 168.8 309.31 187.9 0.040285
277.45 168.51 305.57 189.54 0.04023
569.83 165.55 621.85 212.57 0.040099
1226.5 174.73 1242.0 264.66 0.03993
1228.5 233.92 1242.0 322.34 0.039927
0.0 0.0 81.554 42.676 0.039739
250.77 156.42 275.03 208.2 0.039382
217.2 175.86 262.14 195.44 0.039131
258.25 156.27 282.33 205.69 0.038624
0.0 322.56 13.769 375.0 0.038543
1227.8 250.39 1242.0 338.46 0.038529
205.38 154.15 219.13 197.55 0.038277
217.91 175.48 248.02 196.79 0.038114
691.22 169.44 714.3 186.42 0.037897
315.37 166.97 350.38 182.95 0.037799
0.0 0.0 34.694 104.32 0.037161
193.86 174.52 252.43 214.41 0.037062
1202.6 177.45 1242.0 356.87 0.036757
1071.3 0.0 1242.0 129.16 0.036375
595.61 172.21 638.18 215.14 0.036298
574.21 132.14 630.43 262.76 0.03608
226.68 176.36 254.72 196.84 0.035988
599.79 171.25 634.03 197.35 0.03592
1156.0 185.92 1242.0 267.01 0.035743
201.2 158.87 227.95 225.63 0.035468
253.86 184.13 293.34 203.53 0.035389
250.29 171.8 317.23 203.77 0.034825
268.3 160.3 282.79 196.75 0.034814
0.0 0.0 280.95 234.57 0.034809
1161.0 247.13 1242.0 329.63 0.034621
268.54 163.44 334.78 194.56 0.034339
584.09 184.68 636.97 225.39 0.034238
218.19 181.66 266.17 201.29 0.034152
184.7 156.97 198.21 194.65 0.034071
314.4 183.71 345.61 199.4 0.033866
0.0 0.0 137.54 118.77 0.033019
215.18 155.65 241.23 223.76 0.032898
210.05 154.93 223.61 196.47 0.032785
193.15 159.11 219.91 226.23 0.032704
241.11 168.52 269.58 191.24 0.032474
327.89 171.52 339.75 202.95 0.032466
1181.5 237.57 1242.0 347.39 0.032415
1226.7 159.89 1242.0 248.79 0.032389
1158.4 170.1 1242.0 250.73 0.0321
547.16 173.22 672.18 241.5 0.032097
1179.4 173.89 1242.0 284.26 0.031962
1157.2 200.86 1242.0 282.53 0.031861
305.62 169.67 330.3 188.98 0.03175
272.55 163.27 287.24 199.06 0.031685
292.66 169.14 303.55 205.89 0.031582
285.3 169.93 296.69 202.48 0.031391
0.0 115.03 256.64 375.0 0.030725
203.35 180.36 249.56 201.41 0.030239
273.42 171.83 340.12 203.68 0.030026
581.36 173.32 610.25 204.05 0.029837
1159.6 216.86 1242.0 298.5 0.029319
247.11 184.29 278.83 203.95 0.029192
609.31 159.93 622.95 207.34 0.029158
242.92 153.1 266.47 208.48 0.029061
288.66 167.01 318.24 187.99 0.029022
221.3 178.54 297.43 213.46 0.028536
579.62 169.31 618.69 188.68 0.028406
1158.6 232.3 1242.0 313.17 0.028373
1206.0 213.22 1242.0 252.66 0.0283
245.62 188.51 281.39 206.75 0.028211
1204.2 221.2 1242.0 260.4 0.028164
0.0 269.31 12.373 368.9 0.028121
277.15 161.59 291.19 198.73 0.027699
1215.3 212.82 1242.0 268.24 0.027638
310.89 167.81 344.29 184.31 0.027493
605.07 159.2 617.57 206.0 0.027387
330.24 162.72 354.69 180.35 0.027138
613.29 161.71 628.22 207.32 0.026999
1210.3 340.31 1239.9 375.0 0.02693
224.27 164.29 239.15 204.72 0.026912
689.09 171.41 722.01 186.78 0.026727
1177.0 204.38 1242.0 314.97 0.026195
0.0 359.18 20.946 375.0 0.025972
321.68 161.38 360.54 178.53 0.025897
1140.7 70.238 1242.0 375.0 0.025765
232.05 171.85 257.34 193.44 0.025712
1036.2 131.43 1242.0 315.13 0.025693
309.7 169.02 333.84 188.11 0.025495
184.53 155.35 212.15 227.36 0.025367
1041.3 163.38 1242.0 349.33 0.025316
244.13 159.89 256.92 195.97 0.025195
696.62 169.95 717.97 187.82 0.025041
1216.7 230.62 1242.0 282.94 0.025035
0.0 0.0 66.63 56.285 0.024897
208.61 162.8 232.14 213.81 0.024793
204.54 161.06 228.37 213.54 0.024732
0.0 196.19 23.705 375.0 0.024617
1206.7 317.33 1242.0 356.12 0.02453
1219.2 305.15 1242.0 363.36 0.024432
591.64 155.49 622.18 245.29 0.024388
1204.9 229.45 1242.0 268.44 0.024378
280.72 181.46 314.68 197.47 0.024217
0.0 131.11 180.79 305.34 0.024116
1190.7 366.17 1242.0 375.0 0.023822
269.14 163.92 320.89 198.55 0.023543
0.0 101.09 184.3 275.25 0.023506
0.0 367.66 54.729 375.0 0.023383
0.0 293.16 13.013 375.0 0.023275
0.0 240.77 61.889 317.71 0.023253
170.25 176.91 195.18 198.43 0.023234
1056.6 193.48 1242.0 375.0 0.023038
605.47 153.76 627.05 222.13 0.022999
214.24 156.07 228.11 197.79 0.022976
1156.4 154.54 1242.0 234.54 0.022937
0.0 256.8 62.975 335.12 0.022924
1207.4 309.55 1242.0 347.97 0.022871
1205.6 205.81 1242.0 245.53 0.022834
209.06 156.35 234.88 230.66 0.022803
266.68 171.79 282.97 213.53 0.022729
0.0 228.61 10.57 330.32 0.022451
191.66 183.89 239.9 208.11 0.022129
1208.2 239.34 1242.0 277.0 0.02196
294.08 186.13 327.07 202.01 0.021624
1197.8 0.0 1242.0 96.098 0.021482
1207.6 324.73 1242.0 362.93 0.021423
601.09 153.81 621.76 219.56 0.021295
216.18 141.83 244.54 210.68 0.021272
582.38 169.76 593.62 207.95 0.02125
1216.4 195.95 1242.0 253.03 0.021159
233.48 167.5 245.74 203.76 0.021071
0.0 297.85 47.53 375.0 0.02085
160.67 0.0 914.37 170.63 0.020827
303.55 166.9 368.9 194.98 0.020812
176.73 162.13 190.65 197.96 0.020708
301.02 182.58 327.65 201.56 0.020664
135.23 144.6 283.94 213.1 0.020569
304.99 159.67 355.7 196.8 0.020532
1131.9 0.0 1242.0 39.723 0.020362
287.97 168.03 338.66 204.97 0.020147
1207.9 301.47 1242.0 339.78 0.019947
0.0 270.74 63.812 349.4 0.019945
0.0 64.617 194.65 248.52 0.019779
0.0 214.82 11.445 315.08 0.019678
0.0 31.028 68.664 375.0 0.019616
0.0 166.38 21.442 345.1 0.019436
0.0 252.91 11.57 352.14 0.019221
236.57 149.05 259.82 212.07 0.019011
0.0 224.21 59.925 300.52 0.018922
598.89 154.89 630.04 241.41 0.018922
1205.6 246.41 1242.0 285.66 0.018845
584.23 120.32 641.03 265.06 0.018457
1217.6 290.3 1242.0 347.92 0.018287
1208.2 332.55 1242.0 370.91 0.018269
1205.0 198.19 1242.0 237.32 0.018252
384.17 0.0 746.82 86.167 0.018217
1179.2 143.26 1242.0 253.56 0.018015
264.91 150.32 288.71 218.94 0.017753
173.68 155.44 248.95 188.71 0.017743
190.67 163.52 234.69 181.98 0.017661
0.0 165.7 181.51 340.75 0.017551
1227.0 137.67 1242.0 224.02 0.017456
1208.3 293.86 1242.0 332.1 0.017178
184.79 164.64 227.75 183.1 0.017131
1219.1 318.25 1242.0 375.0 0.017116
228.75 165.32 242.17 204.36 0.017067
1209.4 286.41 1242.0 324.57 0.016839
0.0 221.9 47.009 329.67 0.016721
587.91 170.66 616.11 190.48 0.016663
1218.6 274.77 1242.0 332.31 0.016581
313.25 161.72 324.68 194.99 0.016461
575.41 160.86 647.61 200.92 0.016401
0.0 11.657 353.22 357.01 0.01632
168.9 172.0 207.79 191.15 0.016298
584.74 170.78 607.36 189.52 0.016262
1206.4 190.44 1242.0 229.06 0.016211
362.62 0.0 657.61 375.0 0.016102
259.44 164.38 311.31 202.38 0.016089
170.18 170.66 195.85 192.93 0.015971
201.0 158.88 223.72 214.63 0.015843
210.28 181.82 257.46 201.25 0.015821
237.82 171.72 251.4 216.7 0.015437
298.88 155.91 320.04 210.11 0.015436
274.55 182.05 308.96 198.26 0.01542
301.53 160.14 372.82 189.91 0.015239
0.0 207.52 58.402 285.8 0.015198
0.0 191.18 61.821 269.32 0.015171
0.0 133.09 22.289 318.17 0.015151
305.52 183.62 331.96 202.72 0.015061
1216.2 288.88 1242.0 375.0 0.014952
0.0 155.08 74.54 235.9 0.014842
1209.5 350.4 1242.0 375.0 0.014827
617.47 161.28 635.85 217.49 0.01482
468.78 0.0 614.28 196.31 0.014678
0.0 286.31 61.243 363.97 0.014664
0.0 212.93 91.472 375.0 0.014598
0.0 254.53 49.129 363.41 0.014539
203.75 174.87 263.6 216.05 0.014529
1217.4 244.36 1242.0 301.4 0.014493
0.0 196.79 10.421 296.79 0.014404
1209.8 254.09 1242.0 293.48 0.014358
496.16 0.0 643.79 191.06 0.014332
0.0 174.45 68.792 253.23 0.01433
685.63 167.74 719.2 184.64 0.014308
9.5346 344.98 36.877 375.0 0.014081
1208.5 278.33 1242.0 316.58 0.014005
0.0 370.02 64.928 375.0 0.013819
1218.0 259.14 1242.0 315.93 0.013752
540.31 145.02 654.24 237.58 0.013737
1209.2 270.29 1242.0 308.78 0.013715
1208.0 183.16 1242.0 221.19 0.013638
332.73 171.22 344.52 203.72 0.01359
1215.3 179.83 1242.0 236.07 0.013485
416.61 0.0 713.77 375.0 0.013477
1217.0 190.12 1242.0 281.08 0.013466
239.83 175.6 295.31 213.29 0.013403
284.35 0.0 602.47 375.0 0.013364
287.9 161.15 326.45 179.25 0.013248
435.55 0.0 579.58 193.19 0.013208
0.0 319.11 66.867 375.0 0.013196
176.78 155.91 204.13 234.63 0.013122
1202.9 97.838 1242.0 279.68 0.013117
1203.1 346.18 1232.6 375.0 0.013115
240.6 159.32 253.35 197.44 0.013112
0.0 97.836 28.356 292.74 0.013109
683.52 170.03 708.42 186.59 0.013092
259.83 0.0 1050.1 182.02 0.013076
680.09 171.61 713.89 186.57 0.01307
564.8 118.66 620.97 268.64 0.012986
226.41 149.3 250.55 213.34 0.012836
280.52 170.35 291.74 204.15 0.012724
0.0 294.97 32.22 334.27 0.012714
1155.2 138.14 1242.0 218.39 0.012642
619.42 164.69 634.17 207.53 0.012613
0.0 194.45 186.13 371.37 0.012559
691.07 172.48 715.79 189.78 0.012538
1212.0 262.9 1242.0 300.97 0.012449
223.81 153.35 248.76 221.88 0.012396
234.16 156.46 257.95 225.07 0.012388
865.79 21.425 1242.0 375.0 0.012291
300.76 0.0 671.47 86.7 0.012267
440.42 0.0 813.94 91.563 0.012119
0.0 122.52 133.93 341.64 0.012109
0.0 138.87 78.648 220.7 0.012055
0.0 286.93 33.455 326.58 0.012034
481.54 0.0 783.04 375.0 0.012
298.41 146.06 321.72 202.77 0.011982
588.18 168.93 626.47 188.44 0.011829
608.53 160.62 634.16 225.51 0.011719
1237.3 207.77 1242.0 255.37 0.011673
133.1 146.8 256.12 227.92 0.01167
242.59 164.56 284.13 183.37 0.011657
306.44 154.98 327.13 209.15 0.011637
334.59 156.84 344.98 187.51 0.011533
0.0 303.97 34.085 341.59 0.011526
0.0 0.0 13.195 46.913 0.011497
0.0 0.0 188.65 126.79 0.011491
0.0 344.41 12.078 375.0 0.011475
144.21 166.46 216.61 202.32 0.011468
0.0 279.21 33.571 319.78 0.011453
0.0 0.0 106.42 208.7 0.011409
1210.2 175.38 1242.0 213.1 0.011361
1089.1 145.75 1242.0 375.0 0.01134
528.9 166.28 659.9 238.62 0.011327
292.69 158.24 305.84 190.91 0.011255
1188.7 360.26 1241.3 375.0 0.011252
584.03 159.36 612.49 253.07 0.011245
140.75 159.17 214.33 196.76 0.011238
302.13 186.45 336.78 203.0 0.011168
165.28 175.27 202.17 193.91 0.011161
170.19 135.53 196.33 206.81 0.011139
0.0 354.57 33.925 375.0 0.011104
1217.4 208.18 1242.0 298.2 0.011104
821.69 0.0 1242.0 260.3 0.01109
1151.4 293.67 1219.9 375.0 0.01109
678.16 168.44 713.88 184.57 0.011052
528.45 0.0 679.57 197.83 0.011008
214.28 166.16 233.69 213.16 0.011004
0.0 123.64 78.106 205.33 0.010976
686.94 174.7 721.86 190.27 0.01097
1073.8 214.67 1217.6 375.0 0.010919
0.0 0.0 37.512 19.823 0.010919
224.23 183.78 257.89 205.25 0.0109
604.69 173.89 645.07 197.24 0.010821
0.0 288.35 17.922 339.74 0.010809
1158.4 0.0 1242.0 51.151 0.010788
588.45 142.59 640.72 282.79 0.01072
584.06 168.52 650.83 208.04 0.010712
217.5 157.9 231.13 199.06 0.010524
175.83 167.3 191.82 203.83 0.010352
0.0 296.72 16.502 347.68 0.010349
1040.1 0.0 1188.3 214.02 0.010344
14.113 0.0 785.27 183.55 0.010294
0.0 190.28 47.518 297.08 0.010293
601.72 159.1 613.05 201.22 0.010202
1216.6 260.7 1242.0 356.6 0.01019
1218.9 163.52 1242.0 220.36 0.010172
174.12 166.39 199.31 188.71 0.010148
338.16 158.27 348.32 187.85 0.010072
304.45 175.14 316.47 210.77 0.010046
0.0 175.57 50.786 280.03 0.010032
173.03 164.24 186.41 198.47 0.010025
263.56 186.25 299.33 203.67 0.010015
1237.7 216.15 1242.0 262.59 0.010007
291.5 182.71 317.5 199.45 0.0099276
581.91 166.56 595.31 216.62 0.0098951
401.54 0.0 551.49 199.38 0.0097799
180.28 157.75 192.87 193.44 0.0097366
274.35 168.06 327.46 205.49 0.0097328
582.26 165.9 592.58 200.39 0.0097308
687.4 172.33 711.66 188.66 0.0097249
332.06 175.18 357.13 192.01 0.0097014
330.1 166.13 364.93 181.38 0.0096916
695.78 173.76 720.57 191.43 0.0096819
0.0 181.92 9.6811 276.9 0.0095581
0.0 312.15 33.318 349.48 0.009545
214.92 176.07 275.5 214.8 0.0094747
313.38 182.87 338.83 203.48 0.0094081
250.76 165.12 294.22 183.25 0.0093945
694.07 169.36 725.8 185.31 0.0093565
1070.3 0.0 1223.7 213.71 0.0092415
183.96 158.39 326.34 223.71 0.0091989
0.0 60.311 31.212 267.37 0.0091829
0.0 239.26 33.1 277.75 0.0091543
225.61 0.0 613.14 92.931 0.0091099
916.9 0.0 1242.0 91.475 0.0091
1036.7 68.124 1242.0 257.22 0.0090735
575.51 171.58 614.04 191.0 0.00906
0.0 312.21 13.783 363.96 0.0090402
0.0 247.6 30.47 285.11 0.0090012
0.0 271.74 32.532 311.47 0.0089835
0.0 320.37 33.152 356.88 0.0089493
237.55 0.0 829.93 205.13 0.0089461
0.0 305.34 15.463 355.68 0.0089429
603.72 176.51 646.83 202.89 0.0088989
178.1 164.81 219.31 181.84 0.0088898
217.61 178.89 250.73 200.92 0.0088307
0.0 256.36 29.667 292.9 0.0087875
304.22 144.31 327.58 201.6 0.0087035
223.15 0.0 537.32 375.0 0.0086945
0.0 165.91 32.647 205.08 0.0086187
1220.9 0.0 1242.0 42.705 0.0086132
0.0 157.36 35.521 196.89 0.0085983
577.0 160.99 631.4 209.09 0.0085932
603.43 0.0 917.11 375.0 0.0085909
0.0 159.73 54.055 264.45 0.0085737
366.95 0.0 522.05 207.43 0.0085309
972.06 272.17 1242.0 375.0 0.0085186
212.76 173.11 252.88 191.48 0.008493
0.0 264.89 31.686 302.84 0.0084165
0.0 59.614 140.62 281.93 0.0084033
1131.7 282.29 1242.0 362.39 0.00838
1216.2 221.62 1241.6 312.21 0.0082645
594.7 148.26 624.38 223.32 0.0082363
562.17 0.0 714.75 209.93 0.0082334
236.77 179.36 310.55 214.88 0.0081723
1007.3 0.0 1159.3 214.33 0.008136
0.0 328.92 33.566 365.72 0.0080653
147.1 178.09 233.27 215.06 0.0080457
717.52 0.0 874.46 225.69 0.0079843
0.0 107.08 79.303 188.81 0.0079348
1184.7 217.7 1242.0 375.0 0.0078907
572.89 161.15 598.59 244.47 0.0078586
266.12 171.36 319.8 207.74 0.0078409
537.11 0.0 851.31 375.0 0.0078386
1043.5 223.12 1181.6 375.0 0.0078237
1078.2 89.932 1242.0 320.64 0.0077911
0.0 230.37 32.242 269.62 0.0077848
104.45 155.87 262.5 226.6 0.0077564
0.0 279.77 271.11 375.0 0.0077558
0.0 3.0391 189.05 185.99 0.0077068
402.8 0.0 701.21 104.97 0.0077
174.61 148.23 302.07 229.43 0.0076489
686.78 0.0 845.72 232.89 0.0075965
787.93 227.83 924.28 375.0 0.0075949
1211.6 167.42 1242.0 204.99 0.0075457
0.0 239.98 16.142 291.05 0.0074592
575.41 154.98 599.64 230.24 0.0074084
0.0 337.78 134.94 375.0 0.0073931
0.0 0.0 262.3 375.0 0.0073673
1217.4 170.49 1242.0 265.04 0.0073236
0.0 248.39 14.183 299.37 0.0073203
0.0 143.99 11.459 232.28 0.0072667
717.25 273.53 1060.0 375.0 0.0072612
1218.4 245.51 1242.0 340.28 0.0072591
249.98 158.77 274.28 234.14 0.0072063
0.0 174.21 32.537 212.79 0.0071927
333.31 0.0 487.21 212.59 0.0071872
0.0 214.08 31.512 253.81 0.0071849
257.38 161.27 280.55 233.43 0.0071828
618.19 0.0 1242.0 197.26 0.0071279
1227.4 121.62 1242.0 208.04 0.0071037
285.86 172.68 356.89 204.78 0.0069982
0.0 232.35 18.405 283.76 0.0069813
170.93 149.43 196.18 221.02 0.0069682
0.0 272.74 18.223 326.25 0.0069068
821.62 234.71 955.25 375.0 0.0068744
0.0 337.37 34.709 373.52 0.0068429
1152.7 122.22 1242.0 202.87 0.0068223
971.88 0.0 1129.1 219.84 0.0068221
170.58 0.0 470.52 375.0 0.0068119
314.93 151.39 337.07 212.68 0.0067722
22.301 232.47 151.08 375.0 0.0067705
176.65 119.23 226.54 258.39 0.0067105
750.19 0.0 904.28 227.17 0.0066987
0.0 222.0 31.935 261.88 0.0066723
670.62 0.0 966.85 375.0 0.0066553
0.0 368.65 73.809 375.0 0.0065565
1197.9 0.0 1242.0 17.693 0.0064719
1127.0 316.96 1242.0 375.0 0.0064621
292.28 150.98 311.94 208.35 0.0064528
0.0 256.93 14.337 308.54 0.006295
0.0 0.0 29.028 24.929 0.0062925
1212.1 158.69 1242.0 196.44 0.0062872
0.0 90.374 76.722 172.77 0.006251
595.29 0.0 747.15 223.95 0.0061973
1146.2 269.48 1242.0 375.0 0.0061919
0.0 150.6 34.859 189.64 0.0061667
1178.9 361.7 1233.3 375.0 0.0061545
0.0 0.0 545.05 183.49 0.0060907
0.0 206.4 30.866 245.53 0.0060482
266.66 147.8 291.3 205.45 0.00604
88.087 140.17 266.68 214.79 0.0060141
1183.9 138.75 1242.0 335.39 0.0060005
0.0 0.0 66.238 278.39 0.0059971
758.84 228.49 893.89 375.0 0.0059522
160.93 135.76 187.63 211.15 0.0059497
1219.1 148.17 1242.0 202.94 0.0058919
657.4 0.0 809.23 232.96 0.0058624
192.06 120.05 240.72 258.23 0.0058472
301.16 0.0 456.38 218.91 0.0058466
46.0 283.17 366.08 375.0 0.0057997
602.15 146.76 632.29 223.58 0.0057954
0.0 125.48 55.575 237.35 0.0057858
55.143 238.68 182.05 375.0 0.0057696
241.0 159.61 265.05 235.44 0.0057672
0.0 265.73 16.322 318.43 0.00574
148.21 151.49 203.63 197.7 0.0057291
938.97 0.0 1096.4 224.73 0.0057279
290.82 140.67 313.15 200.43 0.0057215
597.26 0.0 998.43 100.24 0.0057102
1212.2 149.63 1242.0 187.4 0.0056679
335.85 0.0 938.3 231.66 0.0056412
629.02 0.0 774.14 226.48 0.0055331
113.36 0.0 260.14 216.42 0.0054453
558.26 159.04 634.42 197.15 0.0054414
161.32 116.07 212.01 264.77 0.0054144
105.3 0.0 394.06 375.0 0.0053968
745.79 57.168 1007.0 375.0 0.0053787
1160.3 365.06 1242.0 375.0 0.0053088
486.82 0.0 688.68 44.083 0.0052858
0.0 180.82 32.469 220.42 0.0052425
334.55 0.0 639.77 111.05 0.0052379
145.11 0.0 292.86 214.06 0.0052356
272.29 153.49 294.62 221.12 0.0052283
88.774 246.17 217.47 375.0 0.0052097
1013.7 229.58 1146.6 375.0 0.0051872
150.76 141.48 325.46 210.73 0.0051677
1194.1 346.93 1223.7 375.0 0.0051488
781.84 0.0 936.89 229.75 0.0050982
180.23 0.0 326.26 216.18 0.0050756
463.37 0.0 757.28 111.62 0.0050584
1217.1 140.54 1242.0 193.28 0.0050404
0.0 0.0 390.36 93.244 0.0050375
78.232 0.0 229.43 213.73 0.0049591
0.0 0.0 261.39 89.575 0.0049157
0.0 159.52 9.8508 251.37 0.004899
782.72 277.36 1122.1 375.0 0.0048879
1132.2 254.36 1242.0 333.41 0.0048526
791.52 0.0 1099.0 375.0 0.0048499
0.0 163.78 20.193 211.35 0.0048452
822.29 0.0 1223.7 95.72 0.0048238
854.42 238.03 986.31 375.0 0.0048052
579.57 143.37 605.39 218.71 0.0047844
158.88 154.58 234.34 189.53 0.0047703
907.61 0.0 1062.2 223.5 0.0047268
297.89 171.79 350.64 209.67 0.004697
1022.9 33.157 1242.0 226.54 0.0046819
559.03 158.66 707.17 228.96 0.0046624
0.0 198.13 31.557 237.47 0.0046178
313.59 141.41 337.78 204.0 0.004615
0.0 155.31 21.432 204.69 0.0046016
209.21 158.21 356.57 224.8 0.0045589
580.44 165.68 1242.0 375.0 0.0045532
120.63 249.76 247.7 375.0 0.0044972
1209.3 288.58 1239.0 375.0 0.0044677
45.406 0.0 199.57 218.53 0.0044623
113.55 286.0 426.36 375.0 0.0044613
1195.6 217.43 1242.0 253.61 0.0044523
940.27 36.548 1213.2 375.0 0.0044498
207.8 116.82 257.14 265.18 0.0044363
875.0 0.0 1034.2 228.53 0.0043996
289.37 154.23 367.64 187.82 0.0043963
553.1 0.0 627.93 108.17 0.0043803
1066.2 334.56 1242.0 375.0 0.004377
78.465 0.0 448.36 90.557 0.0043672
981.76 233.79 1113.7 375.0 0.0043508
126.29 158.08 205.46 195.7 0.0043499
0.0 216.0 19.618 267.68 0.004309
210.2 0.0 360.19 220.89 0.0042863
559.52 179.92 639.17 219.15 0.0042853
269.32 0.0 425.6 222.75 0.0042821
536.09 0.0 611.17 105.46 0.0042816
290.02 150.89 312.59 226.01 0.0042778
879.85 280.33 1217.3 375.0 0.0042651
514.69 0.0 891.48 95.614 0.0042192
0.0 189.42 31.342 229.51 0.0042094
1210.6 198.02 1236.5 297.54 0.0041787
81.459 0.0 694.62 220.48 0.0041578
1217.8 154.62 1242.0 248.74 0.0041498
1201.5 207.18 1242.0 258.22 0.0041241
534.09 187.29 681.56 256.02 0.0041006
0.0 73.999 73.071 156.69 0.004089
167.26 151.21 194.64 239.29 0.0040534
1176.1 0.0 1242.0 113.76 0.0040366
1194.1 242.94 1242.0 277.9 0.0040358
1126.8 173.96 1242.0 253.89 0.0040263
812.27 0.0 968.64 227.69 0.0039878
1135.1 291.38 1203.2 375.0 0.0039791
320.2 150.54 342.62 215.5 0.0039742
155.39 172.29 217.09 216.58 0.0039477
1195.1 234.15 1242.0 269.68 0.0039235
887.25 239.56 1017.8 375.0 0.0039027
606.4 152.64 635.37 242.92 0.003891
277.3 155.31 350.26 190.56 0.0038794
648.93 272.97 988.42 375.0 0.0038537
451.76 0.0 661.7 40.123 0.0038453
151.54 252.62 278.52 375.0 0.0038266
974.48 0.0 1242.0 112.04 0.0037976
950.35 235.32 1080.4 375.0 0.0037905
726.55 236.75 860.27 375.0 0.0037903
1174.4 109.09 1242.0 221.34 0.0037404
272.29 147.26 294.53 203.56 0.0037081
0.0 0.0 48.666 101.26 0.0037031
526.85 137.46 694.5 218.48 0.0037023
262.87 0.0 577.09 113.99 0.0036789
13.436 287.77 81.329 375.0 0.0036732
0.0 171.13 20.81 220.13 0.0036591
237.63 0.0 394.9 224.99 0.0036421
556.29 172.49 635.04 211.63 0.0036105
1211.0 141.85 1242.0 179.26 0.0036042
919.3 236.36 1049.4 375.0 0.0035629
1147.7 240.8 1242.0 349.96 0.0035513
314.46 156.63 336.23 229.69 0.0035047
1104.3 188.44 1242.0 267.21 0.0035034
1110.5 37.513 1242.0 375.0 0.0035003
183.02 256.5 308.95 375.0 0.0034849
844.32 0.0 999.23 229.38 0.0034562
1149.0 175.61 1242.0 285.84 0.003449
573.96 149.88 596.91 221.25 0.0034078
0.0 94.33 57.03 206.57 0.0034061
0.0 283.3 20.499 375.0 0.0034024
0.0 201.52 19.681 252.76 0.00339
686.84 0.0 1087.8 94.496 0.0033563
146.17 0.0 527.25 92.828 0.0033388
1210.8 214.39 1235.3 311.2 0.0032892
0.0 12.067 29.95 222.87 0.0032501
573.15 91.196 637.62 265.31 0.0032369
195.01 141.67 222.08 213.85 0.0032238
152.4 137.3 179.57 214.66 0.0032164
145.73 90.605 203.2 264.18 0.0032038
1194.2 320.89 1242.0 357.64 0.0032009
520.8 0.0 593.65 107.09 0.0031902
0.0 143.01 35.854 181.82 0.0031901
281.66 154.44 303.75 226.58 0.0031805
567.65 0.0 641.75 111.13 0.0031576
182.26 287.12 502.73 375.0 0.0031059
1141.6 0.0 1242.0 304.03 0.0030955
1205.2 0.0 1242.0 24.333 0.0030755
1204.0 308.84 1242.0 361.68 0.0030537
1109.0 204.33 1242.0 281.66 0.0030527
1210.3 178.96 1236.6 279.75 0.0030313
221.99 111.85 273.16 269.18 0.0030214
1193.7 250.1 1242.0 287.21 0.003014
1027.4 0.0 1242.0 157.13 0.0030136
313.05 164.71 364.63 200.28 0.0029828
875.84 55.465 1138.5 375.0 0.0029627
216.49 258.86 343.16 375.0 0.0029374
565.31 171.85 617.69 221.26 0.0029166
597.16 277.36 917.7 375.0 0.0028894
281.44 147.96 303.74 206.95 0.0028875
29.485 293.42 299.96 375.0 0.0028548
16.071 346.25 44.307 375.0 0.0028476
564.87 155.83 618.85 204.16 0.0028409
1195.4 313.28 1242.0 349.31 0.0028308
697.66 248.16 828.97 375.0 0.0028293
1185.7 346.23 1215.5 375.0 0.0028213
0.0 58.553 72.956 140.41 0.0027709
472.93 0.0 1062.5 241.96 0.0027382
1166.0 138.44 1230.6 330.51 0.0027199
1210.3 134.36 1242.0 172.15 0.0027118
0.0 0.0 140.41 40.971 0.0026613
603.71 113.94 657.52 277.48 0.0026103
577.29 145.99 626.48 309.86 0.0026049
1159.6 0.0 1234.3 119.07 0.0026047
1204.8 55.459 1242.0 250.92 0.0026019
110.49 144.64 241.47 233.91 0.0026012
1210.2 262.36 1237.4 363.84 0.0025907
0.0 226.99 18.526 325.84 0.0025552
0.0 0.0 144.05 220.41 0.0025478
441.02 285.05 771.6 375.0 0.0025341
608.52 142.09 637.51 221.7 0.0025154
1154.5 104.65 1242.0 186.93 0.0025122
0.07912 330.27 27.52 375.0 0.0025118
296.68 174.18 368.0 207.08 0.0024747
248.15 260.18 376.96 375.0 0.0024727
664.21 244.28 794.92 375.0 0.0024638
1142.3 0.0 1219.3 117.56 0.0024571
1169.0 235.08 1226.6 375.0 0.0024414
1084.3 0.0 1242.0 45.392 0.0024255
1081.3 170.55 1242.0 250.62 0.0024224
1148.2 136.76 1217.0 327.93 0.0023983
1169.9 363.5 1227.2 375.0 0.0023955
759.91 334.65 975.36 375.0 0.0023696
270.12 181.89 347.88 218.11 0.002367
0.0 244.85 85.491 315.43 0.0023668
241.49 113.54 291.08 269.94 0.002364
133.62 172.1 275.08 239.2 0.0023582
272.39 113.91 322.44 274.66 0.0023498
0.0 311.12 19.016 375.0 0.0023417
578.55 161.51 604.64 260.83 0.0023383
249.98 286.81 567.73 375.0 0.0023374
1149.3 208.29 1242.0 316.7 0.0023285
0.0 261.4 89.197 333.85 0.0023271
523.35 0.0 825.15 115.96 0.0023271
1112.0 270.94 1242.0 349.04 0.0022836
192.47 154.71 269.87 189.51 0.0022764
1125.0 158.96 1242.0 238.94 0.0022708
503.17 284.07 831.58 375.0 0.0022529
171.6 185.91 249.39 221.39 0.0022352
502.34 256.48 631.27 375.0 0.0022125
255.71 113.81 305.28 272.85 0.0022017
188.28 137.25 213.98 211.34 0.0021954
203.96 149.08 330.53 231.98 0.0021943
506.13 0.0 577.63 103.73 0.0021889
534.58 257.67 663.51 375.0 0.0021872
1083.5 41.323 1217.8 375.0 0.0021757
995.24 104.58 1242.0 280.91 0.0021727
186.24 141.88 356.68 211.73 0.0021652
0.0 121.59 11.235 213.12 0.0021553
501.31 156.0 666.57 228.78 0.0021512
278.91 258.56 405.4 375.0 0.0021443
0.0 265.67 19.184 363.39 0.0021343
647.47 0.0 944.59 127.9 0.0021261
1114.1 221.31 1242.0 298.7 0.0021099
1197.5 305.43 1242.0 340.28 0.002103
0.0 188.79 36.961 361.36 0.0020998
0.0 166.8 499.13 375.0 0.0020956
0.0 187.63 20.141 236.8 0.0020956
136.14 152.54 194.95 200.04 0.0020937
374.31 286.07 698.57 375.0 0.0020689
312.46 285.76 636.05 375.0 0.0020668
470.91 260.17 598.45 375.0 0.002065
828.5 288.44 895.47 375.0 0.0020462
0.0 42.052 70.324 123.14 0.0020383
236.48 159.76 392.13 228.37 0.0020328
0.0 0.0 432.01 240.74 0.0020267
1198.6 290.06 1242.0 325.0 0.0020212
909.07 0.0 1198.2 120.74 0.0020155
1210.4 125.89 1242.0 163.96 0.0019967
631.32 245.19 759.97 375.0 0.0019963
569.09 153.34 695.21 243.61 0.001995
1119.0 293.52 1185.9 375.0 0.0019857
1227.3 97.578 1242.0 187.77 0.0019855
345.89 259.25 469.79 375.0 0.0019781
1182.2 227.21 1242.0 262.12 0.0019749
327.54 144.23 351.39 209.05 0.0019668
1208.5 324.88 1237.7 375.0 0.0019632
1203.6 279.07 1242.0 330.55 0.0019443
313.56 263.28 437.0 375.0 0.0019425
298.49 163.15 320.8 239.98 0.0019336
273.8 161.71 295.88 235.9 0.001931
0.0 0.0 58.907 76.166 0.0019206
1112.8 298.61 1242.0 375.0 0.0019175
1201.8 293.85 1242.0 346.13 0.0018913
630.89 72.883 889.45 375.0 0.0018905
812.35 285.68 879.66 375.0 0.0018901
0.0 274.91 89.666 346.78 0.0018878
566.31 256.36 692.47 375.0 0.0018874
845.71 292.11 911.56 375.0 0.0018775
561.28 161.95 611.78 207.11 0.0018658
1197.1 297.59 1242.0 333.15 0.0018606
439.08 262.62 566.44 375.0 0.0018586
584.17 0.0 657.54 115.42 0.0018479
375.68 254.64 501.46 375.0 0.0018471
1028.2 166.51 1220.3 246.67 0.0018471
162.25 147.6 186.51 229.91 0.0018442
254.08 181.3 330.56 215.92 0.0018382
586.99 86.051 653.37 272.65 0.0018331
1197.2 281.94 1242.0 317.56 0.0018278
539.3 167.91 667.35 268.49 0.0018259
507.29 0.0 666.46 59.366 0.0018251
10.359 0.0 80.01 107.62 0.0018237
559.34 191.26 647.16 228.61 0.0018236
1196.9 337.23 1242.0 372.13 0.0018186
0.0 227.78 81.932 298.18 0.0018113
134.47 154.26 212.63 189.87 0.0017959
1197.7 257.78 1242.0 295.15 0.0017896
