322.89 205.3 402.88 242.68 0.99978
947.4 161.79 1105.7 226.11 0.99975
0.0 221.16 279.04 364.73 0.99947
630.64 171.96 681.36 213.43 0.99941
873.42 167.19 998.71 216.17 0.99922
671.25 169.05 707.06 199.08 0.99921
914.03 168.8 1030.9 217.55 0.99823
919.15 161.6 1074.5 225.96 0.99814
628.9 172.06 676.16 212.49 0.99768
962.13 170.45 1097.2 223.62 0.99679
927.15 169.81 1055.9 223.61 0.99645
937.26 160.34 1061.8 238.39 0.99633
923.51 163.73 1023.2 226.23 0.99506
865.04 160.66 1016.9 217.06 0.99505
894.31 164.61 991.33 222.9 0.9945
641.19 170.74 693.12 208.87 0.99324
26.908 189.62 302.59 375.0 0.99278
890.89 171.75 1014.5 219.82 0.99199
637.18 175.68 683.56 211.34 0.99136
879.06 152.37 1005.9 222.84 0.99086
671.16 166.86 703.99 193.46 0.99046
665.79 172.96 699.16 200.26 0.98934
66.372 231.5 269.85 362.25 0.98912
847.65 164.36 995.32 209.43 0.98878
917.72 156.67 1042.2 234.37 0.98797
892.45 165.29 1009.4 210.18 0.98783
948.31 166.57 1072.8 220.63 0.98239
654.93 167.65 708.08 206.6 0.98203
979.98 152.22 1108.7 241.56 0.98109
652.37 176.33 687.93 204.53 0.97773
906.64 167.65 1003.4 229.47 0.97484
623.1 174.34 671.88 208.57 0.97469
660.51 173.52 693.86 202.26 0.97437
663.31 168.9 706.49 194.11 0.97273
0.0 206.54 210.16 375.0 0.97124
0.0 141.14 451.24 375.0 0.97058
645.12 178.62 692.29 203.61 0.96826
0.0 231.9 242.02 352.67 0.95888
846.46 169.83 970.49 213.22 0.95693
652.9 173.91 701.15 201.39 0.95639
328.52 201.99 395.08 248.16 0.95606
898.7 168.16 1052.7 227.05 0.95504
340.05 204.91 401.92 238.63 0.95369
867.03 163.34 971.64 220.98 0.9522
863.05 149.19 983.87 218.42 0.9501
662.17 163.23 712.76 200.25 0.95008
746.94 151.4 773.25 166.74 0.94993
713.94 165.61 737.56 181.14 0.94054
324.87 206.6 397.65 239.94 0.93974
959.7 157.37 1088.3 242.38 0.93808
987.7 164.13 1099.0 227.45 0.91685
115.08 228.42 285.04 375.0 0.91215
80.53 212.07 319.4 375.0 0.90678
339.69 199.98 403.97 243.89 0.90283
886.74 159.07 998.77 205.82 0.89914
743.31 154.45 773.29 169.95 0.87999
740.76 153.64 764.72 169.68 0.87498
655.12 170.52 687.71 201.04 0.8745
0.0 244.84 335.42 375.0 0.85529
932.87 164.4 1050.3 211.64 0.85288
0.0 99.882 343.8 375.0 0.8462
21.78 222.95 277.92 371.81 0.83986
648.41 169.63 683.0 204.96 0.83507
896.74 155.95 1018.3 231.02 0.83192
832.27 157.41 1001.5 219.16 0.83184
710.3 162.37 738.6 177.67 0.83062
853.05 161.45 952.93 216.47 0.8304
678.58 173.39 707.72 197.26 0.82738
659.02 162.24 676.91 210.53 0.81661
628.95 177.75 689.87 211.06 0.81522
985.46 167.93 1099.8 211.01 0.80099
622.19 169.93 679.29 205.44 0.79921
862.86 170.96 1017.0 226.3 0.7933
880.08 151.66 1061.7 221.5 0.79099
670.4 174.32 708.4 195.03 0.78968
654.34 160.19 673.33 211.29 0.78786
636.66 169.57 677.48 207.8 0.78597
656.58 180.22 690.74 207.23 0.78209
967.15 169.66 1084.2 237.75 0.77356
664.69 165.59 680.16 206.04 0.76502
711.44 163.88 734.85 179.14 0.75236
934.22 173.71 1087.0 229.55 0.74966
647.6 171.57 694.55 200.22 0.74383
739.61 150.7 765.78 167.33 0.7433
626.44 170.77 666.54 204.12 0.74219
663.48 168.94 692.85 194.04 0.73767
906.05 159.88 1019.9 206.0 0.72502
648.53 164.9 669.47 214.22 0.70878
653.38 170.13 674.06 215.69 0.70715
673.5 171.02 708.89 192.39 0.69374
332.01 204.65 388.06 242.68 0.69043
858.97 160.71 968.53 204.12 0.68884
929.29 167.75 1033.0 236.37 0.68834
640.55 171.91 689.12 203.12 0.68602
901.69 157.79 986.01 215.7 0.6839
669.05 163.92 707.49 184.06 0.68208
629.84 178.82 670.14 213.17 0.6814
312.36 211.68 400.99 247.27 0.67874
0.0 189.43 378.08 375.0 0.67717
13.186 238.06 199.09 375.0 0.67484
673.79 167.31 702.77 187.95 0.65289
710.82 167.19 740.13 182.02 0.6398
96.412 259.58 288.05 364.76 0.62072
663.41 173.58 680.22 210.05 0.60244
668.75 164.9 684.71 202.75 0.60176
970.59 159.11 1134.6 231.53 0.59699
735.65 152.3 759.25 169.16 0.59324
330.38 194.45 403.69 231.44 0.58061
736.59 155.42 761.23 172.29 0.57739
164.79 205.05 273.57 375.0 0.57271
677.74 163.16 699.8 199.44 0.56319
842.88 146.7 962.85 219.99 0.55711
116.62 149.84 261.46 375.0 0.55006
32.572 176.66 157.13 375.0 0.54993
941.84 161.06 1039.2 220.35 0.54707
85.477 155.65 233.68 375.0 0.53416
642.38 165.2 664.67 214.58 0.52291
646.22 159.06 666.5 211.78 0.52068
89.936 191.16 209.17 375.0 0.51664
65.274 175.96 185.59 375.0 0.51621
675.28 164.68 695.34 200.22 0.51222
671.92 164.11 690.39 199.64 0.50923
657.6 173.62 677.96 214.64 0.50655
738.17 149.54 770.7 164.84 0.50339
664.41 181.21 692.87 205.08 0.49485
630.32 181.39 683.13 214.91 0.48831
645.64 172.03 668.84 217.52 0.48565
667.23 172.34 683.16 207.26 0.47821
664.04 162.81 677.99 200.12 0.47622
42.712 263.52 389.42 375.0 0.47196
682.6 159.69 701.38 195.36 0.47045
681.76 164.58 702.97 199.8 0.46912
317.21 204.06 382.98 248.88 0.4649
923.57 153.78 1001.2 217.01 0.46304
655.08 169.21 684.42 194.9 0.46114
328.21 202.52 393.09 233.42 0.45861
48.648 153.05 211.48 375.0 0.45515
634.28 169.73 657.1 211.27 0.45138
347.55 212.0 400.45 240.07 0.4502
641.42 166.14 670.34 213.64 0.44537
637.55 169.76 660.96 213.91 0.44483
962.9 148.32 1120.8 223.01 0.43698
678.91 159.54 698.5 194.16 0.43695
0.0 33.34 268.1 375.0 0.43433
930.43 160.12 1031.4 204.23 0.43082
635.0 163.04 663.14 213.91 0.42572
78.835 228.75 285.29 332.22 0.42494
649.88 181.93 685.22 209.99 0.4245
741.64 158.1 772.32 174.23 0.42342
305.08 207.06 384.21 243.03 0.42243
152.57 246.2 281.09 375.0 0.42205
648.78 166.12 676.09 214.36 0.42022
147.88 169.04 286.44 375.0 0.41926
624.68 170.02 675.12 196.59 0.4189
134.53 190.68 242.0 375.0 0.41447
668.41 162.56 682.15 197.32 0.4111
673.8 176.68 708.82 198.75 0.40869
1.2731 160.58 133.4 375.0 0.40219
150.29 226.14 287.88 351.99 0.40093
8.5877 183.76 104.87 375.0 0.39779
733.02 156.02 756.81 171.96 0.39625
715.51 163.61 739.07 178.88 0.39118
670.42 180.53 698.22 202.4 0.38232
640.95 185.57 685.65 208.94 0.38057
675.8 179.34 701.92 200.7 0.37819
809.93 151.49 981.73 217.39 0.37409
630.95 166.29 652.23 210.64 0.3655
733.85 157.5 763.96 173.32 0.35006
121.41 234.35 294.16 321.04 0.34675
950.3 145.87 987.94 228.58 0.34659
657.79 184.07 697.06 205.17 0.34258
686.48 158.55 703.1 193.12 0.33853
31.108 250.16 258.93 365.59 0.33348
675.33 159.0 693.91 192.35 0.33201
947.41 167.85 1059.9 238.96 0.33116
0.0 0.0 155.93 375.0 0.32609
658.52 157.23 683.07 209.48 0.32073
625.04 163.64 690.86 199.65 0.31934
671.43 171.51 686.49 205.43 0.30685
0.0 171.45 284.33 329.13 0.30599
650.53 170.72 680.29 196.74 0.30303
638.89 159.27 658.06 209.09 0.29024
712.45 161.11 743.14 176.37 0.2889
841.16 166.9 944.67 208.15 0.2863
655.42 162.68 679.72 212.04 0.2813
943.84 146.95 979.06 230.31 0.28048
666.84 160.11 693.49 211.71 0.27824
1008.2 137.21 1067.1 241.06 0.27721
299.27 212.7 382.19 248.5 0.2745
845.43 161.09 949.03 201.23 0.27209
9.2465 253.31 145.85 375.0 0.27168
641.39 163.77 705.17 199.96 0.27126
679.39 168.84 707.05 190.87 0.26703
686.87 168.8 704.0 203.23 0.26032
294.06 193.13 428.76 254.16 0.26001
186.46 197.0 277.77 364.03 0.25923
955.79 145.1 997.16 228.03 0.25767
1018.0 123.78 1079.5 245.48 0.25422
1.0233 208.65 74.427 375.0 0.25335
710.28 169.61 738.85 185.4 0.25119
325.14 212.7 390.89 242.72 0.23848
0.0 227.4 199.55 332.33 0.23831
675.69 169.55 691.21 204.83 0.23734
110.35 182.78 209.68 375.0 0.2371
689.92 164.05 705.09 195.87 0.23589
0.0 330.08 16.692 375.0 0.23437
351.06 192.27 384.51 246.01 0.23326
36.829 175.19 131.29 375.0 0.23278
728.11 158.35 751.32 174.38 0.2302
996.7 140.51 1050.5 236.45 0.22913
672.26 158.39 687.54 192.88 0.2276
634.92 160.5 653.84 206.04 0.22661
962.93 137.77 1018.4 245.91 0.22061
0.0 261.32 224.45 375.0 0.21622
946.83 176.88 1094.9 238.37 0.21464
630.77 160.08 655.54 215.48 0.21329
0.0 266.14 36.472 375.0 0.21148
1002.0 173.79 1120.3 221.55 0.21135
307.08 202.54 369.69 247.53 0.21071
983.06 137.79 1035.5 236.94 0.20945
0.0 247.37 179.54 358.5 0.20938
633.29 169.5 671.06 199.08 0.2084
644.12 170.64 687.72 195.01 0.2077
947.14 137.6 1000.7 249.94 0.20761
344.67 193.25 377.1 247.28 0.20743
930.82 139.94 982.18 248.94 0.20726
711.51 167.75 733.51 183.2 0.20593
722.97 160.16 746.18 176.48 0.19996
284.95 212.71 364.76 250.55 0.19994
623.47 162.4 673.26 207.94 0.19919
652.22 157.73 668.32 207.02 0.19325
894.46 178.97 1003.5 223.9 0.18954
934.51 147.89 969.87 225.61 0.18914
669.84 183.51 705.44 202.84 0.18853
957.97 106.6 1026.5 252.8 0.18601
637.61 161.57 687.68 208.06 0.18599
683.94 166.79 699.97 204.96 0.18383
983.06 161.92 1077.4 201.71 0.18375
973.88 115.05 1041.5 250.96 0.18363
0.0 330.33 24.912 375.0 0.18068
180.17 212.91 257.87 375.0 0.1791
964.36 144.53 1005.7 227.29 0.17467
676.28 168.04 711.12 187.42 0.1728
357.51 190.75 392.31 248.3 0.1697
942.27 154.96 1021.2 214.56 0.16913
627.88 171.83 661.83 196.31 0.16861
23.998 201.86 114.43 375.0 0.16521
0.0 180.94 77.521 375.0 0.16515
53.153 180.5 146.5 375.0 0.16236
0.0 269.51 178.85 375.0 0.15783
0.0 280.01 50.691 375.0 0.15743
951.28 126.11 984.77 221.96 0.15732
0.0 119.39 105.12 375.0 0.15726
338.17 191.12 367.56 251.0 0.15684
0.0 218.87 154.2 361.12 0.15567
0.0 318.17 53.314 375.0 0.15481
731.69 150.82 763.55 168.98 0.1518
285.73 207.47 342.86 256.51 0.14992
991.93 174.56 1064.8 207.52 0.14911
0.0 246.54 138.77 375.0 0.14564
853.7 155.21 971.99 227.62 0.14556
10.897 220.22 91.273 375.0 0.1438
684.24 155.62 699.66 191.56 0.14332
1199.6 208.4 1242.0 375.0 0.14267
0.0 334.31 81.756 375.0 0.14239
664.08 166.53 689.9 189.97 0.14202
0.0 274.18 16.845 375.0 0.14202
281.72 206.75 360.26 244.44 0.14138
917.69 140.73 968.41 240.23 0.14079
672.75 156.32 698.2 207.86 0.1404
210.57 236.8 275.3 375.0 0.13988
352.81 197.48 411.33 241.32 0.13942
1197.3 293.82 1242.0 375.0 0.13848
201.57 281.35 272.23 375.0 0.13764
0.0 215.03 48.137 375.0 0.13726
0.0 210.45 32.032 375.0 0.1368
941.67 106.09 1006.7 250.87 0.13677
354.93 209.35 408.07 235.75 0.13643
0.0 167.25 184.82 344.87 0.13451
627.54 163.25 645.04 208.11 0.13448
2.4789 334.17 31.932 375.0 0.13212
925.9 146.75 962.8 223.65 0.13108
188.64 279.15 258.87 375.0 0.13025
957.23 128.14 993.24 222.92 0.12991
681.28 156.43 696.15 190.37 0.12889
991.08 120.6 1054.8 247.54 0.12811
738.54 145.66 770.08 161.25 0.12733
594.41 156.6 721.69 223.82 0.12724
903.06 173.68 986.62 204.3 0.12712
630.84 160.35 649.42 205.48 0.127
724.52 159.69 755.56 175.13 0.12663
366.43 192.45 387.02 242.79 0.12564
362.04 191.49 381.46 244.12 0.12454
929.08 111.87 986.01 242.11 0.12431
709.07 157.73 738.94 172.84 0.1236
1177.4 231.22 1242.0 348.55 0.12275
680.42 181.5 703.65 199.77 0.12219
904.03 136.57 953.15 240.77 0.12159
99.863 177.95 188.66 374.98 0.1207
1149.4 246.73 1242.0 329.89 0.11889
358.73 193.24 378.03 247.07 0.11805
726.02 154.89 757.07 171.35 0.11765
1007.2 167.04 1095.9 220.03 0.11708
657.94 167.91 698.43 189.2 0.11697
89.848 236.13 380.26 375.0 0.11694
622.88 171.07 663.86 192.52 0.11612
86.812 178.28 170.89 374.14 0.11612
624.08 182.94 690.76 217.12 0.11606
1144.4 330.11 1242.0 375.0 0.11555
12.616 284.78 86.136 375.0 0.11486
177.79 182.17 263.23 357.72 0.11463
724.34 155.79 746.51 173.15 0.11434
1183.3 266.55 1242.0 375.0 0.11421
670.76 176.7 685.64 211.03 0.11375
1148.2 231.09 1242.0 314.7 0.11311
0.0 101.88 70.984 375.0 0.11199
741.43 149.71 754.22 179.0 0.11141
660.74 160.27 675.6 201.29 0.11073
1152.0 263.0 1242.0 345.73 0.10982
122.6 327.47 303.19 375.0 0.10702
717.03 158.85 739.82 175.09 0.10693
274.31 212.18 351.17 252.21 0.10628
1048.4 262.09 1242.0 375.0 0.10627
640.42 178.45 705.62 211.99 0.10594
218.53 286.24 288.02 375.0 0.10579
626.36 173.56 657.38 201.7 0.10515
685.71 172.44 710.26 190.39 0.10512
1199.8 164.18 1242.0 345.43 0.10461
1062.3 160.96 1242.0 248.64 0.10455
161.99 176.27 247.33 365.14 0.10333
1156.5 279.54 1242.0 361.29 0.10296
1226.7 192.75 1242.0 279.45 0.10282
1180.4 320.91 1242.0 375.0 0.10264
1137.7 0.0 1242.0 181.86 0.10184
1060.4 0.0 1242.0 362.04 0.10063
1134.2 180.35 1242.0 375.0 0.10015
0.0 351.37 14.578 375.0 0.099777
994.54 170.99 1060.5 201.84 0.099208
645.34 156.0 661.58 204.4 0.098458
838.44 0.0 1242.0 181.78 0.09777
619.22 176.77 663.68 202.2 0.097653
154.27 317.56 286.69 375.0 0.09742
672.59 165.12 697.12 187.01 0.096707
355.86 193.65 374.61 249.58 0.096557
0.0 257.34 106.67 375.0 0.096533
178.09 217.26 320.19 375.0 0.095875
106.16 67.673 379.5 375.0 0.095762
1178.5 203.12 1242.0 316.52 0.095031
968.11 158.21 1066.3 201.91 0.095008
172.06 275.64 245.21 375.0 0.094592
738.07 147.37 750.3 178.33 0.09459
677.38 156.06 691.22 187.51 0.094357
888.04 131.6 934.68 240.49 0.09375
1147.7 216.68 1242.0 298.58 0.093052
310.42 206.66 336.97 227.97 0.092956
1221.8 0.0 1242.0 40.069 0.09268
2.5152 216.02 220.14 307.51 0.092055
70.228 162.68 153.35 364.28 0.090109
640.73 157.52 656.36 203.26 0.089803
1226.3 207.68 1242.0 295.66 0.089166
1029.8 0.0 1242.0 92.217 0.089121
289.01 200.88 344.26 248.83 0.088818
1196.8 6.7578 1242.0 215.46 0.087743
1147.2 200.58 1242.0 283.24 0.08771
658.29 184.78 687.44 207.66 0.087102
910.8 144.39 947.45 229.23 0.086179
1049.9 146.7 1242.0 235.87 0.086051
1225.9 176.61 1242.0 263.03 0.085965
0.0 327.81 149.08 375.0 0.085512
854.67 156.06 928.56 208.82 0.084867
1032.3 118.68 1096.7 260.5 0.084325
975.17 142.94 1014.1 231.12 0.083401
0.0 360.49 38.336 375.0 0.083231
669.25 160.81 706.02 178.6 0.082979
674.55 175.7 689.48 211.11 0.08239
1146.5 182.97 1242.0 266.66 0.081614
1198.1 123.82 1242.0 312.69 0.081012
1035.8 98.216 1242.0 282.36 0.080718
0.0 325.26 99.85 375.0 0.079823
898.13 176.17 972.32 209.62 0.079149
885.51 136.08 1242.0 375.0 0.078884
1225.6 342.77 1242.0 375.0 0.07797
1140.0 12.288 1242.0 375.0 0.077831
1176.8 171.55 1242.0 282.91 0.077816
302.38 208.78 343.59 230.48 0.077634
652.92 164.46 677.73 221.04 0.077102
718.93 156.42 731.08 179.45 0.076793
882.3 173.76 956.15 204.02 0.07649
717.93 160.81 729.65 183.04 0.075551
1226.1 222.89 1242.0 312.97 0.075437
225.9 342.57 256.89 375.0 0.074775
369.71 191.49 390.52 241.9 0.074579
721.28 156.74 733.45 179.89 0.074475
744.8 150.61 756.39 176.96 0.074409
233.79 341.16 265.06 375.0 0.074213
0.0 283.52 23.705 375.0 0.073868
29.832 281.55 99.816 375.0 0.073672
1202.8 260.43 1242.0 375.0 0.073564
303.64 206.41 341.58 226.14 0.073504
679.22 175.01 693.98 210.31 0.073108
611.14 172.37 676.68 210.05 0.07293
86.055 324.48 281.83 375.0 0.072428
912.11 182.38 1078.2 242.08 0.071749
155.28 275.77 229.69 375.0 0.071185
349.51 203.61 405.0 230.82 0.071134
717.42 162.81 728.73 188.05 0.070821
918.49 144.5 954.62 224.75 0.069937
0.0 269.94 29.592 375.0 0.069477
743.11 149.19 776.27 165.33 0.069254
1195.0 0.0 1242.0 95.107 0.069248
650.81 168.55 691.64 190.29 0.068515
902.21 142.1 940.54 230.0 0.068498
240.08 341.22 271.32 375.0 0.068375
674.93 146.97 700.94 204.7 0.068281
947.51 0.0 1242.0 234.2 0.067837
1091.0 143.21 1239.3 267.74 0.066582
132.01 167.26 216.42 375.0 0.066177
964.98 127.27 999.73 224.81 0.065908
1145.1 166.35 1242.0 251.06 0.065803
321.53 203.19 334.58 242.98 0.065332
981.4 141.21 1022.1 232.26 0.065199
0.0 300.92 15.93 375.0 0.064708
667.48 145.12 692.81 204.82 0.064585
277.34 176.29 437.94 247.28 0.064521
303.96 211.17 319.44 255.73 0.064439
912.58 176.96 984.24 208.78 0.063519
0.0 132.68 189.55 312.55 0.063512
1140.9 113.53 1224.9 305.41 0.062604
352.5 191.82 370.29 248.6 0.062498
160.78 278.54 292.8 367.14 0.062162
0.0 276.03 136.45 362.97 0.061758
160.25 329.11 337.12 375.0 0.061604
653.4 189.21 690.44 208.43 0.061028
360.2 205.81 403.29 237.66 0.060865
1041.6 165.31 1242.0 351.52 0.06069
347.8 192.29 366.38 248.15 0.060673
173.29 238.15 293.57 365.35 0.060641
1081.1 0.0 1242.0 122.83 0.060628
637.42 158.6 652.13 201.53 0.060208
717.88 165.36 729.12 194.44 0.05991
657.28 158.26 671.77 201.31 0.059407
332.31 201.64 398.75 227.12 0.059275
305.23 209.73 333.61 234.04 0.05898
313.93 207.68 340.53 232.16 0.05859
749.68 151.12 760.82 175.85 0.05843
611.89 163.73 679.11 199.5 0.058357
1162.1 294.59 1242.0 375.0 0.057589
247.59 342.94 278.85 375.0 0.05718
1015.7 170.25 1107.1 229.19 0.056836
1081.9 179.24 1242.0 267.04 0.056746
643.53 147.21 672.04 215.47 0.056745
714.88 157.01 744.98 172.49 0.056008
1037.1 146.72 1076.1 235.28 0.05583
1126.7 90.765 1211.0 288.13 0.055705
900.59 154.81 995.7 194.31 0.055638
1215.5 204.39 1242.0 259.4 0.055175
0.0 354.47 19.711 375.0 0.054707
1226.0 160.63 1242.0 248.1 0.054468
1143.6 0.0 1242.0 43.12 0.054381
43.597 282.94 115.22 375.0 0.054247
1021.1 148.29 1060.3 237.08 0.054039
997.18 141.56 1037.7 236.05 0.053437
721.78 155.84 752.23 172.07 0.052877
127.7 219.46 305.18 300.45 0.052866
184.97 316.92 313.86 375.0 0.052345
366.35 179.18 396.55 241.18 0.052049
0.0 163.72 29.131 363.09 0.051966
677.34 180.3 711.8 199.21 0.051616
684.96 172.96 698.44 208.8 0.05153
218.28 346.58 248.89 375.0 0.051176
1002.5 162.65 1095.3 200.95 0.051169
860.36 18.119 1242.0 370.61 0.051027
0.0 225.69 107.82 349.82 0.050894
1033.9 37.39 1242.0 226.32 0.050784
894.15 141.94 932.1 230.21 0.050683
285.74 219.71 333.11 243.62 0.050475
136.46 297.72 294.21 375.0 0.050427
636.17 147.8 665.21 215.11 0.050308
1082.3 85.189 1242.0 317.59 0.049974
684.55 174.77 708.68 193.37 0.049957
1206.1 362.05 1242.0 375.0 0.049789
720.86 160.62 731.8 182.93 0.049437
1204.6 213.45 1242.0 252.48 0.049376
317.86 202.95 330.59 239.4 0.049197
867.5 171.61 943.81 205.68 0.049025
1181.3 187.71 1242.0 375.0 0.048942
1013.5 145.23 1053.3 237.37 0.048904
0.0 254.76 79.761 335.63 0.048856
116.27 314.65 256.21 375.0 0.048595
1003.1 173.36 1102.9 240.64 0.048327
734.59 160.61 760.22 176.33 0.047709
140.17 275.28 211.77 375.0 0.047406
673.04 155.81 685.69 187.65 0.047372
174.37 246.54 310.99 334.22 0.047172
39.967 165.32 341.03 330.52 0.0468
641.98 168.42 683.84 189.29 0.046771
0.0 269.47 81.477 352.93 0.046557
321.63 200.09 333.57 235.4 0.046474
10.274 339.07 38.794 375.0 0.046416
733.16 147.48 745.44 178.73 0.046128
1147.8 151.28 1242.0 236.58 0.046125
929.81 128.58 963.21 219.74 0.046081
624.92 167.39 638.39 208.37 0.045655
300.99 211.71 315.17 254.05 0.04552
1164.9 0.0 1242.0 51.895 0.045446
870.97 125.69 918.96 252.12 0.045436
677.36 185.13 709.64 201.64 0.045351
0.0 263.41 71.284 375.0 0.045298
743.91 159.62 778.03 176.06 0.045262
1026.5 149.62 1068.8 239.32 0.045082
677.55 176.75 711.12 194.66 0.044661
167.33 220.48 244.3 375.0 0.044659
1204.9 221.26 1242.0 260.44 0.044621
0.0 356.66 31.391 375.0 0.044595
1227.6 31.042 1242.0 124.23 0.044292
675.47 162.6 701.56 183.38 0.044078
651.46 146.08 679.48 215.87 0.043835
733.35 162.72 766.13 178.27 0.043521
1196.5 0.0 1242.0 18.32 0.043471
289.2 222.96 335.09 247.63 0.043337
86.72 217.09 280.48 304.24 0.043256
898.85 175.73 979.98 228.84 0.04323
1088.8 198.43 1242.0 283.53 0.043107
1220.3 355.78 1242.0 375.0 0.043003
1225.8 291.81 1242.0 375.0 0.042531
1225.6 246.57 1242.0 337.72 0.042332
879.79 179.84 986.55 221.69 0.042288
1204.5 205.2 1242.0 244.76 0.042209
0.0 0.0 176.45 94.918 0.042104
1075.4 130.27 1227.0 253.42 0.041697
1106.7 163.69 1242.0 284.4 0.041607
0.0 246.99 147.02 337.96 0.041462
50.378 323.17 251.3 375.0 0.041461
89.134 291.6 276.63 375.0 0.041393
1115.5 335.99 1242.0 375.0 0.041369
1113.6 169.81 1168.1 190.73 0.041321
705.57 169.57 727.88 185.49 0.041179
1215.6 187.27 1242.0 244.14 0.041178
882.23 177.65 948.06 208.24 0.041177
985.66 174.35 1050.7 205.32 0.041167
220.74 356.25 271.89 375.0 0.040454
707.62 160.89 731.92 177.87 0.040395
754.77 151.57 765.74 176.11 0.040344
1009.8 168.05 1104.5 206.15 0.040281
1197.4 49.507 1242.0 263.6 0.040087
993.83 169.5 1058.4 194.48 0.039978
1210.1 0.0 1242.0 25.039 0.03989
1215.9 218.58 1242.0 275.51 0.039801
1003.5 146.28 1044.5 236.42 0.039062
916.79 129.58 962.18 257.24 0.038838
349.64 192.17 423.21 228.87 0.038681
1205.6 196.91 1242.0 236.87 0.038578
1163.4 172.89 1236.7 361.76 0.038543
0.0 0.0 348.88 184.34 0.038315
1007.0 174.17 1080.7 207.08 0.037805
255.45 341.87 285.84 375.0 0.037784
633.28 159.08 647.28 200.28 0.037718
180.47 256.07 306.77 352.56 0.0377
986.98 141.32 1029.7 237.21 0.037538
1216.3 191.84 1242.0 284.43 0.037384
1175.0 141.15 1242.0 256.46 0.037155
1145.2 154.18 1223.8 340.82 0.037142
730.59 151.26 755.33 170.46 0.037007
1204.8 229.05 1242.0 268.47 0.036997
979.82 181.66 1098.2 233.58 0.036708
921.64 152.14 1018.8 193.51 0.036662
965.27 177.05 1129.2 250.42 0.036631
0.0 15.937 403.85 375.0 0.036404
0.0 303.23 79.601 375.0 0.036396
123.39 273.34 197.19 375.0 0.036086
296.72 208.31 336.33 231.51 0.036009
582.36 139.21 735.36 218.76 0.035864
1000.5 166.6 1056.4 189.47 0.035821
626.31 167.25 671.29 190.08 0.035718
1083.5 140.19 1242.0 375.0 0.035557
666.18 177.13 681.52 215.18 0.03545
887.07 138.94 922.51 221.91 0.035442
1204.3 237.09 1242.0 276.59 0.035402
905.62 183.15 982.42 211.22 0.035234
1204.1 188.68 1242.0 228.53 0.035167
728.81 148.69 740.36 178.95 0.035154
121.39 276.12 270.51 375.0 0.035129
0.0 366.05 52.927 375.0 0.034996
718.06 163.63 749.72 179.47 0.034991
754.73 148.02 766.17 171.66 0.034987
209.9 345.17 239.76 375.0 0.034834
292.41 212.13 336.86 235.96 0.034796
288.0 215.57 336.56 240.21 0.03478
1180.8 127.71 1242.0 328.24 0.034738
724.42 155.58 735.21 181.4 0.034538
740.53 269.96 1089.8 375.0 0.034504
708.64 165.55 730.23 182.05 0.034393
1160.3 130.86 1236.9 323.81 0.034259
1205.3 253.24 1242.0 293.07 0.034251
857.36 167.0 934.32 216.09 0.034183
1204.5 245.3 1242.0 284.92 0.034168
856.31 0.0 1242.0 262.9 0.034107
865.74 106.58 924.34 248.72 0.034088
1100.1 218.74 1242.0 299.7 0.033979
1112.3 93.076 1194.2 292.36 0.03365
989.67 164.11 1065.2 216.24 0.033591
1128.3 129.18 1209.3 329.14 0.03338
1216.4 234.61 1242.0 293.09 0.033133
342.16 209.44 401.05 246.29 0.032828
1217.9 343.24 1242.0 375.0 0.032758
306.18 194.89 332.95 266.13 0.032488
0.0 231.3 70.925 342.85 0.032456
0.0 244.52 14.168 362.26 0.032319
1046.1 146.7 1082.0 235.71 0.032072
739.52 162.6 773.16 178.85 0.031787
721.22 163.32 731.08 187.21 0.031718
296.35 222.87 330.15 252.77 0.031645
620.57 179.56 662.52 207.61 0.031631
0.0 0.0 73.042 181.06 0.031618
740.51 145.35 753.22 174.23 0.031394
728.49 153.99 739.32 181.92 0.031343
837.48 133.63 1040.6 207.85 0.031328
316.62 209.9 384.21 238.67 0.031175
1016.1 150.03 1032.3 214.66 0.031117
902.53 127.15 946.61 260.08 0.031075
629.13 164.39 642.66 202.27 0.030978
303.94 221.25 318.92 263.31 0.030969
1112.2 173.47 1169.0 194.74 0.030932
152.93 216.29 229.55 375.0 0.03077
332.31 186.21 356.76 250.83 0.030738
308.28 205.45 323.27 247.68 0.03061
209.4 361.92 291.87 375.0 0.030583
282.46 200.51 358.36 236.32 0.030509
1100.9 233.53 1242.0 313.12 0.030427
373.13 190.43 394.73 243.37 0.030333
306.34 174.51 426.86 264.06 0.030322
1105.0 0.0 1242.0 201.7 0.03024
713.17 160.58 724.03 187.92 0.030194
643.05 161.37 668.24 232.45 0.029983
60.06 282.08 130.25 375.0 0.029963
1025.9 8.287 1242.0 194.74 0.029881
237.01 292.66 303.75 375.0 0.029856
778.46 0.0 1143.7 89.691 0.029805
920.56 181.07 987.47 212.35 0.02978
1086.5 20.259 1242.0 255.73 0.0297
313.31 204.63 325.56 240.84 0.029695
323.54 212.77 338.76 262.56 0.029649
301.2 219.19 315.02 260.79 0.02951
749.08 146.79 760.19 170.86 0.029354
3.5584 322.64 205.38 375.0 0.029329
1227.1 11.45 1242.0 100.22 0.029328
0.0 307.37 17.884 363.55 0.029237
824.81 171.91 977.29 233.7 0.029111
1124.1 203.15 1242.0 316.73 0.028974
818.76 208.91 964.95 375.0 0.028897
929.69 267.27 1242.0 375.0 0.028866
0.0 219.3 46.0 330.87 0.028844
366.63 212.43 406.53 233.83 0.02879
1237.2 198.58 1242.0 243.4 0.028773
343.89 192.24 361.92 246.9 0.028703
711.64 170.9 733.21 186.02 0.028698
1147.0 234.14 1242.0 350.65 0.02867
973.38 123.3 1008.3 225.67 0.028609
1147.9 134.17 1242.0 221.46 0.028444
1225.9 269.73 1242.0 360.67 0.028402
149.31 204.25 296.82 317.33 0.028312
1020.0 148.24 1036.4 215.04 0.028285
170.58 234.42 321.3 315.62 0.028276
307.53 214.27 323.22 257.92 0.028221
1237.3 186.26 1242.0 231.5 0.02822
848.65 208.12 994.84 375.0 0.028184
823.75 143.6 947.34 226.98 0.02818
1012.3 149.99 1026.9 211.61 0.028004
0.0 227.04 12.793 331.51 0.027873
202.33 346.88 231.91 375.0 0.027845
292.93 218.07 325.99 247.73 0.027826
1003.9 148.25 1019.5 211.66 0.027774
989.86 0.0 1242.0 375.0 0.027666
741.29 160.37 767.36 176.25 0.027635
847.38 154.33 918.54 203.74 0.027203
193.79 346.24 224.28 375.0 0.026962
203.95 357.23 258.11 375.0 0.026928
354.8 175.55 385.24 243.55 0.026922
1205.2 260.56 1242.0 300.3 0.026622
1008.1 150.21 1022.2 210.44 0.026545
1212.2 0.0 1242.0 45.498 0.026535
0.0 283.92 105.55 361.27 0.026486
1144.4 192.14 1223.2 375.0 0.026302
0.0 304.45 148.73 375.0 0.02628
904.06 125.73 937.2 218.23 0.026275
880.6 140.07 916.01 218.3 0.026226
689.32 174.98 702.2 210.76 0.026129
298.12 206.23 334.6 226.72 0.026061
60.484 152.01 131.53 347.68 0.026033
887.04 183.71 949.83 210.78 0.025959
149.24 151.1 229.29 348.82 0.025937
580.03 142.65 702.47 231.75 0.025903
714.65 159.66 725.24 183.07 0.025607
1206.5 181.31 1242.0 220.92 0.025576
277.32 184.04 399.07 264.22 0.025541
726.37 161.21 750.15 176.25 0.025418
360.55 174.98 391.8 244.22 0.025073
1008.2 209.24 1154.0 375.0 0.024927
191.96 162.3 308.45 375.0 0.024747
680.0 145.88 704.3 203.72 0.024673
194.31 361.23 277.99 375.0 0.024658
1215.9 213.27 1242.0 308.92 0.024645
370.08 208.35 402.3 235.23 0.024496
1237.5 205.58 1242.0 250.96 0.024436
237.07 356.31 287.39 375.0 0.024415
714.72 155.59 726.25 179.43 0.024254
281.74 214.28 340.54 262.76 0.024248
1113.7 165.8 1167.9 186.82 0.024181
42.477 150.67 117.61 349.23 0.024156
0.0 267.13 109.74 349.41 0.023962
1041.2 196.61 1188.5 375.0 0.023918
1214.9 249.64 1242.0 308.71 0.023799
718.23 151.54 729.44 177.32 0.023753
84.023 314.85 226.18 375.0 0.023322
298.76 210.67 331.83 239.16 0.0233
1214.8 171.83 1242.0 228.19 0.023298
108.27 274.51 180.0 375.0 0.023295
960.56 152.01 1038.8 213.51 0.023269
1000.7 141.29 1129.0 240.84 0.023227
685.61 167.8 710.45 186.75 0.023054
1173.9 0.0 1242.0 239.09 0.023006
1009.4 132.48 1040.8 234.28 0.022895
1237.1 217.92 1242.0 264.26 0.022874
312.15 194.51 337.78 266.02 0.022808
921.43 124.81 953.51 219.31 0.022785
75.551 279.33 145.83 375.0 0.022743
628.59 170.77 644.5 215.8 0.022672
1199.7 0.0 1242.0 165.8 0.022645
315.44 202.2 330.15 246.81 0.022641
1211.0 336.8 1239.5 375.0 0.022614
723.44 163.4 755.76 178.64 0.022604
703.11 168.25 735.25 184.15 0.022573
1007.9 162.61 1053.7 183.03 0.022547
1225.8 0.0 1242.0 57.025 0.022526
300.15 211.6 346.64 235.07 0.022476
120.18 277.23 453.64 375.0 0.02244
88.114 346.04 120.56 375.0 0.022412
1215.6 174.67 1242.0 266.75 0.022388
297.01 209.23 311.21 253.52 0.022353
0.0 0.0 134.27 114.34 0.022256
801.74 270.63 1153.5 375.0 0.022131
1142.4 0.0 1242.0 254.22 0.022124
1237.3 177.74 1242.0 222.81 0.021901
1174.5 0.0 1242.0 108.13 0.021815
983.03 171.4 1047.1 199.67 0.021727
621.97 152.87 646.17 221.71 0.021658
695.44 163.99 707.2 194.12 0.021607
1123.0 282.63 1242.0 362.14 0.021467
983.06 121.42 1017.6 229.68 0.021367
701.11 172.1 732.58 187.37 0.021209
957.54 148.63 976.56 215.07 0.021145
61.926 360.98 144.84 375.0 0.021039
91.606 276.59 162.74 375.0 0.021014
358.84 190.18 415.36 235.13 0.020958
623.19 125.49 676.41 264.46 0.020863
5.3017 267.3 37.837 375.0 0.020851
874.13 127.87 1161.5 259.45 0.020818
977.18 158.61 1054.2 211.87 0.020816
0.0 0.0 272.93 223.8 0.020696
1025.3 147.5 1040.5 215.78 0.020589
1101.1 170.27 1155.8 190.92 0.020476
1237.6 225.29 1242.0 271.35 0.020352
228.35 362.22 308.81 375.0 0.02035
25.046 320.28 163.56 375.0 0.020333
878.5 151.21 984.3 192.18 0.020278
1146.2 116.63 1242.0 206.18 0.02027
978.11 216.47 1122.0 375.0 0.020268
1156.7 41.772 1242.0 125.23 0.0202
788.39 205.22 936.51 375.0 0.020144
647.66 162.15 672.29 234.07 0.020122
1205.0 269.09 1242.0 308.37 0.02008
913.71 124.8 945.92 223.02 0.020029
185.67 346.82 215.99 375.0 0.020009
1072.2 194.49 1220.2 375.0 0.019981
1175.9 22.178 1242.0 146.26 0.01995
721.85 167.5 731.77 193.87 0.019908
873.34 0.0 1032.5 209.32 0.019852
894.86 181.96 965.31 212.22 0.019762
335.07 189.65 351.65 248.43 0.019745
90.096 150.06 162.95 349.5 0.019623
0.0 120.94 31.46 320.85 0.019611
213.56 195.45 281.74 354.77 0.019508
906.41 156.18 927.72 221.23 0.019425
594.02 131.47 718.06 230.8 0.019377
856.84 175.36 914.33 201.94 0.019377
0.0 96.036 194.02 281.22 0.019307
325.08 200.85 336.99 242.84 0.019275
906.41 131.36 1105.1 207.23 0.019255
640.57 169.92 673.94 194.84 0.019212
1237.5 247.41 1242.0 296.29 0.019205
0.0 293.12 15.083 349.02 0.019182
664.45 186.72 687.6 205.92 0.019123
882.36 217.74 1025.6 375.0 0.019079
340.16 190.18 358.49 247.27 0.018967
895.55 127.41 927.69 217.62 0.018962
0.0 341.69 12.625 375.0 0.018952
758.59 152.42 769.03 178.01 0.018898
1113.2 157.69 1167.7 178.85 0.018858
906.58 167.54 986.39 195.77 0.018841
175.02 363.7 258.82 375.0 0.018765
179.9 334.19 363.8 375.0 0.018761
108.89 186.91 393.31 341.5 0.0187
691.69 172.5 715.04 188.28 0.018666
1113.1 161.94 1167.4 183.11 0.01866
611.29 162.66 664.96 207.33 0.018533
875.76 184.04 939.69 212.2 0.018486
28.406 152.5 104.83 356.56 0.018471
96.42 346.19 128.46 375.0 0.01843
193.76 359.2 246.8 375.0 0.018415
1104.2 251.29 1242.0 331.48 0.018344
1151.6 295.36 1220.9 375.0 0.018325
305.14 202.95 319.36 243.43 0.018307
0.0 312.44 37.526 353.55 0.018287
621.58 168.11 661.84 187.56 0.018242
1237.4 232.08 1242.0 279.39 0.018236
1157.1 55.969 1242.0 141.03 0.018189
329.64 208.1 381.41 247.18 0.018186
0.0 176.01 45.67 358.59 0.018176
0.0 185.55 73.081 269.58 0.01817
981.84 168.76 1162.8 243.8 0.018163
1158.6 89.174 1237.9 296.91 0.018146
650.3 158.01 663.77 202.19 0.018034
1226.9 144.48 1242.0 234.7 0.018031
296.44 0.0 679.41 91.801 0.018004
283.32 207.44 425.33 266.42 0.017876
623.47 173.78 647.43 197.75 0.017787
1111.7 170.66 1242.0 256.35 0.017774
713.6 172.78 746.7 186.8 0.017741
332.48 194.89 346.68 248.76 0.017686
1000.4 184.94 1115.6 236.7 0.017639
0.0 221.35 70.398 302.27 0.01757
847.06 178.32 939.86 217.21 0.017509
80.551 346.98 112.02 375.0 0.017484
320.43 212.77 336.08 260.35 0.017462
833.71 159.76 923.38 197.27 0.01745
262.28 219.44 344.52 257.81 0.017441
293.5 226.94 336.95 250.8 0.017435
681.51 164.45 708.8 186.56 0.017265
135.88 216.01 211.4 375.0 0.017238
291.68 230.99 334.87 253.22 0.017228
361.82 182.96 375.7 241.01 0.017203
690.11 170.21 703.12 205.88 0.017181
0.0 358.28 6.5098 375.0 0.017148
758.6 147.58 769.24 172.98 0.017145
845.07 0.0 1000.3 223.01 0.01713
348.09 170.31 377.68 245.68 0.017119
750.1 156.26 774.94 172.1 0.017104
1029.3 147.14 1044.6 216.02 0.017034
683.63 168.68 716.62 185.59 0.017032
1006.1 169.21 1073.6 194.12 0.017011
335.32 201.04 382.58 234.38 0.016989
749.55 153.12 774.74 169.25 0.016935
303.21 206.53 331.05 229.96 0.016845
375.12 180.95 401.78 246.25 0.016824
262.8 341.4 292.42 375.0 0.016792
185.28 361.05 239.09 375.0 0.016789
1209.0 192.96 1239.4 291.12 0.016709
677.01 163.92 714.31 181.16 0.016669
0.0 252.24 21.999 373.87 0.016605
322.16 184.95 346.24 256.19 0.016577
982.03 165.98 1118.9 260.53 0.016576
41.841 289.23 251.82 375.0 0.016571
198.54 172.0 272.34 346.71 0.016561
314.06 205.63 337.33 224.58 0.016419
1207.0 316.87 1242.0 354.75 0.016385
0.0 320.13 41.167 359.82 0.016352
1207.2 308.9 1242.0 347.32 0.016345
1225.2 328.99 1242.0 375.0 0.016332
0.0 169.96 76.758 253.23 0.01625
0.0 366.79 71.924 375.0 0.016208
245.29 354.96 297.14 375.0 0.016151
1160.4 26.928 1242.0 109.47 0.016089
923.97 153.0 989.87 204.3 0.016047
41.02 225.39 112.29 375.0 0.016001
652.44 186.84 682.21 208.81 0.015957
1001.3 165.64 1077.3 214.7 0.015949
307.32 209.33 339.69 237.85 0.015892
945.87 220.96 1089.7 375.0 0.015846
656.99 164.66 697.1 182.96 0.015832
158.05 363.57 244.4 375.0 0.01583
211.03 225.15 346.55 375.0 0.015799
999.94 167.78 1053.3 206.49 0.015756
729.39 148.91 766.88 166.9 0.015756
952.69 148.56 968.28 212.51 0.015733
704.38 164.55 738.69 181.49 0.015688
946.93 130.61 974.57 219.95 0.015615
1206.0 300.53 1242.0 339.39 0.015588
73.356 360.33 130.38 375.0 0.015586
294.13 225.15 324.4 253.97 0.015543
75.668 362.19 161.68 375.0 0.015528
1205.4 277.25 1242.0 316.87 0.015528
1218.4 305.17 1242.0 362.7 0.015517
622.03 90.446 684.65 250.73 0.015482
1192.0 366.68 1242.0 375.0 0.015461
687.38 0.0 1242.0 172.34 0.015406
663.38 165.07 724.3 196.79 0.015353
1153.6 70.996 1242.0 157.16 0.015345
1227.7 49.337 1242.0 149.08 0.015334
346.37 201.38 403.97 224.95 0.015321
0.0 0.0 80.013 43.049 0.015309
376.35 0.0 519.66 213.57 0.015291
1084.1 157.3 1190.6 196.95 0.015262
1143.5 0.0 1226.6 115.13 0.015213
816.37 0.0 970.0 233.54 0.015212
919.62 171.36 991.55 200.41 0.015125
0.0 0.0 32.221 110.47 0.015099
1001.1 124.71 1030.3 225.59 0.015064
1204.6 0.0 1237.6 48.031 0.015059
1096.1 160.01 1210.9 204.31 0.015025
121.66 148.64 196.01 354.18 0.015019
690.64 155.87 704.75 191.82 0.015006
663.3 164.51 687.12 185.84 0.014999
1112.5 214.71 1240.3 335.93 0.014995
1111.2 177.09 1169.1 198.62 0.014988
1205.2 284.85 1242.0 324.56 0.014924
679.52 161.33 705.79 183.39 0.014921
913.63 221.89 1056.8 375.0 0.014918
994.06 124.51 1023.2 222.48 0.014889
634.34 170.89 667.24 194.61 0.014877
1205.4 292.5 1242.0 331.49 0.014832
881.33 86.882 1190.5 240.91 0.0148
1101.5 165.95 1156.5 186.66 0.014793
1171.2 49.408 1242.0 180.99 0.014755
873.11 129.31 1064.1 205.57 0.014754
177.26 347.11 207.79 375.0 0.014721
319.06 198.64 329.46 231.4 0.014681
746.64 156.97 782.42 173.43 0.014651
1001.0 149.15 1016.5 213.01 0.014606
629.84 142.17 656.55 214.02 0.014604
106.18 149.77 179.72 351.79 0.014479
358.42 183.52 371.69 240.27 0.014472
366.01 181.97 379.59 239.41 0.014446
1207.0 173.19 1242.0 212.99 0.014421
668.2 157.43 679.83 190.34 0.014417
1171.5 103.18 1242.0 227.64 0.014407
319.71 195.76 344.3 265.0 0.014323
699.75 171.88 721.62 187.7 0.01432
52.072 317.38 196.02 375.0 0.014311
296.1 196.09 351.61 242.08 0.014235
688.21 173.03 720.74 188.88 0.014206
370.15 216.88 407.02 238.07 0.014154
1005.9 158.61 1048.4 178.36 0.014146
709.39 175.74 737.86 189.84 0.014142
914.53 123.38 1226.1 268.91 0.014105
104.78 346.24 136.46 375.0 0.01407
625.9 169.94 653.77 189.92 0.014064
687.23 155.1 700.98 189.65 0.014061
1009.4 134.68 1242.0 313.14 0.014053
675.97 159.98 710.43 177.33 0.014052
892.85 188.11 954.86 214.63 0.014049
311.16 201.19 326.88 253.34 0.014014
608.69 113.52 664.34 264.89 0.013977
661.73 158.64 685.58 224.69 0.013904
1208.8 324.13 1242.0 361.99 0.013821
873.29 140.07 904.97 212.04 0.013791
1098.6 97.777 1174.3 294.75 0.013736
911.58 0.0 1058.2 191.78 0.013708
0.0 303.66 39.996 343.79 0.013699
1150.4 87.659 1242.0 174.44 0.013691
909.63 156.36 979.62 206.87 0.01369
948.13 150.67 1037.7 192.75 0.013631
1087.8 0.0 1242.0 45.422 0.013618
354.4 200.62 425.66 235.11 0.013565
611.15 159.41 751.48 224.69 0.013541
104.75 206.41 276.1 327.9 0.013514
228.51 0.0 601.27 84.68 0.013489
844.1 0.0 1201.3 85.575 0.013487
901.48 163.84 1038.3 252.44 0.013439
1142.9 64.948 1226.9 283.78 0.013434
407.13 0.0 552.2 226.85 0.013374
1034.4 135.24 1236.3 222.04 0.013325
1165.4 226.09 1233.2 375.0 0.01332
0.0 237.3 133.61 319.07 0.013314
299.24 193.51 324.36 262.51 0.013307
1216.5 289.92 1242.0 346.85 0.013228
607.99 140.85 761.65 214.73 0.013221
0.0 328.04 39.152 367.58 0.01322
1091.8 183.97 1233.0 306.52 0.013194
885.71 125.77 929.66 271.2 0.013132
801.48 0.0 1106.8 375.0 0.013102
1002.5 74.327 1242.0 250.37 0.013063
945.11 0.0 1093.7 186.79 0.013051
0.0 319.54 30.969 375.0 0.013024
1197.0 0.0 1229.7 42.94 0.012976
73.264 346.54 104.18 375.0 0.012968
344.75 207.74 424.26 245.16 0.012921
242.23 192.53 402.33 259.66 0.01273
1203.9 344.21 1232.5 375.0 0.012619
810.85 0.0 1092.0 113.85 0.012597
934.16 147.75 1000.7 200.38 0.012436
0.0 202.94 70.378 284.94 0.012423
1049.3 106.21 1114.3 279.8 0.012392
319.34 154.58 369.22 287.4 0.01237
0.0 155.42 75.351 238.63 0.012254
134.39 362.94 218.39 375.0 0.012221
1216.1 27.943 1242.0 127.07 0.012193
168.96 360.31 224.32 375.0 0.012156
1215.2 266.66 1242.0 325.42 0.012112
638.49 92.964 697.79 249.43 0.01209
1098.9 168.45 1213.5 211.53 0.012059
