102.63 168.61 179.01 272.44
1202.0 126.49 1242.0 261.23
0.0 125.64 121.28 308.06
1047.16 143.47 1117.63 157.14
1078.31 169.65 1115.98 179.74
100.69 140.96 224.66 254.98
660.81 163.27 674.16 202.34
666.72 187.42 677.21 210.76
1182.41 141.57 1189.67 170.21
1225.9 152.95 1242.0 266.54
1225.9 133.47 1242.0 238.47
1211.2 149.32 1240.5 288.01
1215.7 145.43 1242.0 269.09
1178.3 145.42 1242.0 234.61
1192.7 134.45 1242.0 248.44
1196.9 149.93 1242.0 265.37
1210.0 132.54 1240.2 251.75
1203.0 152.63 1235.4 283.64
1215.0 123.56 1242.0 241.01
0.0 109.21 149.73 281.62
0.0 95.77 93.483 305.17
0.0 135.79 143.58 311.02
95.37 150.96 239.38 231.64
124.31 137.4 196.38 269.53
98.008 181.0 150.05 282.86
85.818 164.11 156.33 294.45
73.221 184.72 151.56 279.64
78.755 178.4 166.42 244.09
103.25 151.48 178.05 296.05
112.82 170.05 157.34 265.06
109.19 183.37 155.9 284.41
115.67 192.92 152.07 292.82
124.08 168.81 163.83 247.98
132.17 172.86 171.26 253.78
1054.3 157.25 1100.1 176.5
1040.5 157.02 1088.5 176.67
1049.4 153.17 1095.8 174.05
1054.2 161.59 1098.0 179.31
1045.6 161.36 1090.5 179.59
1050.2 165.84 1093.4 183.78
1059.6 153.17 1103.7 174.23
1018.5 149.61 1111.9 184.81
1049.4 149.7 1095.9 169.98
1040.2 149.68 1087.7 169.9
1063.6 156.97 1107.0 177.0
1058.0 165.57 1100.2 183.61
1058.6 149.46 1103.1 170.5
1059.2 159.06 1091.4 180.01
1053.9 154.68 1089.2 177.85
1058.6 151.61 1094.3 175.74
1035.0 141.64 1128.0 179.56
1032.7 133.2 1127.7 173.58
1049.7 130.91 1141.2 172.27
668.96 167.74 684.73 206.51
673.15 167.13 687.61 205.6
664.19 174.76 688.78 197.0
671.01 174.15 704.03 193.64
671.35 173.43 695.46 196.27
677.19 166.39 691.74 205.08
663.24 178.84 696.41 196.87
1049.7 170.04 1092.9 188.5
1049.0 173.97 1092.7 193.62
1090.0 140.66 1141.2 162.63
1198.9 114.94 1218.8 176.68
1173.2 112.86 1189.8 169.59
75.326 173.09 132.06 288.93
69.27 168.63 134.91 302.82
64.803 175.58 119.09 285.76
86.753 172.73 144.87 286.38
66.612 178.34 140.73 269.9
