1031.17 157.24 1122.24 309.93
1205.26 131.31 1242.0 223.19
1236.39 154.61 1242.0 195.46
1234.9 177.94 1242.0 195.46
700.94 179.49 788.05 206.51
1234.45 214.73 1242.0 248.03
733.05 139.29 740.11 215.25
99.78 214.06 137.27 241.88
1216.56 253.99 1242.0 288.47
1105.27 111.58 1242.0 263.18
0.0 185.25 17.63 231.52
1118.6 233.32 1242.0 375.0
1131.9 126.95 1241.0 233.28
1084.7 104.04 1241.0 274.58
1054.0 163.86 1121.9 316.75
1059.9 161.29 1117.6 304.02
1038.8 159.3 1135.9 303.3
1040.6 180.88 1114.3 324.26
1051.3 164.06 1101.5 293.57
1026.3 168.88 1106.9 317.2
1049.9 173.88 1125.3 291.84
1006.9 164.05 1126.0 302.46
1007.8 185.72 1133.7 326.0
1021.0 137.53 1098.5 292.76
714.17 150.91 806.93 184.47
723.2 157.57 817.14 192.48
717.31 155.03 770.68 178.45
726.95 155.41 779.35 178.33
726.32 151.58 760.94 183.16
705.28 154.59 800.73 191.09
720.26 158.45 775.24 182.14
697.51 149.61 786.8 184.4
712.94 163.77 812.78 200.02
716.53 162.31 770.15 185.15
1118.8 206.36 1241.0 375.0
0.0 206.18 7.5358 260.89
1223.9 128.61 1241.0 230.3
1205.6 154.05 1241.0 197.69
1216.7 155.85 1241.0 215.46
1184.0 118.81 1241.0 238.4
1216.8 141.64 1241.0 199.42
1200.7 128.83 1236.0 238.65
1214.3 125.86 1241.0 240.09
1223.1 105.61 1241.0 204.91
1189.5 129.76 1230.4 234.59
1180.2 137.73 1222.7 238.02
1190.5 153.66 1241.0 198.56
1227.4 156.0 1241.0 238.46
1223.3 152.96 1241.0 231.84
1232.0 145.04 1241.0 214.09
1231.9 159.42 1241.0 232.37
1227.7 138.04 1241.0 216.07
1223.6 135.42 1241.0 209.91
1218.9 153.37 1238.0 231.75
1184.9 148.34 1240.7 208.53
1194.9 155.69 1241.0 217.82
1214.6 150.17 1234.8 227.14
1219.2 139.54 1238.3 213.65
1207.7 152.94 1226.0 228.16
1211.3 149.72 1230.3 225.7
1207.8 139.38 1225.4 209.84
1214.8 135.29 1234.5 210.41
1208.2 113.64 1241.0 226.9
1233.2 191.19 1241.0 225.45
1229.8 194.39 1241.0 220.34
1215.1 186.38 1241.0 244.69
1208.5 200.91 1241.0 244.07
1234.1 199.51 1241.0 232.6
1231.4 202.4 1241.0 228.24
1236.4 194.02 1241.0 248.8
1211.8 211.45 1241.0 252.36
1212.8 219.09 1241.0 258.21
1217.3 196.23 1241.0 251.01
1213.0 226.6 1241.0 267.13
1218.1 206.8 1241.0 257.62
1211.3 232.42 1241.0 275.49
1220.7 221.25 1241.0 273.6
127.79 212.22 144.91 259.35
124.02 212.47 141.6 260.01
121.16 236.54 163.06 259.77
128.88 227.6 144.46 269.76
124.35 227.33 140.6 271.08
113.67 236.43 155.47 259.9
129.75 234.31 159.5 263.28
116.35 238.56 158.87 263.39
120.25 212.15 138.24 259.66
120.44 227.71 136.92 271.57
125.69 216.9 153.82 247.69
123.97 238.92 165.94 262.94
116.97 233.22 159.96 256.01
122.0 234.29 151.8 262.78
125.19 231.41 157.19 260.19
734.83 141.68 752.92 190.2
731.15 142.28 749.88 190.34
744.32 142.53 761.32 186.79
740.16 141.65 757.41 187.59
747.36 142.69 764.42 186.92
751.89 142.56 768.14 186.0
727.73 139.83 747.27 192.78
1235.9 150.24 1241.0 206.38
1207.0 147.03 1241.0 190.61
1233.4 160.21 1241.0 192.65
1236.5 139.34 1241.0 194.41
1229.6 162.97 1241.0 188.21
1207.1 139.99 1241.0 182.13
1233.6 152.26 1241.0 184.62
1233.4 168.08 1241.0 200.74
1230.0 154.99 1241.0 180.27
1233.0 183.41 1241.0 217.8
1229.7 170.86 1241.0 195.99
1233.0 175.68 1241.0 209.52
1229.7 178.69 1241.0 204.31
1206.8 131.69 1241.0 173.49
1215.3 126.49 1241.0 181.97
1230.8 147.73 1241.0 173.0
1233.2 145.15 1241.0 177.33
1205.4 170.24 1241.0 213.8
1229.7 186.58 1241.0 212.52
1071.2 168.39 1129.3 295.89
1030.4 197.52 1138.1 317.99
1069.1 162.21 1139.9 319.11
