451.1 175.24 552.19 221.32
592.22 182.12 659.06 234.35
702.73 185.04 755.5 225.17
694.44 173.02 741.74 215.76
719.71 180.49 759.66 253.35
0.0 163.18 125.13 231.45
859.86 193.45 1242.0 375.0
758.63 172.38 906.97 277.82
249.01 175.8 354.03 231.02
545.88 199.26 566.63 213.18
543.52 178.79 553.26 196.37
746.61 185.52 791.02 238.49
384.77 171.5 479.43 247.35
750.53 176.45 802.36 191.02
549.66 165.93 604.63 196.41
553.47 148.94 593.57 204.78
553.45 188.9 584.34 206.67
559.3 152.24 564.74 174.54
677.77 181.31 692.34 199.26
654.27 191.13 686.97 200.03
692.91 191.17 697.18 199.27
655.92 188.13 660.53 193.3
612.86 178.87 642.35 183.33
539.32 150.41 546.48 172.8
778.11 147.46 829.81 184.42
205.09 152.03 477.77 277.12
804.27 149.8 868.24 165.56
839.06 162.71 850.94 185.13
199.21 142.15 210.27 182.05
728.15 175.76 743.13 179.34
455.15 175.39 480.79 184.58
376.54 146.55 433.23 179.23
414.34 172.68 437.91 182.31
578.56 191.23 604.48 199.93
776.1 149.17 782.37 190.15
742.64 183.17 749.92 187.68
65.13 175.73 280.6 252.56
351.81 174.89 407.18 180.56
850.97 156.0 898.37 166.51
507.61 147.12 517.72 177.86
580.34 191.48 594.03 195.91
824.23 167.13 933.96 186.36
874.92 204.97 1213.3 367.14
233.65 169.95 505.4 285.26
198.04 158.8 475.5 292.88
765.79 169.97 919.26 281.88
738.37 176.02 891.19 267.74
748.79 197.95 908.78 286.39
786.37 175.84 935.48 265.21
775.61 168.79 910.5 259.55
87.37 173.58 280.52 243.12
2.0784 176.07 109.32 228.6
0.0 174.08 111.48 239.69
13.171 176.25 99.362 242.26
21.8 175.19 117.06 220.91
5.1993 173.42 97.626 212.44
12.944 181.0 122.23 235.67
28.716 134.2 101.07 252.0
0.0 158.88 134.11 226.21
436.56 177.46 554.33 224.74
469.85 178.52 553.88 219.04
443.91 174.62 543.66 217.08
426.92 177.48 532.18 220.98
450.86 173.77 533.19 206.49
465.36 176.83 527.4 200.56
464.03 179.4 530.84 208.34
476.44 175.98 537.61 202.1
473.65 178.08 544.76 206.71
443.66 166.78 578.92 222.57
456.24 182.52 553.97 229.45
468.36 172.75 528.62 194.61
436.99 168.0 559.47 231.73
479.53 172.71 535.63 196.01
424.26 170.12 534.98 239.4
464.25 165.31 565.33 227.57
428.15 178.68 567.07 237.19
472.2 155.94 523.39 244.88
594.22 182.62 659.76 235.07
606.34 180.34 657.15 228.55
597.39 180.03 649.66 223.39
602.61 172.64 647.48 238.78
604.4 177.7 656.05 213.58
606.95 177.64 640.68 206.95
606.22 180.76 642.73 243.47
604.31 181.89 651.7 209.44
590.44 193.45 662.64 239.27
614.29 179.93 649.4 210.59
604.55 182.77 652.28 225.99
613.23 177.4 650.5 241.58
612.8 182.69 657.56 206.88
613.37 167.99 629.95 207.26
610.78 173.28 649.26 227.82
617.01 167.57 632.93 204.98
601.79 179.39 638.6 212.69
612.25 180.92 652.0 218.06
604.51 180.25 644.43 218.66
621.79 180.61 651.94 207.76
612.01 170.41 629.12 214.84
595.29 182.01 643.01 209.45
611.58 181.24 664.82 220.34
615.83 170.29 632.77 213.66
610.53 172.84 630.31 223.28
601.41 174.25 639.66 231.17
620.24 170.26 636.56 211.95
614.31 172.72 634.08 223.7
614.3 183.52 657.11 223.03
597.44 177.36 631.78 237.98
600.52 181.97 640.1 223.9
622.19 172.7 642.44 221.65
591.81 176.69 637.86 216.63
622.15 171.64 653.36 227.38
568.05 174.95 678.84 243.32
600.72 160.41 654.41 261.16
818.42 174.43 905.69 212.27
387.41 172.68 444.86 196.58
386.6 175.37 452.46 202.22
390.74 172.08 441.16 191.96
399.13 171.84 439.95 199.58
393.99 171.1 432.35 197.55
405.07 163.6 420.14 202.89
378.72 173.2 435.97 195.16
397.55 172.38 455.44 197.11
401.62 174.17 445.02 203.45
373.58 172.0 455.76 203.19
401.92 164.72 415.7 201.93
221.19 177.56 335.02 222.18
241.58 177.8 352.03 225.34
225.37 182.68 348.06 232.42
237.19 175.73 335.8 215.01
246.03 181.78 371.55 234.88
257.36 176.48 353.0 217.56
263.87 179.1 374.99 225.22
232.26 171.76 326.8 227.32
253.19 172.75 337.7 221.41
235.25 189.37 363.85 245.24
271.07 176.16 370.84 214.36
260.73 175.22 324.03 203.6
251.33 174.38 343.98 210.01
263.8 178.33 331.94 209.12
234.52 178.53 340.85 242.7
376.1 175.47 503.54 242.25
372.36 180.12 484.17 237.37
368.25 176.44 473.55 226.29
389.03 178.8 494.87 229.11
382.25 182.7 502.38 243.28
409.75 178.62 509.27 224.1
362.2 187.43 486.28 246.97
378.27 179.81 477.78 256.74
399.2 175.89 496.63 217.52
410.65 165.59 455.01 259.98
405.44 177.02 495.56 241.2
378.34 177.23 488.35 270.14
406.88 160.59 460.2 265.32
370.9 173.34 462.43 240.62
398.89 180.27 501.48 262.07
695.64 175.68 758.45 225.28
706.1 178.98 769.87 231.29
691.01 173.0 750.32 219.36
712.97 180.03 777.06 240.55
708.55 176.47 775.87 216.92
723.43 178.3 780.51 251.3
730.6 187.25 751.82 251.21
685.91 172.5 738.09 215.85
726.45 178.37 763.06 252.69
699.81 184.06 750.85 223.59
690.24 175.23 744.95 212.1
686.38 174.0 731.05 210.68
707.02 182.82 760.12 225.19
726.68 181.65 754.97 246.49
721.69 180.02 757.12 247.48
698.35 179.33 751.64 214.92
677.66 176.72 726.58 205.21
728.01 189.65 748.42 247.92
722.32 182.64 751.79 239.89
729.7 175.26 757.67 238.52
695.76 172.11 741.04 208.0
718.5 171.84 751.88 235.6
694.31 174.36 757.32 209.09
711.45 170.95 744.58 232.94
715.12 181.9 767.29 229.21
699.28 173.56 751.38 206.42
704.72 170.23 739.15 232.61
697.2 171.48 745.14 199.75
725.67 173.12 754.04 234.19
714.21 189.93 757.09 230.75
725.83 171.31 759.71 237.0
706.27 174.61 754.09 212.99
719.6 187.64 765.15 235.56
699.09 170.5 732.14 229.18
721.38 174.91 749.89 230.68
718.09 181.15 746.55 235.77
728.29 190.31 765.62 247.13
708.11 170.41 742.84 200.22
717.1 165.5 738.23 210.25
710.58 174.47 779.46 206.08
713.96 181.54 741.12 234.0
723.38 192.7 757.27 242.85
721.34 166.17 741.82 210.32
704.69 192.13 746.26 226.86
710.47 178.08 737.42 231.64
709.29 180.25 767.57 213.14
700.99 164.22 740.72 220.73
723.71 190.67 745.93 239.71
717.01 171.16 745.28 225.38
686.43 179.84 740.0 215.57
680.52 171.96 727.08 211.75
729.75 169.18 748.97 220.69
685.99 171.04 735.63 200.58
724.07 170.22 745.25 221.21
706.34 173.63 734.83 227.07
715.95 170.07 739.93 220.24
712.83 168.03 735.41 217.13
708.99 165.46 745.94 218.3
534.29 175.61 584.46 199.58
530.77 173.67 576.91 203.61
543.84 174.81 586.12 196.03
541.29 177.05 579.6 202.31
548.84 172.96 582.85 198.52
531.14 170.95 584.64 193.72
536.55 179.14 575.28 204.77
566.78 174.2 596.84 194.31
684.62 175.0 720.09 208.33
692.4 167.98 716.79 216.02
701.37 171.87 745.83 191.6
689.19 172.19 713.92 201.43
685.89 180.66 720.83 212.98
693.59 166.79 723.45 220.08
690.49 171.12 724.02 202.51
683.61 173.03 719.86 196.31
752.92 176.28 822.9 211.54
804.7 174.6 840.36 193.83
767.53 175.73 831.57 209.85
760.71 175.78 815.31 200.91
796.94 174.16 832.48 192.63
797.5 177.29 835.47 197.03
754.92 172.57 807.9 196.38
776.23 175.44 846.35 208.75
792.53 175.43 826.51 192.83
758.66 176.96 819.01 206.87
802.02 174.48 827.6 196.28
800.59 171.78 836.61 191.03
782.1 175.0 819.42 193.1
767.09 173.75 813.16 195.24
795.58 175.93 821.34 196.97
806.79 175.84 832.59 198.72
757.38 173.29 805.67 191.17
774.14 174.74 809.75 202.82
805.19 171.54 831.3 194.12
793.39 171.21 856.86 199.05
818.37 176.48 855.31 192.54
816.23 173.41 856.24 190.08
822.91 176.02 862.81 191.91
821.73 175.99 851.13 195.49
829.74 174.99 875.26 192.84
813.96 174.79 841.19 195.53
809.47 172.29 845.88 190.75
817.57 168.91 856.49 187.33
816.95 173.03 846.58 193.34
721.31 176.82 805.4 225.33
739.43 186.6 764.54 255.08
718.81 175.8 801.07 241.0
731.4 174.04 810.44 216.22
732.89 179.0 771.36 261.59
745.37 188.87 766.56 255.8
747.89 184.3 771.37 256.41
729.2 174.04 815.67 248.11
736.86 174.42 779.85 262.92
733.53 179.62 761.81 246.02
743.29 173.2 789.0 265.16
750.18 171.2 798.85 268.14
762.34 169.79 802.02 252.26
734.6 169.29 770.1 239.26
747.92 163.01 789.94 240.32
771.05 168.13 810.01 255.51
733.81 195.78 767.75 252.07
752.83 188.77 772.73 254.16
740.56 180.62 770.33 247.37
757.36 166.5 793.27 227.5
759.61 164.0 777.63 210.13
755.86 163.79 773.74 210.5
764.59 168.75 799.0 236.46
733.18 203.42 761.78 253.89
737.7 166.53 769.6 225.52
739.1 202.82 769.85 255.5
747.09 163.79 782.02 227.34
737.79 176.68 764.31 238.09
774.9 168.7 806.79 235.76
730.6 185.25 799.51 259.34
738.9 175.97 800.31 204.13
740.65 173.23 800.22 197.95
730.87 173.32 803.5 204.94
747.33 172.72 792.62 205.14
748.1 170.07 785.91 199.4
743.55 173.65 800.3 190.8
735.36 173.86 791.37 201.37
736.59 171.68 788.27 196.24
746.01 176.95 807.94 206.96
777.3 178.69 825.81 204.12
753.11 171.56 795.3 198.54
676.51 170.14 688.25 199.53
671.51 172.54 689.95 198.01
674.17 169.04 686.56 198.2
672.88 174.79 692.74 199.8
682.94 175.27 711.51 205.59
679.52 170.43 690.15 202.11
681.62 176.68 701.36 202.83
672.76 171.62 683.49 197.21
665.7 177.34 693.11 197.71
686.43 171.76 697.21 204.2
689.28 170.51 702.9 207.25
690.34 169.54 710.08 213.26
676.57 177.16 698.19 201.08
669.82 177.64 699.59 198.97
677.88 178.92 710.02 201.29
669.72 170.7 687.77 194.98
667.84 174.37 693.01 193.65
665.84 173.6 684.77 196.0
671.06 166.59 683.83 195.97
688.38 172.93 705.38 212.82
681.53 172.95 692.76 204.97
692.9 167.83 707.68 207.48
668.36 171.35 679.45 196.62
686.1 173.85 707.34 200.81
672.37 167.64 689.51 193.67
686.81 174.31 699.55 209.46
672.59 174.69 698.07 195.21
519.54 175.2 581.04 202.22
521.69 179.48 574.22 205.18
516.44 172.78 583.93 204.27
514.85 172.29 573.95 197.4
817.97 179.34 859.26 196.4
809.49 174.59 835.48 195.92
819.17 178.06 848.07 197.86
825.78 178.65 873.52 196.67
814.49 180.08 863.82 201.89
629.57 178.73 657.06 196.56
631.8 176.02 658.37 192.63
641.66 172.99 663.55 193.74
628.22 180.85 660.66 200.23
638.07 174.21 659.37 195.19
635.77 175.26 663.4 191.85
639.67 174.35 666.74 190.84
636.46 176.91 657.6 198.99
643.76 171.5 667.52 191.72
645.37 170.45 659.37 200.02
639.98 176.17 660.87 198.22
612.04 178.01 645.0 197.34
620.39 178.56 650.34 196.21
610.8 176.47 638.89 200.31
616.24 175.62 640.99 195.35
606.29 180.25 648.33 203.37
627.27 179.05 650.25 198.68
620.41 176.4 646.8 192.5
616.26 180.33 654.4 200.14
619.36 178.32 650.25 203.15
609.32 174.37 633.82 197.43
607.44 174.68 638.37 193.51
605.13 176.99 631.81 201.32
601.26 177.56 636.66 198.5
611.77 174.46 640.75 189.22
597.08 179.74 641.24 203.9
633.35 176.13 654.02 195.73
621.15 168.1 636.38 202.74
625.38 168.88 640.94 202.55
629.23 179.21 654.68 202.69
629.74 170.6 644.51 202.22
609.49 168.85 625.49 207.91
634.21 173.25 647.1 201.78
633.38 172.74 647.95 209.04
602.21 177.39 626.53 200.83
642.27 172.03 654.17 204.55
604.79 173.51 634.68 189.32
600.21 174.76 630.06 193.27
601.69 173.45 625.22 227.29
606.95 171.99 626.45 223.97
783.57 168.8 800.99 215.32
223.8 163.16 239.34 211.9
736.55 165.72 752.15 209.14
740.43 166.34 755.11 208.9
448.11 175.4 506.04 201.12
452.07 173.34 503.15 195.53
461.07 165.32 476.21 204.65
453.34 171.97 485.98 198.38
454.67 174.13 491.72 201.43
459.65 172.18 494.16 197.75
457.8 164.44 472.34 204.21
465.17 164.8 478.3 203.03
468.84 163.42 482.49 202.24
513.67 173.52 560.66 203.39
387.44 173.68 467.76 205.02
411.73 165.78 428.36 207.88
408.37 165.48 424.58 208.31
416.09 162.77 432.14 205.07
420.28 162.38 435.76 205.49
630.79 173.95 649.26 218.07
626.17 173.49 646.44 221.05
732.92 184.13 756.38 254.87
738.2 190.88 758.76 257.02
732.84 195.13 749.77 252.19
733.72 168.59 759.36 228.78
729.04 178.52 755.89 258.06
733.93 170.4 784.83 278.86
724.05 164.2 771.36 274.27
71.241 188.9 236.18 259.37
268.99 177.24 483.93 277.85
323.09 179.71 486.78 268.06
103.16 189.67 280.97 258.34
2.0232 209.45 164.8 367.24
481.65 176.13 556.94 211.84
198.51 177.57 319.34 220.4
5.5561 195.0 177.46 362.65
343.42 176.52 489.86 253.36
492.56 174.38 562.82 208.23
39.158 191.73 219.76 276.81
234.21 180.79 443.61 263.31
0.0 179.82 91.715 235.08
116.83 181.01 315.09 250.54
49.92 185.1 204.06 263.9
707.14 180.79 794.32 233.93
169.97 182.82 303.77 234.83
11.382 183.25 182.8 346.84
393.2 173.05 523.58 236.17
84.879 189.36 220.43 255.01
217.4 179.0 389.22 242.58
508.72 175.45 571.46 205.48
139.38 189.38 274.77 247.03
155.54 177.33 339.92 238.81
732.85 179.57 822.36 232.11
506.46 175.29 568.19 201.25
20.61 181.48 176.29 264.24
733.02 176.23 868.89 253.6
11.964 193.96 182.19 292.39
0.0 170.46 116.62 273.57
120.99 190.08 247.55 248.44
716.56 175.24 791.14 215.63
181.59 173.25 303.31 220.71
846.17 188.4 1126.7 356.03
20.038 199.36 222.81 306.14
2.8907 191.81 216.42 335.83
0.0 202.93 197.99 324.57
36.019 183.01 209.3 327.3
746.75 178.03 822.24 221.54
6.5783 217.22 205.76 351.77
0.0 176.82 61.839 235.01
6.4425 181.34 151.87 313.2
799.98 206.85 1242.0 375.0
0.94142 227.75 132.85 375.0
718.94 175.17 836.92 246.26
0.0 177.84 70.817 221.81
296.36 193.31 481.09 282.02
0.0 189.74 120.38 343.3
740.39 130.91 1242.0 375.0
420.46 173.37 549.73 227.37
499.28 178.32 559.77 204.09
381.76 176.81 472.39 215.75
165.88 192.24 294.08 247.21
6.9216 176.32 101.79 370.54
3.7249 182.18 109.55 305.34
748.65 173.95 825.92 238.23
64.495 194.77 200.98 253.78
5.0042 171.66 88.737 225.64
17.992 178.8 146.09 375.0
184.3 180.98 352.25 244.62
58.22 205.95 232.5 282.24
17.023 160.36 92.303 299.63
0.0 193.32 133.87 286.31
2.8186 213.88 80.645 375.0
195.44 173.35 360.38 233.18
704.33 172.82 812.83 241.49
0.0 191.56 93.758 242.17
1.1622 183.11 83.666 249.36
29.598 172.13 151.12 369.9
264.44 188.8 455.72 288.64
30.775 216.3 227.26 325.89
789.0 185.53 926.09 282.63
102.35 183.48 221.52 244.4
21.105 160.0 112.12 343.64
158.76 177.19 287.69 230.75
125.61 199.29 258.85 254.99
0.0 222.53 201.03 371.73
0.0 218.43 137.09 336.98
7.7017 174.55 88.568 263.85
24.321 190.43 259.58 321.16
154.86 200.1 277.55 253.53
220.16 164.06 235.55 214.72
438.9 172.68 515.1 217.55
0.013426 185.0 53.242 249.13
231.95 163.34 247.56 212.12
228.08 163.11 243.35 211.9
4.7025 178.22 44.662 271.9
236.07 164.81 251.1 211.44
930.65 184.63 1232.1 354.74
0.65512 173.25 33.848 280.61
897.97 208.98 1157.2 356.78
207.64 174.44 310.99 208.94
324.34 175.95 497.93 238.28
72.68 193.51 225.63 293.97
507.18 172.44 561.31 196.97
1.893 167.38 35.846 254.03
880.6 214.7 1140.5 375.0
173.03 178.2 282.49 243.39
39.498 210.92 250.8 355.04
0.0 172.71 44.995 228.06
51.983 160.33 167.55 364.34
193.06 184.13 326.49 235.66
507.87 180.25 567.27 206.18
8.869 168.89 73.282 344.81
0.0 206.29 96.378 356.59
454.85 176.48 515.77 199.69
734.53 184.59 836.45 240.54
0.0 162.77 361.76 375.0
5.4479 171.84 28.011 238.91
896.08 173.53 1175.9 323.39
488.0 178.91 553.15 205.59
222.05 177.76 303.73 208.0
803.08 152.94 886.15 301.86
0.0 181.33 42.292 242.77
8.8143 172.45 32.181 237.2
0.0 86.708 288.9 375.0
13.852 170.62 71.854 302.69
77.62 166.53 173.78 355.26
216.23 164.45 232.52 215.66
240.52 164.69 255.22 210.21
7.5183 169.25 45.789 247.43
15.487 236.19 189.16 375.0
713.9 187.93 808.81 244.67
259.61 186.69 386.07 241.92
901.44 203.77 1130.7 322.98
978.59 219.39 1219.2 327.0
7.9983 176.26 56.704 269.88
215.33 172.59 308.11 220.02
245.03 162.99 259.5 214.29
186.48 169.79 296.94 211.03
2.7939 169.41 22.691 238.62
768.59 177.41 850.42 221.17
506.3 176.24 552.13 206.13
269.08 179.23 390.56 235.17
5.7473 184.25 41.818 300.97
791.0 178.38 828.27 197.63
790.76 160.56 874.31 310.29
96.294 205.09 226.0 260.92
4.8958 153.96 141.47 375.0
492.35 176.61 551.7 200.62
808.78 177.51 849.45 196.74
747.29 178.71 845.75 232.77
917.28 212.94 1189.0 334.3
0.0 166.58 17.101 230.49
837.76 238.46 1195.2 375.0
0.23888 162.97 26.574 261.24
