0.0 183.7 112.44 225.89
295.37 151.08 343.2 179.91
300.18 151.49 310.27 184.23
280.85 197.24 309.15 208.15
337.05 178.51 361.96 198.16
368.6 193.93 404.12 200.85
364.21 188.48 371.51 193.84
259.25 186.85 305.05 201.55
127.12 191.07 184.97 212.18
209.62 195.79 238.27 206.41
204.85 164.48 232.96 183.83
395.3 191.7 412.85 195.68
286.88 175.97 299.9 179.77
413.65 191.29 458.96 197.77
443.31 202.61 482.01 215.62
447.81 187.7 473.02 193.94
431.85 203.73 445.79 218.58
125.36 214.08 158.07 221.05
224.71 149.08 231.27 178.02
0.0 142.85 92.63 219.15
689.32 153.11 724.49 183.68
680.09 186.43 743.94 196.13
706.96 166.99 736.94 188.74
690.69 192.52 756.77 199.29
687.77 187.08 714.02 192.59
720.08 161.43 728.88 167.22
734.5 169.96 745.3 178.74
693.72 175.78 701.79 188.44
630.65 149.05 685.59 193.12
106.89 145.12 128.69 198.27
725.36 148.22 811.01 201.06
1209.77 183.91 1242.0 190.35
90.5 144.28 121.76 208.46
629.68 176.98 681.52 204.26
636.12 141.61 676.81 214.93
628.72 149.48 682.19 208.96
630.98 165.08 689.24 204.59
632.81 156.72 692.04 199.49
644.25 149.91 678.83 217.33
621.3 171.94 688.61 206.51
642.19 135.96 682.73 216.1
640.0 152.74 672.64 222.63
632.15 145.98 667.97 217.93
0.0 169.29 72.404 248.5
0.0 137.23 74.828 221.01
0.0 150.15 104.65 236.81
0.0 117.43 71.387 204.17
728.67 154.15 826.03 194.98
719.68 147.75 815.94 190.38
706.54 158.48 786.98 193.63
709.24 150.34 798.67 189.21
717.22 156.48 804.81 193.88
734.51 148.63 831.99 189.45
742.67 163.98 826.53 199.51
704.09 165.62 784.69 199.12
726.35 163.37 813.93 199.26
704.85 129.53 825.59 217.17
0.0 188.89 106.47 235.43
0.0 187.3 116.23 240.63
9.4701 186.13 109.98 226.76
0.0 185.56 82.743 226.53
0.0 179.31 97.93 248.18
27.471 184.69 105.99 232.52
4.3518 182.36 100.82 216.84
16.875 196.23 112.75 236.38
4.3164 199.01 103.83 241.81
23.506 192.0 93.761 225.16
29.712 190.33 97.192 218.91
16.122 194.75 87.719 229.03
17.811 179.67 110.14 214.87
0.0 186.96 130.13 255.84
0.22079 169.65 125.22 239.54
25.171 206.07 112.59 243.92
22.046 178.82 133.0 251.45
116.12 173.43 146.99 231.84
63.421 166.58 95.454 228.57
702.52 169.89 732.09 186.03
704.68 172.55 734.78 187.54
708.4 170.39 735.58 185.6
698.0 172.14 728.51 187.65
711.5 172.85 739.5 188.24
710.86 175.75 738.37 190.18
285.23 179.68 338.52 203.45
294.62 178.65 343.55 201.13
316.53 180.54 364.44 201.1
304.96 178.74 352.05 199.59
279.86 177.76 346.21 204.41
291.4 177.51 358.56 204.05
280.93 181.03 324.47 201.69
289.5 178.57 329.1 202.22
305.59 177.73 345.66 196.52
318.98 177.99 358.24 196.46
308.31 177.77 373.0 204.97
292.34 177.4 336.68 197.36
301.4 177.63 336.18 200.41
317.28 177.9 349.93 199.28
287.99 177.58 329.59 195.19
306.1 179.76 346.59 203.8
300.76 172.88 315.7 209.02
308.07 170.87 323.3 205.87
312.05 170.84 326.75 204.91
316.76 171.16 330.05 203.97
304.63 171.21 319.72 205.75
277.06 175.02 338.09 208.92
321.09 171.49 334.88 204.09
282.7 179.13 315.03 199.89
305.31 172.67 364.96 206.19
281.72 176.16 319.0 193.85
289.44 177.42 320.13 198.11
300.76 172.58 317.74 200.97
297.65 170.96 314.41 200.97
305.49 176.65 333.25 195.83
307.32 174.85 342.7 191.7
320.9 175.54 357.09 191.96
285.33 167.62 366.44 202.13
283.62 167.21 349.18 206.48
266.46 165.42 344.91 200.28
304.46 164.29 366.18 202.93
322.25 150.95 353.46 206.92
289.08 150.17 322.6 209.03
691.8 160.17 763.41 192.33
247.69 180.82 303.84 206.62
257.61 181.66 307.61 204.36
244.74 179.28 311.09 206.74
263.59 178.01 330.23 206.36
234.21 180.89 304.85 210.98
269.61 181.89 312.64 202.13
253.54 179.59 297.97 203.82
241.04 183.72 296.05 207.38
265.83 180.36 306.4 199.32
249.34 186.24 303.59 209.14
275.09 179.65 312.74 198.29
263.96 173.58 280.54 215.18
244.71 181.19 286.99 206.26
251.85 178.91 298.64 196.82
234.44 175.46 303.83 206.06
284.28 183.78 332.61 205.65
267.83 172.82 283.62 211.19
270.61 173.76 286.97 211.06
260.93 173.49 277.99 216.16
273.32 174.86 290.86 210.97
264.77 171.44 282.04 206.7
262.36 179.08 302.33 195.14
270.74 177.89 307.52 194.35
261.83 170.9 278.93 206.32
237.82 186.29 289.51 209.32
260.51 172.14 286.14 221.3
264.08 184.24 310.43 207.06
265.04 173.66 290.61 222.96
266.63 176.12 284.66 218.58
257.63 162.74 292.02 213.64
255.36 165.76 282.16 218.5
263.67 165.85 296.95 212.39
253.01 182.69 333.27 213.88
273.59 171.25 295.04 224.23
275.52 168.87 295.45 213.33
249.52 177.92 309.4 214.55
250.93 159.69 283.54 215.3
287.38 165.42 307.47 212.33
247.49 164.59 327.53 199.3
273.23 164.63 299.35 210.25
231.51 164.21 310.96 201.29
431.13 175.58 460.03 191.1
436.46 175.8 463.12 190.13
400.65 176.82 429.82 193.03
421.66 175.74 452.47 192.39
426.32 174.3 457.15 190.24
416.66 175.86 446.55 192.47
439.91 173.24 462.12 189.21
408.36 176.48 439.07 192.74
427.25 176.73 457.74 192.88
405.69 175.03 435.36 191.31
413.99 175.01 442.96 190.66
412.48 177.77 442.16 193.73
442.6 172.45 467.42 187.34
438.5 170.32 451.67 195.62
422.83 172.66 452.05 188.32
434.37 170.65 447.29 196.06
385.6 167.97 460.97 199.37
403.96 167.79 476.88 196.76
298.21 173.63 313.18 209.7
326.0 171.23 339.37 203.43
306.48 175.52 322.67 211.81
302.65 175.56 318.79 212.26
310.82 176.72 326.76 211.96
301.69 166.12 326.61 213.86
295.74 165.18 320.62 214.1
317.75 166.7 339.34 212.32
295.21 153.77 332.34 213.09
339.04 179.07 377.1 197.77
332.12 179.38 370.76 198.34
348.19 179.49 380.63 197.27
360.87 178.87 390.61 195.3
351.67 178.17 381.08 194.35
326.2 178.91 361.48 201.03
336.06 178.11 369.16 195.28
327.77 178.27 364.48 195.62
335.57 180.98 373.22 201.43
343.43 177.84 372.15 196.78
344.13 180.52 377.27 200.93
324.3 176.16 386.35 204.13
354.32 176.12 383.78 190.71
350.01 182.24 382.33 200.76
347.35 176.03 378.24 190.42
357.13 173.9 370.54 203.43
341.28 173.62 354.59 204.99
337.87 172.74 351.24 204.87
355.03 173.46 367.69 203.02
334.03 172.16 347.76 204.42
355.61 172.08 368.75 197.07
315.5 185.5 360.78 204.1
360.45 174.97 372.49 202.9
330.51 171.7 343.94 203.92
360.84 172.62 374.01 197.56
338.57 176.1 370.15 192.22
338.99 178.24 354.48 209.12
345.29 173.11 356.92 203.27
359.26 181.68 387.32 199.11
335.5 177.73 350.87 209.71
364.47 175.59 375.63 202.45
357.24 170.39 373.02 195.77
351.17 172.48 361.91 202.06
307.72 185.88 354.77 204.94
349.74 176.43 361.32 206.31
354.56 177.29 370.46 206.77
365.59 172.29 377.07 196.61
330.52 176.03 363.88 191.41
343.24 179.03 357.94 209.44
332.07 177.21 347.65 209.93
351.4 170.69 362.79 196.02
351.76 178.09 366.93 206.68
327.68 185.55 367.45 204.27
361.71 169.36 376.1 194.89
358.17 178.14 374.16 207.51
328.6 177.02 344.22 210.01
327.25 177.43 355.25 194.72
318.82 173.79 377.59 206.62
333.45 164.73 356.42 212.04
325.98 163.45 349.54 210.41
348.15 162.27 372.26 213.21
340.54 164.06 363.65 210.79
355.49 161.32 380.56 215.77
344.77 149.25 379.1 208.34
329.81 151.42 361.18 207.56
337.66 162.51 363.61 223.24
362.94 156.83 390.02 210.35
311.79 153.8 343.85 210.06
367.99 178.58 397.82 195.32
374.08 178.92 405.25 195.3
378.51 177.73 408.05 193.9
383.44 177.22 414.59 193.61
389.51 176.85 421.52 193.81
393.76 178.72 424.92 194.52
367.52 176.07 397.67 191.61
374.66 177.03 403.96 191.84
364.05 175.63 392.91 190.48
339.59 172.7 408.72 200.94
381.38 180.83 413.31 196.34
380.92 175.76 410.39 191.49
384.89 174.99 416.28 191.44
394.95 175.21 426.45 191.72
379.32 173.1 391.87 197.89
381.51 172.94 394.8 198.27
364.33 181.37 392.64 198.56
389.3 179.18 417.58 195.76
378.85 176.18 394.14 202.67
372.63 180.88 400.99 198.09
376.26 171.53 386.82 196.04
376.29 175.74 390.63 201.86
375.4 174.01 386.13 200.54
354.5 171.38 426.06 200.01
385.37 173.23 397.2 197.12
371.18 171.77 381.2 195.54
370.17 174.7 380.47 200.81
352.27 167.18 414.23 201.64
368.24 165.17 428.59 199.69
344.04 178.11 418.9 210.04
343.05 173.55 401.85 209.78
114.7 184.71 201.36 220.96
119.55 189.38 191.83 220.04
105.15 188.38 189.63 221.39
133.12 184.89 211.39 217.91
108.46 193.38 178.19 219.5
129.11 186.93 196.26 217.29
131.62 185.48 196.03 210.04
146.52 183.9 206.43 207.8
140.41 187.05 207.69 215.93
115.11 189.01 180.48 213.53
156.75 182.81 204.41 202.28
99.749 180.63 184.6 214.03
140.2 183.76 194.95 203.0
120.87 187.35 184.47 209.03
146.71 172.24 174.32 231.64
151.73 173.75 179.33 231.1
133.13 184.53 189.65 205.26
141.6 171.96 169.7 230.68
97.561 191.99 183.08 226.43
122.42 190.65 178.97 225.27
104.17 196.54 160.77 219.04
113.74 190.93 164.83 218.91
126.45 185.88 180.5 216.0
144.79 168.9 179.34 222.88
136.74 169.15 174.23 225.18
134.54 171.98 163.34 230.42
153.72 181.49 196.7 204.92
109.58 191.67 168.09 211.93
155.3 184.71 211.33 212.4
151.12 170.72 184.65 219.11
130.56 188.44 209.49 225.86
129.88 167.4 166.16 224.89
134.57 177.6 170.39 240.59
124.78 173.75 155.5 227.76
122.13 175.44 197.89 207.97
103.61 174.11 184.37 206.21
116.05 174.38 186.85 213.67
138.72 173.68 212.86 206.92
121.35 179.87 155.44 238.56
102.74 169.23 168.67 209.2
443.67 169.15 455.17 191.2
446.53 172.56 472.2 187.88
447.27 168.91 457.98 190.26
450.77 168.59 460.9 189.11
455.34 171.72 480.71 186.96
447.22 171.0 466.27 188.23
455.63 168.84 481.76 184.39
203.2 178.93 245.91 205.88
308.06 169.54 329.84 214.96
298.49 170.1 324.69 221.33
257.58 170.25 288.28 234.28
262.74 169.6 293.47 236.59
251.32 168.92 281.39 235.95
185.08 183.01 260.29 213.14
194.06 183.62 258.9 211.98
203.3 182.55 260.61 206.8
198.59 179.54 250.51 210.66
188.24 188.03 252.06 213.9
188.41 184.04 247.64 207.67
206.2 180.95 256.61 201.91
192.24 182.54 244.23 213.68
216.13 182.86 262.97 202.87
209.77 186.31 266.46 210.26
214.92 180.38 257.51 206.08
182.84 186.07 236.06 208.49
179.64 177.96 248.54 214.18
214.63 171.22 233.31 220.51
202.31 184.98 256.08 217.01
188.62 176.41 260.37 208.91
194.13 180.63 248.05 202.98
211.54 172.03 229.99 222.42
222.23 172.69 240.52 218.61
216.96 185.02 268.23 206.77
218.87 172.13 236.53 219.83
224.86 173.81 244.55 217.77
182.63 189.89 239.29 214.01
208.34 172.4 226.58 217.76
200.08 181.05 262.35 216.88
183.29 183.42 231.21 204.78
211.89 175.07 237.83 226.74
203.56 174.63 223.57 217.58
216.92 175.34 243.06 227.01
229.49 175.52 248.33 215.75
206.81 173.53 233.43 224.81
213.84 173.31 246.39 234.13
224.3 177.03 247.54 227.02
199.8 171.41 225.99 224.16
180.61 188.59 261.95 224.53
224.54 170.6 249.79 218.51
235.26 171.55 257.2 224.56
398.8 180.76 427.81 196.31
1213.6 169.49 1242.0 214.36
1215.1 160.96 1242.0 206.73
0.0 191.3 76.708 235.85
306.47 181.42 357.37 201.94
202.74 181.76 278.31 211.75
0.060165 184.92 61.94 233.75
169.23 183.11 246.99 216.44
149.34 184.18 225.34 215.98
