372.35 157.17 463.76 228.16
475.39 194.02 479.88 202.19
291.53 188.85 310.45 221.56
374.62 166.69 395.73 189.12
1070.45 127.12 1242.0 315.76
0.0 134.76 61.66 263.33
1090.7 138.25 1242.0 313.38
0.0 147.01 42.538 258.33
0.0 143.37 60.385 235.13
366.84 160.61 458.16 234.31
370.82 174.61 453.57 229.09
379.31 157.85 439.1 243.08
359.44 161.15 465.33 239.03
382.99 145.48 451.28 255.52
364.16 169.9 440.86 235.0
348.79 169.49 457.35 252.34
392.94 160.14 446.39 245.16
343.59 179.21 484.63 250.87
388.3 167.22 438.12 249.92
362.68 187.03 445.4 238.95
400.72 156.77 453.79 239.63
381.88 185.01 459.11 237.45
382.99 179.83 439.93 212.64
395.81 167.85 461.47 230.97
380.79 184.48 437.41 219.27
383.55 154.56 493.07 250.58
401.92 174.41 442.29 258.13
369.88 185.19 424.04 215.05
368.15 182.66 415.89 210.58
370.86 179.07 414.87 217.97
358.04 178.33 391.27 197.74
363.42 182.96 402.16 209.47
359.07 181.46 392.55 202.21
356.13 175.18 390.61 194.22
349.71 178.19 384.94 197.55
288.71 193.12 304.79 233.92
284.9 199.51 305.29 230.34
280.7 203.73 318.01 225.4
280.16 207.5 317.64 230.27
469.33 166.0 504.96 187.06
468.39 169.96 503.91 190.58
470.12 167.53 499.31 192.6
468.35 174.17 503.34 193.97
467.86 178.17 502.18 197.0
475.93 172.41 505.43 195.5
467.82 182.93 501.24 200.43
479.21 166.22 497.15 204.11
466.07 171.67 496.81 196.25
470.32 179.97 497.91 201.56
465.77 176.01 495.41 199.89
462.66 182.34 495.25 201.78
467.82 186.96 500.45 203.77
475.49 170.24 493.82 207.05
473.27 182.96 506.97 199.93
465.25 184.51 490.86 206.05
471.09 188.51 497.11 208.08
480.27 174.42 496.73 210.08
474.67 184.58 500.85 203.52
483.27 169.84 500.36 205.66
466.2 188.52 490.54 208.92
460.16 166.31 497.85 187.42
460.25 170.32 497.56 191.45
471.3 169.28 489.11 208.32
477.6 188.67 504.03 207.72
469.97 177.42 486.38 213.9
474.24 187.3 507.2 203.24
475.41 177.78 492.41 213.57
467.05 178.35 482.23 213.11
480.22 181.15 496.23 216.89
462.27 180.71 488.0 204.53
573.81 187.62 594.73 202.23
575.86 185.91 596.52 200.58
567.81 187.23 588.48 202.22
