701.7 175.33 810.55 257.01
692.79 147.3 748.13 210.33
693.74 148.54 739.58 207.57
737.11 140.96 774.21 199.92
756.6 168.51 765.91 199.48
757.69 141.25 784.11 191.32
657.59 162.4 737.02 208.78
508.52 144.87 541.16 214.21
485.99 159.62 522.76 216.56
676.91 150.73 696.46 168.32
663.61 152.41 680.84 170.14
628.01 152.81 646.68 166.47
695.16 171.45 819.7 261.72
700.61 176.37 808.05 253.5
727.88 163.95 789.4 267.06
728.67 154.07 795.14 277.34
693.18 181.43 791.58 247.95
715.29 169.47 804.6 243.65
728.45 175.56 814.9 253.87
699.45 201.7 807.5 257.68
709.94 184.42 819.36 264.34
726.41 182.42 827.81 242.18
721.74 172.85 819.04 235.41
710.22 168.37 786.08 230.88
722.23 173.21 835.03 264.33
699.15 187.9 792.31 262.36
726.57 193.27 827.07 257.84
699.69 154.49 823.54 239.43
708.55 189.27 821.03 274.34
674.41 159.08 789.91 250.31
688.62 200.85 833.12 274.95
672.29 145.85 806.75 236.73
686.44 182.77 791.56 266.63
720.94 194.13 783.17 245.29
730.03 199.63 789.51 246.61
677.69 166.34 748.73 202.15
683.79 171.73 746.98 211.85
686.75 175.23 727.4 201.05
683.79 164.01 740.53 208.25
678.38 168.16 721.09 192.28
664.23 164.55 736.36 202.76
658.37 158.92 736.17 194.89
685.43 166.39 716.8 195.57
686.27 178.02 749.23 220.29
675.97 159.52 751.05 194.84
683.16 172.17 723.86 195.32
677.79 164.99 720.13 187.64
646.37 150.41 724.75 188.42
681.4 144.44 712.71 218.22
669.67 162.17 722.83 208.01
686.57 169.82 729.57 192.58
680.4 167.33 731.53 215.75
682.05 162.84 711.53 190.7
675.59 157.67 732.64 202.87
629.96 147.45 710.25 186.05
664.2 152.68 743.0 188.91
676.84 161.14 718.11 182.62
641.56 156.4 717.98 195.65
659.42 154.91 716.55 201.35
685.28 155.62 715.92 234.05
650.65 142.77 736.04 179.56
656.57 149.48 714.72 193.39
668.13 169.93 738.18 209.64
696.06 176.18 771.73 229.41
692.97 173.05 764.59 217.46
720.64 170.58 736.13 212.27
712.8 177.15 742.08 202.18
706.2 173.97 748.03 195.1
714.89 171.28 733.06 222.95
712.42 173.17 740.89 196.99
705.57 171.23 747.49 190.73
715.79 166.63 732.43 208.09
720.96 176.05 755.95 210.9
716.93 175.9 760.49 200.1
715.12 173.12 756.01 194.02
718.06 156.98 754.48 235.08
720.75 172.71 748.12 196.6
688.85 168.86 760.91 203.51
712.99 168.53 727.88 214.36
719.11 170.19 738.8 227.36
720.4 165.39 735.84 201.18
711.89 170.43 740.26 192.03
709.39 154.31 743.88 231.12
703.57 167.42 744.78 186.36
695.51 166.87 754.62 209.35
706.96 175.46 735.04 202.65
697.14 174.92 740.3 202.26
704.01 165.6 719.87 214.96
708.65 164.11 724.6 211.34
703.65 154.21 737.26 229.44
698.17 162.12 729.12 235.04
705.67 168.24 766.17 211.77
712.68 161.57 728.36 202.85
722.03 170.82 741.9 232.17
707.66 165.02 737.97 187.57
716.08 159.64 732.69 196.15
699.11 169.17 773.51 205.45
705.81 168.92 735.91 193.5
691.28 172.42 740.84 225.86
689.28 153.11 720.32 225.56
714.1 169.62 735.99 233.6
696.54 170.01 739.63 191.51
691.52 172.49 734.97 196.7
706.47 177.11 737.77 208.42
721.12 172.78 759.8 190.67
691.72 169.64 721.61 201.01
719.43 144.36 752.21 222.37
710.97 169.43 730.29 225.86
696.53 145.3 729.15 217.03
702.9 173.69 730.94 203.9
703.17 163.6 743.57 182.93
697.47 173.46 726.35 204.72
692.75 173.97 722.73 209.22
687.97 158.46 748.52 200.89
710.19 168.38 750.6 186.94
696.08 177.14 745.79 237.12
694.18 158.17 771.31 194.67
704.87 156.24 762.11 199.12
508.87 170.57 547.16 189.75
510.48 173.82 546.36 192.8
514.45 168.67 540.8 190.96
502.3 170.32 539.05 189.7
507.01 168.37 532.95 191.18
512.68 171.83 537.59 194.01
511.22 165.69 536.59 188.01
513.98 159.69 528.25 199.79
513.37 137.57 546.47 217.46
733.1 165.56 747.9 216.36
730.39 168.54 749.21 227.98
733.79 163.09 746.68 207.71
737.27 164.47 752.04 214.6
741.26 165.0 756.7 214.47
734.87 166.43 752.93 226.29
758.26 166.34 778.84 227.48
744.61 164.5 760.73 216.12
739.26 167.48 757.62 225.05
726.8 169.67 794.59 213.59
754.45 165.65 774.79 227.47
748.73 164.21 764.67 216.73
742.72 167.39 762.02 225.74
760.7 165.43 777.44 217.52
764.9 164.22 781.68 218.05
757.28 164.69 773.18 216.5
750.42 166.68 770.6 226.81
753.42 164.35 769.09 216.97
749.91 162.34 763.82 207.66
741.59 165.25 754.85 200.73
737.95 164.92 750.38 200.66
713.36 168.85 778.58 213.61
765.95 163.36 780.16 204.17
745.83 165.37 758.98 200.74
745.85 165.88 765.93 227.53
726.95 143.09 760.85 226.52
761.98 163.65 775.98 202.9
533.56 154.85 548.22 191.37
514.05 167.34 551.89 186.01
536.34 157.11 549.87 198.3
530.53 154.1 544.51 191.57
533.48 158.97 546.72 200.28
517.06 169.6 554.69 189.53
527.33 164.18 550.43 187.34
521.73 161.32 536.42 199.46
535.79 150.4 551.79 188.07
530.66 159.78 543.84 200.29
521.62 166.16 555.86 185.76
518.72 165.15 544.71 187.45
517.84 161.13 532.85 199.76
506.47 167.05 542.52 186.14
526.32 159.51 540.29 200.48
526.14 153.66 540.29 191.99
523.31 167.62 547.92 191.09
517.19 173.44 553.9 193.16
532.66 148.69 548.77 184.44
519.19 139.24 553.8 220.76
521.13 152.5 536.33 192.36
526.47 136.8 559.86 221.42
503.73 151.72 563.97 200.57
486.71 161.76 569.82 202.5
533.92 135.3 567.86 219.87
768.94 164.46 785.29 217.21
731.13 169.69 807.52 207.87
773.43 162.86 788.37 210.98
777.42 162.25 792.77 211.0
769.82 163.58 783.97 205.43
784.56 161.9 799.84 212.25
780.73 161.87 796.45 211.59
706.6 178.23 749.56 200.35
723.51 168.63 740.04 222.79
692.81 166.91 710.31 211.97
695.76 166.86 713.56 214.71
722.8 174.93 750.7 201.99
699.14 166.1 716.43 215.61
712.26 177.43 747.91 209.46
689.51 172.14 717.47 204.84
715.96 178.01 764.27 206.92
723.51 173.71 767.08 193.38
691.36 160.5 711.08 205.03
695.25 156.35 713.61 202.98
692.55 152.33 709.15 196.61
688.57 146.69 703.77 192.15
684.4 146.18 700.43 191.93
637.13 128.95 683.4 151.14
635.87 133.0 683.43 155.05
635.51 136.93 684.32 159.29
662.86 128.76 717.55 151.51
666.71 125.56 721.29 146.79
628.44 125.06 674.25 147.31
729.59 163.89 742.77 208.19
728.41 175.11 756.5 200.76
776.24 164.05 793.8 225.24
735.22 175.63 766.83 201.14
771.81 164.26 789.58 225.49
734.68 173.28 763.76 195.91
739.19 179.51 793.96 213.55
730.96 174.0 774.58 194.04
728.63 175.87 765.88 208.76
733.03 176.53 781.92 199.93
741.56 176.13 789.35 200.6
747.42 175.0 787.93 209.45
734.04 178.54 777.44 214.91
727.73 178.38 778.76 207.28
751.86 174.15 785.96 201.97
743.22 173.44 787.41 194.47
740.39 174.82 775.02 201.38
731.15 173.17 757.35 192.08
750.41 173.02 795.37 196.69
749.02 172.33 780.57 195.85
741.32 172.86 772.38 195.73
757.02 172.02 789.23 197.58
760.14 173.69 792.87 202.5
719.78 166.63 776.82 261.88
