656.16 108.60 1242.00 266.20 1.35
398.20 175.35 662.35 264.20 12.32
27.34 137.49 261.66 228.18 31.00
795.16 137.46 1168.53 207.86 27.15
187.17 134.90 414.84 216.89 37.44
0.00 134.43 32.14 236.84 34.70
0.00 120.66 93.77 264.35 19.41
133.01 154.68 363.44 235.92 24.40
724.36 146.13 826.41 191.66 30.64
1066.22 137.70 1242.00 174.32 36.88
674.56 144.82 737.88 194.59 26.83
586.39 147.76 666.41 199.54 46.19
211.76 199.67 385.99 225.02 30.97
329.34 191.04 425.25 210.73 43.76
327.62 142.26 383.02 231.09 24.36
579.14 151.65 623.41 192.92 54.62
663.33 147.61 680.92 198.91 36.75
356.81 177.86 418.99 187.43 51.11
0.00 139.39 68.92 157.61 24.11
590.96 154.32 608.44 189.58 37.63
425.84 151.31 435.31 205.28 49.57
624.40 193.51 650.77 197.94 39.11
400.58 199.72 408.52 226.31 28.05
447.07 199.04 475.40 204.80 44.36
605.66 153.08 616.88 167.14 60.88
412.70 152.33 415.72 178.98 60.91
478.18 196.28 487.51 200.75 54.39
577.84 179.60 586.47 193.68 68.01
1027.72 367.45 1173.88 375.00 1.82
583.31 187.55 587.09 192.75 55.60
990.44 144.35 995.60 149.63 34.87
581.78 183.71 584.56 193.28 61.61
