7.9997 190.01 169.99 267.45 0.99998
421.37 177.47 556.3 225.5 0.99996
942.92 210.14 1242.0 358.21 0.99988
594.63 180.06 660.86 236.27 0.99984
53.137 180.61 257.04 268.8 0.99983
0.0 181.82 228.67 268.56 0.99982
708.08 181.47 764.47 228.46 0.99981
698.3 178.08 757.8 224.04 0.9998
768.34 176.77 966.43 296.67 0.99973
93.676 176.7 244.24 277.3 0.99973
16.855 181.48 184.66 280.37 0.99971
223.52 178.58 449.49 304.14 0.9997
17.24 186.69 116.47 266.54 0.99959
693.8 178.13 746.72 220.13 0.99957
718.14 180.08 783.76 237.02 0.99946
422.59 173.15 531.2 233.6 0.99934
307.84 179.61 463.14 265.93 0.99933
958.5 235.88 1220.8 375.0 0.99917
40.544 175.93 217.28 284.4 0.99909
295.77 175.06 449.89 282.69 0.99902
449.37 175.01 549.95 218.47 0.99897
705.53 181.05 787.48 224.8 0.99868
689.63 174.44 754.53 216.36 0.99866
608.8 176.53 643.72 203.64 0.99849
107.17 178.08 294.04 266.71 0.99823
174.47 175.83 424.96 277.89 0.99817
717.59 182.84 802.49 231.49 0.99804
522.07 175.4 576.4 201.87 0.99796
138.62 170.95 275.89 281.47 0.99785
601.65 176.77 648.49 207.05 0.99782
469.17 174.87 557.98 212.85 0.99777
732.06 177.14 820.34 222.67 0.99763
946.94 164.28 1242.0 375.0 0.99763
730.3 181.25 792.54 245.13 0.99758
590.07 181.23 651.16 224.47 0.99707
531.52 175.29 570.02 204.02 0.99701
926.79 201.51 1165.5 375.0 0.99684
152.01 178.17 380.42 264.63 0.99667
418.48 173.9 523.91 219.93 0.99658
610.63 176.1 640.41 198.84 0.99637
1.5474 185.58 145.29 258.12 0.99615
711.77 186.01 778.21 232.8 0.99587
733.82 175.99 806.66 231.46 0.99547
131.17 179.27 251.96 270.09 0.99544
204.37 177.4 433.23 327.46 0.99526
199.0 172.52 368.3 287.25 0.99519
741.11 173.74 826.15 213.08 0.9948
604.28 178.42 643.74 212.23 0.99471
2.8121 174.97 87.857 263.01 0.99424
511.34 175.22 571.24 204.61 0.99397
595.27 177.91 650.15 215.39 0.99306
354.87 182.78 462.81 246.28 0.99272
417.98 176.46 550.25 231.01 0.99199
1007.5 194.42 1242.0 375.0 0.99188
615.98 178.03 643.39 199.38 0.99182
166.55 166.14 320.24 278.71 0.99173
9.5278 189.78 135.99 286.18 0.9917
352.84 176.9 468.75 260.2 0.99141
241.94 189.38 434.51 322.63 0.99118
712.75 177.56 773.71 217.71 0.99078
614.5 176.75 652.12 207.04 0.99056
494.13 171.7 557.36 216.24 0.99004
142.21 175.52 312.98 250.26 0.98952
223.57 142.23 447.15 309.37 0.98937
0.0 166.84 64.9 237.81 0.9892
497.68 173.81 564.82 207.17 0.98898
617.94 179.69 649.12 202.59 0.98869
742.53 186.07 777.02 271.16 0.98865
722.51 175.13 804.67 214.3 0.98841
176.16 176.05 289.32 228.5 0.98816
598.36 177.4 634.71 209.72 0.98808
605.91 182.52 653.69 210.67 0.98766
164.73 166.41 291.8 261.1 0.98758
782.33 110.82 1242.0 375.0 0.98703
735.44 180.36 826.32 234.01 0.98653
748.66 180.63 781.27 269.64 0.98431
422.43 160.89 539.96 224.47 0.98404
351.05 177.63 459.47 226.31 0.98354
597.06 179.82 640.99 219.69 0.98296
730.49 174.38 795.69 222.05 0.98232
332.5 189.42 461.6 273.71 0.98219
720.25 176.89 782.5 223.72 0.98216
188.56 175.9 402.64 258.3 0.98209
0.0 180.05 64.782 226.6 0.9819
722.56 185.98 810.88 239.95 0.98129
887.83 212.83 1217.9 375.0 0.98042
203.5 169.11 349.56 266.92 0.97976
604.95 178.91 649.91 220.43 0.97964
739.52 180.4 811.65 245.47 0.97948
3.4441 185.56 99.55 283.99 0.97913
362.01 177.47 493.14 245.89 0.97818
501.85 176.5 563.64 207.36 0.97798
738.12 181.38 771.33 257.66 0.97769
109.26 187.81 233.97 252.31 0.97732
338.34 180.63 454.55 236.9 0.97708
604.91 179.76 634.19 204.53 0.97706
538.52 174.54 576.35 202.85 0.97516
1038.0 215.04 1233.0 375.0 0.97313
165.35 153.85 381.6 318.6 0.9722
689.67 174.48 734.72 215.62 0.97143
189.96 178.96 317.78 226.44 0.9674
125.87 184.46 239.08 243.04 0.96615
385.92 178.99 519.07 240.77 0.9656
600.64 183.3 658.23 227.12 0.96462
738.62 182.99 797.0 254.87 0.96455
614.23 177.99 638.58 194.0 0.96387
756.54 159.87 967.93 314.57 0.96362
0.0 162.13 51.94 231.76 0.96327
757.69 178.34 787.13 265.56 0.96214
426.72 171.81 502.37 225.98 0.96104
189.38 174.05 275.46 232.75 0.95984
511.05 172.5 578.84 203.38 0.95983
691.41 177.02 732.29 214.15 0.95744
360.86 173.3 447.24 238.07 0.9564
599.03 182.94 647.07 225.1 0.95404
766.33 177.15 944.55 264.38 0.94942
533.86 175.65 587.48 199.54 0.94833
402.58 179.67 512.45 225.16 0.94678
524.7 179.77 568.04 203.9 0.94662
1064.3 210.16 1224.9 349.3 0.9451
1023.4 221.89 1242.0 338.08 0.94489
704.27 187.31 755.33 226.53 0.94229
511.85 177.0 556.12 210.79 0.9422
0.0 169.55 60.447 267.62 0.9393
356.3 176.37 449.57 215.69 0.93766
586.41 191.81 668.23 239.25 0.9364
608.7 173.98 640.94 191.05 0.93554
370.7 180.32 481.9 236.63 0.93514
852.33 188.84 1242.0 375.0 0.93203
333.47 177.93 441.77 224.32 0.93104
684.17 178.02 740.66 215.94 0.93093
202.09 181.91 333.72 235.18 0.93028
811.56 166.58 963.82 289.93 0.93007
280.45 190.93 458.37 294.4 0.92757
11.798 191.38 141.51 252.44 0.92651
741.11 177.4 778.67 254.15 0.92382
720.27 191.97 788.89 244.24 0.92295
745.29 175.58 815.8 200.77 0.92238
249.68 177.77 441.72 264.31 0.92114
215.92 178.39 337.97 225.86 0.921
0.0 147.45 39.341 273.72 0.92091
463.54 179.94 548.05 224.62 0.9199
520.54 177.01 562.23 208.09 0.91837
267.99 153.91 492.93 311.95 0.91769
686.41 174.7 750.46 206.73 0.91507
0.0 190.27 70.339 238.18 0.91416
218.2 168.63 484.77 296.98 0.9129
272.28 208.82 447.83 303.55 0.90995
749.23 192.94 777.88 261.2 0.90853
727.85 184.13 775.2 243.75 0.9082
1085.5 240.43 1233.9 375.0 0.90769
750.32 178.38 834.26 225.42 0.90589
690.18 180.54 718.63 211.56 0.90492
326.97 185.03 448.79 245.83 0.90349
705.93 182.78 763.25 221.77 0.90138
0.0 175.7 71.548 248.76 0.90012
363.56 184.74 471.09 259.86 0.90006
537.82 178.67 568.47 203.44 0.89913
609.1 178.17 634.58 199.32 0.89782
593.52 181.08 636.47 206.88 0.89778
685.55 182.5 708.05 204.04 0.89768
15.964 197.91 223.37 281.23 0.89743
0.0 177.44 250.23 292.02 0.89518
1062.8 218.9 1236.7 308.19 0.89516
724.22 170.53 821.74 246.59 0.89474
796.09 176.33 890.94 227.5 0.89385
703.45 177.65 761.29 210.87 0.89204
738.21 136.08 953.9 301.37 0.89191
736.4 187.45 784.42 261.65 0.89055
762.6 167.22 907.38 278.41 0.89035
682.39 183.44 701.04 201.94 0.88919
1149.2 188.5 1236.4 375.0 0.88913
745.5 171.15 785.46 254.03 0.88899
379.84 174.75 472.26 244.67 0.88582
124.04 169.76 379.13 294.58 0.88411
163.59 179.06 281.34 237.13 0.88275
731.89 178.41 762.29 257.49 0.88113
745.99 175.69 828.21 247.17 0.87935
695.63 182.58 754.53 219.67 0.87777
522.48 169.48 577.07 206.45 0.87765
704.35 170.78 803.52 246.34 0.8775
142.6 180.87 260.21 240.5 0.87721
129.68 156.7 337.18 315.17 0.87668
3.0672 155.11 46.144 263.13 0.87396
0.0 156.32 210.69 306.84 0.87251
613.0 177.02 650.75 196.88 0.8722
1080.8 207.69 1227.5 321.05 0.86921
151.48 173.74 445.01 310.92 0.86677
318.41 180.28 434.04 236.09 0.86478
770.52 205.85 949.92 296.93 0.86466
228.04 171.68 393.98 275.33 0.86298
1130.9 187.04 1225.4 365.65 0.86152
741.12 176.77 810.37 206.06 0.85969
739.15 176.18 815.59 203.95 0.85826
416.5 175.29 496.1 232.62 0.8578
183.69 195.54 427.76 293.89 0.85681
601.55 172.72 624.9 225.91 0.85665
608.03 178.88 656.02 219.67 0.85649
678.61 182.76 697.28 201.67 0.85638
1116.6 202.87 1233.3 318.41 0.8542
206.79 176.42 298.67 233.83 0.85252
603.54 181.49 626.43 203.59 0.85006
881.86 199.98 1105.3 375.0 0.84738
0.0 157.95 49.033 281.85 0.8459
390.5 171.34 501.97 253.42 0.8444
430.7 167.98 565.3 223.91 0.84013
611.51 182.08 655.63 204.56 0.83771
0.0 163.82 50.876 322.52 0.83077
700.51 175.13 756.67 204.59 0.83068
607.4 186.62 659.42 225.46 0.82945
764.53 169.05 797.22 264.76 0.82634
341.6 178.05 432.62 214.91 0.81921
14.163 167.93 67.561 271.37 0.81614
0.0 160.67 29.894 288.89 0.81516
14.547 201.31 139.63 268.94 0.81352
755.56 168.1 793.78 249.92 0.81216
603.59 174.91 622.37 220.65 0.80772
684.08 182.57 725.86 209.58 0.80742
742.72 187.57 771.09 254.96 0.80316
397.69 177.87 483.34 243.32 0.79966
733.44 175.63 770.09 242.54 0.79956
0.0 198.51 96.627 301.89 0.79872
1173.0 201.26 1242.0 375.0 0.79768
0.0 157.93 76.937 233.05 0.79664
793.96 177.03 905.7 239.13 0.7961
1161.8 174.39 1229.4 338.08 0.79553
505.92 179.69 552.01 213.66 0.79426
189.58 174.67 297.8 218.77 0.79387
4.323 163.48 99.614 245.48 0.79257
548.0 175.1 581.65 199.02 0.78901
694.24 174.15 715.33 219.52 0.78713
0.0 167.08 39.151 237.13 0.787
12.67 172.69 70.935 306.7 0.7867
408.61 184.39 536.28 236.48 0.78623
0.0 180.64 69.179 288.96 0.78558
344.12 175.29 429.56 237.19 0.78497
719.72 192.01 762.56 230.94 0.78144
61.208 171.68 313.86 289.81 0.78061
393.22 186.59 501.85 239.02 0.77936
608.23 172.43 633.15 225.99 0.77929
713.14 189.02 768.27 227.94 0.77799
605.78 172.33 627.63 220.95 0.77557
0.0 149.5 43.938 258.14 0.77224
599.42 173.53 618.83 225.68 0.76882
759.53 189.81 782.23 258.86 0.76701
1116.0 224.03 1242.0 375.0 0.76687
438.09 174.49 528.7 207.87 0.76535
693.59 176.39 709.99 214.84 0.7645
745.74 202.26 773.47 265.26 0.7606
725.72 174.32 759.94 234.46 0.7597
689.3 174.47 744.82 208.43 0.75911
730.7 172.53 847.71 241.39 0.75461
680.5 182.77 715.93 203.0 0.75336
1141.0 184.02 1218.3 341.51 0.75176
86.438 151.98 300.41 304.0 0.75115
456.69 173.32 541.24 208.8 0.75065
225.61 175.98 326.46 243.03 0.74805
612.32 178.2 649.4 240.22 0.74225
122.94 179.61 220.53 249.81 0.73766
359.38 178.03 432.78 229.2 0.73602
681.29 185.01 718.29 206.79 0.73491
412.22 176.62 505.49 215.82 0.73458
674.22 181.99 693.33 200.46 0.73164
744.55 172.39 810.11 196.01 0.72833
1205.7 189.93 1242.0 311.45 0.72658
179.91 176.33 276.74 217.75 0.72633
713.52 179.64 760.28 215.04 0.72569
97.956 183.15 221.31 242.07 0.72293
739.82 183.64 764.48 245.06 0.72093
0.0 174.76 69.579 243.28 0.71995
0.0 182.3 92.789 235.65 0.71985
723.84 173.22 751.92 232.66 0.71794
163.45 184.44 260.74 223.84 0.71632
178.39 178.32 257.58 231.08 0.71461
1107.8 193.09 1216.8 375.0 0.71346
696.36 162.38 1242.0 375.0 0.71157
0.0 148.81 22.264 277.6 0.71109
1213.3 223.41 1242.0 343.55 0.70949
762.65 161.81 802.48 245.98 0.70834
1213.8 197.16 1242.0 303.94 0.70753
697.57 171.57 718.52 220.4 0.70512
1176.4 173.74 1242.0 345.16 0.70245
601.43 172.99 655.1 203.35 0.69665
613.2 171.72 636.45 218.66 0.69394
716.2 177.64 755.52 206.66 0.69159
755.19 176.01 896.9 248.31 0.69003
0.0 138.21 34.899 310.04 0.68338
604.69 174.18 620.1 211.24 0.68319
616.46 170.44 640.06 226.38 0.68311
1213.8 268.24 1242.0 375.0 0.68176
150.3 148.43 413.4 286.13 0.68114
606.35 176.67 641.13 238.09 0.68064
754.99 200.14 778.3 265.63 0.67972
325.98 174.41 423.27 245.59 0.67822
625.23 179.37 646.96 198.72 0.6778
1204.4 214.46 1242.0 356.88 0.67599
621.1 169.62 644.67 226.22 0.67554
207.47 184.69 394.31 315.23 0.67539
690.69 178.17 703.51 212.09 0.67076
718.69 181.25 832.67 256.35 0.67033
503.61 174.33 564.68 198.77 0.66977
619.23 172.74 651.56 238.0 0.66678
135.94 187.66 230.6 225.38 0.66402
29.576 184.61 152.67 240.28 0.66096
735.66 169.76 838.82 264.76 0.66074
495.42 177.92 553.41 208.69 0.65815
963.08 178.26 1242.0 333.01 0.65783
624.98 170.54 648.73 227.85 0.65585
774.87 182.9 862.52 234.9 0.65477
135.12 176.48 251.34 255.92 0.65299
678.02 183.4 708.93 201.22 0.65135
477.2 176.81 544.14 219.29 0.64917
711.06 194.38 747.91 228.94 0.64221
350.09 196.26 472.49 267.41 0.64037
615.82 181.71 656.15 218.07 0.64008
310.05 179.77 415.61 225.19 0.63974
689.66 174.61 701.81 206.81 0.63882
724.5 191.75 772.06 233.14 0.63634
602.77 177.16 632.2 234.08 0.62272
694.23 171.87 749.48 200.57 0.62009
168.12 169.6 336.01 234.04 0.61919
17.49 174.95 81.894 331.28 0.61908
741.54 180.23 888.72 262.8 0.61789
687.19 180.56 697.85 211.62 0.61713
688.21 185.79 710.46 208.52 0.61651
609.14 169.88 630.87 212.73 0.61613
743.54 177.86 807.17 215.59 0.61496
1197.4 222.83 1242.0 375.0 0.61457
717.0 170.56 744.48 223.5 0.61385
934.57 92.341 1242.0 375.0 0.61288
686.36 178.22 696.65 204.98 0.61245
757.93 174.19 824.42 221.87 0.61177
683.9 177.87 693.7 204.34 0.60912
0.0 211.92 114.28 292.56 0.60328
701.7 169.46 726.2 217.23 0.60023
732.16 183.34 756.7 240.5 0.60001
26.359 183.61 85.829 298.17 0.59989
772.55 143.69 1003.9 334.14 0.59816
707.39 172.43 734.68 222.3 0.5978
671.85 181.29 688.58 198.79 0.59683
760.64 183.34 845.49 236.1 0.58813
684.75 167.79 817.72 232.95 0.58805
1224.3 239.19 1242.0 337.93 0.58611
333.44 171.11 480.96 235.15 0.58265
27.843 176.98 83.825 272.46 0.58224
691.22 162.63 792.12 237.59 0.57721
1224.6 277.13 1242.0 373.4 0.57639
415.34 177.39 509.12 243.2 0.57457
0.0 193.48 97.101 251.52 0.57387
751.36 184.35 776.28 253.78 0.57323
428.69 176.16 510.97 208.27 0.57235
630.25 168.53 651.87 228.64 0.56929
769.93 160.4 811.29 244.24 0.56901
1196.2 189.56 1235.3 311.34 0.56786
1224.8 200.34 1242.0 293.21 0.56538
784.91 178.39 871.48 223.57 0.56463
844.78 155.36 932.62 304.78 0.56276
1205.8 247.94 1242.0 375.0 0.55295
751.6 186.38 838.71 245.18 0.55283
1072.9 161.71 1205.1 375.0 0.551
835.71 255.14 1184.3 375.0 0.5505
599.76 180.06 624.14 206.77 0.54903
1225.0 226.39 1242.0 319.22 0.54506
729.99 186.12 751.39 236.79 0.54404
750.88 178.1 820.73 204.97 0.54351
748.38 178.77 770.95 242.65 0.5426
680.46 177.54 689.84 202.92 0.54229
0.0 142.89 253.37 276.03 0.54124
1056.0 188.3 1173.4 375.0 0.54086
1196.5 212.04 1236.7 355.13 0.53571
754.4 174.08 807.81 202.03 0.53489
384.76 150.92 429.67 252.85 0.53365
1198.6 183.52 1242.0 342.39 0.53227
683.11 179.68 694.01 212.5 0.53222
617.59 169.6 638.74 213.79 0.53168
8.0734 135.88 55.367 242.46 0.52717
155.93 162.96 225.96 280.34 0.52703
621.99 178.87 643.12 194.18 0.52608
953.85 149.09 1111.7 375.0 0.52096
739.3 191.25 766.77 258.29 0.52071
626.6 171.17 645.18 212.56 0.52017
1007.0 213.31 1241.0 311.82 0.51984
621.87 169.64 642.41 213.43 0.51912
0.0 167.02 19.368 288.57 0.51759
0.0 175.63 67.986 216.76 0.51691
727.41 174.71 799.95 204.18 0.51641
711.66 177.2 763.24 203.24 0.51581
0.0 182.01 46.668 250.16 0.51429
104.32 184.54 211.91 259.22 0.51167
230.58 177.8 352.95 234.65 0.51163
169.47 160.01 242.38 288.1 0.5112
608.41 172.69 623.56 206.3 0.50778
602.76 176.52 615.04 211.19 0.50257
1019.6 134.22 1174.4 375.0 0.5017
189.97 167.29 315.37 252.08 0.49976
1100.3 248.7 1242.0 357.0 0.4966
589.91 178.8 633.87 219.03 0.49583
611.35 171.0 629.06 206.12 0.49549
1003.3 206.72 1129.6 375.0 0.4912
1030.1 191.24 1156.4 375.0 0.491
4.86 188.4 66.366 361.4 0.48831
697.79 176.57 747.19 215.41 0.48672
988.93 148.14 1141.3 375.0 0.48535
699.45 182.74 745.38 224.89 0.48528
336.1 160.0 420.35 301.38 0.4852
132.51 165.61 290.87 231.62 0.48415
791.75 171.62 872.9 231.62 0.484
394.6 152.79 437.67 252.24 0.48047
723.93 200.78 795.74 254.17 0.47987
588.66 186.94 638.63 219.17 0.47811
818.87 155.89 910.53 305.02 0.47791
410.11 165.65 524.24 239.64 0.47762
296.96 168.29 463.01 235.51 0.47725
727.17 186.09 747.24 235.5 0.47651
745.07 178.05 765.66 241.65 0.47549
614.8 169.72 632.51 205.36 0.47525
701.15 168.63 722.87 222.35 0.47487
967.95 209.08 1100.2 375.0 0.47453
984.12 15.279 1242.0 375.0 0.47337
6.7957 171.99 121.9 262.88 0.47281
589.09 179.49 644.4 211.41 0.47001
231.22 139.35 347.19 349.62 0.46796
0.0 184.45 48.999 357.09 0.46751
609.58 170.91 640.71 224.46 0.46691
614.32 169.33 646.14 225.26 0.46615
630.67 171.3 648.61 219.11 0.46553
3.9761 205.88 127.1 310.17 0.46338
742.82 167.84 780.71 240.33 0.46197
676.26 176.97 685.58 202.58 0.46065
748.98 166.3 788.2 241.97 0.46016
327.68 178.2 412.61 214.18 0.45718
0.0 174.27 25.424 239.3 0.45597
696.53 167.8 712.53 214.48 0.45473
0.0 165.53 142.72 236.98 0.45124
118.39 185.77 219.66 226.44 0.45111
1124.4 188.76 1202.4 340.61 0.45101
27.905 160.38 220.26 239.1 0.44928
704.62 173.44 749.28 207.93 0.44729
1152.7 223.69 1242.0 352.94 0.44652
287.61 120.19 398.3 332.75 0.44651
606.7 176.58 617.97 206.14 0.44554
261.79 140.47 375.1 340.73 0.44299
806.75 125.78 920.36 342.7 0.43804
0.0 183.85 82.584 261.34 0.43782
677.33 186.72 710.86 204.61 0.43613
519.7 170.22 579.9 195.14 0.43565
379.01 160.39 422.15 259.01 0.43493
750.35 173.8 824.49 203.01 0.43484
487.07 175.49 556.62 203.19 0.43419
681.77 176.44 692.72 202.32 0.43318
1104.2 148.09 1242.0 375.0 0.43318
365.16 180.11 432.46 206.33 0.43216
711.06 172.12 747.57 200.53 0.42978
679.3 176.88 690.75 211.34 0.42872
245.54 142.2 514.73 277.97 0.42661
722.05 184.45 744.43 237.34 0.42576
1158.0 200.1 1242.0 314.7 0.42357
802.33 160.36 1058.9 309.41 0.42346
353.88 153.19 431.94 292.45 0.42337
316.26 157.06 408.86 310.17 0.42296
710.08 165.96 741.89 222.4 0.42292
201.36 164.89 382.6 234.75 0.42278
631.48 171.0 646.68 210.7 0.42225
139.72 166.03 211.83 281.93 0.42224
732.94 197.49 782.7 270.88 0.42162
697.12 175.2 763.15 205.95 0.4205
80.181 189.19 211.98 247.29 0.41955
203.9 172.5 285.7 226.56 0.4183
624.51 172.3 637.91 202.57 0.41822
202.48 134.01 313.96 362.0 0.41808
604.4 178.19 624.77 198.68 0.41759
619.53 169.47 635.84 204.26 0.4162
683.09 186.72 702.28 205.45 0.41483
92.003 124.04 613.31 352.53 0.41421
744.4 180.07 816.87 210.04 0.41299
1187.6 230.5 1242.0 343.94 0.41276
170.3 183.41 246.87 232.88 0.41043
799.53 174.28 893.93 214.84 0.40697
402.92 153.72 445.46 252.58 0.40548
599.23 180.9 620.2 202.01 0.4052
184.74 152.17 261.57 295.41 0.40438
104.1 199.32 268.41 281.07 0.403
693.51 166.98 719.25 218.47 0.40235
106.07 167.54 263.26 232.1 0.4021
56.89 180.65 180.18 236.62 0.40109
741.26 162.14 789.56 277.97 0.40104
628.47 172.35 641.77 204.28 0.40006
542.8 174.7 589.8 194.88 0.39904
1225.7 184.64 1242.0 274.21 0.39677
717.28 174.59 748.73 198.94 0.39218
851.8 187.25 1069.8 373.57 0.39165
0.0 178.52 34.576 311.59 0.39157
693.98 172.9 707.0 210.99 0.38985
16.143 134.25 75.265 258.12 0.38843
380.2 165.3 441.91 270.84 0.38827
599.47 173.6 622.96 227.0 0.38744
698.51 165.39 716.57 215.52 0.38742
0.0 124.52 30.676 270.04 0.38679
671.45 182.88 700.73 200.05 0.38636
0.0 199.15 123.42 260.69 0.38264
718.64 186.04 766.48 234.67 0.38208
374.5 149.38 414.52 257.96 0.38199
0.0 170.99 31.951 369.2 0.38146
813.21 155.21 1036.9 352.72 0.38122
681.46 189.43 719.3 209.65 0.38075
95.684 176.39 400.71 316.1 0.37934
608.51 170.67 639.32 186.01 0.37867
963.13 218.67 1200.2 353.92 0.37863
994.6 263.91 1242.0 375.0 0.37825
512.96 176.08 554.28 201.32 0.3771
381.06 151.69 417.11 247.39 0.37654
604.96 172.09 630.53 222.46 0.37439
924.65 166.85 1077.2 375.0 0.37318
252.04 228.55 430.82 304.55 0.37176
65.946 166.69 234.16 238.14 0.37172
1190.1 201.83 1242.0 308.26 0.37159
860.73 144.36 942.5 302.74 0.37133
1196.4 241.33 1237.6 375.0 0.37036
720.72 167.7 751.1 222.34 0.37003
0.0 159.25 36.372 219.49 0.3676
632.47 172.4 644.72 204.19 0.36637
31.059 167.65 96.238 314.68 0.36418
678.37 186.34 698.18 203.74 0.36312
756.52 173.87 815.97 194.15 0.36225
610.46 177.64 631.23 194.35 0.36179
0.0 180.17 24.872 308.67 0.3597
1042.2 241.97 1242.0 375.0 0.35907
1150.9 252.13 1242.0 375.0 0.3581
808.74 197.24 955.41 308.71 0.35764
764.81 176.22 808.78 200.75 0.35678
440.88 178.92 513.75 223.83 0.35613
38.684 177.86 98.074 283.4 0.35516
946.25 207.37 1071.1 375.0 0.35515
1187.9 260.19 1242.0 374.08 0.35395
102.09 176.67 196.13 249.78 0.35247
716.15 184.09 741.02 236.23 0.35067
108.18 143.2 183.67 284.99 0.35066
831.01 127.01 942.65 346.8 0.35044
61.64 160.14 194.07 260.01 0.34869
764.8 194.45 784.65 260.3 0.3485
316.06 110.69 435.12 355.28 0.34582
735.99 188.49 762.06 250.49 0.34522
684.49 175.27 696.16 203.51 0.34371
92.32 136.21 168.97 286.49 0.34366
705.56 167.72 727.08 221.7 0.34343
369.84 176.31 430.05 199.79 0.34328
517.81 182.55 554.26 210.29 0.34246
0.0 208.79 33.628 328.95 0.3422
73.73 138.48 150.08 280.78 0.34192
123.02 154.09 198.56 297.06 0.3383
807.76 145.17 896.3 298.55 0.33669
774.49 175.19 846.35 229.04 0.33664
322.84 177.13 401.22 235.93 0.33278
729.84 192.22 783.79 231.65 0.33129
715.18 182.18 770.59 218.61 0.33056
1200.4 149.03 1242.0 311.32 0.33051
58.417 148.39 132.05 274.99 0.33005
679.77 179.3 696.73 198.9 0.32874
728.39 165.87 758.67 221.38 0.32674
764.19 186.9 916.94 306.4 0.32656
755.05 155.2 812.29 287.71 0.32617
1142.7 192.25 1239.2 296.93 0.32522
1184.2 206.85 1232.2 348.7 0.32448
3.6635 165.91 47.398 296.5 0.32439
157.02 182.79 231.8 236.6 0.32406
50.095 172.7 113.49 280.08 0.32255
730.43 195.81 775.18 239.34 0.32254
0.0 133.12 661.68 375.0 0.32231
625.78 182.49 648.98 203.09 0.32207
741.48 175.37 761.04 236.47 0.32159
741.19 194.02 823.46 247.46 0.3214
708.45 173.2 758.68 196.86 0.32137
626.51 169.39 656.62 240.81 0.31894
342.78 178.68 409.77 226.56 0.31857
830.01 34.641 1113.6 375.0 0.31625
634.43 173.43 654.26 229.08 0.31447
396.22 161.91 412.65 221.91 0.31369
0.0 208.85 17.266 329.87 0.31331
777.98 121.04 897.82 361.68 0.31237
181.64 148.07 222.1 264.69 0.31237
620.95 177.11 653.35 195.75 0.3111
409.74 151.56 454.23 256.55 0.30973
0.0 161.3 27.049 222.27 0.30894
0.0 187.32 45.548 231.62 0.30854
201.62 142.2 278.63 293.69 0.30736
0.0 179.05 44.784 223.62 0.30701
588.44 183.61 633.57 210.31 0.30653
712.59 181.94 737.23 232.74 0.30603
935.3 230.39 1169.3 362.38 0.30553
621.93 165.36 649.94 223.2 0.30473
37.437 92.11 537.89 375.0 0.30456
690.17 180.92 714.53 205.99 0.3029
38.559 187.97 173.67 246.62 0.30174
60.754 141.17 328.43 277.08 0.30112
176.23 181.95 307.33 242.46 0.29981
794.8 173.54 980.73 261.94 0.29742
366.54 152.57 430.08 260.94 0.29697
32.304 159.73 96.547 270.15 0.29534
98.957 174.23 221.87 264.07 0.29453
767.16 185.55 788.06 256.75 0.29435
1087.9 214.72 1242.0 375.0 0.29397
323.3 204.2 465.27 291.18 0.29319
691.27 177.36 723.43 208.77 0.2929
509.33 184.13 557.46 208.82 0.29198
766.37 173.28 846.05 214.33 0.28985
669.18 179.56 684.68 196.85 0.28848
139.67 185.22 216.39 239.69 0.28838
366.73 148.3 405.04 257.17 0.28834
174.21 154.8 214.24 262.79 0.28682
723.31 175.75 751.12 197.5 0.28665
728.63 163.9 744.55 209.68 0.28643
319.81 170.59 449.57 253.85 0.28572
1225.8 165.47 1242.0 259.26 0.28555
753.96 177.79 774.23 241.91 0.28466
1073.8 213.07 1239.8 286.43 0.28453
1175.4 206.81 1224.5 337.25 0.28437
373.52 178.22 449.53 231.39 0.28387
0.0 215.37 135.38 271.5 0.28304
99.621 180.79 211.55 228.37 0.28187
495.73 183.62 550.07 215.96 0.2817
1041.7 172.74 1242.0 350.51 0.28166
391.69 164.3 407.81 220.28 0.28162
284.23 146.26 383.27 308.08 0.2815
675.44 181.37 704.56 199.66 0.28052
737.05 176.67 758.01 235.1 0.279
113.99 39.346 588.78 359.67 0.27816
1134.8 174.39 1242.0 375.0 0.27746
8.0761 152.98 51.781 246.8 0.2759
306.93 154.94 390.11 302.31 0.27511
17.254 188.58 131.67 236.96 0.2741
0.0 198.66 65.078 243.01 0.27333
21.062 169.74 145.96 264.44 0.27217
733.4 166.57 747.9 208.55 0.27211
179.34 200.7 473.87 344.08 0.27102
751.51 158.65 786.35 226.18 0.2706
1179.7 140.36 1242.0 314.94 0.2703
769.67 185.96 867.97 245.57 0.27023
771.32 161.76 807.36 267.37 0.26888
395.07 160.81 453.13 267.24 0.2678
164.73 145.48 275.98 375.0 0.26615
671.18 183.11 691.63 202.03 0.26569
675.09 177.6 692.85 198.47 0.26517
125.85 148.86 164.34 264.63 0.26513
0.0 208.75 107.23 266.06 0.26478
217.62 138.14 295.81 298.94 0.26313
1048.6 264.17 1242.0 365.51 0.2625
543.06 171.95 560.49 207.22 0.2619
710.55 165.52 731.07 222.03 0.2591
223.81 162.92 359.79 254.08 0.25869
741.21 203.51 766.08 267.23 0.25821
352.55 180.32 416.14 206.1 0.25706
745.76 161.17 778.24 226.09 0.25569
371.37 177.46 464.77 216.5 0.25327
736.34 164.42 768.34 226.98 0.25304
400.23 163.31 416.44 222.36 0.25211
319.4 191.33 433.13 253.46 0.25104
439.02 155.47 475.98 238.14 0.251
795.57 147.5 882.33 314.34 0.25059
0.0 138.22 17.553 244.66 0.25039
70.214 135.28 172.42 368.18 0.24993
77.559 199.37 212.66 261.41 0.2496
0.0 169.16 62.098 207.16 0.24862
574.04 175.74 684.31 241.76 0.2477
233.08 140.87 314.64 298.95 0.24695
750.45 143.16 1017.3 286.98 0.24634
1213.8 174.25 1242.0 276.79 0.24507
538.36 169.57 557.07 207.56 0.24502
682.83 177.51 732.63 206.33 0.24389
760.13 160.75 794.36 224.4 0.24308
759.72 172.27 806.31 197.28 0.24295
1166.7 260.89 1242.0 348.14 0.2421
0.0 159.17 52.507 212.95 0.24108
624.4 182.74 653.11 206.48 0.24007
0.0 213.32 72.422 330.98 0.23977
742.99 191.46 902.51 282.52 0.23862
377.12 179.86 419.79 209.89 0.2377
1170.4 203.22 1215.1 331.14 0.23738
533.77 183.05 574.39 203.99 0.23736
779.28 158.5 816.03 240.98 0.2369
0.0 219.07 24.61 340.55 0.23626
1198.8 269.76 1234.5 375.0 0.23592
687.81 189.29 725.94 213.19 0.23568
614.66 174.24 646.42 190.17 0.23544
358.78 144.65 396.4 260.21 0.2354
189.87 154.42 228.62 260.2 0.23346
8.4728 157.54 32.058 247.01 0.23287
117.86 149.02 157.68 265.36 0.23263
1191.5 170.3 1242.0 277.45 0.23135
597.24 183.62 658.21 230.25 0.23121
711.7 173.75 778.6 207.4 0.23101
546.37 169.75 563.1 205.87 0.23072
734.73 174.38 753.78 231.05 0.23071
418.82 153.98 459.2 258.55 0.22997
767.44 160.7 802.09 226.46 0.22912
39.083 184.58 149.48 259.37 0.22867
958.31 182.4 1065.9 375.0 0.22769
1112.9 181.63 1188.4 346.02 0.22733
389.33 164.36 431.85 264.13 0.22665
1168.7 246.64 1242.0 332.35 0.22662
226.07 161.08 415.47 237.4 0.22575
0.0 143.54 33.702 246.16 0.22533
445.48 158.02 485.32 239.57 0.2237
0.0 223.71 143.67 299.35 0.22366
449.99 178.53 521.06 208.8 0.22363
1219.9 200.15 1242.0 260.43 0.22357
725.03 178.98 756.75 203.18 0.22319
680.09 172.35 723.07 212.57 0.22317
630.09 178.82 650.27 197.85 0.22263
0.0 190.41 26.323 254.94 0.22209
0.0 194.86 50.238 239.16 0.21949
36.548 145.57 146.17 375.0 0.21922
350.55 148.2 416.21 266.71 0.21881
674.77 178.64 686.55 212.84 0.21878
731.98 158.32 777.82 273.0 0.21842
0.0 172.95 46.851 214.93 0.21788
719.31 166.97 738.13 221.44 0.21483
1171.3 231.36 1242.0 316.1 0.21428
450.54 163.23 583.81 222.0 0.21331
379.66 178.83 438.83 207.61 0.21292
714.83 164.97 734.8 221.84 0.21117
832.34 167.54 847.76 225.27 0.21112
727.08 168.89 746.95 226.21 0.21058
0.0 212.41 49.955 333.85 0.20967
453.07 158.45 493.59 237.05 0.20925
731.23 173.57 750.58 229.58 0.20879
753.14 187.02 809.32 258.53 0.20876
750.58 175.13 800.3 207.35 0.20651
9.1382 152.84 54.808 281.87 0.20617
135.12 152.84 172.45 265.25 0.20569
443.72 174.86 511.57 203.15 0.20542
263.57 213.76 419.45 315.42 0.20483
781.7 142.99 854.83 291.9 0.20443
246.58 132.23 332.94 302.97 0.20389
0.95845 231.15 31.997 344.54 0.20375
635.18 172.41 650.91 221.11 0.20321
1170.3 215.35 1242.0 297.65 0.20314
612.73 175.61 634.15 190.33 0.20207
439.06 171.23 508.06 197.1 0.20183
303.92 186.25 419.33 244.78 0.20122
671.27 185.42 703.19 202.89 0.20113
756.21 175.35 817.0 213.28 0.20097
387.77 166.86 402.86 220.17 0.1998
672.81 178.05 681.58 202.48 0.19962
781.49 180.96 890.67 248.08 0.19957
702.85 163.96 721.26 215.14 0.19916
61.991 159.55 130.53 309.93 0.19914
214.64 152.25 251.34 242.28 0.19892
1166.1 145.04 1230.8 312.28 0.19845
737.25 167.94 750.54 210.4 0.19826
723.8 162.07 741.23 209.82 0.19669
506.14 163.6 586.32 198.83 0.19664
617.69 177.14 640.0 192.01 0.19662
692.31 171.4 744.38 193.79 0.19588
828.12 167.42 844.05 224.93 0.19579
68.887 97.721 189.14 339.59 0.19563
597.53 177.08 636.31 197.41 0.19423
943.93 222.92 1119.9 375.0 0.19406
377.19 173.21 431.0 194.26 0.19402
723.22 169.58 743.72 226.06 0.19366
1140.8 90.793 1242.0 375.0 0.19284
1192.8 205.82 1237.0 269.13 0.19212
110.01 148.21 148.8 267.97 0.19164
102.12 151.46 140.07 265.35 0.19104
0.0 234.21 110.72 311.61 0.19104
69.524 175.52 163.35 247.28 0.19099
773.8 159.98 808.85 226.57 0.19066
0.0 124.57 50.724 233.97 0.18976
534.22 166.34 553.56 206.72 0.18929
1196.1 285.05 1242.0 375.0 0.18884
350.51 142.7 387.67 261.79 0.18792
14.889 205.63 122.71 282.22 0.18774
766.15 162.41 931.87 237.54 0.18744
1206.4 171.32 1240.0 282.91 0.1874
90.73 185.26 190.52 255.99 0.18722
678.27 177.26 740.39 210.49 0.18584
732.55 200.01 783.83 235.95 0.18571
379.88 179.0 417.82 203.15 0.18566
427.58 154.13 466.87 250.53 0.18468
1220.4 214.63 1242.0 275.6 0.18451
165.72 159.06 205.15 260.97 0.18362
307.56 200.06 449.78 310.29 0.18349
1137.0 262.75 1242.0 357.69 0.18195
635.88 172.43 648.89 212.67 0.18161
754.84 144.16 807.18 259.69 0.18157
1238.7 207.15 1242.0 258.31 0.1802
840.16 170.72 856.02 232.13 0.17989
259.24 135.89 352.4 313.56 0.1796
383.2 176.78 427.05 212.96 0.17916
131.56 123.76 239.18 364.29 0.17904
615.54 171.19 626.79 198.63 0.17845
297.9 138.64 525.17 308.02 0.17786
531.1 165.85 550.61 209.34 0.17706
639.47 125.46 1145.0 375.0 0.17505
718.64 175.31 739.6 228.39 0.17456
35.476 172.52 354.2 310.91 0.17413
594.39 180.41 632.11 201.86 0.17382
1172.3 199.92 1242.0 279.69 0.17252
669.05 180.55 695.25 197.77 0.17111
622.02 170.13 633.92 196.15 0.17021
836.45 169.43 852.07 231.94 0.16953
684.43 179.93 723.46 203.16 0.16737
618.24 169.19 630.14 195.75 0.16617
0.0 185.51 60.504 221.98 0.16614
360.21 182.98 428.09 210.14 0.16602
619.06 187.3 661.81 223.2 0.16561
766.69 138.75 834.62 289.18 0.16391
743.6 206.69 778.76 253.35 0.1637
1142.3 248.45 1242.0 342.23 0.1631
727.24 166.84 863.14 229.12 0.16255
100.39 124.0 203.39 372.28 0.16235
431.9 173.77 501.98 203.51 0.16185
637.56 173.77 647.83 204.32 0.16142
539.7 183.01 564.29 203.82 0.16027
342.99 179.6 401.39 206.27 0.15913
361.13 177.28 417.08 200.6 0.15797
368.13 164.26 383.82 217.08 0.15743
739.82 99.553 866.05 375.0 0.15716
385.01 164.47 399.19 223.86 0.15589
678.26 190.57 710.91 207.61 0.15493
1147.4 234.0 1242.0 323.09 0.154
1144.7 218.26 1242.0 303.85 0.15327
534.52 183.46 561.24 205.9 0.15326
0.0 231.22 46.665 351.17 0.15313
717.74 174.73 761.06 195.66 0.15302
735.69 176.71 791.79 199.28 0.153
857.92 101.81 985.9 359.82 0.15233
550.4 169.46 567.22 205.94 0.15111
1237.5 224.47 1242.0 274.44 0.1507
486.32 172.82 549.54 197.76 0.15067
598.21 177.95 617.44 196.73 0.15035
1126.6 206.45 1242.0 283.43 0.15018
839.77 138.97 914.66 296.36 0.15007
716.32 187.0 735.62 232.0 0.14967
697.46 178.76 713.22 224.34 0.14951
1138.2 210.31 1216.7 375.0 0.14789
1.3272 148.35 258.35 336.03 0.14664
28.047 175.04 91.71 354.85 0.14572
381.52 164.68 396.19 222.12 0.14497
692.49 182.68 809.27 252.31 0.1449
732.51 168.09 749.67 219.52 0.14476
737.59 198.94 778.92 243.3 0.14449
528.52 171.39 569.27 198.6 0.14414
162.39 18.777 455.97 375.0 0.14408
0.0 136.64 66.007 228.31 0.14376
899.5 155.6 1029.1 375.0 0.14338
369.66 180.9 410.48 207.43 0.14314
748.58 175.4 789.9 201.45 0.14192
418.93 155.0 473.07 268.66 0.14077
521.64 166.78 544.19 216.71 0.14037
78.58 152.37 146.58 309.8 0.14021
476.53 179.21 542.65 206.11 0.14001
543.97 176.59 558.72 209.75 0.13968
372.31 166.42 387.65 217.61 0.13967
525.68 167.83 547.76 215.26 0.13934
1169.3 184.5 1242.0 262.34 0.13903
619.95 181.8 658.57 200.25 0.13857
6.2582 166.98 26.889 246.48 0.1378
919.11 101.58 1156.8 375.0 0.13767
721.98 188.49 779.98 222.89 0.13733
377.3 164.01 392.65 220.73 0.13731
0.0 236.25 71.137 316.8 0.13658
710.47 175.72 732.42 229.41 0.13581
673.87 185.55 694.1 203.29 0.13529
572.47 171.23 596.53 191.47 0.13502
372.83 182.37 439.88 211.19 0.13489
559.05 166.5 575.46 203.59 0.13452
502.85 176.17 545.97 200.19 0.13403
598.08 179.73 611.27 224.08 0.13391
512.63 183.75 547.69 213.76 0.13346
719.8 159.17 736.95 208.68 0.13244
364.3 164.74 379.98 216.98 0.12995
744.89 161.3 888.15 229.68 0.12967
404.42 164.45 420.33 222.15 0.12887
526.02 183.71 556.81 207.03 0.12866
339.02 174.83 413.91 332.02 0.12823
736.46 181.0 802.18 209.59 0.12768
831.29 174.41 848.34 236.31 0.12731
0.0 149.95 167.02 329.82 0.12682
662.99 163.26 796.31 229.49 0.12633
757.14 176.16 777.27 246.03 0.12598
0.0 164.25 10.451 222.76 0.12592
1149.6 327.35 1242.0 375.0 0.12517
250.87 124.06 321.22 276.31 0.12423
361.08 179.13 399.03 206.89 0.12389
1.92 160.62 22.388 243.32 0.12343
1180.4 317.37 1242.0 375.0 0.12289
746.01 214.28 777.46 260.77 0.12152
718.5 180.52 772.01 208.16 0.12082
495.21 172.55 551.54 193.0 0.11968
695.34 183.25 709.13 223.52 0.11949
630.78 170.57 641.32 198.17 0.11897
0.0 125.29 360.89 375.0 0.11872
335.03 142.95 400.97 275.2 0.11749
737.57 35.695 1024.4 375.0 0.11694
1085.2 168.41 1184.5 371.57 0.11623
0.0 65.526 67.232 375.0 0.1156
0.0 109.89 172.53 278.93 0.11545
1168.3 172.03 1242.0 284.43 0.11485
968.61 156.96 1087.5 375.0 0.11217
0.0 252.83 68.459 332.83 0.11158
11.76 147.83 117.53 375.0 0.10856
0.0 0.0 137.9 375.0 0.10781
941.37 163.43 1052.3 375.0 0.10736
0.0 219.6 26.997 375.0 0.10631
1171.1 291.3 1242.0 374.58 0.1057
109.92 151.01 179.18 323.14 0.10479
93.137 150.73 162.59 317.72 0.10439
24.918 125.0 92.515 269.78 0.10394
195.66 213.0 405.05 303.01 0.10255
440.14 146.6 486.49 251.68 0.10169
839.36 164.19 981.05 281.9 0.10153
813.45 160.64 885.79 329.67 0.099928
559.2 161.58 683.45 232.4 0.096997
810.97 133.47 883.73 282.66 0.096944
0.0 276.1 32.992 375.0 0.096733
169.92 167.77 427.14 368.72 0.09553
0.0 267.5 68.504 347.97 0.094831
0.0 235.36 65.582 351.89 0.0943
250.39 163.76 395.06 257.64 0.092537
0.0 335.21 79.134 375.0 0.0915
101.62 9.5469 411.8 375.0 0.090587
234.8 175.77 472.91 353.02 0.088005
1163.1 168.75 1242.0 248.17 0.085787
266.31 122.05 337.75 279.92 0.085725
314.98 136.73 384.69 280.06 0.082965
757.46 156.17 872.43 244.8 0.082666
0.0 108.19 130.2 309.09 0.081541
0.0 101.17 256.61 375.0 0.08153
940.36 256.46 1145.2 369.93 0.079617
0.0 144.38 83.708 218.97 0.079423
0.0 261.12 190.99 375.0 0.079159
0.0 74.204 33.942 260.24 0.077956
399.62 157.73 577.88 222.93 0.075786
340.97 81.828 461.49 368.06 0.075484
783.01 154.02 857.46 332.57 0.074721
142.84 148.53 207.24 318.04 0.074518
0.0 321.12 50.562 375.0 0.074438
0.0 264.69 47.835 375.0 0.0743
1.0241 110.72 57.046 250.79 0.07398
0.0 192.98 70.504 375.0 0.073855
955.89 208.2 1203.3 315.04 0.073571
1199.9 93.287 1242.0 286.73 0.073497
1107.6 278.36 1242.0 367.66 0.073059
1133.1 173.92 1198.6 321.35 0.072997
1184.4 137.45 1242.0 256.58 0.072956
732.25 193.72 873.6 276.03 0.072885
797.28 131.59 865.11 275.94 0.072614
779.28 159.42 919.45 255.89 0.072533
144.7 206.72 353.48 285.68 0.071566
1101.3 160.47 1174.1 348.64 0.071543
0.0 0.0 34.415 100.57 0.069471
0.0 283.55 65.073 362.79 0.068461
853.93 167.13 923.46 329.21 0.06836
720.15 133.02 776.43 252.54 0.067593
860.28 28.73 1242.0 375.0 0.066962
953.55 282.3 1027.0 375.0 0.066759
952.09 199.03 1038.7 375.0 0.065343
299.35 128.31 368.53 281.55 0.065248
970.99 286.8 1044.3 375.0 0.065231
0.0 27.75 352.88 368.77 0.064904
1156.0 152.91 1242.0 234.61 0.064788
1078.3 128.94 1242.0 347.2 0.064753
191.42 125.77 254.19 263.34 0.06462
374.54 166.96 435.35 318.43 0.064492
157.76 158.49 221.38 326.9 0.064226
715.01 149.1 765.07 259.86 0.063918
120.19 209.24 314.21 284.42 0.06372
1022.7 205.41 1229.7 291.15 0.063036
0.0 0.0 82.662 40.478 0.062418
223.92 57.373 481.58 375.0 0.062026
0.0 95.329 94.145 375.0 0.061515
203.27 119.22 269.36 260.46 0.060942
283.0 122.75 350.55 277.78 0.0609
987.39 288.93 1059.9 375.0 0.060342
0.0 0.0 60.355 55.364 0.060175
714.6 181.29 818.76 283.8 0.060162
842.61 157.54 1114.7 320.56 0.05963
1148.1 148.48 1216.9 315.63 0.059365
382.83 134.82 438.72 257.97 0.059019
452.85 139.73 499.24 228.5 0.058671
0.0 0.0 365.09 180.25 0.058497
124.05 133.98 190.47 276.33 0.058294
0.0 125.76 80.74 209.04 0.058255
174.22 125.93 233.54 259.83 0.05815
798.83 154.22 871.57 345.56 0.057882
1148.2 284.01 1219.7 375.0 0.057529
44.612 122.38 109.7 269.69 0.05688
220.53 119.35 284.07 259.25 0.056117
1119.2 335.94 1242.0 375.0 0.054634
0.0 247.31 130.85 375.0 0.054569
1014.7 145.56 1242.0 313.81 0.054449
877.94 131.51 954.65 310.0 0.053952
0.0 232.72 91.868 350.91 0.053919
880.41 168.62 1163.5 327.54 0.053743
1002.4 290.11 1077.0 375.0 0.053305
0.0 0.0 170.61 45.483 0.053085
1143.2 189.97 1242.0 267.6 0.052116
399.51 132.96 456.62 257.33 0.05099
235.11 120.61 299.18 261.93 0.050306
13.843 207.94 78.956 375.0 0.050224
