574.35 175.71 665.96 257.36 0.99956
571.54 173.7 669.67 254.47 0.9962
578.13 177.77 663.18 236.41 0.98539
560.71 191.46 664.24 254.9 0.95515
601.02 174.08 665.0 231.98 0.94082
0.0 179.48 300.46 370.7 0.82982
598.53 167.42 648.52 254.42 0.80517
591.63 173.29 643.13 259.76 0.74823
586.53 168.25 633.28 253.68 0.74615
606.4 163.72 653.8 249.73 0.74321
618.94 166.42 658.92 249.98 0.73517
558.31 194.27 676.41 261.15 0.71018
616.33 176.91 671.42 226.85 0.70416
579.8 169.6 646.69 233.89 0.68695
25.909 208.23 360.96 375.0 0.65165
606.03 178.77 676.01 220.9 0.63047
584.83 178.15 653.62 219.63 0.58945
581.0 188.73 661.26 262.86 0.5389
589.18 160.66 648.65 261.06 0.53773
582.59 165.46 623.27 249.29 0.52578
597.5 166.53 636.86 248.22 0.52567
610.29 174.58 654.74 262.78 0.50987
628.67 165.08 662.5 247.68 0.49798
579.95 159.59 638.58 263.7 0.4933
581.09 174.2 625.06 194.8 0.42964
586.2 174.65 615.05 195.74 0.42273
547.35 163.35 677.48 240.65 0.41023
0.0 148.94 476.01 375.0 0.38924
47.195 134.94 187.46 375.0 0.3483
604.39 178.95 668.03 244.56 0.34098
0.0 79.185 380.48 375.0 0.32913
1224.7 201.16 1242.0 287.14 0.32806
579.85 176.64 627.51 201.5 0.32714
4.6365 156.81 326.34 327.6 0.32608
0.0 156.44 236.05 355.21 0.31235
18.694 139.34 156.94 375.0 0.29702
0.0 211.52 257.2 375.0 0.28983
1224.6 218.44 1242.0 306.01 0.28286
1203.4 195.71 1242.0 358.55 0.26219
77.425 131.17 217.95 375.0 0.2568
1215.2 198.88 1242.0 295.08 0.2462
588.7 187.79 672.25 239.83 0.2461
563.82 184.69 657.27 240.92 0.24519
1225.7 233.56 1242.0 328.56 0.24422
1215.5 221.73 1242.0 328.73 0.23956
1183.8 219.0 1242.0 326.2 0.23477
586.35 162.66 619.51 238.07 0.23082
585.86 172.45 619.96 189.83 0.22216
570.37 173.13 644.96 244.9 0.21931
598.53 144.38 656.54 264.75 0.21278
583.7 177.25 617.06 202.73 0.21245
1218.3 209.71 1242.0 266.8 0.19088
630.15 164.89 650.33 227.43 0.18858
626.94 165.55 646.4 226.83 0.18571
0.0 0.0 273.06 375.0 0.1798
630.12 179.12 677.27 221.01 0.17969
1202.6 164.79 1242.0 328.15 0.1755
1162.6 232.35 1242.0 313.98 0.1744
1162.7 216.72 1242.0 297.73 0.17264
0.0 0.0 146.61 375.0 0.16761
574.16 160.75 613.63 258.13 0.16717
812.35 149.26 835.46 213.47 0.16672
15.312 261.66 377.93 375.0 0.16494
1185.2 190.79 1242.0 295.24 0.16451
591.01 170.19 644.79 301.87 0.16272
1208.6 225.22 1241.5 344.12 0.16097
589.72 173.71 615.71 190.88 0.15018
108.32 127.54 246.49 375.0 0.14786
0.0 332.75 16.871 375.0 0.14663
611.41 176.35 684.33 210.48 0.14461
1225.0 184.32 1242.0 270.45 0.14443
1218.0 225.07 1242.0 282.06 0.1415
1225.3 255.3 1242.0 354.25 0.14067
618.35 180.79 680.91 218.13 0.14043
623.96 163.28 642.72 226.62 0.13987
0.0 263.67 283.19 375.0 0.13937
634.85 177.59 677.54 200.86 0.13896
1161.4 201.11 1242.0 280.87 0.13355
636.88 170.98 657.07 225.39 0.13251
0.0 256.93 16.876 367.7 0.13238
634.31 165.07 653.27 226.67 0.13134
1159.8 247.87 1242.0 329.86 0.13123
0.0 142.78 31.054 334.13 0.13088
0.0 271.95 34.802 375.0 0.12973
0.0 192.83 16.392 300.48 0.12851
1206.1 219.05 1242.0 259.34 0.1282
0.0 159.14 15.853 272.83 0.12745
578.88 157.39 631.89 296.92 0.12738
1058.2 265.12 1242.0 375.0 0.12077
1216.4 241.02 1242.0 352.11 0.12047
1133.5 194.39 1242.0 375.0 0.11639
1185.8 178.03 1242.0 345.52 0.11132
0.0 130.27 128.34 375.0 0.11107
1205.4 227.61 1242.0 265.9 0.11096
0.0 335.71 79.875 375.0 0.11071
626.87 174.15 662.42 266.19 0.11044
1207.0 193.78 1238.6 301.76 0.11025
587.28 196.98 669.05 246.49 0.10982
1198.5 287.85 1242.0 375.0 0.10621
640.81 172.29 660.51 224.01 0.10477
1180.6 173.89 1242.0 280.24 0.10373
52.476 0.0 325.69 375.0 0.10353
1236.6 226.67 1242.0 273.84 0.10317
1181.4 249.15 1242.0 362.16 0.10221
0.0 320.46 49.147 375.0 0.1021
646.86 171.31 665.23 222.14 0.10026
84.804 186.46 227.07 375.0 0.098346
1205.1 212.01 1242.0 251.22 0.096931
0.0 186.59 76.076 375.0 0.09688
1069.8 12.41 1242.0 375.0 0.096849
114.02 183.38 260.22 375.0 0.095429
1158.6 183.73 1242.0 265.45 0.093388
1146.5 330.89 1242.0 375.0 0.092009
574.98 154.37 623.8 280.07 0.090618
640.51 175.04 673.66 205.93 0.090457
0.0 186.97 48.292 299.6 0.090234
0.0 341.06 24.019 375.0 0.090026
586.39 177.1 612.32 199.9 0.089824
0.0 161.85 29.699 267.74 0.089793
916.52 153.43 1242.0 375.0 0.089424
1157.5 263.79 1242.0 346.61 0.088246
0.0 209.1 15.122 315.43 0.087435
144.96 191.2 292.78 375.0 0.08673
1236.2 207.76 1242.0 257.28 0.083263
1207.4 236.08 1242.0 274.39 0.082675
1203.8 238.89 1242.0 375.0 0.081472
576.75 178.04 630.06 206.84 0.080838
599.61 161.83 630.92 239.6 0.080375
636.5 166.07 666.22 247.44 0.078819
638.96 166.96 655.38 218.45 0.078792
0.0 178.32 31.254 375.0 0.078671
813.93 151.92 840.23 218.13 0.07867
620.7 163.09 638.04 226.92 0.078361
0.0 246.86 141.49 375.0 0.077604
1156.2 218.42 1242.0 327.68 0.077573
1217.8 240.72 1242.0 301.78 0.077506
592.61 160.57 622.39 233.21 0.077208
0.67746 169.91 98.707 375.0 0.076551
0.0 238.3 16.262 348.41 0.075225
1224.4 228.91 1240.2 276.72 0.074278
0.0 190.27 67.794 269.36 0.073005
651.25 171.28 668.81 220.71 0.07295
0.0 205.44 70.292 284.75 0.072622
616.71 162.03 633.47 226.64 0.07224
0.0 157.29 47.086 332.02 0.072206
811.49 138.97 838.83 232.03 0.07212
0.0 353.99 16.97 375.0 0.070617
643.23 165.75 658.98 215.73 0.070571
1177.8 317.46 1242.0 375.0 0.069393
615.87 161.27 648.05 240.28 0.068284
0.0 360.79 40.804 375.0 0.06786
1219.2 194.17 1242.0 252.52 0.067835
637.3 185.36 657.39 237.32 0.066689
2.3459 344.98 30.93 375.0 0.066261
1206.4 244.28 1242.0 284.54 0.064581
608.45 159.35 639.37 237.48 0.063951
572.23 180.3 644.57 225.0 0.06313
1224.7 341.46 1242.0 375.0 0.062207
0.0 219.66 75.49 301.92 0.062138
84.926 267.68 437.88 375.0 0.061291
612.95 163.23 629.33 227.09 0.06108
631.75 183.86 682.41 207.59 0.061038
0.0 214.75 51.808 336.65 0.06036
1205.9 205.03 1242.0 244.45 0.059197
1133.2 220.99 1242.0 299.09 0.057585
640.85 180.71 660.33 235.1 0.057495
815.0 147.33 842.09 242.24 0.057124
1079.9 229.92 1242.0 375.0 0.057084
605.19 163.67 621.01 224.43 0.056563
624.23 179.71 677.27 232.04 0.055938
1133.5 238.39 1242.0 318.0 0.055085
0.0 0.0 179.15 88.927 0.054524
1141.4 85.004 1242.0 375.0 0.054424
0.0 284.67 15.655 375.0 0.054412
1062.4 163.84 1242.0 343.35 0.054289
0.0 261.27 198.88 375.0 0.054145
14.181 144.9 119.39 375.0 0.053659
638.45 179.1 671.23 209.38 0.0529
0.0 38.915 68.705 375.0 0.052783
1221.4 227.56 1236.1 274.84 0.052366
1216.1 183.4 1242.0 274.55 0.05212
1205.2 252.7 1242.0 293.15 0.051808
0.0 0.0 348.29 178.61 0.051315
144.51 117.15 274.54 375.0 0.051279
0.0 92.923 30.178 288.62 0.051211
0.0 314.57 16.183 375.0 0.05111
0.0 0.0 75.044 181.15 0.05105
0.0 157.79 21.495 265.18 0.051033
1160.9 279.32 1242.0 360.69 0.050974
0.0 234.58 77.397 318.55 0.05096
0.0 157.52 47.714 267.28 0.050809
0.0 291.81 49.112 375.0 0.050288
604.49 182.89 662.1 213.43 0.049714
592.5 165.0 606.41 203.61 0.049534
1226.4 167.65 1242.0 256.77 0.049208
624.12 160.04 653.2 234.65 0.049185
0.0 129.29 196.95 313.82 0.049169
1200.2 128.25 1242.0 308.78 0.048874
0.74081 158.47 68.982 348.31 0.048758
1155.1 166.55 1242.0 249.84 0.047968
608.81 163.73 624.64 227.68 0.047793
584.54 178.72 640.46 209.41 0.047695
1203.0 238.51 1242.0 292.94 0.047488
1043.6 128.14 1242.0 312.49 0.047431
178.68 205.01 321.74 375.0 0.047005
569.79 170.64 627.04 226.38 0.046369
1237.6 232.89 1242.0 279.1 0.046157
611.86 185.48 682.67 229.37 0.044685
601.04 164.68 618.97 227.33 0.044227
0.0 0.0 35.309 100.23 0.044009
0.0 175.88 71.563 254.52 0.043572
8.507 145.09 87.489 350.8 0.043009
0.0 147.29 14.135 249.69 0.043008
0.0 192.88 46.956 375.0 0.042781
0.0 180.69 18.015 235.15 0.042401
589.35 173.28 621.44 195.94 0.042196
0.0 0.0 81.126 43.046 0.041406
611.54 179.16 662.33 208.48 0.040663
1218.6 253.24 1242.0 316.45 0.040451
576.51 159.22 695.65 252.79 0.039822
567.27 209.24 658.76 257.49 0.039363
551.61 187.11 666.45 272.51 0.03888
1239.2 239.46 1242.0 290.27 0.038763
1209.4 244.9 1240.6 369.49 0.03873
1203.4 361.93 1242.0 375.0 0.038611
1204.8 259.81 1242.0 300.25 0.037896
10.298 346.67 38.311 375.0 0.037782
0.0 69.064 12.845 174.52 0.037038
1228.6 227.74 1242.0 276.17 0.036909
1183.2 213.45 1242.0 375.0 0.036832
1217.5 226.44 1232.4 274.8 0.036394
1202.9 228.39 1234.2 337.11 0.036363
0.0 95.485 94.235 375.0 0.036255
0.0 197.54 73.073 375.0 0.036026
645.37 185.42 662.94 233.03 0.036017
0.0 252.67 77.198 333.84 0.035977
585.77 176.59 640.77 202.09 0.035852
0.0 214.68 19.154 271.43 0.035729
819.09 151.08 842.15 212.86 0.035548
591.16 167.5 606.62 212.29 0.035507
1204.5 197.15 1242.0 236.92 0.035405
0.0 175.1 22.117 284.12 0.035133
1132.7 205.95 1242.0 284.34 0.035085
0.0 199.37 22.344 309.1 0.034809
593.28 179.76 651.12 209.32 0.034641
0.0 250.66 50.043 367.89 0.034637
570.41 191.68 644.24 259.33 0.034441
837.08 0.0 1242.0 187.43 0.033896
60.542 159.08 401.13 325.43 0.033879
0.0 246.59 21.867 358.36 0.033838
1169.8 176.19 1227.7 344.36 0.033715
589.77 206.89 672.92 253.88 0.033589
0.0 285.61 73.313 365.65 0.03301
1130.8 252.22 1242.0 332.67 0.032786
817.02 149.53 837.91 206.53 0.032522
654.56 172.19 670.64 218.4 0.032447
649.64 177.57 667.26 225.17 0.032426
579.06 159.37 608.13 238.46 0.032312
595.99 163.2 610.47 205.36 0.032198
0.0 268.0 78.587 349.34 0.032094
1096.5 141.37 1242.0 369.95 0.031847
636.68 174.93 676.64 196.47 0.03174
624.14 178.31 676.8 205.26 0.031706
0.0 217.53 36.981 256.09 0.031551
0.0 0.0 138.38 119.15 0.031444
0.0 225.28 38.2 264.32 0.031375
0.0 124.73 45.085 299.16 0.030796
1225.6 278.61 1242.0 375.0 0.0305
0.0 358.31 23.028 375.0 0.030466
1217.9 356.73 1242.0 375.0 0.030106
1111.7 337.13 1242.0 375.0 0.030025
32.108 151.38 137.51 375.0 0.029957
0.0 190.99 35.022 229.73 0.029882
0.0 190.17 15.96 246.08 0.029643
0.0 277.54 18.271 334.27 0.029618
603.69 197.83 665.77 255.08 0.029451
0.0 157.21 68.784 236.91 0.029221
614.24 178.74 657.38 215.74 0.028875
1205.5 267.76 1242.0 308.24 0.028851
0.0 0.0 273.75 226.82 0.028813
0.0 118.01 325.11 288.71 0.028721
7.1446 163.09 35.828 259.85 0.028451
0.0 0.0 66.949 54.292 0.028339
0.0 317.64 69.328 375.0 0.028259
586.51 169.44 619.08 185.9 0.028253
588.12 175.07 625.79 204.22 0.028134
109.79 16.481 367.05 375.0 0.028132
0.0 197.56 17.499 255.32 0.027811
641.17 179.9 682.52 202.42 0.027757
1162.7 293.74 1242.0 375.0 0.027648
606.73 171.96 644.22 269.44 0.02741
1238.3 245.25 1242.0 296.6 0.026794
632.58 188.4 678.17 209.72 0.026793
1202.9 189.19 1242.0 228.96 0.026709
0.0 366.45 54.94 375.0 0.026602
1183.8 142.28 1242.0 323.06 0.026507
630.44 160.31 657.4 230.38 0.026374
595.89 161.95 614.38 224.58 0.026329
586.0 182.86 646.66 214.56 0.026074
0.0 200.83 72.304 317.99 0.026063
601.26 121.33 664.76 270.45 0.026036
633.41 175.49 668.34 207.17 0.026028
1227.4 157.42 1242.0 239.86 0.025778
0.0 96.352 193.26 281.15 0.025531
0.0 208.63 35.292 248.46 0.025381
15.579 290.67 84.886 375.0 0.025303
12.152 207.82 87.511 375.0 0.025066
0.0 232.09 35.717 272.09 0.025056
406.74 0.0 779.9 92.74 0.024894
501.37 0.0 652.67 208.27 0.024782
1152.3 150.33 1242.0 233.02 0.024759
1181.5 279.29 1242.0 375.0 0.024591
643.59 183.95 673.26 212.46 0.024385
471.59 0.0 620.14 206.96 0.024308
1137.4 0.0 1242.0 207.49 0.024123
580.95 201.56 648.31 261.65 0.024074
0.0 183.55 36.51 221.95 0.024012
0.0 199.92 35.952 238.23 0.023898
1193.5 211.86 1239.6 264.81 0.023696
619.75 175.94 658.78 209.59 0.023638
867.48 21.175 1242.0 371.9 0.023614
1204.8 275.89 1242.0 316.54 0.023478
585.82 160.23 613.13 230.32 0.023441
1214.9 180.58 1242.0 236.38 0.023373
90.462 146.15 361.19 348.95 0.023311
131.82 0.0 911.79 186.04 0.023137
1238.0 253.65 1242.0 302.93 0.022798
0.0 230.15 17.845 285.65 0.022467
0.0 287.91 37.266 327.46 0.022407
1029.2 0.0 1242.0 93.709 0.022258
635.42 182.22 668.5 215.14 0.022187
0.0 330.82 159.22 375.0 0.022175
616.25 183.72 672.91 209.64 0.02217
632.55 173.49 653.9 235.52 0.022051
1194.3 248.0 1242.0 287.31 0.021994
1008.1 55.366 1242.0 375.0 0.021889
586.19 194.73 647.39 236.19 0.021873
1205.0 182.51 1242.0 221.49 0.021808
0.0 368.33 65.712 375.0 0.021703
1204.2 251.52 1242.0 309.42 0.021627
813.37 132.27 844.89 229.48 0.021539
1232.2 208.06 1242.0 258.3 0.021272
1130.7 190.12 1242.0 269.85 0.021247
149.31 0.0 298.8 205.43 0.021159
804.31 164.35 853.43 194.57 0.021099
1218.8 269.98 1242.0 332.76 0.020935
0.0 173.45 88.208 282.47 0.020712
114.16 0.0 267.46 202.84 0.020652
209.03 217.13 347.66 375.0 0.020527
588.13 174.36 635.57 195.47 0.020474
0.0 197.0 208.16 290.28 0.020349
1216.9 238.35 1241.6 263.74 0.020318
590.43 167.92 601.76 200.91 0.020296
1231.2 221.94 1242.0 272.62 0.020156
812.89 153.56 836.7 231.4 0.020086
1201.1 194.31 1231.8 300.85 0.01999
1216.3 264.56 1242.0 375.0 0.019832
0.0 280.79 37.726 319.84 0.019737
1208.2 180.75 1238.3 281.39 0.019677
248.44 0.0 645.4 88.858 0.019639
652.05 169.62 667.1 212.06 0.019633
0.0 239.85 34.304 279.61 0.01958
0.0 0.0 384.69 90.58 0.019474
571.08 189.28 703.9 259.68 0.019472
590.87 163.53 609.72 224.77 0.019385
0.0 0.0 13.141 45.525 0.019364
0.0 267.26 21.224 375.0 0.019327
82.302 0.0 234.83 209.19 0.019092
1190.7 237.38 1239.7 293.72 0.019054
362.27 0.0 658.43 375.0 0.018759
589.87 170.62 602.68 208.26 0.018544
602.36 174.49 655.06 313.74 0.018416
345.21 0.0 714.49 84.298 0.018342
1209.9 175.85 1242.0 214.19 0.018286
0.0 263.24 18.753 318.8 0.018083
0.0 40.757 28.29 248.37 0.018078
0.0 167.52 18.71 218.76 0.017926
1235.6 232.3 1242.0 261.55 0.017858
938.96 0.0 1242.0 241.94 0.017828
0.0 186.55 146.99 267.93 0.017634
1.3917 184.65 29.596 293.37 0.017574
0.0 0.0 36.89 19.893 0.017491
0.0 175.81 35.438 213.66 0.017472
1206.0 284.19 1242.0 324.42 0.017414
0.0 141.02 73.366 221.5 0.017318
0.0 181.08 122.27 312.3 0.017282
1206.5 238.08 1242.0 257.56 0.017228
1176.7 141.71 1242.0 251.86 0.017116
0.0 223.86 173.77 321.49 0.017093
436.11 0.0 585.34 208.46 0.016974
0.0 253.57 202.51 350.82 0.016964
29.598 285.95 99.575 375.0 0.016835
0.0 214.68 214.81 305.88 0.016805
623.5 180.41 662.6 214.22 0.016783
183.87 0.0 329.3 203.87 0.016725
1192.5 229.24 1239.9 281.68 0.016452
1190.8 246.58 1238.0 304.09 0.01644
0.0 202.27 132.18 361.5 0.016409
0.0 294.8 38.454 334.66 0.016309
582.77 174.06 617.44 280.31 0.016149
588.34 165.64 603.52 214.09 0.015973
2.1125 126.29 66.346 314.61 0.015922
0.0 240.3 177.2 338.82 0.015837
0.0 272.45 39.699 312.14 0.01579
624.83 186.46 672.28 212.43 0.015774
1223.9 220.75 1239.1 267.39 0.015702
1150.9 246.68 1242.0 364.5 0.015656
1225.4 221.0 1242.0 242.13 0.01565
0.0 124.65 71.92 204.59 0.015642
1227.9 238.34 1242.0 257.78 0.015601
1216.7 342.11 1242.0 375.0 0.015361
0.0 322.16 116.33 375.0 0.01523
0.0 248.25 36.248 287.63 0.01514
1125.9 269.02 1242.0 350.68 0.015039
1232.8 229.79 1242.0 277.45 0.015032
98.133 0.0 484.26 90.508 0.014933
50.777 0.0 202.27 210.56 0.014836
600.72 162.66 615.49 211.04 0.014791
0.0 292.35 16.773 348.46 0.014749
0.0 125.52 50.723 239.13 0.014741
1217.0 168.37 1242.0 220.08 0.014665
1227.7 218.23 1242.0 266.4 0.014661
0.0 183.1 190.78 375.0 0.014653
403.65 0.0 550.68 209.89 0.014567
0.0 233.21 69.274 352.14 0.014536
0.0 110.13 74.231 188.77 0.014525
811.61 154.17 829.85 207.97 0.01452
1032.5 69.263 1242.0 251.97 0.014469
0.0 69.491 21.996 178.3 0.014354
588.5 176.09 630.0 211.57 0.014302
0.0 248.03 18.479 302.27 0.014292
805.94 158.84 849.92 201.64 0.014272
29.491 197.3 103.05 375.0 0.014235
0.0 151.43 26.129 243.62 0.014229
1228.3 207.76 1242.0 259.29 0.014218
1078.8 90.965 1242.0 324.49 0.014185
0.0 256.67 37.999 295.32 0.014085
0.0 270.85 165.02 363.48 0.014038
215.65 0.0 361.76 212.54 0.014032
1186.2 225.12 1242.0 260.72 0.013981
594.58 177.78 649.36 201.61 0.013952
446.16 0.0 727.4 107.49 0.013896
1225.8 225.07 1242.0 245.91 0.013517
0.0 203.27 120.84 283.83 0.013467
0.0 264.11 39.138 303.64 0.013374
1206.5 291.85 1242.0 332.26 0.013337
17.682 348.25 45.866 375.0 0.013237
0.0 210.08 100.22 342.79 0.013103
45.302 286.87 115.23 375.0 0.013077
0.0 98.984 135.58 320.98 0.013059
1185.1 233.25 1242.0 268.31 0.013
644.59 164.85 669.76 234.82 0.012931
533.54 0.0 678.47 202.53 0.01291
607.97 180.88 657.46 223.66 0.012889
0.0 134.13 13.047 232.01 0.012837
573.09 168.83 600.9 250.84 0.012809
587.0 167.1 605.46 223.44 0.012807
1233.4 214.95 1242.0 247.12 0.012725
658.26 174.53 673.17 221.13 0.012714
1234.7 228.03 1242.0 258.72 0.012704
0.0 96.495 71.59 172.36 0.012467
783.32 277.29 1110.6 375.0 0.0124
0.0 88.813 15.242 139.97 0.012334
1227.2 233.81 1242.0 253.99 0.012309
0.0 342.55 14.393 375.0 0.012227
972.68 280.66 1242.0 375.0 0.012199
0.0 308.09 17.041 361.55 0.012134
0.0 173.34 23.466 221.59 0.0121
0.0 0.0 595.81 173.22 0.012095
1226.4 217.66 1242.0 238.49 0.012061
0.0 235.69 159.02 375.0 0.011999
0.0 91.24 12.402 194.77 0.011987
0.0 303.4 38.178 342.85 0.011857
238.88 0.0 829.87 222.77 0.011844
649.34 167.48 663.7 210.06 0.01181
1226.3 139.17 1242.0 224.62 0.011762
1223.9 308.39 1242.0 375.0 0.011753
607.5 189.35 664.06 219.71 0.01173
1226.4 229.05 1242.0 249.62 0.011653
1224.6 209.67 1239.6 260.27 0.011561
0.0 66.155 542.34 375.0 0.011462
5.7147 327.85 211.9 375.0 0.01143
0.0 320.31 23.928 375.0 0.011385
595.19 183.35 657.02 218.8 0.011323
0.0 0.0 29.464 24.488 0.011303
0.0 354.36 39.445 375.0 0.011268
370.85 0.0 519.33 210.5 0.011256
570.07 154.23 617.37 311.84 0.01117
179.53 93.868 306.69 375.0 0.011098
584.41 175.41 606.72 193.73 0.011067
164.43 277.57 502.98 375.0 0.01102
0.0 14.022 24.736 218.39 0.010969
1150.3 293.62 1221.3 375.0 0.010884
1210.0 166.14 1242.0 204.36 0.01088
338.64 0.0 493.77 208.42 0.010807
1234.0 223.0 1242.0 254.37 0.010783
89.375 0.0 288.14 43.571 0.010768
1074.7 0.0 1242.0 121.53 0.010757
1152.9 133.45 1242.0 217.02 0.010749
71.982 127.38 154.85 363.84 0.010707
429.18 0.0 724.1 375.0 0.010694
0.0 260.2 128.13 375.0 0.01059
0.0 0.0 100.05 194.13 0.010575
0.0 43.011 11.746 145.82 0.010537
0.0 97.072 31.695 134.77 0.01053
616.4 136.07 672.31 288.32 0.010517
0.0 168.07 34.468 205.44 0.010465
156.29 0.0 546.56 98.667 0.010401
0.0 215.54 132.07 300.38 0.010353
0.0 366.55 78.67 375.0 0.010347
0.0 312.16 34.961 352.15 0.010329
1220.1 219.43 1234.9 266.62 0.010295
298.15 0.0 608.68 375.0 0.010284
0.0 285.93 101.47 362.52 0.010232
17.311 0.0 172.57 214.59 0.01018
1217.2 164.72 1242.0 257.76 0.010113
1210.4 236.88 1238.8 263.18 0.010102
0.0 187.98 154.56 335.78 0.010088
0.0 179.5 212.71 270.74 0.010064
1.513 258.48 26.524 372.23 0.010054
722.88 279.78 1049.5 375.0 0.0099688
642.29 189.66 683.05 208.94 0.0098356
1229.4 242.15 1242.0 260.91 0.0097764
44.549 194.94 121.0 375.0 0.0097736
1121.4 320.47 1242.0 375.0 0.0097683
0.0 320.12 35.315 358.19 0.0096964
1199.2 85.882 1242.0 277.14 0.0096734
0.0 104.4 32.7 141.74 0.0096465
629.89 186.67 665.27 221.13 0.0096375
373.74 0.0 669.2 108.09 0.0096242
853.95 238.28 986.36 375.0 0.0095593
0.0 90.935 48.456 206.73 0.0095499
874.0 285.99 1195.9 375.0 0.0095411
60.683 285.08 129.94 375.0 0.0095278
1238.0 280.41 1242.0 330.68 0.0094742
242.37 226.78 377.07 375.0 0.0094714
821.26 240.49 953.75 375.0 0.00946
1050.5 238.03 1177.4 375.0 0.0094309
561.66 123.75 625.0 279.97 0.0094093
0.0 247.04 137.39 332.89 0.0093513
0.0 227.65 22.057 334.63 0.0093488
245.99 0.0 396.26 205.48 0.0093158
633.41 164.11 649.02 217.95 0.0093053
0.0 169.35 139.08 292.96 0.0092767
824.24 138.5 847.15 243.16 0.0091789
620.8 189.32 673.95 242.16 0.0091577
0.0 80.044 66.116 154.81 0.0091426
1188.5 366.34 1242.0 375.0 0.0091214
614.76 176.85 668.68 201.21 0.0091058
640.65 188.75 660.48 247.6 0.0090461
0.0 89.458 32.947 126.65 0.0090344
599.84 177.92 643.68 212.57 0.0090225
1183.6 217.74 1242.0 254.1 0.0090145
50.052 0.0 342.01 114.58 0.008983
596.87 165.63 609.11 197.91 0.0089692
0.0 0.0 7.0119 19.83 0.0089592
578.49 175.82 616.3 193.71 0.0088859
1184.8 242.9 1242.0 276.17 0.0088414
587.44 178.88 637.34 218.99 0.0087981
0.91893 204.28 29.522 316.85 0.0087263
0.0 193.17 50.15 227.42 0.0086903
1108.1 43.509 1242.0 375.0 0.0086788
608.55 194.97 681.69 236.38 0.0086583
296.42 0.0 607.86 103.1 0.0086283
0.0 221.18 245.81 323.62 0.0086089
1216.8 159.53 1242.0 210.67 0.0086052
0.0 0.0 19.131 9.6043 0.0085611
0.0 0.0 372.22 308.81 0.008532
1208.8 157.08 1242.0 195.79 0.0085273
1208.5 339.94 1238.3 375.0 0.0085181
1182.7 259.11 1242.0 295.7 0.0084105
944.87 73.019 1216.9 375.0 0.0083659
54.767 117.93 424.21 284.42 0.0083644
1236.8 200.62 1242.0 245.27 0.0082475
1206.4 300.17 1242.0 339.63 0.0081597
77.031 285.89 144.83 375.0 0.0081483
621.27 175.12 654.45 275.9 0.008042
561.97 0.0 707.15 212.85 0.0080276
1238.2 264.24 1242.0 313.72 0.0079682
0.0 190.04 23.315 242.36 0.0079369
307.17 0.0 462.21 206.47 0.0078904
660.16 169.65 674.24 213.84 0.0078858
0.0 327.3 37.62 366.16 0.0078686
532.23 150.83 655.71 254.04 0.0078532
0.0 0.0 138.55 43.207 0.0078415
790.29 243.74 921.21 375.0 0.0078206
807.12 121.74 838.48 224.94 0.007804
1148.4 118.11 1242.0 202.36 0.0077965
625.53 175.99 671.01 197.25 0.0077617
886.39 239.46 1015.9 375.0 0.0077596
615.81 173.12 682.9 203.27 0.0077364
606.64 177.8 652.36 213.09 0.0076516
629.42 196.05 663.35 229.21 0.0076471
117.83 0.0 402.84 109.11 0.0076365
1218.0 286.75 1242.0 346.25 0.007636
574.88 177.79 606.45 287.9 0.007607
0.0 175.96 121.76 250.9 0.0075883
1204.1 266.78 1242.0 325.22 0.0075863
583.47 177.61 607.86 198.63 0.0075692
0.0 0.0 137.58 210.35 0.0075508
1167.7 138.79 1231.6 320.02 0.0075246
1238.3 272.84 1242.0 322.9 0.0075114
52.259 328.37 265.41 375.0 0.0074968
0.0 118.32 11.913 217.32 0.0074619
1216.6 217.69 1231.5 266.83 0.0074072
639.03 157.4 664.51 224.03 0.007372
777.84 173.47 1242.0 375.0 0.0073464
630.03 191.69 676.91 214.53 0.0073043
21.901 190.57 266.85 290.94 0.0072721
478.84 0.0 840.0 89.177 0.0072339
134.61 0.0 348.4 44.771 0.0072199
1122.7 234.36 1242.0 344.89 0.0071882
92.047 229.24 380.2 375.0 0.0071764
52.376 127.57 134.62 354.65 0.0071646
634.92 194.09 665.72 222.82 0.0071244
0.0 180.68 43.706 228.91 0.0070763
0.0 159.82 32.979 196.62 0.007033
822.26 150.53 845.81 218.94 0.006999
1019.5 247.72 1141.6 375.0 0.0069868
0.0 104.98 15.243 156.15 0.006984
166.96 0.0 460.23 375.0 0.0069828
10.685 171.91 183.24 322.07 0.006982
638.41 174.67 669.28 201.51 0.006961
0.0 186.23 52.274 219.01 0.0069255
0.0 336.91 39.148 375.0 0.0068717
1126.1 284.39 1242.0 366.33 0.0068464
0.0 0.0 48.371 92.209 0.0068308
153.19 0.0 222.16 97.11 0.0068203
574.22 172.51 645.49 204.63 0.0068141
1206.6 234.55 1242.0 252.81 0.006714
93.146 286.82 159.98 375.0 0.006712
614.1 154.94 664.18 302.81 0.0067038
0.0 290.76 27.493 375.0 0.0066935
1208.4 149.44 1242.0 187.8 0.0066864
0.0 112.76 33.02 150.15 0.0066856
584.56 185.95 645.13 225.1 0.0066822
97.043 325.49 313.9 375.0 0.006659
488.32 0.0 684.98 40.551 0.0066397
920.05 240.78 1047.2 375.0 0.0066352
613.68 164.98 627.36 218.38 0.0066271
1227.8 214.24 1242.0 234.83 0.006614
595.6 204.2 660.95 258.64 0.0066098
88.474 126.18 169.17 361.82 0.0065896
0.0 162.44 110.67 274.5 0.0065503
1168.8 206.49 1229.0 375.0 0.0065464
26.435 349.24 53.933 375.0 0.0065284
0.0 0.0 255.85 92.115 0.0065142
1208.0 241.54 1242.0 260.73 0.006506
182.17 0.0 398.36 41.589 0.0064694
987.83 246.92 1110.9 375.0 0.0064598
0.0 65.424 61.203 141.27 0.0063889
27.203 124.39 99.455 324.57 0.0063746
101.79 172.84 392.64 371.31 0.0063389
580.68 177.17 623.41 212.29 0.0063386
625.97 199.46 668.34 224.21 0.0063245
1153.2 175.4 1212.1 345.56 0.0063237
1213.9 233.63 1240.5 259.86 0.006277
277.86 229.87 407.89 375.0 0.0062695
569.08 175.1 638.72 213.52 0.0062636
639.26 193.42 681.23 213.12 0.006248
0.0 29.541 195.03 219.79 0.0062359
74.202 222.38 319.57 323.05 0.0062353
0.0 81.412 31.734 117.67 0.0062208
272.23 0.0 426.54 204.85 0.0062193
954.42 245.36 1079.7 375.0 0.0062156
633.1 173.53 684.1 212.37 0.0062041
0.0 173.18 168.19 257.23 0.0061721
803.48 171.79 854.49 200.32 0.0061591
227.47 0.0 539.15 375.0 0.0061199
1214.9 149.09 1242.0 202.26 0.0060889
136.92 0.0 206.56 100.46 0.0060767
0.0 61.901 46.049 173.07 0.0060764
644.72 177.37 686.16 199.96 0.0060683
1137.8 0.0 1242.0 339.22 0.0060499
237.77 277.75 567.59 375.0 0.0059709
1.202 233.39 27.932 349.24 0.0059216
604.95 163.98 618.64 212.34 0.0059051
104.76 122.92 185.65 363.4 0.0058402
629.68 163.99 644.87 219.66 0.0057881
551.32 0.0 626.36 108.44 0.0057724
279.04 0.0 1043.0 176.63 0.0057378
0.0 202.71 53.882 236.51 0.0057139
1226.0 121.9 1242.0 204.98 0.0057026
0.0 221.45 53.339 255.51 0.0056959
109.61 285.55 176.06 375.0 0.0056521
0.0 74.038 14.29 123.98 0.0056505
1222.8 0.0 1242.0 38.678 0.0056272
605.5 178.0 660.11 201.68 0.0055639
1181.1 212.97 1231.5 265.41 0.0055536
584.48 167.28 597.61 212.63 0.005547
169.06 0.0 238.55 94.083 0.0055332
623.96 195.81 670.91 219.57 0.0055311
0.0 161.39 92.702 234.84 0.0055301
0.0 228.53 53.165 263.63 0.0054967
635.86 181.61 663.08 265.36 0.0054479
0.0 164.1 665.57 375.0 0.005417
657.28 167.9 671.14 210.11 0.0054065
60.389 207.58 299.59 305.13 0.0054007
758.76 244.84 887.67 375.0 0.0053502
0.0 208.47 25.415 261.48 0.005335
0.0 155.05 17.047 205.57 0.0053208
1206.5 350.44 1242.0 375.0 0.0052931
0.0 151.12 32.307 188.0 0.0052318
0.0 0.0 14.565 11.939 0.0052194
0.0 198.78 24.589 252.75 0.0052185
875.61 67.32 1146.3 375.0 0.0051885
1209.4 141.46 1242.0 179.59 0.005173
0.0 60.747 26.113 164.27 0.0051556
0.0 268.53 6.7766 321.84 0.0051379
598.61 175.02 644.69 194.83 0.0051355
1206.8 308.08 1242.0 347.75 0.0051336
0.0 0.0 480.34 224.75 0.0051213
1202.1 179.45 1231.2 279.98 0.0051187
0.0 172.41 44.046 220.36 0.0050752
0.0 299.96 94.918 374.31 0.0050715
9.2248 0.0 80.87 104.51 0.0050616
52.677 174.67 143.85 375.0 0.005058
125.58 284.05 191.68 375.0 0.0050301
0.0 0.0 62.971 317.48 0.0050008
141.81 281.5 208.72 375.0 0.0049942
1201.1 344.24 1230.2 375.0 0.0049908
571.11 179.29 600.45 283.02 0.0049622
586.93 170.59 597.51 207.07 0.004954
1221.2 209.09 1235.3 259.65 0.0049444
1171.4 248.31 1242.0 285.48 0.0049357
0.0 275.2 23.473 328.73 0.0049212
1183.7 266.62 1242.0 303.25 0.004889
1234.4 209.5 1242.0 239.41 0.004882
1180.4 239.99 1232.6 292.6 0.0048674
538.06 0.0 610.76 106.65 0.0048479
1238.4 288.05 1242.0 337.55 0.0048448
0.0 212.69 53.619 247.16 0.0048222
1236.6 238.47 1242.0 267.25 0.0048082
630.91 197.4 674.79 218.27 0.0047937
311.52 230.5 439.98 375.0 0.004775
583.43 169.14 598.99 220.89 0.0047623
1201.9 0.0 1242.0 17.379 0.0047361
1080.9 49.124 1217.9 375.0 0.0047146
1002.1 104.81 1242.0 283.0 0.004676
157.51 278.24 225.84 375.0 0.0046689
963.49 138.93 1242.0 307.13 0.0046635
595.69 177.62 634.17 205.99 0.004662
0.0 221.0 26.614 274.83 0.0046143
650.15 188.78 663.48 232.73 0.0046033
0.0 0.0 64.942 98.449 0.0045968
0.0 358.05 5.3326 375.0 0.0045931
1238.6 175.16 1242.0 217.42 0.0045754
6.7409 150.38 33.464 237.88 0.0045322
1214.1 224.5 1227.0 275.04 0.0045298
186.44 0.0 255.8 95.574 0.0045139
590.41 0.0 739.07 215.72 0.0044994
645.49 193.09 660.06 241.18 0.0044968
33.558 321.81 178.93 375.0 0.0044962
647.46 185.7 688.77 205.73 0.0044908
1137.4 0.0 1242.0 44.283 0.0044593
576.19 0.0 1242.0 185.77 0.004455
1203.3 243.82 1232.4 365.16 0.0044534
120.15 120.17 200.57 360.83 0.0044463
659.43 279.45 986.33 375.0 0.0044393
627.62 176.65 663.28 204.74 0.0044232
0.0 143.22 33.892 180.3 0.0044185
122.95 0.0 192.31 99.22 0.0044135
172.74 274.91 242.26 375.0 0.0044081
300.51 283.18 628.24 375.0 0.0043676
1146.2 101.49 1242.0 186.13 0.0043445
652.19 178.75 680.89 206.07 0.0043372
0.0 0.0 28.466 122.46 0.0043037
0.0 119.64 33.212 157.27 0.0042994
1181.2 230.45 1231.2 280.22 0.0042767
1183.4 210.44 1242.0 246.17 0.0042626
1208.4 332.38 1242.0 371.14 0.004261
587.34 172.62 611.58 189.96 0.0042527
614.02 194.92 667.72 221.32 0.0042434
1193.2 258.18 1240.0 317.77 0.0042224
7.2403 365.18 96.018 375.0 0.0042142
135.29 139.46 218.63 375.0 0.0042033
1047.4 45.737 1182.3 375.0 0.0041907
0.0 144.41 19.546 241.06 0.0041845
42.2 0.0 236.79 43.11 0.0041806
565.4 158.93 719.0 232.57 0.00418
0.0 73.773 30.06 110.19 0.0041557
1209.4 324.15 1242.0 363.18 0.0041466
0.0 180.47 6.1501 233.3 0.0041383
577.58 184.46 634.73 216.27 0.0041363
34.981 350.88 61.62 375.0 0.0041345
561.43 188.43 633.52 231.49 0.0041134
0.0 371.73 19.042 375.0 0.0041134
1133.9 286.39 1204.3 375.0 0.0041075
39.492 118.79 115.02 328.65 0.0041012
579.38 173.0 613.7 189.68 0.0040914
1146.4 159.67 1242.0 268.44 0.0040878
804.2 0.0 1096.5 375.0 0.0040831
24.355 0.0 95.653 104.25 0.0040747
0.0 135.7 34.613 172.37 0.0040712
1192.7 198.8 1242.0 250.22 0.0040701
530.94 216.94 692.74 284.99 0.0040637
794.15 0.0 1190.8 97.898 0.004035
344.66 236.84 472.55 375.0 0.0040266
1207.8 133.02 1242.0 171.42 0.004025
120.88 363.62 215.0 375.0 0.0039975
504.59 282.15 829.83 375.0 0.0039868
592.17 173.78 627.62 189.74 0.0039806
201.89 0.0 271.84 98.463 0.0039723
592.31 174.1 660.67 205.41 0.0039682
591.98 191.1 656.36 231.12 0.0039595
586.62 170.99 606.62 237.89 0.0039452
154.13 153.84 234.53 375.0 0.0039314
232.33 0.0 306.17 105.79 0.0039255
1207.6 316.34 1242.0 355.46 0.0039086
910.85 0.0 1061.1 219.77 0.003897
0.0 52.968 19.013 159.13 0.0038591
0.0 183.23 67.219 217.44 0.0038561
0.0 30.204 9.2822 129.67 0.0038335
564.01 178.99 615.78 231.89 0.003814
1050.4 204.02 1242.0 363.56 0.0038139
83.864 110.03 370.2 315.31 0.0038038
648.25 173.76 687.1 194.93 0.0037799
621.62 0.0 774.32 213.25 0.0037769
617.22 162.53 631.08 217.15 0.0037661
0.0 65.814 28.496 102.58 0.003758
1060.3 335.94 1242.0 375.0 0.0037353
109.49 0.0 258.55 58.101 0.0037307
3.0276 247.7 68.156 375.0 0.0037067
0.0 235.07 54.06 271.2 0.0037057
1110.8 206.0 1242.0 314.87 0.0036839
740.28 0.0 1035.6 375.0 0.0036764
724.74 0.0 868.72 216.48 0.0036757
881.5 0.0 1030.1 219.45 0.0036721
575.32 186.07 590.16 240.1 0.0036644
0.0 114.56 15.621 164.38 0.0036633
1172.0 106.73 1242.0 222.01 0.0036397
1230.9 246.04 1242.0 264.89 0.0036317
248.09 0.0 322.73 111.88 0.0036288
217.63 0.0 288.86 101.6 0.0036228
0.0 146.23 17.118 196.38 0.0036199
0.0 127.87 35.033 165.17 0.0036132
590.4 200.32 655.19 240.71 0.0036095
1013.7 14.209 1155.6 375.0 0.0036092
786.34 0.0 936.03 216.25 0.0035971
575.44 284.69 892.01 375.0 0.0035882
1032.8 6.6289 1242.0 186.63 0.0035864
0.0 307.04 158.14 375.0 0.0035764
629.09 183.32 658.07 281.32 0.0035695
674.82 0.0 972.18 375.0 0.0035523
75.232 192.34 308.31 287.94 0.0035484
729.89 247.13 854.23 375.0 0.0035473
582.97 175.67 601.9 237.67 0.0035221
0.0 279.11 6.3605 334.81 0.0035159
559.02 199.71 643.21 245.05 0.0035017
1201.4 0.0 1242.0 97.199 0.0034879
941.93 0.0 1092.4 219.46 0.0034733
759.14 0.0 903.83 213.84 0.0034702
568.03 0.0 641.68 104.25 0.0034665
1207.0 125.24 1242.0 163.42 0.0034544
585.34 207.73 651.36 244.0 0.003454
153.4 347.97 182.33 375.0 0.0034514
560.44 0.0 846.53 375.0 0.0034502
0.0 65.67 12.166 115.91 0.0034371
1226.5 105.36 1242.0 189.16 0.0034133
0.0 301.25 6.4787 352.12 0.0034125
6.964 364.36 62.116 375.0 0.0034097
615.11 0.0 905.31 375.0 0.0033992
467.35 116.76 797.3 273.13 0.0033958
850.63 0.0 999.18 226.5 0.0033882
820.61 0.0 970.27 225.1 0.0033726
514.77 184.21 674.08 256.33 0.0033662
0.0 291.26 124.4 371.46 0.0033483
1234.5 237.14 1242.0 292.69 0.003328
1237.9 170.28 1242.0 210.35 0.0032905
376.6 242.75 504.09 375.0 0.0032888
512.24 0.0 797.41 112.54 0.0032845
0.0 172.7 6.4703 224.43 0.0032786
887.67 113.08 1242.0 282.59 0.0032558
726.76 0.0 1119.6 95.57 0.0032452
572.05 161.02 596.45 236.33 0.0032313
1237.4 178.99 1242.0 223.66 0.0032181
567.2 205.38 631.7 260.26 0.0032178
808.14 166.33 848.96 210.3 0.0032037
11.734 112.44 82.399 315.88 0.0032003
188.83 275.03 258.42 375.0 0.00319
0.0 189.85 6.2132 242.16 0.0031848
445.0 280.82 775.9 375.0 0.0031819
1238.3 160.15 1242.0 199.73 0.0031759
0.0 290.81 52.93 325.75 0.0031739
596.09 178.52 651.62 225.3 0.003168
0.0 178.61 58.847 210.59 0.0031592
0.0 86.021 47.53 279.93 0.0031499
1218.4 310.6 1242.0 369.33 0.0031496
593.86 0.0 979.28 90.641 0.0031459
609.43 166.73 622.38 213.12 0.0031445
161.43 347.43 190.57 375.0 0.0031414
1237.5 245.23 1242.0 276.16 0.0031338
804.56 139.11 827.57 235.42 0.003118
636.66 164.4 650.82 213.78 0.0031095
973.09 0.0 1123.3 214.18 0.0031036
1163.6 365.5 1242.0 375.0 0.0031011
0.0 196.6 203.61 368.05 0.0030916
145.33 349.21 174.17 375.0 0.0030832
1238.3 241.41 1242.0 271.24 0.0030801
90.217 0.0 699.01 207.88 0.0030765
1231.7 257.13 1242.0 278.35 0.0030762
1217.2 207.67 1231.5 259.47 0.0030732
0.0 229.91 25.861 283.86 0.0030705
0.0 0.0 183.08 155.6 0.0030521
0.0 49.204 63.134 124.67 0.0030506
589.18 181.34 622.45 293.95 0.0030434
263.72 0.0 337.29 111.54 0.0030266
576.74 180.15 619.54 203.11 0.0030258
63.7 325.45 213.13 375.0 0.0030242
40.622 0.0 111.96 102.35 0.0030233
1088.9 186.43 1242.0 268.13 0.0030114
690.13 0.0 833.59 221.14 0.0030114
106.01 363.82 197.47 375.0 0.0030002
1237.5 186.48 1242.0 231.8 0.0029871
136.59 363.29 231.7 375.0 0.0029853
8.2418 286.22 35.216 375.0 0.0029439
625.54 162.76 640.4 217.6 0.002905
1236.0 248.8 1242.0 281.23 0.0028915
7.3173 327.53 36.251 375.0 0.0028878
1212.4 134.08 1242.0 185.65 0.0028749
1230.8 264.37 1242.0 286.56 0.0028729
983.79 9.2238 1120.7 375.0 0.0028582
1110.0 171.1 1242.0 252.75 0.002855
128.71 241.33 460.73 375.0 0.0028454
0.0 57.049 28.24 93.601 0.0028388
1005.9 0.0 1154.8 216.25 0.0028357
657.24 0.0 804.06 217.91 0.0028331
876.73 0.0 1242.0 91.126 0.0028217
606.22 195.13 663.56 226.37 0.0028183
1228.5 210.27 1242.0 230.4 0.0028162
1207.1 117.99 1242.0 155.27 0.0028115
645.08 192.81 670.35 219.28 0.0028079
31.074 180.05 274.46 270.66 0.0028012
565.39 190.18 622.06 245.12 0.0027977
698.47 250.33 823.32 375.0 0.0027967
598.75 175.77 630.01 197.46 0.0027914
112.09 115.83 491.33 282.04 0.0027907
212.85 17.955 352.7 375.0 0.0027715
42.851 350.72 69.531 375.0 0.0027652
621.49 163.18 635.56 216.31 0.0027571
600.59 165.78 612.75 200.43 0.0027459
1230.9 260.31 1242.0 282.49 0.0027401
1232.5 254.01 1242.0 274.45 0.0027389
1141.8 84.282 1242.0 169.67 0.002737
139.53 328.48 361.89 375.0 0.0027185
820.09 334.84 1038.6 375.0 0.0027178
425.81 151.85 437.81 190.12 0.0027157
648.35 174.65 677.71 201.53 0.0027135
615.47 166.44 633.68 245.32 0.0027119
614.17 175.71 663.22 195.86 0.0027074
653.7 183.92 667.75 227.81 0.0027026
621.7 173.82 672.22 212.57 0.0027012
611.39 166.05 629.84 245.2 0.0026979
579.19 182.73 595.02 237.5 0.0026976
106.84 0.0 176.8 105.97 0.0026963
0.0 130.93 16.439 181.36 0.002694
503.74 168.59 670.39 247.24 0.0026819
0.0 0.0 203.71 115.33 0.0026745
598.47 188.27 661.27 226.41 0.0026698
664.41 170.7 676.33 212.04 0.0026525
520.04 0.0 723.37 41.958 0.0026441
821.34 134.29 846.24 225.11 0.0026264
0.0 191.96 45.532 240.27 0.0026258
377.09 278.88 703.6 375.0 0.0026084
0.0 243.22 52.656 279.41 0.0025982
1152.3 132.38 1215.8 320.48 0.0025937
0.0 123.57 15.299 173.67 0.0025889
0.0 0.0 19.628 44.31 0.0025859
1120.5 155.39 1242.0 237.27 0.0025843
1231.3 268.03 1242.0 290.23 0.0025798
508.07 0.0 666.77 56.866 0.0025616
408.88 246.11 535.19 375.0 0.0025389
1076.3 171.97 1209.6 375.0 0.0025367
596.4 216.23 680.17 256.59 0.0025349
0.0 157.29 140.3 237.62 0.0025201
8.4237 185.88 36.737 296.1 0.0025176
1185.6 362.41 1239.8 375.0 0.0025146
137.79 349.69 166.21 375.0 0.0025084
0.0 85.327 20.968 135.8 0.0025065
14.189 163.66 41.583 253.79 0.0024915
570.48 242.52 696.89 375.0 0.0024886
816.08 150.24 832.79 202.87 0.0024781
57.707 0.0 127.9 103.98 0.0024657
596.16 175.05 622.81 191.55 0.002459
169.45 347.72 198.29 375.0 0.0024558
537.88 241.18 667.94 375.0 0.0024535
1183.5 273.56 1242.0 310.67 0.002448
1235.2 256.81 1242.0 289.19 0.0024363
98.122 323.44 249.99 375.0 0.002436
0.0 84.097 355.99 253.64 0.002431
666.84 253.66 793.27 375.0 0.0024263
137.42 0.0 296.15 61.098 0.0024234
204.45 277.99 273.35 375.0 0.0024205
1180.1 252.49 1231.4 309.45 0.0024197
878.82 148.38 1225.1 304.44 0.0024196
222.41 127.82 269.73 145.89 0.0024097
619.05 189.86 661.62 226.9 0.0024076
1039.1 0.0 1185.8 219.38 0.0024026
580.74 178.52 609.3 203.11 0.0023929
83.018 2.0314 225.86 371.6 0.0023911
