412.65 171.82 664.45 274.1 0.99994
464.66 175.28 673.37 266.19 0.99965
387.64 182.23 628.15 269.57 0.99886
515.06 172.49 661.87 271.11 0.99749
410.08 174.96 594.84 284.05 0.99627
440.01 186.91 484.03 215.26 0.99016
448.9 168.87 648.07 288.62 0.98497
457.49 186.7 488.07 210.74 0.9823
455.65 184.53 495.86 208.49 0.98096
450.75 186.81 483.55 211.39 0.97632
410.87 179.7 667.9 284.68 0.97543
418.23 144.18 636.75 291.32 0.96487
463.09 186.62 492.12 208.05 0.95608
483.5 182.16 528.07 203.93 0.90045
376.23 187.79 564.85 268.52 0.89133
476.29 185.53 527.79 207.93 0.87487
485.7 182.78 517.15 202.96 0.85634
490.69 184.72 522.22 205.55 0.84057
476.29 181.31 519.46 202.55 0.81168
438.81 185.69 511.82 219.02 0.80436
452.64 187.59 506.15 211.5 0.80065
525.77 177.2 672.34 253.72 0.79838
428.16 184.02 520.63 230.86 0.79777
461.07 187.04 497.06 212.78 0.79337
1155.8 192.5 1240.6 375.0 0.78002
384.46 177.89 533.43 279.07 0.77784
485.84 185.93 522.96 209.14 0.75149
453.63 184.5 488.94 205.46 0.74024
1138.0 185.8 1229.0 375.0 0.72721
486.1 182.89 509.81 199.99 0.72418
449.05 190.78 496.07 214.82 0.72056
428.69 176.27 497.05 234.23 0.71649
444.93 179.82 502.49 224.12 0.70632
456.18 136.7 688.0 297.71 0.69773
445.94 184.69 482.85 207.08 0.67084
1177.1 208.92 1242.0 375.0 0.66111
481.71 179.9 513.45 197.27 0.64383
543.83 184.96 666.15 244.0 0.63558
373.23 173.87 638.09 322.36 0.60647
449.14 185.1 532.89 222.03 0.60249
446.05 187.31 477.22 210.19 0.59103
459.73 183.17 505.22 204.39 0.5767
468.37 185.18 499.2 207.19 0.57288
493.51 184.62 518.06 201.02 0.56872
479.27 182.94 510.07 204.87 0.54967
437.57 183.75 548.46 233.09 0.54335
384.35 182.13 587.27 255.61 0.54234
488.96 180.19 520.84 197.85 0.51875
1199.7 220.14 1242.0 375.0 0.51648
455.31 191.48 507.0 215.03 0.50535
472.16 187.36 532.9 211.74 0.49383
450.25 180.02 471.96 220.96 0.46863
446.3 179.21 468.37 220.05 0.45564
461.75 185.38 513.77 208.17 0.44157
458.4 183.82 563.85 223.42 0.44001
459.36 181.84 476.19 219.53 0.43057
492.22 185.71 532.32 209.6 0.42313
463.75 181.51 479.87 219.5 0.42299
454.0 181.2 473.48 226.06 0.42075
468.13 179.43 483.83 219.93 0.41875
476.88 185.31 511.9 208.52 0.40257
451.8 181.87 578.57 233.34 0.40159
490.1 165.72 665.35 244.36 0.40152
474.37 183.67 504.96 206.3 0.38624
1122.0 230.34 1242.0 375.0 0.38291
471.67 179.16 487.39 220.55 0.37836
1184.0 247.17 1242.0 361.07 0.36781
567.43 153.85 637.84 279.81 0.36461
425.42 186.13 498.55 219.81 0.36262
465.95 185.82 491.14 203.08 0.3536
415.07 185.22 504.13 230.41 0.34978
382.82 165.2 693.74 301.0 0.33693
468.28 196.32 667.16 279.78 0.33677
1151.5 240.8 1242.0 370.63 0.33009
562.52 192.66 663.68 249.49 0.32671
460.02 181.38 493.43 199.44 0.3229
443.29 179.48 522.56 241.83 0.32066
482.22 186.24 544.67 210.15 0.30925
548.88 155.0 625.75 285.29 0.30731
1224.6 152.06 1242.0 240.64 0.29519
482.3 177.94 510.39 193.56 0.29484
474.83 178.96 489.69 221.03 0.29356
469.01 188.33 508.28 214.81 0.29299
455.73 181.57 523.69 229.91 0.2902
531.24 152.46 609.61 284.23 0.28696
485.38 182.2 506.03 197.76 0.28616
466.44 191.79 504.28 217.27 0.28238
1224.9 261.27 1242.0 356.38 0.27885
1214.3 149.23 1242.0 244.97 0.27695
582.0 149.98 648.98 280.97 0.27693
1225.9 135.24 1242.0 224.37 0.26471
472.59 180.3 486.44 212.1 0.25759
469.11 180.74 483.39 211.84 0.25585
1184.4 218.48 1242.0 331.62 0.2536
1226.1 120.4 1242.0 207.49 0.23767
485.95 122.1 590.13 353.1 0.23628
1204.2 176.41 1242.0 344.72 0.23505
443.63 178.68 462.12 215.85 0.23372
460.43 191.76 519.57 216.67 0.23366
532.35 176.79 658.01 236.1 0.23289
1161.6 262.73 1242.0 347.99 0.23232
436.25 191.84 480.04 217.12 0.22801
1223.6 275.24 1242.0 372.27 0.22324
479.56 183.66 502.19 202.09 0.22129
1159.7 279.28 1242.0 361.92 0.22092
461.08 141.84 562.54 365.35 0.21693
472.25 184.66 496.12 202.76 0.21428
0.0 66.563 15.951 169.12 0.2111
1160.3 247.71 1242.0 333.12 0.21005
464.9 181.38 478.99 210.56 0.2094
1215.0 252.87 1242.0 367.04 0.20823
492.39 183.19 513.81 198.0 0.20817
515.26 142.57 598.26 285.07 0.20637
1225.7 239.56 1242.0 338.69 0.20402
475.92 187.43 516.22 214.71 0.20327
430.86 179.49 486.89 223.98 0.20096
488.2 173.57 502.39 210.86 0.19994
1201.6 113.75 1242.0 286.54 0.19779
488.94 183.12 540.05 204.79 0.19699
566.61 182.55 667.96 236.88 0.19685
1042.8 263.98 1242.0 375.0 0.19683
492.65 175.0 506.33 209.66 0.1968
1134.5 181.79 1242.0 375.0 0.19602
478.81 176.42 493.27 219.67 0.19411
0.0 20.399 34.827 208.95 0.19275
487.8 176.83 503.78 218.27 0.18709
483.63 186.66 526.88 213.71 0.18629
452.06 159.51 487.73 245.63 0.18567
1082.9 252.19 1242.0 358.23 0.18486
1225.7 174.94 1242.0 266.18 0.18227
1215.3 131.23 1242.0 229.48 0.18194
1197.0 292.46 1242.0 375.0 0.18147
460.76 179.62 474.37 211.5 0.18126
860.43 144.03 1242.0 375.0 0.17971
1151.8 213.27 1242.0 343.27 0.17526
483.23 174.94 497.61 210.83 0.17512
1225.7 226.11 1242.0 318.5 0.17096
496.65 173.73 510.15 209.17 0.16843
444.63 161.25 478.79 246.57 0.16593
456.9 177.47 471.83 213.37 0.16511
1052.0 0.0 1242.0 375.0 0.16415
1201.8 146.08 1242.0 316.03 0.1628
473.07 180.42 505.36 199.26 0.16278
1225.9 192.54 1242.0 285.26 0.16237
473.96 189.88 541.13 216.63 0.16045
1162.5 233.42 1242.0 316.36 0.15976
1089.8 245.39 1242.0 375.0 0.15919
501.13 134.54 583.74 285.11 0.15846
555.41 182.74 685.72 259.25 0.1582
1184.5 138.36 1242.0 247.48 0.15708
466.9 180.92 500.17 198.86 0.15583
1224.8 208.03 1242.0 297.6 0.1548
539.75 198.99 670.97 253.32 0.15408
1183.3 169.92 1242.0 354.27 0.15211
1208.6 142.66 1239.9 254.03 0.15022
420.27 187.94 537.4 246.5 0.14967
460.24 135.65 537.42 287.34 0.14957
445.99 140.65 521.57 288.69 0.14843
509.73 103.35 617.81 358.69 0.14839
387.59 202.12 582.95 281.86 0.14834
0.0 58.551 51.032 175.2 0.14665
487.09 180.51 657.47 291.15 0.14469
531.69 173.64 548.45 232.16 0.14396
528.05 173.51 544.54 232.24 0.14356
476.86 181.23 492.03 226.89 0.14118
1132.9 264.88 1242.0 356.18 0.14049
1183.5 170.54 1242.0 279.04 0.13549
943.95 99.885 1242.0 375.0 0.13458
432.0 160.56 645.88 241.74 0.13135
1163.1 153.03 1242.0 233.95 0.13105
1147.0 329.94 1242.0 375.0 0.13013
1184.5 279.75 1242.0 375.0 0.13
472.91 132.37 555.3 291.7 0.12867
0.0 69.473 23.634 169.65 0.12862
1046.9 201.76 1242.0 375.0 0.12752
1182.9 320.77 1242.0 375.0 0.12707
500.65 172.76 513.95 209.26 0.12549
1158.6 168.53 1242.0 250.25 0.12302
485.93 128.63 570.13 285.09 0.12203
0.0 91.469 15.463 195.39 0.12166
1163.5 183.66 1242.0 266.96 0.11608
0.0 76.591 73.894 160.48 0.11516
483.64 173.67 498.9 221.8 0.11483
1220.9 160.18 1242.0 220.82 0.11451
480.95 182.27 501.0 198.39 0.11426
535.3 172.4 552.48 231.23 0.1137
433.0 140.69 499.72 276.14 0.11316
1164.3 215.47 1242.0 297.54 0.11218
1214.0 282.49 1242.0 375.0 0.11068
524.63 175.31 540.51 232.16 0.11032
453.97 166.85 482.28 232.83 0.10976
489.44 177.61 517.5 193.66 0.10873
489.69 175.86 501.17 204.13 0.10804
1202.6 77.078 1242.0 254.04 0.10737
453.41 178.39 469.01 214.65 0.10692
1206.7 244.87 1242.0 375.0 0.10527
1165.9 199.98 1242.0 282.56 0.10386
0.0 195.87 13.917 297.08 0.10338
1215.5 171.39 1242.0 272.1 0.10333
1216.1 106.46 1242.0 206.07 0.10302
0.0 61.298 71.999 143.89 0.10257
437.45 134.02 744.8 275.59 0.10024
1164.9 295.12 1242.0 375.0 0.098679
434.09 157.36 727.83 293.29 0.098633
448.25 186.11 591.0 247.35 0.097842
447.2 99.359 571.03 342.84 0.09778
454.53 194.97 501.92 219.56 0.097673
433.62 127.76 540.08 375.0 0.097211
489.0 186.05 537.21 216.31 0.09701
0.0 92.999 78.017 176.11 0.096339
491.61 187.16 555.13 209.37 0.095167
0.0 31.473 47.803 206.34 0.094869
0.0 53.022 31.151 248.49 0.094179
1215.9 190.49 1242.0 290.44 0.093552
1142.7 91.238 1242.0 375.0 0.091936
485.84 174.78 497.39 203.29 0.091759
446.15 194.47 490.57 218.41 0.087541
1219.4 176.26 1242.0 234.74 0.087463
0.0 125.51 15.006 228.39 0.086394
1207.7 125.49 1238.7 237.57 0.084683
1101.6 205.37 1242.0 367.09 0.084388
1226.3 344.9 1242.0 375.0 0.084275
0.0 334.9 80.337 375.0 0.084247
498.77 210.05 669.55 284.57 0.084231
501.28 199.75 562.3 226.62 0.083784
0.0 0.0 359.42 171.42 0.083517
1163.3 136.14 1242.0 216.08 0.083467
1215.3 223.53 1242.0 342.82 0.083399
1167.7 167.27 1235.6 358.46 0.0823
438.61 162.06 471.8 249.67 0.081454
1.1783 62.93 30.595 163.0 0.081217
353.54 123.19 585.02 297.96 0.080528
496.71 184.91 522.7 202.36 0.08048
464.89 163.02 494.38 236.16 0.080019
440.69 180.77 524.37 215.71 0.078478
1114.3 236.63 1242.0 333.14 0.078113
461.79 155.44 499.09 251.62 0.077945
492.38 172.57 507.64 223.04 0.077596
0.0 86.572 20.887 141.22 0.077451
1221.0 186.26 1242.0 242.65 0.076766
1094.7 161.66 1242.0 375.0 0.076574
0.0 0.0 155.24 369.19 0.075771
493.8 175.52 504.67 202.51 0.075609
508.02 178.59 640.92 237.04 0.075244
0.0 278.59 32.791 375.0 0.075074
449.99 179.51 548.52 216.59 0.074957
0.0 261.27 188.28 375.0 0.074526
436.66 188.98 476.18 212.3 0.074404
524.71 162.33 682.79 237.75 0.073496
522.46 184.19 654.93 252.3 0.073295
0.0 44.084 15.034 146.53 0.072854
1201.6 147.5 1233.0 250.69 0.072554
1207.1 171.86 1242.0 212.1 0.07166
1221.4 143.52 1242.0 206.1 0.071328
501.42 185.82 567.24 208.84 0.071213
0.0 90.663 53.075 208.91 0.071038
1218.5 204.57 1242.0 261.52 0.070792
506.87 171.86 519.73 211.61 0.070414
477.14 181.3 594.27 223.22 0.070405
452.09 177.93 551.66 244.89 0.07039
500.91 191.7 560.74 217.34 0.070327
506.74 178.79 625.29 225.46 0.070144
504.7 196.08 563.48 222.22 0.068969
0.0 193.33 68.799 375.0 0.068955
482.11 174.85 493.4 203.79 0.068788
1205.8 179.54 1242.0 219.15 0.068626
408.54 193.76 509.82 246.21 0.068024
454.11 191.84 487.93 217.74 0.066386
496.41 169.6 511.13 221.97 0.066155
1052.8 140.38 1242.0 315.31 0.065913
521.63 174.64 536.61 232.95 0.065835
0.0 95.044 42.27 133.66 0.06568
497.23 175.3 508.0 203.1 0.065473
463.31 179.89 478.17 230.06 0.06526
0.0 110.14 79.358 192.11 0.065093
445.78 165.43 474.0 229.05 0.064701
471.41 179.62 601.04 235.67 0.064454
467.29 182.34 550.14 236.23 0.064443
1215.4 208.82 1242.0 315.35 0.064219
1222.3 128.47 1242.0 189.2 0.064147
538.86 170.14 556.35 230.66 0.064041
473.18 182.03 494.06 198.36 0.063789
459.08 193.17 494.22 218.37 0.063313
0.0 132.26 29.225 315.08 0.063165
0.0 214.33 12.751 311.33 0.062719
1186.4 91.004 1242.0 281.02 0.062698
1044.2 98.794 1242.0 282.33 0.062406
1116.6 335.9 1242.0 375.0 0.062193
0.0 164.59 23.266 343.03 0.061472
0.0 321.77 50.08 375.0 0.060755
441.58 187.5 469.72 214.27 0.060213
1226.1 99.133 1242.0 187.56 0.060033
573.56 164.09 688.32 260.43 0.059538
1150.9 289.53 1218.9 375.0 0.059116
1205.7 187.07 1242.0 226.32 0.058864
0.0 88.014 41.795 126.27 0.058738
0.0 0.0 187.06 88.946 0.058381
0.0 230.71 12.044 327.91 0.058295
1206.4 283.81 1238.0 375.0 0.056909
0.0 242.74 12.429 349.63 0.055461
0.0 189.94 69.512 268.7 0.055017
0.0 149.61 14.362 250.1 0.054799
553.29 164.24 567.95 218.56 0.05475
1189.2 104.07 1242.0 216.89 0.054506
1236.8 165.84 1242.0 217.28 0.054218
1221.6 269.98 1242.0 334.81 0.054012
1072.0 229.34 1237.7 375.0 0.053875
475.39 178.04 503.76 194.43 0.053361
1205.9 212.5 1242.0 253.48 0.053018
496.01 182.81 517.45 197.68 0.052983
0.0 0.0 80.429 193.24 0.052924
478.18 175.41 489.64 205.07 0.052577
1218.4 216.7 1242.0 275.43 0.052511
878.68 22.8 1242.0 375.0 0.052489
1207.6 102.47 1238.4 213.34 0.05242
556.88 164.33 571.05 216.63 0.052185
0.0 175.31 13.812 272.68 0.052115
0.0 216.18 38.226 254.43 0.052092
1208.6 163.88 1242.0 204.41 0.052079
0.0 0.0 266.84 244.55 0.051956
1221.8 303.13 1242.0 363.7 0.051911
8.7568 70.894 37.798 167.38 0.051816
0.0 214.99 20.37 266.94 0.051745
1208.4 195.49 1242.0 235.08 0.051635
0.0 27.198 50.305 143.69 0.05162
0.0 45.502 71.465 127.98 0.051147
0.0 205.82 65.485 285.33 0.050922
1023.3 65.833 1242.0 254.0 0.050889
0.0 103.27 41.211 141.91 0.050679
1206.6 204.98 1242.0 244.63 0.050634
0.0 253.01 131.95 375.0 0.050367
0.0 170.93 53.317 280.8 0.050252
417.64 86.982 542.06 351.56 0.050029
0.0 101.6 19.094 158.69 0.049814
0.0 138.1 340.36 375.0 0.049639
510.39 172.24 523.51 214.61 0.049581
0.0 204.64 49.474 308.98 0.049337
0.0 221.96 60.864 300.37 0.049265
0.0 95.617 31.02 290.69 0.049048
1.3672 38.043 66.19 216.49 0.04886
1209.2 167.7 1238.7 280.96 0.048719
1.6074 84.257 30.61 187.7 0.04867
0.0 191.5 20.463 288.38 0.048529
526.19 174.96 646.1 225.63 0.048503
0.0 79.738 69.003 193.15 0.048388
0.0 0.0 34.145 104.45 0.048104
0.0 223.66 38.592 261.98 0.048058
0.0 90.79 23.423 197.02 0.048033
1222.2 253.96 1242.0 318.55 0.047644
0.0 341.21 14.685 375.0 0.046946
465.87 183.81 488.4 198.9 0.046233
1206.8 220.84 1242.0 260.01 0.046208
449.54 177.36 464.31 214.32 0.046165
1166.1 119.43 1242.0 199.29 0.045798
1136.5 0.0 1242.0 359.51 0.045464
493.99 182.21 635.15 249.32 0.045442
1220.8 284.53 1242.0 350.81 0.045439
1222.1 230.79 1242.0 291.73 0.044682
500.09 184.15 549.57 205.67 0.044673
473.43 191.57 517.23 220.86 0.044513
501.4 174.57 512.34 203.82 0.044291
522.03 170.15 534.79 219.31 0.044121
500.17 169.19 515.6 222.16 0.044071
396.29 158.7 608.42 239.91 0.044004
0.0 110.92 40.905 149.61 0.043719
0.0 217.08 22.237 375.0 0.043629
0.0 123.42 24.052 229.67 0.043235
418.01 136.91 480.75 277.47 0.043107
600.32 151.06 655.72 286.45 0.042545
474.81 178.16 486.68 206.67 0.042364
518.31 169.94 531.3 219.01 0.041995
441.52 180.14 455.28 215.59 0.041964
0.0 71.411 19.436 125.6 0.041108
0.41387 192.84 27.638 284.63 0.040968
859.82 0.0 1242.0 187.73 0.040646
0.0 174.22 74.682 254.16 0.040623
430.36 181.98 524.78 251.87 0.040376
0.0 208.43 37.719 245.98 0.039846
0.0 80.278 41.444 118.42 0.039405
0.0 0.0 79.218 39.441 0.038978
543.59 170.7 560.76 230.97 0.038972
1237.2 177.92 1242.0 226.54 0.038715
961.02 260.27 1242.0 375.0 0.038664
557.67 179.66 662.6 226.2 0.03866
1219.0 345.22 1242.0 375.0 0.038482
1221.4 112.55 1242.0 172.18 0.038432
1224.1 358.29 1242.0 375.0 0.038431
1207.1 157.01 1242.0 196.86 0.03821
1206.3 228.09 1242.0 267.14 0.03814
549.54 162.72 564.19 220.07 0.037823
470.61 158.5 500.3 235.75 0.037797
535.15 180.54 587.17 206.33 0.037727
1200.7 126.77 1231.2 233.07 0.037636
482.66 191.36 554.32 217.15 0.037388
1137.8 221.66 1242.0 303.95 0.037379
0.0 361.57 41.391 375.0 0.037307
0.0 126.64 84.765 207.95 0.037237
1209.2 189.19 1239.7 297.87 0.037139
0.0 158.48 74.984 239.8 0.037133
476.47 193.66 549.66 221.36 0.036991
0.0 200.27 19.407 252.71 0.036934
560.46 164.25 574.71 217.91 0.036905
1033.0 37.909 1242.0 219.67 0.036566
514.26 173.11 526.36 216.57 0.036421
471.54 178.15 483.22 206.6 0.03615
13.27 33.189 79.873 214.79 0.035686
0.0 0.0 30.532 164.49 0.035196
0.0 231.4 36.619 269.71 0.034927
1209.8 364.27 1242.0 375.0 0.034902
0.0 65.01 87.506 173.83 0.034877
0.0 239.71 57.542 317.07 0.034832
0.0 119.58 41.653 158.63 0.034581
1208.2 142.22 1242.0 181.52 0.034504
526.27 170.07 539.28 221.23 0.03436
1208.8 149.8 1242.0 189.31 0.034089
317.27 134.14 621.15 288.65 0.033983
0.0 142.99 80.921 224.04 0.033973
539.34 61.344 662.24 357.17 0.033734
3.174 112.68 31.634 219.95 0.033724
0.0 222.95 46.478 325.51 0.033658
0.0 272.27 59.041 348.21 0.033481
1135.5 157.6 1242.0 237.3 0.033478
469.19 178.0 498.25 194.25 0.033437
1086.0 85.906 1242.0 314.04 0.033264
504.76 166.53 520.1 225.06 0.033181
0.0 0.0 142.83 127.85 0.032983
1061.0 331.1 1242.0 375.0 0.032838
0.0 0.0 77.771 297.94 0.032725
1205.3 315.88 1242.0 355.05 0.032665
516.48 195.74 570.96 222.06 0.032661
545.4 164.46 559.97 223.87 0.032484
0.0 2.4947 191.64 181.34 0.032376
0.0 60.823 47.307 242.85 0.03237
0.0 0.0 63.511 52.157 0.032368
537.31 166.03 551.76 224.11 0.032258
0.0 0.0 376.35 296.01 0.032223
509.25 192.89 568.24 218.79 0.032158
0.0 34.375 189.06 212.9 0.032019
0.0 134.83 39.389 173.33 0.031951
1134.3 286.64 1203.4 375.0 0.031857
1205.9 308.22 1242.0 348.1 0.031712
0.0 265.07 12.49 372.18 0.031657
0.0 206.35 7.3506 256.11 0.031583
0.0 77.147 8.1928 133.41 0.0315
0.0 140.05 47.605 256.41 0.03145
0.0 256.54 57.15 332.45 0.031391
0.0 127.46 41.005 165.81 0.031255
0.0 127.31 19.137 183.73 0.031203
1206.6 284.99 1242.0 324.46 0.030937
0.0 144.4 41.826 181.24 0.030694
0.0 252.89 44.688 360.67 0.030691
1205.3 292.95 1242.0 332.07 0.03047
1205.0 300.24 1242.0 340.26 0.030448
585.57 118.24 653.57 275.59 0.030377
0.0 114.14 248.38 375.0 0.030254
509.55 187.86 570.02 213.65 0.030168
1026.2 182.71 1242.0 346.93 0.030079
533.61 166.91 547.17 222.16 0.030055
470.9 149.03 506.65 252.11 0.030037
1211.7 337.07 1240.1 375.0 0.030008
529.44 167.19 542.98 221.38 0.029864
1236.7 314.8 1242.0 366.22 0.029842
0.0 89.299 8.0196 145.2 0.029792
0.0 79.136 110.03 156.77 0.029763
508.36 182.28 562.4 205.23 0.029697
0.0 288.63 59.906 364.32 0.029648
0.0 144.7 17.454 197.72 0.029632
1206.6 277.26 1242.0 316.58 0.029507
446.69 186.4 473.34 205.25 0.029476
1207.1 269.35 1242.0 308.44 0.029367
399.74 195.73 522.77 256.12 0.029159
489.21 173.37 504.48 229.75 0.029108
0.0 152.53 40.404 189.26 0.029084
464.06 178.57 493.19 194.11 0.028998
0.0 62.506 198.07 250.76 0.028694
1033.0 0.0 1242.0 89.794 0.028525
1208.9 245.65 1242.0 283.72 0.028458
1111.7 169.44 1204.6 375.0 0.028259
1206.1 262.15 1242.0 301.1 0.028225
548.18 169.99 565.23 232.5 0.02794
0.0 357.86 17.165 375.0 0.027708
0.0 239.05 35.653 278.16 0.027628
1141.4 0.0 1242.0 196.84 0.027342
448.09 182.09 481.03 199.16 0.027321
1208.0 235.64 1242.0 274.56 0.027148
518.03 174.13 532.5 234.03 0.027119
419.59 188.47 495.32 247.66 0.027072
522.15 120.09 592.57 300.99 0.026998
509.69 166.97 524.33 224.24 0.026927
1206.7 253.93 1242.0 292.52 0.026891
541.26 165.64 555.36 224.29 0.026795
1152.7 187.68 1242.0 298.15 0.02662
1131.1 198.28 1242.0 328.18 0.026551
1135.7 188.34 1242.0 269.38 0.026414
1172.9 85.45 1233.6 272.96 0.026311
1209.6 134.27 1242.0 173.31 0.025914
0.0 130.55 193.74 309.8 0.025913
503.85 186.89 536.4 209.16 0.02581
1236.8 142.04 1242.0 196.0 0.025719
1200.0 244.31 1235.2 375.0 0.025692
0.0 200.35 36.12 237.86 0.025651
499.3 187.4 541.68 212.85 0.025625
1200.1 277.31 1232.5 375.0 0.025515
514.26 190.99 559.08 227.41 0.025478
0.0 160.57 40.705 197.98 0.025413
0.0 232.44 20.124 284.78 0.025217
1200.3 102.59 1231.2 211.55 0.025204
538.6 177.76 585.53 199.54 0.025118
1192.5 172.68 1239.3 225.68 0.025001
0.0 247.18 34.409 286.62 0.024938
449.63 161.95 482.45 262.14 0.024904
483.05 190.89 535.22 222.96 0.024873
1109.9 286.7 1242.0 373.86 0.024779
1158.8 121.24 1242.0 237.18 0.024766
532.17 184.96 590.0 211.11 0.024665
0.0 159.51 17.049 213.37 0.024542
0.0 72.619 41.074 110.34 0.024517
1203.9 342.87 1232.5 375.0 0.024255
513.72 165.49 527.8 225.23 0.024229
0.0 47.139 23.659 152.1 0.024173
0.0 63.136 110.17 139.9 0.024071
567.17 203.68 667.96 253.88 0.023979
0.0 199.17 83.012 234.31 0.023909
493.62 201.85 560.22 231.33 0.023895
395.23 92.007 507.98 375.0 0.023871
509.61 195.7 556.07 232.48 0.023744
1208.6 216.73 1240.9 354.9 0.023664
0.0 162.96 179.39 338.17 0.023582
0.0 168.57 39.831 205.98 0.023549
1206.9 323.14 1242.0 361.81 0.023484
0.0 255.14 33.463 294.21 0.023444
535.79 131.74 604.19 310.34 0.023411
0.0 192.6 18.447 244.08 0.023329
1140.8 206.8 1242.0 286.76 0.023289
1.7873 180.2 29.091 269.32 0.023187
8.7474 185.66 36.385 274.04 0.023091
1207.1 200.98 1237.6 312.06 0.022635
1236.7 302.7 1242.0 354.59 0.022264
0.0 31.177 66.703 112.92 0.022249
0.0 33.736 71.518 375.0 0.022229
1237.1 154.68 1242.0 207.11 0.022115
2.6169 133.79 31.666 241.31 0.021949
441.73 163.65 468.48 232.68 0.021905
0.0 75.237 151.8 155.88 0.021591
1211.9 126.82 1242.0 165.59 0.021531
0.0 192.58 35.555 229.65 0.021434
1138.5 140.65 1242.0 222.61 0.02143
0.0 191.4 82.126 226.79 0.021382
503.51 172.85 612.96 216.14 0.021273
1237.7 194.85 1242.0 244.41 0.021214
949.75 0.0 1242.0 242.08 0.021103
453.46 181.42 486.72 199.35 0.021049
1096.2 321.14 1228.4 375.0 0.020711
0.0 0.0 13.096 46.377 0.020677
1224.6 312.12 1242.0 375.0 0.020451
0.0 248.4 18.647 301.38 0.020351
552.69 169.17 569.29 234.05 0.020213
0.0 93.283 120.28 170.7 0.020137
443.55 199.47 487.64 223.88 0.020084
0.0 303.22 57.796 375.0 0.019795
7.5191 189.73 101.65 227.42 0.01977
509.31 185.97 550.75 212.07 0.019584
0.0 86.838 37.532 138.29 0.019548
1237.3 187.29 1242.0 235.23 0.01954
1170.7 104.69 1242.0 184.41 0.019508
0.0 262.67 32.088 301.35 0.019481
0.0 177.76 37.7 214.58 0.019432
0.0 217.64 6.9591 268.2 0.019425
0.0 184.63 17.111 236.43 0.019408
564.79 164.99 579.04 220.06 0.019393
422.3 181.0 497.82 214.02 0.01939
457.59 185.53 482.71 204.62 0.019378
518.91 199.28 577.48 225.93 0.019333
1118.8 286.72 1187.4 375.0 0.019266
0.0 185.72 35.464 222.57 0.019053
1237.3 214.39 1242.0 265.26 0.018988
0.0 79.929 26.215 132.63 0.018936
437.32 199.47 479.5 222.45 0.018823
0.0 209.29 19.577 303.75 0.018784
0.0 29.473 12.539 131.47 0.018773
516.71 185.68 574.8 211.34 0.018666
447.45 184.47 464.75 237.02 0.0186
523.47 192.49 581.05 217.6 0.018494
1082.9 153.02 1202.9 375.0 0.01841
27.888 25.258 95.645 214.51 0.018383
554.43 200.95 691.66 273.6 0.0183
479.87 151.45 507.89 235.68 0.018161
479.98 139.37 513.3 254.98 0.018043
0.0 153.18 21.8 250.05 0.01794
442.18 169.68 474.37 261.69 0.017841
459.71 183.29 475.89 235.66 0.01777
459.81 193.8 529.48 220.27 0.017731
0.0 59.729 149.82 138.42 0.017727
552.59 144.91 617.49 317.56 0.017662
1193.2 146.22 1224.1 245.31 0.017644
1236.2 288.64 1242.0 344.11 0.017609
451.44 182.73 469.09 236.96 0.017596
0.0 0.0 135.52 229.28 0.017439
0.0 64.2 39.911 102.05 0.017281
444.62 185.38 460.86 234.24 0.017254
0.0 48.917 111.16 160.8 0.017222
0.0 0.0 267.42 375.0 0.017215
0.0 208.11 70.85 242.26 0.017107
517.3 194.85 564.05 231.93 0.017
1182.6 173.41 1232.3 225.56 0.016949
0.0 221.36 22.014 243.16 0.016786
505.98 174.45 517.62 206.93 0.016745
0.0 270.5 34.062 308.47 0.016621
0.0 94.307 26.47 148.48 0.01662
10.689 172.96 38.212 255.85 0.016617
514.6 185.81 546.35 208.06 0.016608
554.44 137.54 587.84 271.36 0.016545
0.0 262.46 18.667 315.91 0.01654
14.032 197.03 107.05 234.87 0.016478
1015.8 207.77 1157.0 375.0 0.016426
1225.9 331.43 1242.0 375.0 0.016306
486.76 198.62 555.65 226.58 0.016291
1073.7 23.325 1242.0 255.01 0.016282
1236.4 266.94 1242.0 325.16 0.016267
0.0 206.59 25.665 254.58 0.016228
528.38 195.25 584.85 222.05 0.016144
1203.0 214.33 1242.0 266.33 0.016109
547.5 138.89 578.54 272.6 0.015978
392.07 206.06 533.93 267.42 0.015647
524.59 187.92 584.11 213.18 0.015419
0.0 0.0 35.01 18.573 0.015397
488.98 137.09 520.96 256.73 0.015352
1237.8 238.48 1242.0 291.1 0.015301
556.9 167.84 573.17 234.86 0.015182
0.0 59.867 64.075 258.79 0.015111
9.5267 86.685 37.143 185.09 0.015086
0.0 90.034 56.378 125.31 0.014867
0.0 49.931 144.12 281.67 0.014748
455.49 176.51 467.18 211.3 0.014745
0.0 218.11 52.162 252.2 0.014701
578.23 142.17 612.48 265.56 0.014618
241.51 86.742 814.22 361.89 0.014563
468.06 176.13 567.61 213.75 0.014532
0.0 55.867 18.584 110.05 0.014491
528.13 206.25 659.83 261.22 0.014385
336.09 178.62 536.19 254.43 0.014327
582.31 192.14 665.79 242.47 0.014257
0.0 271.02 17.046 323.93 0.01424
545.81 180.63 599.51 206.25 0.014181
0.0 278.8 34.304 317.24 0.01415
562.72 134.38 596.1 269.04 0.01413
485.04 176.52 584.41 215.56 0.014082
466.75 177.35 478.39 207.35 0.014074
617.15 164.94 649.23 252.35 0.013998
0.0 214.58 26.764 261.81 0.013947
0.0 95.621 65.291 131.5 0.013791
0.0 221.6 90.804 375.0 0.013771
15.94 71.546 44.609 165.62 0.013763
1236.9 257.26 1242.0 313.82 0.013736
367.49 184.81 509.08 284.19 0.013678
0.0 195.31 171.62 370.92 0.013621
514.52 172.07 528.9 240.97 0.013618
510.09 186.4 557.05 218.37 0.013593
546.53 178.21 593.08 199.07 0.013571
544.97 176.45 575.19 202.55 0.013549
505.53 191.85 552.04 226.58 0.01341
0.0 117.41 134.55 341.09 0.013322
0.0 198.67 6.8782 248.75 0.013301
1127.9 133.1 1242.0 243.87 0.013299
1080.4 0.0 1242.0 117.28 0.013296
570.42 140.09 603.48 265.33 0.013153
0.0 226.38 6.2362 276.63 0.013124
0.0 78.178 111.9 192.53 0.013024
3.1848 161.14 28.952 251.73 0.012976
538.84 187.45 596.89 213.88 0.012923
1194.1 155.14 1237.1 211.27 0.0129
494.12 179.95 532.93 197.84 0.012892
0.0 199.07 49.696 246.94 0.012856
1047.3 239.09 1242.0 341.43 0.012849
451.14 200.69 500.04 224.71 0.012765
439.56 195.34 474.22 221.47 0.012765
590.73 185.42 671.12 233.77 0.01273
0.0 105.01 56.254 140.85 0.012693
0.0 216.25 68.692 250.07 0.012678
487.73 180.01 508.59 193.49 0.012649
0.0 143.98 41.925 311.99 0.012643
543.51 164.43 558.0 215.01 0.01258
466.75 143.77 500.11 264.68 0.012551
0.0 228.96 21.063 250.28 0.012439
0.0 225.37 52.173 259.55 0.012409
516.93 181.31 573.16 207.14 0.012366
1184.1 184.19 1242.0 221.36 0.012366
1237.2 230.01 1242.0 281.59 0.012359
1202.1 170.98 1231.8 277.26 0.012336
4.8426 191.64 61.373 239.36 0.012313
1207.2 271.75 1242.0 333.59 0.012312
0.0 291.21 11.679 375.0 0.012305
1208.6 304.66 1242.0 359.29 0.012252
480.33 177.21 495.14 233.6 0.012249
423.11 160.98 577.31 260.1 0.012239
540.9 178.38 578.2 209.44 0.012239
26.504 189.2 118.84 227.68 0.012186
0.0 279.59 14.976 332.19 0.012178
0.0 218.35 10.774 246.71 0.012145
548.46 157.28 705.11 234.33 0.012067
0.0 287.74 34.294 325.13 0.012058
0.0 348.53 21.858 375.0 0.012042
609.66 162.19 642.14 252.86 0.012017
539.41 134.7 569.65 269.19 0.011874
439.17 164.07 618.22 271.32 0.011826
1155.5 88.48 1221.1 279.15 0.011804
1164.4 89.571 1242.0 169.84 0.011612
522.75 190.24 566.66 228.1 0.011566
0.0 175.11 36.583 338.34 0.011564
858.75 0.0 1242.0 272.02 0.011557
1211.9 119.5 1242.0 157.79 0.011457
16.061 170.34 45.611 252.11 0.011456
0.0 217.79 21.438 239.18 0.011361
1129.4 316.03 1242.0 375.0 0.011316
489.05 147.0 515.96 239.85 0.011246
583.75 143.75 619.88 262.88 0.011189
0.0 234.85 20.218 329.52 0.011186
0.0 258.0 20.138 359.94 0.011185
1222.6 0.0 1242.0 37.013 0.011062
1192.4 110.54 1224.0 210.31 0.010997
0.0 89.327 163.49 172.78 0.010993
1207.5 256.27 1242.0 318.23 0.010972
483.56 179.49 503.79 194.71 0.010934
499.46 184.77 526.91 204.25 0.010906
1171.5 118.75 1230.9 299.84 0.010882
0.0 79.133 47.194 131.56 0.010839
480.94 175.09 510.15 189.58 0.010782
497.89 136.01 528.55 258.27 0.010764
1206.0 286.53 1242.0 348.85 0.01076
1196.9 224.35 1242.0 262.07 0.010753
497.84 204.94 568.56 234.23 0.010743
400.11 136.55 462.53 286.64 0.010677
569.28 164.13 583.26 221.16 0.010629
440.01 180.34 455.09 228.16 0.010605
1116.4 362.42 1203.1 375.0 0.010561
207.16 156.1 852.61 375.0 0.010553
518.61 183.93 552.44 207.07 0.010539
591.45 150.94 627.43 259.96 0.010539
1153.1 348.5 1182.4 375.0 0.010534
536.64 194.26 596.66 221.92 0.010473
512.49 203.04 572.82 231.18 0.010464
1194.6 346.68 1223.0 375.0 0.010441
537.07 178.05 551.41 237.9 0.01039
445.0 134.75 509.85 316.95 0.010297
0.0 211.24 53.545 244.85 0.010294
43.883 21.8 110.87 209.88 0.010243
0.0 100.54 8.0278 157.52 0.010213
1206.4 123.11 1242.0 178.52 0.010191
560.93 165.65 577.41 233.4 0.010006
1238.1 201.88 1242.0 250.14 0.010006
481.17 115.99 814.41 276.59 0.009955
531.21 131.32 561.61 269.53 0.0099201
0.0 0.0 29.545 23.438 0.0098664
0.0 183.47 49.861 232.11 0.0098583
0.0 233.76 20.513 254.55 0.0098296
554.76 178.52 602.27 199.16 0.0097545
572.46 165.63 629.13 326.05 0.0096968
507.88 137.17 537.14 262.22 0.0096724
545.12 174.53 645.96 216.28 0.0096581
1111.7 170.48 1242.0 250.25 0.0096308
0.0 227.25 81.084 297.69 0.0096215
599.73 105.95 666.09 274.27 0.0095504
1145.0 348.05 1174.1 375.0 0.0095476
8.6291 111.53 37.355 220.86 0.009507
1055.2 162.8 1169.3 375.0 0.0094987
1183.7 175.63 1242.0 213.98 0.0094197
527.98 199.06 587.59 226.77 0.0093873
403.88 214.19 523.17 271.18 0.0093698
1186.2 78.215 1242.0 189.85 0.0093526
9.0974 205.77 95.834 240.86 0.0093483
1237.5 246.31 1242.0 299.89 0.0093469
366.55 36.663 627.01 375.0 0.00933
0.0 225.88 10.382 254.0 0.0093043
10.685 184.78 70.637 233.29 0.0092862
600.28 153.3 634.16 254.85 0.0092738
1143.2 124.6 1242.0 207.33 0.0092166
1204.2 30.669 1242.0 215.25 0.0091881
527.64 178.28 574.54 199.46 0.0091747
1103.0 286.5 1170.4 375.0 0.0091654
986.72 228.24 1119.5 375.0 0.0090913
1182.4 191.93 1242.0 227.48 0.0090437
0.0 112.83 56.476 148.3 0.0090284
0.0 0.0 27.336 126.95 0.0088848
1088.2 306.88 1242.0 375.0 0.0088479
516.69 132.8 545.35 261.19 0.0088399
10.004 50.118 38.114 148.57 0.0087549
0.0 296.07 33.331 334.23 0.0087418
0.0 202.1 62.109 235.38 0.00867
1147.5 245.98 1221.2 375.0 0.0086583
510.44 169.25 525.32 242.35 0.0085833
0.0 104.62 46.833 291.72 0.0085439
1010.1 333.12 1220.9 375.0 0.0085168
1088.7 225.85 1242.0 316.58 0.0084936
885.12 276.68 1221.5 375.0 0.0084449
1161.4 348.65 1190.5 375.0 0.0083967
0.0 329.35 12.242 375.0 0.0083884
14.966 182.09 43.43 268.04 0.0083334
506.35 168.96 521.26 243.55 0.0083102
0.0 56.931 36.938 94.022 0.0082999
0.0 142.85 23.855 195.09 0.0082976
0.0 82.548 57.204 117.69 0.0082878
1200.0 0.0 1242.0 93.588 0.0082094
540.04 166.57 553.41 215.47 0.0081844
1129.2 217.63 1206.8 375.0 0.0081802
572.41 164.71 585.7 215.99 0.008171
1197.3 369.52 1242.0 375.0 0.008154
368.87 158.57 569.79 234.88 0.0081447
1094.9 151.34 1242.0 232.23 0.0081191
524.87 133.32 553.75 267.44 0.0080882
515.59 184.3 558.56 213.44 0.0080491
0.0 184.01 85.182 219.72 0.0080198
1193.8 189.21 1241.2 239.47 0.0079842
431.88 142.84 494.58 326.25 0.0079837
1099.2 135.03 1242.0 219.89 0.0079451
13.161 55.331 79.274 266.6 0.0079427
7.8875 199.23 33.989 287.69 0.0078993
625.19 163.82 655.43 244.77 0.007836
1238.2 321.33 1242.0 369.98 0.0078108
1034.1 261.35 1242.0 365.1 0.0076526
1133.2 363.78 1218.5 375.0 0.0076487
60.056 0.0 881.42 177.12 0.0076422
0.0 367.5 55.612 375.0 0.007621
446.56 178.27 457.76 211.84 0.0076121
424.67 46.744 674.52 375.0 0.0075963
546.09 175.78 584.58 194.0 0.0075754
517.19 166.38 603.67 204.96 0.0075729
501.54 168.38 516.26 240.97 0.0075632
24.65 185.56 88.22 235.93 0.0075135
380.17 181.8 423.49 203.5 0.0074903
0.0 339.82 132.09 375.0 0.0074194
0.0 102.01 36.625 154.87 0.0073475
0.0 177.36 101.08 250.65 0.0073358
0.0 93.51 23.339 115.44 0.0073134
1183.1 156.93 1231.2 212.35 0.0073127
2.4331 40.126 29.928 145.24 0.0072789
603.13 168.36 657.54 314.4 0.0072319
0.0 15.765 67.124 95.143 0.0072236
1227.5 82.625 1242.0 170.98 0.007218
509.25 102.67 573.85 278.9 0.007212
1.5491 60.42 144.1 172.71 0.0071926
1181.2 360.74 1230.8 375.0 0.007161
0.0 232.98 50.355 267.27 0.0071555
0.0 97.682 23.177 119.63 0.0071533
0.0 274.2 250.37 375.0 0.0071467
1205.7 233.79 1242.0 289.31 0.0071221
1189.7 362.26 1238.0 375.0 0.007023
0.0 101.78 23.209 123.57 0.007
1151.5 0.0 1242.0 41.436 0.0069976
454.36 198.81 515.49 224.27 0.0069741
0.0 238.23 20.746 258.64 0.006959
562.24 176.84 661.84 215.31 0.0069514
368.56 85.584 722.05 260.17 0.0069394
571.97 147.85 696.21 247.9 0.006928
576.47 163.8 589.28 213.85 0.0069094
0.0 105.72 23.287 127.43 0.006899
1164.4 180.98 1242.0 219.08 0.0068471
549.63 178.42 586.29 210.36 0.00684
24.699 169.01 54.042 248.12 0.0068304
552.86 177.66 582.37 203.28 0.0068137
788.84 277.73 1121.9 375.0 0.0068029
0.0 72.84 37.136 124.32 0.0067865
569.59 30.126 699.91 374.05 0.0067722
467.92 196.88 539.91 225.02 0.0067336
0.0 223.08 26.864 270.15 0.0067322
518.97 184.55 563.7 219.32 0.0067305
0.0 110.36 120.53 184.41 0.0067286
16.586 193.39 79.109 241.04 0.0067273
0.0 154.57 56.801 188.63 0.0067192
673.04 279.25 991.4 375.0 0.0066891
0.0 162.63 106.5 239.8 0.0066829
1157.6 72.933 1242.0 155.35 0.0066386
0.0 109.64 24.829 165.52 0.0066385
0.0 100.05 91.514 209.92 0.0066135
1134.7 363.08 1191.6 375.0 0.0066124
731.14 276.68 1062.3 375.0 0.0065991
531.25 169.11 620.4 207.23 0.0065802
0.0 138.18 55.625 173.13 0.006572
1137.0 348.49 1166.2 375.0 0.0065499
1186.1 346.92 1215.0 375.0 0.0065424
0.0 0.0 519.52 186.14 0.0064767
472.32 200.45 553.3 231.56 0.0064582
0.0 303.89 33.645 342.04 0.0064579
954.93 236.5 1084.4 375.0 0.0063958
0.0 320.08 33.483 356.99 0.006384
289.04 0.0 594.82 375.0 0.0063743
421.48 211.51 612.86 295.82 0.0062915
1087.1 287.7 1153.7 375.0 0.0062527
0.0 0.0 47.768 96.871 0.0062067
0.0 214.16 20.361 235.33 0.0062034
1170.0 345.89 1198.6 375.0 0.0061959
491.11 180.48 512.18 194.62 0.0061878
0.0 191.76 110.71 262.83 0.0061588
82.1 282.05 401.37 375.0 0.0061575
1174.1 367.13 1242.0 375.0 0.0061509
1.4774 146.33 58.199 321.2 0.0061427
549.69 174.99 577.1 195.76 0.006139
1192.7 210.59 1241.8 261.31 0.0061321
1.744 0.0 64.786 189.54 0.0061151
560.45 175.51 598.57 193.74 0.0061123
454.44 197.38 490.95 223.19 0.0060794
0.0 130.3 57.744 165.83 0.0060761
515.43 174.94 614.44 239.14 0.0060742
358.0 66.502 472.1 375.0 0.0060664
463.89 106.07 528.75 276.7 0.0060567
1191.6 159.89 1221.2 257.27 0.0060345
1132.0 103.38 1242.0 218.18 0.0060037
547.23 139.95 574.67 244.04 0.0059865
1195.2 138.49 1237.6 193.85 0.0059833
0.0 94.052 46.166 146.16 0.0059765
1237.2 131.72 1242.0 184.43 0.0059676
538.69 176.3 569.31 202.19 0.0059661
614.53 176.57 649.62 192.45 0.0059592
3.1874 351.56 28.903 375.0 0.00595
1196.5 307.31 1240.5 361.73 0.0058956
48.234 168.18 78.732 247.66 0.0058773
1097.9 363.09 1188.4 375.0 0.0058737
40.494 166.86 70.583 246.07 0.0058169
433.4 160.78 463.3 255.22 0.0058156
1229.4 188.58 1242.0 210.09 0.0058116
0.0 0.0 95.716 350.75 0.0058094
1220.0 160.09 1236.3 221.03 0.0058077
0.0 89.766 23.724 111.51 0.0057689
613.85 0.0 909.1 375.0 0.0057544
1233.1 164.06 1242.0 219.62 0.0057312
556.05 139.57 583.63 246.93 0.0057079
302.81 69.629 561.66 375.0 0.0056711
552.97 217.42 659.48 264.71 0.0056618
579.46 163.57 592.54 215.2 0.0056293
153.27 248.24 280.33 375.0 0.0055844
381.16 0.0 1168.0 198.69 0.0055673
8.8 205.51 25.97 258.18 0.0055614
0.0 242.01 18.634 262.35 0.0055497
9.7814 201.34 69.329 246.53 0.0055426
15.147 282.28 338.1 375.0 0.0055385
481.86 180.81 572.64 236.35 0.0055298
0.0 147.63 115.51 224.46 0.0055248
479.18 178.26 499.55 193.79 0.0055082
536.45 167.74 549.19 213.58 0.00549
0.0 244.32 77.399 313.66 0.0054898
1202.8 0.0 1242.0 16.417 0.0054756
535.83 175.54 574.78 193.83 0.0054529
497.45 169.74 511.42 240.72 0.0054518
330.53 19.432 823.32 349.66 0.0054481
0.0 144.59 67.331 179.93 0.0054258
302.27 126.79 553.03 313.41 0.0054202
446.02 110.29 509.69 278.41 0.0054138
511.63 0.0 899.34 80.27 0.0054132
0.0 49.744 16.495 102.08 0.0054122
533.43 201.23 670.36 298.73 0.0054104
1235.6 180.38 1242.0 213.19 0.0053335
23.534 240.1 150.62 375.0 0.0053309
0.0 109.77 23.157 131.48 0.0053168
185.23 251.01 311.14 375.0 0.0053159
10.186 182.06 110.07 220.41 0.0053096
559.01 0.0 844.48 375.0 0.0053043
601.38 283.55 920.91 375.0 0.00529
0.0 311.97 33.372 349.25 0.0052811
1230.0 184.91 1242.0 206.6 0.0052735
565.14 165.62 582.04 233.5 0.0052595
32.701 168.19 61.554 246.9 0.0052547
0.0 121.08 7.3619 177.76 0.0052522
1155.5 57.252 1242.0 140.36 0.0052477
0.0 162.6 57.824 196.9 0.005233
0.0 327.82 33.08 364.7 0.0052263
0.0 222.87 36.128 375.0 0.0052089
120.62 243.95 247.54 375.0 0.0052058
0.0 90.451 11.029 121.35 0.0051834
0.0 295.63 15.538 348.47 0.0051722
564.08 138.32 590.93 248.8 0.0051564
1185.6 147.65 1215.2 244.15 0.0051533
1184.5 169.02 1242.0 206.25 0.0051423
538.85 182.21 580.92 215.35 0.0051358
922.87 244.63 1051.5 375.0 0.0051315
58.026 31.149 130.21 234.0 0.0051158
521.65 179.38 564.7 199.77 0.0051138
147.36 286.22 458.46 375.0 0.0050962
1058.3 321.72 1202.0 375.0 0.0050945
503.48 167.52 587.86 205.85 0.0050903
728.84 248.93 855.93 375.0 0.0050765
1178.2 345.52 1206.5 375.0 0.005074
1177.0 168.32 1229.4 218.63 0.0050699
0.0 354.43 35.403 375.0 0.0050698
886.87 243.03 1017.9 375.0 0.0050668
854.96 236.04 986.95 375.0 0.0050555
573.83 168.43 585.98 209.16 0.0050481
1211.7 111.25 1242.0 150.09 0.005031
1127.6 168.69 1242.0 279.68 0.0050042
559.78 178.95 612.1 200.17 0.0050041
0.0 102.6 10.366 133.53 0.0049947
0.0 222.92 66.587 256.26 0.0049869
541.2 177.89 555.61 239.27 0.004984
524.11 140.73 549.24 249.8 0.004969
468.43 182.76 482.27 235.53 0.0049637
0.0 336.03 32.765 372.34 0.0049567
546.48 185.31 608.13 211.66 0.0049544
1182.6 130.28 1229.8 188.41 0.0049274
437.94 192.25 467.93 216.31 0.0049216
250.14 0.0 1013.4 179.67 0.004921
1216.1 159.38 1232.8 219.85 0.0048976
0.0 0.0 54.577 72.394 0.0048974
