0.0 197.44 206.08 297.71 0.99989
444.47 177.24 535.13 248.59 0.9996
584.34 176.58 612.3 203.16 0.99945
294.2 186.1 367.52 225.51 0.99935
443.3 178.72 528.62 227.98 0.99553
436.84 180.67 516.31 223.53 0.99068
435.82 181.09 463.2 207.32 0.99014
430.84 180.27 500.74 218.89 0.9891
437.46 175.82 493.86 221.96 0.98865
0.51411 205.4 167.26 289.47 0.98762
1.5432 194.26 189.28 274.21 0.98728
578.67 174.44 612.9 200.06 0.98445
9.9487 192.12 157.04 304.24 0.98219
579.16 181.05 611.73 202.44 0.98217
432.4 182.45 477.98 207.09 0.979
441.96 177.97 505.63 229.84 0.97343
437.53 181.19 471.1 210.25 0.97184
436.47 167.86 536.01 255.46 0.96954
47.596 191.96 187.49 297.18 0.96941
456.34 174.9 533.59 236.69 0.9671
433.97 175.78 482.38 218.52 0.95815
432.02 182.68 454.11 204.72 0.93605
294.95 186.76 358.93 220.76 0.92474
675.36 161.96 691.69 210.57 0.92454
672.27 160.0 688.19 211.28 0.92071
465.29 185.02 533.13 249.49 0.89049
443.57 180.4 474.97 208.36 0.87203
678.77 161.76 694.85 206.91 0.86903
651.82 168.78 666.97 214.35 0.86207
668.32 161.81 683.58 211.77 0.86088
442.11 179.16 456.33 219.06 0.85762
306.41 187.41 367.9 217.36 0.85351
444.57 179.17 459.39 221.18 0.84875
432.54 180.58 467.86 202.2 0.83177
288.64 184.2 353.23 229.85 0.83112
438.59 177.93 451.77 209.98 0.83019
655.11 167.77 670.42 214.81 0.81753
441.01 179.0 455.39 210.6 0.81524
478.08 183.03 541.64 242.1 0.81518
302.16 183.34 363.84 215.25 0.81189
0.0 199.61 146.82 269.44 0.80974
0.0 189.65 231.27 318.48 0.80467
447.58 175.59 462.89 222.18 0.79623
0.0 192.11 33.085 291.37 0.7942
437.44 181.97 491.67 210.47 0.79368
444.77 180.07 482.45 212.34 0.78623
581.99 185.74 611.69 205.27 0.78448
440.23 179.33 509.61 214.19 0.78064
663.59 163.44 678.17 210.49 0.7797
453.81 177.58 528.61 217.25 0.77832
7.2635 196.97 123.51 278.42 0.77142
595.65 174.13 610.28 206.67 0.7672
659.79 165.79 674.33 209.31 0.76583
444.64 179.42 457.59 211.38 0.75917
648.4 168.11 662.55 211.28 0.75508
428.6 174.63 472.87 214.18 0.75026
436.69 183.43 457.82 208.41 0.73853
450.99 173.14 467.72 224.57 0.73699
453.86 170.96 473.6 226.57 0.72351
442.7 181.89 467.0 205.76 0.71815
489.66 167.69 530.09 246.49 0.70509
471.19 166.01 519.45 247.31 0.69868
427.78 185.57 458.67 206.42 0.69379
592.16 175.53 608.83 206.15 0.68578
5.6212 197.27 41.027 288.62 0.68269
460.2 171.2 503.35 248.03 0.67922
479.0 168.27 525.57 251.15 0.67359
434.2 179.13 446.92 209.67 0.67298
0.0 188.6 24.116 288.61 0.67185
682.7 163.43 697.55 206.33 0.66406
447.48 177.46 460.03 212.52 0.66365
583.45 176.04 606.82 199.83 0.65837
317.56 185.26 366.41 220.8 0.65327
590.29 171.15 608.03 203.23 0.64924
428.43 183.04 488.57 216.01 0.63848
457.39 169.97 479.01 228.16 0.63332
0.0 154.1 200.26 319.54 0.62863
588.21 176.67 605.96 209.35 0.62719
303.13 188.6 358.44 228.44 0.61762
456.28 171.8 491.4 243.64 0.611
303.19 183.78 353.23 218.45 0.59673
465.45 173.12 513.49 252.86 0.59291
437.02 178.57 459.29 202.13 0.58366
299.69 185.79 360.82 212.38 0.57657
499.54 164.41 534.48 245.0 0.573
442.28 173.71 455.77 206.3 0.56071
592.44 177.74 611.14 201.9 0.55915
0.0 185.7 16.691 286.18 0.55291
585.22 174.53 601.76 205.6 0.54999
0.63235 208.32 60.483 270.96 0.54221
0.0 210.62 131.05 272.38 0.53915
586.66 169.5 603.88 201.11 0.53361
451.45 173.84 464.32 212.78 0.5325
424.61 161.24 525.67 246.59 0.51311
448.16 196.02 532.97 249.19 0.50974
581.25 172.86 614.16 194.86 0.49705
0.0 201.74 26.611 315.48 0.49317
439.64 184.58 466.17 213.83 0.49108
0.0 216.32 93.152 268.62 0.49016
0.0 197.65 18.029 305.99 0.48738
445.83 171.92 458.81 206.35 0.47968
314.18 181.41 369.53 224.79 0.47553
449.22 170.54 480.76 239.41 0.47406
431.16 181.97 450.61 201.83 0.47226
592.36 178.46 608.39 214.51 0.47154
449.98 159.3 508.09 264.17 0.46872
658.69 162.56 675.32 217.86 0.45163
441.88 183.19 471.8 215.93 0.44745
449.91 178.83 486.21 208.4 0.44727
454.9 170.04 470.05 215.89 0.43766
20.765 172.82 93.819 328.22 0.43198
446.59 178.52 489.06 217.42 0.4307
454.67 166.8 486.99 233.7 0.42966
448.64 165.41 476.96 226.88 0.42262
461.61 153.3 521.35 263.15 0.42184
446.61 181.73 502.21 213.41 0.42175
654.29 162.72 671.81 222.74 0.40952
672.93 162.12 686.37 200.53 0.40635
463.07 167.96 481.28 223.86 0.40299
0.0 219.09 72.403 265.54 0.39386
428.04 180.95 459.35 200.65 0.39207
0.0 208.15 42.163 267.5 0.39033
434.24 181.92 446.13 217.13 0.38753
84.624 172.94 162.56 308.45 0.38709
435.74 180.01 456.16 199.45 0.38098
10.401 164.54 68.483 310.02 0.37428
584.81 178.67 600.72 216.66 0.37212
2.8937 203.07 55.067 262.01 0.36858
99.674 165.88 177.05 308.19 0.36773
599.39 175.57 610.08 203.27 0.36548
447.01 180.6 471.59 204.03 0.36456
309.42 184.46 369.49 211.36 0.36232
459.43 168.68 475.77 218.97 0.35465
429.98 186.73 464.51 208.29 0.35243
676.43 161.92 690.01 200.41 0.35066
440.09 180.01 479.83 202.29 0.3466
432.7 182.08 442.76 209.87 0.3447
595.39 179.54 610.08 215.69 0.33446
675.32 167.4 698.03 195.88 0.33375
30.223 169.42 112.12 324.01 0.33361
588.37 177.38 610.84 197.49 0.33074
443.66 171.48 469.08 225.9 0.33042
482.41 178.25 534.17 229.96 0.32777
431.88 183.79 443.58 216.33 0.32416
319.93 174.23 351.59 229.69 0.32132
593.41 181.79 613.59 203.73 0.31626
65.828 173.49 147.38 316.08 0.31616
435.21 187.61 489.01 216.65 0.31198
656.46 165.82 668.88 203.81 0.30676
454.84 164.05 496.95 257.71 0.30338
50.054 175.67 132.57 314.75 0.30038
325.96 172.93 357.92 232.0 0.29233
668.84 161.81 681.88 200.65 0.29127
62.149 199.81 197.69 284.39 0.28866
425.35 179.43 541.74 248.73 0.28632
433.51 176.39 465.95 196.81 0.28545
68.81 200.17 200.26 260.86 0.28528
1.6956 207.71 100.89 276.32 0.28326
39.09 200.37 202.56 312.13 0.28042
313.99 174.39 344.65 229.58 0.27836
285.1 192.93 363.74 229.5 0.27186
0.0 206.66 26.686 264.24 0.26989
0.0 187.54 89.364 272.33 0.26732
0.0 201.7 21.261 260.71 0.26483
653.09 166.48 665.09 201.23 0.26271
449.39 171.14 461.59 206.24 0.26218
467.31 167.45 485.07 224.08 0.26077
11.379 187.66 50.165 286.37 0.26073
0.0 154.23 46.069 309.31 0.25641
431.81 188.78 478.17 212.96 0.25356
58.777 209.95 199.86 275.52 0.25228
686.93 162.97 700.17 200.5 0.25217
303.47 182.5 359.36 207.21 0.25099
439.44 175.09 450.71 203.08 0.24479
0.0 130.73 353.85 375.0 0.24277
6.3 189.64 37.351 272.66 0.24113
672.57 165.9 698.6 201.42 0.23879
12.962 197.1 28.837 249.14 0.23667
583.17 173.89 595.91 203.98 0.23215
472.17 180.76 540.71 226.52 0.23185
442.34 178.39 464.72 200.78 0.22541
0.0 163.52 15.512 263.93 0.22492
432.55 186.88 450.84 208.17 0.2248
324.35 170.9 343.11 224.79 0.21828
0.0 222.18 23.821 330.54 0.21757
304.46 171.39 337.93 232.22 0.21686
35.031 138.46 148.12 361.83 0.2134
0.0 216.95 31.655 323.32 0.21184
4.0353 203.66 75.828 265.23 0.21127
430.73 183.9 448.53 206.8 0.20901
684.07 160.15 697.96 199.23 0.20775
645.91 168.59 657.66 204.3 0.20703
5.1889 207.23 42.509 309.44 0.20516
9.7483 198.55 24.66 247.04 0.20451
0.0 222.11 16.944 335.68 0.20384
680.1 168.3 701.51 195.48 0.2032
0.0 98.059 263.54 375.0 0.20131
472.12 169.08 489.68 227.12 0.2013
584.76 183.67 614.61 202.18 0.20097
0.0 217.02 22.928 276.92 0.19933
0.0 0.0 150.46 375.0 0.19762
36.72 211.19 175.59 271.63 0.19165
0.0 161.36 30.898 342.85 0.19062
649.73 165.64 661.92 199.62 0.18515
43.171 202.25 176.4 256.92 0.18495
0.0 200.28 50.591 252.33 0.17995
0.0 218.74 44.798 278.76 0.17941
46.456 169.39 119.31 336.74 0.17871
308.74 181.63 358.55 213.93 0.17708
2.3947 183.9 29.218 265.63 0.17605
426.63 183.54 454.95 202.2 0.17591
435.46 170.28 459.61 224.4 0.17448
444.3 179.08 493.72 202.07 0.17405
449.98 179.84 477.33 202.86 0.17345
0.0 197.87 73.117 300.76 0.17222
514.6 174.58 529.12 215.62 0.16829
0.0 198.29 37.661 249.87 0.16577
589.47 167.54 602.85 199.17 0.16059
0.0 220.6 38.771 264.28 0.15858
664.85 161.1 677.47 200.9 0.15804
18.605 165.01 75.938 291.91 0.15752
321.13 171.26 338.81 224.64 0.15631
0.0 213.5 36.783 255.06 0.15388
0.0 189.87 18.676 244.16 0.15378
511.56 169.87 527.2 213.08 0.15227
0.0 184.91 52.38 291.96 0.15053
0.0 194.24 24.451 248.61 0.15033
0.0 208.6 68.722 245.95 0.14713
334.12 172.49 353.95 222.82 0.1453
0.0 169.74 21.622 261.6 0.14396
469.48 178.9 540.34 214.71 0.14252
457.69 182.09 514.74 216.33 0.14188
0.0 228.06 60.536 270.68 0.14002
10.04 136.18 123.1 370.96 0.14001
438.53 176.34 473.81 196.9 0.13957
470.13 140.87 531.47 270.56 0.13735
667.81 171.56 704.97 191.64 0.13676
443.09 147.61 496.73 269.87 0.13436
6.7897 199.15 20.736 243.91 0.13362
0.0 186.54 8.3179 233.78 0.13341
476.76 166.95 493.78 227.79 0.1334
665.32 165.33 688.93 198.48 0.13222
5.6718 156.52 59.289 289.63 0.13201
0.0 206.39 101.31 282.5 0.13112
0.0 201.48 8.6578 249.99 0.1308
450.82 177.7 497.96 219.69 0.13034
512.76 174.55 531.16 228.17 0.12955
509.92 171.19 528.7 226.82 0.12863
442.3 186.51 496.66 219.47 0.12853
331.22 171.37 348.78 223.53 0.12804
5.133 169.77 64.761 358.78 0.12323
0.0 228.55 41.99 271.12 0.12312
4.8928 208.5 94.209 252.93 0.12219
0.0 214.21 58.203 254.15 0.12153
649.19 174.57 671.73 205.24 0.11985
11.886 206.86 32.19 273.3 0.11789
0.0 229.43 75.685 280.46 0.11785
576.11 176.48 610.52 196.24 0.11777
481.34 167.39 498.26 230.92 0.11763
338.45 172.99 358.4 224.21 0.11747
0.0 206.21 107.81 314.39 0.11705
20.816 181.6 60.327 289.35 0.11649
316.17 171.18 333.59 224.33 0.11646
0.0 131.21 28.33 306.23 0.11416
1196.0 289.95 1242.0 375.0 0.11288
47.348 158.88 111.73 294.75 0.11122
446.07 131.86 509.59 255.81 0.11028
0.0 234.18 22.09 290.89 0.10975
2.4674 203.83 117.04 254.63 0.10933
254.63 174.75 391.28 239.45 0.109
275.34 188.51 351.9 226.03 0.10898
460.23 179.3 504.7 218.84 0.10851
501.54 168.25 521.21 227.98 0.1085
311.43 192.91 365.49 222.27 0.10817
401.58 160.84 541.99 232.28 0.10742
454.11 169.63 465.9 205.91 0.10648
484.64 167.65 502.07 229.64 0.10545
33.815 162.26 95.049 290.82 0.10521
519.74 174.95 540.7 194.69 0.10135
1144.1 330.54 1242.0 375.0 0.10121
1040.7 265.13 1242.0 375.0 0.099526
505.53 169.6 524.69 223.9 0.099448
468.58 179.93 523.37 209.94 0.098545
0.0 99.919 67.7 375.0 0.096731
586.38 187.46 616.9 204.02 0.096495
447.84 178.58 470.62 199.31 0.095912
653.99 171.51 676.52 202.37 0.095267
0.0 230.38 29.335 285.74 0.095052
0.0 222.65 59.769 286.6 0.095001
0.0 180.7 63.809 272.58 0.092544
312.38 172.77 329.08 224.62 0.092404
0.0 176.62 42.766 354.6 0.092295
646.05 174.39 668.13 203.43 0.091975
488.95 162.56 504.95 222.17 0.091619
439.65 184.62 450.92 222.91 0.091594
0.0 222.69 126.96 304.5 0.091058
1133.4 191.72 1242.0 375.0 0.090584
456.58 161.68 483.14 225.16 0.090582
455.89 175.39 495.69 210.21 0.09031
445.53 185.86 511.35 247.25 0.090179
517.96 174.81 530.98 212.67 0.089841
450.3 168.31 483.51 265.04 0.089143
0.0 216.2 47.366 329.16 0.088915
465.11 167.44 478.79 213.29 0.088511
443.79 173.22 471.54 254.8 0.088446
418.32 193.64 544.99 261.23 0.088363
474.22 152.29 524.41 285.71 0.08833
0.0 236.8 40.167 278.66 0.088214
571.07 171.66 614.83 207.56 0.087333
313.62 182.81 365.48 204.21 0.087178
0.0 264.73 174.89 375.0 0.086394
466.34 159.15 495.0 229.89 0.086263
660.67 166.92 683.39 197.43 0.0856
0.0 187.93 65.409 375.0 0.084245
492.92 161.67 508.93 222.1 0.083483
495.48 168.12 514.29 227.27 0.083064
1179.4 321.29 1242.0 375.0 0.082288
461.14 202.05 536.6 247.19 0.082222
0.0 192.48 34.756 241.11 0.081958
460.52 124.44 527.65 261.39 0.08192
8.9629 207.56 28.268 273.18 0.081308
0.0 187.91 27.995 375.0 0.081142
57.181 99.314 175.83 373.99 0.081133
455.24 177.86 487.12 203.15 0.080724
0.0 240.18 41.732 292.92 0.080703
586.36 167.25 598.66 199.14 0.080447
472.3 159.53 504.34 237.11 0.079595
566.17 175.89 621.51 206.71 0.078617
0.0 244.17 20.822 299.25 0.07861
0.0 228.25 8.5412 279.8 0.07815
293.11 194.11 353.54 224.27 0.077573
2.4173 200.78 16.324 243.62 0.077344
299.08 168.52 327.35 231.81 0.076143
509.3 171.7 535.79 246.38 0.075381
0.0 235.49 13.936 347.9 0.075244
470.87 176.81 522.8 202.02 0.075095
329.32 168.19 345.21 222.6 0.074899
0.0 175.03 17.999 229.66 0.074677
0.0 237.11 71.369 315.88 0.073028
435.27 175.69 445.97 202.64 0.071806
576.15 178.33 597.85 199.38 0.07102
0.0 207.92 49.067 244.72 0.071012
518.56 172.27 531.96 205.05 0.070865
0.0 96.528 98.982 375.0 0.070264
592.24 186.68 615.18 205.97 0.069935
19.322 180.57 205.21 253.74 0.069185
70.42 187.91 212.86 267.39 0.069183
0.0 190.47 39.201 230.66 0.068437
0.98124 193.9 46.982 242.43 0.068287
660.81 162.46 672.67 199.86 0.067735
318.48 190.56 371.22 212.65 0.067318
0.0 141.26 15.453 244.62 0.066106
428.2 177.93 458.99 195.26 0.06609
473.09 182.69 529.53 215.01 0.06492
1087.0 250.03 1242.0 375.0 0.064825
116.45 171.13 182.01 331.27 0.064807
1200.4 143.24 1242.0 329.3 0.064569
458.23 170.38 470.05 206.09 0.064532
582.2 171.12 593.98 201.22 0.063494
582.34 191.83 613.35 209.44 0.063396
0.0 214.32 83.475 284.33 0.062875
318.54 190.21 363.58 226.53 0.062483
683.71 167.18 705.56 193.59 0.062292
1225.8 166.2 1242.0 252.65 0.062115
0.0 202.15 66.848 237.76 0.06198
333.44 165.62 361.21 226.7 0.06193
0.0 177.45 8.0496 226.83 0.061772
0.0 254.16 128.17 375.0 0.061761
0.0 182.32 24.635 232.68 0.061441
0.0 240.66 27.947 293.15 0.061044
283.08 198.89 366.41 236.35 0.061026
451.9 178.68 475.38 198.08 0.060568
11.601 234.51 32.809 292.49 0.060513
497.01 163.16 519.43 232.91 0.059989
462.23 170.0 474.36 206.74 0.059797
432.41 191.38 464.08 211.36 0.05973
588.8 178.15 603.59 219.82 0.059363
517.21 176.68 546.03 193.1 0.059246
449.45 177.13 488.94 195.97 0.05903
455.68 178.45 480.46 198.71 0.05893
31.076 176.73 68.134 289.85 0.058714
0.0 235.81 55.133 275.04 0.058674
672.18 147.77 688.39 220.99 0.058104
0.0 256.56 42.119 296.93 0.057786
468.59 167.19 482.18 212.69 0.057772
580.18 183.06 604.63 203.74 0.057607
16.281 194.08 31.616 247.4 0.057495
669.38 167.46 693.68 194.98 0.057072
420.43 187.22 490.25 223.74 0.056917
0.0 183.04 39.693 223.28 0.056418
658.26 171.18 700.25 192.73 0.056344
453.0 184.57 509.74 221.05 0.055873
691.58 161.31 705.01 201.88 0.055244
1225.6 346.03 1242.0 375.0 0.054841
479.49 160.3 512.49 237.69 0.054367
645.31 167.78 658.28 217.07 0.054303
441.31 189.53 463.86 216.8 0.05429
599.29 179.27 611.51 215.51 0.054056
675.53 150.28 692.21 218.21 0.053962
0.0 197.57 11.196 241.73 0.053799
9.2962 172.81 35.946 253.6 0.053774
0.0 249.38 72.601 292.78 0.053551
521.95 175.34 534.86 210.96 0.052914
516.34 172.18 529.51 204.94 0.052736
0.0 238.41 7.915 289.31 0.052569
516.65 175.38 537.12 199.69 0.052473
0.0 243.1 58.982 283.83 0.0519
1058.0 0.0 1242.0 375.0 0.051629
484.77 164.88 499.0 218.68 0.05159
320.82 184.19 361.9 213.62 0.051532
1154.0 183.15 1242.0 266.86 0.051443
511.01 178.67 534.24 201.25 0.050962
422.31 173.22 493.27 207.06 0.050566
312.04 179.34 356.68 198.9 0.05036
0.0 255.1 68.651 331.46 0.049932
0.0 209.54 10.034 239.25 0.049883
278.28 182.79 338.64 228.14 0.049734
34.084 225.71 180.96 287.05 0.049635
876.65 136.43 1242.0 375.0 0.049462
1226.3 184.32 1242.0 270.61 0.049461
517.17 177.45 531.05 222.36 0.04918
444.09 187.99 469.75 218.46 0.049003
1153.3 166.66 1242.0 249.1 0.048912
0.0 219.48 6.7931 269.46 0.048906
287.81 191.5 342.88 218.56 0.048705
513.33 175.69 534.65 196.99 0.048683
10.382 191.75 23.487 234.88 0.048644
0.0 219.93 111.47 286.58 0.048395
1224.4 293.38 1242.0 375.0 0.048162
298.44 188.08 352.72 228.42 0.047824
0.0 209.64 8.2272 263.89 0.047545
14.094 191.93 27.285 235.85 0.047369
1177.9 169.56 1242.0 284.93 0.047144
0.0 214.0 20.875 235.96 0.046981
482.61 214.52 532.98 242.07 0.046813
0.0 150.48 23.883 251.23 0.046513
0.0 100.76 188.0 283.78 0.046317
0.0 334.7 77.66 375.0 0.045984
431.88 156.88 571.42 238.87 0.045916
580.8 176.16 594.74 217.07 0.045713
11.435 198.51 29.967 265.9 0.045678
0.0 196.69 272.32 358.67 0.04551
6.3619 190.65 19.528 235.81 0.045437
431.71 178.41 442.26 206.3 0.045425
185.6 192.57 197.3 228.35 0.045245
662.63 172.04 707.39 195.62 0.045238
341.68 176.06 360.43 226.36 0.045174
297.33 195.82 356.7 238.89 0.044652
658.81 152.44 678.87 229.96 0.044243
432.35 123.9 493.18 262.5 0.043824
0.0 193.59 193.95 366.45 0.043746
445.4 191.63 457.63 229.49 0.043671
328.04 166.91 357.35 246.55 0.043662
511.76 175.66 533.69 238.32 0.043462
11.185 219.89 33.292 280.94 0.043405
0.6857 163.77 28.505 255.35 0.043367
642.97 171.1 654.0 203.38 0.043364
434.56 187.7 445.43 223.92 0.042861
486.31 160.47 518.44 232.98 0.042399
645.09 174.58 664.62 197.08 0.04228
1226.4 199.9 1242.0 285.19 0.04223
455.68 177.9 506.11 201.22 0.041909
427.68 192.82 457.58 210.67 0.041787
0.0 175.79 80.308 254.96 0.04172
473.49 168.35 486.9 216.36 0.040622
0.0 19.678 368.54 365.5 0.040554
1155.1 199.73 1242.0 282.89 0.040369
570.96 182.58 604.07 201.39 0.040319
426.46 188.98 454.49 207.28 0.040062
0.0 279.33 29.309 375.0 0.040061
0.0 173.75 44.049 216.01 0.040048
1208.2 363.46 1242.0 375.0 0.039865
64.965 197.64 176.22 244.16 0.039466
310.48 186.03 369.7 227.67 0.039191
453.58 173.64 475.35 240.78 0.039136
309.29 183.36 347.9 207.82 0.038777
439.44 181.36 489.9 233.66 0.038522
494.69 187.75 545.88 243.76 0.038217
649.19 172.56 670.59 195.7 0.038093
420.56 173.92 465.59 212.83 0.037981
41.632 176.67 74.104 290.68 0.037963
311.3 178.88 376.31 210.59 0.037941
0.0 263.74 37.336 304.36 0.037896
0.0 205.85 8.5795 236.17 0.037866
0.0 233.16 98.044 309.63 0.037302
241.0 162.71 390.03 230.87 0.037268
0.0 160.88 52.51 268.49 0.037189
9.661 200.72 104.53 242.43 0.037058
0.0 0.0 357.53 184.03 0.036576
0.0 0.0 179.39 92.528 0.036468
896.42 273.21 1242.0 375.0 0.036464
0.0 228.62 180.25 314.52 0.036331
603.15 177.35 612.58 205.26 0.0363
0.0 195.08 8.0214 224.36 0.03628
1112.8 336.06 1242.0 375.0 0.036054
679.86 158.26 693.15 196.06 0.035979
649.56 173.76 675.97 211.94 0.035868
477.25 176.03 517.13 212.85 0.035791
5.3479 213.05 146.32 286.55 0.035475
585.07 178.69 616.14 196.11 0.035312
324.83 187.97 363.63 216.65 0.035275
644.97 175.73 680.08 196.24 0.035242
9.3198 202.04 33.345 232.0 0.035131
471.37 179.53 517.94 217.84 0.035093
182.46 190.81 195.11 231.06 0.035083
480.42 166.24 493.51 218.36 0.034745
570.41 176.42 618.01 216.36 0.034744
307.63 170.53 323.36 223.83 0.034737
1201.6 240.0 1242.0 375.0 0.034685
0.0 271.69 58.512 347.98 0.034341
1151.1 151.46 1242.0 233.47 0.033985
448.59 184.71 461.81 228.34 0.033846
482.76 181.61 535.84 209.22 0.033661
1221.9 356.84 1242.0 375.0 0.033612
599.58 182.25 616.96 201.1 0.033596
70.77 228.09 192.2 284.25 0.033578
1226.7 152.86 1242.0 238.4 0.033553
1237.5 177.8 1242.0 223.47 0.033475
644.1 178.81 680.52 200.95 0.033413
578.49 173.52 589.67 205.67 0.033396
576.67 188.12 609.39 205.88 0.03302
343.64 0.0 708.86 82.097 0.03297
662.57 168.92 702.88 188.38 0.032903
8.0051 228.96 29.49 289.46 0.032881
0.0 193.9 67.852 229.31 0.032479
317.67 180.09 361.04 208.54 0.032318
649.75 174.63 689.74 196.45 0.032259
0.0 209.56 20.242 231.85 0.0322
479.33 176.25 513.17 205.97 0.032091
1237.4 185.62 1242.0 231.76 0.032069
5.4581 201.83 21.859 256.53 0.032043
479.94 194.1 550.33 238.32 0.03202
1161.3 278.16 1242.0 360.4 0.031958
16.034 204.81 34.579 272.51 0.031849
979.89 215.11 1122.5 375.0 0.031828
580.41 170.71 613.49 188.04 0.031729
592.84 175.68 612.28 193.46 0.031705
119.91 150.05 186.15 299.92 0.031656
1.6007 190.17 14.591 234.9 0.031425
1012.6 209.86 1153.4 375.0 0.031401
5.0397 205.09 30.124 236.56 0.031387
653.51 152.4 673.51 225.91 0.031198
0.0 0.0 74.352 171.41 0.031168
1159.3 311.27 1242.0 375.0 0.031132
0.0 258.97 12.626 364.07 0.030925
477.18 167.17 490.45 218.61 0.030893
0.0 253.15 46.029 361.12 0.030752
505.39 179.43 533.5 206.39 0.03066
331.73 175.89 357.06 233.17 0.03052
687.59 153.33 702.2 194.89 0.030224
188.25 184.66 200.39 220.05 0.030142
326.32 166.6 340.16 217.18 0.030129
109.25 0.0 854.45 168.01 0.029868
456.2 171.72 480.08 243.16 0.029609
561.3 181.95 627.04 214.67 0.029571
0.0 182.97 165.15 255.13 0.029461
489.65 167.62 503.25 211.36 0.029364
0.0 232.65 90.386 290.8 0.029238
0.0 93.39 32.443 291.93 0.028864
513.03 173.09 525.65 207.58 0.028785
825.74 0.0 1242.0 186.68 0.028751
0.0 125.49 253.66 287.08 0.02869
336.07 179.77 358.77 235.84 0.028618
588.99 191.13 620.32 207.03 0.028575
495.14 163.58 526.7 235.58 0.028566
463.45 154.6 515.56 310.77 0.028524
445.95 185.22 478.66 220.15 0.028494
476.64 174.74 518.45 194.79 0.028481
297.38 0.0 598.87 375.0 0.0283
575.32 182.21 597.16 202.01 0.028256
0.0 324.4 49.265 375.0 0.028246
0.0 160.26 19.665 215.89 0.028244
8.2024 198.5 26.137 264.81 0.028188
415.46 178.57 478.41 209.17 0.028139
121.75 0.0 486.55 81.671 0.028001
509.54 182.99 535.52 244.87 0.027989
0.0 96.192 136.72 315.1 0.02794
508.73 177.19 542.74 193.86 0.027847
1215.6 178.67 1242.0 234.65 0.02775
5.2832 208.39 22.655 273.11 0.027482
949.14 213.76 1087.8 375.0 0.027454
670.73 174.13 709.66 192.94 0.027449
1205.4 189.33 1242.0 228.0 0.02743
16.256 192.53 105.88 231.15 0.027418
0.0 197.83 19.947 218.69 0.027318
0.0 167.08 42.446 208.2 0.027313
461.25 178.18 487.04 197.98 0.027232
1154.4 216.38 1242.0 299.01 0.027202
666.18 145.97 687.39 224.37 0.027179
16.212 181.36 43.623 263.58 0.027009
651.21 171.95 688.83 192.39 0.026855
435.81 0.0 582.59 190.86 0.026778
478.21 175.13 548.07 212.13 0.026777
322.61 166.74 336.25 215.45 0.026639
184.71 185.66 197.97 220.98 0.026593
1.1503 201.55 16.888 254.1 0.026523
1.0437 207.68 47.507 232.19 0.026485
1137.9 0.0 1242.0 195.09 0.026469
359.88 0.0 659.11 375.0 0.02628
433.32 171.36 507.19 205.12 0.026092
1176.7 138.8 1242.0 252.36 0.026054
437.32 194.18 481.68 217.97 0.026034
280.04 179.92 357.49 214.39 0.025999
1207.6 316.16 1242.0 354.83 0.025826
1043.1 134.44 1242.0 314.54 0.025795
1182.8 268.36 1242.0 375.0 0.025768
0.0 0.0 712.9 173.32 0.025634
1226.2 215.77 1242.0 301.1 0.025616
1141.4 54.068 1242.0 375.0 0.025565
1041.2 103.09 1242.0 279.63 0.025456
593.92 171.83 605.87 202.13 0.025347
1041.3 204.94 1186.9 375.0 0.025322
643.46 172.6 662.99 194.23 0.025295
404.84 0.0 551.7 191.86 0.025099
321.91 182.72 372.12 219.19 0.025065
0.0 239.55 22.335 347.18 0.025055
0.0 152.36 309.24 300.83 0.025022
1178.3 298.45 1242.0 375.0 0.024965
504.85 180.09 542.35 198.34 0.024959
1218.1 305.2 1242.0 361.41 0.024914
449.49 148.89 499.26 313.31 0.02491
493.11 174.71 527.9 262.24 0.024881
524.05 173.79 536.67 202.0 0.024881
0.0 205.82 19.519 227.11 0.024784
520.18 176.87 539.37 200.84 0.024704
479.81 179.08 528.22 201.85 0.024652
86.6 195.65 193.21 242.41 0.024586
514.32 179.77 546.54 197.65 0.024573
1167.3 286.03 1237.4 375.0 0.024443
429.24 190.9 507.03 232.76 0.024333
1023.0 0.0 1242.0 93.626 0.024278
254.61 187.43 397.37 251.91 0.024237
0.0 271.26 37.257 311.28 0.024229
188.5 191.38 199.19 223.51 0.024222
677.88 171.25 710.81 190.17 0.024202
441.86 171.05 452.95 201.72 0.024172
509.12 169.84 523.03 214.58 0.024107
426.4 183.51 446.41 202.79 0.023975
169.44 0.0 466.44 375.0 0.023892
229.2 0.0 526.99 375.0 0.02385
430.13 166.15 452.06 230.43 0.023726
0.0 245.88 10.4 274.2 0.023721
1157.6 263.5 1242.0 347.2 0.023637
318.81 182.52 350.87 204.89 0.023525
1206.6 197.44 1242.0 236.06 0.023511
1207.6 182.03 1242.0 220.56 0.023479
674.18 168.82 709.89 187.62 0.023458
918.93 212.68 1057.1 375.0 0.023316
1237.6 193.43 1242.0 239.48 0.02328
0.0 261.0 19.572 317.32 0.023269
445.23 170.7 456.39 202.25 0.023263
0.0 223.9 13.7 281.78 0.023227
469.9 0.0 614.83 193.44 0.02319
7.7205 198.08 59.248 245.52 0.023166
0.0 157.96 75.403 239.73 0.023142
1.6233 205.49 24.729 235.56 0.023122
1206.2 205.65 1242.0 244.5 0.023056
0.0 182.36 10.859 228.44 0.023001
1152.4 232.5 1242.0 315.03 0.022891
0.0 202.03 19.068 223.05 0.022729
39.562 195.14 162.84 243.03 0.022712
0.0 280.43 35.399 318.92 0.022638
585.4 166.39 608.41 234.56 0.022603
502.4 162.93 530.59 233.67 0.022529
429.24 182.72 438.83 211.87 0.02252
1206.2 213.39 1242.0 252.67 0.022346
507.26 177.44 529.81 198.77 0.022172
1176.3 202.06 1242.0 317.51 0.02216
188.24 0.0 551.31 81.492 0.022145
1216.1 194.98 1242.0 250.85 0.022042
333.49 165.0 347.03 212.18 0.021939
809.72 271.8 1146.0 375.0 0.021726
40.42 181.59 181.84 277.83 0.021659
213.2 0.0 360.38 196.38 0.021616
11.894 247.3 32.012 298.2 0.021551
318.39 167.26 330.53 211.44 0.021467
598.5 180.61 615.19 198.06 0.021342
490.24 176.9 542.1 221.31 0.021266
0.0 158.56 39.921 199.16 0.021106
1038.7 164.48 1242.0 350.43 0.021095
3.4426 217.51 24.739 280.25 0.021079
0.0 226.33 53.196 253.91 0.020808
481.12 165.58 492.9 207.0 0.020783
1208.8 323.26 1242.0 361.93 0.020775
1209.3 309.73 1242.0 347.94 0.020752
474.81 110.72 537.4 267.19 0.020747
371.64 0.0 518.81 192.16 0.020713
1073.0 208.03 1221.3 375.0 0.020587
1156.0 247.82 1242.0 330.9 0.020584
0.0 249.3 21.061 271.02 0.020435
453.61 171.03 527.6 205.93 0.020425
509.04 182.7 534.77 209.4 0.02032
0.0 221.32 21.937 243.07 0.020292
22.102 62.301 153.58 367.57 0.02027
0.0 193.72 20.609 214.66 0.020204
0.0 240.6 11.123 269.38 0.020186
1206.5 221.63 1242.0 260.46 0.020124
0.0 228.79 19.64 375.0 0.020123
0.0 0.0 263.21 239.44 0.020045
323.23 188.51 369.36 208.49 0.020034
497.7 167.95 511.2 215.89 0.020024
481.35 175.99 509.59 199.47 0.020005
243.24 0.0 391.16 198.02 0.019897
0.6114 250.26 50.079 276.9 0.019886
0.0 219.77 19.306 280.63 0.019755
179.82 0.0 327.02 195.75 0.019425
23.79 176.92 51.305 263.54 0.01937
0.0 149.95 19.23 206.89 0.019362
0.0 0.0 131.16 121.21 0.019338
583.86 163.9 605.86 224.16 0.019295
302.38 174.3 318.9 223.56 0.019291
0.0 270.58 18.548 324.8 0.019196
574.25 175.62 595.91 195.85 0.019192
336.79 168.24 351.0 211.99 0.01917
405.43 0.0 781.2 88.743 0.01912
0.0 287.32 57.17 363.11 0.019091
463.31 177.74 496.36 204.82 0.019084
679.19 150.14 695.69 217.98 0.019032
0.0 217.35 10.137 246.43 0.018941
17.583 190.6 30.347 235.35 0.018934
8.8128 247.98 28.428 299.73 0.018823
8.2954 195.61 87.541 231.45 0.018728
427.51 179.41 447.5 197.45 0.018711
15.659 233.3 35.794 290.24 0.018539
1218.6 347.23 1242.0 375.0 0.01852
431.15 193.65 450.39 213.19 0.018516
1215.9 211.56 1242.0 267.28 0.018456
436.67 191.69 456.91 213.63 0.018436
0.0 340.48 13.471 375.0 0.018425
887.18 217.85 1020.6 375.0 0.018407
597.18 171.98 609.33 202.03 0.0184
442.37 173.24 577.2 247.07 0.018295
658.03 171.47 683.65 207.87 0.018245
4.6367 230.2 23.934 287.65 0.018212
489.09 181.26 530.1 216.37 0.018197
577.73 176.46 588.98 212.61 0.018105
338.91 0.0 485.87 194.95 0.018031
0.0 208.61 142.93 375.0 0.017997
101.83 0.0 405.31 375.0 0.017981
260.29 160.58 382.43 248.86 0.017961
599.5 184.89 619.03 204.12 0.017916
274.94 0.0 420.85 196.73 0.017785
45.086 0.0 421.99 84.197 0.017745
382.64 0.0 659.78 105.24 0.017589
0.0 244.21 21.363 266.06 0.017533
311.25 184.19 381.75 218.18 0.017483
0.0 250.74 8.9927 278.2 0.017478
15.364 191.7 33.303 262.72 0.017477
435.05 176.19 456.65 195.51 0.017467
0.3627 232.61 18.475 286.99 0.017381
491.81 182.36 539.76 206.31 0.017362
569.71 187.04 604.46 204.46 0.017355
667.81 167.94 695.89 209.14 0.01732
516.27 179.99 534.04 233.25 0.017295
483.47 178.05 524.71 212.74 0.017236
6.7494 198.84 98.848 261.61 0.017233
292.53 200.18 349.38 226.4 0.017186
0.0 187.08 8.3993 215.94 0.017165
460.52 186.02 518.91 225.65 0.017149
460.13 176.16 500.45 194.76 0.016933
307.25 0.0 454.0 197.74 0.016932
641.87 169.14 653.47 211.07 0.016907
0.0 240.34 23.819 263.03 0.016881
1207.4 229.03 1242.0 268.1 0.016826
67.85 213.7 196.76 292.34 0.016823
498.6 0.0 643.56 202.25 0.016751
47.901 0.0 199.21 196.53 0.016737
1037.9 69.893 1242.0 250.42 0.016545
6.9322 219.71 37.957 325.03 0.016396
1207.9 173.36 1242.0 212.26 0.016372
0.0 362.11 39.024 375.0 0.0162
0.0 0.0 324.67 88.25 0.016178
485.52 183.82 551.53 220.93 0.015999
89.845 208.8 193.91 283.06 0.015986
1150.5 288.03 1220.7 375.0 0.015958
289.46 132.34 342.57 274.87 0.015917
185.38 0.0 744.14 217.98 0.015875
0.0 261.2 61.64 298.45 0.01586
145.9 0.0 294.51 194.95 0.015756
870.23 15.74 1242.0 369.54 0.015696
27.27 173.87 53.018 252.23 0.015677
80.623 0.0 229.43 189.76 0.015673
303.09 193.18 374.89 231.1 0.015461
1178.4 236.32 1242.0 347.97 0.015342
20.846 0.0 168.0 203.15 0.015295
17.956 193.95 139.8 241.42 0.015079
1152.2 134.57 1242.0 218.17 0.015043
20.52 200.62 164.77 262.26 0.015027
1211.2 340.26 1239.0 375.0 0.014988
0.0 287.94 36.401 326.72 0.014969
113.09 0.0 263.74 194.78 0.014729
1200.7 94.323 1242.0 281.96 0.014578
941.98 0.0 1242.0 237.84 0.014551
1226.8 231.17 1242.0 319.05 0.014417
6.01 188.46 55.373 235.29 0.014384
1216.5 160.72 1242.0 255.53 0.014258
1215.8 163.54 1242.0 219.44 0.014246
1127.1 320.36 1242.0 375.0 0.014142
46.882 227.75 213.41 305.2 0.01413
62.089 193.95 173.78 263.5 0.014028
0.0 271.67 42.277 375.0 0.013844
1210.2 331.73 1242.0 370.38 0.013753
440.9 154.93 467.11 219.47 0.013715
48.422 171.98 79.445 295.73 0.013699
155.37 0.0 436.55 106.5 0.013619
290.99 160.63 317.45 236.71 0.013361
579.13 159.33 602.18 222.22 0.01328
855.84 223.7 986.04 375.0 0.013154
48.39 0.0 619.69 213.07 0.013108
90.001 65.242 214.72 375.0 0.012848
27.824 142.07 277.24 327.93 0.012838
0.0 169.57 22.93 220.27 0.012755
0.0 265.26 50.822 301.12 0.012737
0.0 187.14 68.229 221.85 0.012699
1219.1 317.62 1242.0 375.0 0.012637
1208.7 237.62 1242.0 275.71 0.01261
311.85 177.88 339.53 258.09 0.012601
47.729 236.93 183.7 291.38 0.012589
438.01 191.05 568.29 260.22 0.012548
304.53 136.01 355.7 275.85 0.012541
1083.2 119.7 1242.0 349.82 0.012536
32.632 189.93 139.9 231.13 0.012478
13.282 191.66 66.294 237.39 0.012448
759.67 276.16 1085.7 375.0 0.012291
316.25 0.0 594.17 106.32 0.012284
1227.5 139.85 1242.0 222.94 0.012275
1178.8 132.71 1242.0 343.68 0.012213
578.64 162.75 603.38 240.11 0.012143
326.7 179.55 378.17 223.63 0.012021
308.92 187.93 387.19 224.97 0.011766
383.71 170.64 537.17 244.31 0.011727
0.0 271.2 242.47 375.0 0.011578
1073.2 0.0 1242.0 119.18 0.01154
1204.2 346.53 1232.2 375.0 0.011378
311.01 161.24 335.63 228.04 0.011283
1207.2 166.07 1242.0 204.23 0.0111
1194.6 368.41 1242.0 375.0 0.01106
224.28 0.0 498.79 105.58 0.011015
33.714 169.18 61.252 267.31 0.010968
0.0 294.75 34.143 334.03 0.010845
1062.4 332.78 1242.0 375.0 0.010832
1216.5 227.13 1242.0 283.18 0.010747
0.0 279.78 17.851 332.84 0.010728
131.8 159.13 192.14 327.41 0.010692
644.78 149.6 665.03 223.26 0.010652
81.232 133.27 142.97 304.74 0.010612
451.0 0.0 662.95 42.236 0.010598
0.0 65.896 194.95 251.19 0.010568
85.052 203.4 226.37 280.67 0.010432
1225.2 332.95 1242.0 375.0 0.010315
0.0 141.2 77.557 221.46 0.010298
440.84 169.71 496.06 214.8 0.010282
0.0 151.82 39.876 189.83 0.010206
0.0 210.93 162.05 326.92 0.010149
0.0 302.96 52.43 375.0 0.010137
52.8 191.27 155.26 231.79 0.010096
0.0 255.42 97.615 327.48 0.0099156
507.62 278.25 836.93 375.0 0.0098829
41.077 167.03 68.716 266.8 0.0098724
1210.6 302.71 1242.0 339.94 0.0098028
487.18 134.66 543.03 292.57 0.0097486
19.19 191.9 78.125 239.75 0.0096599
123.44 176.02 166.27 290.26 0.0096229
1208.6 245.95 1242.0 283.96 0.0095448
0.0 0.0 64.277 345.47 0.0095183
241.04 161.9 365.48 254.59 0.0095028
0.0 0.0 135.06 213.26 0.0095014
673.34 146.49 693.47 224.25 0.0094639
1134.9 288.12 1204.6 375.0 0.0093358
824.02 237.5 951.61 375.0 0.0093174
1033.8 38.83 1242.0 219.38 0.0092439
0.0 359.51 15.369 375.0 0.0091987
1217.0 180.12 1242.0 273.34 0.0091529
335.85 168.82 361.77 248.03 0.0091505
93.728 137.96 158.47 302.59 0.0091071
303.17 177.43 330.85 262.34 0.0090805
110.54 169.12 147.49 292.9 0.0090801
117.49 170.97 156.12 290.41 0.008974
0.0 235.63 66.443 344.02 0.0089588
106.15 163.97 140.43 285.22 0.0089351
789.98 233.69 920.53 375.0 0.0088923
0.0 0.0 32.433 113.5 0.0088322
1150.8 117.04 1242.0 201.53 0.0087444
14.327 198.26 82.637 252.43 0.0087038
285.38 178.3 342.64 222.86 0.0086365
1.36 179.38 312.98 328.32 0.0085873
1124.8 187.38 1242.0 271.51 0.0085871
667.68 139.21 690.97 218.42 0.0085624
11.64 182.44 79.365 375.0 0.0085493
501.07 172.04 531.88 265.06 0.0084699
430.67 206.82 528.19 251.38 0.0084312
520.3 0.0 596.32 106.22 0.0084194
529.2 0.0 673.45 207.7 0.0083754
442.39 0.0 727.7 109.4 0.0083443
505.29 0.0 578.96 103.71 0.0081777
1214.9 288.3 1242.0 375.0 0.0079812
1121.7 171.63 1242.0 253.98 0.0079609
1208.5 157.5 1242.0 195.52 0.0079575
0.0 337.8 112.35 375.0 0.0079312
0.0 143.51 16.831 196.8 0.0079223
425.29 122.24 478.74 287.73 0.0079179
85.239 0.0 368.77 108.61 0.0079008
0.0 0.0 85.489 41.586 0.0078836
695.2 279.28 1026.8 375.0 0.0077759
1172.6 366.56 1242.0 375.0 0.0077548
0.0 0.0 492.19 235.57 0.0077176
1207.6 253.84 1242.0 293.08 0.0076557
444.82 281.45 770.76 375.0 0.0075923
0.0 0.0 272.08 114.29 0.0075312
1136.1 0.0 1242.0 44.593 0.007488
478.56 197.23 538.76 247.79 0.0074411
1226.7 274.03 1242.0 359.7 0.0073887
571.32 242.46 701.37 375.0 0.0073405
0.0 181.39 121.27 246.99 0.007333
341.26 160.33 367.47 231.5 0.0073229
458.24 172.04 513.99 217.56 0.0073212
65.96 134.78 128.33 301.98 0.0073193
1217.8 291.57 1242.0 347.23 0.0073061
297.35 0.0 869.77 212.83 0.0072975
259.78 158.87 419.89 229.82 0.007284
104.92 173.07 221.26 269.99 0.0072606
99.689 159.57 129.99 279.42 0.0072198
1227.3 247.94 1242.0 337.11 0.0072004
275.89 128.65 330.06 285.87 0.0071031
319.85 178.8 347.09 261.66 0.0070932
0.0 301.33 29.388 340.95 0.0070906
535.82 0.0 611.42 107.37 0.0070426
471.53 0.0 777.67 375.0 0.0070089
76.395 172.8 236.02 251.44 0.0069992
0.0 121.18 12.619 222.71 0.0069781
50.113 162.17 78.091 273.02 0.0069728
0.0 251.24 27.583 356.95 0.0069346
490.84 0.0 560.49 102.47 0.006922
509.02 161.5 533.16 230.7 0.0069059
262.85 0.0 1039.8 179.6 0.0068864
0.0 128.07 50.617 238.97 0.0068762
76.08 192.62 170.91 231.58 0.0068068
67.828 209.3 214.69 317.42 0.0067582
9.7556 197.33 149.56 253.87 0.0067252
378.93 283.21 705.03 375.0 0.0066879
1082.6 61.297 1242.0 292.3 0.0066734
567.32 276.76 900.43 375.0 0.0066249
0.0 259.86 25.673 311.22 0.0065916
261.66 183.75 337.2 219.47 0.0065686
416.96 104.46 474.64 270.94 0.0065091
0.0 154.28 542.45 375.0 0.0065006
436.88 172.47 460.11 257.74 0.0064572
1207.6 262.14 1242.0 301.18 0.0064269
472.23 171.11 545.92 205.37 0.0064139
390.32 154.35 509.65 250.52 0.0063291
1118.4 288.93 1188.3 375.0 0.0063124
1200.5 0.0 1242.0 98.373 0.0063015
90.871 202.3 190.79 265.53 0.006289
0.0 273.39 53.595 307.87 0.0062095
600.76 240.81 729.46 375.0 0.0061932
475.65 152.44 501.12 228.61 0.0061792
0.0 227.91 230.19 375.0 0.0061376
1195.0 348.42 1223.1 375.0 0.0061233
0.0 285.15 10.415 375.0 0.0060651
674.24 141.0 696.38 213.35 0.0060476
1012.9 330.69 1224.2 375.0 0.006042
1188.2 361.01 1239.4 375.0 0.0060353
760.0 241.37 888.35 375.0 0.0060138
539.61 243.66 668.65 375.0 0.0059949
708.06 160.78 1242.0 375.0 0.0059943
0.0 123.94 74.181 205.08 0.0059699
402.39 0.0 614.98 41.958 0.005964
44.675 29.221 308.56 375.0 0.0059447
821.48 60.769 1087.9 375.0 0.0059131
848.29 0.0 1242.0 260.15 0.0058727
1146.1 170.74 1242.0 291.68 0.005782
490.25 176.99 557.24 211.22 0.005731
110.31 133.21 174.23 300.02 0.0057222
77.305 240.3 194.81 291.08 0.005708
1216.3 243.61 1242.0 299.01 0.0056629
887.46 29.951 1161.6 375.0 0.0056492
95.181 173.85 131.49 298.66 0.0056429
0.0 247.27 126.51 321.9 0.0056312
313.89 280.54 646.27 375.0 0.0056297
131.02 183.41 176.61 295.47 0.0056018
1215.2 149.65 1242.0 202.78 0.0055812
0.0 215.0 37.033 375.0 0.0055588
293.09 203.2 380.27 238.68 0.0055365
659.34 140.84 683.28 221.94 0.0054435
43.753 174.93 109.31 368.4 0.0054431
1121.7 203.33 1242.0 287.63 0.0053863
0.0 262.18 20.086 368.65 0.005368
1211.3 149.36 1242.0 187.35 0.0052939
628.2 280.15 971.86 375.0 0.0052816
450.03 209.6 533.76 252.65 0.0052406
17.987 167.14 43.879 252.35 0.0051905
91.665 158.66 119.65 274.82 0.0051796
508.18 245.99 637.01 375.0 0.0051787
279.45 163.53 406.84 250.56 0.0051417
964.84 332.08 1175.0 375.0 0.0050162
635.05 238.29 763.94 375.0 0.0050035
80.739 223.38 188.2 298.54 0.0049834
439.11 198.47 506.58 254.19 0.004982
443.11 250.65 574.28 375.0 0.0049728
752.67 71.634 1006.5 375.0 0.0049704
