711.5 182.17 769.55 227.9 0.99994
764.25 189.24 931.25 286.5 0.99989
704.91 181.48 759.7 223.67 0.99988
728.03 184.75 830.3 248.27 0.99983
714.93 181.6 786.99 236.87 0.99976
696.76 179.02 747.87 220.47 0.99964
830.38 153.07 1190.6 375.0 0.99963
487.18 186.48 549.48 224.54 0.99963
572.08 184.76 598.53 204.06 0.99959
719.9 184.33 811.78 242.35 0.99954
489.89 188.48 543.58 225.37 0.99926
761.81 189.61 897.07 268.51 0.99858
735.42 186.51 868.41 263.01 0.99738
821.68 165.73 1076.7 375.0 0.99672
727.3 175.94 840.78 254.45 0.99599
845.74 171.86 1129.2 362.64 0.99586
886.49 180.68 1242.0 375.0 0.99581
504.26 186.04 559.39 220.58 0.99535
690.37 182.52 733.98 217.74 0.99522
497.28 189.31 553.49 221.16 0.99507
523.22 187.43 562.75 218.52 0.99498
737.78 192.75 887.64 277.53 0.99425
691.4 184.16 745.29 220.97 0.99185
719.88 184.56 796.34 227.88 0.99148
514.49 186.09 558.52 221.42 0.9889
730.3 104.14 1242.0 375.0 0.98882
687.32 182.99 751.85 215.58 0.98757
687.83 183.25 726.29 213.83 0.98704
734.28 186.09 825.53 227.89 0.98669
800.84 171.04 1028.1 363.36 0.98657
710.58 181.36 828.76 247.84 0.98589
581.83 184.64 602.58 201.87 0.98321
534.98 191.18 565.32 215.72 0.98259
685.74 178.89 731.03 216.2 0.98093
700.24 185.42 754.02 223.21 0.9796
530.04 188.17 569.96 214.02 0.97237
508.88 192.19 550.86 224.69 0.97039
486.79 195.91 539.07 225.32 0.96645
707.25 186.17 750.11 229.67 0.9656
570.1 181.64 600.92 200.78 0.96402
763.97 159.13 990.98 340.76 0.9634
805.11 165.61 1055.7 321.72 0.9601
715.59 181.87 774.93 219.37 0.95676
791.8 196.9 1152.2 375.0 0.95413
687.01 184.96 719.83 210.97 0.95269
736.72 190.59 821.61 257.21 0.95135
745.03 189.72 848.93 256.32 0.94956
515.82 180.98 565.89 218.34 0.94746
500.64 184.41 545.1 223.11 0.94572
788.73 176.44 938.99 302.55 0.94543
484.04 191.18 532.35 227.88 0.93792
578.22 185.67 600.84 203.9 0.93401
692.89 181.08 739.09 211.73 0.93358
717.86 186.48 860.26 249.44 0.92905
827.18 185.43 911.06 229.63 0.91186
518.61 184.96 564.72 213.95 0.90456
971.37 142.65 1242.0 365.9 0.89917
746.66 183.16 822.38 234.61 0.89698
710.79 185.56 764.18 225.81 0.88479
822.95 126.34 1181.6 301.76 0.86673
850.42 136.95 1148.1 338.13 0.86637
740.85 153.11 952.23 318.75 0.86049
1103.7 176.97 1235.6 305.44 0.85985
752.47 206.84 901.2 285.29 0.8524
834.32 181.53 903.49 237.33 0.8473
765.89 181.32 929.31 263.29 0.84498
710.87 191.03 758.25 230.35 0.83749
836.04 184.94 903.52 220.45 0.83464
682.55 182.67 721.71 206.46 0.83319
493.58 185.89 541.62 214.11 0.83309
495.87 198.09 546.44 223.63 0.82993
844.5 184.75 896.52 228.37 0.82831
662.3 179.38 687.15 194.68 0.82467
481.32 184.78 538.01 226.15 0.82184
1053.4 189.55 1242.0 289.84 0.81997
702.28 168.37 811.16 242.61 0.81632
1132.9 160.74 1230.5 369.84 0.81553
812.13 189.77 922.39 244.1 0.8023
702.75 186.69 740.35 226.54 0.79416
838.73 186.24 893.5 212.22 0.78461
1076.8 162.76 1230.4 296.71 0.77626
694.07 186.48 724.63 218.03 0.77317
718.46 190.99 793.38 240.03 0.77156
1153.1 174.59 1234.0 364.0 0.76971
520.5 193.23 553.69 222.03 0.74681
756.89 190.83 872.72 248.15 0.74199
846.62 184.34 885.01 215.18 0.72842
727.11 174.98 761.15 231.07 0.72713
1138.6 157.19 1224.7 326.87 0.72129
574.44 187.95 603.04 205.52 0.70387
706.13 183.68 759.62 215.29 0.70202
803.31 187.47 891.91 227.43 0.70169
790.48 192.79 905.69 244.4 0.69717
480.39 189.82 538.69 222.44 0.6952
723.44 175.48 753.27 225.46 0.69475
758.65 185.59 861.83 262.5 0.68217
1085.4 182.81 1242.0 278.23 0.6818
732.91 174.68 768.9 236.39 0.68124
834.07 190.39 890.22 214.84 0.66907
862.74 157.88 1013.9 375.0 0.65982
890.45 166.12 1046.5 375.0 0.65617
891.45 236.85 1165.8 375.0 0.65593
717.07 190.85 769.84 231.37 0.65431
701.23 180.76 717.8 220.36 0.6523
1101.7 196.62 1232.0 345.43 0.65049
1158.4 159.53 1233.0 326.81 0.64617
838.33 247.66 1218.2 375.0 0.64151
756.13 187.24 849.93 235.24 0.63761
705.95 176.58 726.01 223.44 0.6313
816.58 161.09 904.34 296.93 0.62937
717.78 173.03 744.26 221.77 0.62817
1006.4 123.46 1163.9 375.0 0.62272
711.47 194.58 742.9 228.74 0.62004
936.21 119.28 1094.4 375.0 0.61913
1086.9 202.42 1242.0 306.66 0.61798
696.74 178.54 714.33 218.66 0.61273
845.68 181.74 890.53 204.01 0.61226
514.36 197.33 547.64 223.68 0.61213
703.7 181.41 721.47 223.4 0.60907
974.66 131.01 1129.6 375.0 0.60862
1063.0 180.09 1234.0 332.34 0.60681
954.51 217.01 1242.0 375.0 0.60661
659.56 178.16 689.78 192.48 0.60446
1040.5 128.43 1193.0 375.0 0.6011
740.1 177.43 778.31 245.48 0.59988
515.15 174.65 535.83 226.07 0.59927
843.34 185.73 886.54 207.63 0.59391
543.35 190.99 570.08 212.22 0.59068
850.09 185.24 880.24 208.8 0.59045
1124.6 190.0 1240.0 318.0 0.58623
518.88 175.77 539.14 225.38 0.5862
710.73 179.61 730.53 225.57 0.57109
830.02 152.36 965.99 375.0 0.56664
843.69 188.44 885.64 220.14 0.5659
1172.8 189.41 1242.0 375.0 0.56432
523.15 181.5 543.44 226.02 0.56395
486.09 202.29 535.37 226.44 0.56078
819.75 186.37 892.47 238.02 0.55996
578.87 181.91 606.08 198.77 0.55867
827.66 144.62 922.33 311.9 0.55672
717.77 185.86 741.61 235.97 0.55235
660.01 182.28 692.56 197.48 0.55149
714.66 184.69 736.16 234.47 0.55089
1075.0 112.46 1215.8 375.0 0.54834
783.88 196.34 906.55 259.32 0.5469
819.41 185.22 911.86 254.1 0.54299
509.92 182.21 532.61 228.29 0.53956
869.85 0.0 1195.9 375.0 0.53635
747.11 179.14 791.22 251.96 0.53289
711.46 172.83 735.72 221.42 0.53014
833.34 192.66 900.84 220.76 0.52729
808.07 120.08 931.22 363.5 0.52619
757.09 209.79 928.63 297.66 0.52584
1214.7 148.09 1242.0 259.68 0.52361
836.14 234.23 1103.0 375.0 0.52305
533.51 179.74 554.75 221.92 0.51542
687.01 163.44 795.44 237.13 0.51203
529.18 177.84 552.3 222.46 0.51105
693.55 177.57 709.44 215.66 0.50738
538.43 181.13 557.14 219.16 0.50293
703.42 175.54 719.97 213.35 0.50017
685.32 184.15 713.46 205.11 0.49907
508.74 184.24 558.64 213.22 0.49517
526.48 181.4 547.61 224.81 0.49299
808.26 173.62 888.45 292.27 0.48852
1126.7 165.61 1241.8 285.5 0.48827
494.01 184.09 536.15 207.32 0.48291
714.76 175.72 734.37 225.8 0.4769
489.04 199.49 527.4 227.65 0.47644
824.4 195.87 888.22 219.69 0.47514
700.25 177.28 716.62 213.76 0.4709
704.85 190.24 766.66 226.45 0.46961
719.88 181.12 738.76 226.47 0.467
852.67 182.65 885.86 207.04 0.4633
543.82 183.69 560.66 216.56 0.46262
540.21 191.86 562.94 212.61 0.46189
1121.9 149.0 1211.3 330.08 0.45706
836.5 189.11 882.77 210.91 0.45553
523.04 185.3 562.03 207.17 0.45411
707.33 174.25 724.46 214.17 0.45321
902.09 124.48 1208.3 337.26 0.45266
529.14 195.14 556.17 218.74 0.44914
1206.3 143.28 1242.0 269.94 0.44732
1224.8 156.65 1242.0 251.35 0.4436
760.84 173.89 806.54 249.22 0.44232
754.88 177.62 798.99 250.57 0.44067
506.13 181.98 528.6 227.28 0.44014
842.86 187.93 876.03 212.09 0.43687
838.93 191.55 875.94 217.41 0.43678
699.67 175.14 724.17 220.24 0.42854
769.55 170.16 812.84 253.16 0.42772
788.04 176.28 857.59 293.48 0.42412
518.87 186.74 538.45 230.58 0.42285
840.84 83.347 1128.7 375.0 0.42011
725.93 182.8 784.32 225.26 0.41692
681.81 187.59 747.09 219.7 0.4092
751.66 0.0 1059.9 375.0 0.40632
489.24 184.71 537.58 219.33 0.40619
772.42 131.26 1066.6 291.61 0.40499
722.52 183.13 742.52 232.24 0.40396
1213.5 165.65 1242.0 277.57 0.40385
706.05 181.55 744.36 212.73 0.40378
506.36 177.16 534.84 229.7 0.40094
799.26 180.41 871.58 304.09 0.39991
794.16 179.45 917.72 277.16 0.39939
840.73 191.36 905.75 216.68 0.39234
1173.8 151.73 1242.0 336.41 0.39143
918.64 160.07 1077.1 375.0 0.39124
1198.6 207.58 1242.0 375.0 0.38839
499.21 179.05 527.25 230.44 0.38534
920.46 95.887 1059.7 375.0 0.37923
778.87 161.92 819.11 252.02 0.37742
1226.1 173.3 1242.0 269.3 0.37722
746.77 180.54 825.39 216.43 0.37693
585.14 181.37 597.05 203.56 0.37664
1111.7 197.01 1242.0 287.5 0.37652
710.85 194.95 850.48 264.06 0.37448
710.47 172.4 728.62 213.63 0.37131
736.12 170.2 771.55 246.86 0.36979
833.45 189.19 885.05 228.12 0.36725
494.66 197.62 535.98 227.88 0.36623
527.41 188.09 559.22 211.39 0.36335
580.59 180.58 594.26 203.31 0.36249
484.0 183.0 554.48 218.5 0.35785
1225.3 259.74 1242.0 358.59 0.35758
695.95 178.84 736.86 203.09 0.35378
1114.1 217.76 1242.0 355.64 0.34976
727.81 181.46 806.11 217.37 0.34961
534.46 194.77 559.71 215.04 0.34627
782.33 132.83 898.35 371.26 0.34471
752.35 206.85 1053.4 361.41 0.34386
854.92 177.8 873.17 228.11 0.34304
525.75 190.01 544.79 230.49 0.34222
758.24 253.47 1123.0 375.0 0.34187
1213.2 247.67 1242.0 375.0 0.33988
713.27 181.51 762.3 211.32 0.33878
512.82 173.73 540.46 226.05 0.33769
807.71 188.93 881.45 239.99 0.33673
478.55 194.86 525.26 225.05 0.33046
702.51 182.7 731.42 207.51 0.32988
709.01 183.27 725.38 228.41 0.32929
569.4 184.78 591.5 203.88 0.32751
812.28 196.36 880.41 220.79 0.32599
684.28 184.93 706.54 206.04 0.32413
770.51 164.23 834.23 272.1 0.32288
507.38 183.81 546.62 215.57 0.32173
784.62 189.54 876.5 230.54 0.32091
991.66 0.0 1242.0 375.0 0.32006
690.08 178.88 703.64 214.26 0.31483
501.06 185.07 534.25 209.7 0.31461
547.6 184.11 562.59 214.97 0.31352
501.35 181.85 525.31 226.09 0.31301
935.69 100.18 1242.0 375.0 0.30906
725.77 183.29 746.81 236.96 0.30798
576.48 180.3 591.27 202.69 0.30709
1199.4 145.65 1242.0 317.57 0.30566
817.36 199.31 885.66 224.44 0.30553
1012.7 195.67 1242.0 308.63 0.30178
470.36 181.87 530.41 224.06 0.30168
521.27 170.2 547.55 222.3 0.2989
1103.6 97.173 1242.0 375.0 0.29883
588.96 182.7 599.56 204.36 0.29717
851.13 179.21 868.56 225.98 0.29714
659.28 179.13 680.7 191.73 0.29611
826.74 193.06 879.41 215.08 0.29144
1045.3 265.92 1242.0 375.0 0.29021
853.6 167.03 889.32 250.7 0.28847
722.93 174.12 741.24 226.17 0.28614
743.75 167.97 773.99 234.3 0.28446
758.04 167.81 814.56 268.02 0.28182
491.62 175.18 519.84 232.42 0.28166
585.87 183.56 603.21 199.95 0.27989
1143.6 124.18 1219.3 311.05 0.27968
846.7 186.88 874.45 208.56 0.27937
516.9 172.05 533.69 219.75 0.27933
704.96 166.87 733.67 220.78 0.27818
571.84 192.79 600.07 208.89 0.27616
521.71 196.94 561.15 219.92 0.27521
1225.2 195.17 1242.0 285.49 0.27253
1041.1 214.82 1242.0 326.85 0.27059
726.84 176.99 746.08 228.71 0.26737
858.73 176.15 876.81 229.34 0.26622
1223.6 245.49 1242.0 344.11 0.26299
1091.8 247.94 1242.0 375.0 0.26297
697.32 189.03 728.08 222.33 0.26268
1047.4 169.29 1242.0 348.56 0.26085
1107.4 223.66 1242.0 321.64 0.2606
697.56 183.35 725.19 207.14 0.26033
1223.5 210.36 1242.0 300.68 0.25999
711.33 137.45 934.57 305.62 0.25858
687.55 186.53 711.66 210.96 0.25822
1161.6 120.87 1231.0 306.37 0.25711
1084.4 233.34 1242.0 344.62 0.25283
857.66 174.93 884.54 236.82 0.25022
1108.4 152.81 1234.6 273.93 0.24995
720.88 173.77 735.98 219.48 0.2489
1213.1 192.21 1242.0 295.05 0.24828
1135.4 183.65 1242.0 375.0 0.24775
577.84 189.56 607.87 205.83 0.24661
699.25 182.7 712.45 222.52 0.2454
704.05 171.13 725.26 224.49 0.24457
1140.1 197.31 1224.5 375.0 0.24373
705.85 184.27 720.85 229.8 0.24178
1150.4 209.34 1242.0 334.01 0.24048
817.21 187.25 887.71 218.64 0.23988
731.1 176.65 750.68 233.52 0.23915
513.12 172.89 529.84 220.01 0.23869
1186.1 229.93 1242.0 343.12 0.23674
540.55 192.73 572.93 214.73 0.23485
574.37 179.75 587.95 201.91 0.23342
695.6 174.29 718.89 221.95 0.23171
1211.8 231.97 1242.0 345.33 0.23102
1222.7 226.36 1242.0 318.74 0.22675
1204.0 231.7 1242.0 375.0 0.22597
1204.2 194.64 1241.9 319.3 0.22418
582.6 182.18 594.96 209.3 0.22378
715.56 172.03 731.57 212.37 0.22239
579.03 182.18 591.3 207.87 0.22171
799.76 185.01 1000.0 288.79 0.2209
519.81 170.66 536.27 220.89 0.21985
686.1 190.36 730.42 215.67 0.21734
1205.8 172.65 1241.5 295.15 0.21718
1073.9 193.86 1222.5 375.0 0.21557
747.24 202.44 847.19 266.06 0.21355
1184.4 172.16 1242.0 280.46 0.2128
1050.0 135.29 1242.0 315.69 0.2101
1199.1 150.38 1235.0 266.63 0.20716
504.16 174.01 523.68 224.4 0.20551
839.0 193.56 883.77 223.73 0.20359
543.37 180.78 558.07 213.24 0.20297
843.45 190.88 893.56 225.31 0.20277
568.63 177.59 603.91 195.58 0.20258
714.24 188.7 729.85 231.99 0.2024
718.17 187.34 772.45 222.75 0.20072
497.72 182.03 521.43 230.42 0.19893
667.59 181.04 691.03 197.93 0.19889
846.31 185.15 900.15 207.34 0.19883
1138.3 49.499 1242.0 375.0 0.19809
1226.4 135.45 1242.0 229.4 0.19694
703.57 186.69 716.97 227.71 0.19662
728.66 167.49 757.8 221.98 0.19638
693.67 176.05 707.6 208.9 0.19561
653.91 179.2 674.37 191.66 0.19543
852.56 176.97 879.08 237.22 0.19441
1184.5 248.41 1242.0 363.33 0.19332
1145.5 180.52 1242.0 300.14 0.18929
744.3 163.19 796.15 270.49 0.18715
786.15 164.33 829.56 264.06 0.18509
847.63 179.65 863.57 224.66 0.18482
540.39 188.49 573.93 208.26 0.18458
751.64 166.74 782.14 239.56 0.18424
852.45 180.16 867.18 218.35 0.18334
691.11 183.21 719.56 205.84 0.18197
705.47 181.37 737.65 204.93 0.18099
854.47 160.53 892.27 271.13 0.18078
831.49 197.45 898.98 224.55 0.18041
687.0 179.4 726.32 202.94 0.17963
844.04 112.06 954.56 348.93 0.17869
848.45 167.97 882.97 249.11 0.17799
1181.2 198.66 1242.0 309.12 0.17765
565.28 188.69 596.28 205.95 0.17712
814.66 172.2 980.68 313.33 0.17664
708.85 195.35 735.87 226.1 0.17341
735.19 174.31 754.23 231.81 0.17251
835.08 194.0 870.62 218.63 0.17095
585.22 182.61 597.55 211.06 0.1708
682.05 180.15 720.91 201.41 0.17076
738.68 153.73 791.37 251.2 0.17011
754.21 151.54 807.3 250.7 0.16811
1190.8 141.18 1242.0 250.0 0.16702
767.04 193.18 891.12 263.55 0.16572
809.95 191.65 952.05 330.44 0.16518
861.7 170.98 894.34 251.92 0.16489
767.42 150.56 824.56 263.73 0.16374
946.28 113.76 1242.0 291.38 0.16348
1057.6 173.21 1242.0 264.5 0.16341
662.21 184.63 685.91 199.85 0.16319
499.71 183.57 545.75 207.74 0.16118
862.83 176.41 880.72 231.72 0.16021
1090.6 245.79 1241.2 375.0 0.15942
1224.3 276.49 1242.0 374.28 0.15879
527.15 171.85 545.29 219.64 0.15754
691.38 191.48 737.7 221.88 0.15511
853.57 188.48 893.65 216.27 0.15398
760.37 185.96 841.21 223.95 0.15374
523.39 171.8 540.15 221.15 0.15351
1104.6 138.12 1194.3 334.7 0.15266
1218.6 167.05 1242.0 229.85 0.15211
1163.4 168.4 1242.0 252.11 0.15184
493.67 182.09 516.39 230.21 0.15178
792.72 212.48 972.07 313.34 0.15163
685.25 190.57 720.72 213.27 0.15157
657.57 182.84 685.64 196.67 0.15118
783.43 150.32 848.45 278.35 0.14899
1166.7 185.01 1242.0 266.4 0.14843
1163.8 244.78 1242.0 328.99 0.14835
499.6 178.71 519.51 224.48 0.14794
687.55 181.36 698.9 212.33 0.14773
1197.8 191.48 1235.8 317.92 0.14647
728.12 168.49 744.79 219.53 0.14642
509.01 174.03 525.65 218.72 0.14554
529.73 190.63 546.95 230.73 0.14234
562.28 184.95 584.82 203.92 0.14175
841.54 195.93 911.61 220.97 0.14132
1221.0 203.3 1242.0 260.49 0.13971
1220.0 183.0 1242.0 245.19 0.1383
717.37 188.71 733.82 236.08 0.13689
1148.3 239.16 1242.0 371.41 0.13531
769.56 166.5 801.79 235.7 0.13516
811.42 148.37 880.93 286.56 0.13427
0.0 129.34 15.812 237.2 0.13383
828.18 196.23 873.18 224.46 0.1336
488.89 184.03 512.53 228.84 0.13331
0.0 188.75 14.1 289.03 0.13281
1161.8 261.58 1242.0 347.48 0.13205
796.04 148.28 866.3 285.33 0.12816
761.23 165.08 792.52 236.59 0.12755
0.0 333.96 16.118 375.0 0.12742
535.57 189.21 561.37 209.39 0.12734
1198.1 170.0 1234.3 287.36 0.12698
495.14 202.51 542.6 225.98 0.12691
717.52 183.77 769.69 214.09 0.12648
1170.5 231.06 1242.0 312.37 0.12438
777.29 165.97 824.12 271.02 0.12319
1222.5 193.39 1242.0 253.09 0.12318
1152.8 151.74 1242.0 274.0 0.123
1179.5 112.66 1242.0 304.56 0.12243
513.84 187.29 534.18 231.98 0.1211
1129.8 125.4 1205.0 310.2 0.12107
1166.7 154.46 1242.0 234.8 0.12091
574.9 180.44 587.08 208.62 0.11988
560.77 126.0 1234.6 375.0 0.11966
1219.2 217.02 1242.0 272.26 0.11947
1167.1 213.89 1242.0 295.58 0.11899
1201.8 97.581 1242.0 270.23 0.11801
552.02 185.76 565.54 214.73 0.11783
861.65 157.83 898.29 270.84 0.11772
855.45 185.12 892.38 210.12 0.11705
696.8 192.44 720.9 219.65 0.11685
491.3 185.17 530.77 211.74 0.11646
1014.8 173.38 1242.0 283.54 0.11618
533.41 186.16 567.26 205.74 0.11587
1165.3 199.45 1242.0 279.55 0.11581
591.89 181.93 601.3 203.09 0.11484
1105.6 170.77 1242.0 256.92 0.11401
864.46 177.43 879.26 224.08 0.11329
820.4 189.2 874.85 228.16 0.11327
775.18 163.83 806.95 234.15 0.11305
732.75 167.45 748.61 219.53 0.1128
846.48 163.29 884.28 270.36 0.11212
1199.0 285.97 1242.0 375.0 0.11197
663.7 180.6 697.59 196.86 0.11168
506.41 184.9 539.53 210.69 0.11049
484.92 180.98 507.48 227.71 0.11018
831.24 214.17 1062.3 337.72 0.11
735.53 163.36 763.64 223.83 0.10694
671.59 181.57 737.39 212.37 0.10563
803.51 199.38 876.49 225.81 0.10555
679.41 181.66 716.68 198.99 0.10465
725.03 170.17 738.39 210.67 0.1043
1221.7 267.39 1242.0 332.6 0.1035
742.8 184.4 808.56 229.55 0.10349
727.08 149.8 778.45 249.15 0.10314
867.36 177.84 884.39 235.5 0.10306
1132.9 213.87 1242.0 302.31 0.10295
678.84 182.61 699.66 199.91 0.10255
756.25 184.46 818.62 226.62 0.10237
849.1 181.46 862.32 217.34 0.10051
1216.4 129.89 1242.0 239.52 0.10039
704.62 198.29 744.5 225.68 0.10021
527.85 170.67 552.28 222.32 0.099363
760.9 86.371 900.58 369.31 0.097953
0.0 191.55 71.266 375.0 0.097714
742.51 102.93 864.08 375.0 0.09765
772.18 196.47 910.76 276.1 0.097078
0.0 172.5 14.389 270.67 0.097001
769.83 247.02 1033.1 375.0 0.096908
0.0 252.06 13.771 357.67 0.096539
850.07 180.07 887.65 199.92 0.095755
777.47 172.03 835.94 311.13 0.095239
0.0 261.72 196.34 375.0 0.095075
472.52 192.54 543.91 228.57 0.095073
0.0 208.48 26.195 375.0 0.094779
570.66 179.29 582.82 203.75 0.094765
807.74 205.84 1020.2 321.68 0.094744
1220.5 233.03 1242.0 289.57 0.094566
559.42 186.68 590.55 205.18 0.094511
1145.8 327.64 1242.0 375.0 0.093337
590.77 94.066 1108.0 375.0 0.092901
445.2 161.98 580.61 232.11 0.092711
1132.4 244.89 1242.0 337.88 0.092458
0.0 282.69 15.754 375.0 0.092398
710.01 170.89 733.19 232.62 0.092376
865.33 169.99 892.69 237.8 0.091524
703.88 179.25 745.96 201.67 0.091282
843.54 183.68 880.52 202.19 0.091202
582.11 173.73 595.34 205.22 0.088704
1164.2 278.99 1242.0 362.23 0.088497
663.86 183.65 699.97 200.93 0.088278
1221.8 247.52 1242.0 306.51 0.088158
695.7 183.05 708.15 222.26 0.087183
509.99 182.88 554.41 206.97 0.086278
0.0 273.94 33.125 375.0 0.08498
446.85 174.47 574.36 240.21 0.084605
659.67 186.84 691.35 201.85 0.083877
1205.2 167.6 1242.0 227.64 0.083602
739.05 172.56 758.24 231.52 0.082303
1066.5 36.334 1217.0 361.76 0.082177
836.48 180.66 908.03 211.82 0.081755
737.42 168.42 753.13 218.76 0.081087
749.84 171.9 762.21 208.88 0.080875
1197.0 246.32 1238.0 375.0 0.080858
1210.4 213.81 1242.0 252.74 0.08038
652.56 183.0 679.22 196.33 0.080137
684.07 28.303 982.04 375.0 0.079711
1224.8 346.7 1242.0 375.0 0.079441
1045.9 257.66 1242.0 366.4 0.079354
586.59 176.31 598.2 205.09 0.078963
0.0 0.0 141.64 375.0 0.077906
807.14 192.38 918.47 265.12 0.077733
521.22 185.89 556.02 211.13 0.077443
1219.5 153.11 1242.0 215.06 0.077271
569.53 179.13 592.65 198.86 0.077102
1117.6 166.14 1214.5 375.0 0.07693
858.52 182.59 891.46 205.85 0.076663
514.56 172.13 528.0 213.85 0.075616
1237.3 182.36 1242.0 233.41 0.075453
1178.2 318.2 1242.0 375.0 0.075417
0.0 166.22 25.861 351.27 0.075392
0.0 136.78 358.38 375.0 0.074743
509.66 170.69 536.72 236.48 0.07391
1205.2 206.63 1242.0 257.99 0.073788
577.76 174.02 591.24 206.57 0.073779
856.68 192.16 896.62 218.93 0.073514
741.71 165.26 780.94 258.11 0.073474
732.21 181.81 760.04 203.81 0.073205
1176.5 211.61 1232.0 275.42 0.072878
649.85 160.19 789.02 231.68 0.07264
591.93 183.96 601.87 209.29 0.072233
861.61 176.48 875.1 216.07 0.071998
1207.7 180.51 1242.0 222.15 0.071887
0.0 334.73 78.457 375.0 0.071373
1127.7 261.65 1242.0 357.8 0.071217
856.87 176.28 870.62 214.39 0.071194
796.66 157.93 833.99 262.01 0.070792
871.11 179.26 888.01 234.78 0.070447
493.51 186.14 524.85 207.05 0.070196
0.0 248.41 132.8 375.0 0.070153
825.09 183.66 999.41 346.8 0.070143
0.0 340.51 25.062 375.0 0.069861
1207.6 195.28 1242.0 251.34 0.069705
483.37 170.93 509.84 232.73 0.069615
536.8 176.34 551.33 211.07 0.069473
592.85 182.33 603.12 205.24 0.069363
790.18 156.49 821.29 246.42 0.069145
1143.4 222.44 1242.0 270.05 0.06914
841.38 167.7 873.47 250.08 0.069097
741.06 168.36 755.48 216.42 0.069031
1208.2 188.42 1242.0 228.8 0.068971
1219.8 253.96 1242.0 316.66 0.068919
858.78 131.62 972.26 375.0 0.068731
681.44 188.72 715.11 208.7 0.067613
848.5 189.75 907.75 211.38 0.067505
1053.3 210.78 1238.3 366.71 0.067474
737.39 180.88 763.15 202.76 0.067252
1205.9 183.04 1242.0 242.29 0.067057
1206.6 221.64 1242.0 259.63 0.066846
1226.5 117.63 1242.0 207.21 0.066792
746.0 172.88 758.31 210.31 0.066775
845.04 178.63 859.51 225.58 0.066739
535.46 190.3 550.26 227.0 0.065733
1204.1 217.38 1242.0 270.7 0.065447
590.81 176.98 601.93 204.89 0.065394
1237.3 171.16 1242.0 222.14 0.064885
796.98 166.82 860.09 325.23 0.064806
727.06 181.97 773.34 207.87 0.06471
1125.0 210.69 1241.3 266.73 0.064648
0.0 198.57 21.428 252.61 0.064396
832.6 198.27 880.29 228.64 0.064132
742.61 180.23 767.01 202.79 0.064005
579.48 178.64 609.62 194.77 0.063705
724.81 178.87 764.94 200.46 0.063282
0.0 130.21 23.598 241.82 0.062732
1149.7 286.75 1220.4 375.0 0.06273
812.93 87.991 1182.3 265.62 0.062418
510.75 171.7 523.92 210.72 0.0623
524.03 185.0 580.56 214.77 0.062164
0.0 166.16 45.725 207.15 0.061456
791.17 188.95 867.69 242.48 0.060584
1237.9 194.63 1242.0 243.85 0.060411
841.81 197.44 1037.6 363.44 0.06019
0.0 139.09 23.815 313.73 0.059913
0.0 321.89 49.738 375.0 0.059835
1206.3 228.18 1242.0 267.52 0.059756
540.66 178.23 553.91 209.96 0.059748
0.0 206.57 20.09 260.75 0.059732
1191.0 216.83 1237.7 273.5 0.059708
0.0 249.98 46.682 364.08 0.059336
697.15 177.25 984.34 320.83 0.05933
853.2 176.75 865.52 210.01 0.059257
547.29 189.09 559.23 218.82 0.059226
726.05 182.88 762.26 211.63 0.059033
1079.1 328.54 1242.0 375.0 0.058415
1207.3 172.36 1242.0 213.36 0.058401
0.0 0.0 354.83 192.16 0.058135
679.74 173.17 756.54 208.57 0.058116
664.56 177.36 696.04 193.4 0.057958
539.36 189.67 565.21 208.11 0.057921
1194.3 165.29 1239.0 227.23 0.057783
673.03 125.15 966.51 284.28 0.057734
0.0 352.17 14.499 375.0 0.057597
0.0 206.25 36.625 245.42 0.05723
579.16 184.59 590.52 215.39 0.057092
738.47 208.9 825.33 255.85 0.056562
715.7 179.18 757.43 201.77 0.056449
0.0 189.11 61.614 267.43 0.056446
851.42 127.71 934.22 315.36 0.056312
1170.1 137.48 1242.0 217.87 0.056274
766.82 184.48 830.36 231.72 0.056175
0.0 157.86 43.483 198.22 0.05613
1141.1 0.0 1242.0 194.66 0.055888
732.74 179.09 757.52 240.84 0.05579
1197.0 210.2 1236.9 347.78 0.055745
0.0 148.99 22.667 206.18 0.055679
710.53 190.22 723.85 230.58 0.055573
738.6 174.13 751.83 215.95 0.055573
823.52 185.23 1042.8 309.6 0.055487
0.0 207.25 62.358 284.8 0.055457
769.15 173.44 781.17 209.79 0.055357
0.0 181.44 38.842 221.75 0.055127
533.53 174.77 548.13 212.49 0.055112
576.52 194.26 605.98 209.5 0.054981
0.0 270.51 65.832 349.06 0.054857
0.0 190.11 49.271 295.72 0.054815
0.0 170.65 69.634 252.45 0.0547
0.0 220.71 48.264 330.68 0.054671
0.0 222.67 65.674 302.6 0.054575
1175.1 203.79 1229.4 261.44 0.054375
483.83 184.26 501.02 227.55 0.054347
707.84 164.6 866.02 233.46 0.054192
1035.2 0.0 1242.0 91.845 0.053917
844.26 174.46 869.39 238.54 0.053844
0.0 237.88 61.676 318.91 0.053738
0.0 213.97 35.384 253.17 0.053732
0.0 174.0 40.375 214.03 0.053721
0.0 189.11 38.966 229.46 0.053509
740.46 208.22 801.7 244.52 0.053324
724.49 167.61 753.04 246.12 0.053241
542.6 196.21 562.47 212.9 0.053229
673.04 184.27 707.66 201.73 0.053143
675.28 182.21 697.0 198.97 0.053067
501.18 187.31 522.44 235.59 0.052951
722.58 195.59 779.34 233.67 0.052928
0.0 193.5 20.232 289.3 0.052786
649.46 180.48 669.12 193.04 0.05262
732.49 158.35 778.19 272.37 0.051822
0.0 360.41 39.558 375.0 0.051802
753.73 171.19 765.94 210.76 0.051562
1209.9 282.0 1242.0 323.37 0.051511
0.0 254.63 60.666 333.52 0.051276
1227.8 39.707 1242.0 133.14 0.051269
673.81 171.8 686.61 201.09 0.050931
0.0 197.85 37.45 237.82 0.050841
686.4 178.84 696.65 209.02 0.050788
694.53 172.49 715.74 233.64 0.050775
725.27 182.09 754.07 205.16 0.050626
1192.9 208.43 1238.1 259.46 0.050559
521.3 171.78 534.58 214.01 0.049607
505.7 187.06 526.48 235.78 0.04951
0.0 286.41 65.96 363.99 0.04946
0.0 191.01 23.315 244.47 0.049378
0.0 234.41 12.585 338.74 0.049313
0.0 110.31 251.18 375.0 0.049199
658.92 173.87 691.71 188.5 0.048881
1197.5 0.0 1242.0 90.936 0.048876
718.36 130.68 777.41 250.0 0.048827
1207.0 236.04 1242.0 276.12 0.048664
1117.3 202.95 1228.6 257.04 0.048651
742.85 175.48 765.32 196.16 0.048643
490.48 176.48 510.58 224.78 0.048632
523.53 199.82 548.92 220.09 0.048622
684.16 180.44 694.24 212.3 0.048213
507.41 199.05 541.18 222.63 0.048182
0.0 317.83 15.309 375.0 0.048073
1209.5 125.44 1241.2 247.63 0.047804
1189.5 189.22 1230.7 315.41 0.04778
0.0 0.0 181.16 94.57 0.047768
721.33 170.8 734.03 209.48 0.047766
1136.9 289.04 1203.2 375.0 0.047732
1139.3 0.0 1242.0 42.191 0.047588
1111.5 316.62 1242.0 375.0 0.047511
0.0 155.65 74.892 238.08 0.047282
498.35 188.9 518.16 235.78 0.047193
1208.1 165.65 1242.0 205.35 0.047065
0.0 154.54 49.248 263.46 0.046731
681.31 184.28 703.61 200.81 0.046583
0.0 175.59 23.05 228.27 0.04635
1223.5 357.54 1242.0 375.0 0.045936
851.59 194.32 909.35 215.86 0.045923
1209.7 244.23 1242.0 283.72 0.045557
782.48 159.41 811.18 233.16 0.045501
501.89 182.91 528.98 200.89 0.045481
1220.5 285.97 1242.0 345.77 0.045251
670.96 184.0 692.33 201.46 0.045097
693.94 193.14 716.02 215.58 0.0448
506.69 174.28 519.17 210.96 0.044789
821.52 198.07 871.5 229.61 0.044567
1129.4 137.46 1242.0 254.63 0.044545
850.22 156.26 947.37 375.0 0.044538
744.37 201.36 811.89 254.37 0.044487
1207.4 274.62 1242.0 316.64 0.044224
716.61 182.57 745.36 205.14 0.043851
734.72 171.73 747.43 213.46 0.043842
535.16 199.85 564.41 217.55 0.043673
724.95 212.35 877.13 284.82 0.043639
685.38 187.42 705.9 209.81 0.04358
868.51 176.48 882.63 222.58 0.043556
706.96 270.98 1055.2 375.0 0.043522
1220.4 136.68 1242.0 194.99 0.043443
0.0 100.15 27.851 284.6 0.043333
1211.0 252.41 1242.0 292.2 0.043318
1221.4 305.66 1242.0 361.72 0.04326
764.85 172.74 777.3 208.87 0.043202
734.46 132.99 795.28 254.49 0.042882
485.32 184.48 525.92 205.06 0.042867
730.6 172.62 742.95 212.46 0.042734
756.94 180.76 816.12 207.79 0.042684
746.15 158.77 771.46 223.69 0.042437
500.97 180.02 535.36 198.1 0.042357
1211.7 260.25 1242.0 299.7 0.042318
786.02 175.64 956.05 258.15 0.042252
854.63 195.28 901.05 224.37 0.041964
756.91 166.86 770.53 216.16 0.041576
1221.4 0.0 1242.0 37.951 0.04149
1237.9 202.81 1242.0 253.67 0.04124
773.61 170.26 786.57 215.32 0.041239
724.04 184.91 779.9 215.47 0.041113
846.63 0.0 1242.0 183.39 0.04108
514.38 185.26 548.81 210.58 0.040759
694.56 195.67 729.85 220.01 0.040705
1213.2 362.17 1242.0 375.0 0.040642
732.15 183.32 765.83 209.69 0.040444
764.85 176.42 787.46 196.95 0.040405
586.4 180.56 605.65 197.51 0.039793
1210.0 289.83 1242.0 330.2 0.039657
852.52 182.87 869.18 237.63 0.039436
0.0 210.96 12.167 312.93 0.039306
1227.3 100.71 1242.0 189.78 0.039148
706.42 179.56 733.59 199.71 0.039114
1208.2 156.99 1242.0 197.12 0.039006
0.0 262.24 21.803 369.7 0.03893
814.89 192.98 872.72 215.68 0.038891
845.26 200.15 915.8 225.25 0.038871
697.46 175.48 710.54 210.52 0.03887
849.03 183.69 864.83 238.5 0.038836
502.34 204.62 545.72 224.8 0.03882
754.87 183.87 819.08 214.02 0.038804
1205.9 240.18 1242.0 293.72 0.038696
808.28 35.491 1242.0 375.0 0.03866
529.92 172.31 543.54 212.42 0.038638
1160.2 215.44 1242.0 256.42 0.038417
1112.9 215.39 1232.1 273.16 0.038323
0.0 220.48 41.235 375.0 0.038018
1092.4 156.88 1242.0 241.79 0.037874
1136.8 158.56 1242.0 242.06 0.037672
775.7 186.52 854.68 221.18 0.037562
0.0 215.15 18.714 268.69 0.037534
1207.1 268.74 1242.0 331.44 0.037486
1163.7 0.0 1242.0 49.277 0.036633
470.01 156.94 589.15 242.67 0.036618
0.0 222.19 34.021 262.06 0.036566
1207.2 267.94 1242.0 308.18 0.036289
738.68 162.15 857.09 251.85 0.03575
0.0 151.12 38.746 191.48 0.035395
654.27 47.678 1156.9 375.0 0.035345
1213.2 290.9 1242.0 375.0 0.035074
1132.2 200.31 1242.0 251.44 0.034203
1080.1 277.29 1242.0 372.14 0.03386
1170.2 292.33 1242.0 374.57 0.033807
1185.9 105.5 1242.0 219.25 0.033473
0.0 179.42 21.626 271.71 0.033346
837.91 90.175 1131.1 295.98 0.033224
1160.5 207.55 1229.6 275.21 0.032937
840.9 180.4 891.24 220.38 0.032832
790.62 203.02 929.0 375.0 0.03273
796.19 187.07 872.73 220.1 0.032649
1165.0 120.67 1242.0 202.14 0.0324
1224.3 307.86 1242.0 375.0 0.031933
1206.5 268.17 1241.0 375.0 0.031835
832.48 165.01 863.31 247.87 0.031825
1179.4 194.08 1231.9 255.82 0.031723
711.68 148.36 761.39 255.9 0.031563
0.0 143.07 19.252 199.01 0.03132
807.73 154.22 839.98 261.67 0.031113
1209.7 148.71 1242.0 187.54 0.030979
1218.1 344.65 1242.0 375.0 0.030948
1078.0 0.0 1242.0 121.85 0.030534
0.0 133.88 179.23 306.96 0.030386
1047.3 69.574 1242.0 253.34 0.03014
1204.2 48.571 1242.0 236.36 0.030007
788.38 182.35 842.34 332.47 0.029992
1116.7 120.37 1191.2 315.54 0.029877
684.75 171.0 737.72 216.57 0.029807
848.73 191.69 1092.5 330.72 0.029632
1182.3 173.77 1231.8 235.02 0.029623
1206.9 23.193 1242.0 204.8 0.029592
687.89 167.92 709.95 230.08 0.029564
0.0 163.32 170.35 335.69 0.029455
719.42 201.04 811.26 246.86 0.029432
749.34 126.46 810.36 257.61 0.029369
1120.4 288.11 1185.4 375.0 0.028862
702.94 120.13 758.77 240.27 0.028838
0.0 302.31 18.48 358.73 0.028808
1188.8 176.95 1227.4 287.09 0.028772
1210.0 315.86 1242.0 354.87 0.028586
1179.5 179.45 1220.8 292.98 0.028514
1007.6 167.5 1233.9 326.55 0.028438
730.65 196.37 850.5 290.34 0.02824
0.0 230.62 35.068 269.68 0.028019
0.0 292.48 49.343 375.0 0.027913
669.85 170.36 742.19 207.32 0.027657
1200.1 217.58 1242.0 254.37 0.027383
808.22 188.65 863.63 228.31 0.027134
887.38 30.482 1030.5 360.11 0.026691
725.42 234.06 1072.6 375.0 0.026509
1210.6 298.45 1242.0 339.06 0.026402
799.05 154.27 829.93 244.56 0.026325
708.11 171.09 781.36 206.28 0.026288
0.0 206.8 96.056 375.0 0.026215
1212.0 307.25 1242.0 348.62 0.026196
883.49 162.92 983.29 375.0 0.026188
813.5 241.56 1029.3 342.94 0.026089
658.2 157.39 933.7 298.3 0.025909
0.0 0.0 68.24 170.08 0.025898
0.0 285.41 17.624 341.77 0.025698
836.39 250.42 1062.6 356.17 0.025606
0.0 62.846 66.868 375.0 0.025544
0.0 159.1 22.0 256.74 0.02537
1227.3 27.155 1242.0 115.89 0.025285
0.0 311.07 36.609 351.43 0.025266
840.93 176.23 922.51 375.0 0.025224
0.0 270.4 17.279 325.98 0.02507
0.0 117.84 12.521 220.87 0.024876
0.0 0.0 143.89 113.53 0.024702
1196.5 232.57 1242.0 269.89 0.024688
737.58 227.24 893.57 301.28 0.024665
851.34 188.82 894.44 319.52 0.024644
1159.9 214.57 1232.2 375.0 0.024622
1197.3 225.79 1242.0 262.32 0.024191
1190.7 230.13 1238.3 287.76 0.024174
1017.3 347.9 1047.9 375.0 0.023929
1177.6 226.65 1242.0 263.52 0.023816
804.93 168.14 934.27 269.79 0.023789
501.47 162.23 529.16 232.02 0.023769
0.0 195.27 176.02 372.76 0.023756
1190.5 150.73 1227.2 264.71 0.023531
1198.3 0.0 1242.0 16.93 0.023519
734.4 165.0 768.99 264.49 0.023286
1009.3 348.11 1039.7 375.0 0.023146
1164.2 168.26 1203.7 283.7 0.022991
1204.7 256.35 1242.0 316.16 0.022982
984.07 362.82 1069.5 375.0 0.022937
1164.6 234.19 1242.0 279.72 0.022852
837.16 187.67 923.41 233.04 0.022794
533.17 171.38 557.14 221.48 0.022709
1200.4 209.35 1242.0 247.39 0.022594
938.24 0.0 1242.0 231.61 0.022515
839.88 330.12 1043.2 375.0 0.022496
1217.5 129.35 1242.0 186.6 0.022439
0.0 303.66 37.44 343.56 0.022383
841.42 121.79 907.47 287.56 0.02219
479.38 124.05 536.52 255.0 0.022132
817.43 159.1 849.29 264.01 0.022034
0.0 191.02 38.776 354.81 0.02196
1146.3 195.7 1225.8 270.29 0.021816
825.33 158.01 857.43 263.82 0.021809
1172.4 164.51 1211.3 279.68 0.021731
1028.8 331.21 1229.0 375.0 0.02171
0.0 279.56 35.473 318.84 0.021704
1156.6 166.59 1195.5 284.33 0.021647
1203.3 156.33 1242.0 214.66 0.021518
0.0 295.69 36.545 335.66 0.021305
0.0 247.59 20.731 349.45 0.0213
1100.3 208.83 1220.9 266.77 0.02107
207.4 0.0 584.94 89.131 0.020906
1211.0 337.37 1239.4 375.0 0.020864
0.0 140.4 75.621 220.83 0.020676
0.0 337.8 109.27 375.0 0.020566
743.39 161.05 926.88 234.23 0.020506
1025.6 346.95 1055.4 375.0 0.020393
855.06 168.28 1084.8 283.07 0.020371
1155.5 181.57 1199.5 307.69 0.020367
1163.0 105.51 1242.0 186.86 0.020301
1199.3 200.57 1242.0 239.57 0.0201
1208.6 140.6 1242.0 178.77 0.020052
754.12 157.48 779.74 227.58 0.020008
836.51 171.51 860.08 236.6 0.01996
1181.3 217.0 1242.0 254.28 0.019887
1202.3 133.41 1232.7 243.86 0.019815
957.52 2.3571 1089.1 350.95 0.019793
0.0 287.44 36.035 326.19 0.01974
764.12 167.57 802.25 267.57 0.019636
873.94 326.48 1074.2 375.0 0.019633
997.49 362.96 1087.0 375.0 0.019618
1001.0 347.52 1031.6 375.0 0.019587
0.0 281.66 28.031 375.0 0.019561
1228.4 86.078 1242.0 176.8 0.019551
0.0 263.14 20.029 318.46 0.019528
1163.8 207.35 1242.0 249.72 0.019485
1208.8 0.0 1242.0 22.14 0.019448
9.0692 344.62 37.301 375.0 0.019424
1147.8 179.81 1189.8 304.84 0.019416
0.0 298.77 20.027 375.0 0.019415
555.08 180.19 611.83 207.29 0.019291
0.0 271.41 36.104 310.34 0.019271
0.0 256.05 27.074 355.86 0.018813
1193.1 265.89 1240.3 334.65 0.01879
908.55 284.9 980.35 375.0 0.018752
0.0 94.361 186.36 279.78 0.018709
1210.3 323.57 1242.0 362.56 0.01858
836.05 164.71 1025.5 324.01 0.01848
0.0 357.42 20.338 375.0 0.017826
891.53 288.65 962.92 375.0 0.017795
1191.3 241.22 1237.3 295.27 0.017765
825.32 175.31 1035.6 278.18 0.017753
1096.4 115.83 1174.4 320.72 0.0177
966.88 363.53 1052.2 375.0 0.017672
841.15 162.75 876.03 281.03 0.01757
950.06 326.18 1148.4 375.0 0.017544
716.56 170.61 770.33 214.59 0.017514
869.54 167.84 899.39 256.12 0.017292
0.0 239.25 34.847 277.59 0.017256
0.0 158.26 29.396 213.67 0.017141
939.96 279.57 1012.8 375.0 0.016823
923.09 280.53 996.4 375.0 0.016733
1103.1 224.4 1222.1 279.35 0.016709
993.25 347.83 1023.9 375.0 0.016625
1107.0 196.16 1219.2 250.7 0.016623
1164.7 90.135 1242.0 171.36 0.01654
1104.1 286.48 1167.4 375.0 0.01641
954.29 279.86 1026.8 375.0 0.01639
795.34 163.86 839.45 288.26 0.016385
984.19 347.02 1015.4 375.0 0.016382
1033.5 346.73 1063.2 375.0 0.016226
995.56 362.85 1051.8 375.0 0.016179
1178.7 184.44 1224.3 321.28 0.015835
853.97 29.781 999.41 375.0 0.015828
0.0 207.34 51.821 242.95 0.015823
0.0 175.6 56.011 213.34 0.015815
1200.3 242.03 1242.0 279.38 0.015722
0.0 120.11 128.02 341.39 0.015706
1210.2 133.21 1242.0 172.11 0.015585
0.0 262.69 35.571 301.34 0.015554
1180.5 71.235 1242.0 189.25 0.015538
1183.9 183.0 1242.0 221.24 0.015521
0.0 325.67 36.63 366.31 0.015497
1185.1 161.91 1235.0 221.92 0.015464
1179.3 225.66 1233.5 290.27 0.015351
1169.7 181.14 1215.5 307.03 0.015336
459.45 158.49 612.29 231.57 0.015267
0.0 246.31 35.101 285.4 0.015175
698.05 155.9 726.07 221.95 0.015169
708.17 172.44 762.68 218.07 0.015145
760.63 216.73 891.36 375.0 0.015023
0.0 182.77 55.566 220.63 0.014993
1021.1 363.31 1109.3 375.0 0.014981
1080.5 55.424 1242.0 289.89 0.014891
0.0 42.995 191.82 375.0 0.014783
758.01 169.05 790.8 260.88 0.014782
1168.0 74.359 1242.0 155.27 0.014762
0.0 190.94 54.685 228.5 0.014754
493.15 120.76 550.14 259.57 0.014745
1133.1 226.28 1242.0 279.96 0.01474
0.0 199.59 51.447 235.83 0.014614
1185.9 190.82 1242.0 228.8 0.014598
1184.2 41.751 1242.0 155.77 0.014558
1144.3 209.67 1233.1 283.61 0.014557
0.0 144.98 39.71 183.48 0.014484
706.27 154.26 734.82 225.94 0.014472
780.46 116.52 845.22 284.82 0.014467
134.59 0.0 510.32 91.638 0.014437
804.61 164.51 845.34 288.67 0.014402
1164.6 217.83 1235.9 286.05 0.014392
0.0 366.7 56.902 375.0 0.014375
1121.8 349.14 1150.4 375.0 0.014365
0.17447 148.67 29.187 249.86 0.014344
746.41 212.68 876.61 307.4 0.014221
0.0 254.7 34.517 293.67 0.014095
713.57 159.29 742.47 228.75 0.01408
1148.4 162.97 1186.2 285.49 0.01407
1209.0 125.55 1242.0 164.95 0.014063
0.0 168.44 69.249 205.12 0.013981
1041.3 345.7 1070.4 375.0 0.013937
874.07 192.37 954.68 375.0 0.013765
948.58 362.53 1037.5 375.0 0.013765
812.13 237.07 992.77 325.13 0.013754
1194.0 249.07 1239.0 305.88 0.013707
996.87 326.59 1196.9 375.0 0.013707
1169.2 59.095 1242.0 139.22 0.013702
969.71 276.13 1041.7 375.0 0.013681
