358.38 154.11 501.37 253.82 0.99968
1027.0 143.11 1148.1 368.37 0.99933
168.92 154.35 241.17 320.26 0.99909
1004.2 126.79 1133.5 352.8 0.99897
616.55 159.96 639.38 225.9 0.99852
1052.3 164.77 1144.4 361.77 0.99841
795.94 150.64 863.22 314.9 0.99779
606.92 156.69 633.4 225.17 0.99681
520.41 167.89 542.72 228.98 0.9953
1059.9 154.01 1166.7 374.16 0.9948
602.81 155.93 628.16 227.16 0.99474
76.153 154.43 144.71 298.09 0.9943
620.89 161.45 643.22 224.87 0.99422
1016.2 165.98 1116.4 364.55 0.99384
64.782 163.55 134.64 302.25 0.99358
991.86 113.3 1100.4 326.14 0.99305
967.78 164.1 1197.3 362.45 0.99303
1017.5 111.78 1124.3 309.34 0.99301
0.0 215.26 40.359 346.55 0.99255
114.64 154.23 159.71 275.57 0.99108
0.0 206.59 41.934 356.13 0.99005
937.67 141.18 1178.3 344.98 0.98956
607.78 157.91 635.92 228.82 0.98946
514.33 167.13 535.73 229.28 0.98774
1071.3 192.02 1154.5 375.0 0.98618
524.39 164.94 544.33 224.24 0.98614
1000.5 145.73 1103.3 364.85 0.98592
424.52 171.36 522.07 224.89 0.98552
87.533 150.63 154.59 304.99 0.9853
385.92 146.1 514.72 250.36 0.98522
1016.8 203.06 1146.7 375.0 0.98477
107.43 151.59 151.81 279.56 0.98472
603.73 155.84 630.15 224.2 0.9846
516.23 170.85 540.43 233.0 0.98457
612.16 156.93 636.86 228.32 0.98455
52.131 149.79 122.41 309.73 0.98413
0.0 227.87 35.165 375.0 0.98263
797.35 158.53 849.5 287.38 0.98196
0.0 185.74 46.461 333.77 0.98139
54.823 171.35 158.54 308.35 0.98134
153.17 138.44 220.22 306.23 0.98113
773.75 145.88 844.31 310.34 0.98058
2.9333 201.55 47.02 327.68 0.9796
435.37 158.39 516.1 225.79 0.97863
0.0 191.11 60.681 346.96 0.97607
804.32 165.3 858.82 302.46 0.9757
154.94 169.71 248.45 330.67 0.97566
509.38 166.79 530.34 228.98 0.97359
83.68 172.9 138.82 303.93 0.97257
175.04 158.41 226.66 290.57 0.96955
517.4 165.17 539.24 222.63 0.96895
1040.7 124.21 1145.8 323.96 0.96893
522.81 173.44 545.19 233.64 0.96815
0.0 218.15 58.528 370.46 0.96694
1083.2 168.82 1179.5 370.81 0.96478
434.7 165.97 529.7 218.95 0.96316
996.76 102.92 1091.4 291.35 0.96299
976.73 109.94 1077.7 321.85 0.95814
181.17 167.96 246.28 331.34 0.95803
0.0 201.9 31.966 343.47 0.95708
1046.1 197.75 1133.9 375.0 0.9553
0.0 188.01 38.623 317.98 0.95372
805.11 158.28 854.71 272.07 0.95326
0.0 213.58 32.33 375.0 0.95268
780.04 156.53 884.79 323.2 0.95244
32.371 150.33 104.3 318.04 0.94933
602.16 159.44 642.72 224.64 0.94663
934.86 201.23 1226.8 366.83 0.94546
982.68 136.43 1079.2 359.9 0.94506
0.28686 170.24 65.179 323.15 0.94411
98.988 160.34 144.15 293.88 0.9437
166.68 153.05 215.52 282.84 0.94339
68.996 173.76 124.91 298.36 0.9417
599.22 157.04 621.01 222.68 0.94107
512.64 162.81 538.06 227.73 0.93346
14.982 166.72 81.748 333.19 0.9309
811.17 154.15 862.81 285.98 0.93063
407.8 158.94 512.02 221.77 0.92983
1007.7 187.46 1093.6 375.0 0.92793
128.88 149.78 170.16 267.14 0.92726
64.375 190.75 111.66 300.74 0.92499
181.75 162.77 234.95 301.49 0.92321
915.6 134.69 1190.1 303.03 0.92161
506.61 164.69 525.82 222.07 0.91748
522.4 164.28 541.53 216.22 0.91707
528.61 165.26 546.77 221.56 0.9157
123.24 153.57 163.29 254.25 0.91522
1032.4 202.29 1118.8 371.4 0.91454
447.31 174.95 531.37 221.45 0.91214
791.65 156.54 841.22 270.58 0.9026
171.45 128.29 258.2 312.82 0.8989
1004.9 231.64 1135.7 364.92 0.89784
457.66 162.69 521.14 222.52 0.89603
782.67 134.16 858.74 293.34 0.89458
0.0 225.81 24.539 362.81 0.88769
986.9 221.21 1152.6 353.97 0.88644
1100.3 183.37 1197.6 374.88 0.88474
3.7529 182.2 43.948 298.24 0.88464
45.373 197.68 165.3 295.47 0.8839
1032.4 229.58 1156.9 375.0 0.88301
952.36 158.04 1236.3 330.62 0.88091
6.5647 187.28 52.438 314.91 0.87437
129.17 136.75 194.08 300.0 0.87165
78.641 156.57 126.97 280.44 0.86523
499.01 165.54 540.74 224.55 0.86406
185.13 163.26 232.31 267.71 0.85883
507.25 168.8 544.57 227.64 0.85825
788.95 150.64 846.38 303.67 0.85623
142.95 160.15 261.06 313.51 0.85609
434.66 173.74 512.23 234.22 0.85593
409.78 175.76 517.0 233.46 0.85537
86.435 150.88 134.99 285.05 0.85495
346.37 145.78 475.59 255.91 0.85486
76.296 159.53 172.96 290.22 0.8537
0.0 208.03 23.44 336.61 0.85198
776.88 180.6 798.42 247.81 0.85074
104.62 143.53 171.01 298.55 0.84888
38.063 154.26 146.29 297.06 0.84321
774.65 149.65 875.09 294.14 0.84113
0.0 155.68 47.486 301.24 0.8343
507.92 153.92 535.81 223.21 0.83239
510.86 177.59 529.51 236.07 0.82945
1206.4 175.88 1241.0 289.06 0.82794
1121.6 189.27 1214.7 375.0 0.82305
486.64 162.4 536.23 217.57 0.81919
323.43 154.73 486.33 240.5 0.8181
0.0 246.32 38.917 375.0 0.81745
0.0 183.63 27.398 304.98 0.81526
0.0 260.13 24.999 375.0 0.81366
93.094 186.42 141.68 299.47 0.81318
412.53 146.99 526.3 238.12 0.81258
757.03 142.71 821.92 310.42 0.80927
150.92 150.53 250.76 292.87 0.80821
124.98 155.61 148.69 237.22 0.80619
0.0 162.69 37.559 329.3 0.80558
514.23 169.43 543.69 214.98 0.80165
987.57 132.72 1120.6 304.27 0.79887
609.98 170.01 640.93 221.57 0.79763
514.52 161.74 533.49 215.4 0.79672
781.15 181.11 801.57 248.07 0.79053
0.0 183.67 56.33 295.22 0.78996
98.576 147.35 142.01 260.57 0.78652
165.73 151.61 224.16 309.37 0.78595
121.65 157.22 143.17 233.7 0.78376
0.0 190.6 78.474 312.33 0.78055
513.03 166.24 544.37 203.57 0.77711
15.779 171.14 126.54 300.48 0.77551
831.93 59.246 1241.0 375.0 0.77535
139.88 183.17 289.96 313.99 0.77531
1036.0 87.515 1129.3 293.29 0.76958
1214.7 180.81 1241.0 279.05 0.76598
472.14 159.5 529.3 219.29 0.7608
126.65 157.44 146.22 217.57 0.75156
987.71 114.55 1121.1 375.0 0.74643
123.41 165.96 160.26 287.0 0.74436
9.7054 192.21 74.806 375.0 0.7426
130.47 207.05 268.26 317.94 0.7403
464.9 167.03 541.58 215.63 0.73957
116.54 165.02 152.79 293.56 0.73296
1024.2 145.04 1141.2 375.0 0.72992
754.69 152.01 859.42 282.9 0.72841
1159.0 207.96 1233.9 375.0 0.72735
1066.0 120.73 1159.6 315.8 0.72233
30.812 175.6 177.86 283.97 0.72161
387.8 164.72 526.49 243.48 0.71078
510.5 160.82 527.91 214.4 0.71019
984.52 185.45 1174.2 354.92 0.70921
603.81 143.06 634.45 220.76 0.7034
745.54 176.0 759.71 227.04 0.70203
168.5 177.12 235.41 345.34 0.7011
786.53 158.5 834.56 291.7 0.69745
507.01 175.22 525.17 231.36 0.69424
498.27 153.76 524.69 224.09 0.69272
45.385 166.67 118.38 337.25 0.69228
1091.7 204.04 1167.0 375.0 0.69011
3.8562 176.38 103.12 301.68 0.68887
598.75 149.33 624.7 228.55 0.68879
89.868 126.72 166.18 293.63 0.68288
717.4 152.99 1241.0 375.0 0.68243
961.54 155.19 1165.3 316.44 0.68023
763.37 187.85 903.78 306.96 0.6759
960.85 117.15 1056.9 313.51 0.66993
587.63 174.77 650.38 227.36 0.66949
493.92 158.78 546.1 213.72 0.66846
1140.0 204.23 1224.3 375.0 0.66279
52.194 193.43 96.268 302.55 0.65798
0.0 179.86 20.692 296.69 0.65713
604.02 168.57 636.13 222.83 0.6534
1049.4 141.05 1167.7 375.0 0.65024
745.86 165.02 905.68 288.52 0.6445
175.64 170.53 230.61 323.03 0.64379
517.11 167.62 542.13 233.13 0.64374
1201.1 172.86 1236.7 279.17 0.64337
137.71 116.68 218.69 294.38 0.63958
507.55 162.27 523.8 212.91 0.63874
749.22 178.25 762.47 225.13 0.63756
915.95 240.91 1241.0 375.0 0.63138
85.548 133.32 320.57 318.96 0.63137
40.76 192.62 152.9 319.63 0.62953
6.6332 142.29 315.67 314.86 0.62875
71.013 218.18 100.17 288.9 0.62856
129.52 147.95 240.48 285.53 0.62688
54.494 158.16 342.79 312.07 0.62597
164.56 144.82 205.42 276.5 0.62533
800.86 190.52 853.15 317.29 0.62339
129.95 164.71 279.2 290.54 0.62
520.01 160.17 537.26 210.8 0.61833
0.0 173.86 82.756 286.61 0.61474
531.32 165.12 547.0 212.01 0.61111
505.06 170.37 553.67 198.51 0.6078
1043.8 161.78 1175.4 337.72 0.60751
768.67 123.09 841.59 288.73 0.60687
485.72 169.23 553.93 212.75 0.60466
597.32 167.76 645.07 235.16 0.60459
520.34 169.98 545.5 207.08 0.60364
71.927 124.3 154.41 301.86 0.60225
799.47 122.43 885.37 300.52 0.60063
127.82 150.59 153.24 239.51 0.59797
110.02 164.79 169.79 249.74 0.59272
516.77 174.47 544.84 222.24 0.59071
58.007 174.17 124.07 327.94 0.58209
961.68 142.73 1107.8 310.0 0.58201
1062.0 187.9 1194.1 355.11 0.57354
503.76 162.52 521.93 220.67 0.57204
1225.9 190.61 1241.0 280.07 0.56926
969.16 169.83 1116.5 328.97 0.56636
475.34 166.03 548.81 207.72 0.56553
506.9 169.68 538.19 212.67 0.56513
741.55 175.95 755.98 226.09 0.56415
1010.7 88.024 1149.3 351.37 0.56344
188.38 135.94 265.91 334.14 0.55917
816.9 150.6 858.99 260.66 0.55651
379.64 146.0 529.19 228.16 0.55293
117.01 112.04 193.78 290.92 0.55167
1083.0 133.12 1173.7 330.85 0.5495
527.5 162.77 542.47 209.59 0.54928
1213.5 255.17 1241.0 373.36 0.54715
599.41 164.81 630.62 218.25 0.54535
955.01 83.975 1108.6 375.0 0.54384
1215.4 201.11 1241.0 299.56 0.5422
67.686 156.89 112.09 287.36 0.54187
1021.9 177.54 1241.0 365.26 0.54071
9.5937 134.44 87.692 318.76 0.53844
1182.3 213.21 1241.0 375.0 0.53756
0.62212 139.73 69.088 305.57 0.53612
486.87 176.12 554.85 220.96 0.53543
159.96 153.09 222.07 344.75 0.53238
1225.9 170.9 1241.0 257.74 0.53148
1027.2 135.94 1157.8 300.71 0.52947
124.68 158.89 140.87 212.29 0.52556
814.97 153.97 832.06 201.36 0.52463
383.99 141.29 454.64 259.26 0.52035
818.42 154.6 835.66 201.25 0.51896
1.7662 200.46 58.548 288.65 0.51736
370.49 138.98 440.07 264.15 0.5163
392.75 143.66 468.35 266.14 0.50953
404.4 139.52 480.98 267.07 0.50776
390.83 155.74 506.9 230.42 0.50544
176.82 161.2 220.19 264.81 0.49928
1204.2 154.08 1241.0 308.1 0.49662
981.06 117.58 1238.9 316.29 0.49653
1214.8 163.11 1241.0 254.04 0.49591
957.36 193.81 1152.9 332.51 0.49516
59.579 173.7 106.7 308.35 0.49226
137.11 154.27 176.86 261.81 0.49055
788.78 156.2 829.82 264.29 0.48929
995.96 177.48 1074.6 375.0 0.48845
868.6 124.54 1133.1 342.63 0.48801
473.27 176.95 544.26 220.97 0.48734
508.41 168.54 557.01 193.81 0.48634
517.02 182.34 546.23 229.92 0.48181
129.82 159.64 150.83 227.08 0.47951
298.98 125.94 559.44 268.81 0.4788
0.0 176.27 31.499 282.54 0.47523
1067.8 219.34 1194.1 375.0 0.47263
0.0 191.28 147.57 289.92 0.47152
1201.8 217.92 1241.0 375.0 0.47105
75.103 189.64 117.13 305.7 0.46981
422.39 132.71 491.52 257.34 0.46917
815.29 126.98 894.77 316.11 0.46872
611.48 151.25 639.4 226.32 0.46722
1208.3 161.26 1241.0 266.92 0.46629
57.445 175.0 196.21 275.1 0.46588
130.74 229.27 259.21 325.75 0.46189
502.41 174.01 552.39 203.57 0.46039
0.0 153.39 248.01 309.21 0.45673
1207.3 193.87 1241.0 312.1 0.4537
822.12 157.98 868.86 295.03 0.45252
425.36 187.03 513.9 237.65 0.45244
585.33 166.76 651.55 217.13 0.44957
1013.3 256.75 1186.1 366.37 0.44917
106.88 158.27 220.33 292.26 0.44319
116.21 141.59 153.36 244.21 0.44219
892.26 171.85 1165.1 375.0 0.43582
1127.7 226.53 1236.4 351.96 0.43367
772.11 158.09 809.31 271.94 0.43058
44.96 112.49 300.05 309.17 0.42971
759.21 173.11 878.28 314.99 0.42804
4.3415 202.33 98.019 328.18 0.42634
534.67 166.64 549.5 212.79 0.42625
1186.1 189.71 1239.2 253.4 0.42231
0.0 210.9 50.739 301.2 0.421
790.86 167.87 861.95 258.0 0.42051
1202.4 179.47 1241.0 345.32 0.41916
945.58 151.89 1146.0 272.26 0.41868
924.84 3.4422 1217.4 375.0 0.41784
436.4 148.45 544.8 234.74 0.41629
779.09 153.21 820.33 274.9 0.41473
58.298 215.88 128.14 307.75 0.41244
29.073 215.08 158.88 305.31 0.41215
907.56 101.69 1201.9 263.46 0.41208
330.62 183.57 504.03 262.84 0.40975
361.2 175.91 487.74 250.39 0.40943
0.0 256.37 75.381 374.47 0.4089
502.23 170.14 533.17 207.25 0.40861
1225.8 261.97 1241.0 357.8 0.40831
1189.8 170.74 1241.0 276.47 0.40563
0.0 276.4 43.846 375.0 0.40396
620.65 151.48 640.91 214.37 0.40276
0.0 196.07 46.389 277.56 0.40187
119.16 159.59 139.12 228.93 0.40165
0.0 119.11 33.022 295.44 0.39767
740.13 164.7 882.71 257.88 0.39589
964.5 124.6 1088.6 272.92 0.39385
0.0 226.1 73.881 318.3 0.39056
67.028 223.82 95.599 291.52 0.3899
68.731 199.12 141.08 303.82 0.38806
165.27 166.29 242.14 261.83 0.38373
799.78 169.12 869.3 336.6 0.38261
1188.5 161.92 1241.0 321.97 0.38238
1185.0 182.72 1241.0 351.58 0.38179
992.58 39.114 1241.0 375.0 0.37785
45.031 192.14 86.707 311.61 0.37714
984.24 92.508 1067.2 284.95 0.37327
994.91 187.52 1198.8 324.85 0.37217
103.35 158.64 163.29 238.43 0.37136
1214.8 180.34 1236.9 260.63 0.36978
824.19 153.03 866.27 266.41 0.3679
0.0 258.2 60.549 348.76 0.36763
971.58 201.93 1109.0 359.13 0.36615
488.79 150.22 517.32 224.59 0.36607
774.91 176.74 793.75 244.21 0.36598
0.0 203.05 76.919 288.55 0.36521
56.871 121.64 136.55 300.99 0.36452
1012.5 223.5 1191.0 343.59 0.36412
93.747 86.804 235.95 375.0 0.36393
519.48 166.67 548.45 195.4 0.36379
496.63 167.36 560.75 203.54 0.36087
608.58 145.73 630.52 221.37 0.35611
778.59 179.1 795.79 240.48 0.35584
737.73 173.46 750.6 219.42 0.35354
0.0 129.79 190.44 326.91 0.35053
130.98 155.7 148.12 212.08 0.3498
0.0 242.0 63.403 332.24 0.34844
1055.2 80.425 1141.2 293.93 0.34372
426.78 155.74 528.32 205.21 0.34164
803.41 152.79 843.84 251.54 0.34127
452.92 133.46 490.57 231.91 0.33991
1092.9 213.32 1226.8 361.47 0.33955
1187.5 251.45 1241.0 362.41 0.33906
420.44 178.76 508.26 246.38 0.33844
461.74 144.24 499.76 228.45 0.33822
810.61 155.93 828.85 208.46 0.33794
605.47 175.0 640.04 227.69 0.33617
841.63 113.6 1180.8 294.34 0.33522
0.0 271.6 59.982 374.7 0.3335
977.09 153.03 1179.9 277.35 0.33079
784.54 182.01 805.59 247.83 0.33032
811.36 155.81 849.48 250.06 0.32917
352.98 167.62 487.43 267.44 0.32672
356.02 129.07 423.48 277.63 0.32592
90.061 142.51 193.29 270.99 0.32555
765.85 164.52 800.46 273.05 0.32371
0.0 228.48 46.421 319.37 0.32102
976.91 49.284 1134.5 362.94 0.32021
1038.5 65.702 1183.1 358.05 0.31826
0.0 160.06 62.716 268.22 0.31708
523.94 159.33 538.95 207.88 0.31632
127.61 155.94 143.68 206.19 0.31362
0.0 211.63 101.38 300.72 0.31355
744.5 182.47 759.83 238.93 0.31298
16.369 181.68 59.84 315.13 0.31263
1196.5 184.18 1241.0 248.36 0.31254
1187.7 198.86 1241.0 310.43 0.31155
0.0 125.19 282.37 282.79 0.30842
1006.1 203.64 1157.1 375.0 0.30541
61.129 163.1 205.82 259.58 0.30422
1072.9 144.51 1202.7 375.0 0.3028
1102.8 162.2 1186.7 341.09 0.30198
1194.3 196.94 1241.0 262.8 0.30008
169.65 167.9 235.15 244.44 0.30003
524.93 174.16 547.2 208.31 0.29907
77.733 214.51 107.35 288.16 0.29903
48.898 135.62 359.43 289.26 0.29872
526.88 171.84 549.81 202.56 0.29837
602.16 169.1 626.35 234.47 0.29551
752.34 174.78 764.6 220.02 0.29548
76.186 158.14 115.49 264.67 0.29532
740.76 179.53 756.9 241.7 0.29473
110.17 165.64 275.98 258.08 0.29453
126.44 101.7 260.39 375.0 0.29447
0.0 160.88 16.387 268.19 0.29441
982.96 261.1 1138.0 354.35 0.29439
951.49 104.82 1034.8 297.22 0.29345
116.98 159.61 174.16 231.49 0.29327
536.98 165.56 550.29 205.21 0.29166
968.49 135.92 1059.1 357.23 0.29092
1226.8 154.33 1241.0 241.33 0.28967
1205.3 241.28 1241.0 375.0 0.28847
9.0552 166.76 50.515 290.18 0.28779
445.47 133.82 483.64 231.35 0.28723
510.86 168.85 550.05 219.58 0.28722
0.0 187.9 76.487 271.51 0.28722
19.267 197.46 125.59 325.38 0.28375
1225.5 211.93 1241.0 305.14 0.28301
822.58 153.91 838.57 200.54 0.28255
0.0 166.81 22.304 268.96 0.28081
509.3 177.3 554.32 206.91 0.27899
470.47 144.9 505.08 225.68 0.27865
1154.5 232.8 1241.0 350.74 0.27843
602.46 146.99 623.4 218.64 0.27822
814.29 154.14 833.71 217.09 0.27815
641.57 141.04 958.46 309.52 0.27765
592.61 162.25 655.17 207.42 0.27257
26.589 86.578 167.7 375.0 0.26983
792.57 177.59 845.57 319.41 0.26851
1039.0 204.63 1188.2 375.0 0.26817
383.62 176.48 505.18 242.09 0.26766
0.0 190.8 109.52 272.33 0.26758
9.6455 207.12 34.85 282.66 0.26585
604.05 158.44 637.58 212.45 0.26495
7.2234 213.69 44.875 343.53 0.26474
1200.3 117.89 1241.0 290.91 0.26431
0.0 123.67 16.396 239.61 0.26278
986.43 255.62 1241.0 375.0 0.26226
607.93 170.04 634.27 232.88 0.26078
1110.9 210.22 1186.1 375.0 0.25675
0.0 206.02 23.617 271.9 0.25472
892.45 152.7 1241.0 375.0 0.25432
741.59 149.69 899.74 245.56 0.25426
614.4 164.83 642.56 214.84 0.25365
0.0 228.24 31.07 300.69 0.25365
5.5939 234.49 34.542 331.35 0.25294
117.91 149.67 140.49 241.85 0.25101
0.0 240.74 31.441 316.31 0.24869
55.812 86.246 193.93 375.0 0.24691
1217.4 193.05 1241.0 253.77 0.24667
132.65 155.03 153.54 231.78 0.24538
517.98 192.75 545.24 234.27 0.24351
738.54 154.45 843.94 272.04 0.24088
687.77 113.0 934.05 321.63 0.24004
0.0 189.73 227.83 341.63 0.23928
974.26 209.05 1123.5 375.0 0.23807
1168.8 183.81 1241.0 266.45 0.23796
1221.5 0.0 1241.0 39.609 0.2377
478.59 147.35 511.0 224.18 0.23708
800.28 160.48 863.59 244.33 0.23689
0.0 206.29 33.413 286.87 0.23527
492.98 173.84 544.24 203.02 0.23405
527.51 168.98 552.41 198.25 0.2335
737.28 177.61 752.4 232.9 0.23341
186.39 189.41 235.12 319.01 0.23267
169.26 186.9 221.84 327.71 0.23255
1204.5 194.4 1241.0 253.16 0.23199
151.87 215.36 259.25 335.64 0.23091
412.64 113.99 481.61 246.11 0.22891
1218.4 208.34 1241.0 268.76 0.22887
1138.2 0.0 1241.0 178.02 0.22743
1058.4 0.0 1241.0 375.0 0.22695
503.96 175.59 521.44 229.66 0.2267
399.57 115.27 470.94 251.33 0.2263
0.0 153.41 140.2 373.11 0.22601
1136.0 200.62 1239.7 321.85 0.22557
1218.3 184.01 1240.0 262.99 0.22497
102.54 177.53 168.5 267.8 0.22437
1174.5 203.64 1241.0 244.38 0.22397
6.5716 165.5 179.75 261.34 0.22334
511.17 175.4 556.51 199.6 0.22298
1034.9 0.0 1241.0 90.055 0.22281
1039.0 247.33 1214.3 351.9 0.22192
770.51 176.88 790.37 249.85 0.22175
0.0 301.99 49.726 375.0 0.22109
1217.4 178.29 1241.0 238.44 0.22042
924.52 68.707 1071.6 375.0 0.21974
932.68 179.16 1143.4 291.27 0.2182
1168.8 199.11 1241.0 282.06 0.21791
1185.6 177.81 1236.5 240.16 0.21789
1020.6 178.18 1208.5 283.98 0.21681
930.76 146.39 1125.3 245.65 0.2168
1091.6 244.49 1241.0 339.05 0.21643
1170.6 264.97 1241.0 349.2 0.21443
1035.1 215.26 1212.3 328.76 0.21406
1016.1 35.077 1166.0 331.52 0.21369
1024.0 212.65 1077.2 351.73 0.21363
0.0 195.03 27.774 262.5 0.21228
0.0 150.38 361.31 375.0 0.2105
1047.8 144.22 1176.9 292.85 0.2089
0.0 88.972 74.244 375.0 0.20856
604.03 177.97 650.85 212.34 0.2083
1224.6 0.0 1241.0 54.46 0.20622
599.6 148.31 644.33 208.81 0.20563
0.0 254.66 196.32 375.0 0.20476
1236.3 190.2 1241.0 244.26 0.20383
817.95 153.97 837.66 219.6 0.20348
1172.9 250.02 1241.0 333.71 0.20248
411.38 149.7 515.78 205.46 0.20194
0.0 220.13 92.222 346.85 0.20164
1197.3 288.22 1241.0 375.0 0.20122
1082.0 0.0 1241.0 120.93 0.20061
748.47 183.71 763.2 237.05 0.2006
508.86 175.93 536.68 221.43 0.20049
1163.1 201.45 1241.0 317.35 0.19916
7.7897 169.41 39.406 268.64 0.19904
132.73 144.38 167.47 240.87 0.19844
435.42 148.16 508.4 214.68 0.19736
1049.9 267.53 1241.0 375.0 0.19561
196.08 163.21 261.5 351.79 0.19419
940.4 134.93 1075.0 290.33 0.1938
1201.1 192.3 1235.2 307.07 0.19254
0.0 112.1 47.015 276.4 0.19138
109.31 138.99 148.1 247.42 0.19138
1226.5 119.14 1241.0 204.38 0.19136
443.08 130.87 502.03 255.06 0.19127
1186.0 139.98 1241.0 252.22 0.19123
88.257 174.3 191.38 227.76 0.19118
1227.2 237.34 1241.0 336.19 0.19042
363.51 156.27 484.26 231.46 0.19021
617.24 145.35 637.04 218.5 0.18919
0.0 173.38 71.712 255.98 0.18894
737.51 167.91 858.82 308.96 0.18844
831.69 0.0 1241.0 184.72 0.1878
517.8 169.24 565.12 191.89 0.18718
0.0 246.59 131.87 375.0 0.18712
964.91 95.491 1047.3 285.04 0.18692
811.46 193.92 863.14 315.8 0.186
355.3 75.814 479.3 352.93 0.18542
181.21 141.72 242.69 319.07 0.18481
1167.0 216.44 1241.0 299.46 0.18478
0.0 255.43 30.418 332.48 0.18434
0.0 269.21 13.139 341.09 0.18424
0.0 166.45 192.47 362.85 0.18413
945.56 226.26 1143.0 335.4 0.18384
1028.7 89.176 1112.7 275.85 0.18381
64.507 216.2 90.214 290.57 0.18341
156.41 95.07 277.8 375.0 0.18294
1169.3 233.54 1241.0 316.82 0.18258
355.43 193.01 478.74 256.12 0.1823
1227.1 134.56 1241.0 223.38 0.18167
1227.6 71.724 1241.0 156.86 0.18146
776.66 178.2 791.46 228.87 0.1811
1236.6 177.59 1241.0 233.22 0.18076
1206.4 179.09 1241.0 236.46 0.18018
1207.7 207.85 1241.0 265.93 0.18015
0.0 140.25 50.542 253.22 0.1784
59.56 138.06 177.54 272.4 0.17789
0.0 183.01 70.824 375.0 0.17746
0.0 0.0 147.64 375.0 0.17727
402.64 191.88 504.6 247.36 0.17664
1131.2 258.88 1241.0 373.3 0.17617
1060.0 157.02 1194.4 304.37 0.17602
53.732 223.02 150.82 289.85 0.17534
1168.1 165.4 1231.5 328.08 0.17497
541.13 166.55 554.26 206.5 0.17409
1134.0 184.64 1241.0 375.0 0.17397
753.02 169.87 926.39 263.34 0.17395
0.0 247.21 96.519 333.08 0.17384
535.57 169.32 561.58 191.65 0.17356
0.0 189.81 43.22 260.95 0.17352
92.616 177.52 258.26 268.43 0.17286
0.0 270.48 30.215 347.7 0.17247
0.0 322.84 47.331 375.0 0.17202
725.25 179.79 885.19 271.82 0.17143
147.32 137.94 185.91 258.72 0.17101
484.57 172.35 532.51 225.64 0.17079
3.0316 188.01 56.932 264.69 0.17034
1196.0 0.0 1241.0 84.03 0.17009
0.0 130.05 25.524 244.3 0.16963
0.0 193.84 22.186 254.82 0.16955
1057.2 225.24 1238.8 327.36 0.16955
1171.6 0.0 1241.0 51.11 0.16935
90.922 166.59 160.85 250.21 0.16839
0.0 215.31 74.877 268.1 0.16821
0.0 325.97 16.112 375.0 0.16622
1195.8 171.84 1228.1 269.76 0.16563
1002.7 109.85 1137.1 278.12 0.16424
374.75 55.502 501.42 354.32 0.1617
1184.7 204.19 1234.6 268.38 0.16142
0.0 251.26 38.719 343.52 0.16127
0.0 106.84 252.65 375.0 0.16053
1036.0 194.15 1216.6 296.48 0.16043
1171.6 210.37 1241.0 251.77 0.16041
0.0 83.729 31.405 268.07 0.15976
0.0 287.5 29.252 362.24 0.15894
782.13 143.24 837.91 315.84 0.15868
1226.9 101.4 1241.0 188.38 0.15812
599.3 172.38 650.55 206.7 0.15769
102.47 136.26 218.11 264.41 0.15769
1098.5 0.0 1241.0 197.01 0.15755
0.0 63.819 146.68 375.0 0.15581
938.25 0.0 1241.0 247.38 0.15565
733.91 60.903 874.18 375.0 0.15518
75.999 174.57 156.16 262.88 0.15456
504.78 179.52 551.9 211.64 0.15392
515.98 183.09 534.75 235.12 0.15388
1087.3 247.54 1241.0 375.0 0.15207
869.71 270.5 1213.2 375.0 0.15189
1216.4 144.86 1241.0 237.82 0.15185
820.18 154.13 855.42 244.6 0.15122
507.93 187.25 554.17 218.06 0.15106
122.77 160.46 150.24 252.08 0.15056
1080.2 247.0 1127.1 368.56 0.1505
1213.5 0.0 1241.0 22.612 0.15044
162.3 140.7 209.03 308.46 0.14998
1117.2 234.31 1241.0 321.93 0.1496
74.631 204.38 102.88 288.97 0.14837
616.49 174.34 644.5 219.51 0.14808
1153.0 0.0 1241.0 42.399 0.1466
1001.6 148.24 1198.9 249.49 0.14654
447.66 182.42 512.19 232.75 0.14641
156.22 137.22 194.02 254.68 0.1462
470.38 171.29 524.54 224.53 0.14447
1166.5 196.84 1241.0 238.81 0.14386
134.38 167.27 309.69 266.34 0.14334
509.51 164.32 552.78 206.94 0.14287
60.414 152.71 101.93 293.29 0.14243
1145.3 329.04 1241.0 375.0 0.14209
780.87 136.42 901.11 271.3 0.14189
125.73 184.39 156.12 291.78 0.14117
121.53 166.39 181.33 249.74 0.1402
1215.2 172.36 1235.4 246.6 0.13983
0.0 323.5 24.073 375.0 0.13897
1179.4 318.74 1241.0 375.0 0.13866
95.584 181.8 197.38 235.74 0.1386
738.09 139.91 800.29 309.95 0.13852
121.24 159.27 136.32 211.11 0.13817
417.23 171.25 541.9 239.43 0.13815
0.14362 156.19 30.796 266.34 0.13803
1237.1 170.32 1241.0 225.29 0.13792
1164.0 154.85 1241.0 236.21 0.13792
1079.9 202.27 1220.3 375.0 0.13758
1198.0 252.53 1235.7 375.0 0.13733
474.31 160.24 556.43 199.14 0.13728
1212.2 0.0 1241.0 44.953 0.13695
81.576 167.16 190.13 304.36 0.13673
528.44 170.9 564.55 191.08 0.13652
796.86 148.13 834.85 247.95 0.13603
0.0 227.84 123.64 311.95 0.13555
172.92 197.42 237.43 375.0 0.13517
0.0 265.06 85.303 349.88 0.13472
752.71 181.05 765.67 231.27 0.13468
462.01 181.95 534.98 224.12 0.1332
399.58 143.08 550.35 219.94 0.13285
496.38 184.86 551.83 229.65 0.13138
70.276 154.06 106.04 259.28 0.13085
452.34 159.7 547.8 202.08 0.13075
59.864 219.5 86.161 294.18 0.13064
1227.0 55.406 1241.0 143.58 0.13059
912.85 164.04 1113.3 261.95 0.1294
0.0 178.4 115.1 259.25 0.12814
151.33 180.36 258.86 239.8 0.128
67.59 179.55 146.0 277.43 0.12751
1205.0 205.07 1241.0 245.09 0.12704
37.783 187.72 73.81 312.11 0.12702
533.7 168.16 556.56 194.61 0.12688
1200.2 52.111 1241.0 226.74 0.12639
946.05 206.01 1096.0 375.0 0.1263
813.78 158.15 835.64 233.54 0.12618
1203.8 213.14 1241.0 252.82 0.12515
154.55 177.57 250.8 227.08 0.12424
0.0 335.42 71.604 375.0 0.12414
513.38 187.1 541.98 231.57 0.1229
279.64 97.878 526.78 289.81 0.12254
70.535 170.26 142.1 252.07 0.12229
0.0 219.62 44.901 263.86 0.12137
0.0 158.38 72.741 240.65 0.12078
1222.0 180.13 1241.0 252.56 0.12076
1226.3 0.0 1241.0 75.984 0.12049
1205.0 197.55 1241.0 237.94 0.12042
0.0 103.14 105.95 375.0 0.12002
897.67 257.99 1152.4 375.0 0.11932
1224.5 340.69 1241.0 375.0 0.11927
1236.4 200.23 1241.0 255.43 0.11856
764.47 73.972 895.2 375.0 0.11845
977.1 110.39 1107.1 267.1 0.11795
1204.5 220.9 1241.0 260.42 0.11778
0.0 229.41 76.704 285.83 0.11696
1204.1 189.27 1241.0 230.19 0.1169
134.51 156.09 151.34 216.91 0.1163
1017.3 78.439 1097.8 272.42 0.1161
0.0 103.96 183.12 282.76 0.11582
0.0 212.69 42.538 255.8 0.11496
1141.6 186.77 1240.7 297.56 0.11465
1142.4 255.57 1241.0 339.36 0.11357
1172.9 190.81 1241.0 231.85 0.11327
1199.7 0.0 1241.0 18.127 0.11319
1216.1 230.65 1241.0 351.22 0.11318
0.0 66.85 15.188 173.81 0.11278
1063.8 255.54 1241.0 350.8 0.11263
1219.2 162.95 1241.0 222.84 0.1121
1216.4 116.24 1241.0 209.14 0.11209
98.391 171.95 194.98 218.7 0.11208
3.9578 325.07 30.992 375.0 0.11181
519.47 158.01 544.87 223.89 0.11103
776.64 148.2 823.16 309.26 0.11096
439.26 126.42 476.56 237.07 0.1109
0.0 226.03 43.523 273.31 0.10994
1138.7 89.257 1241.0 375.0 0.10991
1205.6 181.62 1241.0 221.65 0.10967
761.24 168.34 790.67 267.79 0.109
124.35 133.75 159.43 228.71 0.10886
1236.5 216.87 1241.0 271.46 0.10872
1072.3 215.41 1240.5 305.18 0.10714
1.679 136.06 31.531 252.78 0.10703
132.23 169.62 166.4 292.36 0.10672
496.52 169.25 547.12 194.39 0.10671
287.65 91.973 578.86 251.8 0.10645
45.388 236.87 138.58 293.68 0.10599
0.0 267.38 45.517 359.28 0.10484
1155.6 137.96 1241.0 219.89 0.10441
781.3 178.2 877.52 239.52 0.10363
1222.0 271.22 1241.0 335.1 0.10331
0.0 234.41 48.135 282.83 0.10264
1118.4 276.55 1241.0 361.87 0.10262
1017.5 216.46 1067.6 357.43 0.10261
599.77 167.05 620.19 233.48 0.10254
592.84 158.5 637.49 220.75 0.10253
5.8545 192.44 67.41 274.26 0.10234
0.0 12.985 378.62 372.91 0.10049
750.74 112.79 818.66 285.57 0.09987
115.5 190.95 147.16 294.04 0.099549
1075.9 179.08 1205.1 320.78 0.099535
25.509 187.17 87.497 375.0 0.099303
1195.9 173.51 1241.0 232.65 0.099275
0.0 107.18 50.246 220.91 0.099094
509.26 194.67 553.52 225.53 0.09902
0.0 186.42 24.474 245.99 0.098899
11.522 192.32 34.048 270.11 0.098839
1218.4 130.11 1241.0 188.08 0.098824
952.5 113.25 1082.6 250.78 0.098797
198.84 144.13 241.69 273.76 0.098534
90.801 180.69 160.85 278.21 0.098416
81.517 174.13 104.48 250.99 0.098393
1219.9 92.577 1241.0 147.66 0.097689
1180.0 108.48 1241.0 224.79 0.09764
120.15 164.59 145.15 254.74 0.097581
0.0 253.36 52.104 304.6 0.097238
0.0 251.51 12.587 320.95 0.096624
462.62 128.46 512.56 252.5 0.09653
498.62 169.75 529.77 201.84 0.0965
734.61 174.96 747.04 220.52 0.0964
1116.3 222.23 1241.0 302.8 0.095261
127.94 155.02 298.54 250.57 0.095144
0.0 180.1 17.947 237.11 0.095129
3.1327 250.23 31.633 346.52 0.095109
505.12 169.02 537.3 197.98 0.094682
495.96 172.7 528.7 210.83 0.09457
60.941 207.75 161.12 285.3 0.094476
1163.1 297.08 1241.0 375.0 0.094424
593.08 176.87 643.73 211.35 0.094369
822.55 154.25 840.99 218.04 0.094215
505.5 161.13 519.48 207.87 0.094154
1180.3 76.438 1241.0 191.93 0.094072
0.0 253.43 19.41 353.05 0.093908
1184.3 113.49 1241.0 297.58 0.093874
0.0 206.28 40.841 247.34 0.093706
1218.8 168.41 1238.9 239.12 0.093052
0.0 36.427 28.271 223.63 0.092841
78.15 170.2 97.771 232.01 0.092453
995.72 272.78 1160.2 367.77 0.091858
1087.8 252.79 1133.8 374.25 0.091845
506.64 160.58 531.61 246.91 0.091824
1203.5 155.41 1235.0 255.56 0.091811
7.9022 198.9 31.228 277.42 0.091715
759.88 159.2 936.28 243.97 0.09104
0.0 143.36 72.46 224.1 0.09067
509.29 185.33 535.64 226.96 0.090249
0.0 95.19 132.73 311.91 0.090099
809.36 157.04 830.38 231.22 0.089731
510.98 183.23 555.62 209.79 0.089358
389.33 201.07 502.77 253.63 0.089294
1025.0 247.71 1072.2 368.55 0.088826
1083.4 151.81 1241.0 375.0 0.088791
1211.7 177.93 1232.4 261.0 0.088402
1124.8 163.63 1200.1 339.8 0.088164
516.23 156.61 531.34 205.11 0.087707
1010.1 0.0 1241.0 120.2 0.087151
899.44 158.72 985.69 195.15 0.087002
0.0 232.65 26.876 332.17 0.086399
0.0 0.0 79.453 185.77 0.086153
108.04 154.62 167.05 220.06 0.086132
816.56 156.1 840.24 237.67 0.08601
137.35 152.79 157.72 232.71 0.085329
7.0661 236.21 45.71 367.87 0.085198
37.17 138.51 156.75 274.16 0.085187
452.78 153.4 492.49 243.42 0.085023
481.01 157.07 538.47 207.85 0.084865
1225.5 283.16 1241.0 375.0 0.084585
126.04 165.04 152.99 262.76 0.084326
827.59 156.49 842.76 203.98 0.084079
82.499 153.61 255.57 239.87 0.083748
69.984 224.18 148.36 305.85 0.083346
1204.1 0.0 1240.3 50.486 0.083325
0.0 17.589 206.68 375.0 0.08324
83.17 182.49 373.38 334.76 0.083049
0.0 91.062 14.88 195.46 0.082986
1036.5 0.0 1193.6 210.34 0.082655
1218.4 79.613 1241.0 168.2 0.082319
813.53 156.54 827.2 195.74 0.082277
1218.9 113.71 1241.0 171.32 0.08092
1153.1 121.6 1241.0 204.21 0.080637
0.0 205.61 74.74 252.29 0.080067
0.0 0.0 379.05 169.03 0.079744
0.0 203.03 168.6 375.0 0.079451
0.0 198.97 38.98 239.95 0.079377
1148.4 167.21 1218.0 335.0 0.079323
783.65 173.64 799.83 232.34 0.078992
29.471 186.6 64.389 312.05 0.078767
320.22 42.929 452.08 371.5 0.078575
1208.9 142.37 1240.4 247.35 0.078476
925.66 126.83 1054.9 265.63 0.078446
1204.8 174.32 1241.0 213.62 0.078341
458.39 145.0 477.32 217.43 0.078303
103.99 215.99 136.25 286.44 0.078066
0.0 147.63 88.31 256.74 0.07787
1205.8 228.62 1241.0 268.57 0.077756
677.52 128.35 987.8 281.96 0.077627
808.31 157.06 824.56 206.31 0.077433
84.9 168.9 108.32 253.4 0.077412
1002.6 81.38 1079.8 269.44 0.077357
0.0 127.01 71.335 208.33 0.077219
1155.1 90.534 1241.0 174.31 0.077172
521.36 178.09 545.22 214.15 0.077135
446.69 162.72 562.28 229.66 0.077111
75.688 169.1 93.651 229.41 0.07688
978.54 134.52 1181.5 241.05 0.076773
75.375 227.21 102.23 294.76 0.076645
1195.0 187.19 1228.1 291.86 0.076594
0.0 0.0 188.8 89.789 0.076493
503.04 175.82 529.38 219.28 0.076394
0.0 41.808 15.082 151.94 0.076373
350.44 168.68 473.2 237.01 0.076178
1217.5 145.83 1241.0 205.37 0.076141
519.16 176.17 560.57 197.57 0.076052
364.23 157.0 381.61 212.81 0.075831
0.0 210.83 102.67 375.0 0.075488
1155.0 106.54 1241.0 190.1 0.075383
598.9 161.99 613.43 216.09 0.07537
1215.4 0.0 1241.0 75.076 0.075286
600.1 182.03 648.07 217.69 0.075268
304.72 142.99 485.59 224.25 0.075209
0.0 0.0 36.8 101.69 0.075175
916.0 140.85 1094.6 225.29 0.075153
778.83 170.68 794.22 223.44 0.075056
503.01 179.48 544.42 231.62 0.074861
600.16 149.21 617.76 212.3 0.074767
336.96 25.564 480.53 324.76 0.074753
754.06 221.15 898.98 304.48 0.074654
462.09 143.23 480.74 217.73 0.073878
0.0 283.35 86.539 365.14 0.073739
1082.8 250.65 1218.0 375.0 0.073536
4.1619 206.11 25.647 282.3 0.073447
14.429 201.12 36.669 277.36 0.072772
397.35 130.74 463.93 306.41 0.072753
938.58 103.31 1013.7 295.63 0.072622
609.79 180.85 644.27 230.9 0.072397
7.4243 258.32 35.958 349.47 0.072088
379.04 181.58 530.53 255.14 0.07179
77.71 174.89 99.442 248.95 0.071684
752.89 184.89 767.83 241.86 0.071676
1053.9 137.24 1241.0 315.99 0.071501
899.63 152.06 1080.4 242.65 0.071265
1154.1 74.942 1241.0 158.33 0.071025
0.0 273.37 154.57 375.0 0.070267
599.21 180.81 636.83 230.72 0.070169
0.0 210.52 9.8052 267.96 0.069525
526.69 184.71 544.63 238.51 0.06878
787.4 157.63 915.41 307.35 0.067486
500.55 159.33 518.02 216.74 0.067236
0.0 74.98 46.512 188.33 0.066702
1020.9 280.78 1191.3 375.0 0.065735
536.71 171.29 557.31 193.18 0.065545
1184.8 0.0 1241.0 68.235 0.065142
1235.8 0.0 1241.0 20.149 0.065088
382.1 130.35 446.21 312.97 0.064936
0.0 315.71 65.874 375.0 0.064606
9.9246 227.07 37.243 325.87 0.064555
0.0 110.84 70.638 191.34 0.063787
1025.5 220.08 1093.4 375.0 0.063167
1053.6 271.63 1236.9 361.32 0.062404
1175.0 0.0 1241.0 92.382 0.062191
1074.8 92.545 1156.1 288.2 0.062167
1126.4 206.86 1241.0 281.24 0.061773
814.71 158.21 842.43 190.36 0.061482
0.0 75.334 45.639 250.02 0.061466
1226.5 186.52 1241.0 254.64 0.061271
1151.1 289.11 1223.0 375.0 0.060873
946.8 164.68 1093.6 321.64 0.060266
806.43 155.4 825.88 220.2 0.060136
605.51 174.41 655.62 203.89 0.059787
0.0 4.3913 26.711 194.89 0.059439
1180.2 47.13 1241.0 159.32 0.059016
532.11 161.78 545.33 203.61 0.058976
63.014 192.99 211.41 283.02 0.058967
81.566 6.1172 231.38 358.98 0.058938
487.93 176.92 540.49 205.96 0.058769
25.38 154.57 193.05 246.05 0.058465
1120.0 335.8 1241.0 375.0 0.058363
816.45 151.75 830.97 192.82 0.058358
1158.7 59.301 1241.0 142.95 0.057589
5.6293 88.386 338.97 255.2 0.057203
518.6 180.97 558.37 202.77 0.056854
943.81 84.37 1241.0 249.9 0.056248
1231.7 188.51 1241.0 248.53 0.055946
1091.7 97.705 1173.1 296.97 0.055855
818.44 147.94 885.71 333.54 0.055095
1145.5 176.34 1241.0 255.54 0.054965
773.59 178.81 787.74 226.58 0.054935
508.51 158.75 522.29 204.26 0.054284
132.09 153.6 156.24 251.03 0.05426
367.24 156.22 384.47 212.12 0.054181
0.0 94.22 71.238 174.86 0.053705
590.13 127.51 638.86 262.19 0.053399
625.65 152.53 642.05 211.52 0.053306
827.52 79.825 1165.7 255.75 0.053204
1204.0 0.0 1241.0 134.15 0.052952
119.88 164.57 151.34 203.54 0.052775
1046.0 169.81 1225.7 255.48 0.052382
511.42 157.42 526.04 204.51 0.052368
0.0 0.0 144.67 122.59 0.052245
977.98 168.12 1050.2 375.0 0.051889
1231.9 175.25 1241.0 237.32 0.051833
606.16 140.59 625.92 216.46 0.051259
120.62 28.423 259.95 353.4 0.051156
0.0 0.0 76.46 41.856 0.050971
8.2308 0.0 85.76 105.73 0.050925
0.0 0.0 296.0 234.11 0.050843
1201.3 2.7866 1241.0 186.62 0.050465
1134.7 291.45 1205.4 375.0 0.049319
44.527 279.99 367.15 375.0 0.049318
1080.0 280.32 1158.2 375.0 0.049187
0.0 0.0 154.82 44.801 0.048985
66.473 240.07 106.19 290.54 0.048882
0.0 0.0 61.991 53.677 0.048824
0.0 66.655 191.39 247.4 0.048368
0.0 0.0 327.7 89.84 0.048271
603.51 169.66 657.07 198.79 0.047571
1143.1 0.0 1241.0 54.626 0.047481
89.691 165.47 112.06 257.11 0.047267
0.0 290.47 12.873 360.35 0.046878
857.71 0.0 1241.0 330.75 0.046801
125.28 155.14 138.94 199.34 0.046642
545.18 168.16 555.66 200.55 0.04664
759.26 184.46 942.81 274.55 0.046524
56.65 225.18 82.217 297.99 0.046434
0.0 0.0 68.256 345.83 0.046334
80.715 204.77 111.02 286.15 0.046105
323.6 131.66 457.4 242.83 0.046086
38.363 44.189 307.38 375.0 0.045995
794.69 181.88 856.12 357.42 0.045473
594.78 167.92 648.99 200.74 0.04486
604.33 186.6 640.31 235.47 0.044166
697.3 144.93 1012.7 307.02 0.044011
1099.0 281.88 1174.4 375.0 0.043964
454.62 144.46 473.84 217.63 0.043299
0.0 43.925 47.97 155.76 0.043286
1066.2 331.65 1241.0 375.0 0.043213
755.97 175.56 767.0 218.6 0.043056
6.1831 206.46 30.989 298.66 0.043036
603.3 114.19 967.43 288.18 0.042904
81.316 168.93 102.1 232.84 0.04244
1236.8 226.21 1241.0 283.67 0.042386
49.188 0.0 202.86 193.92 0.042327
0.0 164.53 540.31 375.0 0.042268
466.66 142.39 484.54 217.35 0.042266
498.64 166.58 517.65 227.69 0.042208
691.64 34.689 846.41 375.0 0.042077
48.648 13.66 199.58 355.49 0.041579
820.97 154.3 843.07 235.27 0.041481
501.95 183.51 546.37 214.18 0.041334
320.01 112.71 631.43 266.63 0.041241
1029.3 105.4 1241.0 286.89 0.041237
1236.8 76.451 1241.0 124.54 0.041164
0.0 199.34 8.6945 257.72 0.040987
506.46 191.42 550.12 221.71 0.04083
627.12 162.09 645.17 221.54 0.040792
188.31 163.17 204.0 210.16 0.039932
774.75 191.18 810.53 235.29 0.039501
116.86 228.42 250.39 375.0 0.038839
135.43 153.4 150.06 204.06 0.03809
1226.7 167.27 1241.0 235.74 0.038061
83.488 0.0 233.04 197.37 0.037949
68.32 232.14 93.695 301.0 0.037895
0.0 71.568 525.87 369.37 0.037892
144.84 231.56 279.45 375.0 0.037753
823.71 151.08 837.7 191.85 0.037226
138.86 154.94 155.65 217.86 0.036956
1034.7 0.0 1241.0 159.58 0.036733
296.12 139.32 604.24 292.31 0.036462
766.38 176.24 784.95 253.3 0.036221
3.1671 221.56 31.028 324.46 0.03601
