708.95 151.15 779.08 193.11
705.17 182.39 768.3 230.36
700.26 180.46 739.82 215.75
526.97 153.47 566.09 193.31
538.72 181.25 567.36 203.84
531.87 187.33 537.17 196.76
728.61 161.05 776.54 188.4
771.48 182.47 947.57 290.71
440.4 186.89 506.89 231.39
730.08 181.35 828.58 248.63
570.38 191.3 575.8 195.14
695.51 182.82 706.2 201.37
691.13 179.91 715.06 202.5
692.68 183.36 698.39 210.69
498.67 186.71 529.97 220.75
343.65 182.63 471.15 255.29
869.05 172.01 1242.0 375.0
775.33 143.21 846.82 199.39
749.5 175.96 775.05 188.76
738.32 161.42 747.58 167.19
380.57 147.63 452.15 193.27
868.24 145.42 883.76 203.13
853.35 147.38 860.91 197.93
881.94 145.63 892.82 202.08
913.44 191.6 930.41 195.85
841.33 148.14 846.97 198.34
220.78 154.72 336.16 208.78
220.07 133.33 337.27 170.6
1163.82 130.3 1239.21 236.37
1037.0 126.5 1242.0 265.66
1020.6 161.49 1215.6 268.52
890.87 160.22 1237.0 375.0
835.88 154.52 1242.0 375.0
780.79 183.88 963.95 295.63
803.83 196.59 975.89 290.07
761.98 187.97 914.91 272.86
795.33 187.9 951.75 263.29
776.84 203.2 932.29 301.34
779.6 197.21 912.0 287.64
802.2 196.1 946.24 287.78
806.92 217.82 937.16 309.07
747.38 178.92 842.0 233.98
749.69 169.67 827.52 228.37
754.64 174.63 842.74 215.74
769.84 176.34 839.75 224.44
778.18 177.71 854.5 213.27
338.7 183.73 473.15 261.67
361.01 179.59 496.4 249.55
346.07 186.33 463.37 260.63
375.88 186.33 485.27 245.2
369.02 160.99 436.19 273.54
361.02 193.27 473.41 257.25
340.08 171.04 499.46 243.32
376.06 171.21 442.83 283.04
327.26 173.44 445.33 262.33
331.87 186.36 442.49 247.82
358.05 177.63 461.13 246.64
313.66 170.06 468.65 242.39
330.91 204.17 477.6 272.5
367.59 185.98 488.39 262.46
348.32 207.05 458.77 264.19
375.88 149.35 455.75 266.35
367.7 183.05 461.21 227.16
376.27 203.86 469.51 260.72
337.04 198.84 448.27 267.77
319.08 149.8 491.75 221.32
331.78 146.88 469.59 233.29
360.28 209.56 498.1 280.16
241.89 156.87 351.72 193.05
721.55 178.48 810.23 244.31
730.42 178.97 832.01 251.09
720.22 175.83 837.23 248.22
749.24 184.5 853.7 243.76
708.12 171.13 812.7 241.09
753.41 170.67 801.97 263.22
746.08 165.81 794.86 257.18
760.99 171.11 813.79 265.4
755.56 170.03 814.81 273.89
718.4 173.72 807.35 220.26
746.74 158.69 817.6 261.19
759.37 160.93 808.34 252.84
748.86 163.03 802.23 265.96
737.76 155.3 805.9 257.58
738.52 167.9 813.39 231.78
727.84 190.98 793.35 225.42
755.11 161.42 797.99 242.68
736.95 172.03 827.42 217.68
727.92 193.6 822.63 255.0
761.9 149.65 825.13 259.74
758.44 189.7 858.61 278.92
739.71 189.43 835.16 260.05
736.46 186.8 835.06 277.37
758.55 156.98 793.68 227.14
712.77 152.47 843.52 242.47
728.57 195.89 857.2 274.4
742.96 168.56 807.77 214.74
695.78 151.87 862.93 227.78
701.8 178.47 772.36 228.65
693.1 176.82 752.96 222.16
691.41 175.16 743.16 216.86
707.16 182.35 761.59 224.54
702.76 179.97 752.33 219.92
711.77 180.14 771.74 227.32
711.28 176.7 785.3 222.18
693.56 181.3 743.12 219.07
719.66 175.28 744.49 228.01
710.24 176.6 755.97 214.2
715.44 180.48 766.39 217.24
723.45 170.06 747.18 227.49
720.01 169.99 756.08 227.04
714.24 171.27 745.56 223.79
720.21 181.97 781.47 215.73
705.42 174.63 764.33 222.14
731.29 166.89 754.12 226.05
743.94 168.38 760.84 212.81
725.47 169.07 745.11 216.94
696.59 175.88 759.31 211.32
730.08 168.37 748.59 215.78
734.45 180.06 779.6 216.59
739.89 168.43 756.61 212.11
723.75 177.33 766.02 213.2
735.37 168.11 752.56 213.29
724.52 161.86 763.71 225.97
738.84 176.78 775.17 212.55
736.04 182.35 789.17 227.33
735.12 161.58 770.3 223.97
715.39 176.38 748.5 207.84
742.49 175.69 769.98 204.61
743.59 158.34 776.94 225.66
707.96 176.95 752.93 205.59
743.22 172.37 767.92 199.12
727.8 167.08 743.14 206.87
732.29 166.91 747.88 207.07
711.31 174.74 781.47 210.96
729.14 170.98 789.14 217.39
724.26 177.58 757.3 206.78
733.54 176.93 765.08 205.8
721.12 172.25 797.44 208.6
732.76 182.14 791.96 213.33
735.14 176.5 777.83 201.69
743.33 179.19 785.71 215.39
728.08 177.68 772.06 202.21
742.34 165.47 756.55 202.65
736.07 172.96 775.61 194.43
717.83 145.29 754.73 224.79
742.5 170.9 765.75 194.38
709.24 148.72 745.27 224.38
709.66 179.83 792.41 234.02
688.42 178.09 739.53 214.22
685.48 176.56 736.24 212.12
703.15 185.1 751.88 229.3
723.61 173.03 791.73 230.56
727.02 175.83 760.3 240.93
719.3 176.55 752.37 237.79
724.73 184.25 781.11 229.72
674.36 168.56 802.56 235.4
713.12 178.17 746.2 237.37
733.9 173.2 767.97 244.06
740.77 177.63 783.03 256.36
693.93 176.63 737.86 206.14
726.83 170.8 751.52 229.75
709.02 191.6 757.28 232.21
707.73 175.21 736.6 227.61
715.05 178.11 741.33 230.41
711.98 173.3 737.08 224.08
715.98 191.5 768.68 231.67
738.29 170.78 763.68 231.06
739.64 165.89 776.34 240.49
720.94 178.44 749.34 233.74
720.4 179.63 776.18 234.23
729.7 175.65 757.52 234.78
734.13 169.83 759.42 230.22
720.43 169.47 741.96 216.93
717.24 171.84 738.72 221.03
707.54 177.12 734.76 229.07
706.34 176.45 740.46 206.9
733.06 190.84 787.31 233.18
718.61 183.83 745.43 237.64
697.44 187.25 743.79 226.03
701.19 167.79 735.14 214.85
710.84 185.0 739.43 235.83
715.14 169.72 732.54 212.45
698.06 174.8 734.89 197.68
719.04 169.07 735.91 212.71
735.5 159.34 780.48 256.51
705.85 186.61 777.09 235.46
723.61 166.65 738.95 207.81
706.23 195.39 747.65 232.06
734.84 178.32 761.96 238.14
692.88 188.21 734.79 224.47
726.89 191.87 774.81 235.01
705.09 174.28 741.77 197.01
709.62 175.07 737.74 200.74
715.5 170.43 745.67 252.91
708.59 202.72 742.22 230.36
701.95 151.0 736.44 220.47
702.88 146.91 755.96 259.72
703.92 184.25 755.77 229.61
684.53 167.28 769.55 243.55
682.36 166.04 739.17 209.04
699.67 177.82 789.57 257.68
1177.3 164.41 1242.0 248.02
1175.5 149.0 1242.0 231.98
1177.0 133.85 1242.0 218.37
1190.9 139.7 1242.0 244.89
1179.3 115.86 1242.0 206.41
449.99 181.14 520.63 228.05
434.6 180.35 512.82 232.33
464.52 180.87 525.73 222.57
414.87 182.69 510.9 239.32
469.55 185.78 527.0 221.31
404.52 188.19 497.24 246.02
473.34 182.9 526.49 214.52
447.99 172.25 490.85 248.25
426.38 178.24 506.79 221.27
457.07 176.88 494.03 244.05
442.34 176.51 485.02 252.88
474.32 179.21 530.86 216.65
407.41 180.62 493.79 224.66
460.03 184.22 518.47 221.75
470.14 177.69 500.86 240.58
459.01 182.51 515.4 213.43
473.59 175.57 504.21 231.54
414.8 167.59 521.86 235.99
429.92 172.89 471.72 257.38
466.21 186.97 520.21 229.47
468.26 180.77 518.78 209.28
429.47 191.64 507.38 237.11
450.82 167.51 495.21 232.92
439.99 168.53 481.38 242.53
461.86 170.25 499.21 228.65
475.99 189.33 525.16 226.61
454.61 174.54 520.35 209.58
447.35 184.9 508.54 223.63
475.79 180.96 508.95 237.54
422.0 160.54 477.38 266.21
434.03 169.39 471.68 239.73
446.52 175.1 512.49 216.85
443.86 192.84 505.33 229.31
434.39 194.94 496.14 231.17
473.2 176.87 502.19 231.93
471.38 179.99 514.46 201.51
447.76 157.88 501.63 258.34
457.89 181.05 508.16 208.12
448.02 182.95 504.03 212.41
467.85 174.17 531.0 209.62
445.24 197.88 497.09 235.95
451.28 187.9 514.18 229.28
437.83 172.99 509.94 208.64
471.16 163.47 506.67 223.46
429.7 171.97 497.45 217.46
444.73 156.92 485.21 228.44
436.44 174.85 534.18 245.49
464.19 153.33 517.65 260.84
406.15 183.45 504.18 260.04
423.76 186.3 525.13 263.41
749.06 165.8 763.64 206.93
752.33 167.87 767.9 210.39
750.31 170.58 767.77 219.72
746.92 169.86 764.24 219.33
755.66 166.11 771.04 210.49
752.61 164.8 766.98 201.56
753.95 168.59 770.34 218.39
759.96 165.05 773.92 209.22
746.39 165.05 761.21 201.67
749.25 163.29 764.64 197.7
755.27 160.26 771.34 199.82
746.65 170.05 770.57 194.7
748.15 172.27 775.95 198.72
752.2 155.85 767.77 196.47
748.26 175.37 779.11 205.31
533.72 179.25 572.14 204.77
540.22 177.81 579.83 201.35
532.38 180.66 563.51 202.91
550.07 177.58 581.83 200.23
546.16 175.85 580.26 197.01
542.45 175.9 574.51 199.43
535.96 177.68 565.75 199.46
528.54 181.11 554.2 202.76
532.39 179.17 556.54 199.1
523.11 176.31 581.62 207.0
540.29 175.74 556.76 207.95
557.65 177.81 582.07 198.69
560.54 171.27 574.85 198.92
527.27 178.94 552.07 199.16
543.0 174.68 559.26 208.62
547.43 172.05 563.93 206.66
549.17 175.11 580.18 191.38
528.4 184.78 562.39 205.66
554.75 176.06 580.14 194.95
525.71 181.18 549.06 201.14
551.82 171.95 567.16 205.49
557.48 169.42 571.89 198.28
537.61 173.2 554.19 202.99
562.93 171.81 578.01 199.6
553.58 169.31 568.41 198.83
500.56 188.17 532.05 217.85
545.51 177.01 562.7 209.29
529.53 177.41 557.48 194.92
556.98 172.21 570.93 204.87
539.88 172.4 558.21 201.92
549.11 169.58 565.7 199.6
537.68 177.85 554.04 209.49
526.24 179.31 546.35 198.03
544.52 169.9 562.32 200.49
500.59 183.66 531.88 210.46
559.52 174.67 574.14 205.22
517.54 182.73 546.99 206.64
511.15 173.95 568.87 208.02
539.77 175.3 573.25 191.22
550.04 177.2 566.24 209.62
561.82 174.61 577.22 204.44
535.14 171.61 546.4 199.64
540.17 176.32 568.51 194.9
523.48 176.66 550.14 195.66
509.52 184.11 539.83 206.89
503.59 185.22 534.95 207.46
496.58 176.21 553.28 209.07
501.83 182.95 531.45 203.89
535.67 175.22 547.64 205.64
521.58 181.63 544.23 203.2
522.41 184.94 554.69 207.38
526.83 169.23 539.05 202.45
530.89 172.13 541.0 202.31
532.77 170.33 588.15 204.34
535.99 176.73 562.62 195.12
514.65 182.85 542.38 203.31
539.15 163.01 568.54 216.99
554.6 177.24 570.31 208.78
507.5 183.12 535.43 203.05
545.16 164.95 572.29 215.55
533.12 163.82 562.47 217.11
499.15 171.62 562.41 203.69
396.39 179.77 471.82 225.96
482.04 186.46 530.25 218.45
490.34 188.09 534.32 216.77
483.03 181.87 531.56 211.5
480.39 176.74 512.58 233.08
489.04 181.44 529.59 206.37
480.6 183.5 534.03 221.23
489.12 174.54 516.71 225.28
482.06 177.84 509.1 229.43
485.17 191.89 525.83 222.67
496.85 176.38 523.99 225.71
483.32 174.09 519.72 224.51
494.66 192.29 531.0 221.96
502.76 181.83 526.77 226.14
494.34 173.75 519.64 221.59
476.65 180.17 506.86 235.87
507.64 183.6 529.33 222.12
482.27 177.98 539.06 212.46
499.96 185.54 521.7 228.21
492.07 178.54 521.78 229.51
496.48 182.68 524.63 203.32
493.94 181.84 519.13 229.92
489.56 182.17 526.62 201.07
505.03 176.63 525.46 217.98
501.57 176.04 521.79 215.02
480.4 181.13 523.07 202.2
509.75 178.73 528.96 216.05
484.16 182.41 512.87 235.46
488.71 180.71 547.33 215.5
485.8 174.06 507.66 221.23
493.72 172.25 524.99 224.58
478.55 173.1 505.13 223.67
489.64 184.29 515.69 231.31
498.91 181.5 527.15 199.93
476.43 162.96 515.58 226.74
481.69 174.17 516.73 244.59
502.73 174.4 528.13 229.37
567.63 171.54 579.83 198.31
563.15 176.92 585.58 197.05
877.18 173.92 892.26 223.55
880.65 173.64 896.78 223.95
860.87 174.36 877.02 224.13
764.89 163.52 778.54 208.19
769.59 164.3 783.36 207.46
785.45 167.75 800.8 210.39
773.99 164.15 787.61 206.95
843.82 183.07 896.27 202.96
685.52 175.98 729.85 209.97
679.53 177.61 719.15 204.41
681.3 178.16 709.15 203.42
695.84 172.35 720.4 218.46
693.07 170.19 715.99 215.32
687.14 181.69 727.34 215.87
684.22 175.68 720.39 199.87
691.0 171.82 710.86 212.97
704.01 172.22 726.79 220.26
701.58 174.39 728.76 223.1
681.97 181.78 721.7 208.31
699.76 171.73 723.65 222.3
690.82 175.13 728.61 199.26
708.17 171.83 731.39 221.46
697.61 170.38 717.77 211.83
687.91 171.59 704.78 210.11
701.84 170.22 720.85 210.7
682.69 177.46 711.09 196.01
694.63 171.29 722.05 221.16
705.4 170.08 723.92 210.57
692.08 171.36 709.04 204.65
694.92 170.02 713.11 204.87
709.52 169.79 728.0 211.33
674.61 174.32 730.53 207.8
696.27 168.25 727.72 213.95
680.71 183.17 708.0 207.69
699.05 170.72 716.11 203.87
690.57 166.63 722.19 213.38
702.16 175.6 731.51 201.12
693.72 178.82 717.51 221.31
683.26 183.95 714.49 210.82
688.17 175.54 715.69 195.49
692.4 177.69 712.67 216.1
685.8 174.79 721.56 193.66
716.72 168.11 731.87 205.05
687.64 165.15 716.22 216.57
699.97 180.85 724.56 229.35
670.77 171.02 721.6 209.61
700.55 173.81 731.36 240.67
694.62 153.77 730.61 216.8
686.58 151.75 723.17 215.13
667.36 160.46 759.6 233.14
685.28 174.82 701.42 208.03
677.23 179.29 701.37 201.57
681.08 178.54 702.89 198.7
684.17 174.92 698.38 203.67
671.1 178.76 693.28 198.99
676.93 176.42 702.08 194.87
670.41 175.43 689.78 193.89
853.27 162.27 1162.8 371.58
837.73 177.05 1077.0 337.7
741.58 183.57 868.0 258.76
920.48 135.66 1211.5 344.74
788.75 180.5 1014.6 328.83
868.19 187.36 1121.3 353.95
878.85 139.0 1157.6 340.07
749.99 106.87 1242.0 375.0
766.75 182.8 883.31 278.97
388.28 175.86 517.51 241.87
1006.6 170.3 1242.0 350.85
820.55 203.63 997.41 299.0
757.75 176.1 985.11 316.63
912.25 103.17 1242.0 375.0
957.01 200.33 1240.2 375.0
856.0 195.5 1035.0 285.72
747.84 181.67 910.85 256.79
769.21 188.6 857.26 237.55
843.39 200.27 1044.9 304.76
895.78 191.02 1130.4 357.16
815.79 169.54 894.42 317.09
876.94 204.92 1107.1 339.69
847.84 189.08 996.44 315.41
838.7 168.47 916.57 306.47
983.81 74.184 1139.0 345.55
877.13 192.61 1096.7 294.55
387.69 180.82 485.72 236.07
