487.28 172.78 564.11 229.19
664.81 176.83 690.73 215.77
683.3 157.5 768.5 234.03
559.44 183.57 581.08 193.39
566.87 151.04 588.66 199.42
753.84 143.55 1102.74 375.0
660.64 179.08 678.47 205.94
492.78 180.03 515.39 184.55
484.88 146.15 598.53 203.22
535.21 160.65 552.75 184.24
699.27 150.62 705.36 164.95
462.0 145.65 500.06 208.63
519.82 166.78 537.33 170.77
707.59 149.59 714.51 164.56
715.46 149.92 716.52 163.53
768.2 154.17 1121.7 361.4
664.77 169.66 749.97 225.87
673.13 165.2 761.25 230.2
682.03 161.97 774.72 236.08
663.94 163.75 775.1 233.96
690.53 166.59 791.76 229.2
707.24 154.64 758.42 243.78
697.69 157.14 745.41 244.45
691.94 159.33 735.02 240.23
701.63 161.0 773.15 226.48
669.05 178.87 757.4 233.82
678.12 168.19 783.97 243.61
693.07 149.51 753.36 251.33
710.72 165.81 785.5 233.1
703.23 153.05 761.14 255.63
678.99 172.2 735.95 214.64
708.64 171.25 794.98 222.29
684.66 143.04 739.31 250.69
699.7 140.76 767.33 245.38
719.07 147.91 755.78 225.64
692.15 170.23 746.2 214.87
686.36 174.31 786.98 241.14
707.0 148.35 749.95 227.72
675.08 130.86 744.55 244.39
713.77 156.18 733.57 219.52
686.7 179.35 743.1 211.81
712.9 178.15 802.51 232.9
689.5 157.07 760.37 213.5
651.49 160.28 750.2 232.68
717.63 154.63 737.66 216.38
668.6 159.5 739.73 216.88
668.65 162.72 748.6 205.19
690.72 167.72 733.77 210.2
698.96 168.0 741.95 209.12
689.26 160.29 771.72 202.68
695.94 176.69 748.84 210.82
715.74 155.69 773.76 263.97
709.89 155.58 768.93 211.06
691.5 173.58 743.24 205.66
674.95 189.53 773.03 236.36
716.17 152.69 732.7 200.64
684.01 178.18 741.63 221.89
713.27 165.15 796.89 211.84
698.74 164.11 738.02 198.75
705.04 164.63 749.7 252.01
706.48 158.48 780.52 200.52
680.21 183.21 783.48 263.61
716.5 131.93 778.09 250.17
662.53 192.14 803.43 261.64
654.74 132.45 779.24 226.01
698.37 183.65 802.64 268.21
485.8 174.45 560.4 231.5
477.51 173.87 547.29 218.95
502.26 167.71 547.94 238.64
472.43 168.65 569.28 236.73
493.95 163.97 540.82 238.23
508.72 167.19 555.79 234.37
492.61 173.64 555.76 220.14
505.83 172.26 562.82 218.08
489.91 166.54 528.13 232.41
494.5 151.54 554.81 249.3
523.02 169.28 556.08 235.61
478.48 190.3 564.54 234.54
486.21 180.48 539.88 212.3
478.5 176.41 542.21 231.17
482.26 172.92 548.57 208.55
481.03 179.36 534.36 207.8
515.05 174.34 555.74 211.31
517.85 175.65 563.51 224.53
505.44 178.9 558.19 208.51
482.58 178.05 530.61 201.62
498.23 180.45 554.25 214.58
481.14 184.48 538.59 218.77
520.9 176.64 563.72 199.62
496.07 175.48 538.77 211.12
452.6 175.96 586.93 245.06
520.8 172.66 553.94 203.25
487.68 187.3 549.46 222.15
504.23 178.65 561.41 224.63
478.48 183.19 529.3 211.14
521.65 172.77 566.33 216.33
522.93 166.36 541.61 214.57
506.04 180.23 562.96 230.74
492.76 184.34 560.71 236.06
510.19 176.55 558.27 200.08
513.36 178.26 564.81 206.05
518.8 166.64 537.53 214.61
504.12 174.99 549.65 211.35
520.27 168.02 550.48 225.0
489.2 177.1 540.53 201.0
486.71 173.82 530.77 245.72
474.35 169.12 538.72 213.84
520.0 173.17 557.17 249.38
487.3 194.11 550.58 227.05
515.11 166.3 533.44 214.42
482.06 191.38 540.75 224.24
488.1 175.54 528.44 209.56
510.92 171.34 554.58 253.31
521.73 170.26 552.68 196.33
499.83 177.61 549.76 200.71
511.33 166.01 529.24 214.24
492.5 182.63 546.31 217.17
512.75 173.96 547.1 203.87
487.2 174.23 531.25 196.06
504.94 173.01 552.4 194.23
511.32 170.17 570.56 204.18
500.69 174.48 536.82 203.01
477.9 187.73 528.87 217.35
493.51 185.08 552.45 231.97
464.34 169.38 535.15 206.28
496.29 173.2 543.33 194.61
514.84 164.12 540.38 218.93
457.1 156.98 595.32 224.91
481.11 151.77 532.33 260.49
521.52 164.19 536.87 209.01
503.88 185.43 557.57 219.1
504.14 165.61 529.54 218.3
452.68 169.98 558.46 252.68
467.15 178.22 531.67 218.29
519.75 152.07 554.54 225.67
510.23 151.38 548.5 226.72
495.07 162.34 556.02 205.04
522.76 169.15 575.72 202.59
499.33 150.83 540.13 225.21
469.28 183.1 530.75 228.65
492.72 148.79 531.01 223.47
467.28 181.74 572.08 263.06
471.86 146.1 592.76 234.22
478.9 158.53 614.86 228.1
481.67 181.26 518.91 213.01
487.36 175.05 513.54 226.36
485.44 171.81 508.49 223.75
490.8 168.53 510.71 220.39
493.86 174.2 526.56 204.22
489.83 175.81 521.01 203.48
493.18 169.57 508.52 214.21
484.21 173.77 502.59 218.49
496.73 166.6 510.89 211.98
484.35 168.36 517.73 234.29
485.78 156.26 523.4 229.52
489.23 169.22 504.93 214.9
660.69 172.67 724.84 217.07
654.36 176.09 708.63 211.65
661.55 176.01 717.14 214.59
655.96 174.22 698.34 208.36
659.03 174.3 712.62 212.82
654.48 176.01 689.01 205.37
651.99 178.33 682.78 200.04
666.6 171.99 713.21 209.26
650.91 177.75 671.47 199.9
679.84 167.58 713.91 231.89
685.54 162.48 723.94 236.37
650.03 172.31 704.63 212.82
664.5 168.86 688.58 215.7
656.25 172.22 704.86 201.7
675.03 172.87 704.56 228.43
653.03 175.41 687.88 198.01
652.63 176.04 680.01 196.5
671.67 162.37 707.47 220.3
662.06 168.85 684.3 212.02
669.01 167.58 698.98 222.34
660.78 173.07 676.8 206.93
676.64 166.31 699.32 217.58
668.0 169.52 692.76 219.02
654.84 173.8 667.32 201.57
672.59 169.1 696.49 219.95
660.6 180.54 700.69 215.42
657.94 173.4 670.21 203.61
666.02 171.52 718.81 200.61
679.36 167.76 704.27 220.55
669.17 165.86 690.0 211.86
676.43 169.74 724.06 210.35
673.63 165.11 693.84 211.23
666.97 168.66 686.09 206.92
680.98 164.18 702.5 212.95
684.77 163.07 705.91 214.53
659.27 172.24 679.07 212.42
649.75 176.24 673.9 194.56
663.43 167.69 691.91 219.44
668.85 169.73 709.17 202.48
689.07 161.55 709.31 214.36
698.18 158.26 718.27 216.3
655.51 163.85 719.09 214.85
656.77 173.42 671.9 209.91
660.86 172.65 703.25 194.32
678.18 162.87 696.59 205.94
653.39 179.16 675.48 205.26
655.19 177.53 669.36 207.53
676.18 150.24 716.22 227.16
652.67 172.45 664.97 200.91
693.72 158.83 712.88 214.87
675.32 170.0 701.95 224.78
662.62 154.08 700.29 219.21
661.96 173.24 692.92 195.26
673.11 181.44 718.14 220.17
657.0 179.5 691.78 210.28
655.82 173.53 687.66 192.57
651.87 173.8 678.64 192.09
687.25 165.16 712.21 219.75
658.39 174.33 683.4 195.39
668.8 170.47 724.9 194.01
665.05 166.0 680.98 200.16
669.33 166.45 685.16 199.98
663.06 182.07 709.95 218.54
643.92 168.66 697.66 208.99
700.64 156.45 715.55 201.42
691.09 164.24 716.76 220.95
673.37 164.51 688.36 198.99
676.79 164.32 691.74 199.84
692.3 161.2 708.93 205.24
644.11 174.62 664.45 193.51
662.12 167.44 674.97 198.04
688.33 161.09 705.41 203.48
655.25 151.67 691.9 217.01
682.58 172.86 710.8 225.14
696.81 159.61 711.88 205.9
658.14 168.88 668.47 198.08
647.57 174.34 667.43 192.89
695.34 162.67 721.11 220.77
680.1 162.84 695.03 199.52
641.83 165.01 714.2 201.77
674.75 169.09 711.81 196.26
684.74 166.32 724.08 203.91
653.62 180.19 682.83 208.82
684.24 161.64 699.91 200.08
651.02 168.42 663.29 197.8
646.63 177.96 670.87 196.61
657.82 164.33 682.18 217.46
661.06 161.89 691.51 234.12
537.31 167.62 553.24 212.7
564.83 174.56 587.65 192.5
540.33 166.31 555.42 214.46
535.15 165.44 554.88 219.38
543.99 167.43 557.3 212.75
537.66 173.65 565.24 192.99
532.15 164.35 550.61 212.99
525.76 165.75 547.13 218.62
539.89 172.75 560.79 194.97
530.37 173.64 556.79 201.92
531.23 172.02 554.85 195.73
530.84 172.88 563.31 193.63
529.01 165.51 551.71 220.1
543.63 172.94 564.49 194.73
525.32 172.53 560.36 190.44
536.77 176.26 564.92 198.08
547.73 173.63 570.45 195.0
534.52 171.11 557.01 191.45
559.68 174.9 583.39 192.5
535.44 171.64 563.2 189.25
552.46 174.17 575.04 195.13
529.38 162.39 546.41 208.44
548.56 168.34 561.75 210.34
557.19 174.07 578.4 193.97
538.82 165.98 551.51 198.75
503.04 165.76 521.29 216.97
561.82 172.91 581.03 191.25
560.86 176.82 586.94 194.04
531.28 169.38 553.96 189.24
525.23 173.64 558.46 208.23
541.65 176.38 568.43 196.61
528.53 168.92 559.17 186.79
550.31 177.48 576.83 196.69
507.07 166.22 525.25 215.96
541.33 166.62 553.67 197.71
516.28 172.53 558.74 192.6
537.9 176.02 562.52 206.46
534.6 165.5 549.36 200.34
525.55 163.0 541.33 208.41
553.17 170.59 566.87 203.93
545.37 172.12 572.64 191.31
544.63 165.99 556.35 197.38
551.28 172.3 577.91 191.44
525.62 177.33 569.26 204.46
508.39 172.2 549.67 189.69
570.28 168.09 581.48 195.11
566.54 169.12 585.67 189.61
539.45 167.94 560.38 187.91
547.35 166.79 561.45 199.29
528.45 175.71 563.87 214.42
557.38 170.91 571.48 203.36
588.37 172.91 609.4 190.33
585.93 174.86 606.49 191.66
582.6 173.3 602.41 190.74
590.42 172.31 610.49 187.37
575.39 175.09 598.03 192.17
591.93 170.68 604.92 193.27
589.39 172.34 603.17 194.49
593.85 167.66 607.42 189.1
574.3 172.91 594.69 190.74
580.84 171.45 603.0 188.14
590.03 170.4 600.46 192.21
569.01 174.88 591.87 192.48
588.49 167.36 600.18 190.04
543.1 167.09 559.83 221.49
539.17 164.65 557.98 222.11
584.48 178.56 607.97 193.09
590.59 166.1 604.38 192.35
585.29 169.19 594.97 192.04
571.37 172.42 589.81 191.59
583.1 168.24 602.02 186.23
587.75 168.55 611.24 183.15
591.17 172.95 603.82 198.51
592.95 172.45 615.9 189.53
589.09 177.41 609.27 191.8
579.14 168.66 589.44 193.43
572.83 170.39 596.8 189.37
595.4 165.36 609.35 191.58
581.05 167.38 605.59 182.97
579.53 176.4 600.37 191.96
584.0 170.77 595.27 195.83
574.47 168.27 585.79 194.13
586.12 171.91 598.91 199.06
586.46 162.76 599.16 192.07
527.89 160.65 556.61 226.06
530.34 166.25 557.85 225.21
578.91 179.25 602.93 194.55
581.86 159.7 594.85 193.84
577.59 165.2 597.34 185.75
593.34 158.82 607.37 191.85
577.78 157.74 590.86 194.83
589.06 163.46 609.64 182.46
628.59 167.21 643.36 192.89
627.76 172.03 647.01 189.09
498.63 164.82 516.41 216.8
475.55 181.76 522.03 207.52
733.08 148.97 748.79 191.06
707.27 156.24 724.29 200.16
676.5 169.02 729.12 199.82
720.59 152.92 736.16 199.21
690.95 167.71 743.58 195.76
729.3 147.54 744.87 192.47
724.71 148.66 740.11 195.18
711.93 152.7 729.07 200.86
597.15 174.19 617.38 190.65
596.87 171.26 608.18 195.37
594.13 169.55 618.26 186.51
540.6 171.77 561.95 229.84
562.01 168.24 623.68 197.22
709.33 139.49 1242.0 375.0
834.97 156.29 1171.7 357.54
932.19 158.37 1224.8 351.47
974.2 191.84 1221.3 371.22
717.93 127.29 1032.7 346.49
844.17 203.84 1151.2 365.26
804.01 120.68 1079.4 308.44
669.87 175.55 728.66 214.15
913.83 208.55 1182.8 370.75
784.75 189.74 1095.3 374.16
968.9 240.02 1199.1 345.4
1019.7 230.38 1229.6 356.39
990.2 242.53 1171.8 375.0
1056.3 215.17 1242.0 363.66
1013.7 166.8 1242.0 368.14
929.61 234.98 1162.7 339.11
828.24 141.81 1149.8 312.47
865.86 129.96 1242.0 375.0
992.34 226.31 1241.5 375.0
887.68 224.0 1137.5 337.42
772.53 56.858 1242.0 375.0
