586.25 174.93 657.79 237.92
575.54 187.25 593.54 192.42
564.17 161.91 569.2 167.44
456.45 147.26 527.49 195.58
461.5 182.64 505.72 216.07
162.46 175.12 356.93 271.79
709.91 178.21 881.83 243.99
691.27 151.87 698.58 195.69
668.42 183.61 683.61 188.09
0.0 185.27 97.22 311.35
322.89 176.88 395.28 221.26
692.78 174.45 731.24 196.12
706.41 152.26 708.01 192.23
63.55 185.09 118.01 211.23
736.91 150.11 745.94 155.53
736.69 147.63 761.49 183.44
533.13 152.36 573.13 193.6
469.4 150.56 493.92 177.54
767.04 141.01 831.58 179.74
761.8 149.5 777.07 164.17
449.43 150.25 472.05 173.22
802.16 167.13 807.45 185.28
774.0 147.55 851.82 163.58
430.25 155.24 458.69 191.45
457.72 159.04 462.07 164.83
533.09 175.28 534.27 192.81
531.49 152.89 537.22 183.29
849.45 206.45 859.39 212.51
820.73 174.74 823.65 192.93
872.13 148.34 933.71 193.15
785.2 169.28 1078.53 286.41
406.41 133.92 474.51 244.56
951.13 96.39 1242.0 343.76
0.0 190.68 98.246 291.08
0.0 198.04 84.19 287.33
6.2088 183.4 115.18 276.15
6.3021 186.03 72.236 302.24
0.0 206.28 84.078 302.14
13.047 173.7 87.059 297.25
8.1935 182.62 75.174 288.07
0.0 196.53 62.904 297.08
24.516 187.05 84.53 286.18
0.0 204.88 102.78 276.52
3.3439 190.01 62.636 341.64
30.546 171.61 92.72 293.88
0.0 194.48 76.206 282.66
17.362 186.52 85.696 325.13
10.858 203.92 78.628 300.13
34.223 195.52 86.601 293.97
10.594 209.46 94.87 285.68
3.8159 219.03 61.406 308.21
12.376 210.56 123.9 300.3
0.0 220.49 63.372 312.57
964.57 114.25 1242.0 375.0
804.71 151.25 1087.5 292.45
153.09 183.32 355.39 285.25
194.97 184.26 368.01 267.61
177.43 178.64 341.29 274.05
134.03 154.4 386.09 307.27
161.1 172.14 353.26 239.25
193.61 175.45 347.91 249.35
158.47 167.25 321.75 251.0
716.91 180.79 847.03 239.58
713.41 175.69 860.8 245.0
742.23 177.51 859.79 233.84
738.65 178.03 877.62 239.16
696.32 184.15 849.42 254.08
731.43 183.28 885.65 256.77
715.89 159.88 851.22 237.17
683.42 156.39 859.39 225.7
716.38 159.73 885.19 225.66
742.68 155.43 878.83 238.2
722.51 201.2 879.12 277.86
591.03 174.21 664.03 238.68
597.53 176.21 659.62 228.24
591.45 173.85 646.77 231.92
604.99 168.38 652.01 244.5
588.39 173.0 648.81 217.58
597.46 170.25 643.96 244.73
606.66 175.72 666.4 217.62
614.79 166.92 655.1 240.76
585.99 173.49 639.8 210.23
578.42 170.76 672.63 244.38
598.48 173.49 627.43 204.19
595.27 166.53 633.4 241.35
597.87 175.62 633.62 210.41
602.38 166.2 622.04 215.76
598.02 175.55 638.26 202.29
615.46 175.73 653.83 211.32
604.22 176.53 648.45 202.67
585.99 178.04 629.22 205.04
600.26 178.81 650.44 209.63
576.31 171.03 630.06 204.18
618.59 174.59 649.8 202.8
606.52 174.1 638.31 205.18
586.1 185.21 655.85 242.51
616.85 178.63 663.28 206.57
602.72 174.84 656.51 213.08
603.73 181.19 656.59 215.16
606.7 164.73 624.66 207.61
596.09 172.32 651.52 206.5
594.6 180.15 644.83 212.89
558.38 167.96 684.43 235.68
611.17 165.88 630.09 214.86
599.98 171.17 625.89 225.74
599.09 156.08 653.98 257.37
611.74 180.93 662.37 211.68
605.97 166.46 625.9 221.58
615.8 165.81 633.86 215.64
605.78 164.36 644.77 229.4
609.39 179.22 660.18 226.32
615.01 180.26 653.8 251.54
586.57 169.95 633.77 222.06
568.32 179.6 684.86 249.29
618.74 165.62 636.62 220.9
609.69 169.39 632.43 222.53
591.89 177.4 622.06 206.24
600.15 163.65 633.32 227.66
587.56 179.53 636.17 208.75
620.38 166.41 637.3 207.5
591.25 178.69 635.88 246.49
611.29 172.48 671.59 204.89
602.02 183.13 644.58 253.37
591.7 145.67 648.16 250.59
584.81 199.27 662.68 243.66
621.6 175.37 673.52 222.22
608.27 183.22 650.5 259.22
593.58 165.55 692.67 245.77
552.13 159.51 653.76 242.63
620.84 143.33 675.23 269.75
581.28 182.1 678.36 265.87
565.57 150.97 673.31 236.78
551.66 191.35 690.32 263.41
443.42 178.24 509.92 221.05
456.81 176.31 514.76 218.37
451.43 180.58 509.35 217.38
455.13 176.86 503.34 212.08
472.53 178.23 518.34 206.47
460.27 177.63 512.23 214.54
463.32 169.61 493.46 229.22
446.17 180.91 501.01 209.11
486.05 176.84 515.51 207.9
433.11 179.62 496.69 220.5
466.84 171.48 502.18 224.6
489.85 170.09 510.43 215.46
453.23 178.8 503.15 200.97
482.67 178.38 516.15 200.92
473.96 170.89 499.89 220.74
476.86 173.52 505.53 228.85
470.74 181.25 522.21 212.17
483.92 170.94 507.36 218.75
447.05 179.78 495.56 199.9
459.54 176.03 497.24 203.47
468.25 178.31 509.9 200.37
468.5 174.58 522.92 215.54
481.2 170.12 502.66 216.92
447.66 175.19 510.24 209.57
471.73 170.05 493.81 216.83
486.52 172.09 512.78 219.77
475.98 176.02 509.99 204.13
465.29 183.26 516.06 219.44
452.9 163.71 492.91 227.52
490.46 170.77 505.38 211.57
437.27 172.65 498.1 212.18
439.49 139.91 500.04 251.57
399.6 165.01 509.3 239.69
749.11 175.76 804.73 199.12
761.47 176.16 813.3 198.18
759.69 172.07 803.02 195.34
764.69 175.28 797.53 200.18
766.99 173.8 799.54 196.03
750.48 172.3 796.26 195.93
773.64 176.96 829.19 198.72
767.51 173.79 814.73 193.85
746.56 174.57 821.42 202.98
757.11 173.05 797.53 191.05
769.95 174.78 805.37 199.49
735.9 172.96 809.34 202.97
786.05 164.68 798.88 206.12
775.61 173.8 807.67 196.31
789.65 166.08 802.95 210.05
777.07 175.78 814.5 200.02
776.23 173.78 824.91 193.64
762.34 175.68 837.54 205.3
738.78 172.77 799.91 211.26
568.4 174.31 592.2 194.19
563.02 171.75 588.41 191.83
565.77 173.57 584.52 191.71
557.89 174.73 582.26 193.73
565.05 170.02 590.79 188.56
568.57 182.48 594.84 200.25
529.16 165.51 554.07 190.22
525.31 166.84 557.18 187.38
532.48 174.18 562.54 192.75
533.63 170.0 556.53 191.87
555.4 171.9 581.43 191.28
839.59 176.19 958.35 225.67
296.94 178.88 395.77 227.64
287.32 180.35 369.23 221.04
314.66 185.45 395.9 226.6
309.38 179.35 398.16 218.46
328.6 178.09 399.91 222.31
323.54 166.94 363.75 247.78
331.26 176.41 404.58 212.78
330.08 164.91 369.79 239.91
335.41 172.53 375.33 245.56
345.31 172.54 383.76 235.88
301.41 182.43 367.28 210.7
312.95 181.76 377.26 213.27
335.09 178.94 390.5 197.24
342.56 179.48 407.43 217.49
313.67 174.27 396.25 208.67
315.36 186.35 382.58 222.45
294.75 165.36 413.44 236.25
328.9 180.83 390.99 204.15
346.67 173.68 411.27 210.42
339.02 167.01 378.41 227.56
327.34 177.0 371.04 251.39
326.4 172.41 404.7 204.33
319.88 145.29 383.43 255.72
294.71 147.01 421.81 230.8
315.55 162.26 428.0 239.66
784.66 177.43 839.57 199.28
428.81 184.82 509.06 221.46
492.91 172.59 513.72 215.23
439.13 185.53 501.5 216.68
467.22 169.11 490.76 221.34
466.04 168.93 486.2 214.68
454.7 170.43 483.3 227.65
437.16 180.0 491.33 206.04
458.53 169.86 480.56 217.5
497.12 171.54 515.0 212.87
462.88 169.82 483.9 218.57
436.01 183.33 519.91 226.16
432.36 168.63 536.19 251.48
702.25 174.11 727.77 189.27
706.99 172.48 733.96 188.87
736.28 178.54 796.93 206.09
737.5 176.74 788.42 200.99
713.09 173.08 740.07 189.07
753.25 163.94 767.82 204.14
756.85 163.76 771.7 205.83
704.58 170.86 729.78 187.92
717.17 175.17 745.81 191.14
760.48 163.61 776.26 206.4
729.81 176.97 777.21 199.25
749.07 164.88 763.97 202.14
750.88 174.23 786.96 204.01
764.42 165.74 779.37 209.05
759.61 167.38 775.97 216.32
745.73 171.64 774.17 198.47
747.11 170.33 771.42 192.85
751.1 170.57 776.08 192.88
740.24 174.92 773.18 201.66
753.07 172.43 783.56 199.42
711.4 169.68 739.56 186.38
739.39 173.28 765.72 195.66
743.89 170.73 767.16 192.15
703.07 176.03 732.05 192.04
759.9 173.37 791.31 197.36
745.73 165.4 759.66 200.71
740.63 172.53 782.31 195.07
732.68 182.03 794.45 210.1
748.91 162.63 762.68 194.79
753.21 161.7 766.1 195.15
726.6 179.8 782.32 205.45
723.34 178.34 767.76 198.7
734.67 174.23 772.61 193.25
716.22 177.72 748.6 196.35
755.45 171.63 781.31 193.3
769.1 163.73 782.06 202.26
710.24 176.86 739.07 193.22
757.43 160.66 770.49 194.84
747.42 170.79 784.52 189.15
734.13 176.64 764.85 199.91
765.78 164.23 778.67 198.49
712.53 174.56 734.66 191.54
736.37 174.52 761.52 194.74
752.73 175.3 793.75 207.3
751.86 171.89 789.96 189.97
718.85 172.16 742.88 189.06
727.22 176.34 751.93 193.78
744.3 167.03 766.4 188.07
727.94 174.99 763.72 192.34
760.82 160.63 774.75 193.67
731.04 174.89 756.84 194.62
742.89 166.15 755.08 199.48
721.1 172.69 751.15 188.3
723.95 175.99 756.96 192.18
736.85 172.51 770.51 189.24
727.18 178.6 755.99 198.67
760.64 153.47 773.77 187.72
717.79 176.99 786.64 210.45
741.51 168.89 756.4 204.99
749.0 156.96 761.63 188.99
723.61 177.18 750.06 197.21
719.76 176.31 743.78 194.86
738.23 165.96 750.76 200.62
722.52 182.55 780.92 210.52
737.87 171.57 760.43 190.72
746.37 159.4 759.06 191.39
737.95 176.71 777.66 206.98
757.79 154.9 769.86 186.91
730.14 172.15 762.51 188.71
751.51 166.89 774.5 188.54
769.01 165.52 783.22 212.53
718.49 173.99 777.73 218.69
29.103 191.9 141.75 243.17
46.565 188.54 153.12 236.42
77.407 185.71 97.29 237.82
693.6 172.82 716.81 189.1
697.16 172.58 721.87 188.53
688.07 172.6 710.82 189.45
701.44 171.5 724.15 187.83
676.13 174.55 698.86 191.12
680.89 174.32 704.19 190.29
683.51 171.48 702.72 189.71
689.43 174.82 716.78 191.69
694.81 174.77 720.05 190.49
701.06 168.83 714.19 192.43
681.29 170.42 705.67 187.96
681.97 175.34 709.97 191.97
699.56 169.73 711.74 193.56
703.82 168.77 716.77 192.57
678.18 171.57 701.22 187.96
685.51 173.08 706.72 190.56
687.03 167.99 696.97 192.37
696.59 169.5 706.75 194.06
706.64 169.32 719.4 192.55
689.64 169.48 711.01 186.98
692.12 167.32 700.76 191.33
686.79 167.79 706.56 186.11
691.75 168.85 718.07 185.09
696.74 169.34 724.0 184.89
683.15 167.43 702.86 185.86
687.04 167.88 713.48 184.67
700.61 168.54 731.16 184.18
683.48 166.87 710.1 183.82
678.8 167.61 699.12 186.51
663.39 173.26 685.11 191.08
660.16 174.21 682.19 191.66
668.67 174.54 690.81 191.11
657.0 173.12 677.2 191.11
658.67 172.67 681.32 188.52
666.68 170.17 678.87 194.33
673.98 173.83 693.43 191.47
667.59 172.13 681.66 195.93
673.64 172.11 694.7 188.27
663.67 173.2 675.76 198.76
668.91 169.23 681.04 193.38
655.54 170.47 666.52 200.91
664.45 168.99 675.04 192.86
659.89 171.65 670.86 198.45
671.64 171.37 682.59 194.12
655.83 168.14 666.85 194.36
673.15 169.19 683.57 192.61
660.46 168.06 670.13 193.18
666.23 175.43 687.87 192.6
682.7 168.6 692.79 192.15
678.19 169.03 688.09 192.23
658.4 178.06 686.94 194.47
673.65 167.29 685.7 190.6
661.45 171.35 674.3 203.15
676.93 171.88 687.89 195.43
663.39 166.25 679.86 194.72
669.65 169.88 689.69 187.95
658.27 171.78 670.37 206.61
660.38 164.62 675.76 194.44
681.92 170.86 693.37 196.72
667.83 165.77 683.58 194.71
571.05 172.82 601.99 197.08
577.74 174.97 608.38 196.85
572.49 174.98 596.68 195.66
574.89 172.02 606.88 193.78
583.73 173.4 609.53 195.75
582.67 176.99 616.65 198.26
588.71 175.42 613.28 198.63
569.78 172.5 594.2 190.55
570.95 178.69 597.72 198.27
576.59 168.58 593.53 200.93
587.01 172.55 615.98 190.92
576.63 170.4 606.36 189.39
578.58 165.62 597.77 199.63
594.33 174.56 620.14 201.84
574.4 174.18 591.86 201.35
575.48 170.95 590.1 198.97
586.86 176.22 623.32 199.08
593.68 172.39 618.95 196.4
578.55 173.88 595.16 201.71
586.79 168.44 601.03 201.44
582.47 164.98 600.0 199.09
591.29 168.0 605.21 200.78
571.27 170.94 597.6 188.73
583.49 170.85 597.32 202.7
599.12 166.65 616.1 211.9
595.63 166.83 609.96 200.03
598.22 171.43 624.87 197.37
603.63 164.92 620.47 206.77
592.67 172.48 627.52 193.62
580.74 178.92 602.66 199.22
594.83 168.89 610.27 209.99
562.33 171.39 617.98 200.57
570.23 169.85 624.95 199.24
583.69 170.25 611.28 189.18
586.58 178.57 607.55 200.25
574.13 169.25 585.36 194.74
587.7 163.93 603.34 194.78
571.87 175.76 589.12 203.52
571.9 179.99 601.43 201.22
574.23 165.19 590.01 193.68
589.44 170.88 603.04 206.21
572.08 167.4 584.34 193.61
573.39 168.24 601.27 187.02
577.64 179.92 605.99 202.09
591.58 170.21 606.89 210.3
596.26 169.79 620.93 222.39
568.98 168.74 611.26 204.39
601.03 166.18 615.38 199.57
575.18 166.68 608.19 184.66
592.38 163.79 606.72 195.37
582.62 179.26 610.81 202.36
653.08 173.08 671.6 191.53
648.96 174.31 668.37 193.48
652.47 175.61 670.24 194.22
646.63 173.14 671.31 190.31
647.84 177.46 666.91 196.45
642.3 177.01 662.43 198.93
637.11 177.18 658.44 200.07
650.59 176.68 674.64 193.9
643.03 173.65 662.86 194.54
640.48 174.43 666.9 191.87
649.7 170.95 675.97 189.09
645.67 170.98 658.15 207.47
634.08 174.61 662.09 191.87
639.71 170.81 656.13 218.38
633.86 177.65 663.34 197.68
651.19 171.25 662.45 203.94
636.46 174.27 657.38 194.54
641.08 171.19 654.83 209.9
643.98 172.44 658.39 215.97
637.68 169.5 652.16 208.06
635.71 177.71 660.86 206.31
633.0 169.06 649.16 209.21
651.45 167.77 663.63 196.43
635.67 169.01 652.86 218.19
641.72 168.64 653.62 202.78
638.39 167.35 650.79 201.82
634.59 168.47 648.06 202.23
649.16 170.85 661.0 210.44
640.77 169.54 664.68 189.51
632.43 179.78 666.76 203.26
644.43 179.51 665.25 201.45
653.81 170.09 665.86 209.61
647.0 166.81 658.97 197.45
654.8 177.34 674.79 196.7
633.46 169.49 664.38 187.55
649.71 178.82 670.05 199.89
637.13 169.55 694.17 198.47
774.15 165.67 786.72 206.18
777.65 164.96 790.9 206.31
781.85 164.3 794.78 205.0
770.21 179.07 830.0 204.3
791.74 163.5 825.13 227.99
829.51 177.79 849.9 236.48
832.71 179.36 853.77 237.39
826.4 170.65 856.74 238.93
57.885 180.2 254.22 261.9
113.44 181.49 299.26 266.27
806.4 173.66 997.65 292.41
32.352 186.02 186.3 259.21
6.6879 185.24 149.32 260.63
15.096 190.18 122.73 247.8
19.909 188.61 107.21 258.26
713.36 176.45 823.89 230.94
11.4 195.0 97.412 271.06
795.19 179.89 965.9 273.64
283.52 181.8 376.27 230.24
52.941 180.97 202.7 267.66
757.38 174.66 891.44 244.77
765.66 177.58 873.14 231.27
231.52 184.16 378.43 249.83
259.63 179.31 385.09 242.01
733.14 173.65 835.33 219.12
0.51733 192.14 64.113 267.57
793.04 175.79 935.36 259.97
751.95 181.47 875.28 242.99
95.877 189.26 234.09 253.09
843.76 178.18 1013.9 268.17
150.39 178.75 257.69 227.25
759.24 176.81 854.74 218.73
92.419 170.95 385.86 286.83
787.37 167.38 1021.9 296.81
143.61 196.4 310.98 281.7
49.3 188.99 175.71 245.49
9.1626 200.16 124.53 255.38
721.61 175.45 809.61 215.3
814.04 195.23 976.43 291.87
788.88 182.47 900.04 233.94
132.9 180.62 257.41 238.68
112.03 184.98 252.51 248.67
772.89 184.65 887.25 240.72
709.51 170.78 825.45 246.21
67.168 190.4 203.58 254.39
269.62 173.8 406.59 233.9
9.3259 188.73 83.079 254.52
37.869 180.04 87.815 273.88
79.321 179.3 275.6 247.58
711.21 182.63 797.54 233.12
11.811 187.08 110.82 238.0
285.56 182.03 364.33 242.3
0.0 202.06 134.73 282.14
852.37 159.16 943.28 323.24
2.8514 187.49 52.845 289.73
707.02 189.22 822.8 243.85
169.16 180.93 270.12 223.06
