309.66 164.98 328.94 201.95
301.96 128.18 352.93 259.09
273.34 183.18 290.68 212.17
299.28 164.44 308.93 192.98
313.61 150.45 327.13 193.25
0.0 131.08 21.94 244.98
16.7 135.04 61.14 236.5
754.9 157.92 771.84 161.71
282.86 150.47 311.46 159.84
778.91 149.73 790.27 198.82
231.8 144.4 258.58 213.09
190.37 187.86 271.45 203.69
346.75 185.65 387.99 243.19
356.98 184.9 367.82 194.36
977.72 137.36 999.59 217.32
971.66 163.68 988.22 168.26
509.69 154.71 549.89 213.32
946.78 148.38 989.38 174.0
948.45 163.63 972.82 173.94
1223.93 157.73 1242.0 318.09
1097.0 140.67 1117.77 205.13
1121.96 143.73 1149.42 186.7
1127.86 128.15 1242.0 227.27
1147.0 155.81 1240.3 192.24
1225.8 178.06 1242.0 291.24
1209.9 162.32 1242.0 340.34
1199.0 161.0 1242.0 282.88
294.05 157.31 345.53 290.82
297.85 155.7 331.56 235.9
278.53 123.26 347.97 290.07
301.75 133.15 360.29 278.97
281.31 161.82 318.01 269.29
290.03 153.97 324.71 235.5
297.39 141.64 330.54 223.85
309.99 157.91 339.08 231.35
323.53 131.0 383.18 278.09
271.48 101.02 342.08 277.29
297.2 104.07 370.39 268.7
303.63 143.19 335.88 225.59
337.78 162.89 370.62 237.42
320.26 105.49 388.15 267.1
319.13 157.7 348.33 230.4
324.23 170.7 357.58 268.18
343.61 174.57 378.99 253.69
359.78 169.0 376.34 208.12
354.34 170.14 369.02 213.1
337.58 171.38 372.05 260.5
348.3 179.43 382.62 263.37
312.19 181.1 364.96 240.03
335.93 181.82 384.72 237.3
331.64 189.21 396.36 229.51
345.99 167.71 383.45 245.7
326.88 177.26 379.48 227.87
317.45 191.42 393.52 234.63
323.38 182.6 390.17 220.84
328.03 165.73 357.99 240.33
354.68 176.0 388.58 263.11
312.73 173.75 368.11 216.19
323.18 174.94 392.92 209.29
314.01 165.74 412.64 256.22
344.2 184.86 395.88 240.3
354.8 164.11 389.63 241.19
12.431 163.08 28.843 219.7
15.622 168.43 32.575 221.9
0.0 167.88 37.762 214.09
15.058 154.35 31.989 215.73
0.0 163.09 30.661 256.48
18.132 164.46 35.011 219.9
11.432 148.36 28.689 212.67
4.1472 167.17 28.426 203.84
5.7657 167.51 37.637 249.98
0.0 155.09 26.322 214.41
0.0 148.08 74.504 234.03
0.0 138.08 45.462 245.02
0.0 163.49 70.1 251.04
0.0 140.34 33.736 238.87
0.0 127.78 26.378 233.27
12.986 169.36 47.646 247.18
0.0 162.96 49.22 207.28
0.0 106.99 46.542 215.08
4.1323 140.7 41.616 236.07
0.0 116.76 68.294 205.39
14.84 127.97 82.42 270.8
11.261 140.41 49.16 234.5
45.813 157.16 84.115 225.13
52.526 159.09 91.697 223.66
0.0 162.8 12.712 221.61
8.729 162.18 24.529 220.42
1.3258 156.02 17.244 221.06
0.0 159.14 8.8793 213.23
3.9088 152.85 21.17 217.1
0.0 149.35 13.987 211.67
0.23249 143.94 18.403 210.47
0.0 155.71 17.1 250.58
7.2105 148.07 24.912 212.89
0.0 140.26 19.346 237.7
0.0 152.26 24.178 244.46
0.0 117.5 18.142 222.38
0.0 166.15 22.466 273.21
986.01 160.21 999.67 199.54
987.41 157.24 1003.4 196.26
982.42 166.58 1004.1 189.77
943.17 154.93 1028.8 191.78
223.4 168.1 235.98 208.32
266.39 170.95 280.07 204.17
226.32 168.07 238.09 209.78
264.94 177.15 284.4 200.48
262.2 172.57 283.29 194.38
263.29 168.69 276.32 205.11
253.53 170.89 289.06 188.63
260.17 169.7 283.94 191.29
219.61 167.67 232.69 207.84
229.14 166.14 241.28 207.53
254.22 173.66 290.12 192.13
259.94 165.4 284.75 187.57
254.33 168.37 266.58 207.08
297.11 174.07 335.39 193.85
290.41 171.54 310.25 195.82
304.92 171.07 328.32 195.09
287.15 173.91 322.64 192.62
286.82 171.28 306.66 195.43
293.21 171.95 328.42 191.23
281.56 174.01 315.44 192.21
283.61 170.92 318.94 189.66
249.57 158.67 338.52 193.16
1096.4 125.21 1129.1 220.42
1088.5 125.26 1121.7 220.33
306.63 172.79 327.14 233.54
303.69 170.99 323.78 232.22
312.67 171.47 333.44 237.52
309.11 172.52 325.8 219.29
304.7 177.21 330.16 216.25
306.91 172.27 322.48 217.89
302.36 173.3 318.05 223.43
317.3 170.43 335.99 235.76
314.89 171.47 330.63 219.1
302.5 175.86 327.01 211.69
299.48 171.12 320.08 234.59
312.45 169.01 328.07 211.18
306.5 174.48 328.33 205.67
297.9 171.73 311.47 215.05
283.13 184.85 352.71 229.88
302.38 180.47 333.03 227.19
302.19 169.16 316.15 210.67
293.89 170.41 306.36 206.21
286.31 181.31 348.23 220.93
289.74 170.19 336.37 228.22
299.32 177.15 322.22 209.37
298.28 172.78 314.49 224.48
298.35 177.45 336.43 198.49
295.74 182.97 341.21 208.45
299.05 174.65 320.56 203.34
307.99 172.64 330.62 199.3
302.02 187.45 336.98 235.77
308.34 173.4 333.31 212.68
301.46 172.28 324.59 199.06
304.13 179.72 353.93 233.41
309.8 175.17 332.36 204.95
294.47 172.17 307.95 215.43
290.49 169.08 302.61 204.73
293.82 181.31 333.99 202.87
308.98 166.73 325.1 204.38
297.73 171.95 319.73 198.04
294.81 174.96 315.02 201.65
318.39 171.88 333.32 219.35
297.98 179.02 342.04 204.66
320.7 171.8 336.49 226.92
293.56 171.68 314.26 197.04
295.21 177.95 317.35 206.45
290.63 186.64 341.46 212.64
298.98 180.67 326.31 218.89
305.83 167.35 320.22 204.02
291.57 174.74 310.72 199.89
297.32 167.46 310.4 202.79
290.04 189.81 344.66 217.42
288.49 177.38 325.49 197.23
296.41 181.12 320.41 211.24
297.63 181.38 361.6 219.73
288.28 175.51 348.89 212.42
291.04 193.81 345.66 222.61
286.45 172.79 298.7 208.97
306.76 175.15 336.3 221.09
293.3 161.33 307.38 199.15
291.4 185.11 333.11 206.92
297.85 187.16 328.24 227.89
281.64 177.54 316.65 195.91
300.69 175.88 364.9 207.68
286.13 167.11 338.41 213.75
280.61 170.98 351.53 204.14
281.49 153.12 314.33 228.63
281.56 156.25 339.37 203.63
297.8 180.47 320.73 247.15
268.63 175.61 281.83 208.86
272.23 175.02 284.86 208.72
297.06 175.27 314.88 241.87
270.25 179.68 284.47 212.57
268.57 167.14 282.63 201.12
275.32 162.3 303.74 246.86
266.91 164.59 326.09 209.42
745.34 157.9 757.93 190.24
748.8 157.59 761.44 191.8
743.12 163.51 754.51 191.58
479.75 155.66 585.18 194.16
479.27 145.67 582.19 183.99
500.61 145.04 585.46 200.26
489.71 175.8 578.56 219.38
523.03 130.08 566.56 211.98
371.67 149.0 388.58 189.49
356.21 169.77 372.58 206.01
349.73 177.18 376.39 198.58
343.53 178.39 380.62 195.88
736.88 171.81 765.92 187.67
734.13 169.46 762.38 186.31
737.65 168.41 758.71 188.44
741.81 158.13 753.57 188.34
741.65 170.1 762.65 189.35
739.3 154.09 749.97 186.1
735.12 154.66 745.92 186.62
735.85 164.54 754.42 186.4
739.32 162.04 750.5 190.32
742.21 164.18 761.24 187.35
730.59 154.15 742.4 187.55
736.05 159.4 753.88 181.78
732.6 163.36 751.1 185.77
739.8 159.22 757.96 181.79
302.72 175.38 338.68 272.51
39.383 189.63 102.72 216.14
37.142 191.07 97.907 216.43
294.84 181.17 344.69 266.45
299.38 172.59 332.43 255.76
39.258 193.98 91.726 214.66
306.82 171.18 331.99 241.68
38.492 187.74 98.221 210.99
42.135 186.1 91.019 215.77
310.05 172.83 344.3 270.81
295.82 175.77 338.85 239.28
305.43 181.23 333.71 263.24
30.877 187.67 104.48 219.31
304.15 177.23 329.07 248.27
289.39 173.7 329.61 276.87
0.94788 172.2 15.616 222.98
295.85 187.73 334.82 279.23
