576.07 152.23 584.15 169.69
577.76 165.88 581.38 169.66
582.72 158.52 587.71 167.64
463.95 148.88 478.86 184.78
478.98 169.37 497.91 182.75
455.59 184.35 483.14 189.7
475.2 155.3 479.29 173.23
476.4 176.63 488.91 185.85
551.87 165.63 564.22 177.89
570.9 157.77 573.52 166.65
561.47 153.54 567.01 161.59
554.73 176.88 559.12 186.01
543.87 175.07 551.54 183.12
63.45 153.61 132.93 207.33
446.91 184.92 466.76 190.23
70.47 173.65 116.59 206.59
481.24 173.73 530.93 186.57
591.0 153.67 596.53 158.4
431.0 145.7 462.76 190.97
558.91 171.9 622.27 197.94
593.5 172.72 600.8 176.26
598.09 157.93 604.41 170.56
597.73 153.21 603.57 170.55
422.06 165.54 450.12 178.29
418.2 151.68 448.72 178.27
434.06 169.36 440.35 174.58
424.73 148.81 426.45 162.72
174.17 163.14 270.41 188.08
142.36 175.94 282.21 192.54
122.78 181.41 236.84 226.55
394.99 151.36 412.65 174.66
388.7 165.16 409.19 187.4
366.71 156.93 473.84 207.6
331.5 164.86 356.83 187.66
340.9 159.9 346.07 165.78
396.22 184.11 409.95 189.47
1175.3 223.29 1242.0 243.87
399.75 190.05 409.43 194.46
55.87 166.94 81.83 199.36
37.79 159.34 222.94 222.68
747.61 143.72 860.05 216.93
477.0 180.77 557.8 190.94
186.16 153.89 356.13 196.06
185.64 147.95 356.12 188.02
1142.99 220.5 1242.0 303.59
761.29 165.6 858.55 203.28
758.03 156.9 858.7 195.22
42.348 142.09 210.69 213.93
176.05 144.73 329.29 210.3
390.5 150.42 467.03 184.67
371.39 149.39 459.84 185.83
378.25 156.41 462.94 193.15
393.05 146.64 450.87 187.9
386.63 162.85 470.04 199.16
370.96 165.27 460.85 199.81
383.91 152.32 447.0 195.5
368.18 129.66 488.61 213.99
166.97 150.49 264.95 186.36
163.88 143.4 266.75 180.04
186.42 150.74 277.75 186.02
164.14 156.0 255.18 191.15
189.25 157.1 283.35 191.51
148.42 150.95 243.98 189.18
196.56 164.98 281.12 199.13
186.39 143.63 279.11 180.05
157.73 162.72 242.95 201.37
178.77 163.33 268.44 199.26
184.63 147.27 257.08 189.88
169.94 135.47 268.11 171.89
200.08 147.45 268.26 189.91
194.28 153.67 263.61 195.38
175.4 141.28 254.81 183.2
114.56 167.41 234.59 240.21
135.32 188.14 209.84 235.62
131.48 173.99 213.07 224.5
132.26 164.77 217.91 208.6
114.09 180.69 245.01 253.22
123.18 158.72 209.2 202.26
546.79 164.12 597.53 195.73
567.89 167.01 594.57 187.84
569.23 164.12 597.4 182.18
572.84 169.78 597.35 189.56
573.18 166.5 599.1 185.51
567.12 161.1 596.83 178.04
543.29 157.14 599.8 190.37
551.15 159.63 611.73 193.61
564.51 150.31 595.42 204.38
544.88 168.59 603.37 203.19
556.54 152.2 619.68 188.21
560.26 156.47 628.05 192.74
1149.7 205.02 1242.0 276.03
353.06 149.18 368.35 189.19
349.53 147.66 365.01 190.05
466.85 156.1 532.46 187.46
502.22 155.04 563.6 182.67
473.34 160.56 496.7 182.29
478.23 157.93 499.15 178.03
472.91 165.07 495.48 186.44
469.47 160.35 494.38 179.76
479.44 156.41 501.29 174.07
464.84 162.48 489.86 181.94
468.44 162.91 492.59 184.23
473.41 156.74 498.09 175.51
482.61 156.95 503.27 175.91
463.03 160.28 486.99 179.81
467.24 167.52 492.97 187.0
462.86 163.81 485.24 184.34
477.79 163.42 499.41 183.01
459.7 168.64 488.37 187.19
483.52 160.11 506.65 179.19
465.94 157.76 490.21 175.86
480.68 161.87 500.52 180.48
472.31 170.35 494.49 188.37
455.66 166.01 482.44 184.1
475.57 155.01 492.68 183.21
456.7 162.59 482.02 181.63
475.91 159.7 491.63 188.46
458.24 159.16 477.17 179.8
478.72 164.78 494.2 189.91
464.85 171.77 491.57 189.43
477.2 167.74 496.56 185.41
470.24 155.63 491.96 174.96
459.27 157.1 485.01 176.34
453.83 170.09 482.6 187.86
453.11 163.9 475.23 185.23
454.07 158.25 474.41 180.44
474.72 158.12 489.11 186.21
457.84 168.3 479.65 188.56
473.03 162.9 488.37 190.85
482.73 153.51 496.37 180.12
479.73 150.57 495.67 178.21
457.66 172.12 488.42 189.94
482.46 158.17 494.84 183.77
473.23 152.26 490.13 179.33
481.31 161.67 495.04 187.14
453.19 167.96 477.16 189.48
481.99 155.54 506.81 172.55
449.17 163.45 471.52 184.78
484.87 150.89 498.35 177.65
462.22 152.52 473.81 181.42
476.17 166.88 490.29 191.3
449.16 159.23 470.75 181.79
471.55 159.72 484.3 187.54
442.12 157.81 501.96 193.04
458.32 151.51 470.84 182.37
487.75 153.37 500.03 179.23
472.4 154.72 484.01 180.06
452.56 154.92 505.88 188.17
446.03 165.83 477.49 183.68
475.56 171.2 496.5 189.86
452.84 173.53 484.03 190.82
448.97 168.02 473.22 190.1
465.17 153.6 486.88 174.51
444.91 161.39 475.39 180.14
482.26 169.19 500.8 186.31
445.18 169.92 478.85 189.01
462.49 158.1 474.2 187.42
466.77 153.94 477.92 181.22
467.12 159.02 478.93 187.45
458.5 157.65 471.12 188.58
454.49 156.18 480.65 175.4
489.78 150.37 501.61 176.89
453.83 153.83 468.01 187.46
479.26 171.28 501.01 188.31
436.51 166.23 470.14 183.51
445.05 155.66 467.85 179.76
450.16 152.64 470.56 177.43
440.8 162.95 464.28 183.82
487.14 157.03 498.35 182.42
481.47 165.61 495.47 191.57
446.85 151.46 496.69 189.05
448.92 152.27 464.16 186.74
440.03 157.29 472.19 178.95
453.76 147.7 467.15 183.03
460.17 152.28 481.06 174.29
468.36 173.11 493.42 191.07
460.66 144.59 475.23 180.74
457.38 143.98 471.97 180.7
470.0 165.49 483.1 192.95
445.86 153.65 476.09 175.55
453.3 160.23 468.33 195.17
457.2 152.48 486.65 173.31
436.71 159.39 459.81 181.52
436.8 170.07 472.99 188.23
486.23 163.86 498.94 189.97
462.11 174.24 491.45 192.46
468.85 144.93 483.76 180.69
476.85 151.14 499.04 171.86
460.83 123.06 476.4 159.97
441.17 152.13 464.17 176.71
446.05 173.13 480.21 191.81
455.07 150.33 475.41 175.33
440.94 167.27 465.89 189.07
464.06 144.08 477.9 180.36
455.83 174.97 488.13 193.09
444.75 152.64 459.98 187.26
436.68 152.04 459.38 176.89
445.49 146.77 459.62 182.12
456.64 158.41 500.11 196.05
471.68 166.53 486.91 197.63
466.23 146.58 492.58 202.91
436.29 153.37 469.05 176.13
441.25 145.81 454.08 182.74
448.87 160.38 464.74 196.82
449.66 142.39 464.21 179.18
465.88 164.69 478.77 193.28
479.91 143.56 497.21 180.61
472.59 173.78 498.54 191.48
441.04 153.14 455.23 187.38
483.77 143.92 500.52 179.91
472.77 150.25 502.83 167.94
471.22 146.3 498.18 203.8
449.29 176.23 481.52 193.82
437.09 167.36 461.55 188.54
467.73 149.39 491.01 170.46
459.29 126.8 475.72 168.64
444.77 171.16 471.03 192.6
488.05 144.14 504.32 179.29
445.95 148.5 467.13 173.85
475.35 142.67 493.53 181.66
482.19 172.41 503.42 190.63
459.16 145.22 487.08 204.04
437.65 159.07 487.1 197.41
449.98 143.6 479.44 205.31
441.27 142.08 472.59 209.5
465.26 133.87 499.32 198.13
471.22 133.47 504.53 196.82
457.05 132.71 488.87 196.1
448.5 135.34 480.19 194.34
406.96 148.55 443.38 170.58
435.93 161.57 469.44 181.4
411.22 152.91 447.91 174.57
432.59 157.22 464.49 179.07
417.75 153.35 452.86 175.06
415.67 151.51 442.52 174.25
417.79 149.21 445.09 171.34
410.77 146.89 449.14 167.77
402.9 152.55 440.16 174.19
408.17 147.76 433.61 171.68
414.24 156.04 451.24 177.82
410.72 145.5 438.12 168.22
422.92 151.91 448.51 174.96
399.63 148.92 439.17 171.62
419.22 154.52 445.51 178.03
428.52 160.87 460.67 180.69
433.05 155.2 454.8 179.27
407.31 156.21 443.87 176.47
413.56 146.46 427.33 182.63
422.93 156.25 457.19 178.35
437.98 146.23 450.34 182.07
428.08 152.37 451.26 175.4
423.28 150.03 456.77 170.11
415.44 160.79 450.46 181.07
428.44 165.25 461.66 183.1
419.61 159.11 444.28 181.3
417.62 145.77 431.53 180.76
412.09 154.28 437.38 177.95
414.68 158.91 440.46 181.83
405.68 168.69 443.2 189.68
425.14 145.98 439.47 181.57
421.62 146.3 435.68 180.99
409.69 146.73 423.86 183.21
413.92 165.06 448.43 184.6
428.25 152.66 460.5 174.65
403.72 151.75 429.19 176.19
420.29 152.88 475.52 193.47
406.47 143.53 442.31 164.32
417.34 154.56 432.01 188.42
410.29 166.92 437.0 190.58
418.73 163.75 443.18 185.32
407.33 154.4 432.24 178.78
404.05 172.3 441.11 193.85
412.96 162.03 428.62 197.7
433.03 163.43 455.1 183.75
420.91 155.1 435.62 188.71
434.25 146.87 446.76 182.77
408.98 147.01 465.28 188.4
398.26 152.37 459.25 196.95
400.95 141.68 457.16 182.2
417.82 143.6 474.37 184.44
419.82 160.2 475.52 200.92
407.47 136.88 440.39 204.73
415.37 136.71 446.74 205.33
392.02 131.2 451.49 176.79
487.31 156.07 507.51 175.17
494.98 159.82 518.42 175.8
490.4 156.92 510.99 175.41
488.35 161.74 510.75 178.05
492.97 162.5 517.03 177.45
485.04 168.03 507.74 185.06
500.08 160.83 524.33 174.99
496.33 156.9 518.03 173.35
508.08 161.14 530.07 175.3
492.44 152.49 504.3 178.24
489.22 164.79 513.03 180.06
497.25 162.87 522.46 176.82
502.19 159.47 527.35 173.7
487.72 155.11 513.05 171.88
459.03 152.73 515.03 184.43
492.71 167.15 513.78 183.7
495.76 152.62 508.26 179.44
485.95 172.36 510.38 189.51
493.28 148.43 506.24 176.91
488.77 170.51 509.29 187.68
507.12 163.53 529.85 177.79
499.66 156.16 523.67 172.48
501.03 153.69 513.55 179.46
507.39 157.47 530.21 172.25
461.78 147.0 521.35 182.31
492.5 156.57 504.13 184.13
492.36 161.68 505.37 191.69
469.48 152.06 530.05 181.21
461.97 159.96 521.99 194.31
477.69 152.72 542.23 180.77
33.522 165.44 104.22 219.75
56.912 159.12 96.086 223.88
67.862 166.0 156.19 219.24
58.495 159.98 140.45 220.92
65.86 175.9 151.69 227.1
51.445 165.25 133.67 214.04
84.753 154.86 124.87 233.56
60.523 170.67 133.45 226.53
45.308 168.4 118.86 212.45
69.305 153.89 112.5 231.24
63.067 161.2 152.53 206.6
48.101 173.41 123.08 221.77
61.289 155.46 105.66 228.0
58.523 173.08 123.73 209.07
50.296 175.43 112.24 205.91
91.222 174.72 152.86 209.89
70.23 172.44 136.63 209.17
41.944 162.65 119.11 202.02
93.397 156.77 130.05 231.64
61.947 182.58 142.22 232.26
423.22 156.6 489.96 192.27
411.13 149.94 482.03 184.13
427.6 147.96 480.14 188.74
410.6 163.46 485.84 198.32
433.49 141.61 464.85 211.79
405.16 135.24 487.19 173.25
423.42 138.83 456.08 213.34
373.64 146.26 439.33 189.85
429.91 161.77 496.33 196.04
368.41 156.36 383.98 197.67
555.0 165.66 592.6 194.75
552.06 164.58 587.18 191.85
549.43 164.51 580.41 189.55
563.56 167.76 592.24 193.03
559.28 165.41 589.26 188.56
559.02 173.32 588.51 196.08
554.82 170.57 583.6 192.54
563.13 165.51 592.74 184.22
558.68 163.28 585.3 183.48
549.95 170.81 575.93 190.42
559.7 160.77 578.34 197.31
549.59 162.35 577.58 181.7
556.11 159.35 572.02 191.94
559.48 157.2 577.15 189.17
553.23 160.28 566.54 191.04
554.78 174.91 580.85 193.46
549.02 158.83 562.57 186.99
565.77 158.92 585.28 191.22
554.3 162.02 583.44 180.58
560.63 161.92 589.63 179.04
551.53 157.67 566.75 185.44
562.28 156.5 581.2 185.69
567.05 171.01 593.89 195.57
569.57 160.3 588.42 190.92
558.92 160.01 582.5 177.55
550.36 162.47 561.98 192.95
576.54 165.11 592.08 196.92
553.03 159.86 575.57 178.45
555.1 165.44 568.98 194.34
573.87 160.01 591.15 190.69
552.42 158.76 578.96 175.24
557.35 158.43 583.94 174.43
558.13 152.93 571.73 185.54
571.17 157.09 587.39 186.49
537.92 164.18 567.81 184.89
534.84 162.48 562.49 182.52
547.08 164.22 574.2 187.05
532.57 162.63 554.96 181.03
529.83 163.16 551.22 180.02
536.94 165.82 561.55 184.55
541.32 162.66 568.53 180.79
562.28 161.02 582.37 199.14
566.97 162.59 588.1 199.34
564.93 167.48 584.0 201.56
544.44 170.96 568.76 189.61
537.09 157.65 552.02 182.88
540.3 162.08 591.07 193.63
539.63 157.61 554.99 183.7
571.86 165.31 590.77 197.78
526.71 163.08 545.78 179.44
545.04 158.77 557.74 186.89
557.72 166.14 573.92 198.29
533.89 166.2 555.17 183.0
534.94 159.45 548.25 182.53
533.84 160.6 558.06 177.07
541.9 170.0 564.73 187.09
541.61 160.84 554.47 188.52
558.24 170.81 578.81 201.64
538.84 160.68 551.63 186.27
532.0 159.63 586.93 190.02
537.77 169.83 560.35 186.15
540.53 159.78 563.85 176.03
539.28 171.34 562.06 188.61
529.85 160.48 550.81 175.43
559.78 179.67 586.29 199.05
531.95 158.59 543.2 181.71
547.83 160.91 570.54 179.28
545.95 163.22 557.65 191.53
528.89 166.28 549.35 182.45
545.01 155.45 559.52 183.16
543.93 159.7 569.69 176.09
524.5 159.92 544.23 174.82
551.4 146.64 586.11 202.85
525.96 153.9 579.63 189.62
529.18 157.21 538.48 180.42
534.9 163.47 548.93 187.32
555.34 182.01 578.96 198.08
555.97 182.02 586.53 201.27
534.18 153.29 546.96 180.34
526.17 157.78 545.61 173.41
532.58 156.27 557.25 172.09
533.5 171.25 552.95 185.71
543.15 173.54 565.71 191.54
550.59 150.51 577.06 201.58
531.28 148.11 587.59 186.87
539.15 145.85 566.98 198.11
522.66 161.67 541.65 177.05
519.74 161.88 537.52 176.39
519.22 159.94 539.17 174.13
523.35 165.09 545.76 181.28
559.0 173.31 577.6 208.39
521.43 164.08 541.35 180.06
450.76 129.7 490.11 149.54
1151.2 212.04 1242.0 244.72
1158.0 219.02 1242.0 256.29
1193.5 210.23 1242.0 249.31
1174.8 206.11 1242.0 241.57
1189.9 217.55 1242.0 258.52
562.38 172.36 580.76 206.65
78.022 167.9 178.93 226.96
89.219 164.33 190.1 233.91
76.333 163.67 192.5 232.79
47.812 159.25 169.49 227.89
98.421 169.48 206.18 228.4
77.417 178.61 187.59 234.99
92.115 167.6 211.48 238.89
