662.33 184.76 694.61 207.69
651.89 175.75 676.41 197.15
678.52 175.67 688.82 179.14
649.77 193.07 660.57 197.33
648.61 179.29 655.46 197.11
671.17 166.74 688.64 170.62
663.28 167.36 667.69 171.11
646.93 183.92 651.54 193.45
688.99 178.59 693.75 187.68
692.22 150.44 701.47 198.93
694.82 147.94 711.31 205.25
698.73 190.16 702.31 203.05
703.74 184.68 708.03 197.97
656.12 145.45 726.95 212.49
671.24 157.79 688.77 161.59
722.22 145.05 735.83 213.75
717.96 177.3 729.15 204.52
704.59 149.14 713.04 193.57
558.7 186.4 560.52 199.58
664.31 140.85 751.92 223.97
684.62 158.08 689.97 161.77
661.41 166.45 738.38 204.06
662.35 158.84 740.16 197.49
677.46 166.09 762.25 204.88
670.78 168.44 733.84 211.45
681.03 163.57 741.58 208.73
652.27 167.65 709.49 206.31
667.13 172.22 699.49 190.06
674.11 173.31 700.99 197.75
637.06 164.24 708.3 200.46
638.56 172.9 704.79 211.77
672.2 171.09 704.56 190.26
644.53 161.19 720.49 197.02
681.28 172.81 706.62 197.07
659.9 166.75 720.77 208.39
680.24 171.1 714.6 191.05
669.63 149.86 701.94 211.93
670.64 169.08 702.52 186.53
670.52 163.83 700.81 230.82
680.14 154.59 707.91 216.66
653.26 175.39 689.72 205.24
658.48 174.71 694.54 203.31
652.07 177.14 680.18 203.37
650.86 173.79 688.79 198.17
659.08 169.68 678.86 209.16
644.12 172.63 698.81 206.0
662.4 167.55 682.37 205.57
665.79 169.58 684.41 209.21
669.55 170.24 687.29 207.94
655.74 169.49 674.99 207.47
653.66 181.2 686.59 206.89
650.94 175.22 676.99 199.57
659.29 173.54 690.02 194.25
653.79 172.6 670.04 206.87
672.28 170.07 690.56 205.13
664.09 173.94 698.48 195.48
649.17 177.25 672.4 200.85
653.1 173.34 680.85 196.48
659.22 176.04 682.25 211.73
668.26 166.24 684.75 199.75
660.98 166.42 678.25 201.07
672.29 167.21 687.61 199.5
667.92 175.33 704.14 200.12
656.57 161.61 688.05 213.72
662.27 172.6 694.68 190.84
651.31 182.94 679.47 206.71
647.71 174.87 670.64 197.46
654.83 178.92 675.19 211.44
676.5 171.09 693.21 208.21
652.07 187.84 689.19 207.37
649.89 172.92 674.44 194.72
670.66 173.33 691.91 210.27
648.28 172.77 680.45 191.18
652.13 180.66 671.05 210.8
642.7 174.06 672.76 194.23
675.26 168.28 689.83 200.56
658.01 179.74 692.63 206.77
661.19 164.91 692.02 216.41
655.86 171.68 684.47 191.57
670.61 172.6 696.54 193.31
655.1 171.07 691.25 188.35
650.8 161.71 683.04 225.06
674.75 175.86 709.97 198.58
667.45 176.04 688.44 210.59
645.32 171.77 669.06 193.05
645.59 178.26 668.49 200.16
665.5 176.67 698.02 206.43
656.25 163.87 672.0 199.21
683.94 166.38 697.4 205.27
680.0 165.53 693.7 200.82
650.09 170.29 684.32 187.81
638.3 171.24 670.44 190.39
680.16 176.58 715.84 199.49
652.37 163.36 667.57 199.07
688.49 165.44 702.8 206.55
670.45 160.89 698.53 213.93
648.12 169.41 672.17 189.3
646.01 168.97 678.67 187.13
644.02 168.33 667.42 188.55
650.71 177.26 667.81 211.42
640.28 168.25 672.9 187.32
684.78 175.01 711.65 200.97
687.99 158.38 703.61 200.61
685.51 173.87 719.92 195.12
690.27 172.03 715.32 197.19
685.17 169.58 711.0 193.19
648.53 189.78 682.83 208.11
642.59 174.35 698.18 219.46
716.42 167.85 731.91 213.63
712.66 165.43 728.37 209.99
708.82 165.45 724.21 209.47
704.54 164.9 720.19 209.14
719.82 167.64 733.87 214.61
710.6 171.94 736.11 198.54
700.62 165.11 715.65 207.8
696.47 166.49 711.22 207.38
692.1 166.14 707.23 206.69
711.92 158.17 727.92 203.19
704.96 158.54 720.36 201.28
702.83 168.57 728.84 193.26
698.22 171.66 724.74 197.58
708.18 174.87 733.16 202.19
715.94 157.91 731.49 203.82
652.24 172.86 665.8 206.22
633.18 165.64 690.07 205.48
643.23 173.16 664.55 194.79
644.08 175.72 666.26 198.05
634.91 174.1 664.84 193.78
649.73 151.64 683.38 213.45
647.33 168.13 659.84 203.98
649.33 165.19 664.12 202.56
659.55 153.18 696.97 210.04
637.86 173.37 659.11 194.93
640.95 162.65 654.67 198.31
635.42 176.53 665.78 197.99
638.03 162.91 651.03 197.61
640.98 170.4 663.39 191.51
645.38 163.75 659.67 200.64
637.18 169.87 658.31 190.99
639.66 152.35 656.23 193.59
645.67 153.91 675.37 213.55
633.17 170.81 664.45 189.29
648.41 160.78 662.99 197.18
634.24 170.06 654.1 190.89
643.59 152.93 659.62 193.97
632.97 147.95 648.67 188.96
639.11 166.75 662.65 187.84
635.84 165.72 658.98 187.28
630.45 174.43 659.38 193.07
631.72 154.35 656.86 180.02
641.71 169.82 655.53 205.66
634.68 160.07 659.85 183.57
626.56 153.47 666.03 174.46
633.33 151.66 661.13 176.86
649.77 170.48 662.4 207.61
631.36 166.43 665.14 185.77
636.48 178.58 659.8 200.02
626.73 156.74 664.87 178.13
624.57 149.35 665.95 169.81
637.31 152.37 665.44 217.33
706.27 173.84 742.79 195.6
634.54 164.29 647.3 198.6
630.55 164.31 643.11 199.18
623.58 163.66 678.17 204.91
619.08 155.96 675.64 200.57
575.69 167.3 586.85 198.5
567.62 173.43 586.44 192.74
568.44 170.65 587.9 190.18
571.91 167.47 582.54 201.99
636.14 147.15 652.76 189.23
640.26 143.86 656.84 185.27
636.43 140.79 653.43 181.64
