577.45 144.11 613.79 268.39
544.61 138.62 612.37 210.58
603.98 174.83 624.47 209.58
1204.88 131.26 1242.0 223.28
1237.38 154.66 1242.0 195.44
1233.36 177.93 1242.0 195.48
838.26 215.77 871.5 239.67
630.91 139.81 646.67 214.84
0.0 221.45 37.12 246.9
0.0 174.51 4.8 241.55
657.29 179.43 682.88 205.31
1228.88 215.62 1242.0 247.87
1117.52 233.74 1242.0 375.0
534.97 136.1 542.11 219.22
0.0 197.16 12.6 215.87
611.02 179.4 658.17 205.61
644.75 176.66 710.49 260.17
1199.57 210.52 1242.0 333.18
660.48 130.76 669.27 260.39
1054.9 184.05 1242.0 375.0
205.67 130.91 537.39 255.08
1075.4 209.18 1225.8 375.0
189.71 117.9 542.52 279.8
579.36 157.34 622.45 280.37
570.32 156.29 622.94 290.35
585.95 159.41 633.9 280.38
567.38 156.75 632.12 260.52
565.77 161.0 609.45 273.98
553.05 149.31 640.78 279.72
574.75 171.3 615.16 282.59
570.01 167.78 627.91 279.27
597.97 156.28 641.48 273.33
583.19 158.44 637.24 295.68
551.63 150.86 616.94 285.02
575.43 170.96 639.32 270.2
579.54 147.08 623.08 247.57
590.57 151.51 635.72 250.54
573.77 144.38 615.34 243.81
558.16 153.2 598.16 273.67
559.2 170.4 622.21 267.78
565.7 145.82 606.73 250.34
560.75 157.66 625.14 245.52
578.17 171.39 606.87 256.81
558.69 147.09 593.57 245.12
592.24 171.86 623.36 249.58
549.96 159.6 589.38 271.77
632.54 191.33 735.49 236.24
646.45 180.01 731.32 237.49
666.68 192.21 686.58 239.09
652.48 154.74 692.23 246.06
662.17 161.26 700.16 242.23
570.21 152.38 631.82 235.17
569.25 150.34 625.53 216.84
568.07 141.58 601.86 234.78
550.87 141.86 585.18 238.51
559.34 151.41 616.89 210.64
527.25 152.9 587.16 201.96
545.37 156.23 629.37 197.1
545.59 157.53 608.41 219.71
569.4 151.42 631.04 200.9
519.96 163.92 615.94 204.58
534.52 157.9 597.28 215.97
1121.7 254.06 1241.0 375.0
10.643 199.39 30.936 269.05
0.0 194.33 8.2161 250.17
0.0 191.94 24.857 256.85
0.0 167.65 8.5239 226.89
0.0 177.83 7.6794 233.29
0.0 159.99 23.525 223.3
0.0 153.07 7.9124 215.08
0.0 176.4 23.127 238.33
587.9 154.26 652.81 224.5
0.0 199.71 13.473 270.38
3.5677 198.59 21.999 271.17
6.7789 199.48 26.88 270.34
0.0 215.58 12.154 248.39
0.0 206.38 24.749 272.25
14.362 199.92 34.608 266.9
0.0 213.07 34.479 263.04
0.0 223.73 11.612 256.04
0.0 218.71 16.203 245.62
0.0 208.93 12.281 240.21
0.0 238.76 10.037 271.53
0.0 198.12 34.151 249.25
0.0 231.75 11.182 263.93
17.484 202.0 37.946 263.73
0.0 226.6 15.23 253.63
0.0 238.04 14.426 265.69
636.59 133.48 674.81 241.72
644.01 135.63 683.04 240.02
837.85 222.94 888.54 252.49
847.0 211.61 873.41 262.06
826.19 213.44 899.12 252.09
1224.0 128.63 1241.0 230.64
1205.0 154.29 1241.0 197.7
1216.4 147.87 1241.0 206.77
1208.7 126.76 1241.0 242.99
1201.1 130.68 1235.7 237.79
1181.9 118.41 1241.0 237.88
1190.0 130.87 1230.5 234.88
1214.5 146.09 1234.6 222.51
1223.5 139.1 1241.0 215.19
1195.7 147.84 1241.0 208.61
1211.3 149.45 1229.9 225.81
1227.8 141.5 1241.0 220.21
1232.0 140.97 1241.0 211.28
1218.9 136.39 1238.4 209.51
1180.3 137.1 1222.6 239.84
1223.2 106.7 1241.0 204.03
1211.0 135.86 1230.0 208.24
1218.6 149.16 1237.9 226.83
1184.9 154.09 1241.0 217.52
1207.7 149.55 1226.3 223.07
1207.6 135.11 1225.8 206.02
1223.0 150.86 1241.0 231.39
1203.7 154.85 1222.3 224.81
1231.8 154.32 1241.0 227.35
1213.4 116.83 1241.0 222.88
1214.6 134.36 1235.2 205.56
1204.1 141.67 1222.5 206.49
1227.2 153.25 1241.0 238.94
1199.6 158.01 1218.6 221.32
1181.9 129.03 1220.3 219.94
603.07 143.69 640.35 238.7
603.93 158.39 626.96 231.86
606.68 155.02 625.47 211.56
628.82 132.59 666.59 241.36
609.43 156.64 627.71 226.17
609.32 152.04 628.02 207.72
525.73 144.56 565.73 229.63
516.1 143.05 557.24 230.55
508.2 132.65 549.29 223.08
1226.4 205.92 1241.0 306.22
1224.7 230.52 1241.0 347.95
682.46 175.92 703.21 225.77
679.07 172.52 700.76 221.86
666.21 175.56 686.48 225.23
1233.7 195.05 1241.0 229.45
1230.5 198.29 1241.0 224.37
1231.5 202.07 1241.0 228.25
1207.0 199.95 1241.0 244.26
1217.7 193.57 1241.0 252.12
1214.3 227.32 1241.0 268.33
1211.2 210.31 1241.0 252.87
1213.9 218.99 1241.0 259.58
1234.2 202.28 1241.0 235.9
1235.9 146.01 1241.0 202.85
1235.9 157.25 1241.0 214.03
1233.1 156.32 1241.0 188.78
1229.0 162.94 1241.0 188.12
1233.2 164.22 1241.0 196.53
1229.0 155.13 1241.0 180.2
1229.3 170.8 1241.0 195.65
1215.7 135.9 1241.0 190.58
1233.1 149.09 1241.0 181.21
1233.3 171.66 1241.0 204.7
1229.9 178.41 1241.0 203.91
1233.7 179.23 1241.0 213.39
1230.6 182.34 1241.0 208.1
1236.6 136.55 1241.0 192.09
1214.6 127.14 1241.0 181.39
1231.3 148.03 1241.0 173.11
1226.1 155.93 1241.0 189.75
1222.1 158.04 1241.0 185.01
1226.4 164.16 1241.0 197.36
1205.8 169.73 1241.0 213.42
1233.6 187.11 1241.0 221.56
1230.6 190.43 1241.0 216.24
1207.8 161.82 1238.3 199.87
577.93 149.58 635.6 219.54
589.67 157.12 611.7 211.21
592.45 156.99 616.4 218.08
595.34 160.62 619.69 225.74
585.35 158.5 608.63 217.8
598.93 159.92 623.88 230.22
583.63 161.07 618.98 199.14
587.05 154.52 606.22 205.84
587.35 160.65 611.57 230.23
601.93 155.29 622.38 211.73
597.46 155.42 617.09 207.68
584.2 162.24 607.06 231.6
591.38 152.05 608.51 203.38
583.52 157.05 603.79 208.93
594.24 151.7 611.82 204.96
585.7 164.51 624.12 207.49
575.99 172.27 631.62 200.15
