260.56 177.16 368.39 233.27
441.22 179.09 511.26 224.29
571.11 170.86 656.25 248.63
343.34 181.58 462.93 248.94
426.7 188.53 445.62 202.09
0.0 178.11 107.17 265.23
103.52 178.54 186.36 232.53
715.11 164.89 738.38 200.94
644.22 182.92 650.47 192.38
638.08 187.08 654.56 196.27
479.01 147.52 541.58 210.6
39.62 196.59 114.2 217.13
715.44 148.11 747.33 200.52
732.01 194.58 738.86 199.36
555.38 153.78 573.09 188.67
735.47 158.11 746.07 190.33
367.03 172.29 408.26 194.59
736.48 175.7 747.42 194.45
814.45 116.61 958.62 240.59
