1003.23 145.22 1074.19 280.48
698.33 161.4 785.88 236.54
519.54 183.78 563.54 223.09
542.2 180.37 567.12 214.89
653.71 173.6 676.57 195.13
645.46 182.35 654.69 195.69
660.4 151.37 672.65 186.23
663.91 184.1 692.13 206.38
467.94 145.61 482.82 204.17
515.53 154.22 522.97 202.67
668.98 191.0 692.2 208.11
0.0 89.31 58.37 375.0
676.18 147.05 707.17 209.45
563.6 173.44 589.59 199.19
566.22 175.35 580.78 202.21
700.49 150.6 717.25 194.89
540.01 183.42 564.16 193.08
691.53 183.34 695.77 192.03
675.52 157.81 698.12 183.74
691.7 169.02 701.86 182.28
699.03 156.18 708.12 182.06
495.56 147.99 516.89 207.16
475.54 145.33 519.6 211.39
966.7 133.02 1014.7 213.88
