577.99 181.49 619.35 216.23
603.82 175.1 630.21 202.17
651.23 180.15 681.76 202.7
695.36 162.75 820.66 263.08
673.11 177.75 723.16 227.77
644.89 185.71 650.59 199.04
635.87 186.66 642.79 199.71
661.52 152.7 676.19 179.09
355.97 168.21 361.95 186.7
376.72 165.11 381.52 187.35
359.3 149.3 422.1 187.37
342.51 143.06 362.86 222.94
490.21 153.02 497.59 197.12
311.72 147.74 367.53 176.68
318.64 158.45 343.87 168.74
382.84 176.06 384.74 189.05
460.56 149.1 473.29 207.12
457.02 149.66 466.63 203.3
441.33 157.81 451.9 188.83
681.41 165.31 687.12 187.28
0.0 6.6 112.99 375.0
0.0 186.66 14.82 375.0
720.09 148.23 768.81 179.24
