669.54 174.16 743.11 236.46
530.64 172.05 627.31 260.79
635.87 174.32 693.67 219.3
707.61 170.11 846.78 267.71
356.5 177.64 409.38 192.71
570.61 161.61 637.79 232.79
638.16 173.58 666.78 200.63
470.03 157.31 477.13 183.44
704.65 147.95 719.06 179.33
671.58 151.18 680.73 177.03
701.23 154.27 704.34 180.09
481.14 151.68 492.24 191.91
346.48 170.8 368.66 184.64
383.82 150.08 393.66 195.91
337.9 152.01 391.19 189.33
585.51 196.25 628.68 201.09
517.57 153.94 523.76 184.34
528.99 177.73 538.26 191.85
398.2 179.46 416.82 188.9
634.64 183.91 639.27 189.16
241.42 184.2 247.6 194.82
352.7 175.87 356.95 184.35
416.0 150.42 425.04 195.39
569.23 175.15 573.7 179.63
438.96 151.28 523.49 188.93
178.34 194.89 238.27 230.5
270.33 155.15 370.36 189.21
289.9 146.08 424.3 210.01
