583.59 186.17 608.72 195.01
635.37 152.71 676.0 197.11
648.26 175.8 660.26 203.16
661.53 175.21 679.51 192.84
667.21 187.21 679.79 196.62
660.22 170.9 668.64 176.02
981.05 150.43 1046.01 171.82
463.44 191.78 479.43 208.82
898.34 169.22 938.82 188.6
966.27 144.47 1057.54 185.53
662.41 150.52 689.9 199.81
816.67 147.98 866.53 181.14
841.14 151.35 881.88 188.58
868.38 144.45 1045.09 201.21
1210.58 160.97 1242.0 202.93
1221.29 118.56 1242.0 204.69
255.53 147.32 389.52 211.9
947.01 133.82 1032.49 156.83
