341.79 158.08 381.56 271.2
691.98 170.64 718.0 251.94
378.9 167.18 416.25 271.71
540.71 178.89 561.06 214.37
532.12 173.41 537.59 203.77
489.13 150.07 511.78 200.12
506.54 173.54 523.57 214.22
530.74 151.03 540.35 203.78
475.09 174.16 502.28 223.52
641.05 155.93 654.08 203.86
638.47 175.93 651.6 193.49
644.81 177.03 647.21 194.81
469.84 148.29 487.96 201.63
696.29 190.18 704.64 203.23
613.31 175.1 634.39 200.58
622.82 191.72 625.11 209.2
714.19 153.47 723.15 202.18
603.14 188.36 609.53 197.16
611.06 190.13 614.42 207.17
580.64 177.71 598.49 200.02
477.99 157.83 484.26 203.39
634.67 194.13 638.21 216.06
710.99 151.49 742.12 214.1
794.08 208.51 800.72 231.12
659.92 188.42 664.08 197.16
521.61 183.21 524.54 187.69
667.72 178.69 674.83 196.53
675.96 185.88 678.61 199.02
648.51 196.59 650.41 227.06
685.48 150.13 695.77 198.9
695.61 149.9 706.0 203.34
952.86 191.93 961.72 230.49
948.94 190.62 968.69 238.73
680.97 150.85 689.12 199.47
287.31 125.04 355.41 262.57
