942.23 156.19 1017.51 292.24
1217.66 118.3 1242.0 248.66
1205.54 131.27 1242.0 195.54
1222.98 215.01 1242.0 248.0
1142.28 118.44 1242.0 247.64
1235.03 177.95 1242.0 195.47
1163.46 130.17 1207.38 232.64
1167.57 179.07 1242.0 375.0
988.58 222.14 1045.61 269.86
953.35 222.07 998.06 274.18
1124.26 234.3 1242.0 361.52
82.64 213.89 139.24 246.45
0.0 167.72 11.42 239.39
0.0 197.4 19.84 227.79
1207.86 242.75 1230.02 283.61
661.92 166.18 668.45 259.86
643.43 176.22 712.2 260.91
1198.3 210.57 1242.0 332.89
0.0 221.41 43.95 246.62
700.38 179.49 786.98 206.5
852.84 184.22 874.95 207.92
925.82 205.11 972.33 277.89
732.72 139.52 740.45 210.39
686.72 139.67 691.82 201.26
851.13 211.99 870.14 217.4
656.22 179.47 683.89 205.3
1079.02 210.93 1242.0 375.0
