598.88 176.69 660.44 229.59
742.54 170.15 878.57 268.83
1167.81 136.45 1242.0 234.74
784.08 170.21 805.56 266.0
795.63 151.02 818.12 188.06
780.15 183.74 793.4 188.51
788.05 183.53 798.56 188.23
790.45 183.39 801.22 188.11
741.29 145.1 775.57 209.1
1027.56 153.57 1075.2 191.79
848.77 199.88 889.71 205.23
0.0 112.82 38.79 309.71
1107.44 109.99 1242.0 218.71
1198.16 208.94 1242.0 213.34
1142.94 138.1 1242.0 163.49
1152.62 141.69 1219.83 164.49
1012.86 140.65 1104.77 159.58
707.42 148.85 733.86 198.26
692.12 151.7 712.86 193.02
692.92 151.64 716.45 196.17
691.44 175.97 694.65 188.47
845.95 150.88 941.07 184.47
1151.57 253.13 1242.0 320.81
811.3 136.87 843.35 201.46
