636.2 175.53 720.84 232.76
490.23 171.96 642.18 312.66
646.36 176.43 683.95 215.64
688.09 173.73 795.63 261.52
256.05 175.42 288.54 184.34
245.66 196.11 310.45 201.73
749.8 168.61 988.92 329.68
565.24 163.6 639.09 236.49
324.91 191.29 428.45 205.28
659.46 204.16 662.12 217.29
680.01 150.13 693.42 180.81
722.2 146.18 740.11 187.59
716.76 152.94 720.1 188.45
714.8 150.43 718.4 181.06
286.0 175.8 302.63 189.43
634.01 185.14 643.77 190.7
642.62 187.51 649.26 209.35
472.26 150.86 483.63 195.02
449.6 152.58 461.16 188.13
462.83 156.9 469.79 196.47
464.18 182.94 506.11 196.75
490.91 171.16 510.37 188.87
375.22 166.85 393.85 179.83
296.52 150.49 400.99 194.58
0.0 128.86 21.44 246.51
426.2 176.24 444.8 189.1
108.41 203.4 118.59 209.23
280.15 146.21 306.34 204.78
238.79 175.21 251.57 189.19
241.31 184.01 250.64 194.52
557.2 175.26 588.03 189.14
244.46 150.48 285.75 184.36
550.97 184.9 569.35 198.19
343.78 181.88 364.14 200.38
98.58 205.06 111.1 237.19
111.27 203.93 113.64 208.97
212.24 149.15 247.27 198.44
380.14 181.86 403.42 195.92
385.09 183.85 401.23 188.5
157.31 197.59 167.92 208.29
329.72 175.74 357.32 189.1
329.64 175.45 344.8 194.05
376.44 151.58 456.44 189.43
385.81 148.81 424.51 204.5
525.83 181.65 536.48 194.9
529.31 153.03 534.06 175.48
355.07 151.11 358.6 178.2
105.81 203.89 129.71 252.67
517.69 150.57 525.57 194.44
509.61 175.86 520.61 188.5
209.03 153.64 358.0 195.01
0.0 130.23 101.89 248.1
269.79 144.02 397.76 217.9
