600.64 189.96 632.66 203.31
367.45 183.9 390.73 197.89
237.06 192.08 313.95 227.87
404.84 195.86 427.46 200.48
388.22 189.31 396.45 198.51
372.68 153.01 378.9 189.35
332.3 151.44 374.1 179.56
570.69 195.46 584.59 200.58
241.16 194.7 253.69 205.27
562.09 198.03 580.05 205.03
524.64 200.08 571.02 216.97
550.59 154.52 578.61 208.12
544.41 201.12 573.01 210.09
278.98 149.25 367.86 202.56
725.49 148.37 798.11 193.87
1054.97 138.9 1220.48 217.92
14.41 161.68 188.17 223.45
183.68 146.08 323.73 205.37
1143.49 190.89 1175.76 218.98
66.31 142.13 296.33 213.84
68.25 142.55 203.03 208.28
