730.43 174.17 816.52 239.38
772.65 173.84 972.03 294.29
515.36 174.9 593.48 221.08
256.87 175.03 456.61 295.92
649.04 170.73 718.19 207.25
415.64 159.43 519.68 241.62
731.92 178.72 763.16 223.39
695.72 153.5 701.36 170.84
746.47 178.61 759.89 183.3
772.6 169.95 838.79 198.71
718.57 173.89 744.84 192.09
822.17 142.2 831.76 192.5
824.83 177.79 846.36 182.64
808.85 152.31 839.05 175.98
911.37 144.74 980.04 198.61
643.27 152.77 665.99 192.59
515.31 148.56 527.89 201.92
947.62 180.94 966.16 185.96
350.35 165.2 356.56 196.91
878.08 158.78 898.67 183.19
941.72 164.15 950.84 168.27
392.68 152.47 432.11 166.68
402.8 175.58 406.16 197.54
824.21 145.58 970.13 196.53
940.73 173.32 954.95 187.14
894.26 134.68 1058.0 206.86
1197.19 203.52 1242.0 225.03
