815.49 192.27 853.11 206.22
363.56 158.98 544.78 245.09
1038.49 190.11 1181.69 262.34
848.17 194.06 876.82 198.85
771.85 150.48 864.39 193.66
1053.57 136.08 1135.16 240.88
1027.75 76.52 1242.0 375.0
1163.06 166.51 1242.0 225.06
1190.22 137.51 1231.81 224.09
845.86 151.51 870.95 161.19
663.92 152.28 678.86 169.64
656.73 157.23 663.54 160.97
1034.64 133.66 1242.0 235.72
1025.6 78.518 1241.0 375.0
369.37 159.13 549.15 250.98
367.2 176.37 521.2 260.45
384.44 182.81 551.5 263.0
375.18 176.76 515.59 244.88
345.07 136.33 541.32 214.01
1063.3 156.54 1235.6 215.18
803.35 175.18 859.32 205.94
789.87 171.95 861.25 207.22
798.0 176.24 864.51 211.21
802.08 164.71 863.77 206.9
771.17 168.14 849.6 202.85
792.05 162.19 867.61 199.35
749.8 158.02 834.16 196.07
763.24 173.11 840.6 207.04
771.15 178.55 846.6 213.86
765.69 158.09 851.76 195.66
1065.3 181.75 1190.3 249.77
1063.7 177.81 1158.8 256.47
1041.1 174.61 1166.0 242.56
1021.4 171.11 1155.1 235.4
1056.0 176.62 1207.3 239.88
1066.6 191.53 1170.4 287.92
1023.3 186.8 1154.6 273.79
1163.7 169.84 1241.0 254.83
1167.2 151.79 1241.0 237.89
1172.0 134.63 1241.0 219.58
1147.4 197.92 1237.2 237.64
1134.8 160.04 1241.0 234.69
1137.5 183.78 1226.7 220.75
1190.9 179.35 1241.0 221.34
1148.9 151.44 1241.0 251.03
1137.5 141.42 1241.0 216.97
811.83 176.58 854.73 204.05
822.61 175.71 856.18 201.9
822.35 169.63 842.33 208.06
811.91 182.68 848.82 206.17
820.07 171.84 838.31 209.52
810.09 175.26 851.89 198.48
829.9 175.27 856.49 198.99
828.52 172.92 847.12 207.98
825.17 168.83 846.03 205.88
832.0 172.51 851.26 207.19
823.32 175.62 844.26 211.58
817.74 175.8 857.66 194.31
811.07 176.2 840.34 202.87
817.03 170.55 835.19 209.11
818.6 183.01 853.85 204.46
820.24 179.21 841.44 212.43
836.96 172.62 854.31 203.96
833.36 177.85 858.93 199.81
810.82 170.44 867.75 205.17
816.57 173.8 848.85 196.59
815.36 171.29 884.53 204.78
817.1 165.36 848.34 214.67
813.62 169.96 830.74 207.54
809.94 188.5 850.61 208.24
809.74 172.97 848.82 192.78
820.64 165.05 838.92 202.7
829.54 180.48 857.33 204.0
829.51 174.59 859.64 192.68
842.43 169.46 857.82 203.71
821.4 162.58 853.71 211.83
818.5 168.6 853.48 227.31
839.94 179.24 864.27 200.0
811.16 164.73 842.19 223.25
812.31 172.55 841.82 195.36
801.64 184.75 862.79 217.58
807.14 164.45 881.61 198.97
829.59 162.84 858.11 220.05
1030.5 166.3 1129.3 245.25
1077.7 147.78 1134.9 260.25
1064.4 146.15 1121.1 257.34
1053.0 135.16 1109.1 256.78
1060.3 118.59 1125.6 254.27
1029.8 151.84 1143.4 232.42
1075.6 116.55 1141.1 253.47
1079.3 159.02 1113.3 228.62
653.3 148.74 667.77 191.22
657.11 148.8 671.37 190.84
826.52 172.79 903.59 205.55
1209.6 162.76 1241.0 205.85
1210.2 154.68 1241.0 197.63
1217.8 157.92 1241.0 213.39
1186.7 125.07 1241.0 233.14
1175.4 118.12 1241.0 202.73
1218.9 142.06 1241.0 196.49
1095.2 186.9 1223.8 291.11
1089.0 182.97 1202.6 276.39
1058.2 180.09 1123.7 233.49
1077.2 180.95 1184.6 267.19
1051.5 181.79 1120.3 223.14
937.87 180.15 966.18 195.26
1061.0 186.37 1137.6 235.89
1080.2 185.1 1217.9 258.38
1082.1 188.11 1180.4 246.55
1079.5 183.26 1143.5 240.15
1098.8 183.24 1193.6 263.03
1058.4 181.09 1099.4 224.4
936.11 179.16 960.83 196.19
1086.9 182.48 1170.3 256.84
1090.4 207.3 1237.6 297.06
1116.8 185.86 1241.0 303.09
1077.8 184.79 1165.7 238.41
1117.7 179.6 1191.7 307.31
1075.2 172.07 1115.2 245.17
1091.9 182.13 1192.3 240.99
1106.7 189.66 1210.4 274.48
1044.0 178.55 1105.3 213.19
1063.1 176.58 1090.3 230.27
1108.6 181.08 1178.9 300.78
1124.0 169.78 1205.4 301.6
1062.1 182.79 1114.2 228.6
1095.9 199.15 1204.5 266.2
1068.8 181.78 1148.4 227.81
931.33 181.33 964.62 197.7
1062.1 178.95 1106.4 221.45
1051.4 181.24 1079.3 210.71
1054.4 184.07 1111.5 221.9
1109.3 191.87 1241.0 273.87
1059.6 178.26 1096.6 216.21
1044.0 184.02 1104.9 226.59
1137.4 177.38 1213.5 318.47
1068.6 178.49 1109.9 246.01
932.74 177.5 966.75 194.86
1051.4 180.65 1107.2 233.74
