254.13 175.11 358.09 217.32
700.27 189.12 733.38 197.54
897.19 175.61 919.8 179.36
254.8 147.93 315.25 187.09
935.94 165.81 942.11 179.2
298.8 172.65 309.47 176.39
830.9 179.44 861.95 184.29
251.82 172.96 288.72 192.41
263.67 177.44 302.71 182.61
270.12 164.89 301.62 178.68
254.33 188.57 283.35 197.85
270.63 164.73 292.66 174.53
586.71 178.42 611.61 192.5
572.38 152.47 588.38 192.5
555.23 192.91 590.65 197.1
247.06 149.32 278.07 174.76
759.68 173.67 788.11 191.87
757.02 150.74 767.18 191.41
794.28 164.83 798.98 191.91
785.27 170.03 788.36 183.46
745.29 196.67 795.33 199.97
335.78 155.57 341.92 178.13
340.82 147.9 345.45 171.63
901.07 138.58 944.53 221.31
728.63 149.34 823.57 199.19
247.84 185.86 266.17 195.91
255.03 192.39 262.15 202.38
1049.13 141.02 1120.79 205.64
225.01 192.11 261.77 206.95
0.0 140.64 79.02 239.39
1115.68 101.8 1242.0 302.94
830.99 154.39 1021.18 188.57
777.57 195.92 897.13 207.34
214.6 156.67 237.44 182.05
54.02 147.78 153.26 212.59
207.07 156.91 228.08 177.5
23.352 165.51 138.43 206.13
45.816 172.48 147.95 211.16
47.701 179.31 147.09 217.39
0.0 145.07 49.335 210.37
3.9166 171.66 105.59 213.22
0.0 162.1 51.06 223.08
8.1298 123.6 52.512 231.33
0.0 130.33 67.211 222.35
0.0 144.85 72.802 236.77
0.0 169.5 79.817 214.23
10.099 152.3 50.879 245.83
16.325 125.09 63.377 229.24
10.802 165.24 91.0 216.95
6.7877 154.97 77.421 214.49
20.24 145.29 61.187 235.88
18.022 155.61 100.8 212.03
1122.7 80.076 1242.0 314.79
1100.7 130.21 1242.0 312.3
1133.3 132.79 1210.9 300.75
242.91 175.57 356.88 226.42
259.32 173.69 355.51 217.19
237.82 174.01 361.45 226.85
247.33 175.0 338.64 216.01
264.97 174.54 347.76 207.83
285.11 176.48 339.35 198.99
278.16 172.42 352.97 203.08
278.7 179.09 340.06 205.73
275.59 176.77 327.42 197.86
224.81 163.22 370.37 225.34
276.96 173.15 327.78 191.83
270.01 179.45 330.8 207.41
280.62 176.53 364.41 218.81
269.47 177.28 359.43 229.18
260.73 180.73 328.96 212.73
245.42 167.21 381.12 232.38
275.81 155.46 332.88 247.14
234.6 175.86 372.8 241.82
247.08 172.29 327.22 206.65
262.22 163.6 348.53 194.88
261.32 186.73 329.65 218.63
236.24 167.23 342.52 233.77
277.94 162.42 358.64 191.89
278.28 176.42 343.42 212.81
247.16 163.4 334.94 195.9
244.57 194.76 345.7 231.12
258.07 164.07 338.91 203.18
255.55 144.19 387.28 226.96
258.3 156.63 344.07 188.88
250.47 188.58 337.48 227.98
265.48 195.24 358.75 232.83
274.0 155.63 354.45 186.02
275.17 189.14 349.05 230.56
1022.4 148.99 1131.1 181.55
1033.7 143.37 1134.8 178.81
1029.9 153.82 1127.0 185.8
824.79 143.51 991.58 203.36
843.91 151.38 1009.9 215.55
850.59 141.59 1023.2 206.7
913.34 162.86 926.96 191.17
916.31 161.7 930.27 191.6
920.38 158.71 934.09 190.85
881.72 163.33 958.29 191.48
909.71 162.97 923.98 190.25
870.72 164.9 947.75 192.25
893.9 162.34 972.37 192.04
892.32 159.39 943.89 190.95
908.59 147.4 932.78 198.42
914.63 147.07 938.53 200.92
901.92 148.63 925.82 197.91
908.4 153.92 931.45 213.46
875.66 160.87 930.36 191.26
921.11 144.33 948.04 204.16
760.26 176.79 793.15 192.87
716.32 157.39 795.0 193.21
734.15 156.39 822.43 193.63
756.9 158.83 845.1 192.99
712.8 152.27 793.54 186.4
715.72 165.17 792.8 199.43
748.47 150.68 833.72 187.67
724.68 150.11 812.87 188.52
747.74 163.23 826.42 197.95
729.25 162.83 809.66 198.24
758.03 164.84 840.46 198.63
759.4 153.34 820.19 198.2
736.06 153.31 798.39 195.62
752.4 147.09 815.45 192.89
695.31 171.66 732.82 201.49
698.75 171.11 731.01 195.9
692.28 174.82 723.92 199.39
694.12 173.0 724.99 192.21
701.45 172.13 729.74 191.6
703.31 174.33 736.56 203.47
689.11 169.83 735.61 205.31
693.89 173.77 717.36 196.43
701.87 167.0 723.3 204.94
699.3 168.41 718.81 204.49
695.96 170.81 715.73 206.4
709.93 174.16 737.15 199.95
705.72 167.83 728.26 205.09
706.44 164.61 725.46 200.93
706.37 173.08 734.73 195.44
698.15 171.81 726.8 188.61
691.69 179.72 728.05 202.95
702.23 172.95 727.04 210.89
693.22 173.0 714.21 192.7
701.74 166.03 717.89 197.82
711.11 169.48 731.11 206.75
695.16 178.96 718.79 200.28
709.74 170.84 735.32 189.49
694.53 170.99 721.38 187.12
689.97 175.78 710.73 195.74
695.24 169.03 709.48 200.49
698.61 161.5 727.06 210.07
704.79 164.44 722.17 193.95
698.55 166.89 712.54 198.12
687.15 172.45 713.7 190.47
706.68 169.63 731.89 188.33
725.44 159.31 758.37 176.08
691.11 169.9 717.33 185.88
700.1 160.79 731.82 219.8
696.58 169.07 747.14 204.57
717.38 170.76 733.96 204.48
710.63 164.27 728.73 195.02
685.68 166.48 742.95 200.12
715.82 170.43 740.2 188.86
702.36 169.97 727.35 185.63
713.83 173.51 737.91 194.9
714.49 168.42 738.95 183.61
729.87 158.66 754.2 177.12
714.8 176.29 742.27 198.17
700.16 180.98 733.62 205.85
723.8 163.27 755.16 179.41
718.77 167.36 743.65 182.92
694.62 162.86 754.5 196.2
695.38 165.9 707.14 196.57
717.17 174.65 743.69 193.51
713.75 164.93 730.59 199.93
723.26 167.5 749.54 181.87
696.17 166.31 761.13 200.93
694.53 175.03 711.19 207.09
719.67 164.37 748.19 179.06
696.84 162.24 727.62 228.71
720.06 171.34 746.14 187.35
730.36 157.16 762.28 174.36
722.1 174.98 750.26 193.05
729.96 162.16 753.13 179.88
685.21 169.56 711.88 185.26
684.74 174.43 709.22 192.4
726.16 169.71 749.76 187.62
727.62 162.91 762.97 179.36
726.05 167.07 757.38 182.31
692.27 182.77 715.96 203.04
720.3 160.59 750.74 176.01
685.04 177.7 708.51 195.64
701.26 168.09 731.27 183.75
681.09 172.39 706.28 188.11
692.04 166.25 703.42 198.13
722.77 157.24 754.86 173.28
698.62 173.29 722.97 212.44
707.43 174.3 729.99 213.04
683.7 173.64 743.67 210.95
695.27 163.17 722.8 216.95
678.62 167.2 730.71 202.94
708.97 158.88 737.93 224.14
670.17 163.11 733.48 195.47
692.8 161.24 721.13 228.33
691.62 180.29 741.86 222.11
687.16 160.19 712.15 220.47
697.32 176.87 764.52 213.53
261.2 177.83 313.54 198.18
286.22 173.15 334.14 189.95
259.63 176.69 303.83 193.77
259.88 178.68 317.4 204.37
267.5 176.12 315.48 193.54
254.2 178.32 305.0 197.44
286.3 169.41 331.4 185.7
273.03 176.32 319.18 206.74
272.81 175.86 313.37 199.75
264.36 177.14 301.64 199.2
260.0 174.34 300.63 190.81
285.37 165.15 332.19 182.2
272.09 173.95 318.1 190.96
260.0 175.56 293.98 194.83
282.25 165.39 296.53 205.45
238.14 173.92 313.27 212.22
232.81 169.24 308.42 203.49
235.62 160.25 318.56 197.03
233.92 152.85 323.88 188.42
269.8 148.11 309.83 215.17
247.54 143.86 342.67 180.65
232.53 142.28 323.62 179.97
240.08 134.13 334.19 172.7
785.19 164.46 868.24 196.57
246.7 171.76 319.09 220.66
252.48 180.56 307.47 202.58
264.29 156.15 301.25 220.89
241.44 175.85 306.11 222.16
221.83 151.27 307.93 187.29
570.66 164.44 581.68 192.18
566.41 172.33 585.61 192.8
567.47 164.1 579.77 193.59
570.52 172.06 588.79 192.09
575.3 164.9 585.46 191.89
566.16 174.92 593.06 191.0
564.07 168.84 582.84 190.69
578.01 165.32 588.54 191.36
573.93 172.42 591.19 191.81
561.8 171.71 590.45 188.86
573.76 170.1 585.88 197.77
573.41 158.77 585.16 190.43
566.03 166.31 584.56 188.95
570.45 169.08 583.57 198.16
561.61 174.62 589.15 191.77
576.98 158.67 588.63 190.37
564.27 164.57 577.33 195.82
577.12 170.42 588.97 196.55
570.42 167.24 588.49 189.0
579.46 167.99 590.74 194.22
559.46 165.09 580.38 187.26
575.46 174.91 594.63 193.09
560.8 172.78 581.27 192.56
567.59 177.58 594.39 192.65
560.12 168.49 590.97 186.12
570.83 153.74 582.9 188.59
573.16 172.28 584.7 204.07
569.35 178.85 588.13 196.1
573.27 175.33 600.49 190.4
567.84 168.82 581.37 199.35
573.71 167.62 591.16 189.19
561.18 143.08 591.44 211.98
566.14 141.7 599.83 215.06
192.5 148.8 264.13 191.01
186.71 153.13 258.58 199.0
203.31 155.24 268.75 196.01
778.05 166.77 797.63 187.12
758.92 171.97 790.03 189.5
777.74 170.05 797.97 191.24
761.23 171.4 783.02 190.93
782.68 164.56 793.88 193.74
754.3 174.79 786.59 191.37
773.09 167.92 804.72 185.01
763.98 174.44 796.7 191.64
772.93 164.77 804.35 181.95
768.14 170.89 790.85 190.7
768.33 171.04 801.95 189.32
765.33 168.72 786.22 188.54
779.26 164.75 790.78 193.67
785.39 161.63 796.59 191.86
769.36 167.39 790.59 187.98
764.59 168.31 796.61 185.61
774.8 163.81 795.59 184.57
766.33 165.33 777.9 192.33
758.84 168.19 781.1 189.58
760.63 168.87 791.54 186.47
766.66 158.42 778.43 189.26
746.59 175.42 780.27 191.7
754.85 171.37 778.41 190.64
772.96 160.93 804.23 178.69
776.93 160.29 797.0 181.14
780.76 162.7 801.51 185.15
770.36 163.0 781.32 191.12
763.7 160.76 776.24 191.91
777.35 174.6 810.35 192.32
747.42 172.19 780.5 188.85
774.76 161.82 785.97 191.64
770.94 174.0 805.27 191.65
779.95 159.46 790.77 189.15
783.06 166.14 804.02 186.95
773.63 171.61 796.06 192.89
782.64 155.54 793.86 187.74
782.77 170.13 804.57 190.68
770.13 163.49 791.38 184.15
788.07 161.63 800.15 192.67
776.15 170.72 809.22 188.84
765.23 164.01 798.12 182.07
752.55 167.94 786.06 186.17
763.33 166.41 775.29 197.65
762.59 164.17 782.54 185.74
766.3 164.11 786.34 184.56
779.19 172.41 801.32 193.74
767.14 151.9 778.53 184.95
777.68 163.26 810.29 181.53
775.14 153.42 786.28 185.42
771.37 152.64 782.27 185.4
749.64 177.69 784.55 194.57
766.13 176.68 799.62 193.74
782.79 176.15 815.25 192.45
758.16 164.0 779.75 185.73
785.09 166.68 796.73 198.07
749.69 173.33 772.94 192.32
769.72 159.11 791.02 180.51
786.64 170.33 809.99 189.6
765.01 159.97 798.36 177.97
786.11 155.1 798.04 188.38
778.88 159.47 812.7 178.72
762.98 151.3 774.8 186.79
745.55 167.74 779.43 185.21
760.52 164.42 772.04 194.81
784.31 158.62 807.24 181.75
789.77 153.78 802.46 188.08
786.37 166.21 809.17 185.54
769.94 168.52 781.22 195.42
756.92 174.45 780.68 193.99
771.85 157.09 804.24 174.77
766.47 159.26 786.98 180.28
772.33 176.34 808.38 194.1
731.66 158.28 768.65 176.62
786.95 174.63 811.49 192.81
775.99 142.51 809.16 213.63
768.73 141.74 801.6 213.24
727.69 160.07 789.78 202.04
714.68 170.56 791.34 205.62
745.04 141.31 777.57 211.38
753.01 141.34 785.28 210.53
761.69 140.48 793.43 211.4
829.59 170.13 858.74 183.31
831.27 166.49 858.08 179.93
831.12 173.22 862.2 187.08
832.41 161.45 854.58 178.03
835.16 170.22 863.41 185.0
824.8 172.82 854.78 186.87
834.65 166.4 855.62 181.98
819.87 169.81 848.16 183.86
827.76 162.64 854.15 176.2
827.9 176.51 859.8 190.24
818.43 171.88 848.02 186.91
820.78 166.01 848.55 180.48
823.93 175.94 853.58 190.39
836.06 161.22 862.06 177.16
839.09 166.18 859.84 182.47
830.29 158.76 857.27 173.57
833.6 176.23 864.36 189.21
819.81 161.69 848.56 176.11
818.22 174.99 848.1 190.87
838.23 158.1 851.83 182.78
814.03 167.5 833.16 186.83
817.47 168.74 837.05 186.22
818.73 157.35 829.96 191.03
815.67 169.58 843.01 184.7
811.51 171.48 840.24 187.74
816.9 171.29 837.43 189.48
817.1 165.32 836.39 183.19
841.52 157.69 853.34 182.2
835.21 157.67 863.0 173.92
838.2 166.05 867.39 182.59
822.23 159.08 833.62 189.64
811.55 162.81 830.03 182.74
814.86 165.69 843.15 181.03
811.58 174.77 840.76 191.53
814.38 159.27 833.63 180.77
818.88 163.57 830.32 196.83
820.29 161.53 841.96 178.16
808.33 167.87 837.75 184.0
827.64 178.96 860.17 193.04
821.79 164.51 833.5 195.45
835.6 158.94 848.89 182.88
841.31 168.27 865.65 185.08
811.44 169.64 830.07 188.81
816.71 160.12 836.77 179.77
832.24 154.87 855.61 172.93
808.22 163.67 837.04 180.12
842.94 160.64 864.35 179.13
814.42 173.0 834.46 192.25
838.65 161.5 867.57 177.96
845.49 156.97 857.14 183.33
822.49 177.84 854.95 193.68
819.53 158.67 848.73 173.43
810.98 160.03 839.8 177.83
802.14 161.25 883.64 191.71
802.03 153.67 883.14 187.94
600.9 172.67 630.41 187.68
599.66 170.02 628.37 185.31
606.83 172.38 636.63 187.52
613.13 170.02 643.27 185.05
592.86 172.16 622.58 186.56
601.67 165.8 624.6 185.27
591.99 168.7 623.59 183.72
599.18 170.15 621.69 186.69
598.07 165.82 627.79 182.93
605.49 158.82 619.54 187.76
293.86 172.53 330.31 193.94
288.44 173.29 323.52 193.13
287.77 174.02 327.87 199.22
295.49 169.35 327.2 189.39
288.53 169.47 322.18 189.28
293.53 152.45 333.71 214.16
298.56 163.74 312.29 194.97
895.35 164.95 937.87 180.83
901.89 162.95 939.88 177.97
902.47 165.8 941.86 182.84
886.78 165.53 933.3 179.74
893.08 164.16 934.09 177.65
905.43 162.13 946.85 178.77
905.72 163.67 937.27 182.0
897.72 167.23 938.97 184.97
892.79 164.73 929.12 182.59
885.75 167.63 930.52 182.69
894.64 162.24 936.37 175.52
909.35 161.4 941.54 180.5
890.06 168.89 934.48 185.48
889.09 162.85 924.85 178.82
904.83 166.03 934.49 186.19
903.35 168.11 946.65 187.55
908.53 159.94 947.35 175.35
914.19 161.36 947.98 184.12
915.05 158.27 926.42 184.68
886.69 161.48 930.17 177.4
874.2 158.43 944.06 184.14
886.79 164.1 920.39 180.67
910.68 159.08 923.15 185.36
917.52 157.97 929.41 185.38
915.91 156.02 927.77 181.22
907.55 158.64 920.13 184.57
921.41 155.26 933.9 183.22
881.57 169.79 929.51 186.03
904.43 158.37 916.41 183.14
925.13 153.92 939.32 185.22
902.64 172.61 940.0 187.94
903.14 162.03 916.59 187.63
883.84 158.56 927.56 174.92
894.57 156.27 951.79 186.67
250.92 161.53 283.62 227.38
273.08 162.75 313.58 228.83
257.0 163.75 293.38 228.54
309.54 163.75 324.3 200.8
313.13 165.19 328.46 202.14
316.6 163.96 332.74 203.37
320.82 163.57 336.77 199.32
908.69 162.55 953.47 182.41
914.33 158.41 956.56 179.56
912.78 165.03 958.71 185.29
910.34 168.04 955.98 188.16
909.16 153.46 973.93 189.3
816.02 157.32 826.71 191.13
811.67 158.88 829.62 179.83
812.05 153.03 823.41 189.14
816.46 163.08 827.02 197.02
807.87 162.59 826.99 181.92
782.86 141.03 815.44 216.93
289.94 173.04 341.28 194.59
296.31 174.09 336.94 199.65
301.38 172.75 335.26 193.82
307.18 172.27 340.7 193.98
305.59 164.39 320.49 197.83
302.53 163.85 316.37 196.15
308.16 161.89 323.0 192.75
297.58 169.28 339.03 186.74
304.43 163.86 318.8 205.66
302.99 169.12 332.99 189.1
305.98 173.59 346.01 201.19
319.33 166.89 336.58 209.21
310.5 164.3 328.25 209.09
322.39 167.52 340.64 209.92
201.34 165.18 292.37 201.0
209.76 173.06 289.78 210.17
293.68 175.9 347.83 200.85
