497.58 174.29 566.15 225.83
679.56 159.75 754.21 229.37
664.85 177.61 684.76 214.09
659.84 179.61 674.87 206.5
720.02 153.83 972.98 332.23
822.86 186.29 1242.0 375.0
565.18 183.75 575.5 193.25
491.64 146.49 599.55 203.3
547.59 167.49 551.63 184.34
545.3 167.27 548.24 179.65
522.47 170.99 543.62 179.48
524.36 166.91 539.39 175.93
497.72 180.46 517.89 185.01
712.5 147.67 725.84 164.02
703.58 149.65 711.24 168.45
697.72 149.63 706.79 169.17
721.51 147.64 730.46 163.32
469.55 145.95 505.79 210.28
814.93 210.73 1242.0 375.0
749.2 180.02 984.8 312.25
748.94 150.52 985.87 312.47
747.29 176.53 948.61 340.3
744.75 157.26 943.19 301.98
714.74 157.73 957.01 325.42
655.47 170.12 722.72 214.33
661.88 169.95 738.02 221.22
672.78 163.8 757.1 228.98
666.31 175.27 725.11 211.07
681.76 167.98 767.06 224.17
649.72 162.79 765.16 230.35
694.82 155.26 741.68 236.5
684.96 160.45 728.13 237.9
677.8 171.52 731.72 213.32
702.75 158.63 747.83 230.91
674.65 169.64 722.76 208.83
710.99 164.68 748.43 236.23
663.37 161.82 727.64 213.92
656.31 164.71 728.19 203.71
705.43 158.08 726.36 218.0
692.03 165.77 764.49 212.85
679.77 158.02 746.57 213.21
709.08 158.75 729.98 214.09
677.0 159.83 754.92 203.07
692.77 147.99 734.07 226.64
685.16 148.13 725.92 224.35
683.83 175.05 784.63 231.0
689.28 167.39 733.84 209.87
684.4 142.83 737.64 246.84
691.39 147.18 749.0 252.7
668.8 177.97 752.91 234.71
698.0 167.73 744.28 209.56
706.91 153.17 726.0 203.67
675.49 129.98 741.49 242.84
710.6 154.47 729.52 203.82
689.4 176.16 743.66 211.06
693.37 162.46 733.38 198.63
696.85 164.35 737.76 203.84
687.32 172.76 739.48 205.95
682.26 165.95 723.03 202.97
682.68 174.8 738.78 219.2
689.46 169.06 741.75 200.17
705.34 165.5 751.04 210.35
699.69 170.6 776.02 234.91
659.6 166.95 758.79 243.77
704.41 161.86 745.22 199.98
676.63 183.11 730.17 217.4
688.76 171.88 750.12 217.51
698.21 172.24 754.63 204.85
688.71 183.48 741.33 217.54
709.05 167.27 765.38 218.19
693.22 160.41 767.86 200.75
701.39 127.78 762.03 246.92
695.73 142.45 729.33 216.47
704.39 144.2 738.18 216.84
493.24 174.54 566.04 229.83
505.97 174.33 568.83 221.01
510.05 168.6 553.17 235.13
490.27 175.16 557.24 219.46
511.63 178.19 565.81 230.6
502.5 169.12 544.74 241.01
520.31 169.49 559.77 232.81
479.7 167.79 575.64 240.67
498.66 173.25 561.53 208.47
515.3 174.25 559.62 212.42
501.42 181.09 554.25 214.71
522.26 172.79 556.6 203.93
500.89 184.65 559.85 222.98
529.52 171.67 561.37 234.59
507.19 175.11 550.27 211.92
498.96 151.72 560.23 255.91
527.31 164.0 545.99 213.74
515.1 161.31 556.94 227.27
517.13 176.34 563.46 200.1
510.9 177.99 565.44 209.43
527.89 166.94 552.02 220.02
508.05 176.64 557.89 201.62
497.25 179.01 548.42 209.4
524.46 170.53 555.11 196.07
495.65 166.03 538.22 231.69
527.54 174.09 563.36 209.91
505.82 176.78 564.38 221.39
518.33 166.9 537.96 216.2
524.2 163.88 540.86 212.5
524.03 166.23 547.63 220.94
524.51 177.67 568.87 205.75
505.86 172.84 552.46 194.86
512.34 173.1 548.13 204.36
511.53 172.62 572.04 205.7
498.93 176.82 547.78 201.88
502.68 174.34 540.88 211.45
481.19 172.37 548.08 216.64
521.49 166.39 542.78 218.82
526.58 169.76 558.28 225.72
517.44 179.97 567.54 223.78
502.64 188.47 554.74 230.93
487.21 171.21 549.49 206.69
515.32 166.54 541.56 221.32
516.78 170.2 549.86 197.12
521.08 163.49 537.43 207.64
507.32 172.4 548.31 253.28
526.54 177.1 571.84 221.84
520.6 171.36 578.04 202.54
494.42 174.16 538.77 245.25
511.07 171.18 538.78 226.29
529.26 166.84 564.19 255.71
523.97 174.47 574.5 208.27
510.83 185.99 563.42 228.22
508.98 171.62 543.15 198.04
496.49 188.95 550.14 223.49
529.57 184.63 568.61 225.12
486.49 190.46 566.28 234.41
493.65 177.22 538.0 200.9
488.74 180.55 536.69 209.72
508.27 167.33 534.57 219.7
493.19 185.33 547.07 218.55
527.25 164.07 539.45 198.93
525.26 184.94 571.24 216.35
494.41 161.46 558.62 206.73
508.71 149.09 549.91 225.12
472.01 167.99 541.0 205.95
496.69 164.64 593.51 241.87
501.11 149.43 539.92 224.09
502.35 162.17 571.59 196.35
474.98 177.51 540.77 219.52
485.9 161.68 556.42 196.14
528.09 149.77 560.12 222.46
518.89 163.43 582.65 196.32
480.76 159.2 542.71 202.0
529.22 163.11 593.26 194.45
474.36 160.07 609.1 229.03
501.28 166.56 524.79 221.75
496.53 172.0 521.33 224.74
495.0 165.98 524.19 231.82
494.34 145.84 530.11 218.74
654.91 174.13 702.21 209.67
659.36 172.64 711.68 211.41
651.63 176.74 696.01 205.88
658.72 173.34 710.81 211.21
651.71 178.86 688.33 203.11
650.65 171.83 703.69 213.37
655.99 172.28 694.19 203.34
652.39 179.33 675.21 201.2
656.78 179.13 697.17 212.01
664.43 169.02 687.85 215.06
653.25 170.88 704.89 202.82
661.29 167.77 684.32 211.64
653.29 176.82 684.35 197.83
681.01 160.95 712.78 225.13
668.72 166.14 696.77 219.73
674.09 164.13 702.04 220.81
665.55 165.89 685.62 206.49
671.6 165.85 695.35 215.78
668.22 164.57 690.42 210.88
660.3 172.76 678.48 209.41
664.1 168.3 707.52 204.76
674.84 167.25 700.11 219.02
693.31 158.13 714.55 215.3
651.25 178.44 673.31 197.36
679.79 164.99 702.91 215.65
659.37 164.3 693.85 215.23
670.81 153.85 707.07 220.88
655.46 176.76 667.97 203.93
657.85 173.01 671.46 207.24
689.03 160.77 710.24 213.03
662.01 179.72 710.13 215.99
663.63 155.89 699.9 218.13
661.48 170.88 677.97 202.28
656.17 173.35 697.12 194.6
685.22 162.38 705.96 211.24
673.79 162.39 693.5 207.7
667.49 171.44 692.2 223.19
677.67 161.61 697.91 209.43
695.98 157.13 712.76 203.53
683.89 167.0 708.31 219.7
656.16 182.65 692.49 207.99
652.77 181.22 681.66 204.48
657.61 173.58 686.59 195.93
657.77 169.51 709.64 195.31
682.11 160.66 701.86 209.42
665.0 166.4 681.72 200.46
654.41 173.96 667.51 199.34
693.52 156.19 707.84 196.92
648.37 177.77 669.3 195.98
645.36 165.84 714.21 202.74
661.53 177.32 686.38 217.6
653.39 174.72 665.42 202.68
661.75 176.67 680.5 212.78
661.24 185.11 700.04 211.59
687.48 165.39 713.93 221.23
662.66 167.31 676.97 197.93
654.87 174.61 680.03 195.02
668.01 164.76 685.01 198.43
690.45 155.45 704.32 197.29
696.15 150.53 712.71 192.04
679.49 173.27 706.63 223.78
671.85 162.55 686.67 200.63
644.68 177.99 665.17 195.65
660.54 171.48 691.14 193.46
656.21 158.6 684.93 212.8
635.21 169.83 702.25 205.02
642.7 176.18 667.01 193.39
685.4 155.82 700.89 198.45
658.92 167.75 671.32 197.59
640.86 160.67 697.59 204.78
662.2 161.07 690.04 234.62
656.69 166.17 682.22 224.13
636.78 171.38 688.01 209.48
685.72 165.97 738.8 195.83
699.83 151.61 716.75 193.06
684.38 164.28 733.49 190.39
694.01 160.77 725.82 189.14
702.03 159.91 739.51 195.16
697.84 158.06 728.46 183.97
711.86 151.41 728.25 193.89
694.53 163.13 746.05 192.14
686.66 162.37 731.86 184.99
700.86 158.87 733.52 188.52
687.87 163.58 718.71 192.18
688.22 158.98 729.75 180.26
693.86 161.74 739.91 184.71
704.2 157.75 746.8 179.64
677.2 166.45 726.97 194.32
703.71 153.38 721.62 198.85
688.88 163.62 725.2 197.03
719.45 152.79 737.7 199.49
716.19 151.83 732.94 197.07
666.62 168.1 721.24 194.91
514.85 166.48 533.87 216.54
511.07 165.22 529.98 216.5
519.44 172.03 547.85 192.13
505.96 173.55 545.98 190.68
514.21 172.67 543.57 192.62
508.8 163.56 525.18 211.5
543.08 174.2 569.02 191.82
547.27 175.12 573.11 192.4
530.98 172.7 561.86 189.27
537.52 172.64 565.95 189.44
547.76 177.62 572.96 196.07
524.85 172.5 557.69 189.67
530.55 175.98 565.49 197.8
533.87 172.77 559.43 195.12
539.55 173.33 562.17 194.55
539.34 175.37 562.46 200.31
533.47 174.0 560.7 201.43
542.7 177.38 568.6 196.38
531.59 170.3 554.64 188.65
531.15 169.46 561.83 186.43
537.45 165.62 553.44 203.77
536.63 175.95 564.57 208.3
515.77 172.62 552.71 189.79
537.35 169.14 566.43 185.12
548.57 170.96 562.08 209.49
545.67 168.2 558.63 203.18
533.6 165.44 548.6 198.66
537.35 163.85 551.94 193.3
549.46 169.53 561.14 201.56
541.13 177.39 566.44 205.51
539.54 169.12 561.7 187.0
534.1 179.21 569.98 203.35
530.25 164.31 544.49 200.14
541.27 166.02 555.23 197.32
554.16 169.73 566.32 201.72
544.47 169.32 566.07 188.0
546.53 177.69 569.25 202.4
530.92 165.98 554.93 184.6
531.1 181.2 572.36 208.66
522.99 169.7 555.62 186.09
525.99 170.3 551.65 189.41
529.07 165.04 561.18 182.09
536.19 164.86 566.51 180.18
587.55 173.9 607.02 190.99
583.08 175.17 604.08 192.3
593.01 170.51 606.07 193.07
580.73 173.55 600.79 191.3
552.44 175.56 578.33 192.56
561.87 175.1 585.34 192.72
584.64 172.94 602.71 189.82
572.95 175.04 595.35 192.84
558.49 174.49 581.06 192.83
585.86 172.28 606.27 188.05
590.21 172.71 603.81 195.35
552.08 177.73 577.61 196.47
556.27 177.82 581.89 195.17
566.69 174.9 589.61 193.0
542.41 169.05 562.17 222.85
535.62 166.75 554.6 213.15
591.99 168.68 604.12 191.58
544.72 169.86 560.01 212.19
589.28 171.24 600.73 194.57
540.82 168.13 557.65 211.97
537.35 167.72 559.1 222.32
546.72 170.96 563.96 218.87
578.74 171.49 597.43 189.83
587.84 167.3 598.74 192.27
534.07 177.41 566.27 214.49
583.89 169.13 594.29 193.4
561.06 171.82 582.12 190.32
561.52 172.44 576.01 200.7
578.59 168.15 589.57 193.95
574.96 170.58 594.0 190.41
558.05 170.96 571.61 201.81
564.61 170.99 578.5 199.82
574.64 168.21 585.63 194.96
547.65 170.63 575.7 187.12
569.73 169.49 581.14 196.01
554.8 170.58 581.64 187.2
570.95 170.04 589.89 190.54
552.25 169.26 566.08 214.62
590.56 164.07 603.83 194.7
564.65 170.52 589.27 188.65
594.46 172.99 607.28 200.13
578.92 177.02 598.84 192.19
566.0 166.99 580.34 196.69
581.28 160.04 594.62 195.65
586.14 172.79 598.93 200.71
557.0 169.2 570.59 212.67
578.46 179.68 601.04 195.01
577.74 158.49 591.15 195.36
537.09 161.2 564.01 223.68
540.79 168.74 603.04 197.46
628.8 168.2 643.18 191.95
631.75 168.23 645.02 195.12
630.63 173.64 650.97 189.91
530.65 164.69 550.55 213.41
768.02 175.2 1063.6 339.44
730.3 168.31 1009.0 338.61
876.96 206.72 1215.2 362.77
809.24 179.6 1118.9 348.55
844.44 200.27 1148.8 357.38
741.58 155.84 1242.0 375.0
590.26 173.4 610.72 190.46
875.4 167.96 1172.0 352.63
942.47 216.55 1237.8 375.0
768.84 189.52 1020.5 295.0
582.96 95.233 1208.8 375.0
852.76 155.07 1210.8 327.91
874.76 250.52 1241.3 375.0
650.79 125.08 1128.8 375.0
892.69 224.75 1169.4 375.0
800.44 215.93 1094.4 366.99
911.23 220.54 1147.0 347.33
929.94 173.57 1224.6 329.2
672.15 166.94 787.82 234.89
756.45 168.34 962.73 264.69
798.0 117.4 923.09 355.33
841.3 157.78 1103.5 320.85
727.98 171.19 932.9 283.64
872.97 218.48 1104.9 338.03
