917.78 139.36 1012.48 311.94
963.03 207.29 1048.35 278.91
1240.03 181.58 1242.0 256.66
1225.09 214.83 1242.0 247.82
1203.58 118.3 1242.0 248.79
1205.49 131.31 1242.0 195.49
1234.84 154.66 1242.0 195.44
1234.24 177.95 1242.0 195.44
1161.66 130.62 1206.55 232.64
1138.81 118.5 1242.0 255.5
926.87 220.86 971.84 276.9
1125.58 213.78 1242.0 375.0
1125.41 234.77 1242.0 361.69
867.25 225.18 896.45 254.2
211.92 130.96 538.09 255.06
862.95 207.16 933.79 278.26
917.94 220.37 945.58 266.23
1200.39 210.79 1242.0 332.94
909.37 230.85 945.64 258.31
0.0 174.52 2.19 235.54
0.0 185.23 18.72 233.32
853.01 184.22 877.45 207.96
83.93 214.05 136.6 246.48
979.05 241.35 1059.34 370.81
1101.09 133.32 1154.56 265.66
838.76 215.75 872.79 239.64
843.3 191.28 902.7 269.02
851.18 211.99 869.95 217.42
403.56 234.28 428.15 255.73
0.0 172.02 95.25 246.58
188.22 117.66 548.0 284.41
1154.6 188.73 1241.0 375.0
933.85 145.0 1022.7 325.68
918.51 151.08 1042.1 310.64
949.46 150.09 1033.9 320.52
913.52 161.69 998.04 321.51
888.02 159.75 1026.9 305.48
942.2 155.73 998.36 292.71
947.62 166.8 1017.5 312.61
938.85 142.81 1019.3 282.01
935.77 165.45 1007.2 305.15
936.27 163.32 987.56 290.39
908.37 134.2 989.24 306.64
926.86 129.81 1002.1 280.88
1160.8 142.6 1241.0 239.16
1165.5 108.27 1240.0 281.01
1114.4 141.07 1241.0 245.22
1150.3 114.75 1225.9 273.54
1134.0 123.91 1241.0 236.07
973.99 229.59 1045.3 363.6
0.0 174.61 69.419 269.66
1223.9 128.27 1241.0 230.75
1209.1 135.59 1241.0 261.35
1200.2 149.71 1235.0 264.43
1183.5 117.11 1241.0 239.42
1214.1 125.56 1241.0 240.24
1200.8 129.2 1235.9 239.21
1178.4 142.55 1241.0 263.44
1189.8 129.48 1230.3 236.07
1210.9 146.17 1230.1 221.25
1214.2 142.22 1234.7 219.53
1180.8 129.67 1222.0 231.32
1207.7 145.66 1226.0 218.13
1172.7 138.14 1213.0 237.45
1208.3 113.27 1241.0 225.17
1121.1 252.31 1241.0 375.0
0.0 200.64 7.5091 256.12
0.0 168.65 7.7617 225.18
0.0 178.58 7.2322 231.45
0.0 190.49 7.3345 244.52
874.39 208.86 964.38 250.3
892.69 191.46 933.51 268.45
894.93 210.23 913.79 260.35
937.32 178.34 1028.2 287.99
955.33 194.39 1022.3 309.53
963.5 180.87 1030.2 300.35
933.42 218.47 1035.6 310.29
958.7 183.02 1045.5 284.25
933.37 202.33 1053.7 258.9
948.61 194.67 1061.2 249.65
1223.1 151.93 1241.0 253.65
1236.1 186.07 1241.0 243.38
1235.9 173.35 1241.0 231.73
1216.1 171.56 1241.0 232.07
1233.4 195.44 1241.0 229.62
1223.3 174.34 1241.0 256.98
1218.8 174.86 1238.0 256.18
1214.3 176.16 1234.6 255.79
1210.6 176.99 1230.6 253.44
1231.2 202.13 1241.0 228.31
1214.8 184.37 1241.0 244.84
1232.3 179.07 1241.0 252.76
1227.5 165.71 1241.0 253.03
1224.3 171.85 1241.0 274.34
1232.0 166.32 1241.0 241.32
1223.5 159.93 1241.0 241.21
1211.4 160.51 1230.6 239.09
1219.1 160.28 1238.0 240.06
1214.8 155.44 1234.7 236.48
1234.2 202.57 1241.0 235.68
1227.5 151.84 1241.0 233.16
1218.5 193.23 1241.0 251.53
1213.0 154.16 1241.0 277.54
1212.2 210.19 1241.0 252.54
1237.5 194.16 1241.0 255.06
1226.5 194.23 1241.0 231.14
833.82 222.45 881.12 254.2
809.88 204.48 854.72 225.16
823.87 189.98 841.08 232.2
830.37 157.22 879.33 178.41
823.97 164.51 872.86 184.54
883.54 188.9 902.95 233.4
880.29 184.65 898.51 231.02
884.46 184.62 908.29 230.75
856.11 205.19 909.41 226.62
833.53 160.82 878.41 180.93
881.32 191.38 897.5 238.31
931.47 197.7 996.77 307.14
112.38 235.5 158.93 258.13
113.11 215.33 160.04 238.36
114.06 219.0 159.74 242.61
113.73 227.93 159.63 250.47
114.81 222.98 160.64 246.55
108.21 232.74 154.24 255.84
115.12 231.51 148.84 261.23
1225.9 205.32 1241.0 306.45
1205.1 154.32 1241.0 197.6
1235.8 161.72 1241.0 218.58
1235.8 150.04 1241.0 206.56
1204.3 162.19 1241.0 205.52
1206.3 147.37 1241.0 190.37
1216.7 147.87 1241.0 207.19
1205.9 140.16 1241.0 181.93
1233.5 160.03 1241.0 192.54
1229.6 162.89 1241.0 188.18
1236.5 139.11 1241.0 194.57
1233.6 152.02 1241.0 184.48
1230.0 154.86 1241.0 180.22
1216.0 134.91 1241.0 190.41
1223.0 104.31 1241.0 203.67
1205.8 131.68 1241.0 173.04
1215.0 126.08 1241.0 181.49
1204.9 123.46 1241.0 164.12
1189.9 154.04 1241.0 198.17
1185.0 162.12 1240.8 226.14
1195.3 148.33 1241.0 208.85
1230.8 147.56 1241.0 172.99
1176.5 99.579 1241.0 188.95
1231.9 144.62 1241.0 214.42
1223.2 138.58 1241.0 214.68
1233.1 144.89 1241.0 177.04
1227.6 133.75 1241.0 212.0
1174.3 155.18 1238.8 218.73
1218.7 138.51 1238.0 214.7
1216.2 109.57 1241.0 165.39
1207.6 134.41 1225.1 206.63
1204.1 140.56 1221.8 207.29
1202.4 185.52 1241.0 229.54
1230.2 198.46 1241.0 224.42
1233.1 187.3 1241.0 221.91
1229.8 190.49 1241.0 216.44
1207.7 199.36 1241.0 243.78
1194.3 190.77 1226.9 233.59
1198.2 186.55 1230.2 230.65
1206.1 190.97 1238.3 235.16
884.41 208.06 945.76 231.47
881.59 205.14 939.27 226.77
881.89 210.56 942.18 235.75
905.76 207.47 926.28 261.54
898.14 209.66 917.28 260.31
902.12 209.04 921.74 261.0
1188.8 153.09 1229.8 260.75
1179.3 154.64 1222.3 255.63
1172.4 157.7 1212.9 253.66
1166.1 157.53 1205.8 250.07
1157.6 158.72 1197.1 246.55
1149.1 159.7 1188.5 243.6
1140.2 159.58 1180.7 242.02
1204.5 178.62 1241.0 221.91
1205.2 170.38 1241.0 213.79
1233.6 167.88 1241.0 200.67
1233.2 179.58 1241.0 213.74
1229.8 170.8 1241.0 195.9
1230.0 182.56 1241.0 208.4
869.83 200.58 923.19 222.66
864.65 204.6 919.24 226.2
875.39 196.9 913.9 225.74
861.76 201.52 913.67 223.3
867.77 207.11 922.44 229.49
860.07 208.11 913.32 230.31
384.36 202.5 400.53 239.29
1072.5 130.19 1138.9 259.54
1086.0 126.09 1155.6 264.6
1102.6 121.92 1172.8 266.27
956.17 154.28 1014.7 296.08
922.21 182.13 1048.2 328.22
927.59 144.71 1042.9 276.33
935.39 188.29 1016.7 330.46
952.41 149.15 1005.3 278.48
966.05 151.86 1027.8 286.49
881.81 169.02 1059.4 279.49
921.79 141.5 1042.8 361.67
885.82 134.38 1069.1 340.25
958.68 145.03 1038.5 293.07
910.47 219.68 1040.6 328.99
