568.28 173.84 622.6 224.92
403.61 189.39 480.43 230.73
663.2 152.71 682.71 196.38
659.16 153.34 668.62 188.67
643.08 179.13 662.35 193.42
822.6 165.65 853.99 188.53
801.86 173.76 828.25 192.72
806.02 151.36 812.79 187.33
807.34 193.35 863.09 197.05
742.91 193.88 790.37 197.46
743.06 196.7 790.32 201.08
763.63 200.54 801.42 204.49
666.66 151.26 688.79 196.7
453.89 150.8 491.5 204.94
623.65 197.35 697.66 204.01
421.53 152.72 446.11 188.71
455.0 157.88 463.4 170.92
623.58 151.22 701.34 200.14
442.45 149.49 454.8 185.11
411.48 152.83 427.72 167.33
412.04 184.54 415.14 194.49
376.48 150.4 418.53 206.81
369.86 183.69 399.89 203.15
340.15 144.21 393.42 226.5
0.0 132.36 0.55 189.82
324.65 149.08 367.98 210.27
275.65 145.32 353.72 208.69
285.07 174.62 350.72 178.86
371.22 175.7 379.83 179.45
568.34 174.3 625.59 227.3
571.77 177.0 625.34 225.71
564.86 174.39 618.35 217.44
577.23 169.38 616.21 230.78
573.32 174.23 617.38 216.19
575.36 175.08 626.65 217.26
568.92 173.87 608.28 213.93
571.68 168.66 607.97 230.62
589.55 173.54 619.49 206.54
575.09 171.81 610.95 208.72
578.97 176.57 627.76 212.47
596.01 168.58 618.46 221.83
590.2 167.28 616.6 222.99
570.77 172.73 603.14 207.94
579.97 167.08 605.02 222.4
600.01 169.66 616.52 213.57
568.29 168.52 593.12 222.95
581.11 175.06 621.0 204.93
583.1 168.84 614.82 226.39
576.34 166.13 600.45 222.0
594.83 173.94 618.58 196.96
585.78 168.97 619.39 228.04
595.91 177.06 626.57 199.81
597.36 175.25 624.56 194.65
565.27 175.44 607.44 204.12
580.61 180.07 629.7 227.65
586.05 174.09 630.54 215.55
561.59 183.67 625.56 231.98
594.97 175.57 623.13 208.11
571.91 172.33 629.43 208.39
567.75 178.21 614.84 222.11
590.94 173.13 621.72 194.41
574.29 164.99 593.43 218.38
591.08 165.48 611.34 217.74
574.13 182.71 627.69 218.95
578.11 171.37 608.1 200.86
585.49 165.34 606.69 219.75
585.07 172.46 617.76 195.56
592.75 177.89 629.13 204.83
570.62 172.88 606.66 197.64
583.78 174.27 619.44 246.19
567.34 175.55 595.48 211.69
597.77 166.28 614.07 207.05
577.22 172.14 608.51 228.04
559.67 171.99 616.19 206.14
567.09 168.57 598.29 229.57
590.98 177.03 624.78 214.55
571.82 172.13 600.24 201.21
593.62 170.03 621.58 234.31
578.82 165.24 597.49 210.35
583.01 164.93 602.01 210.07
568.01 175.96 591.65 204.93
589.65 175.19 621.23 228.75
588.07 179.61 630.63 209.48
561.49 178.83 606.82 210.07
564.13 177.02 597.39 201.38
547.88 163.53 641.86 242.34
597.12 166.58 623.64 225.58
597.44 168.8 623.85 226.81
585.68 181.27 626.53 222.55
576.9 184.88 624.08 229.96
589.75 161.81 621.06 222.01
566.86 179.81 600.73 218.72
582.82 174.11 609.07 194.36
575.77 173.45 603.3 195.25
573.31 148.77 612.01 226.57
588.53 174.88 644.43 207.71
584.22 169.95 639.79 202.55
567.76 173.72 599.83 195.59
583.72 179.76 643.11 218.36
570.41 172.22 600.18 224.4
562.51 163.22 619.55 209.07
555.66 169.52 606.09 211.76
580.58 151.11 619.45 225.9
580.71 166.2 596.34 202.89
585.24 167.01 600.61 201.97
568.92 146.86 602.39 226.36
536.61 155.11 631.29 237.25
594.34 166.28 608.83 200.71
553.02 176.33 610.96 218.96
576.56 164.54 591.45 204.13
568.92 191.49 625.19 227.36
561.59 179.84 593.55 208.44
589.46 166.81 603.88 201.85
587.11 179.71 618.55 235.44
564.32 159.8 593.83 226.38
581.02 178.0 610.8 235.48
589.86 170.62 651.42 200.15
594.62 167.44 624.83 253.33
556.14 191.69 632.01 233.76
558.04 162.12 626.61 198.43
590.97 145.79 625.16 221.01
576.52 162.45 633.36 205.33
563.6 163.01 598.24 249.96
550.21 170.92 598.23 214.79
582.26 161.83 648.62 195.79
562.74 145.3 593.46 218.79
599.38 149.02 629.39 216.53
591.26 183.04 643.21 227.61
538.8 168.24 607.03 204.61
551.94 160.97 604.4 203.06
549.1 178.03 598.79 227.27
546.48 161.11 613.27 195.89
578.42 189.08 650.2 231.04
582.3 190.6 635.12 239.23
570.86 195.3 640.74 235.45
560.78 152.1 620.15 194.85
403.55 184.11 478.04 233.89
417.69 185.17 481.33 225.37
421.53 173.65 459.01 242.1
423.46 174.3 468.03 235.06
415.4 178.26 454.66 247.58
432.69 177.11 471.14 232.73
372.75 179.35 496.43 240.11
415.75 187.9 473.55 222.79
399.24 196.93 478.53 239.19
418.94 184.13 471.37 209.62
412.12 193.34 471.37 227.72
430.75 181.13 467.42 246.03
407.94 180.32 468.7 223.25
424.21 182.69 483.2 215.5
424.01 181.97 468.74 217.58
430.5 183.55 478.01 207.62
383.28 173.15 483.81 248.92
425.5 187.75 478.85 218.66
425.36 179.23 463.14 251.59
396.84 183.5 462.88 235.97
432.68 174.03 455.34 223.53
406.45 172.33 448.48 242.87
432.7 183.04 473.97 202.75
431.27 181.3 492.43 221.38
412.27 186.01 465.03 208.4
427.53 178.14 484.1 210.16
431.8 181.65 477.17 215.54
423.1 183.67 467.49 202.16
399.61 167.88 499.31 241.53
428.7 176.01 452.19 225.9
393.39 183.5 459.38 223.43
429.63 182.86 464.89 206.08
407.79 188.58 462.12 219.03
403.11 196.23 463.58 228.83
412.58 183.6 456.08 201.46
397.41 178.36 462.85 212.18
413.03 180.58 449.34 262.52
386.37 176.76 451.2 210.03
386.8 203.62 474.15 241.98
416.4 174.09 479.97 204.48
387.81 192.72 450.98 235.67
382.52 185.36 449.78 229.72
408.56 175.13 468.2 208.32
429.27 171.36 492.13 201.52
399.59 172.17 464.27 203.63
422.1 161.08 459.58 222.8
431.98 163.12 467.02 222.26
389.38 170.1 455.62 202.27
430.52 184.37 487.65 230.59
414.27 158.42 451.65 223.91
293.8 173.14 380.7 210.28
347.8 158.41 431.45 194.53
361.96 166.39 438.41 200.13
378.42 180.3 446.83 220.73
346.19 173.02 424.16 209.26
367.89 158.85 444.01 193.0
374.97 174.38 445.35 207.79
345.83 178.96 423.38 217.79
356.17 150.54 437.35 188.22
401.11 166.51 431.86 236.17
366.8 181.78 436.22 219.73
376.96 168.92 447.72 200.48
396.18 167.46 422.81 238.44
354.94 176.81 410.06 223.62
348.97 164.33 410.77 206.32
339.61 166.09 423.22 201.96
323.18 162.98 409.9 203.03
309.31 171.62 395.88 211.93
324.93 172.02 411.65 209.33
368.28 159.76 402.58 245.13
336.31 158.22 368.46 244.34
343.28 155.06 377.35 245.3
350.58 157.79 385.94 247.78
314.49 156.29 401.51 195.41
360.17 156.1 394.15 245.19
309.7 179.09 396.45 219.36
307.13 164.25 395.99 205.43
294.1 180.22 380.73 216.95
442.33 177.07 468.37 223.56
438.5 176.32 463.06 224.19
447.44 173.64 465.43 215.3
447.46 174.34 470.91 220.54
436.8 176.75 494.76 209.52
445.84 170.35 477.36 227.86
453.37 174.2 482.08 233.9
445.32 174.84 508.94 207.51
442.02 180.69 506.27 216.83
436.64 169.89 502.09 200.03
645.6 169.98 671.05 187.39
653.13 173.71 673.57 192.84
648.65 172.35 676.39 189.35
649.22 175.83 675.82 191.76
652.14 178.07 673.06 195.41
649.78 169.07 677.47 186.42
612.5 170.29 672.67 198.56
621.25 167.34 685.22 198.39
623.52 167.27 669.81 204.46
627.12 160.43 699.71 194.8
624.88 171.64 698.66 204.74
626.06 161.34 680.09 200.92
614.17 178.0 684.28 212.08
622.61 174.76 673.45 216.28
632.22 164.29 692.51 203.43
593.49 149.74 710.47 231.89
623.87 180.03 699.72 214.27
633.42 166.78 711.18 200.89
438.59 173.03 457.15 217.96
411.0 175.01 440.43 190.84
412.36 179.06 443.9 195.39
803.65 166.78 830.24 184.54
808.71 167.89 832.33 184.78
797.22 166.26 825.34 184.32
794.76 168.36 823.71 186.7
813.55 167.45 836.26 185.13
802.0 163.45 828.99 179.85
806.79 165.32 829.36 182.14
797.51 162.59 825.55 179.18
815.42 169.02 841.1 185.81
811.08 173.15 835.02 187.94
810.2 164.37 833.45 179.57
805.32 169.87 828.45 186.05
800.39 172.16 826.66 188.13
814.23 173.56 838.94 188.81
813.62 163.66 826.34 188.31
820.24 171.9 845.73 187.74
811.31 163.75 823.36 188.85
817.72 173.89 843.26 189.29
822.82 168.41 844.72 186.43
813.56 164.18 838.1 179.93
816.98 164.67 828.36 188.35
821.76 174.37 847.62 189.7
821.37 164.91 832.51 188.17
795.48 161.19 825.3 175.83
825.85 171.0 848.1 187.97
800.74 162.1 828.78 176.37
819.49 166.14 846.96 183.84
809.73 167.58 822.54 191.35
825.94 164.38 837.55 187.39
810.49 175.49 836.71 190.06
814.86 175.95 840.85 190.77
825.14 172.21 855.57 188.69
803.72 175.06 831.69 190.02
826.29 168.79 857.52 186.33
790.87 160.95 857.21 189.91
819.0 163.42 840.8 181.53
830.06 166.33 841.85 189.45
797.22 175.04 826.34 190.51
823.97 165.82 852.78 183.91
821.14 168.65 833.09 191.99
806.62 162.67 831.77 176.09
821.94 176.81 849.19 191.84
800.25 159.34 875.99 191.27
803.46 156.4 856.14 191.49
795.97 162.12 865.64 194.48
804.21 148.61 828.78 200.85
812.22 147.42 837.58 201.59
809.42 155.59 867.49 194.04
819.09 148.03 844.75 202.84
644.35 175.67 668.44 192.33
644.13 178.89 668.28 195.08
647.33 172.49 667.84 191.59
643.89 183.52 668.86 198.28
643.46 187.83 670.15 201.78
647.52 185.6 669.5 200.9
615.69 176.7 665.81 214.6
0.0 108.03 14.057 218.14
0.0 154.03 20.708 214.7
0.0 139.09 19.381 197.53
0.0 122.78 20.385 180.77
0.0 150.2 26.455 200.33
0.0 126.11 25.549 174.96
0.0 142.31 25.328 191.64
0.0 107.68 21.323 164.52
636.92 177.52 657.94 194.85
640.61 174.29 660.29 193.23
637.48 173.71 657.84 188.99
641.39 179.79 661.09 196.33
639.62 172.6 660.74 188.11
644.07 171.44 664.61 190.75
646.25 170.79 657.71 197.4
643.08 178.81 657.62 207.16
646.25 177.07 659.52 204.68
648.88 165.07 660.38 196.1
652.39 170.91 664.24 198.76
635.57 153.08 663.19 210.09
639.1 153.97 668.5 214.3
635.43 174.27 656.63 193.55
634.01 176.93 654.16 194.79
638.31 171.11 652.18 197.28
634.88 180.74 656.03 197.75
638.79 176.02 653.5 201.04
635.79 175.04 653.66 190.92
641.97 171.67 654.94 197.8
639.35 183.51 660.27 199.15
641.39 175.44 656.14 203.0
644.39 167.52 656.74 195.85
643.32 184.69 663.83 199.82
631.48 171.72 653.5 188.13
637.55 177.48 651.7 205.46
630.82 174.67 648.65 192.75
629.64 181.13 651.14 198.38
636.41 173.49 649.45 198.45
637.87 170.65 649.01 193.94
629.25 172.76 647.73 189.45
634.41 170.67 642.99 196.23
635.11 177.21 648.44 207.19
628.69 152.47 656.04 212.73
790.98 166.86 820.85 184.98
788.6 169.04 819.16 187.56
787.74 166.58 813.84 186.59
783.56 170.67 813.83 187.99
785.5 169.63 808.73 189.16
786.79 164.83 818.73 182.51
781.43 168.49 811.32 184.65
785.89 173.26 815.39 189.42
769.87 168.29 799.41 183.62
791.6 162.1 821.76 178.32
775.93 168.24 806.77 184.12
775.2 170.74 806.77 187.26
792.34 162.7 816.66 181.08
781.81 167.79 805.21 186.75
793.94 172.25 821.6 188.58
783.94 161.18 815.15 177.65
785.73 164.34 809.69 184.98
780.73 164.93 811.31 182.1
788.99 161.52 812.86 180.69
782.68 172.18 804.99 190.64
792.2 170.58 814.86 188.58
776.94 169.12 801.97 188.84
772.09 162.71 800.01 178.43
776.88 173.81 806.69 189.85
771.98 169.74 797.74 187.76
775.98 161.13 806.14 177.61
794.17 165.15 807.16 193.84
776.99 163.73 800.72 183.39
790.54 166.0 803.49 194.45
807.21 166.93 819.18 192.22
798.01 165.06 810.32 192.69
772.04 174.43 801.79 189.71
781.38 161.02 804.51 180.39
786.51 173.5 806.93 191.37
808.68 163.3 819.54 189.06
802.46 166.21 814.5 192.82
776.74 160.66 800.34 180.0
772.34 161.16 842.82 190.33
803.57 163.18 814.88 189.42
798.59 160.96 811.33 188.97
783.62 159.51 813.7 174.27
787.26 166.61 800.21 195.59
794.47 160.03 808.04 189.48
784.99 175.68 812.89 191.07
807.92 159.41 820.58 185.53
790.68 159.83 803.52 189.95
776.72 159.02 805.95 174.36
787.12 159.81 799.56 190.71
772.91 160.49 801.68 175.12
784.61 159.56 807.2 177.15
778.1 174.11 801.1 192.22
780.91 158.89 803.23 176.89
788.28 159.78 811.08 177.44
793.67 168.89 806.73 199.4
792.06 174.82 821.33 190.73
771.89 158.75 826.83 193.0
787.65 158.22 842.85 189.29
787.72 150.15 813.68 206.37
780.1 149.53 807.83 206.46
795.78 149.48 820.14 203.19
759.6 166.29 785.41 180.81
753.2 167.4 782.43 181.78
759.26 164.37 783.87 178.0
765.98 165.9 792.01 181.74
763.98 164.52 787.3 179.36
746.86 167.94 778.29 182.14
761.39 170.02 788.21 185.37
758.9 168.62 784.04 184.4
754.22 164.78 779.26 180.57
750.93 170.67 781.68 184.82
767.83 163.53 792.24 179.03
744.96 170.97 777.03 185.03
765.77 169.0 791.36 186.07
748.23 163.09 779.62 178.06
748.06 164.44 773.11 181.47
771.32 165.06 795.27 183.15
745.04 166.14 770.47 183.02
739.23 172.2 771.79 186.24
743.85 169.54 769.96 185.46
758.48 174.3 785.13 187.46
762.88 174.45 790.12 188.18
767.21 174.47 795.68 188.88
761.23 162.76 785.83 175.44
749.22 174.17 780.11 187.18
765.69 162.53 778.82 185.21
755.58 172.01 780.93 186.49
763.25 162.61 775.81 185.41
741.61 165.27 777.23 181.03
736.81 175.19 769.82 188.47
768.46 162.89 781.13 185.8
736.96 168.64 771.41 184.08
729.43 172.86 763.52 187.81
759.54 163.1 771.33 186.96
754.81 162.49 766.6 187.17
767.85 165.01 782.2 189.6
750.92 162.28 763.97 187.66
741.7 163.56 769.12 181.87
772.26 165.16 786.31 191.37
741.59 162.64 819.91 193.99
722.35 163.57 806.75 195.05
782.6 165.43 796.22 194.93
782.37 155.71 795.21 186.28
777.37 160.31 790.5 188.29
625.27 175.29 645.35 192.21
623.8 177.5 643.97 193.96
622.55 175.33 640.04 192.55
633.45 185.36 656.7 200.58
617.51 175.57 636.34 194.16
615.06 177.96 637.75 195.22
621.15 180.4 641.05 197.03
639.23 186.81 664.59 201.17
612.6 180.85 637.54 198.74
621.24 171.47 634.36 200.52
625.39 185.27 650.21 202.5
614.09 173.2 638.94 188.44
627.11 171.72 637.59 198.75
621.43 171.37 640.17 188.34
621.93 170.54 646.67 186.45
634.04 188.66 654.45 203.39
634.85 191.03 658.87 204.61
627.34 162.63 652.63 225.32
618.17 156.3 643.35 217.83
422.62 174.09 443.79 224.83
