541.69 180.72 573.55 208.93
540.71 170.99 545.19 193.96
675.45 174.08 706.8 210.27
588.14 186.63 609.84 195.52
699.79 164.61 775.27 240.49
703.52 148.01 784.59 207.81
537.2 176.09 540.17 188.55
531.33 175.73 535.68 188.41
693.03 150.36 697.37 172.79
526.79 175.59 531.15 196.9
519.71 170.04 526.61 196.76
630.41 170.76 742.8 197.55
729.6 116.9 948.88 296.39
829.07 138.89 938.6 158.06
908.18 135.16 989.37 205.56
774.53 152.45 807.96 167.26
836.5 142.07 884.11 152.01
802.27 144.37 836.03 159.19
758.7 140.96 938.36 290.13
706.37 107.59 972.76 266.23
702.47 95.479 945.82 305.25
738.33 123.91 968.42 326.51
701.97 138.38 937.24 325.93
697.85 170.15 767.47 227.96
690.54 173.8 756.4 223.1
698.13 167.76 780.58 237.03
711.31 173.2 798.91 230.6
685.11 162.78 793.58 235.37
679.09 170.36 752.54 211.69
714.05 163.47 760.26 243.73
709.7 168.4 792.25 245.0
710.49 166.31 750.66 236.9
697.62 166.82 804.89 243.4
722.5 161.64 775.44 258.23
672.0 159.89 774.47 232.52
690.25 170.92 765.91 212.66
693.79 180.08 770.27 235.47
698.84 174.75 746.4 216.24
730.58 170.95 807.26 216.38
730.42 164.96 783.9 254.87
705.36 174.64 759.29 219.01
695.39 184.0 790.85 245.44
704.97 172.45 784.37 215.1
685.8 178.7 745.89 211.2
718.76 163.44 743.94 225.15
706.56 178.39 769.99 226.64
697.13 182.35 754.92 218.05
728.26 166.95 801.52 227.86
678.7 166.83 774.97 249.49
700.12 148.22 754.37 258.27
689.74 182.55 750.76 233.17
717.47 172.71 769.03 255.61
721.76 161.57 764.76 235.18
702.79 182.63 748.07 225.47
703.1 135.27 776.66 250.38
725.34 163.27 745.57 220.39
714.14 171.89 753.39 210.8
731.48 159.19 773.61 232.37
716.57 182.39 803.92 237.51
722.38 164.85 748.9 225.93
710.08 174.22 752.95 254.06
706.06 188.78 763.86 226.22
708.31 146.69 744.92 227.96
691.46 158.01 758.41 210.49
727.7 163.15 751.17 223.82
715.72 145.99 754.34 230.33
723.41 173.91 800.56 251.17
693.01 191.78 765.59 241.11
686.19 180.91 785.2 269.2
674.55 186.58 805.39 265.76
655.57 157.41 765.98 224.5
657.24 162.45 727.89 202.95
651.69 168.49 712.68 208.41
644.9 153.41 742.1 227.72
646.08 161.13 713.64 199.25
661.28 175.29 712.2 218.22
622.73 140.36 736.75 225.22
649.28 152.76 728.37 190.92
678.13 161.16 760.19 200.16
707.17 174.56 756.37 206.31
732.2 154.01 813.99 189.45
692.56 161.28 778.11 199.94
722.6 160.43 807.28 198.4
818.47 150.63 912.31 188.3
836.22 150.13 927.54 189.87
817.98 144.42 915.34 181.5
856.26 152.66 944.13 189.65
842.75 145.89 937.03 184.33
670.67 169.76 733.03 212.57
669.13 169.88 720.38 210.11
663.66 167.12 722.43 213.46
662.47 172.97 714.48 208.14
671.76 168.67 714.11 203.14
675.54 176.0 734.15 220.36
679.68 162.95 712.32 222.9
698.31 164.51 724.39 220.45
691.06 172.45 735.62 213.76
671.69 158.53 710.27 219.95
670.57 172.42 717.47 217.13
676.23 167.24 721.62 205.02
681.71 162.68 707.76 215.41
699.4 169.87 727.1 227.76
689.13 164.89 717.09 222.69
672.41 176.76 731.76 212.32
675.51 165.02 702.03 214.78
694.24 163.5 720.04 218.23
661.72 171.79 703.38 199.62
686.6 162.66 712.06 214.67
702.66 167.04 729.39 224.29
670.71 178.1 715.19 214.85
668.61 170.02 718.71 194.49
663.21 172.42 696.8 205.44
680.79 161.95 703.61 208.44
694.91 161.27 728.14 222.11
675.01 161.11 707.67 233.49
673.29 163.9 696.46 210.07
666.03 165.87 688.54 211.45
666.36 159.34 700.32 216.56
689.83 167.35 715.73 218.52
677.23 166.89 705.73 221.83
674.82 153.19 717.61 221.4
681.13 169.12 732.04 203.54
692.22 161.74 713.53 211.61
684.36 153.09 722.88 222.06
700.82 171.01 738.48 211.46
662.83 170.06 703.27 192.95
670.31 169.43 706.95 195.75
706.1 172.99 734.56 228.55
705.33 162.64 726.0 216.35
670.77 163.98 688.65 204.56
700.95 171.58 724.04 228.36
680.05 178.65 724.8 215.53
695.34 178.78 733.99 217.53
671.79 169.21 699.66 219.12
664.17 165.72 682.6 209.7
669.59 185.3 710.01 213.82
678.44 168.44 728.41 196.11
661.95 176.58 708.01 213.3
679.34 160.34 698.87 203.87
687.16 159.07 706.0 202.67
700.47 148.95 736.01 229.18
690.94 159.65 709.68 204.53
692.58 167.54 732.3 208.28
667.67 169.09 713.38 189.49
675.21 168.41 721.33 189.99
704.13 176.74 729.42 233.57
675.53 160.95 694.38 202.42
698.52 170.75 719.19 226.8
653.89 171.04 705.14 215.0
668.2 169.35 693.31 217.83
669.53 161.76 698.7 237.63
660.78 157.55 689.98 217.85
681.86 174.25 707.7 222.48
681.29 178.65 731.18 231.51
649.0 159.64 702.22 204.31
917.5 165.72 999.75 204.4
914.95 157.52 988.56 196.58
916.27 149.88 999.29 191.05
928.87 164.33 1015.5 201.43
923.72 147.9 1016.1 188.43
903.4 160.14 976.28 198.02
900.67 152.81 979.79 190.82
924.28 155.42 1015.5 194.56
883.15 159.78 961.77 195.14
915.74 154.33 976.65 203.27
906.9 164.62 967.45 213.47
919.23 143.12 1000.6 184.36
907.05 155.93 966.1 203.51
920.4 166.59 991.22 214.66
910.9 145.9 986.2 184.52
933.11 143.6 967.76 217.37
928.05 157.61 960.45 228.96
888.04 147.11 968.73 185.22
927.1 135.89 1019.5 173.78
795.49 147.5 811.9 193.78
791.28 144.01 809.24 194.3
799.89 151.38 815.12 195.03
784.95 154.21 838.07 175.77
745.06 153.72 837.5 190.42
781.83 161.1 837.52 182.9
786.52 166.01 820.56 196.49
779.07 156.6 834.02 179.24
803.99 150.38 819.24 193.57
783.23 168.49 837.43 190.93
786.21 153.72 820.97 184.64
782.94 150.63 832.83 171.16
783.03 172.1 838.46 195.37
787.27 142.86 804.38 195.43
778.84 165.1 833.26 186.29
758.18 144.97 777.17 196.26
788.95 162.01 824.16 191.95
784.18 161.04 818.6 193.35
793.85 165.84 828.95 196.01
779.14 175.46 835.36 199.06
754.19 172.16 802.7 196.13
789.64 152.01 825.83 180.31
800.52 145.28 814.77 185.47
787.91 149.42 819.39 175.27
756.81 164.91 789.8 198.82
802.68 154.42 849.35 175.78
808.03 146.07 822.8 188.79
786.84 164.12 842.24 186.64
796.34 156.48 845.59 177.91
809.86 154.97 858.93 175.81
535.51 180.84 573.7 211.41
532.34 183.58 569.09 208.22
543.5 180.01 575.02 209.14
539.05 179.31 571.48 206.19
525.73 182.08 574.34 214.51
544.65 175.76 565.75 216.82
542.3 177.91 561.99 217.8
550.86 181.21 575.96 207.85
538.36 186.14 578.66 211.72
539.94 179.31 558.54 216.66
532.73 184.36 556.99 207.77
551.13 177.7 571.81 216.31
536.24 188.08 570.28 212.87
537.69 178.91 554.48 213.35
547.29 184.13 576.8 211.05
529.51 179.19 582.71 212.61
546.56 180.21 577.7 201.72
543.63 173.84 562.83 210.21
547.45 182.62 568.29 218.47
557.36 180.4 574.13 213.06
535.22 182.32 558.93 205.26
541.11 176.08 557.8 209.76
555.18 174.32 571.91 212.23
534.66 181.41 565.06 201.65
556.48 182.36 577.88 205.07
539.19 176.42 597.63 210.09
543.16 184.32 565.55 219.32
535.79 178.59 547.95 211.58
539.78 171.97 568.05 222.88
526.68 184.5 547.74 206.47
536.99 174.48 551.96 210.54
542.43 189.81 575.63 212.98
527.32 184.08 555.31 205.7
537.11 185.08 559.16 218.5
545.17 178.12 571.64 200.84
559.92 173.4 573.77 210.86
533.37 186.79 559.21 211.54
546.95 172.6 566.28 209.39
552.19 171.83 569.7 209.03
562.36 177.48 575.6 210.71
555.3 184.21 581.91 206.93
569.32 181.55 594.35 202.09
557.94 182.21 584.2 203.02
539.14 178.73 574.42 197.02
534.24 173.6 546.82 214.19
544.94 172.88 605.51 204.08
566.56 184.35 592.57 206.07
531.46 178.94 541.72 211.79
542.77 173.24 572.52 236.45
560.42 185.24 583.11 205.18
536.56 160.13 571.86 221.58
524.31 174.76 584.17 208.45
564.26 172.86 576.25 209.03
559.19 179.69 578.26 201.44
530.63 180.99 551.33 205.02
561.84 168.94 574.1 207.42
556.3 179.22 581.53 198.45
528.84 183.48 588.62 219.05
529.86 174.36 542.06 216.17
547.83 177.07 578.43 195.55
551.04 166.83 577.4 220.86
538.43 194.27 569.67 215.79
535.15 165.58 563.66 220.36
536.27 173.57 587.54 213.22
570.12 178.77 595.71 198.22
529.16 180.32 559.04 202.08
570.73 178.14 589.45 198.87
570.15 167.91 581.67 206.3
551.84 188.12 580.77 210.73
523.42 183.65 543.45 206.6
564.32 179.21 584.09 200.19
568.56 175.53 580.09 210.11
555.5 176.14 576.17 198.17
531.33 168.82 561.26 235.7
583.89 175.51 615.07 201.06
591.73 175.98 616.63 200.96
588.09 170.68 606.38 204.51
593.61 170.47 611.72 202.86
581.12 180.51 617.9 202.9
586.27 171.69 603.02 202.48
584.14 177.48 604.79 199.69
598.83 170.64 613.53 200.23
589.97 173.91 613.93 197.47
584.16 175.37 609.1 195.25
597.06 176.89 618.18 200.18
586.98 174.64 616.36 193.09
586.85 176.42 605.88 207.68
604.14 170.33 616.53 200.47
581.74 180.34 606.3 201.49
581.98 182.77 611.94 204.56
594.23 175.53 621.0 195.2
585.12 170.19 596.49 201.22
558.97 173.89 620.91 206.93
581.63 174.49 611.27 191.75
572.96 170.12 622.6 206.08
577.58 180.63 598.62 200.54
584.82 175.04 597.47 205.32
577.99 178.01 596.13 197.96
578.64 175.03 602.82 194.9
608.08 169.68 620.47 201.48
601.11 176.55 622.85 199.38
585.13 166.49 600.42 201.69
578.35 184.16 605.0 204.16
592.14 173.02 621.33 190.93
578.5 186.47 615.45 205.07
598.29 174.09 615.29 206.61
599.27 171.78 619.35 195.36
601.63 165.76 615.73 201.69
582.65 172.55 604.34 193.64
575.68 183.94 598.64 203.02
584.08 162.61 614.94 220.5
583.01 177.74 598.28 210.01
580.94 168.66 589.94 202.91
605.29 162.94 618.85 199.77
610.82 168.98 624.88 202.99
593.49 180.24 621.16 203.27
582.46 162.15 594.84 199.08
589.25 177.65 609.02 210.82
603.81 171.17 623.81 193.91
608.81 161.82 623.07 200.17
595.65 169.77 617.61 193.5
605.38 173.97 625.72 196.32
575.98 167.37 586.8 204.9
586.16 172.96 614.32 189.12
583.77 159.21 609.13 214.38
565.44 176.59 628.27 210.5
591.75 159.66 619.96 214.71
569.33 164.28 634.83 199.81
568.55 162.02 619.94 204.39
578.78 161.82 631.65 206.18
527.23 178.83 539.49 212.37
829.64 153.32 886.06 176.39
683.7 173.09 742.67 217.84
742.52 98.071 988.44 294.39
679.57 171.68 738.95 210.56
769.04 147.41 953.09 261.97
