556.92 180.79 612.94 218.45
600.43 179.21 624.71 206.27
698.87 175.45 720.84 203.2
698.15 183.0 706.37 187.47
618.77 152.35 636.44 193.39
633.31 167.41 639.13 184.16
443.05 194.36 451.26 230.51
704.27 132.34 820.32 228.88
541.02 143.11 588.4 205.79
578.42 142.29 622.78 181.99
768.87 139.36 926.23 187.83
703.35 144.76 828.65 226.07
689.48 125.71 814.65 227.16
768.7 123.78 925.81 203.31
547.75 160.15 603.57 207.98
573.13 163.87 641.1 202.25
553.49 178.83 615.85 219.95
561.98 176.62 619.98 214.36
574.89 176.27 619.1 210.89
555.41 183.96 609.57 217.73
563.42 179.54 619.55 213.45
574.98 175.72 623.71 211.29
550.31 181.01 604.44 212.65
559.26 177.27 600.04 211.54
550.36 179.66 597.86 206.4
574.0 176.3 607.52 206.9
570.17 178.28 613.96 202.94
568.29 172.48 598.59 227.48
556.88 179.29 597.71 200.4
573.26 182.68 625.91 213.59
561.77 177.85 592.38 203.77
574.42 171.91 602.32 226.58
561.42 176.83 594.88 231.62
577.8 169.87 599.33 213.67
577.37 167.59 606.46 221.03
574.28 173.76 598.42 221.31
566.35 178.21 597.65 204.58
568.94 173.67 593.04 221.93
574.94 169.1 595.1 212.36
545.89 182.6 615.0 226.36
565.16 164.04 607.47 225.56
577.85 174.5 602.68 223.44
576.28 175.16 604.08 200.05
556.73 162.39 600.99 233.24
568.56 183.74 618.15 221.41
548.77 172.23 613.21 208.81
540.9 176.14 602.71 213.31
571.23 175.55 599.44 199.45
567.36 176.24 594.21 198.42
568.95 177.75 596.71 229.8
550.17 188.89 605.88 222.35
562.98 185.68 611.04 225.52
576.66 167.89 592.29 202.66
548.47 186.95 594.18 215.6
540.37 170.0 604.27 206.23
571.47 166.08 626.73 210.26
540.97 180.21 600.63 224.17
558.08 164.53 625.84 201.58
597.17 171.31 618.02 214.02
599.27 170.82 617.41 205.75
601.87 172.69 620.18 207.0
606.66 172.61 622.04 205.91
611.87 171.13 625.2 204.75
604.53 170.29 618.7 202.08
616.94 170.14 629.24 203.48
609.07 167.81 621.38 202.2
601.65 173.75 626.87 191.47
600.53 167.67 615.68 200.73
613.86 165.34 625.94 201.86
588.02 176.82 625.86 207.93
598.02 177.97 626.14 205.7
584.41 174.86 620.0 205.8
593.75 175.79 621.58 200.53
583.19 179.73 623.94 211.91
592.45 181.23 627.51 209.91
587.46 174.7 620.08 197.95
603.94 178.71 626.81 202.81
589.78 171.13 610.15 214.63
585.54 171.35 606.36 214.16
592.9 171.94 615.87 218.78
604.92 177.27 623.63 211.21
581.56 170.27 603.12 213.38
584.08 174.11 612.16 201.03
599.86 174.1 621.32 215.81
600.34 176.8 624.15 200.14
608.93 176.28 624.35 208.14
585.42 173.2 633.41 209.79
595.83 176.81 618.96 194.96
596.96 169.44 613.09 205.11
581.99 170.34 610.03 224.95
588.61 170.33 604.86 206.11
586.47 168.57 612.17 217.05
593.21 170.36 608.31 205.11
600.68 183.2 627.41 208.19
591.98 175.18 618.98 192.31
606.48 176.35 627.63 198.96
592.79 170.3 619.32 218.84
588.21 173.84 611.95 222.41
589.46 175.91 614.68 195.1
597.12 175.08 623.19 192.44
606.95 179.28 634.9 201.26
585.51 174.32 614.0 192.75
613.9 174.89 627.04 207.65
598.19 166.71 625.81 220.03
604.75 180.68 633.84 205.8
581.07 174.99 603.61 195.08
611.32 177.48 638.77 198.47
579.34 174.21 609.3 191.69
582.61 175.05 608.51 225.42
582.25 177.0 640.67 213.37
583.35 183.64 620.01 217.94
596.47 166.45 611.76 199.02
610.78 175.42 632.0 196.53
604.71 163.66 631.8 223.56
695.6 173.23 721.17 194.99
692.27 172.12 717.45 192.94
697.74 172.09 726.67 196.37
702.39 168.91 737.5 200.11
694.93 169.33 721.47 190.79
698.03 169.25 730.55 193.4
694.88 174.73 714.87 193.04
691.73 172.24 709.85 191.13
702.57 166.19 736.69 191.15
693.7 172.68 713.16 189.87
693.92 170.26 714.61 186.75
690.27 170.39 707.57 188.74
700.53 173.1 715.6 203.33
703.15 172.37 730.44 199.73
698.86 175.16 718.95 196.63
697.16 169.74 711.15 198.12
695.08 168.76 708.62 194.8
711.72 163.28 736.52 212.52
688.34 172.16 705.07 189.71
702.63 167.12 719.34 200.94
708.25 165.13 730.16 207.04
699.2 165.54 715.94 196.27
705.64 165.7 723.51 202.58
702.83 170.0 717.2 206.36
697.39 167.95 722.44 185.86
696.83 164.98 712.73 193.27
699.89 165.68 729.56 186.57
693.67 168.54 704.55 193.54
691.51 165.65 741.88 203.73
702.33 162.16 720.45 194.68
716.22 163.3 739.94 215.66
686.78 169.23 703.16 187.15
693.31 167.18 715.07 183.92
684.03 175.6 703.59 191.29
682.72 171.6 703.75 189.52
681.28 174.79 699.21 190.62
693.72 164.25 707.87 191.54
689.32 177.44 708.18 193.06
687.39 166.61 708.18 183.85
699.61 178.18 720.29 201.81
690.94 166.7 700.4 193.23
690.23 163.42 702.26 192.1
707.92 159.54 736.03 216.74
708.14 173.41 739.6 208.43
695.97 165.53 719.95 184.22
683.44 166.56 700.48 186.04
701.97 161.62 730.44 181.5
713.84 155.12 735.63 202.55
698.33 170.85 709.56 203.85
704.78 175.32 730.66 205.3
700.07 171.51 713.1 210.57
698.17 162.91 725.07 181.4
710.34 157.0 729.51 200.98
707.33 159.87 736.34 185.35
681.78 165.51 704.1 184.05
715.26 173.7 734.7 220.03
681.85 163.62 737.45 199.37
689.26 171.26 700.47 198.36
691.05 179.67 711.19 196.15
690.48 164.01 710.6 182.84
717.65 171.39 738.79 222.48
702.23 159.81 727.39 212.96
711.55 168.32 730.59 218.62
697.6 177.61 726.66 203.67
699.92 159.54 716.79 192.68
691.75 171.14 703.8 205.32
685.29 162.36 703.41 182.2
695.72 159.95 719.5 216.13
687.27 165.98 728.91 205.12
431.36 193.02 445.72 233.17
680.6 171.58 698.59 188.78
679.99 168.04 698.0 186.73
680.16 177.24 698.0 192.55
686.68 161.83 697.54 193.16
684.52 163.0 695.51 193.54
678.09 164.26 697.23 185.64
763.09 167.8 952.2 281.21
778.62 159.0 796.43 220.22
782.02 160.13 798.78 218.44
705.67 167.55 744.25 202.5
774.53 156.78 794.34 222.96
795.13 174.37 956.1 264.61
770.18 154.43 791.64 227.99
755.23 173.35 911.79 261.18
769.4 195.64 941.44 276.93
707.48 164.51 744.81 192.61
712.86 156.76 782.52 220.46
769.02 158.65 798.37 232.17
703.61 159.58 758.75 211.68
699.73 164.26 750.85 207.93
766.23 153.5 787.13 230.7
732.78 156.07 961.76 286.24
706.54 154.51 770.48 216.63
