390.02 187.64 430.36 220.32
470.74 194.37 501.82 204.09
172.76 185.23 324.58 250.49
507.8 182.34 522.82 186.77
315.1 175.15 404.06 229.1
512.93 191.61 518.7 199.82
0.0 169.37 59.15 365.04
470.09 179.64 481.56 188.94
443.14 188.9 459.04 211.03
425.81 151.31 456.08 182.98
454.73 170.55 461.36 179.23
416.97 152.24 480.43 189.13
301.22 174.02 339.76 208.69
513.44 153.96 519.1 179.8
384.18 173.2 420.41 186.7
0.0 137.59 80.67 245.59
58.49 189.98 198.22 227.84
931.72 135.99 1049.2 220.01
0.0 147.91 76.731 238.12
0.0 145.34 63.933 266.7
18.802 158.25 62.139 249.64
0.0 165.94 52.32 361.47
0.0 162.09 37.376 356.9
4.0207 172.98 74.65 367.42
0.0 181.05 58.864 375.0
163.06 188.57 315.07 261.0
172.26 190.42 305.47 255.36
192.15 187.5 315.18 249.48
152.51 174.27 333.28 241.95
158.84 204.33 322.08 270.82
180.6 194.49 313.62 269.09
924.5 128.17 1056.2 223.04
72.863 188.51 180.13 227.57
76.037 200.88 176.63 241.86
52.178 173.3 201.91 245.27
308.77 173.59 396.55 235.53
325.22 175.84 395.86 227.08
294.25 170.97 416.48 235.45
327.93 183.4 408.46 234.13
299.7 183.05 387.85 237.98
313.82 169.44 386.12 223.22
304.87 190.14 402.47 236.67
336.7 163.35 382.6 232.32
299.45 169.12 382.65 211.27
323.13 173.29 401.28 212.7
412.98 174.04 474.04 207.56
427.71 172.73 492.88 205.0
404.27 163.49 476.24 200.78
315.49 166.18 332.79 217.82
319.56 165.25 335.32 216.58
312.33 163.44 328.56 213.44
445.75 169.8 460.12 202.58
442.25 169.69 457.06 204.59
371.54 180.61 419.26 208.64
378.86 182.29 445.81 221.71
383.46 185.02 445.14 221.42
399.53 180.27 449.05 209.99
368.02 185.92 432.16 221.07
394.35 175.3 424.29 232.14
390.73 181.69 442.5 213.78
389.87 171.53 428.04 225.9
370.43 182.98 424.91 213.13
388.48 175.37 418.49 232.63
379.69 184.72 434.68 215.77
401.85 175.81 426.46 228.62
400.16 171.8 431.68 222.19
404.25 179.77 445.92 203.25
411.01 170.9 439.22 219.0
378.2 187.93 436.94 226.87
395.86 177.28 430.35 239.03
382.7 177.32 421.21 241.53
394.9 175.54 419.15 228.42
407.25 173.53 430.17 221.93
411.79 174.65 434.76 222.1
375.68 174.65 437.52 219.99
398.95 174.1 422.49 223.92
383.74 174.03 451.45 210.79
405.41 175.55 438.59 238.81
387.7 183.11 436.08 209.07
388.8 175.21 413.93 227.19
406.85 172.48 424.64 218.28
409.65 171.58 426.69 207.84
377.48 177.0 409.01 240.96
501.57 174.18 516.71 200.5
497.86 174.21 511.76 200.4
494.13 173.86 507.04 199.3
465.94 179.43 514.6 207.27
459.45 179.59 519.96 207.26
483.14 179.72 516.99 202.77
462.67 180.92 501.51 203.96
470.18 178.15 507.54 204.39
472.2 184.43 520.27 206.64
490.72 179.43 522.28 196.93
479.73 178.43 514.96 198.64
455.28 181.77 491.37 204.94
476.46 173.97 494.63 211.17
460.24 184.59 506.02 208.47
481.68 175.01 499.53 215.02
448.97 179.84 485.0 205.34
486.59 174.19 502.33 210.46
470.86 177.9 509.13 197.21
464.29 178.55 491.83 200.8
473.49 174.29 490.87 210.61
456.39 179.9 488.51 201.0
488.16 185.58 522.36 205.16
470.33 177.4 499.51 199.31
488.31 173.53 503.39 201.53
474.97 172.74 502.79 224.04
452.49 173.33 515.6 209.81
453.21 184.85 495.13 209.78
481.29 174.14 506.72 223.94
449.29 183.76 522.72 216.12
448.3 172.23 463.82 208.3
482.08 172.22 501.42 208.07
451.55 174.08 466.18 208.81
448.77 169.22 462.05 201.08
455.31 178.67 478.77 201.22
452.84 168.06 465.68 203.38
456.63 169.85 468.73 205.34
439.82 174.85 465.03 198.68
436.52 175.65 472.27 195.02
440.89 174.1 462.42 193.95
425.74 178.64 474.57 208.8
436.1 177.64 471.25 207.58
440.54 177.06 468.54 203.5
429.18 177.95 471.99 202.48
431.38 175.91 465.2 204.46
441.81 179.68 479.33 205.15
445.48 172.61 465.35 215.3
430.06 182.15 472.6 215.29
424.63 170.67 455.04 220.48
423.25 176.63 460.54 206.48
430.74 172.85 454.21 221.71
430.25 170.23 460.01 221.02
435.12 169.93 453.81 210.19
449.58 174.47 467.59 215.21
441.98 171.2 460.72 213.78
431.91 170.29 450.39 210.3
442.36 176.37 467.29 220.41
426.94 172.05 447.12 221.31
447.64 179.09 473.14 202.28
428.19 169.98 446.22 211.36
436.84 184.64 479.02 211.78
424.02 170.77 441.76 216.38
437.95 175.98 462.32 223.13
426.66 175.31 457.66 200.98
438.49 174.41 463.83 227.68
494.81 180.67 526.7 200.14
504.08 179.51 532.21 198.71
498.71 179.04 527.59 196.63
504.74 176.05 519.63 205.04
501.13 176.39 514.78 209.23
497.08 175.67 511.36 209.32
510.54 179.84 539.57 198.32
507.79 176.05 522.47 204.63
492.78 174.89 506.3 208.85
506.69 177.25 534.52 194.75
500.67 182.59 527.1 201.4
507.33 181.4 536.23 200.33
487.52 180.82 526.79 203.2
512.64 177.5 540.77 194.26
389.4 180.81 457.79 220.82
475.84 180.68 523.96 204.09
403.41 181.07 468.73 219.69
363.79 182.19 429.57 222.43
0.85173 184.53 34.928 333.81
538.22 178.27 563.21 194.3
339.0 179.97 409.63 223.96
351.81 182.56 416.18 221.34
1.4832 182.47 44.388 304.04
0.65746 175.15 26.111 325.02
534.53 176.92 559.72 193.9
409.37 181.74 468.23 217.4
5.0402 191.54 26.467 338.02
0.0 160.49 37.166 303.72
7.3318 191.63 46.542 333.42
400.02 182.12 457.97 214.49
4.4487 206.92 40.216 352.74
7.1955 185.36 50.257 286.2
0.0 191.72 48.677 274.81
0.0 173.12 20.807 307.51
4.9178 183.54 28.427 272.8
3.5168 198.21 28.714 289.41
0.43834 188.32 24.964 286.25
7.1709 185.12 33.578 279.3
416.9 179.15 473.29 214.21
416.94 177.53 465.59 212.88
2.8719 159.73 45.202 282.91
0.077728 138.83 46.974 331.81
11.145 182.12 36.606 273.34
407.35 179.58 461.3 211.25
6.6522 201.5 32.99 295.58
300.72 175.34 381.42 226.07
0.0 149.06 27.231 297.42
0.0 181.57 19.756 279.96
528.79 176.75 554.45 194.25
442.88 176.41 505.61 210.03
427.82 178.33 485.21 210.39
0.0 198.41 35.973 306.74
1.394 201.96 32.502 367.18
354.88 186.3 437.02 229.06
