579.12 169.28 627.09 219.98
374.51 176.3 387.39 179.91
78.75 159.43 161.75 201.96
141.34 167.06 176.75 188.07
345.71 160.91 362.63 167.29
66.31 179.48 128.8 206.45
400.77 152.23 407.11 188.18
0.0 157.73 88.71 214.74
331.69 149.34 335.6 191.75
183.15 173.66 188.37 182.95
840.52 145.2 885.2 206.52
174.33 147.8 234.92 183.37
282.65 151.0 358.74 184.5
17.5 141.22 31.63 174.25
8.11 233.09 43.76 242.67
12.521 177.62 94.698 214.3
0.0 163.75 106.07 227.86
0.0 153.79 69.616 233.85
0.0 172.26 76.136 212.34
0.0 136.97 82.244 222.54
0.0 147.6 110.45 220.94
16.622 169.54 87.305 211.34
576.02 167.25 630.93 220.39
579.85 170.52 625.88 216.63
576.33 169.86 617.87 210.69
584.43 166.54 624.11 206.15
581.69 162.38 621.31 224.87
587.2 169.04 629.54 210.57
570.5 169.22 625.55 208.98
598.0 167.64 629.74 202.02
588.07 165.19 618.77 220.93
576.44 168.44 606.34 202.93
583.84 162.49 609.81 220.38
583.16 167.03 639.59 208.31
589.44 163.43 628.83 227.85
567.05 172.93 613.25 204.13
571.89 178.19 634.01 223.23
592.0 159.47 616.44 215.03
569.62 170.31 611.0 198.67
593.09 172.9 638.07 202.89
580.99 176.49 633.24 212.45
597.03 164.1 624.49 218.24
577.75 165.48 615.74 231.99
591.68 173.02 631.45 216.09
598.53 160.72 618.12 203.94
587.05 168.37 637.59 221.59
580.11 177.9 629.4 223.87
587.8 161.59 606.03 204.92
596.11 160.66 613.98 203.73
575.26 161.92 641.73 202.3
593.57 168.24 626.74 224.36
592.31 160.13 610.11 203.61
576.29 161.83 606.19 221.75
585.66 178.33 638.09 207.97
565.41 162.22 628.75 199.93
593.44 150.53 632.99 220.77
568.3 175.67 620.08 208.06
601.01 161.17 631.12 226.86
569.27 173.77 622.47 226.14
573.18 173.07 605.69 211.76
563.36 157.13 614.71 206.8
560.16 168.4 605.19 215.11
557.42 167.55 618.49 205.65
558.93 151.56 618.58 198.17
302.54 159.81 378.19 193.07
263.2 156.21 343.95 189.81
282.46 157.52 359.07 190.35
270.24 151.14 351.15 187.56
164.28 157.41 254.82 193.65
156.78 150.27 245.57 187.7
168.2 164.96 251.82 197.17
162.17 141.68 255.16 180.53
173.75 154.0 239.69 195.78
861.72 164.73 874.83 207.01
45.476 168.74 143.42 207.63
55.263 180.41 150.31 214.93
65.304 174.64 138.42 202.59
59.457 176.57 129.28 208.29
71.596 170.93 143.03 196.98
60.355 171.37 128.98 199.56
83.04 158.62 112.68 225.0
48.85 178.19 118.1 205.05
60.684 169.32 136.23 193.63
87.864 160.77 117.83 226.1
77.861 178.82 146.36 205.01
55.106 173.81 137.18 218.37
65.423 172.1 115.12 205.8
69.011 181.3 134.07 208.06
55.384 172.84 116.6 197.38
62.296 183.67 129.26 211.41
69.618 170.4 130.05 206.11
79.271 185.4 147.55 210.61
45.988 163.45 115.42 209.27
48.795 158.16 125.22 205.0
129.19 169.08 191.53 193.86
132.3 174.01 188.95 196.39
128.04 168.5 180.43 197.96
121.79 167.69 193.44 197.74
146.07 170.7 184.43 195.62
126.67 163.66 181.71 191.64
136.71 167.61 192.57 189.9
138.43 176.87 182.36 196.55
147.58 156.81 164.07 201.28
127.38 175.56 178.5 196.98
150.51 160.02 167.77 202.12
144.81 160.12 160.04 204.22
145.36 165.82 186.4 191.56
159.6 163.08 176.2 198.54
141.02 159.84 156.26 204.6
161.95 163.5 180.25 198.76
132.85 164.19 180.1 186.3
140.53 165.61 192.17 184.23
156.14 162.56 171.4 199.31
146.43 164.45 165.05 206.7
139.56 159.93 164.99 208.98
133.65 159.04 158.39 208.05
144.96 159.71 170.76 208.63
134.09 147.22 171.14 195.68
128.91 145.79 164.33 196.43
142.28 145.7 177.67 195.59
95.833 167.68 181.48 200.29
68.885 170.25 169.21 205.23
81.374 163.97 182.47 196.32
97.05 174.56 165.59 199.3
69.981 177.01 160.79 212.43
83.406 168.5 158.97 207.97
95.204 170.23 166.96 193.36
83.098 174.76 152.5 200.25
90.918 171.78 158.1 196.83
58.543 154.35 173.7 217.62
100.63 171.79 153.14 201.69
68.642 154.58 178.79 189.56
78.175 169.8 153.28 191.92
90.991 172.96 150.82 206.8
91.435 172.53 163.33 214.54
94.878 177.94 162.42 207.5
99.792 174.82 180.18 210.98
64.104 145.31 181.15 181.07
381.36 168.67 407.15 185.25
386.69 167.8 411.98 184.66
389.36 165.57 415.54 181.49
383.35 169.84 409.44 187.64
385.07 166.32 398.12 192.01
381.87 166.11 393.55 193.12
385.25 164.47 398.55 185.71
390.13 162.24 417.12 177.63
396.78 165.14 423.26 180.44
388.54 165.57 401.41 189.29
380.56 166.55 403.07 182.85
384.75 165.2 406.82 182.27
394.06 166.62 421.22 182.48
381.4 164.12 393.88 184.72
384.28 163.72 410.55 178.14
393.58 163.0 414.02 179.97
380.36 164.35 405.34 178.7
389.19 169.38 415.52 186.86
394.34 162.49 405.3 186.95
389.58 159.85 402.92 186.76
392.79 165.14 403.7 188.22
0.0 214.61 27.989 260.28
361.07 170.83 395.47 188.25
354.93 172.22 390.38 189.02
369.8 170.63 402.37 187.4
366.38 170.18 397.23 186.26
374.92 169.75 405.59 185.62
359.81 168.38 392.66 183.79
368.85 168.57 396.4 183.37
364.98 173.99 395.2 189.99
375.25 172.69 404.03 188.1
356.77 169.45 385.5 186.17
370.15 164.66 383.59 190.95
374.06 164.73 385.93 189.91
366.84 163.51 380.21 189.88
357.17 169.08 369.53 196.16
369.4 163.05 385.31 186.23
362.87 165.24 374.38 194.21
363.39 164.03 376.05 189.53
373.2 175.42 401.23 190.53
377.8 165.08 389.17 189.21
362.46 165.53 390.66 181.23
373.42 162.65 387.9 184.77
361.01 164.35 392.91 178.39
352.9 164.62 366.86 189.48
372.78 168.6 385.98 194.57
365.51 161.8 381.66 186.5
365.68 168.32 378.44 194.45
358.97 164.65 371.57 189.36
377.22 163.4 390.46 184.21
376.58 169.45 389.44 194.83
375.56 166.62 398.45 182.92
362.86 161.37 377.34 186.22
369.38 164.96 396.61 179.33
353.96 163.07 388.39 177.25
359.74 170.0 374.32 195.73
353.58 159.66 409.09 191.13
344.2 166.89 357.6 192.54
340.94 165.09 352.35 190.88
0.0 130.16 22.585 191.97
0.0 144.41 35.391 191.31
0.0 134.53 36.412 183.58
0.0 125.58 37.715 175.72
338.2 170.38 370.46 187.68
337.37 171.02 361.8 189.08
342.59 167.88 378.15 184.14
343.71 168.97 374.05 186.78
337.25 167.2 372.48 184.39
334.98 169.26 358.62 187.81
337.1 166.11 364.83 186.33
339.46 173.02 377.21 191.32
50.089 171.59 157.13 212.74
345.11 171.43 383.95 190.03
0.0 179.78 74.0 221.36
114.44 171.0 185.94 196.75
106.54 165.14 188.39 194.38
113.32 165.63 189.59 190.82
102.33 171.64 173.41 197.24
349.07 174.26 382.73 191.18
340.48 172.44 368.7 190.49
107.7 168.33 178.85 194.62
31.661 164.02 171.27 215.44
591.53 168.88 630.39 194.6
5.2081 182.0 88.273 218.51
584.21 168.36 623.86 195.74
53.691 162.9 167.29 200.4
