93.11 188.69 215.93 242.76
730.76 191.54 759.83 195.62
0.0 312.17 73.31 375.0
545.2 194.63 589.84 202.82
561.02 192.98 567.36 196.75
586.03 149.66 647.7 208.86
1087.31 65.98 1242.0 343.57
122.8 149.21 232.33 226.92
113.7 140.45 242.2 226.73
590.06 140.26 628.53 225.28
115.33 156.24 253.73 242.75
1089.5 63.849 1233.2 360.92
73.299 189.52 205.01 249.72
72.586 187.64 206.69 250.14
96.116 189.65 214.25 243.71
96.508 194.52 202.85 255.77
93.676 178.93 217.15 256.11
106.69 207.83 208.7 254.86
89.374 186.69 195.07 226.98
111.84 184.81 202.12 228.19
0.0 327.59 58.194 375.0
10.163 291.39 88.51 375.0
10.349 331.23 52.684 375.0
543.85 179.73 576.39 194.99
546.39 175.3 580.86 192.12
538.16 175.91 572.93 192.6
536.26 180.36 569.13 195.32
539.05 183.53 571.92 199.73
737.39 174.49 769.03 195.07
748.32 174.03 780.68 194.61
736.53 172.91 761.18 197.13
743.14 174.04 774.58 194.21
744.59 169.64 775.41 191.83
734.95 178.19 766.26 197.0
732.01 175.03 762.92 195.04
733.15 173.47 757.03 196.38
745.38 171.76 770.13 195.93
739.43 177.63 772.17 196.51
737.46 170.22 752.65 205.16
741.84 175.62 767.01 197.06
