689.57 179.4 731.89 224.97
704.7 174.79 776.38 239.86
677.36 181.77 707.88 217.13
408.95 185.18 459.37 209.63
662.92 180.81 680.62 207.52
663.09 157.5 674.69 183.23
677.69 160.88 683.11 175.43
708.4 157.95 728.07 184.06
687.2 152.91 730.01 183.62
779.18 183.28 797.56 187.92
460.53 188.03 476.46 197.15
1229.93 175.65 1242.0 205.33
817.31 181.42 838.22 195.32
477.83 188.2 491.74 197.85
813.69 164.09 844.67 192.27
1238.99 123.66 1242.0 215.3
776.97 136.43 939.4 220.01
1225.12 147.81 1242.0 156.59
762.37 144.08 931.79 210.94
798.87 136.03 923.63 222.89
693.97 177.49 770.35 232.49
701.26 176.18 790.5 240.9
700.22 184.5 757.17 225.98
705.27 173.67 780.4 231.45
719.55 174.71 767.42 255.05
715.93 172.53 759.97 246.91
704.54 179.61 761.61 221.43
706.93 184.89 770.15 228.49
699.92 186.46 779.65 236.64
724.71 154.49 787.06 256.34
695.04 174.04 755.47 219.43
711.15 189.48 774.93 235.49
707.45 193.77 760.1 234.77
712.68 173.6 775.85 220.1
725.84 158.89 764.15 230.99
712.92 195.85 768.36 239.59
704.62 191.28 787.99 247.98
684.55 177.67 753.34 225.79
671.47 177.45 720.93 211.43
679.7 179.04 738.04 219.81
678.03 180.21 726.89 216.16
672.88 177.69 724.01 212.27
683.91 178.94 735.32 218.37
676.66 176.44 713.1 206.87
684.31 183.93 727.52 221.35
689.33 181.1 745.04 222.2
674.05 183.05 713.99 213.11
702.03 179.48 750.95 216.74
692.02 177.47 738.14 213.49
679.51 176.58 723.52 205.93
692.4 174.9 717.1 222.78
710.84 175.69 747.92 241.25
698.51 174.26 727.59 228.88
704.47 176.07 736.33 235.95
694.96 187.14 745.63 227.2
689.52 175.92 712.07 221.99
702.61 191.62 752.6 230.38
694.64 177.64 721.14 229.88
689.08 175.32 727.83 209.02
693.7 175.8 718.81 226.72
696.16 170.41 718.96 217.7
692.84 170.87 713.91 215.92
679.91 175.77 740.44 209.63
704.16 169.26 734.06 220.97
710.41 169.95 746.11 226.76
697.91 171.42 723.87 224.24
686.55 171.07 710.96 217.21
706.41 171.51 733.31 223.16
703.82 170.96 725.73 220.48
702.3 174.59 729.26 225.77
685.89 166.91 721.16 219.16
693.43 165.77 727.56 220.29
705.93 179.1 735.54 233.72
710.07 174.46 737.63 226.38
701.31 169.34 722.29 213.17
694.32 169.87 711.84 209.18
680.44 166.07 711.25 215.18
696.01 176.46 733.09 209.27
698.73 180.06 724.8 232.48
708.91 170.32 728.88 215.37
698.51 177.01 741.86 205.43
708.77 176.44 751.03 211.76
687.15 172.06 714.3 227.31
687.98 192.0 740.55 226.84
681.07 187.99 716.41 221.06
692.02 173.83 721.43 240.21
710.71 185.13 739.08 236.38
688.3 193.88 722.91 227.07
706.59 199.75 746.61 234.72
699.2 168.55 716.47 207.03
709.5 176.08 741.8 207.49
699.86 195.31 741.94 232.2
693.19 175.59 724.08 203.16
693.34 185.57 715.54 227.12
705.31 188.05 730.5 233.23
709.47 190.36 733.43 235.91
707.19 168.6 724.53 209.49
673.34 162.31 729.49 209.78
682.0 161.36 738.34 208.03
678.23 181.28 723.55 222.49
1224.0 108.09 1241.0 217.2
407.47 180.29 460.14 210.4
402.75 180.01 458.81 212.48
417.31 180.71 460.49 202.7
411.54 178.93 453.07 205.73
405.04 179.55 448.59 208.72
421.33 182.05 460.04 208.99
402.45 182.37 453.92 215.31
420.76 172.32 441.7 217.27
424.29 181.25 463.15 200.11
427.57 174.12 448.4 217.32
424.8 172.35 444.73 214.45
407.95 177.05 467.7 210.88
405.35 181.33 450.38 201.2
417.86 173.55 444.52 222.27
416.11 179.22 459.71 197.05
405.93 188.74 456.56 214.08
412.77 178.96 479.73 212.85
415.16 184.11 461.37 212.8
408.2 180.64 443.35 204.14
400.33 184.15 467.71 218.16
430.15 180.61 461.24 203.88
422.34 172.47 451.83 219.76
416.85 176.11 439.88 221.69
403.43 183.42 441.07 206.88
400.98 181.93 437.37 203.45
430.59 177.01 452.77 218.16
413.37 166.46 453.44 216.31
409.57 169.06 442.28 226.6
423.54 177.63 445.58 221.39
426.2 178.72 463.63 194.78
392.22 178.66 454.36 216.21
407.89 178.64 452.75 196.81
424.14 172.17 442.8 204.25
428.99 179.52 459.56 198.24
424.57 187.28 462.97 212.44
428.47 171.8 455.15 228.89
420.03 171.52 439.51 206.59
428.25 172.14 445.71 203.09
397.41 164.21 463.66 206.57
675.46 174.5 708.24 192.53
676.57 162.05 751.47 197.83
665.3 178.43 708.25 204.78
659.78 178.44 700.47 203.05
659.27 175.32 690.95 200.79
665.8 175.02 698.15 198.06
661.38 175.86 710.1 208.18
672.4 175.99 702.14 200.95
659.94 180.34 689.97 203.34
669.55 181.32 707.52 209.15
680.85 172.93 703.3 217.31
679.08 172.23 699.04 213.27
676.49 176.37 711.32 198.57
685.3 171.25 704.82 214.82
682.66 170.15 701.13 207.61
670.85 169.94 685.89 201.09
689.48 171.09 708.94 214.67
679.44 170.24 696.23 201.15
675.66 170.17 690.6 200.14
685.78 177.9 707.28 224.12
676.68 172.85 692.56 209.27
671.4 173.34 686.48 209.5
665.27 181.54 699.2 207.28
683.63 176.59 712.76 201.92
673.44 175.06 699.86 196.12
671.7 166.53 687.51 197.41
686.84 170.44 703.57 202.62
679.3 169.98 703.59 216.8
679.02 179.61 700.67 219.11
673.1 164.76 704.18 214.99
675.81 177.31 695.15 215.73
691.19 170.32 707.17 204.67
677.82 175.8 705.23 196.5
662.0 183.16 693.24 205.94
683.61 175.2 720.23 198.78
687.89 176.32 718.16 202.57
668.26 184.91 703.95 212.65
659.69 165.54 715.12 206.54
670.54 166.87 696.14 213.21
678.43 192.03 709.73 218.34
671.76 176.18 689.19 213.43
661.63 162.83 688.67 213.59
661.25 165.18 727.83 200.09
682.86 183.89 701.91 224.24
672.65 189.76 706.94 217.09
659.47 182.6 714.71 216.13
793.41 176.89 823.52 200.58
661.03 175.95 685.66 198.84
660.87 174.59 689.48 194.86
663.32 168.65 682.25 201.99
657.94 175.69 680.01 197.85
667.04 168.22 683.85 199.11
660.21 171.57 684.52 193.79
662.55 169.75 678.27 200.13
656.59 173.3 677.64 194.53
662.46 174.96 677.65 204.51
661.51 171.4 692.29 188.56
665.9 171.58 690.2 193.35
659.64 168.96 672.64 200.01
654.29 174.61 674.11 195.56
663.43 162.64 680.52 197.66
659.79 166.57 683.36 188.84
661.98 160.71 676.65 196.95
654.23 172.63 681.05 190.55
656.81 169.17 669.14 201.06
654.33 178.67 675.03 198.61
650.13 177.28 677.0 196.68
657.81 166.09 689.82 184.76
658.62 158.74 671.78 198.08
650.07 174.1 670.4 194.25
652.55 169.39 672.2 189.26
658.75 159.38 682.65 183.62
656.11 165.09 675.76 186.96
665.74 166.02 690.49 187.89
646.08 171.93 691.2 204.84
642.98 162.07 690.25 202.5
664.27 174.12 681.02 206.42
667.19 174.1 683.73 207.75
669.32 173.82 701.35 192.66
644.45 169.95 701.83 201.48
657.17 181.01 681.27 202.64
653.84 176.46 699.21 209.97
672.81 170.78 698.27 191.67
658.59 184.88 683.53 205.01
801.06 168.83 816.73 212.74
828.62 166.72 843.91 214.71
442.88 174.7 458.18 210.27
497.2 173.21 512.45 207.9
484.36 176.87 509.92 200.16
475.09 182.53 510.11 202.2
1212.7 129.05 1241.0 174.98
763.52 163.59 779.33 209.26
784.75 164.19 802.13 209.78
783.91 176.27 817.55 202.06
792.46 165.15 809.66 208.76
780.15 172.83 814.85 198.14
781.89 175.16 819.15 209.44
1212.4 177.82 1241.0 222.74
1219.4 165.31 1241.0 223.09
1213.4 169.91 1241.0 214.73
1213.7 161.26 1241.0 206.87
717.34 176.93 843.38 260.33
703.32 171.7 825.38 250.59
714.02 174.77 806.94 246.09
723.3 177.07 825.21 252.78
739.15 176.23 841.98 262.99
740.73 174.74 851.13 268.18
1118.4 229.71 1241.0 373.16
687.65 170.3 815.66 238.93
759.09 166.06 823.15 272.99
753.82 164.64 815.05 279.42
759.55 159.25 828.55 273.68
741.72 167.73 829.05 246.63
