0.0 232.33 332.33 302.08
175.08 174.81 244.86 206.31
0.0 232.33 332.33 302.08
243.76 171.66 299.76 200.1
890.62 215.33 1236.67 276.35
175.08 174.81 244.86 206.31
890.62 215.33 1236.67 276.35
243.76 171.66 299.76 200.1
890.62 215.33 1236.67 276.35
296.2 173.51 335.29 195.73
890.62 215.33 1236.67 276.35
586.28 172.8 641.5 227.83
683.9 194.96 815.7 234.11
175.08 174.81 244.86 206.31
683.9 194.96 815.7 234.11
243.76 171.66 299.76 200.1
683.9 194.96 815.7 234.11
296.2 173.51 335.29 195.73
683.9 194.96 815.7 234.11
586.28 172.8 641.5 227.83
584.51 173.5 636.22 223.94
243.76 171.66 299.76 200.1
256.11 221.15 401.46 234.02
175.08 174.81 244.86 206.31
256.11 221.15 401.46 234.02
243.76 171.66 299.76 200.1
818.24 218.18 925.54 233.64
175.08 174.81 244.86 206.31
818.24 218.18 925.54 233.64
243.76 171.66 299.76 200.1
818.24 218.18 925.54 233.64
296.2 173.51 335.29 195.73
818.24 218.18 925.54 233.64
586.28 172.8 641.5 227.83
1005.5 186.11 1068.01 227.45
175.08 174.81 244.86 206.31
1005.5 186.11 1068.01 227.45
243.76 171.66 299.76 200.1
1005.5 186.11 1068.01 227.45
296.2 173.51 335.29 195.73
748.61 217.52 820.48 239.35
175.08 174.81 244.86 206.31
748.61 217.52 820.48 239.35
243.76 171.66 299.76 200.1
748.61 217.52 820.48 239.35
296.2 173.51 335.29 195.73
748.61 217.52 820.48 239.35
586.28 172.8 641.5 227.83
692.96 221.76 781.05 250.55
175.08 174.81 244.86 206.31
692.96 221.76 781.05 250.55
243.76 171.66 299.76 200.1
692.96 221.76 781.05 250.55
296.2 173.51 335.29 195.73
692.96 221.76 781.05 250.55
586.28 172.8 641.5 227.83
964.34 187.24 1012.41 216.76
175.08 174.81 244.86 206.31
964.34 187.24 1012.41 216.76
243.76 171.66 299.76 200.1
964.34 187.24 1012.41 216.76
296.2 173.51 335.29 195.73
1042.99 255.73 1242.0 301.09
175.08 174.81 244.86 206.31
1042.99 255.73 1242.0 301.09
243.76 171.66 299.76 200.1
1042.99 255.73 1242.0 301.09
296.2 173.51 335.29 195.73
1042.99 255.73 1242.0 301.09
586.28 172.8 641.5 227.83
932.93 177.8 957.69 218.59
175.08 174.81 244.86 206.31
932.93 177.8 957.69 218.59
243.76 171.66 299.76 200.1
932.93 177.8 957.69 218.59
296.2 173.51 335.29 195.73
828.66 232.73 922.35 258.4
175.08 174.81 244.86 206.31
828.66 232.73 922.35 258.4
243.76 171.66 299.76 200.1
828.66 232.73 922.35 258.4
296.2 173.51 335.29 195.73
828.66 232.73 922.35 258.4
586.28 172.8 641.5 227.83
802.64 224.15 874.53 229.84
175.08 174.81 244.86 206.31
802.64 224.15 874.53 229.84
243.76 171.66 299.76 200.1
802.64 224.15 874.53 229.84
296.2 173.51 335.29 195.73
802.64 224.15 874.53 229.84
586.28 172.8 641.5 227.83
833.09 224.15 937.4 237.45
175.08 174.81 244.86 206.31
833.09 224.15 937.4 237.45
243.76 171.66 299.76 200.1
833.09 224.15 937.4 237.45
296.2 173.51 335.29 195.73
833.09 224.15 937.4 237.45
586.28 172.8 641.5 227.83
1222.27 258.32 1242.0 320.55
175.08 174.81 244.86 206.31
1222.27 258.32 1242.0 320.55
243.76 171.66 299.76 200.1
1222.27 258.32 1242.0 320.55
296.2 173.51 335.29 195.73
1222.27 258.32 1242.0 320.55
586.28 172.8 641.5 227.83
800.01 224.04 819.79 243.86
175.08 174.81 244.86 206.31
800.01 224.04 819.79 243.86
243.76 171.66 299.76 200.1
800.01 224.04 819.79 243.86
296.2 173.51 335.29 195.73
800.01 224.04 819.79 243.86
586.28 172.8 641.5 227.83
763.2 239.2 853.36 264.81
175.08 174.81 244.86 206.31
763.2 239.2 853.36 264.81
243.76 171.66 299.76 200.1
763.2 239.2 853.36 264.81
296.2 173.51 335.29 195.73
763.2 239.2 853.36 264.81
586.28 172.8 641.5 227.83
476.31 174.65 480.24 201.94
243.76 171.66 299.76 200.1
476.31 174.65 480.24 201.94
296.2 173.51 335.29 195.73
763.14 233.44 809.28 252.72
175.08 174.81 244.86 206.31
763.14 233.44 809.28 252.72
243.76 171.66 299.76 200.1
763.14 233.44 809.28 252.72
296.2 173.51 335.29 195.73
763.14 233.44 809.28 252.72
586.28 172.8 641.5 227.83
743.8 186.91 748.74 196.01
296.2 173.51 335.29 195.73
984.36 233.6 1028.85 245.13
175.08 174.81 244.86 206.31
984.36 233.6 1028.85 245.13
243.76 171.66 299.76 200.1
984.36 233.6 1028.85 245.13
296.2 173.51 335.29 195.73
984.36 233.6 1028.85 245.13
586.28 172.8 641.5 227.83
1229.48 253.66 1242.0 271.22
175.08 174.81 244.86 206.31
1229.48 253.66 1242.0 271.22
243.76 171.66 299.76 200.1
1229.48 253.66 1242.0 271.22
296.2 173.51 335.29 195.73
1229.48 253.66 1242.0 271.22
586.28 172.8 641.5 227.83
742.92 177.79 750.43 196.0
296.2 173.51 335.29 195.73
807.57 173.93 812.14 195.98
296.2 173.51 335.29 195.73
778.04 174.04 780.95 195.83
296.2 173.51 335.29 195.73
948.54 188.9 956.43 207.82
175.08 174.81 244.86 206.31
948.54 188.9 956.43 207.82
243.76 171.66 299.76 200.1
948.54 188.9 956.43 207.82
296.2 173.51 335.29 195.73
975.55 221.43 983.23 232.45
175.08 174.81 244.86 206.31
975.55 221.43 983.23 232.45
243.76 171.66 299.76 200.1
975.55 221.43 983.23 232.45
296.2 173.51 335.29 195.73
975.55 221.43 983.23 232.45
586.28 172.8 641.5 227.83
1226.44 296.21 1242.0 331.42
175.08 174.81 244.86 206.31
1226.44 296.21 1242.0 331.42
243.76 171.66 299.76 200.1
1226.44 296.21 1242.0 331.42
296.2 173.51 335.29 195.73
1226.44 296.21 1242.0 331.42
586.28 172.8 641.5 227.83
