539.88 184.81 560.74 227.74
639.94 192.36 647.17 206.29
633.69 185.05 637.18 198.34
646.68 195.8 651.22 209.52
588.44 175.85 598.22 193.51
476.13 142.33 553.61 237.44
548.48 177.3 553.64 186.39
0.0 195.04 169.77 303.7
505.96 153.85 508.5 167.46
500.74 153.58 503.83 167.23
495.99 153.29 500.07 167.1
372.3 161.92 433.01 229.3
666.61 167.47 686.8 184.3
68.85 187.89 301.38 308.86
648.65 182.22 689.4 214.7
756.31 147.39 975.11 209.64
919.94 124.75 1095.82 225.11
143.1 142.61 335.53 259.66
0.0 183.8 248.5 375.0
149.1 169.64 331.23 254.62
165.39 140.88 302.66 260.1
23.134 177.57 240.47 356.02
773.77 155.72 953.87 239.68
929.81 150.65 1123.1 239.8
442.78 164.28 520.19 213.44
444.31 174.37 525.11 230.85
445.12 155.31 541.93 246.53
500.26 129.83 556.58 264.64
481.99 117.43 547.71 259.26
466.16 135.23 578.28 234.79
452.43 159.92 576.63 239.99
462.01 122.33 531.82 257.61
479.0 153.99 570.33 247.57
383.24 148.78 440.14 254.48
348.78 169.99 447.2 230.66
377.73 149.49 428.34 248.24
368.49 156.35 421.16 254.7
395.14 141.98 454.19 251.31
354.87 138.52 432.51 263.04
376.16 161.49 400.26 224.62
69.42 173.18 314.23 326.92
17.409 202.32 164.95 293.24
33.935 177.88 193.12 274.43
0.0 218.21 161.05 305.94
0.0 168.31 179.74 334.97
27.986 220.53 191.43 305.37
