647.88 179.28 673.19 206.28
665.25 178.57 721.9 227.57
283.23 162.92 467.87 234.67
697.2 162.35 854.31 289.69
638.0 176.98 656.71 194.87
474.96 175.79 524.57 202.8
633.17 178.95 635.5 187.95
527.04 177.25 540.85 191.52
682.36 183.1 723.25 242.36
528.39 175.97 551.31 179.41
449.57 167.96 493.14 217.35
385.32 164.87 454.99 198.03
0.0 166.7 228.38 325.23
1217.03 192.04 1242.0 251.59
9.1522 160.94 219.98 329.37
691.31 166.62 855.86 288.6
290.99 169.98 457.07 238.84
659.86 177.6 721.18 223.58
663.26 179.81 712.26 216.36
667.8 180.68 724.02 223.11
663.92 186.53 713.12 226.19
459.27 159.34 488.08 217.25
455.31 167.21 485.62 224.03
680.25 175.44 718.08 240.31
670.83 192.43 719.32 230.38
686.74 175.04 713.16 231.44
673.37 194.91 727.42 234.73
640.24 175.69 682.11 208.2
635.91 175.56 675.13 205.57
642.58 181.85 678.34 209.58
637.67 171.99 683.41 208.22
638.8 174.2 672.65 200.47
640.73 183.51 672.9 207.22
645.85 175.95 679.59 201.24
645.5 173.99 667.67 213.4
643.02 171.92 662.83 209.59
656.12 173.19 677.69 216.45
652.3 173.86 672.96 215.55
649.35 170.05 670.24 209.29
650.14 178.67 669.24 215.92
653.58 168.41 678.49 215.3
645.77 168.28 664.93 202.09
646.35 167.97 672.59 216.17
644.84 182.01 662.72 212.59
653.46 170.43 673.51 201.45
648.17 187.99 674.15 207.85
638.89 186.27 669.36 205.67
643.15 189.16 670.06 207.52
658.42 171.86 676.46 202.39
652.25 186.08 679.57 210.74
648.96 176.49 678.16 195.65
636.11 183.59 661.42 203.18
475.27 172.59 535.14 200.47
466.78 167.23 518.65 202.74
480.1 168.41 534.1 194.03
469.1 174.85 530.33 203.68
471.16 167.95 526.79 195.42
486.41 166.01 528.89 196.37
484.13 178.3 531.29 206.05
628.84 174.01 667.9 201.07
629.21 173.15 657.22 196.51
628.22 174.76 650.31 194.2
633.95 176.45 660.79 198.07
630.83 172.2 663.88 193.85
635.05 178.87 664.99 203.34
635.18 167.74 653.73 202.17
633.3 177.78 654.68 196.62
638.31 168.34 655.89 205.21
627.33 171.05 657.99 189.84
633.01 169.12 649.45 199.85
641.83 166.9 659.73 201.27
628.89 178.66 647.52 196.09
634.07 171.34 663.18 189.87
637.01 174.33 653.83 205.14
638.42 165.8 656.21 193.63
631.15 180.63 649.07 198.38
628.75 167.92 654.76 188.05
639.48 172.79 666.5 191.93
521.04 173.34 559.07 191.23
516.93 173.22 550.15 195.68
521.66 167.93 537.19 201.57
517.58 168.44 532.09 201.84
524.37 165.89 541.3 198.59
527.56 171.12 542.09 201.32
528.35 167.62 543.66 197.6
1207.1 200.42 1242.0 243.43
625.42 175.7 643.73 193.72
624.32 174.28 645.89 191.31
622.84 175.68 638.3 192.13
622.46 173.36 640.85 189.65
630.74 171.85 643.21 197.69
627.95 171.64 637.74 195.26
621.83 171.6 645.55 189.42
624.02 178.56 637.32 193.29
624.87 172.2 633.57 193.69
391.17 172.26 458.49 206.76
378.38 174.35 451.0 209.48
666.26 177.81 752.94 238.87
222.4 183.33 411.92 257.41
245.78 174.42 442.67 246.79
664.39 177.86 736.56 227.7
426.16 170.61 512.14 210.74
157.42 183.97 392.16 265.53
411.48 171.79 502.73 213.86
657.65 177.12 709.11 217.88
389.07 170.86 489.21 214.84
448.17 171.39 520.17 205.34
114.32 186.56 371.44 283.4
369.42 167.7 481.49 218.53
653.22 174.58 700.21 213.68
646.84 177.52 687.52 210.64
7.6901 182.06 307.39 328.09
671.77 174.78 821.72 266.14
51.497 187.88 340.25 292.29
349.05 170.19 470.48 227.34
643.04 174.99 690.92 210.22
505.21 173.49 547.83 195.01
462.75 170.4 527.39 202.98
340.18 164.92 471.55 229.54
37.419 189.11 345.78 307.58
665.07 173.74 772.62 244.97
655.91 178.98 701.72 213.11
457.14 172.13 522.72 203.06
323.42 177.86 457.7 232.3
678.41 174.16 765.69 240.86
207.41 178.16 376.29 272.41
