616.02 188.25 647.01 218.73
242.99 200.77 257.98 229.69
667.78 177.42 727.29 218.23
624.59 166.31 633.81 187.59
0.0 130.26 15.21 193.96
753.58 148.57 775.03 210.91
0.0 130.91 22.709 190.42
666.91 170.93 719.15 224.64
667.35 176.24 728.51 216.67
661.13 181.53 723.41 223.19
678.53 178.44 732.8 219.18
674.31 169.11 725.13 214.87
675.91 186.02 729.05 223.2
657.52 188.57 725.86 228.51
664.45 172.07 724.53 208.18
756.18 156.99 782.1 213.38
607.62 181.81 655.62 219.19
605.27 184.35 658.35 219.18
614.35 182.62 651.81 208.28
606.0 182.48 646.04 206.91
614.72 186.89 658.48 219.42
621.35 176.65 646.88 223.99
625.91 179.76 649.52 224.85
612.28 178.77 638.48 225.9
606.85 188.4 651.31 223.41
610.31 199.72 655.02 222.04
613.24 177.83 639.21 191.91
233.03 195.39 249.64 236.52
238.15 195.32 255.3 234.82
235.61 192.74 252.2 230.98
236.02 200.3 252.54 238.34
614.14 182.96 661.53 213.32
