636.27 179.97 666.77 207.14
403.56 184.99 505.04 247.85
248.2 192.62 387.41 259.57
485.97 186.67 527.64 222.25
0.0 189.76 143.66 375.0
735.87 161.78 811.83 183.72
690.39 180.85 713.69 198.65
850.02 162.68 932.8 183.21
405.05 154.83 474.81 187.71
412.86 187.03 503.26 250.33
399.58 185.4 510.96 254.45
0.0 193.51 144.92 375.0
398.91 156.68 478.8 192.73
394.03 150.75 480.82 188.18
838.35 154.28 929.06 180.54
629.55 176.91 668.0 206.48
629.05 177.38 658.01 203.92
627.93 180.67 661.77 207.54
634.56 178.04 669.49 200.57
638.75 179.63 674.71 204.38
633.17 176.57 661.03 199.87
630.61 183.03 672.17 208.05
637.77 172.21 657.24 211.22
644.43 178.16 669.53 203.67
634.61 176.52 666.22 196.06
627.32 176.48 658.42 195.21
630.48 176.34 655.11 198.92
640.07 170.93 658.11 204.16
645.38 174.78 662.05 209.74
629.44 187.18 664.62 209.38
640.59 176.93 660.77 215.37
642.37 182.7 673.17 207.79
637.0 179.53 657.89 215.55
646.57 178.1 676.21 198.63
647.39 175.78 669.34 197.28
645.19 180.05 663.45 215.61
639.14 188.54 674.56 209.08
639.49 171.8 666.6 218.12
733.46 158.72 806.08 187.52
735.38 154.84 802.9 181.77
740.26 156.41 801.85 175.73
729.25 161.65 800.71 191.55
745.73 161.73 814.96 190.5
742.09 166.73 813.42 195.52
474.83 181.85 529.31 221.35
477.65 184.34 530.37 223.28
482.22 180.55 534.57 214.65
483.77 181.09 535.93 213.05
487.91 184.02 532.88 219.26
490.71 178.64 520.39 229.22
495.68 176.2 523.56 224.82
478.79 193.57 531.25 227.77
495.48 186.18 522.25 231.89
493.29 186.77 516.16 233.27
699.48 174.47 725.13 196.17
695.95 172.11 723.33 193.63
244.22 191.95 380.8 265.75
250.15 196.3 376.22 259.97
0.0 210.94 120.2 364.83
712.25 157.16 824.79 199.62
460.84 183.25 528.55 226.09
445.58 183.5 516.8 231.16
726.0 162.36 841.44 201.9
430.32 183.33 503.52 242.93
437.19 188.39 514.25 239.42
701.03 162.59 811.25 203.16
452.76 188.09 526.22 234.96
458.72 182.17 517.14 220.32
