269.0 147.92 299.68 157.84
1237.12 126.13 1242.0 168.85
1237.0 122.81 1242.0 177.0
1237.1 114.22 1242.0 167.38
1235.8 131.95 1242.0 163.51
1231.4 134.37 1242.0 160.15
263.06 147.31 297.0 169.22
259.17 143.37 300.09 162.17
265.78 143.25 293.21 165.32
259.51 138.64 295.33 159.89
267.6 138.26 292.25 162.08
278.5 141.96 307.21 165.84
272.91 141.89 302.25 165.84
285.69 151.67 408.55 229.9
12.172 169.87 290.75 329.46
295.94 152.73 401.35 228.04
265.19 157.54 351.99 213.03
269.04 155.37 377.14 218.73
258.1 154.56 383.87 226.21
