231.75 192.72 314.46 230.73
761.42 195.56 788.67 200.52
368.71 191.24 394.97 204.82
303.3 196.77 340.12 227.03
297.38 198.67 346.23 224.29
315.11 186.44 334.5 238.13
307.51 195.71 349.61 234.4
309.92 194.29 345.0 228.52
312.11 186.55 328.85 234.01
304.04 195.29 338.71 227.45
293.8 198.45 336.38 235.48
299.71 194.28 340.7 216.08
293.06 192.62 329.42 221.27
753.75 185.65 785.21 205.56
761.21 183.87 788.16 200.39
754.74 189.63 786.9 208.04
770.23 186.47 798.03 203.62
765.26 185.73 789.9 202.47
761.93 188.47 790.01 205.81
771.49 189.67 799.27 205.96
228.54 192.65 306.56 232.65
242.36 195.46 324.67 239.33
237.99 187.91 310.42 227.45
367.95 184.44 404.13 216.19
361.3 187.14 402.18 210.51
370.45 187.79 398.36 209.84
305.22 190.33 401.53 249.41
665.54 178.98 730.22 237.06
114.63 192.78 319.23 306.77
73.035 199.43 248.27 281.2
85.582 196.09 288.21 290.36
40.571 201.7 189.22 272.54
21.822 207.97 142.38 264.49
754.05 181.91 782.8 203.42
15.591 202.44 163.38 273.5
329.98 188.83 402.84 243.66
7.4453 201.8 121.31 299.32
294.63 193.03 376.46 242.15
257.05 189.97 333.18 228.92
57.291 205.51 210.82 278.78
10.079 209.27 119.4 260.4
280.86 195.34 359.09 237.54
341.01 187.41 405.92 235.37
