254.13 175.11 358.09 217.32
830.9 179.44 861.95 184.29
897.19 175.61 919.8 179.36
700.27 189.12 733.38 197.54
572.38 152.47 588.38 192.5
263.67 177.44 302.71 182.61
785.27 170.03 788.36 183.46
759.68 173.67 788.11 191.87
794.28 164.83 798.98 191.91
757.02 150.74 767.18 191.41
586.71 178.42 611.61 192.5
251.82 172.96 288.72 192.41
935.94 165.81 942.11 179.2
728.63 149.34 823.57 199.19
0.0 140.64 79.02 239.39
0.0 144.85 72.802 236.77
242.91 175.57 356.88 226.42
259.32 173.69 355.51 217.19
264.97 174.54 347.76 207.83
734.15 156.39 822.43 193.63
724.68 150.11 812.87 188.52
691.69 179.72 728.05 202.95
700.16 180.98 733.62 205.85
260.0 174.34 300.63 190.81
260.0 175.56 293.98 194.83
570.66 164.44 581.68 192.18
567.47 164.1 579.77 193.59
573.41 158.77 585.16 190.43
576.98 158.67 588.63 190.37
570.83 153.74 582.9 188.59
758.92 171.97 790.03 189.5
761.23 171.4 783.02 190.93
754.3 174.79 786.59 191.37
763.98 174.44 796.7 191.64
768.14 170.89 790.85 190.7
765.33 168.72 786.22 188.54
769.36 167.39 790.59 187.98
764.59 168.31 796.61 185.61
766.33 165.33 777.9 192.33
758.84 168.19 781.1 189.58
760.63 168.87 791.54 186.47
754.85 171.37 778.41 190.64
770.36 163.0 781.32 191.12
770.13 163.49 791.38 184.15
765.23 164.01 798.12 182.07
752.55 167.94 786.06 186.17
762.59 164.17 782.54 185.74
766.3 164.11 786.34 184.56
749.64 177.69 784.55 194.57
766.13 176.68 799.62 193.74
758.16 164.0 779.75 185.73
760.26 176.79 793.15 192.87
769.94 168.52 781.22 195.42
756.92 174.45 780.68 193.99
766.66 158.42 778.43 189.26
763.7 160.76 776.24 191.91
767.14 151.9 778.53 184.95
762.98 151.3 774.8 186.79
829.59 170.13 858.74 183.31
831.12 173.22 862.2 187.08
835.16 170.22 863.41 185.0
824.8 172.82 854.78 186.87
827.9 176.51 859.8 190.24
823.93 175.94 853.58 190.39
833.6 176.23 864.36 189.21
827.64 178.96 860.17 193.04
841.31 168.27 865.65 185.08
822.49 177.84 854.95 193.68
592.86 172.16 622.58 186.56
591.99 168.7 623.59 183.72
259.63 176.69 303.83 193.77
892.79 164.73 929.12 182.59
885.75 167.63 930.52 182.69
886.79 164.1 920.39 180.67
925.13 153.92 939.32 185.22
782.68 164.56 793.88 193.74
785.39 161.63 796.59 191.86
783.06 166.14 804.02 186.95
782.64 155.54 793.86 187.74
782.77 170.13 804.57 190.68
788.07 161.63 800.15 192.67
785.09 166.68 796.73 198.07
786.64 170.33 809.99 189.6
786.11 155.1 798.04 188.38
784.31 158.62 807.24 181.75
789.77 153.78 802.46 188.08
786.37 166.21 809.17 185.54
778.05 166.77 797.63 187.12
777.74 170.05 797.97 191.24
779.26 164.75 790.78 193.67
774.8 163.81 795.59 184.57
776.93 160.29 797.0 181.14
774.76 161.82 785.97 191.64
779.95 159.46 790.77 189.15
773.63 171.61 796.06 192.89
695.31 171.66 732.82 201.49
895.35 164.95 937.87 180.83
698.75 171.11 731.01 195.9
