682.77 181.12 704.61 198.86
852.95 172.73 951.57 217.9
706.29 176.13 710.39 179.63
622.08 168.22 637.36 181.47
664.93 165.47 681.16 178.22
328.06 202.02 338.36 244.34
629.86 187.63 667.72 214.05
762.45 150.37 783.3 186.23
799.05 172.88 817.82 191.41
628.43 175.71 635.48 184.84
780.44 165.46 790.12 178.09
853.98 177.33 953.71 216.49
852.6 169.78 952.46 207.41
847.09 181.96 962.38 221.95
631.64 185.93 678.12 214.7
677.32 173.23 706.5 195.39
682.26 170.61 709.04 191.49
684.45 174.36 708.69 194.07
691.85 175.04 715.0 192.85
688.82 172.16 712.02 190.27
683.6 170.19 701.37 201.76
692.95 172.47 715.3 189.52
674.37 176.17 703.48 197.97
690.05 171.34 703.9 200.8
683.98 178.22 706.98 196.26
687.53 177.61 709.97 194.0
665.39 168.78 690.15 189.64
656.38 168.21 685.71 189.49
662.44 165.07 691.59 184.42
789.2 179.97 827.8 196.47
616.76 170.45 648.74 190.41
617.37 169.35 638.81 190.25
617.4 167.99 643.18 187.58
753.05 159.31 781.7 176.82
757.2 158.47 787.88 176.78
773.21 153.48 799.22 175.02
317.63 209.43 337.83 254.25
318.75 206.06 336.58 244.83
322.14 206.5 339.21 246.42
325.93 210.46 342.72 251.59
316.15 199.39 332.61 233.72
331.7 204.2 347.54 249.67
699.63 173.23 721.05 187.87
696.21 175.47 718.83 190.57
324.54 205.25 404.57 243.33
628.07 173.11 680.99 212.25
628.57 172.97 677.78 210.69
671.64 168.99 705.78 198.13
941.41 167.29 1109.6 228.35
866.02 167.23 997.21 215.51
3.6058 230.82 281.25 365.98
960.07 168.0 1102.1 221.63
13.279 235.0 267.1 361.54
630.25 176.45 686.78 207.66
0.0 229.44 214.22 355.63
630.43 170.21 671.72 203.95
