585.72 184.48 613.05 210.82
726.86 180.6 826.2 238.58
632.74 174.12 669.07 204.66
649.67 185.15 666.94 207.38
641.94 186.21 646.09 199.33
641.99 151.58 656.9 204.72
676.15 143.78 899.53 213.58
679.5 134.69 888.04 215.97
638.1 177.55 667.21 201.58
638.07 173.59 666.39 197.28
643.85 176.21 674.08 201.2
638.82 180.08 671.41 204.74
718.7 171.19 829.7 230.31
717.95 184.68 830.48 236.63
630.39 179.7 669.52 198.61
629.97 175.88 667.63 194.02
628.28 182.36 671.19 202.96
624.0 176.35 660.61 193.88
635.88 178.96 679.78 198.4
644.64 171.22 674.79 197.4
633.09 177.93 661.82 200.53
632.89 174.53 660.46 196.42
624.55 178.64 661.71 197.73
631.34 184.21 676.96 206.87
623.56 180.46 664.07 202.99
640.99 167.62 670.18 193.81
622.39 183.71 666.88 206.73
632.69 170.38 660.09 192.9
577.01 181.55 614.47 212.55
576.59 179.52 605.47 209.43
580.75 179.76 610.65 206.09
581.87 174.63 602.92 214.58
580.19 181.06 613.37 201.0
588.76 176.2 609.36 213.02
584.41 176.74 606.33 217.31
584.55 182.16 616.67 204.35
579.17 178.14 604.13 200.32
583.5 178.88 608.35 200.6
586.47 172.87 605.93 211.29
579.1 184.26 609.72 210.31
595.21 175.08 610.5 209.1
587.62 177.47 610.5 199.33
578.27 191.74 613.58 211.54
588.17 182.89 607.64 216.3
586.99 180.92 617.13 198.97
588.45 183.55 614.68 207.93
592.2 184.2 622.34 206.02
593.79 179.37 616.39 201.44
577.78 188.86 606.0 211.52
589.81 186.53 619.74 209.22
597.6 181.04 621.81 203.19
632.92 158.93 648.3 201.75
647.86 155.76 665.38 201.8
652.28 147.83 668.26 192.76
633.15 148.63 647.82 194.86
635.71 158.93 651.1 201.94
635.86 148.44 651.12 192.91
648.34 147.94 665.06 193.18
644.16 156.13 660.91 200.65
631.42 146.87 664.83 214.1
632.99 174.62 648.89 210.54
727.18 174.99 916.57 245.03
712.99 172.63 875.49 235.32
693.87 175.58 821.23 224.54
701.57 176.06 849.04 231.69
748.62 180.28 936.0 250.63
699.34 168.99 837.66 227.08
