748.05 171.41 782.78 216.92
820.19 168.32 860.94 215.74
681.28 149.64 698.44 193.56
370.71 202.26 386.81 240.59
0.0 121.9 64.15 278.77
310.46 161.5 330.56 198.8
329.03 195.1 339.17 204.83
910.49 194.81 1009.7 242.8
4.4181 114.61 63.889 286.64
830.66 170.44 855.55 227.2
828.1 173.41 859.22 213.07
822.58 172.81 854.97 218.35
818.78 173.82 859.96 223.0
821.88 179.44 868.51 206.97
830.09 170.08 850.27 220.39
820.27 177.35 851.04 223.8
823.59 171.35 850.44 208.51
808.42 179.5 867.33 214.97
820.02 160.84 849.05 227.6
829.93 164.52 862.07 224.85
823.86 175.16 871.12 223.15
823.83 179.9 856.5 226.58
809.46 168.42 860.05 213.0
814.93 171.57 871.05 216.51
808.44 170.77 850.54 224.26
752.36 163.9 774.03 220.62
754.89 162.52 778.94 226.86
748.86 169.61 778.5 207.42
756.47 165.88 776.13 213.63
755.29 167.53 772.83 207.37
745.03 168.72 773.43 209.86
751.95 169.56 779.52 223.27
747.46 167.18 779.17 218.02
742.16 168.85 782.07 217.65
759.19 167.68 775.22 205.4
753.59 166.39 782.1 213.81
748.98 167.69 771.89 225.69
743.26 163.21 772.15 220.85
744.32 172.61 787.21 224.04
740.93 172.13 772.22 216.3
736.77 176.54 791.34 206.83
749.18 174.18 781.86 225.43
744.03 169.37 791.43 211.51
758.82 165.58 784.48 221.05
745.34 177.63 777.41 222.14
757.74 170.25 784.26 225.96
917.16 195.65 1010.3 232.18
680.8 161.31 695.86 200.47
677.17 159.86 692.47 201.27
673.41 159.81 689.09 200.13
688.34 160.81 702.84 200.79
675.77 154.68 693.19 195.45
679.39 154.31 696.65 194.93
692.85 161.07 707.15 201.46
672.62 153.57 689.42 193.42
683.3 153.51 699.95 194.26
688.41 153.14 702.52 193.64
377.96 191.13 392.1 229.79
381.28 191.76 394.76 230.26
318.13 183.23 337.98 208.12
319.02 170.72 332.19 210.21
0.0 162.84 206.52 368.2
