554.93 173.11 682.03 281.1
993.61 195.77 1155.7 234.19
289.73 190.88 360.07 224.16
1203.92 189.1 1242.0 234.86
399.66 204.05 430.27 213.65
565.69 178.65 674.47 289.1
1210.2 187.66 1242.0 227.65
1207.5 183.35 1242.0 234.47
1206.6 195.97 1242.0 229.61
1207.5 196.91 1242.0 239.82
1212.5 178.83 1236.9 237.48
1214.8 190.49 1242.0 241.45
1199.1 191.07 1242.0 233.33
1214.6 186.47 1241.4 242.06
1211.2 188.67 1233.1 236.81
1193.5 198.8 1242.0 236.04
1208.9 179.0 1236.1 244.99
294.32 197.87 353.75 228.05
293.28 197.07 354.14 226.61
287.17 191.97 349.24 229.52
279.36 199.64 350.18 232.1
286.05 181.72 356.3 215.11
1004.3 185.58 1157.5 232.2
994.1 183.92 1161.8 235.45
393.54 194.54 431.63 218.45
399.84 196.08 436.04 217.41
385.49 192.15 433.8 216.95
215.21 201.25 278.5 232.39
347.92 196.3 385.32 214.46
213.65 199.89 282.94 232.28
392.99 191.33 440.43 215.55
380.17 193.28 421.03 214.67
403.86 190.23 441.87 212.48
224.07 203.72 284.34 230.77
