662.33 184.76 694.61 207.69
651.89 175.75 676.41 197.15
648.61 179.29 655.46 197.11
678.52 175.67 688.82 179.14
717.96 177.3 729.15 204.52
646.93 183.92 651.54 193.45
694.82 147.94 711.31 205.25
704.59 149.14 713.04 193.57
692.22 150.44 701.47 198.93
653.26 175.39 689.72 205.24
658.48 174.71 694.54 203.31
650.86 173.79 688.79 198.17
653.66 181.2 686.59 206.89
667.92 175.33 704.14 200.12
652.07 187.84 689.19 207.37
670.66 173.33 691.91 210.27
658.01 179.74 692.63 206.77
674.11 173.31 700.99 197.75
667.45 176.04 688.44 210.59
665.5 176.67 698.02 206.43
704.96 158.54 720.36 201.28
687.99 158.38 703.61 200.61
652.07 177.14 680.18 203.37
662.4 167.55 682.37 205.57
655.74 169.49 674.99 207.47
650.94 175.22 676.99 199.57
653.79 172.6 670.04 206.87
649.17 177.25 672.4 200.85
653.1 173.34 680.85 196.48
660.98 166.42 678.25 201.07
651.31 182.94 679.47 206.71
647.71 174.87 670.64 197.46
652.24 172.86 665.8 206.22
649.89 172.92 674.44 194.72
648.28 172.77 680.45 191.18
642.7 174.06 672.76 194.23
655.86 171.68 684.47 191.57
643.23 173.16 664.55 194.79
644.08 175.72 666.26 198.05
645.32 171.77 669.06 193.05
645.59 178.26 668.49 200.16
656.25 163.87 672.0 199.21
650.09 170.29 684.32 187.81
648.12 169.41 672.17 189.3
646.01 168.97 678.67 187.13
644.02 168.33 667.42 188.55
640.28 168.25 672.9 187.32
716.42 167.85 731.91 213.63
712.66 165.43 728.37 209.99
708.82 165.45 724.21 209.47
719.82 167.64 733.87 214.61
710.6 171.94 736.11 198.54
708.18 174.87 733.16 202.19
667.13 172.22 699.49 190.06
637.86 173.37 659.11 194.93
636.48 178.58 659.8 200.02
647.33 168.13 659.84 203.98
640.98 170.4 663.39 191.51
637.18 169.87 658.31 190.99
641.71 169.82 655.53 205.66
649.77 170.48 662.4 207.61
