254.54 191.35 306.5 216.43
597.7 186.9 622.83 195.96
634.43 167.49 660.82 184.28
469.89 193.01 481.72 197.3
625.59 169.22 648.93 192.48
627.51 166.36 654.68 191.25
626.36 165.55 649.49 188.54
247.46 193.29 308.65 220.07
244.07 191.53 310.91 219.57
263.93 192.28 310.03 217.54
259.6 188.78 307.11 215.22
243.58 190.11 305.32 215.88
252.08 188.8 299.19 217.68
265.47 190.37 307.01 208.19
255.15 191.34 307.15 210.13
248.69 199.16 305.21 221.82
245.16 189.68 297.85 209.86
245.67 197.33 296.08 224.49
252.45 187.84 296.04 205.29
262.1 189.16 303.6 205.25
249.03 193.12 305.38 228.24
594.6 178.15 618.53 199.97
604.61 176.05 626.6 197.04
598.97 178.06 623.24 199.49
593.13 183.69 619.43 203.51
589.77 187.17 619.11 205.01
587.97 181.88 612.4 201.2
458.94 181.46 489.19 198.09
593.82 172.89 619.97 197.29
456.89 179.17 488.88 194.3
599.85 173.54 621.99 196.9
