398.56 187.93 522.68 268.58
615.32 184.49 661.26 210.77
747.93 164.59 806.08 273.37
739.68 176.56 774.71 252.32
768.51 182.04 789.18 195.55
482.13 178.95 521.86 201.92
0.0 112.34 49.81 310.02
432.93 143.22 621.25 210.15
0.0 114.4 52.152 315.35
439.15 148.77 613.32 218.27
393.72 182.86 527.19 276.46
401.1 185.92 519.8 266.41
756.52 167.52 796.99 264.69
751.75 168.33 806.91 284.87
750.63 172.58 780.81 252.25
750.65 177.4 771.06 244.13
744.47 169.32 771.77 248.45
610.5 179.19 664.14 210.24
608.86 179.55 664.95 209.35
616.72 177.61 665.75 204.68
626.61 175.4 670.24 206.24
607.37 180.62 654.54 212.74
613.4 177.58 653.65 205.44
621.92 183.73 668.81 210.09
623.72 176.04 657.98 198.83
615.93 177.03 653.28 198.81
614.23 187.13 654.67 211.7
470.51 174.55 528.65 205.12
759.43 172.71 784.06 204.08
762.45 170.86 790.01 205.62
761.69 172.42 783.1 197.25
765.03 170.62 788.28 198.04
756.87 174.02 777.81 196.6
760.32 172.89 787.33 188.74
766.38 172.1 786.96 191.41
768.39 170.92 795.17 205.46
762.9 172.88 782.7 190.65
758.4 174.16 778.25 191.42
769.0 170.8 792.98 197.37
757.72 171.5 794.38 192.97
764.71 172.25 794.86 188.9
773.25 171.49 798.86 204.47
770.24 172.0 791.81 192.47
757.25 170.5 783.45 186.49
665.87 176.43 705.1 199.34
659.84 175.51 699.61 201.91
620.37 178.45 674.22 208.16
649.39 176.54 689.65 199.99
617.65 177.58 674.55 209.24
672.46 175.82 707.06 196.48
639.36 177.66 683.89 203.85
635.1 176.3 677.94 207.28
658.67 175.11 694.19 197.21
