747.2 180.1 788.05 198.24
259.14 182.12 319.83 202.26
981.13 205.87 1242.0 375.0
792.35 179.41 819.31 197.48
717.02 149.66 725.6 197.87
330.33 174.76 408.84 212.85
712.0 155.95 729.92 181.9
200.93 190.85 245.48 206.04
970.16 203.33 1242.0 375.0
328.57 172.57 404.66 221.16
322.31 179.94 413.59 223.19
747.43 177.49 778.48 191.47
749.73 176.59 789.45 191.08
747.26 171.47 779.96 186.91
755.51 174.01 796.01 188.62
755.49 174.49 785.07 191.73
752.85 170.61 779.13 189.39
751.19 171.06 792.05 186.61
755.89 169.41 783.65 188.97
252.58 179.89 314.2 205.63
258.64 182.33 321.65 210.12
268.85 182.14 326.32 206.93
264.01 180.61 318.56 201.97
252.93 187.45 315.01 213.98
190.61 188.84 246.87 210.22
204.22 187.62 249.88 205.84
787.17 170.37 826.84 208.94
717.96 164.15 738.87 191.68
721.48 150.53 735.64 192.54
721.19 160.87 735.82 200.59
716.67 159.77 732.94 200.09
0.0 218.62 105.1 363.68
845.09 188.25 1194.0 367.28
749.64 177.18 934.9 302.92
783.38 176.04 1044.3 333.23
779.15 175.16 1242.0 375.0
61.263 198.77 297.32 327.91
750.43 176.17 974.79 326.4
51.669 195.25 311.64 331.49
906.18 169.95 1242.0 375.0
291.06 175.9 397.84 222.92
859.95 142.49 882.64 209.79
