705.17 182.39 768.3 230.36
538.72 181.25 567.36 203.84
440.4 186.89 506.89 231.39
730.08 181.35 828.58 248.63
700.26 180.46 739.82 215.75
343.65 182.63 471.15 255.29
691.13 179.91 715.06 202.5
692.68 183.36 698.39 210.69
498.67 186.71 529.97 220.75
695.51 182.82 706.2 201.37
531.87 187.33 537.17 196.76
749.5 175.96 775.05 188.76
728.61 161.05 776.54 188.4
338.7 183.73 473.15 261.67
346.07 186.33 463.37 260.63
730.42 178.97 832.01 251.09
720.22 175.83 837.23 248.22
739.71 189.43 835.16 260.05
701.8 178.47 772.36 228.65
707.16 182.35 761.59 224.54
711.77 180.14 771.74 227.32
709.02 191.6 757.28 232.21
715.98 191.5 768.68 231.67
705.42 174.63 764.33 222.14
705.85 186.61 777.09 235.46
434.6 180.35 512.82 232.33
429.47 191.64 507.38 237.11
447.35 184.9 508.54 223.63
443.86 192.84 505.33 229.31
434.39 194.94 496.14 231.17
445.24 197.88 497.09 235.95
451.28 187.9 514.18 229.28
736.07 172.96 775.61 194.43
490.34 188.09 534.32 216.77
500.56 188.17 532.05 217.85
500.59 183.66 531.88 210.46
496.85 176.38 523.99 225.71
494.66 192.29 531.0 221.96
502.76 181.83 526.77 226.14
507.64 183.6 529.33 222.12
499.96 185.54 521.7 228.21
492.07 178.54 521.78 229.51
493.94 181.84 519.13 229.92
505.03 176.63 525.46 217.98
501.57 176.04 521.79 215.02
509.75 178.73 528.96 216.05
533.72 179.25 572.14 204.77
532.38 180.66 563.51 202.91
542.45 175.9 574.51 199.43
535.96 177.68 565.75 199.46
532.39 179.17 556.54 199.1
540.29 175.74 556.76 207.95
543.0 174.68 559.26 208.62
547.43 172.05 563.93 206.66
528.4 184.78 562.39 205.66
545.51 177.01 562.7 209.29
529.53 177.41 557.48 194.92
539.88 172.4 558.21 201.92
549.11 169.58 565.7 199.6
544.52 169.9 562.32 200.49
550.04 177.2 566.24 209.62
540.17 176.32 568.51 194.9
535.99 176.73 562.62 195.12
743.22 172.37 767.92 199.12
746.65 170.05 770.57 194.7
748.15 172.27 775.95 198.72
742.5 170.9 765.75 194.38
691.41 175.16 743.16 216.86
688.42 178.09 739.53 214.22
693.56 181.3 743.12 219.07
693.93 176.63 737.86 206.14
707.73 175.21 736.6 227.61
711.98 173.3 737.08 224.08
701.58 174.39 728.76 223.1
708.17 171.83 731.39 221.46
706.34 176.45 740.46 206.9
697.44 187.25 743.79 226.03
709.52 169.79 728.0 211.33
692.88 188.21 734.79 224.47
691.0 171.82 710.86 212.97
685.28 174.82 701.42 208.03
687.91 171.59 704.78 210.11
692.08 171.36 709.04 204.65
684.17 174.92 698.38 203.67
688.17 175.54 715.69 195.49
679.53 177.61 719.15 204.41
681.3 178.16 709.15 203.42
684.22 175.68 720.39 199.87
681.97 181.78 721.7 208.31
697.61 170.38 717.77 211.83
701.84 170.22 720.85 210.7
682.69 177.46 711.09 196.01
694.92 170.02 713.11 204.87
680.71 183.17 708.0 207.69
699.05 170.72 716.11 203.87
683.26 183.95 714.49 210.82
685.8 174.79 721.56 193.66
681.08 178.54 702.89 198.7
525.71 181.18 549.06 201.14
526.24 179.31 546.35 198.03
521.58 181.63 544.23 203.2
693.1 176.82 752.96 222.16
709.66 179.83 792.41 234.02
780.79 183.88 963.95 295.63
449.99 181.14 520.63 228.05
721.55 178.48 810.23 244.31
540.22 177.81 579.83 201.35
685.52 175.98 729.85 209.97
464.52 180.87 525.73 222.57
853.27 162.27 1162.8 371.58
890.87 160.22 1237.0 375.0
414.87 182.69 510.9 239.32
835.88 154.52 1242.0 375.0
803.83 196.59 975.89 290.07
837.73 177.05 1077.0 337.7
550.07 177.58 581.83 200.23
361.01 179.59 496.4 249.55
749.24 184.5 853.7 243.76
685.48 176.56 736.24 212.12
741.58 183.57 868.0 258.76
