416.0 186.78 477.77 227.32
468.04 188.36 503.08 217.97
655.56 177.69 703.22 211.44
0.0 208.42 92.13 375.0
0.0 103.67 84.32 315.79
0.0 97.982 94.139 310.29
0.0 201.07 100.22 375.0
647.94 175.99 704.36 206.47
644.64 174.24 701.45 206.37
652.44 175.17 708.73 201.19
655.89 171.95 700.92 204.7
649.09 173.94 695.18 211.25
651.89 169.77 693.85 201.62
651.69 177.64 701.95 214.17
652.9 169.32 705.74 201.31
650.67 173.65 713.17 203.51
664.56 166.81 693.59 210.22
414.79 186.84 475.53 230.0
425.62 185.7 482.37 228.0
423.98 185.71 470.99 225.59
427.55 183.58 468.55 218.83
417.33 189.33 474.53 229.68
427.3 189.93 481.74 223.2
414.8 190.32 466.36 221.31
423.21 181.33 479.33 215.8
417.05 181.0 469.35 223.55
408.06 192.7 479.78 233.2
461.02 186.62 500.94 219.18
467.1 186.89 504.32 214.84
475.44 186.39 509.17 212.6
459.89 182.42 499.63 213.26
467.3 178.27 491.66 224.41
466.54 182.95 497.48 208.21
472.57 189.89 506.7 216.3
467.56 192.02 499.83 219.46
474.8 181.63 496.09 219.78
457.87 190.97 497.74 221.77
466.67 177.23 493.56 228.95
471.64 177.6 493.37 219.03
475.88 188.62 494.8 222.39
471.38 189.22 492.55 226.33
0.0 211.03 75.188 371.29
485.97 179.41 526.2 210.09
117.22 199.73 196.01 235.12
31.691 204.73 119.65 238.06
497.59 180.09 534.46 205.06
479.67 185.4 516.56 211.16
436.24 185.03 490.45 224.84
0.0 230.18 67.178 365.01
128.29 198.42 210.63 234.85
506.25 181.04 538.34 203.13
1.2523 236.89 66.766 364.39
445.57 184.83 499.24 223.05
94.706 200.41 171.85 235.29
192.76 200.34 265.41 233.81
634.89 172.77 689.73 202.27
480.72 178.15 519.53 209.04
631.11 172.09 684.29 196.82
454.94 183.17 505.93 219.47
449.81 185.71 499.74 221.04
514.92 181.76 543.24 201.61
63.466 204.23 143.91 236.71
823.61 161.24 863.58 175.97
