756.21 119.97 1208.82 271.10 11.60
0.00 102.05 24.13 375.00 1.14
1054.90 184.05 1242.00 375.00 4.06
205.67 130.91 537.39 255.08 15.20
64.62 125.65 319.12 254.66 14.26
611.23 133.90 791.01 261.30 14.37
1114.69 106.42 1242.00 268.98 13.56
0.00 125.86 205.41 236.78 19.06
1036.80 210.56 1242.00 375.00 1.35
1051.97 307.75 1242.00 375.00 5.17
493.94 172.34 564.57 259.88 12.72
264.94 196.56 424.49 275.40 10.64
577.45 144.11 613.79 268.39 10.82
980.85 241.09 1055.52 369.01 6.36
644.75 176.66 710.49 260.17 12.91
700.86 179.49 786.87 206.51 18.06
544.61 138.62 612.37 210.58 17.69
0.00 172.89 95.73 238.09 17.78
1117.52 233.74 1242.00 375.00 6.91
0.00 174.51 4.80 241.55 19.87
611.02 179.40 658.17 205.61 17.87
941.24 198.72 1018.14 278.77 11.46
713.87 209.88 790.02 216.44 18.33
0.00 221.45 37.12 246.90 17.35
882.09 208.28 932.27 277.13 11.00
242.51 209.76 298.27 276.13 11.22
534.43 214.04 583.35 254.83 14.97
660.48 130.76 669.27 260.39 12.47
1110.40 260.41 1241.57 340.77 8.10
838.26 215.77 871.50 239.67 14.88
852.97 184.22 876.26 207.96 19.02
463.42 236.67 525.09 252.04 13.00
929.18 220.84 971.76 277.70 11.27
78.97 213.80 146.37 246.49 16.72
617.13 209.38 648.27 215.00 18.11
1204.88 131.26 1242.00 223.28 24.03
271.97 193.08 330.11 263.17 12.29
177.85 133.76 218.22 154.16 18.28
630.91 139.81 646.67 214.84 18.20
906.22 230.02 954.34 263.10 12.89
534.97 136.10 542.11 219.22 15.19
1199.57 210.52 1242.00 333.18 8.89
0.00 197.16 12.60 215.87 19.17
657.29 179.43 682.88 205.31 17.93
199.98 130.95 236.70 236.18 16.05
1131.30 243.82 1178.46 260.08 13.77
993.63 217.70 1038.19 256.36 11.69
1164.44 221.66 1226.53 333.25 8.51
71.50 195.59 97.68 233.72 25.54
732.30 139.48 740.18 210.36 18.64
870.25 223.18 905.53 265.47 12.19
1228.88 215.62 1242.00 247.87 9.87
1237.38 154.66 1242.00 195.44 24.57
1233.36 177.93 1242.00 195.48 24.48
444.91 229.66 471.01 257.16 14.09
1145.81 263.66 1242.00 319.81 9.19
850.20 211.91 870.32 217.70 19.31
1172.65 249.68 1238.90 258.85 13.09
799.74 193.16 811.23 206.71 18.60
563.75 205.39 580.11 209.86 18.18
686.63 139.27 692.09 201.40 18.27
989.40 236.47 1017.35 263.95 12.32
1072.66 232.32 1095.29 243.50 16.25
603.98 174.83 624.47 209.58 18.31
403.80 234.68 426.90 255.57 13.39
921.05 221.07 942.81 266.33 12.45
