110.62 185.95 218.56 231.21 0.99995
443.64 178.6 473.1 195.25 0.99874
132.86 185.21 217.96 223.69 0.99579
374.7 176.51 407.12 196.07 0.99515
106.8 184.18 199.66 224.46 0.98174
270.13 170.64 339.55 205.24 0.94929
97.209 182.59 225.05 235.48 0.93059
277.18 173.57 340.2 203.93 0.91533
372.99 177.21 399.88 196.9 0.84732
105.39 195.22 214.75 234.7 0.80562
442.66 178.2 466.72 193.95 0.77301
129.41 181.11 214.62 215.88 0.75656
368.62 178.34 396.76 197.8 0.66563
155.69 183.72 227.49 219.06 0.64454
444.29 176.46 473.26 191.13 0.60766
376.93 174.07 408.73 193.37 0.58833
278.42 173.16 351.13 206.35 0.58763
269.62 173.74 326.92 203.16 0.52701
147.3 184.57 206.91 208.52 0.46358
384.34 175.82 415.25 195.02 0.44789
160.76 185.34 216.88 208.99 0.41432
130.58 185.63 193.74 209.24 0.41034
153.41 188.39 220.76 218.3 0.40857
142.15 187.79 209.72 218.71 0.40159
384.49 170.51 399.1 200.11 0.34
378.89 180.22 408.47 196.0 0.3141
131.35 189.11 193.02 222.02 0.30453
381.88 170.56 396.71 200.89 0.30002
449.91 172.99 463.89 198.26 0.29774
293.91 177.8 341.43 203.2 0.29638
174.11 186.13 222.31 209.25 0.24015
110.27 181.35 190.57 214.01 0.2231
449.93 177.52 473.93 193.11 0.21279
386.76 171.37 401.65 199.79 0.20061
379.17 172.04 393.56 201.93 0.19286
102.75 184.5 192.42 237.48 0.19121
452.23 179.16 479.82 195.43 0.18993
121.08 179.91 196.47 220.68 0.17865
373.77 181.11 401.84 199.17 0.17425
139.41 184.73 202.74 214.38 0.17265
445.34 175.47 460.51 200.97 0.16296
108.56 171.07 244.03 232.79 0.15946
167.63 186.16 226.45 213.76 0.15716
367.41 177.09 390.19 196.46 0.14808
382.44 175.57 398.88 201.83 0.13855
371.89 174.53 403.68 192.07 0.12565
448.17 173.51 460.73 197.56 0.12463
361.8 179.63 390.11 198.22 0.11551
439.64 181.05 468.34 198.12 0.11191
127.53 186.47 186.51 214.4 0.10802
317.58 180.33 359.96 201.16 0.10777
309.99 178.73 353.95 202.65 0.10715
145.07 173.07 178.1 242.1 0.1062
452.25 171.61 467.56 195.99 0.10438
452.84 177.35 480.04 192.07 0.084955
148.53 173.44 187.03 235.72 0.084269
450.03 174.85 477.38 189.86 0.07908
439.15 175.55 468.16 191.24 0.076794
135.12 184.11 190.0 202.41 0.072491
157.08 178.15 188.23 243.95 0.072239
150.52 192.32 217.74 224.58 0.065605
91.108 168.59 214.41 241.35 0.063553
166.13 184.5 210.91 202.7 0.062206
385.07 176.22 401.66 202.24 0.062011
157.4 182.87 209.23 214.27 0.059598
149.75 180.28 182.04 248.72 0.05881
162.27 177.42 195.04 244.48 0.057039
267.76 176.79 315.75 201.47 0.055939
174.37 184.86 217.09 204.59 0.055897
26.983 180.57 46.48 227.73 0.053731
326.69 181.26 366.28 201.79 0.051974
445.04 181.82 473.64 198.17 0.05072
160.62 179.29 231.56 212.61 0.048664
289.94 175.12 336.86 206.73 0.048432
156.73 183.06 203.43 201.07 0.047859
24.48 180.7 42.588 225.58 0.047336
354.2 182.41 384.51 198.96 0.047274
122.57 186.26 182.76 207.88 0.04656
137.97 171.06 176.04 233.85 0.043888
145.38 188.32 225.96 232.03 0.043369
169.28 182.61 237.66 217.54 0.043315
179.13 184.26 216.52 211.09 0.042668
164.78 175.16 198.81 234.12 0.042327
437.34 177.51 460.44 192.48 0.041511
455.66 172.88 467.87 197.51 0.04098
137.32 180.03 171.99 249.36 0.039879
123.13 190.19 183.48 220.24 0.039468
136.47 194.55 203.56 224.36 0.038107
174.44 184.04 220.36 216.1 0.037194
458.07 179.63 485.66 195.25 0.035791
376.63 171.45 388.36 199.55 0.035093
30.394 179.27 50.159 227.75 0.034916
205.24 177.62 219.33 215.5 0.033744
76.794 185.07 225.39 247.9 0.033379
130.64 171.2 166.58 243.63 0.032967
129.75 189.98 214.94 235.27 0.031038
278.81 169.72 334.03 196.11 0.030666
146.88 183.58 196.89 201.4 0.030315
502.8 176.57 529.12 191.45 0.029374
289.34 172.26 338.38 200.01 0.027204
200.53 178.89 216.12 216.84 0.026238
189.37 185.82 228.03 208.37 0.025688
368.51 183.07 399.55 200.29 0.023763
389.43 178.61 420.31 195.54 0.023413
298.46 174.09 373.27 206.77 0.023102
138.81 182.66 187.86 208.72 0.022421
261.58 167.83 330.71 209.55 0.022077
304.14 181.14 345.3 204.9 0.021759
374.04 174.14 388.68 203.12 0.021558
304.35 176.66 346.58 201.47 0.021553
366.49 174.23 396.2 191.4 0.021314
431.54 179.33 457.54 194.04 0.021036
128.69 163.14 272.02 226.59 0.019921
136.45 160.65 191.4 252.89 0.01952
124.77 195.84 197.28 226.54 0.019443
183.25 184.35 213.54 207.21 0.01937
445.62 176.29 464.38 207.41 0.018879
343.74 182.03 376.98 199.67 0.018823
192.85 183.73 220.7 211.07 0.018565
288.95 177.5 364.33 210.31 0.018527
188.12 180.6 210.56 226.83 0.018105
172.7 179.42 202.69 241.83 0.017032
361.84 177.38 384.21 196.57 0.016288
445.66 171.61 456.79 195.86 0.015584
170.41 190.28 224.25 218.98 0.014346
457.19 177.2 485.5 191.96 0.014326
120.69 175.18 159.61 240.74 0.014059
385.78 173.87 418.44 192.18 0.014002
175.57 176.63 205.34 231.8 0.013897
491.8 176.3 517.5 192.06 0.013805
356.62 179.36 381.24 199.81 0.013712
186.16 184.37 222.79 205.07 0.013644
390.57 173.17 404.45 199.35 0.013617
108.83 192.02 176.41 221.24 0.01359
147.92 161.04 201.82 252.47 0.013214
173.95 172.81 192.91 216.7 0.013165
199.13 180.87 222.51 207.85 0.013038
22.703 178.67 37.889 226.68 0.012794
443.23 175.02 457.19 202.3 0.012726
193.42 179.75 213.81 221.14 0.012626
141.4 169.73 183.37 226.17 0.012214
100.76 180.96 173.17 224.26 0.012169
298.97 164.17 323.72 211.61 0.012032
453.75 177.42 468.55 202.99 0.011984
485.32 179.09 512.33 193.99 0.011819
509.27 176.22 534.83 191.29 0.011609
446.57 184.03 476.42 199.96 0.011596
175.65 187.77 218.49 222.6 0.011434
449.04 176.84 467.45 206.07 0.011355
287.53 164.28 312.3 212.13 0.011265
33.648 179.12 53.733 226.25 0.011079
286.79 161.7 319.83 220.48 0.011046
349.48 180.32 382.28 198.51 0.011027
314.63 183.2 357.62 204.07 0.010961
377.75 177.58 395.88 207.65 0.010784
113.99 187.82 176.38 213.23 0.010401
191.82 179.76 208.57 216.62 0.010215
382.52 181.98 409.85 199.3 0.01015
495.44 177.65 522.94 193.13 0.0097004
185.57 177.04 205.66 222.49 0.0096577
202.18 178.66 221.32 219.95 0.009526
124.05 184.37 180.02 203.12 0.0094733
177.09 173.88 197.01 218.73 0.0093682
355.29 172.5 426.45 200.75 0.0090941
393.45 176.3 423.54 193.67 0.0089305
293.14 169.03 355.81 206.63 0.0088544
181.38 175.52 200.77 220.37 0.0086888
208.29 178.98 221.74 215.89 0.0086803
375.01 177.17 392.23 207.9 0.0085565
456.7 170.39 469.15 194.25 0.0083561
189.49 183.34 217.12 207.74 0.0081396
202.5 175.59 215.69 211.73 0.0081093
182.92 188.81 228.38 215.65 0.0081044
372.14 171.91 382.62 200.25 0.0081013
303.11 167.25 326.39 212.72 0.0080525
130.12 186.57 206.88 225.3 0.007978
443.31 177.22 460.67 208.02 0.0079712
198.02 177.59 211.48 213.16 0.0079157
456.52 181.81 484.39 197.64 0.0079067
365.55 174.96 389.56 193.38 0.0079013
484.55 176.39 507.97 193.09 0.007782
122.28 176.49 225.46 240.37 0.007764
280.23 161.68 314.46 219.84 0.0074617
156.14 170.38 196.63 224.2 0.0070972
268.46 175.52 304.82 200.26 0.0070888
389.74 176.3 405.17 203.86 0.0068091
188.08 177.35 204.62 214.5 0.0067721
293.24 162.13 326.84 222.14 0.006695
171.53 177.98 194.06 226.47 0.0064706
138.28 182.11 183.14 197.15 0.0064577
195.27 182.72 229.28 205.01 0.0063007
434.18 174.1 464.78 191.26 0.0061692
184.71 176.23 200.67 212.91 0.0060954
295.33 163.13 318.87 212.13 0.0059721
180.64 174.16 196.69 211.9 0.0059331
267.52 172.32 310.89 197.72 0.0059187
357.61 177.05 387.56 194.91 0.0058158
163.37 196.08 222.74 227.97 0.0057173
197.44 182.07 218.21 223.72 0.0056084
363.39 182.38 388.72 200.82 0.0055043
333.09 179.72 368.62 200.33 0.0054962
151.38 173.97 168.81 215.63 0.0054622
497.62 175.3 521.02 191.25 0.0051395
369.98 174.66 383.32 205.04 0.0051378
123.66 159.73 177.74 260.67 0.0050003
1237.6 222.81 1242.0 275.79 0.004874
0.0 277.93 29.972 375.0 0.0047628
463.96 179.4 491.53 194.66 0.0047617
1226.3 188.46 1242.0 291.68 0.0047345
483.39 179.75 507.57 195.2 0.0047294
237.3 155.98 393.87 218.58 0.0046928
129.77 181.95 176.53 197.56 0.0046853
1208.3 209.71 1242.0 253.12 0.0046624
174.22 179.48 198.74 227.62 0.0046083
183.5 182.36 208.46 200.2 0.0045336
279.5 165.83 305.51 210.22 0.0044222
154.71 172.78 171.7 214.95 0.0043657
102.17 178.77 174.08 213.23 0.0043027
341.94 180.6 370.6 201.22 0.0042854
117.86 142.06 181.6 252.04 0.0042746
1203.2 141.93 1242.0 330.79 0.0042326
445.27 173.74 473.76 188.63 0.0041481
448.67 168.63 465.42 197.49 0.00408
454.87 174.7 482.61 189.67 0.0040301
63.169 173.42 205.89 243.66 0.00396
324.49 181.46 357.85 203.35 0.003924
279.93 182.49 335.42 207.48 0.003795
514.03 175.78 540.29 191.28 0.0037842
18.218 178.47 32.81 228.65 0.0037652
147.64 181.83 188.96 197.04 0.0037474
170.99 172.06 187.53 213.77 0.0037251
293.97 183.96 338.78 206.79 0.0036886
194.58 174.1 206.88 207.07 0.0036718
147.95 172.88 165.66 216.22 0.0036716
307.12 169.92 329.29 211.27 0.0036486
99.493 152.59 221.25 235.22 0.0036252
165.39 169.33 202.87 222.51 0.0036103
188.05 181.36 211.03 200.55 0.0036089
178.89 180.25 202.42 227.29 0.0035935
1237.9 216.12 1242.0 265.66 0.0035368
429.2 178.29 451.24 192.53 0.0035195
0.0 180.04 7.1376 232.98 0.0034803
372.72 176.0 388.2 208.84 0.0034745
179.37 181.91 212.94 197.65 0.0034742
429.53 182.16 455.2 196.14 0.0034505
366.72 174.64 378.51 205.09 0.0034475
373.67 173.11 407.08 189.8 0.0034448
81.084 155.52 236.59 224.35 0.0033972
1209.6 201.99 1242.0 245.48 0.0033312
183.81 176.72 211.12 239.64 0.003282
1173.2 179.32 1242.0 265.89 0.0032789
345.97 184.74 379.86 202.2 0.0032662
332.59 184.19 369.71 202.95 0.0032238
115.05 197.67 186.51 227.61 0.0032112
158.58 171.9 175.29 214.26 0.0031876
1094.0 0.0 1242.0 375.0 0.0031595
1056.1 178.36 1154.5 220.27 0.0031555
125.75 117.83 204.78 256.35 0.0031478
312.34 174.09 386.09 205.51 0.0030207
345.01 172.86 414.65 202.7 0.0030125
200.81 179.69 221.47 202.98 0.0029158
171.51 182.41 206.1 197.07 0.0028785
162.32 172.14 179.24 213.67 0.0028662
1236.1 229.64 1242.0 258.02 0.002846
460.21 172.66 470.52 196.72 0.0028308
166.75 172.21 183.08 213.75 0.0028306
110.65 185.67 171.4 208.33 0.0028032
1216.6 204.71 1242.0 259.69 0.002784
1232.7 232.01 1242.0 255.23 0.0027532
392.56 181.62 423.88 197.02 0.0027503
193.16 186.78 214.58 229.68 0.0027141
13.231 177.68 29.801 230.75 0.002708
190.46 174.91 203.85 205.75 0.0026964
1064.0 171.99 1161.2 213.29 0.0026708
469.19 179.49 497.21 195.2 0.0026537
1175.6 163.67 1242.0 249.72 0.0026003
1201.0 284.89 1242.0 375.0 0.002578
1171.6 194.68 1242.0 281.48 0.0025737
1224.0 333.44 1242.0 375.0 0.0025675
0.0 326.15 13.095 375.0 0.0025083
1098.2 173.0 1118.2 225.23 0.0025021
161.19 181.79 198.8 196.56 0.0024901
0.0 147.74 29.582 348.05 0.0024785
1232.8 227.86 1242.0 251.1 0.0024546
1174.4 147.98 1242.0 232.25 0.0023999
173.0 180.46 227.7 224.81 0.0023826
160.26 180.64 200.35 254.56 0.0023763
121.3 180.92 169.24 197.95 0.0023736
0.0 0.0 34.343 81.411 0.0023617
0.0 182.28 52.589 375.0 0.0023593
73.233 193.6 235.36 257.47 0.0023576
141.46 117.26 216.53 249.5 0.0023544
1225.1 165.61 1242.0 267.43 0.0023524
193.05 187.22 225.0 216.77 0.002334
112.57 183.99 168.58 203.73 0.002323
476.66 179.42 504.09 195.2 0.0023218
192.87 180.69 214.6 201.32 0.0023149
193.05 157.94 286.06 193.36 0.0023087
397.75 175.98 427.63 192.25 0.0022976
176.87 176.0 249.6 209.14 0.0022921
1156.1 176.35 1242.0 375.0 0.0022898
1187.8 168.39 1242.0 278.06 0.0022802
126.84 166.68 165.69 228.51 0.0022605
1164.2 17.158 1242.0 363.64 0.0022174
355.22 184.52 386.98 201.22 0.0021938
178.7 173.57 192.73 203.9 0.0021775
1204.1 103.03 1242.0 278.17 0.0021674
1076.9 178.54 1180.9 220.49 0.0021631
387.6 182.14 415.15 199.93 0.0021567
484.34 181.35 512.08 196.98 0.0021466
462.66 177.22 491.85 192.13 0.0021297
1233.4 235.27 1242.0 259.48 0.0021209
99.056 203.69 209.02 241.21 0.0021169
139.96 173.34 158.05 218.16 0.0021168
428.41 172.47 492.99 200.57 0.0021156
1209.2 224.45 1242.0 268.02 0.002065
0.0 0.0 134.79 375.0 0.002056
155.49 194.55 213.61 230.5 0.0020504
130.17 183.65 176.18 209.51 0.0020364
1187.2 320.15 1242.0 375.0 0.0020116
1233.2 223.71 1242.0 246.71 0.0020111
0.0 357.66 5.7622 375.0 0.0019976
1102.8 179.62 1199.4 218.79 0.0019742
205.99 172.14 218.89 209.7 0.0019706
182.61 175.02 197.2 204.79 0.0019616
0.0 103.82 286.5 375.0 0.0019564
143.3 156.13 302.26 225.54 0.0019494
144.22 172.97 161.54 216.22 0.0019277
183.63 183.55 208.02 232.29 0.0019146
51.976 162.82 206.46 231.7 0.0018906
177.23 169.11 208.08 223.59 0.0018872
144.93 196.77 208.58 228.14 0.0018779
168.82 175.67 188.51 224.58 0.0018776
163.43 157.69 211.0 261.63 0.0018764
1232.8 219.86 1242.0 242.85 0.0018363
1236.2 221.57 1242.0 249.07 0.0018341
416.98 175.79 447.2 192.2 0.0018225
221.3 157.78 265.55 178.14 0.0018153
175.45 183.65 203.99 199.3 0.0018036
1205.0 170.8 1242.0 369.31 0.0017771
526.51 175.19 552.04 189.82 0.0017746
1221.3 353.58 1242.0 375.0 0.0017573
489.81 179.28 514.42 195.88 0.0017498
1101.9 177.31 1122.5 228.67 0.0017244
313.08 180.14 349.0 205.68 0.0017163
0.0 316.48 44.877 375.0 0.0017159
1237.1 236.15 1242.0 266.57 0.001715
127.59 157.84 191.46 288.76 0.0017118
361.45 175.2 375.77 207.28 0.0016988
377.53 167.66 393.88 198.0 0.0016976
396.44 172.98 409.78 199.29 0.0016836
1210.6 193.11 1242.0 239.02 0.001649
333.76 174.18 405.52 203.85 0.0016385
1096.2 172.8 1192.7 210.98 0.0016089
1225.7 136.36 1242.0 235.79 0.0016013
126.87 203.24 191.75 229.87 0.0015873
291.71 170.81 315.39 214.46 0.0015812
164.96 174.79 184.47 225.12 0.0015665
329.8 175.08 348.8 209.77 0.0015466
197.85 171.0 211.03 207.56 0.0015272
1237.8 205.6 1242.0 252.84 0.0015253
1208.7 153.85 1242.0 198.38 0.001478
0.0 262.53 159.61 375.0 0.0014743
56.213 184.84 199.65 253.47 0.001472
415.52 179.6 446.21 194.92 0.0014713
1235.6 217.65 1242.0 245.5 0.00146
1095.4 177.68 1114.7 228.35 0.0014574
1186.8 138.25 1242.0 244.76 0.0014434
186.47 175.16 200.6 203.83 0.0014357
369.21 171.59 401.45 188.68 0.0014154
1029.9 86.761 1242.0 375.0 0.0014029
188.7 180.51 219.65 198.63 0.0014015
1209.3 161.18 1242.0 206.52 0.001395
404.43 175.98 434.76 192.2 0.0013947
270.2 170.72 323.7 195.73 0.0013832
275.18 167.67 294.59 204.3 0.0013829
954.6 113.86 1242.0 375.0 0.0013804
369.92 169.02 445.37 198.87 0.0013691
1218.0 218.27 1242.0 275.66 0.0013621
209.67 171.07 222.37 208.35 0.0013511
521.36 175.54 547.13 190.46 0.0013424
1171.1 133.92 1242.0 217.53 0.0013325
126.13 146.09 294.16 216.38 0.0013302
301.87 179.03 378.8 212.19 0.0013211
111.34 104.65 186.03 258.43 0.0013176
0.0 252.13 96.387 375.0 0.0012967
444.58 168.33 460.25 197.76 0.0012951
463.6 181.93 490.52 197.13 0.001274
8.9096 175.34 26.482 232.4 0.0012694
225.5 161.16 268.64 182.1 0.0012582
1218.9 188.33 1242.0 245.98 0.0012466
283.84 170.55 309.37 214.23 0.0012341
198.99 165.96 283.98 200.45 0.0012283
479.85 181.63 506.07 196.95 0.0012185
124.39 173.55 197.73 205.71 0.0012147
192.32 176.2 219.26 232.72 0.0011884
394.68 175.2 409.85 205.66 0.0011881
274.75 157.56 309.43 219.68 0.0011881
1210.6 184.23 1242.0 231.03 0.0011866
720.62 149.23 736.18 190.23 0.0011685
0.0 60.506 73.92 375.0 0.0011616
1124.6 249.81 1242.0 375.0 0.0011614
1084.3 261.04 1242.0 375.0 0.001161
1053.9 158.77 1221.5 226.79 0.0011586
143.96 167.39 251.42 238.72 0.0011556
112.43 172.63 150.08 237.29 0.0011332
1171.8 209.52 1242.0 297.76 0.001113
1226.4 208.24 1242.0 318.22 0.0011112
1086.4 186.62 1189.5 225.77 0.0011084
302.66 161.21 332.79 222.71 0.0010904
1088.7 165.47 1187.0 203.79 0.0010766
1040.8 171.7 1138.5 213.23 0.0010627
0.0 98.426 30.168 294.1 0.0010499
1070.1 185.53 1171.6 226.81 0.001042
1116.4 163.76 1207.4 203.42 0.001039
240.05 151.18 360.04 227.98 0.0010318
1208.5 146.36 1242.0 190.29 0.001016
1026.8 157.46 1192.5 226.09 0.0010138
192.04 150.06 286.1 188.22 0.00099749
363.03 168.18 416.49 202.47 0.00099061
1056.5 165.03 1153.5 205.68 0.00098731
86.317 185.8 206.93 260.52 0.00098441
240.79 166.85 315.85 202.15 0.00096864
127.3 180.54 265.49 247.56 0.00096294
199.14 153.35 362.61 221.45 0.00095103
1209.4 175.52 1242.0 223.05 0.00093999
184.16 167.72 267.23 202.27 0.00093611
214.63 158.25 300.42 191.68 0.00093142
142.31 158.25 205.65 289.81 0.00093079
1190.9 196.0 1242.0 315.08 0.00091642
1089.1 136.26 1242.0 311.98 0.00089854
0.0 325.12 56.479 375.0 0.00088772
1048.4 185.05 1148.1 227.38 0.00088239
0.0 0.0 52.474 44.594 0.00088155
976.68 0.0 1242.0 134.32 0.00086144
159.13 111.54 228.11 252.13 0.00085576
1110.6 186.3 1206.9 226.71 0.00085552
1217.7 156.88 1242.0 214.38 0.00085471
1036.8 178.84 1129.8 220.59 0.00085396
186.15 167.59 215.07 224.97 0.00083326
91.976 175.35 161.59 210.03 0.00082204
137.58 174.56 212.56 206.52 0.00081953
184.24 174.15 263.58 206.51 0.00079803
126.69 144.24 247.93 230.91 0.0007902
0.0 351.54 20.598 375.0 0.00078165
1172.7 118.13 1242.0 201.81 0.00078056
273.02 127.01 337.94 275.53 0.00076245
1160.5 0.0 1242.0 183.74 0.00075588
1218.4 170.44 1242.0 230.91 0.00075026
259.42 162.17 333.05 202.0 0.00074984
218.57 166.1 300.24 200.05 0.00074578
182.29 177.89 238.93 219.95 0.00073548
1204.8 71.099 1242.0 249.13 0.00072731
0.0 0.0 71.838 146.42 0.00070816
0.0 0.0 314.21 141.74 0.00070338
1085.1 109.81 1242.0 276.83 0.00069524
1053.9 173.91 1226.0 240.69 0.0006923
1211.7 231.04 1242.0 277.57 0.00069158
1026.2 0.0 1242.0 184.64 0.0006911
1131.6 114.06 1242.0 343.74 0.00067276
431.94 169.35 506.2 199.28 0.00066975
108.87 152.67 161.4 266.64 0.00065466
156.02 141.26 325.73 213.07 0.00064056
1204.7 0.0 1242.0 80.429 0.00063555
107.51 172.93 182.63 204.38 0.00062387
1209.7 138.89 1242.0 181.91 0.00061999
1095.2 157.31 1194.9 196.79 0.00061894
102.52 130.79 164.09 257.41 0.00059282
305.46 173.66 362.84 212.36 0.00058821
152.71 195.94 227.75 235.52 0.00058804
221.89 163.05 380.45 234.53 0.0005813
0.0 0.0 231.88 159.73 0.00057869
1197.8 158.94 1236.2 266.25 0.00057693
0.0 161.42 15.106 261.68 0.00057615
1171.5 153.13 1235.7 313.14 0.00057568
1116.1 155.24 1209.0 196.11 0.00056695
0.0 180.47 14.017 304.2 0.00056357
114.38 156.0 177.34 290.56 0.00055832
0.0 0.0 15.522 52.166 0.00055403
995.34 157.95 1158.2 225.82 0.0005408
1216.8 141.96 1242.0 198.4 0.00054059
1021.2 172.23 1193.2 240.16 0.00053518
1169.9 0.0 1242.0 30.671 0.00052889
0.0 0.0 75.473 41.46 0.00052781
147.02 166.46 295.48 238.65 0.00052519
1088.9 195.9 1188.4 233.04 0.0005212
99.097 192.52 174.98 233.4 0.00051544
0.92197 147.32 67.407 375.0 0.00051403
992.7 185.86 1088.6 226.83 0.00050592
208.94 94.554 276.98 261.81 0.00050589
1209.5 184.73 1241.5 289.3 0.00050228
1226.1 225.59 1242.0 348.58 0.00049877
1000.9 180.65 1095.5 220.11 0.00048698
1098.2 0.0 1242.0 61.842 0.00048133
1206.6 156.28 1242.0 274.23 0.00048093
1112.0 194.44 1207.9 234.54 0.00047619
1199.8 188.01 1234.4 285.08 0.00047599
1122.7 178.67 1213.2 219.16 0.00047096
1225.5 115.22 1242.0 211.21 0.00046958
0.0 49.499 187.64 375.0 0.0004645
163.58 189.08 236.05 231.44 0.00046304
155.14 172.55 228.75 206.06 0.00045977
0.0 0.0 158.24 71.627 0.00045818
1185.1 145.48 1242.0 317.83 0.00045531
0.0 0.0 113.39 77.535 0.00045434
1108.8 163.05 1242.0 341.73 0.00045244
259.38 153.41 442.2 223.05 0.00044731
342.53 164.43 421.75 197.75 0.0004466
1155.1 155.2 1221.5 308.51 0.00043872
1054.0 146.74 1222.2 215.03 0.00043222
288.93 124.57 352.27 278.61 0.0004317
0.0 120.36 93.361 341.78 0.00042744
0.0 133.52 146.46 317.7 0.0004253
1122.9 170.82 1212.4 211.54 0.00042148
46.256 148.11 212.82 222.27 0.00042034
1187.6 106.56 1242.0 215.64 0.00041841
1070.7 190.55 1240.9 260.07 0.00041647
195.46 94.274 260.41 259.54 0.00041444
0.0 280.36 48.906 375.0 0.00040919
14.045 281.62 88.256 375.0 0.00039401
281.47 152.01 326.86 211.44 0.00038789
764.32 294.17 836.79 375.0 0.00038691
260.37 128.42 323.32 259.11 0.00038275
259.81 183.18 342.73 216.57 0.00038095
780.31 335.22 817.29 375.0 0.00037841
1120.7 0.0 1242.0 88.05 0.00037697
989.97 169.62 1161.8 239.2 0.00037509
1223.7 21.413 1242.0 138.51 0.00037314
1227.0 0.0 1242.0 46.719 0.00037083
180.96 130.72 231.28 259.82 0.00036739
0.0 248.9 25.451 375.0 0.00036318
0.0 166.9 43.162 281.54 0.00036248
85.555 181.62 155.86 220.33 0.00035079
163.56 147.72 283.7 234.59 0.0003506
1176.4 224.84 1242.0 315.52 0.0003505
150.34 126.11 327.33 201.37 0.00034888
179.6 104.46 242.18 253.78 0.00034838
1209.6 130.36 1242.0 173.73 0.00034676
0.0 202.93 29.535 375.0 0.0003458
747.62 288.93 824.04 375.0 0.00034409
1188.8 158.84 1229.1 260.56 0.00034319
1067.0 174.38 1141.0 225.45 0.00034094
0.5225 279.33 72.023 375.0 0.00033756
1016.2 178.67 1115.2 221.15 0.00033749
1190.9 189.04 1226.7 280.99 0.00033727
1195.4 212.41 1242.0 335.9 0.00033506
1023.5 185.49 1123.2 227.86 0.00033477
123.65 202.8 220.56 242.33 0.00033339
65.969 166.73 174.45 250.49 0.00032786
406.62 169.97 479.8 198.58 0.0003274
1054.3 192.56 1153.8 234.25 0.00032563
1166.3 212.14 1242.0 251.6 0.00032519
0.0 84.215 97.137 303.63 0.00032393
1109.1 157.01 1242.0 226.85 0.00032351
1189.2 210.02 1242.0 253.4 0.00032319
787.94 335.97 824.96 375.0 0.00032049
184.06 180.44 260.17 215.23 0.00031703
1181.5 0.0 1242.0 40.596 0.0003163
143.67 137.6 269.15 226.21 0.00031512
208.61 150.66 302.17 187.61 0.00031377
1069.3 157.95 1172.9 196.78 0.0003091
1214.0 239.19 1242.0 286.0 0.00030747
255.34 163.99 320.14 206.35 0.00030613
0.0 134.34 49.397 364.72 0.00030443
310.58 153.81 492.68 221.74 0.00030169
199.47 170.4 226.32 237.73 0.000299
1197.4 140.52 1237.8 241.15 0.00029629
771.9 335.77 809.7 375.0 0.00029279
1176.6 100.79 1242.0 185.11 0.00029225
204.53 154.94 270.91 197.91 0.00029022
1221.6 232.45 1242.0 294.83 0.0002886
9.388 157.07 83.688 365.63 0.0002881
0.0 160.77 135.22 345.0 0.00028604
0.0 100.78 157.77 278.28 0.00028562
1108.8 173.56 1242.0 241.83 0.00028495
1071.2 194.09 1172.5 232.87 0.00028283
173.28 170.07 244.61 204.28 0.00028269
1207.9 242.07 1242.0 375.0 0.00028177
258.35 154.11 371.1 241.7 0.0002809
1013.9 145.1 1177.1 212.77 0.00028021
179.0 129.34 299.41 223.18 0.00027392
1068.5 148.65 1192.2 234.24 0.00027391
1073.5 167.77 1147.3 218.05 0.00027294
250.79 177.26 328.04 212.78 0.00027151
1090.8 145.49 1242.0 213.71 0.00026992
0.0 195.92 14.513 335.17 0.00026919
237.63 160.03 316.31 196.63 0.00026593
1096.0 150.32 1192.1 189.5 0.00026401
1207.2 138.46 1242.0 245.16 0.00026384
1122.4 138.13 1188.0 286.97 0.00026254
274.45 183.33 356.15 217.55 0.00026127
313.71 159.82 341.27 218.78 0.00026066
33.302 171.78 180.47 244.32 0.00025879
1024.4 172.32 1120.9 214.08 0.00025649
1100.1 149.38 1222.2 233.48 0.00025318
1137.0 140.07 1203.4 286.35 0.00025316
120.97 128.11 295.42 203.2 0.00025103
0.0 225.68 126.06 375.0 0.00024994
0.0 325.7 22.216 375.0 0.00024655
219.44 173.62 300.75 206.07 0.00024651
0.0 135.54 44.48 246.39 0.00024485
1115.2 148.57 1206.6 188.9 0.00024432
1145.6 184.82 1242.0 262.04 0.00024272
376.37 159.97 406.24 222.08 0.00024154
1113.5 175.56 1184.9 222.86 0.00024039
795.63 336.8 832.11 375.0 0.00023913
1209.6 121.83 1242.0 164.58 0.00023852
1163.8 219.93 1242.0 257.65 0.00023763
732.73 287.94 808.15 375.0 0.00023565
386.75 168.3 462.26 199.28 0.00023564
16.544 117.23 362.71 271.08 0.00023392
1105.0 126.37 1171.5 272.01 0.00023318
249.55 163.76 415.7 235.53 0.00023312
1060.0 167.53 1133.6 217.75 0.00023136
98.493 100.62 168.94 260.28 0.00022591
0.0 87.793 386.61 375.0 0.00022477
780.77 296.39 852.51 375.0 0.00022186
1089.4 122.48 1156.9 268.45 0.00022157
0.0 176.55 71.406 267.97 0.00022047
1079.3 175.31 1156.3 224.51 0.00022026
1227.1 260.25 1242.0 375.0 0.00021893
202.76 172.55 286.56 205.3 0.00021871
180.54 157.5 258.98 194.49 0.00021387
1132.7 187.01 1218.1 228.01 0.00021383
1224.8 96.996 1242.0 192.09 0.00021243
1042.7 148.18 1161.8 234.37 0.00021223
1088.1 163.29 1207.9 248.45 0.00021123
0.0 176.34 33.164 222.48 0.00021118
1156.5 124.66 1221.8 269.19 0.00020699
0.0 172.9 22.119 229.5 0.0002065
1173.5 203.37 1242.0 244.62 0.00020566
1172.5 121.74 1236.5 276.55 0.00020486
0.0 161.05 71.369 251.32 0.00020412
1075.7 121.99 1139.4 265.89 0.00020375
319.69 178.83 397.42 211.55 0.00020328
1183.4 283.9 1242.0 375.0 0.00020235
1052.2 174.97 1125.3 225.1 0.00020222
247.84 145.84 417.34 216.43 0.00020195
745.91 358.69 843.57 375.0 0.00020004
1133.3 195.75 1219.1 234.62 0.00019696
960.81 158.36 1125.7 226.5 0.00019579
321.02 161.09 350.64 229.56 0.00019498
1123.3 167.54 1192.2 215.42 0.00019491
92.949 169.25 167.64 202.52 0.0001944
305.0 122.4 369.01 278.26 0.00019141
1205.9 0.0 1242.0 191.21 0.00018839
1037.9 187.78 1213.4 259.84 0.00018803
0.0 53.388 29.861 242.55 0.00018797
26.845 285.14 102.96 375.0 0.00018761
763.13 357.07 829.42 375.0 0.00018679
225.99 97.638 290.17 258.74 0.00018505
1121.8 178.97 1236.5 268.24 0.00018488
1106.1 168.25 1179.3 215.07 0.00018451
0.0 116.21 57.488 375.0 0.00018451
1166.3 293.16 1240.1 375.0 0.00018438
1127.8 63.702 1242.0 276.91 0.00018337
1058.2 129.65 1125.2 290.71 0.000183
956.63 170.96 1131.6 239.38 0.00018288
91.459 140.51 144.41 278.15 0.00018261
266.23 146.49 394.45 228.4 0.00018187
1215.7 174.4 1242.0 281.76 0.00018147
1182.7 162.02 1221.8 256.5 0.00018058
0.0 0.0 31.234 26.347 0.00018047
0.0 145.67 69.307 234.63 0.0001793
235.96 153.46 345.74 244.03 0.00017782
27.465 184.94 173.97 255.78 0.0001762
1049.1 49.686 1209.4 375.0 0.00017496
377.41 160.21 458.19 194.98 0.00017486
1182.6 190.95 1220.1 278.51 0.00017371
1207.2 114.12 1242.0 157.61 0.00017313
0.0 0.0 34.856 19.224 0.00017258
1042.0 126.54 1108.6 291.51 0.00017253
1213.3 331.01 1242.0 375.0 0.00017245
1174.6 208.05 1236.8 257.77 0.00017101
1154.5 174.07 1226.4 341.47 0.00017077
371.56 158.94 398.81 219.12 0.00017044
69.615 139.5 196.12 229.8 0.00016954
1211.5 54.528 1242.0 102.88 0.0001677
343.91 153.43 524.99 223.18 0.00016672
1086.9 160.55 1123.2 240.75 0.0001652
1070.3 150.2 1170.8 187.89 0.00016494
140.96 158.22 180.63 220.05 0.00016398
1185.9 112.8 1242.0 282.02 0.00016328
802.93 337.75 839.41 375.0 0.00016324
244.69 117.35 304.27 262.76 0.00016282
199.25 163.33 261.49 205.3 0.00016055
1188.3 137.21 1231.0 238.83 0.00016007
763.81 336.89 801.39 375.0 0.00015992
1204.7 39.754 1242.0 217.52 0.00015904
194.67 130.41 255.81 278.98 0.00015854
1094.2 160.22 1130.7 240.97 0.00015777
328.56 170.77 387.82 207.62 0.00015737
121.43 185.62 232.46 258.88 0.00015657
378.42 172.99 450.47 203.43 0.00015573
1144.2 198.07 1242.0 277.32 0.0001556
223.19 154.93 282.45 196.5 0.00015432
1217.5 125.3 1242.0 181.82 0.00015382
0.0 317.91 118.85 375.0 0.00015299
1135.1 159.46 1169.6 240.99 0.00015255
0.0 70.782 152.65 244.21 0.00015013
1047.8 156.07 1146.5 196.9 0.00014951
1104.0 202.82 1202.2 241.62 0.00014905
1142.2 168.42 1242.0 247.29 0.0001482
161.78 157.98 217.82 298.23 0.00014813
1115.1 159.93 1184.5 207.89 0.00014799
305.73 257.98 700.94 375.0 0.00014709
1087.4 180.18 1210.7 267.99 0.00014693
1056.1 162.88 1177.9 250.09 0.00014462
733.33 328.18 857.57 375.0 0.00014457
1211.8 0.0 1242.0 14.155 0.0001422
1139.7 164.36 1205.5 318.58 0.00014204
211.6 143.13 330.68 232.5 0.00014122
271.18 177.2 335.09 217.51 0.00014112
455.09 192.7 621.51 375.0 0.00014098
1215.6 191.83 1242.0 305.81 0.00014096
160.82 115.46 288.93 211.26 0.00014091
1025.7 124.5 1092.2 291.77 0.00013993
1024.2 48.033 1174.9 373.96 0.00013907
0.0 323.67 32.812 375.0 0.00013825
1097.6 175.37 1174.2 223.1 0.00013757
795.24 296.08 870.69 375.0 0.00013663
1143.5 153.9 1177.8 234.25 0.00013614
192.56 171.93 251.45 211.19 0.00013498
489.78 197.61 651.87 375.0 0.00013465
1087.5 167.97 1164.8 216.39 0.00013268
225.27 162.35 282.83 205.23 0.00013252
1180.8 85.01 1242.0 170.35 0.00013242
1000.4 172.56 1096.1 212.91 0.0001321
421.51 192.59 589.99 375.0 0.00013207
74.409 167.82 149.73 203.32 0.00013173
979.54 181.47 1072.1 219.9 0.00013124
0.0 0.0 64.075 305.74 0.00013123
779.2 358.15 845.24 375.0 0.00013093
1079.3 160.45 1115.4 240.58 0.0001309
993.07 194.57 1088.0 232.63 0.00013077
1183.7 198.68 1242.0 251.29 0.00013076
1141.8 203.74 1228.3 242.15 0.00013054
191.28 173.33 221.18 251.61 0.00013048
1200.7 227.7 1242.0 352.15 0.00012933
0.0 193.26 41.3 316.99 0.00012915
198.65 142.59 296.29 182.92 0.00012913
1012.6 148.7 1128.1 234.45 0.00012867
755.62 337.27 792.67 375.0 0.00012776
1082.0 59.827 1235.6 375.0 0.00012749
0.0 186.78 21.952 244.61 0.00012734
1105.9 181.72 1179.6 229.65 0.0001273
1065.9 160.71 1139.4 211.1 0.00012712
185.95 177.68 212.97 258.31 0.00012682
222.84 140.6 256.57 214.09 0.00012591
1000.8 0.0 1242.0 375.0 0.00012543
0.0 191.53 69.729 285.76 0.00012448
1105.9 154.73 1173.8 304.92 0.00012428
1199.6 208.08 1242.0 260.76 0.00012345
200.7 147.74 274.17 192.07 0.00012262
0.0 190.38 33.822 237.26 0.00012251
373.03 262.59 763.7 375.0 0.00012226
4.7774 173.16 43.633 316.69 0.00012219
0.0 168.13 91.057 375.0 0.00012215
424.26 163.56 499.83 198.36 0.00012192
71.582 158.35 150.82 193.78 0.00012141
394.41 195.94 556.85 375.0 0.00012014
1158.5 163.85 1194.9 252.23 0.00011969
327.66 160.39 358.27 223.14 0.00011948
1142.2 211.65 1229.6 250.71 0.00011941
473.21 266.68 859.44 375.0 0.00011928
1183.1 240.33 1242.0 331.68 0.00011927
339.68 169.1 396.45 203.77 0.00011893
524.07 200.31 682.22 375.0 0.00011865
1150.1 294.9 1225.2 375.0 0.00011833
1151.4 150.22 1186.2 236.09 0.00011795
0.0 136.92 14.792 237.44 0.00011753
1214.2 148.71 1242.0 261.46 0.00011749
1072.8 179.64 1149.7 232.11 0.0001174
1127.0 160.11 1163.0 238.85 0.00011674
10.685 175.53 52.701 314.08 0.00011596
213.66 140.09 248.94 214.41 0.00011574
1101.7 215.74 1242.0 375.0 0.00011546
128.4 83.09 198.17 243.99 0.0001149
560.16 203.4 713.32 375.0 0.00011427
242.33 146.97 272.27 224.21 0.00011415
1025.1 159.73 1146.9 250.03 0.00011383
0.0 129.03 292.3 295.99 0.00011376
394.41 173.3 467.31 203.53 0.00011326
1172.6 181.03 1239.0 375.0 0.00011283
592.27 204.53 744.88 375.0 0.0001128
1033.2 193.75 1131.5 234.03 0.00011228
321.92 161.01 406.7 197.51 0.00011216
1219.5 0.0 1242.0 18.994 0.00011164
1119.6 44.78 1242.0 375.0 0.00011145
1076.9 203.99 1241.3 275.07 0.00011118
0.0 306.56 10.155 375.0 0.00011102
427.83 178.5 499.74 211.09 0.00011063
624.03 204.32 777.75 375.0 0.00011024
1215.9 116.76 1242.0 173.32 0.00011015
1224.0 246.72 1242.0 310.61 0.00011014
1185.6 254.84 1242.0 349.98 0.00010992
811.57 292.65 886.96 375.0 0.00010985
295.64 160.71 327.73 241.31 0.00010951
1218.2 46.856 1242.0 111.66 0.0001095
231.62 140.08 264.84 214.28 0.00010944
1228.0 313.4 1242.0 375.0 0.00010931
373.16 157.02 551.21 223.35 0.00010899
564.63 169.01 723.94 239.59 0.00010884
1058.8 179.69 1135.2 232.13 0.00010875
149.07 160.99 188.4 220.07 0.00010865
322.06 138.91 511.36 215.45 0.00010845
1122.4 112.28 1186.4 252.4 0.00010837
0.0 72.325 15.181 189.21 0.00010795
0.0 0.0 51.809 77.462 0.00010732
179.84 151.34 232.28 281.59 0.00010724
134.34 156.04 172.84 223.12 0.00010711
96.182 44.569 234.82 340.21 0.00010651
1071.4 160.28 1107.6 241.29 0.00010612
1209.1 105.02 1242.0 150.07 0.000106
369.96 112.1 433.3 262.97 0.00010595
984.48 148.01 1142.0 212.0 0.00010566
1123.5 164.62 1189.9 318.59 0.00010522
1089.1 148.08 1157.7 305.21 0.00010513
0.0 216.47 13.118 359.69 0.0001042
1121.4 182.64 1193.7 231.13 0.00010369
715.08 287.85 792.12 375.0 0.00010358
539.51 271.85 917.45 375.0 0.00010344
1182.7 165.57 1242.0 223.96 0.00010311
5.4271 218.03 88.864 375.0 0.00010299
1135.4 146.54 1169.7 225.58 0.00010271
443.91 163.39 470.89 224.0 0.00010269
93.644 128.02 255.98 202.1 0.00010254
1175.4 161.24 1211.8 253.05 0.00010253
125.41 41.549 268.42 352.53 0.00010246
0.0 0.0 322.68 375.0 0.00010241
333.35 164.69 504.23 238.22 0.00010234
269.46 145.25 310.64 214.1 0.00010189
190.1 141.44 312.89 236.52 0.00010149
843.3 292.42 918.5 375.0 0.00010085
747.78 338.29 784.63 375.0 0.0001008
1011.7 122.04 1076.5 290.27 9.9632e-05
1056.4 136.37 1179.3 226.22 9.963e-05
320.1 174.0 380.28 212.79 9.933e-05
180.41 128.56 357.94 203.3 9.8415e-05
701.08 332.06 882.51 375.0 9.8271e-05
16.59 189.8 172.0 375.0 9.8068e-05
283.59 163.06 451.49 236.67 9.7974e-05
1165.5 164.01 1202.6 253.97 9.7893e-05
354.72 113.48 419.31 263.19 9.7801e-05
828.42 293.58 903.52 375.0 9.7743e-05
1184.9 176.75 1242.0 239.26 9.7665e-05
101.0 150.82 162.95 292.86 9.692e-05
1184.1 213.79 1242.0 265.84 9.6474e-05
0.0 168.19 30.975 215.6 9.6431e-05
40.97 195.98 192.92 265.2 9.6059e-05
1173.8 193.2 1242.0 237.98 9.5357e-05
393.98 160.85 477.5 192.47 9.5018e-05
1132.3 174.97 1198.7 222.98 9.456e-05
294.37 184.24 372.94 219.26 9.4306e-05
1084.8 136.15 1205.8 222.17 9.4224e-05
1216.6 255.14 1242.0 300.81 9.4121e-05
1098.6 160.57 1171.8 208.05 9.3655e-05
1128.3 162.09 1222.8 205.15 9.3406e-05
1170.2 169.44 1242.0 215.27 9.3359e-05
338.09 177.55 412.84 210.76 9.2536e-05
654.03 209.18 806.76 375.0 9.2176e-05
1179.6 47.835 1242.0 141.77 9.2022e-05
365.35 162.35 430.43 202.03 9.1857e-05
1190.7 224.26 1242.0 267.45 9.1789e-05
1205.4 332.0 1237.6 375.0 9.1674e-05
68.258 129.53 130.27 291.58 9.09e-05
61.393 150.99 145.14 187.19 9.079e-05
70.002 173.15 144.65 210.57 9.0761e-05
811.62 339.71 847.42 375.0 9.0447e-05
0.0 129.32 64.858 221.08 9.0367e-05
376.15 169.06 434.62 205.71 9.0331e-05
1053.4 132.07 1221.7 200.06 8.9532e-05
558.37 154.87 725.84 226.35 8.9253e-05
1101.7 160.25 1138.5 239.91 8.8812e-05
158.72 159.76 195.73 217.96 8.8617e-05
1213.4 47.195 1242.0 95.306 8.8497e-05
0.0 0.0 26.9 109.25 8.792e-05
368.23 205.03 524.39 375.0 8.7681e-05
1004.6 183.81 1187.1 260.44 8.7461e-05
0.0 1.4724 29.093 202.69 8.7044e-05
177.17 163.68 342.24 239.18 8.6715e-05
576.51 194.39 655.06 231.91 8.6274e-05
1158.2 326.17 1242.0 375.0 8.6254e-05
1214.2 126.77 1242.0 237.3 8.6242e-05
749.34 357.25 815.58 375.0 8.5822e-05
277.71 142.09 462.46 216.47 8.5682e-05
176.92 149.92 261.72 188.37 8.4866e-05
1133.0 159.53 1200.2 208.17 8.4173e-05
1147.4 194.69 1235.6 236.07 8.4066e-05
1138.8 112.58 1203.2 253.23 8.3865e-05
185.26 113.94 315.56 212.52 8.3225e-05
0.0 318.86 74.97 375.0 8.3065e-05
702.15 325.51 830.0 375.0 8.289e-05
1141.4 183.15 1205.7 232.29 8.2879e-05
1078.1 141.17 1178.9 180.85 8.273e-05
1074.2 145.54 1141.9 307.43 8.2508e-05
1085.4 145.3 1124.2 228.93 8.2126e-05
53.455 97.97 410.72 249.42 8.1889e-05
321.24 121.41 385.54 274.84 8.1242e-05
772.21 359.6 862.51 375.0 8.1042e-05
1034.9 174.76 1108.2 224.96 8.0916e-05
24.419 148.49 100.67 333.74 8.0671e-05
994.38 159.12 1113.8 250.9 8.0536e-05
1087.9 181.09 1166.9 230.79 8.0486e-05
0.0 56.957 13.61 173.17 8.0288e-05
206.53 140.54 240.93 215.79 8.0191e-05
968.4 187.49 1064.8 226.59 8.0146e-05
233.18 177.43 318.22 213.47 8.0109e-05
1123.2 151.79 1194.4 200.75 7.9853e-05
221.48 268.85 612.84 375.0 7.968e-05
1142.1 164.75 1177.7 251.83 7.9322e-05
1034.4 164.86 1130.3 206.02 7.9208e-05
0.0 101.77 44.086 216.22 7.8885e-05
583.51 190.98 663.84 227.85 7.872e-05
0.0 97.39 14.466 208.05 7.8609e-05
232.19 157.88 291.39 197.92 7.8494e-05
367.21 166.57 530.47 240.54 7.8325e-05
0.0 197.99 32.307 245.78 7.8283e-05
18.539 177.07 60.035 310.45 7.7839e-05
168.1 158.71 202.54 217.05 7.7817e-05
1191.2 200.32 1228.5 299.45 7.7686e-05
1207.5 198.58 1241.7 325.22 7.7673e-05
1009.4 194.01 1104.6 233.89 7.7202e-05
1114.0 210.82 1206.3 250.85 7.7128e-05
41.338 287.42 119.73 375.0 7.71e-05
725.38 358.57 820.7 375.0 7.7055e-05
450.58 168.7 525.1 199.36 7.6803e-05
109.37 169.15 137.33 234.89 7.6789e-05
1191.1 73.572 1242.0 183.93 7.6718e-05
1179.8 65.658 1242.0 158.02 7.5935e-05
993.41 48.965 1143.0 374.1 7.5855e-05
191.27 176.83 248.96 219.74 7.5841e-05
204.77 61.559 282.44 237.18 7.5773e-05
1026.5 130.87 1195.3 197.47 7.5393e-05
4.4403 325.25 41.578 375.0 7.5084e-05
382.29 158.82 413.27 227.92 7.4781e-05
858.42 292.26 933.81 375.0 7.4515e-05
147.93 178.68 292.9 250.87 7.4481e-05
287.04 177.87 348.07 218.55 7.441e-05
51.989 55.366 209.58 375.0 7.4372e-05
206.1 165.08 235.56 241.11 7.4324e-05
0.0 199.67 21.249 262.59 7.4005e-05
1104.9 152.21 1179.4 201.09 7.3926e-05
1127.0 146.1 1163.1 223.43 7.3842e-05
207.89 151.05 237.39 221.13 7.2952e-05
1140.7 177.82 1229.0 220.79 7.2951e-05
96.077 159.7 174.16 192.75 7.295e-05
375.19 149.81 410.98 209.25 7.2938e-05
0.0 327.95 155.2 375.0 7.2701e-05
45.647 194.69 203.36 375.0 7.253e-05
719.01 110.28 793.35 298.69 7.2353e-05
83.272 96.902 151.25 258.87 7.1899e-05
625.61 121.08 689.3 270.88 7.1595e-05
83.894 194.27 155.4 231.55 7.0934e-05
1062.7 110.47 1123.1 245.04 7.0765e-05
91.756 207.52 182.44 245.58 7.0356e-05
127.18 154.62 163.32 220.11 7.0251e-05
691.06 213.88 836.43 375.0 6.9955e-05
1148.8 185.08 1235.8 229.05 6.9931e-05
336.87 111.0 402.77 262.17 6.9913e-05
1078.1 144.46 1116.7 228.89 6.9825e-05
382.2 111.65 449.55 265.29 6.9796e-05
442.74 172.2 515.07 203.41 6.9747e-05
995.34 122.08 1061.1 292.7 6.9167e-05
1079.6 203.21 1180.4 241.63 6.8503e-05
1171.8 182.72 1242.0 230.65 6.8406e-05
346.88 162.15 408.36 201.73 6.829e-05
1197.3 334.69 1230.4 375.0 6.7834e-05
608.51 112.72 676.07 265.57 6.7787e-05
178.44 153.83 299.04 248.91 6.7742e-05
304.64 161.96 334.91 242.14 6.7226e-05
1151.5 135.48 1187.2 222.01 6.7079e-05
539.67 170.72 695.92 240.11 6.6974e-05
1133.7 191.09 1200.1 237.21 6.6639e-05
1214.4 71.041 1242.0 116.75 6.6272e-05
333.45 143.31 458.26 231.42 6.6067e-05
1136.6 146.22 1242.0 235.92 6.5907e-05
1225.1 70.166 1242.0 173.19 6.5883e-05
1098.7 49.973 1242.0 219.1 6.5555e-05
795.15 360.11 860.1 375.0 6.5269e-05
1175.9 190.19 1211.1 277.39 6.5216e-05
201.36 154.56 230.12 221.31 6.5161e-05
1188.7 154.35 1242.0 199.05 6.4975e-05
1079.6 162.44 1155.6 210.48 6.4755e-05
1193.7 33.358 1242.0 155.72 6.4699e-05
364.17 158.42 390.48 219.28 6.4671e-05
45.844 101.76 313.77 291.43 6.4598e-05
127.97 117.58 255.3 213.44 6.4383e-05
698.48 286.17 776.25 375.0 6.351e-05
56.23 130.52 218.1 201.22 6.3002e-05
1090.3 130.54 1242.0 199.66 6.2615e-05
83.006 0.0 147.96 65.176 6.2024e-05
733.1 113.88 808.57 299.89 5.9825e-05
534.96 157.22 697.24 228.3 5.9595e-05
0.0 269.23 348.88 375.0 5.9441e-05
1109.3 193.28 1221.1 281.92 5.8957e-05
20.011 143.65 185.36 214.67 5.8024e-05
297.31 145.07 427.61 232.46 5.7776e-05
1029.2 137.7 1145.8 223.31 5.7454e-05
763.36 330.89 893.04 375.0 5.7114e-05
