339.46 173.02 377.21 191.32 0.99991
50.089 171.59 157.13 212.74 0.9999
576.02 167.25 630.93 220.39 0.99981
345.11 171.43 383.95 190.03 0.9998
361.07 170.83 395.47 188.25 0.99973
0.0 179.78 74.0 221.36 0.99918
354.93 172.22 390.38 189.02 0.99911
369.8 170.63 402.37 187.4 0.99852
366.38 170.18 397.23 186.26 0.99851
95.833 167.68 181.48 200.29 0.99813
68.885 170.25 169.21 205.23 0.99787
114.44 171.0 185.94 196.75 0.99707
106.54 165.14 188.39 194.38 0.99359
579.85 170.52 625.88 216.63 0.9934
374.92 169.75 405.59 185.62 0.98582
576.33 169.86 617.87 210.69 0.97023
113.32 165.63 189.59 190.82 0.96834
102.33 171.64 173.41 197.24 0.96815
349.07 174.26 382.73 191.18 0.96592
340.48 172.44 368.7 190.49 0.96461
81.374 163.97 182.47 196.32 0.96275
129.19 169.08 191.53 193.86 0.96175
107.7 168.33 178.85 194.62 0.96125
584.43 166.54 624.11 206.15 0.95998
132.3 174.01 188.95 196.39 0.94106
581.69 162.38 621.31 224.87 0.93289
31.661 164.02 171.27 215.44 0.92326
587.2 169.04 629.54 210.57 0.91558
359.81 168.38 392.66 183.79 0.9146
591.53 168.88 630.39 194.6 0.90522
338.2 170.38 370.46 187.68 0.89978
5.2081 182.0 88.273 218.51 0.89039
584.21 168.36 623.86 195.74 0.88756
97.05 174.56 165.59 199.3 0.88575
368.85 168.57 396.4 183.37 0.86256
570.5 169.22 625.55 208.98 0.86103
69.981 177.01 160.79 212.43 0.85807
598.0 167.64 629.74 202.02 0.8519
83.406 168.5 158.97 207.97 0.84011
45.476 168.74 143.42 207.63 0.82453
588.07 165.19 618.77 220.93 0.81997
381.36 168.67 407.15 185.25 0.8157
53.691 162.9 167.29 200.4 0.8127
576.44 168.44 606.34 202.93 0.79386
128.04 168.5 180.43 197.96 0.78436
583.84 162.49 609.81 220.38 0.78218
598.44 169.73 632.49 192.55 0.74381
3.0243 175.7 56.49 223.18 0.74241
582.18 167.37 612.45 196.1 0.7378
583.16 167.03 639.59 208.31 0.73492
364.98 173.99 395.2 189.99 0.7272
589.44 163.43 628.83 227.85 0.72302
567.05 172.93 613.25 204.13 0.71438
104.67 166.5 174.89 189.3 0.69629
602.78 163.94 628.46 217.55 0.69019
595.28 170.03 635.29 197.67 0.67721
601.9 169.7 632.41 206.87 0.66566
121.79 167.69 193.44 197.74 0.6612
41.867 172.16 130.14 213.1 0.65946
55.263 180.41 150.31 214.93 0.64727
571.89 178.19 634.01 223.23 0.64246
333.19 166.58 398.69 193.37 0.64203
581.22 159.7 604.8 216.46 0.62419
592.0 159.47 616.44 215.03 0.61793
40.537 154.31 190.19 208.79 0.61326
118.42 165.28 187.67 185.29 0.60252
375.25 172.69 404.03 188.1 0.58665
605.11 169.91 629.08 194.75 0.57922
609.38 165.3 628.93 208.97 0.5723
609.04 170.98 630.84 197.63 0.55878
574.91 169.55 612.25 192.88 0.55779
569.62 170.31 611.0 198.67 0.54924
118.28 169.44 174.06 199.09 0.54826
572.78 171.24 598.72 204.77 0.54578
95.204 170.23 166.96 193.36 0.53474
577.44 162.88 599.1 216.15 0.53093
99.57 159.92 187.49 190.44 0.52367
593.09 172.9 638.07 202.89 0.5145
4.9737 162.58 132.48 220.54 0.51293
65.304 174.64 138.42 202.59 0.47859
386.69 167.8 411.98 184.66 0.47224
356.77 169.45 385.5 186.17 0.46863
574.55 165.06 592.3 214.28 0.46825
580.99 176.49 633.24 212.45 0.46789
25.792 179.33 108.55 215.18 0.44712
350.88 167.85 384.78 183.46 0.43421
337.37 171.02 361.8 189.08 0.42013
597.03 164.1 624.49 218.24 0.40698
83.098 174.76 152.5 200.25 0.38945
90.918 171.78 158.1 196.83 0.38848
577.75 165.48 615.74 231.99 0.38146
607.53 171.98 634.85 193.78 0.37547
12.521 177.62 94.698 214.3 0.37136
16.586 167.42 52.115 233.05 0.36689
348.96 165.64 363.29 195.12 0.36123
577.62 168.53 602.95 195.17 0.35277
342.59 167.88 378.15 184.14 0.32522
614.11 166.28 630.32 209.26 0.32174
346.35 168.76 360.3 195.4 0.2935
339.57 177.8 370.26 193.23 0.29346
59.457 176.57 129.28 208.29 0.26824
569.69 172.15 602.28 195.74 0.26727
593.19 167.79 621.83 191.86 0.25107
345.5 164.74 363.08 191.72 0.24863
4.8547 185.23 68.844 217.29 0.23488
591.68 173.02 631.45 216.09 0.23377
615.62 170.7 636.81 192.94 0.22636
342.5 175.84 374.38 190.83 0.21967
389.36 165.57 415.54 181.49 0.21634
343.71 168.97 374.05 186.78 0.21517
0.0 163.75 106.07 227.86 0.2067
572.29 171.19 600.79 190.93 0.20074
61.515 151.64 212.71 205.87 0.19949
70.011 157.89 199.99 211.73 0.19849
581.4 166.15 618.48 246.59 0.19781
383.35 169.84 409.44 187.64 0.19697
344.57 165.32 406.93 192.06 0.19645
146.07 170.7 184.43 195.62 0.19501
595.88 168.47 629.66 188.57 0.19475
126.67 163.66 181.71 191.64 0.19219
598.53 160.72 618.12 203.94 0.19205
575.36 166.59 588.87 208.63 0.18837
136.71 167.61 192.57 189.9 0.18443
584.53 161.77 601.59 205.18 0.16997
587.05 168.37 637.59 221.59 0.16698
580.11 177.9 629.4 223.87 0.16522
612.21 170.93 639.26 190.11 0.16249
607.48 164.36 624.98 204.2 0.16149
11.578 168.7 46.128 231.11 0.16092
587.8 161.59 606.03 204.92 0.15856
596.11 160.66 613.98 203.73 0.15263
6.2978 156.25 166.1 218.07 0.1513
58.543 154.35 173.7 217.62 0.14776
352.46 168.91 365.05 196.28 0.14394
370.15 164.66 383.59 190.95 0.14369
1.1622 180.97 57.422 211.94 0.13754
107.02 169.05 159.02 197.83 0.13729
574.64 170.5 595.49 193.01 0.12815
71.596 170.93 143.03 196.98 0.12028
337.25 167.2 372.48 184.39 0.1192
60.355 171.37 128.98 199.56 0.11811
574.26 173.01 593.4 201.17 0.1128
374.06 164.73 385.93 189.91 0.11185
575.26 161.92 641.73 202.3 0.11138
366.84 163.51 380.21 189.88 0.10831
586.21 168.89 618.45 187.91 0.10628
615.36 166.43 629.58 200.22 0.10618
112.92 167.35 164.23 194.93 0.099699
4.3234 180.23 48.189 219.76 0.099684
357.17 169.08 369.53 196.16 0.096937
334.98 169.26 358.62 187.81 0.096186
610.42 168.29 631.74 189.77 0.095615
114.55 172.2 166.93 201.66 0.094324
580.71 162.26 595.97 203.76 0.09388
593.57 168.24 626.74 224.36 0.093683
118.14 162.56 187.94 180.29 0.090115
602.79 162.31 621.45 204.38 0.089665
344.2 166.89 357.6 192.54 0.087892
592.31 160.13 610.11 203.61 0.087059
369.4 163.05 385.31 186.23 0.085945
583.21 169.36 609.91 190.48 0.084846
362.87 165.24 374.38 194.21 0.081661
138.43 176.87 182.36 196.55 0.078959
615.3 167.69 636.72 188.18 0.077451
611.89 163.01 627.57 198.68 0.074561
41.213 165.0 188.27 226.0 0.074344
555.46 151.37 647.31 233.99 0.069721
363.39 164.03 376.05 189.53 0.068395
373.2 175.42 401.23 190.53 0.067781
10.225 172.59 53.286 241.84 0.066595
331.7 162.85 391.01 196.8 0.065814
377.8 165.08 389.17 189.21 0.064316
147.58 156.81 164.07 201.28 0.064063
614.2 172.44 636.24 199.8 0.063532
385.07 166.32 398.12 192.01 0.063273
576.29 161.83 606.19 221.75 0.062446
362.46 165.53 390.66 181.23 0.061462
373.42 162.65 387.9 184.77 0.060472
361.01 164.35 392.91 178.39 0.059551
607.28 167.58 635.16 186.28 0.05941
352.9 164.62 366.86 189.48 0.059006
372.78 168.6 385.98 194.57 0.058714
619.97 166.83 633.61 204.4 0.058612
83.04 158.62 112.68 225.0 0.057572
5.5589 164.38 36.247 232.28 0.057092
48.85 178.19 118.1 205.05 0.056429
1.4426 162.04 21.157 229.5 0.056072
365.51 161.8 381.66 186.5 0.054606
337.57 174.61 363.99 191.49 0.054564
115.11 165.27 179.84 199.56 0.054413
100.63 171.79 153.14 201.69 0.05396
128.44 160.41 206.14 195.04 0.053644
60.684 169.32 136.23 193.63 0.053323
118.83 164.22 170.75 191.18 0.053169
0.0 162.97 12.866 231.66 0.053017
381.87 166.11 393.55 193.12 0.050784
365.68 168.32 378.44 194.45 0.047597
337.1 166.11 364.83 186.33 0.046286
14.533 187.59 81.05 215.51 0.046267
87.864 160.77 117.83 226.1 0.045887
7.3558 171.88 34.468 223.76 0.045008
577.36 169.16 609.07 186.93 0.044984
1215.8 166.34 1233.9 242.12 0.044728
358.97 164.65 371.57 189.36 0.04447
4.3146 165.8 28.061 227.8 0.043783
585.66 178.33 638.09 207.97 0.043773
550.09 150.47 673.42 225.48 0.043577
385.25 164.47 398.55 185.71 0.042926
0.0 165.54 8.8814 227.3 0.042204
390.13 162.24 417.12 177.63 0.041653
127.38 175.56 178.5 196.98 0.040724
576.0 131.62 631.6 256.14 0.039692
577.89 164.74 590.45 202.79 0.039567
37.057 139.05 207.18 200.32 0.039547
4.8523 169.09 45.903 246.96 0.039168
77.861 178.82 146.36 205.01 0.038298
77.108 157.39 108.06 224.4 0.03806
55.106 173.81 137.18 218.37 0.037879
377.22 163.4 390.46 184.21 0.036559
342.19 172.6 357.12 196.13 0.035892
150.51 160.02 167.77 202.12 0.034832
396.78 165.14 423.26 180.44 0.034659
388.54 165.57 401.41 189.29 0.034074
380.56 166.55 403.07 182.85 0.033399
611.46 167.26 639.72 185.61 0.03297
4.0231 176.03 43.767 211.71 0.032663
384.75 165.2 406.82 182.27 0.032648
337.02 161.11 392.53 189.74 0.032607
619.85 161.85 634.18 195.29 0.031827
95.004 167.74 125.8 232.02 0.031674
376.58 169.45 389.44 194.83 0.031352
1211.8 177.78 1230.5 253.43 0.03114
1220.2 165.64 1236.8 243.13 0.030593
40.7 161.28 137.88 197.52 0.03049
565.41 162.22 628.75 199.93 0.029407
104.08 162.25 131.43 225.34 0.0288
575.52 163.99 612.57 252.02 0.02799
144.81 160.12 160.04 204.22 0.027984
0.0 169.74 61.359 217.76 0.027981
145.36 165.82 186.4 191.56 0.02795
103.08 164.23 168.28 184.18 0.027932
159.6 163.08 176.2 198.54 0.027673
356.22 163.8 420.79 191.61 0.027599
394.06 166.62 421.22 182.48 0.027478
0.0 153.79 69.616 233.85 0.027268
0.0 173.24 37.497 222.95 0.027182
381.4 164.12 393.88 184.72 0.026443
2.1265 182.39 60.247 222.11 0.02611
8.4175 159.37 57.898 230.58 0.026038
1208.9 160.34 1238.4 291.86 0.025518
141.02 159.84 156.26 204.6 0.025332
0.0 172.26 76.136 212.34 0.024984
1215.1 178.67 1233.7 259.2 0.023786
593.44 150.53 632.99 220.77 0.023402
1200.8 166.77 1233.6 284.21 0.023339
137.07 161.05 152.81 204.43 0.022642
568.3 175.67 620.08 208.06 0.02253
27.649 173.14 60.06 233.99 0.022296
65.423 172.1 115.12 205.8 0.022074
69.011 181.3 134.07 208.06 0.021932
375.56 166.62 398.45 182.92 0.021619
1224.0 166.31 1242.0 272.1 0.021438
384.28 163.72 410.55 178.14 0.021375
0.0 169.56 44.461 213.94 0.02111
1208.1 179.47 1226.9 251.27 0.020646
615.66 171.72 643.67 188.83 0.020632
601.01 161.17 631.12 226.86 0.020473
865.36 165.33 879.16 207.12 0.020395
538.12 159.66 656.42 230.87 0.020374
55.384 172.84 116.6 197.38 0.020319
346.27 177.67 376.84 193.32 0.019259
393.58 163.0 414.02 179.97 0.019011
161.95 163.5 180.25 198.76 0.018957
28.545 159.12 145.89 226.37 0.018764
0.0 150.11 14.259 241.39 0.018558
362.86 161.37 377.34 186.22 0.01846
68.642 154.58 178.79 189.56 0.017912
369.38 164.96 396.61 179.33 0.017549
1224.9 163.54 1239.7 243.39 0.017132
869.07 165.08 883.21 206.98 0.016963
880.9 163.21 895.81 207.36 0.01646
128.48 162.01 144.23 203.94 0.016202
96.505 154.58 126.35 217.28 0.0161
589.41 159.83 654.04 194.94 0.015726
0.0 74.997 34.757 255.12 0.015135
34.767 181.36 122.68 216.98 0.014879
62.296 183.67 129.26 211.41 0.014324
132.85 164.19 180.1 186.3 0.014299
2.0434 138.41 59.892 294.93 0.014204
319.74 161.46 386.19 193.13 0.014006
591.01 167.83 651.92 208.11 0.013792
92.596 144.75 244.86 205.15 0.013593
380.36 164.35 405.34 178.7 0.013461
0.0 172.07 19.589 225.56 0.013221
25.682 136.64 166.43 215.36 0.013208
588.48 161.39 604.22 196.83 0.013174
133.03 161.95 148.83 203.6 0.01313
32.088 167.93 112.29 205.7 0.013009
1.7304 157.73 24.572 238.25 0.012958
124.76 160.45 140.38 202.45 0.012932
1219.5 178.15 1236.9 259.69 0.012926
614.6 173.91 641.39 192.17 0.012835
877.48 164.64 891.17 206.08 0.012685
140.53 165.61 192.17 184.23 0.012597
595.71 166.64 621.88 186.47 0.012584
5.5515 188.81 83.579 226.99 0.012441
353.96 163.07 388.39 177.25 0.012345
539.42 142.21 689.78 216.98 0.012255
873.38 164.49 886.92 206.1 0.012239
389.19 169.38 415.52 186.86 0.01183
4.6848 153.29 47.387 232.18 0.011693
69.618 170.4 130.05 206.11 0.011524
74.88 162.33 94.323 207.42 0.011432
6.3284 144.87 64.826 267.9 0.011412
1.0755 164.14 34.424 256.47 0.011324
1209.7 194.06 1242.0 238.22 0.011271
623.33 165.95 637.69 199.03 0.011261
1218.4 189.0 1242.0 247.02 0.010868
1226.4 154.54 1242.0 256.34 0.010774
0.0 133.21 26.445 317.67 0.010771
595.0 162.95 628.19 253.4 0.010732
569.27 173.77 622.47 226.14 0.010726
113.54 163.09 140.17 220.88 0.010617
126.11 165.55 146.31 211.03 0.010533
618.18 161.92 633.97 214.44 0.010372
156.14 162.56 171.4 199.31 0.010363
340.94 165.09 352.35 190.88 0.010363
845.61 165.45 859.83 206.25 0.010348
0.0 179.28 46.84 225.39 0.010275
111.04 173.23 158.86 205.08 0.010188
1224.4 172.39 1240.3 258.1 0.010164
1152.6 195.76 1242.0 236.95 0.0099556
883.95 162.63 899.73 207.73 0.0099092
1208.0 201.02 1242.0 246.44 0.0098831
359.74 170.0 374.32 195.73 0.0098564
106.19 155.22 134.62 214.15 0.0097531
1212.7 165.84 1230.2 236.73 0.0096801
77.493 145.07 119.59 212.71 0.0095949
78.175 169.8 153.28 191.92 0.0095715
1211.4 186.45 1242.0 230.87 0.0095707
2.1522 115.14 67.794 254.11 0.0095684
12.267 182.68 74.971 211.14 0.0094858
90.991 172.96 150.82 206.8 0.0094222
112.25 165.56 159.23 189.99 0.0093809
1224.1 186.39 1242.0 296.17 0.0092987
394.34 162.49 405.3 186.95 0.0092825
1236.6 167.16 1242.0 227.07 0.0091497
616.05 158.59 630.03 193.42 0.0091247
1.3582 185.94 44.766 224.44 0.0090359
0.0 155.18 44.9 251.43 0.0088611
614.97 167.55 644.26 183.66 0.0087384
611.86 163.06 631.36 222.89 0.008694
68.327 133.66 227.37 197.9 0.0086603
353.58 159.66 409.09 191.13 0.0086524
593.65 160.77 608.53 196.14 0.0086241
1203.3 130.28 1242.0 317.7 0.0085974
84.719 145.2 126.08 210.82 0.0085847
91.435 172.53 163.33 214.54 0.0084876
610.74 163.79 633.32 184.63 0.0084673
1208.8 168.99 1226.6 238.33 0.0082831
52.329 130.15 191.77 210.13 0.0082734
0.0 164.53 12.962 263.39 0.0082542
107.08 161.16 170.52 179.38 0.0082107
79.271 185.4 147.55 210.61 0.0081606
1203.9 182.31 1223.1 247.9 0.0080432
861.72 164.73 874.83 207.01 0.0080298
69.905 131.79 130.67 234.1 0.0080045
605.14 165.83 629.23 186.52 0.007994
146.43 164.45 165.05 206.7 0.0079892
402.99 164.73 429.64 179.9 0.0079656
193.93 174.46 231.96 192.81 0.0078956
83.958 139.35 136.87 240.58 0.0078779
0.0 281.41 30.246 375.0 0.0078468
613.99 162.75 636.71 183.31 0.0078283
1214.8 153.62 1242.0 280.67 0.0078049
0.0 132.84 16.054 227.16 0.0077872
0.0 177.5 7.6872 234.43 0.007778
1224.1 209.69 1242.0 319.56 0.0077503
70.156 143.2 111.18 214.44 0.0077367
9.5267 176.44 57.821 209.77 0.007699
841.37 165.74 856.39 205.68 0.0076762
389.58 159.85 402.92 186.76 0.0076499
1190.3 169.81 1228.0 278.04 0.0076152
849.68 165.22 862.59 206.46 0.0075634
70.984 161.82 91.307 207.34 0.0075528
164.28 157.41 254.82 193.65 0.0075501
881.1 147.59 895.11 192.46 0.0075419
6.7509 181.41 67.567 207.45 0.0074403
61.556 109.48 134.79 231.51 0.0073713
26.842 167.53 64.681 226.41 0.0073474
0.0 97.046 18.964 210.13 0.0073421
333.59 172.86 355.99 189.91 0.0073318
3.6036 177.88 58.687 202.8 0.0072858
392.79 165.14 403.7 188.22 0.0072039
573.18 173.07 605.69 211.76 0.0071801
1236.7 179.13 1242.0 239.04 0.0071208
94.878 177.94 162.42 207.5 0.0070876
69.621 156.94 101.13 222.13 0.0070603
0.0 133.34 176.67 202.18 0.0069741
597.23 165.64 628.32 182.91 0.0069093
0.0 136.97 82.244 222.54 0.0068744
0.0 159.17 7.5465 210.88 0.0068665
1145.9 189.38 1242.0 229.5 0.006621
0.0 182.12 30.126 228.94 0.0066043
99.792 174.82 180.18 210.98 0.0063451
0.0 36.542 36.106 228.51 0.0062856
79.685 142.79 140.79 261.84 0.0061594
0.39373 147.63 34.088 234.99 0.006115
139.35 157.9 223.21 194.3 0.0061137
1209.3 208.46 1242.0 254.06 0.0060917
1213.9 179.25 1242.0 222.11 0.0060763
67.718 143.43 127.08 257.91 0.0059784
981.39 188.41 1119.7 229.68 0.0058637
18.203 138.87 71.295 261.35 0.0058543
1218.0 202.69 1242.0 262.75 0.0057706
1172.6 164.49 1242.0 252.79 0.005676
0.0 181.87 12.851 283.32 0.0056392
0.0 115.05 29.469 275.75 0.0056361
117.19 157.19 142.29 209.45 0.0056034
1220.9 175.59 1242.0 230.83 0.005593
1077.4 0.0 1242.0 375.0 0.0055639
49.796 154.2 157.9 191.23 0.0055399
76.634 167.43 115.58 233.83 0.0054815
577.02 134.92 635.44 293.57 0.005475
45.988 163.45 115.42 209.27 0.0054427
0.0 127.21 53.211 230.11 0.0053691
570.12 147.84 603.82 225.78 0.005342
95.987 149.88 193.55 182.17 0.0051612
1083.9 188.61 1189.3 227.35 0.0050762
563.36 157.13 614.71 206.8 0.0049334
48.795 158.16 125.22 205.0 0.004909
1083.8 197.26 1190.3 235.04 0.0048932
139.56 159.93 164.99 208.98 0.0046917
133.65 159.04 158.39 208.05 0.00454
179.48 157.28 271.77 192.67 0.0045184
1146.3 202.72 1242.0 244.84 0.0044069
1210.4 178.34 1238.5 317.03 0.0043667
0.0 69.039 50.769 257.73 0.0042996
1205.5 100.27 1242.0 282.9 0.0042204
919.49 114.24 1242.0 375.0 0.0041688
590.52 126.41 642.64 264.15 0.0041295
1202.0 182.47 1233.2 311.8 0.004129
1174.4 189.34 1235.4 245.92 0.0040587
31.271 171.76 100.13 209.59 0.0040515
0.0 168.19 76.187 252.11 0.0040295
0.0 158.75 20.985 212.43 0.0040229
999.47 81.413 1242.0 375.0 0.0039797
0.0 163.17 34.95 206.99 0.0039726
78.092 107.12 148.45 227.11 0.0039476
0.0 132.22 44.784 301.68 0.0039452
1189.5 168.33 1242.0 282.2 0.0039432
84.565 166.43 121.63 232.45 0.0039164
1087.2 136.82 1242.0 307.92 0.0037406
1181.6 172.62 1220.8 273.03 0.0036973
101.61 137.88 149.85 241.84 0.003679
0.0 166.08 41.572 272.83 0.0036723
1202.0 172.14 1242.0 355.97 0.003637
1210.8 216.73 1242.0 262.2 0.0035057
962.38 189.57 1097.3 227.42 0.0035041
569.14 155.03 662.31 241.77 0.0034557
1227.3 137.74 1242.0 239.22 0.003427
171.85 150.84 262.72 188.2 0.0034041
90.493 130.27 246.61 194.04 0.0034005
1220.5 219.74 1242.0 278.63 0.0033307
0.0 177.0 115.47 245.71 0.0033105
0.0 161.15 22.643 261.57 0.0032923
1153.3 175.12 1242.0 375.0 0.0032797
121.94 161.99 148.46 217.74 0.0032321
0.0 190.66 53.686 375.0 0.0032294
126.28 159.01 150.99 209.77 0.0031946
1186.6 182.95 1238.0 239.74 0.0031604
1170.6 148.74 1236.6 324.83 0.0031192
1200.4 288.2 1242.0 375.0 0.0031066
0.0 316.54 43.31 375.0 0.0031045
1154.8 48.469 1242.0 375.0 0.0030727
0.0 25.515 70.309 364.49 0.0030699
573.87 98.548 641.15 252.06 0.0030538
1212.0 224.91 1242.0 270.34 0.0030259
0.0 117.01 81.965 205.23 0.0029969
1221.1 235.76 1242.0 295.17 0.0029607
560.16 168.4 605.19 215.11 0.0029515
1215.4 171.51 1242.0 213.14 0.0029356
130.93 152.95 210.36 187.92 0.0029227
1171.1 192.87 1242.0 283.93 0.0028602
97.236 153.47 251.19 215.44 0.0027605
95.885 145.45 130.91 209.37 0.0027524
0.0 184.36 18.668 239.92 0.0027116
0.0 87.28 49.511 199.98 0.0027052
50.919 96.437 116.1 238.33 0.0027026
1214.9 232.38 1242.0 278.04 0.0026924
561.49 89.817 628.48 253.95 0.0026394
535.72 147.53 630.97 231.06 0.0026364
1102.1 204.37 1202.8 243.34 0.0026272
0.0 328.68 14.492 375.0 0.0026063
18.539 115.77 76.876 246.0 0.002578
1165.4 184.46 1230.1 237.52 0.0024859
89.531 140.1 211.78 209.66 0.0024702
1187.8 140.06 1242.0 251.51 0.0024302
0.0 149.66 22.345 204.83 0.0024299
1196.6 189.42 1242.0 249.89 0.0024215
1128.1 197.28 1232.4 235.57 0.0023755
0.0 80.627 173.74 233.74 0.0023492
1214.1 240.92 1242.0 286.27 0.0023488
38.091 169.7 152.1 249.04 0.0023379
1187.3 318.89 1242.0 375.0 0.0023357
193.93 156.26 289.76 192.69 0.0023014
27.852 179.55 175.65 246.71 0.0022645
557.42 167.55 618.49 205.65 0.0022596
0.0 183.23 58.883 229.11 0.0022453
156.78 150.27 245.57 187.7 0.0022299
606.92 148.06 636.85 215.74 0.0022229
1175.4 187.68 1242.0 230.37 0.0022168
1225.9 120.76 1242.0 222.91 0.0022093
186.38 150.2 280.9 188.77 0.0022089
0.0 153.56 35.337 199.19 0.0022017
129.49 159.45 156.61 216.99 0.0021982
97.652 140.11 154.48 265.1 0.0021622
1209.5 211.04 1239.1 341.43 0.0021487
168.2 164.96 251.82 197.17 0.0021187
946.3 172.47 1171.0 246.2 0.0021041
1145.7 182.62 1239.5 221.45 0.0021039
976.04 181.75 1109.1 221.9 0.0021019
0.0 7.4765 126.07 375.0 0.0020684
1125.2 121.02 1242.0 342.23 0.0020545
95.389 102.93 162.52 229.97 0.0020262
1210.2 147.43 1238.3 263.84 0.0020227
560.5 123.74 614.93 257.29 0.002021
1175.2 208.5 1242.0 301.65 0.0020045
64.012 142.19 98.963 213.98 0.0020011
1084.7 182.93 1185.2 219.25 0.0019923
347.17 149.42 376.77 202.24 0.0019853
513.06 143.98 667.14 222.52 0.0019852
6.4571 170.34 40.605 268.3 0.001966
1187.6 193.54 1238.5 256.74 0.0019544
1122.0 248.12 1242.0 375.0 0.0019238
1191.5 185.04 1227.2 307.19 0.0019081
1184.5 136.82 1242.0 330.13 0.0018934
1165.6 195.07 1230.1 253.73 0.0018703
302.54 159.81 378.19 193.07 0.0018642
559.42 150.86 713.25 225.56 0.0018545
0.0 147.6 110.45 220.94 0.0018337
109.04 146.0 204.38 181.63 0.0018322
1193.9 199.0 1242.0 316.14 0.001823
0.0 188.62 27.199 235.46 0.0018222
1079.6 260.97 1242.0 375.0 0.0018131
1216.7 163.79 1242.0 204.63 0.0018103
106.04 146.68 138.61 205.85 0.0018088
1175.8 224.6 1242.0 318.11 0.0018062
1222.2 331.67 1242.0 375.0 0.0017947
1108.7 197.48 1213.3 234.84 0.0017814
589.49 171.95 655.56 218.83 0.0017788
0.0 193.32 20.424 249.93 0.0017615
116.83 148.15 144.97 204.2 0.0017612
1213.5 248.06 1242.0 295.28 0.0017562
0.0 99.407 74.988 188.15 0.0017257
1157.8 190.26 1226.7 243.43 0.0017041
602.19 153.38 633.33 245.73 0.0017037
0.0 65.814 18.344 192.15 0.001664
307.05 165.54 374.44 195.82 0.0016344
1220.7 159.95 1242.0 214.11 0.0016258
955.94 181.88 1081.3 220.54 0.0016188
1206.7 63.722 1242.0 254.47 0.0016163
551.75 122.64 655.34 217.5 0.0016059
0.0 130.16 22.585 191.97 0.0015877
1215.3 188.15 1242.0 315.95 0.0015663
144.96 159.71 170.76 208.63 0.0015572
81.686 159.74 188.95 232.35 0.0015459
1084.8 109.64 1242.0 274.92 0.0015395
100.5 165.27 136.53 233.46 0.0015391
126.92 150.41 152.2 202.17 0.001534
589.85 152.41 661.54 188.01 0.0015309
0.0 107.93 162.87 268.12 0.0015278
0.0 253.97 88.483 375.0 0.001527
1203.1 0.0 1242.0 81.066 0.0015202
134.52 170.92 209.66 202.32 0.0015183
75.154 133.94 143.16 286.85 0.001516
1201.7 206.07 1234.2 334.13 0.0015061
1224.8 229.31 1242.0 337.51 0.001505
0.0 144.41 35.391 191.31 0.001498
1127.7 182.0 1226.5 219.92 0.001485
13.695 173.53 49.164 260.9 0.001482
929.97 163.05 1146.1 235.58 0.0014682
340.18 148.43 370.27 205.73 0.0014644
57.538 141.05 111.25 260.59 0.0014623
1108.1 189.19 1213.6 227.67 0.0014593
1216.0 154.8 1242.0 197.34 0.0014493
1091.6 189.73 1242.0 260.69 0.0014479
0.0 325.95 57.47 375.0 0.0014424
1193.1 229.35 1242.0 345.43 0.0014143
1075.3 204.32 1182.4 242.42 0.0014134
1191.9 194.0 1242.0 237.94 0.0013951
554.82 166.73 648.63 258.02 0.001382
599.77 158.25 675.33 191.64 0.0013729
0.0 155.91 28.54 361.03 0.001365
1174.5 173.1 1214.1 269.8 0.0013554
122.33 139.64 294.48 206.06 0.0013483
1221.9 248.26 1242.0 309.28 0.001336
996.57 192.7 1131.9 235.07 0.0013334
584.25 165.86 614.84 270.39 0.0013271
1145.7 210.25 1241.9 252.43 0.001327
1201.8 151.07 1233.7 257.7 0.0013207
15.67 84.412 82.18 240.88 0.0013137
95.724 150.06 206.2 218.62 0.0012867
0.0 99.392 185.08 375.0 0.0012797
1177.0 131.28 1242.0 223.16 0.0012744
533.53 128.66 699.23 203.6 0.0012586
1215.8 146.76 1242.0 189.29 0.0012416
41.064 168.99 68.667 226.16 0.0012345
1218.7 352.79 1242.0 375.0 0.0012337
1153.2 163.23 1228.4 330.95 0.001204
86.913 181.47 167.23 219.97 0.001196
0.0 91.02 100.63 300.54 0.0011926
1202.6 183.6 1242.0 241.75 0.001191
38.287 139.12 86.868 262.27 0.0011907
998.42 180.25 1129.1 223.35 0.0011832
1203.0 214.12 1242.0 375.0 0.00117
0.0 264.56 150.35 375.0 0.0011692
0.0 349.85 22.522 375.0 0.0011654
0.0 134.53 36.412 183.58 0.0011636
601.68 165.91 674.72 200.12 0.0011407
1220.6 142.71 1242.0 197.88 0.0011343
589.05 89.318 655.28 247.9 0.0011279
573.23 140.2 609.96 221.94 0.0011219
0.0 90.402 26.929 213.31 0.0011169
1215.1 138.55 1242.0 181.69 0.0011158
180.26 164.78 269.59 197.31 0.0011093
118.89 127.23 286.46 193.41 0.0011086
709.49 140.03 885.5 210.57 0.0011063
942.56 190.16 1064.1 226.14 0.0011057
749.36 155.11 849.5 194.96 0.0011012
1100.5 182.2 1203.2 218.75 0.0010959
1182.7 186.4 1220.7 302.6 0.0010849
1173.2 249.5 1242.0 350.58 0.0010634
1163.0 0.0 1242.0 32.763 0.0010577
0.0 228.43 28.503 375.0 0.0010539
356.28 149.19 383.39 199.46 0.0010451
590.36 164.05 619.63 272.26 0.0010436
0.0 0.0 69.365 151.53 0.001039
119.35 136.88 166.04 244.32 0.0010315
26.59 158.21 112.33 196.04 0.0010279
711.67 153.72 890.25 226.37 0.0010204
0.0 207.64 26.202 250.87 0.001015
0.0 125.58 37.715 175.72 0.0010109
1225.3 93.344 1242.0 199.84 0.0010102
0.0 84.33 265.37 375.0 0.0010048
1128.7 212.37 1228.4 251.13 0.00098039
1203.3 196.8 1242.0 257.21 0.00097462
341.77 158.61 406.49 195.0 0.00097284
326.05 170.94 385.39 197.34 0.00097159
0.0 173.93 19.86 291.7 0.00097021
134.09 147.22 171.14 195.68 0.00096967
580.72 139.76 619.45 221.94 0.00095967
1176.8 181.53 1242.0 221.74 0.00095154
0.0 0.0 236.67 171.58 0.00093269
112.18 101.55 175.33 230.07 0.00092911
1067.2 178.2 1242.0 247.0 0.00091284
0.0 0.0 317.8 144.81 0.00090895
1109.9 212.39 1211.1 249.56 0.00090459
0.0 82.781 71.449 172.74 0.00089855
29.579 141.42 89.093 287.52 0.00088787
0.0 111.13 24.248 178.8 0.00088259
48.198 141.59 110.13 286.38 0.00087019
0.0 208.24 21.192 267.51 0.00084039
566.51 160.69 591.05 226.24 0.00083795
0.0 117.38 22.223 221.16 0.00083038
1043.8 189.76 1231.0 257.81 0.00082852
741.29 148.36 840.26 189.73 0.00081509
255.42 138.74 421.09 206.82 0.00081407
0.0 121.64 89.25 332.35 0.00081332
31.573 116.88 214.61 185.49 0.00080956
1195.5 178.55 1242.0 233.78 0.00080651
1158.8 0.0 1242.0 164.32 0.00079124
1170.9 117.46 1237.5 285.96 0.0007744
590.06 136.65 654.66 300.11 0.00076999
988.4 0.0 1242.0 130.26 0.00076301
20.994 176.04 56.456 259.07 0.00075602
282.59 142.51 450.75 206.08 0.00075272
1099.8 187.36 1242.0 367.59 0.00075178
0.0 196.25 73.732 230.26 0.00074215
37.027 88.036 97.607 233.6 0.00073551
263.2 156.21 343.95 189.81 0.00072757
1053.2 196.71 1172.5 234.9 0.00071703
39.756 114.47 92.891 237.95 0.00071605
589.31 142.79 626.82 220.58 0.00070791
0.0 134.22 141.87 308.11 0.00070755
128.91 145.79 164.33 196.43 0.00070664
1145.5 178.68 1242.0 276.68 0.00070498
61.399 153.36 89.731 214.14 0.00070153
810.32 290.53 888.46 375.0 0.00070026
111.08 138.09 231.6 210.13 0.00069718
0.0 214.61 27.989 260.28 0.00069093
151.81 127.01 317.35 194.91 0.00068813
599.62 150.85 682.05 185.72 0.00068613
0.0 0.0 31.561 80.275 0.00067744
1181.4 0.0 1242.0 44.129 0.00067682
1215.5 129.76 1242.0 174.94 0.00067643
1013.0 186.92 1146.7 229.06 0.00067295
12.285 138.0 75.884 316.77 0.00066446
1141.0 171.25 1242.0 250.85 0.00066361
761.87 149.16 856.46 188.16 0.00066349
572.06 154.01 644.49 192.26 0.00066311
0.0 172.71 30.483 293.57 0.0006565
252.86 151.69 337.71 188.35 0.00065617
42.635 188.37 136.01 223.74 0.00065336
1107.4 0.0 1242.0 62.633 0.00065173
958.04 194.9 1085.5 231.94 0.00064966
0.0 292.13 47.073 375.0 0.00064238
114.95 137.39 170.07 268.52 0.00063948
0.0 0.0 61.412 293.09 0.00063833
162.17 141.68 255.16 180.53 0.00063567
64.104 145.31 181.15 181.07 0.00063063
149.51 136.89 326.0 207.93 0.00062909
1220.7 125.53 1242.0 183.04 0.00062572
776.32 157.09 870.73 193.79 0.00062203
1053.3 188.97 1173.9 227.97 0.000622
1185.9 106.27 1242.0 296.56 0.00062126
558.93 151.56 618.58 198.17 0.0006169
607.45 118.6 669.65 275.15 0.00061593
1185.1 200.66 1242.0 246.57 0.0006149
364.82 147.57 391.05 198.41 0.0006058
579.13 143.88 688.88 236.43 0.00060439
796.19 291.18 873.49 375.0 0.00060377
32.649 151.32 130.3 189.72 0.00060082
1176.1 201.75 1234.4 263.65 0.00059957
119.77 177.13 196.5 211.22 0.0005963
1226.6 0.0 1242.0 45.278 0.00059583
1181.2 113.76 1242.0 206.88 0.00059575
83.706 163.68 230.95 230.04 0.000589
1019.4 176.26 1218.4 247.1 0.00058747
0.96538 60.227 67.889 235.67 0.00058383
282.46 157.52 359.07 190.35 0.00058016
0.0 31.116 311.42 347.57 0.0005737
0.0 50.955 156.3 209.38 0.00057316
797.94 164.4 883.26 203.16 0.00056237
1035.9 0.0 1242.0 177.11 0.00055918
10.952 142.12 53.277 222.97 0.00055843
1215.1 260.04 1242.0 309.29 0.00055619
186.81 126.49 351.18 192.17 0.00055242
508.8 129.5 672.09 207.23 0.00055125
498.36 155.72 645.63 228.89 0.00055033
0.0 0.0 116.36 79.522 0.00054871
1192.8 104.17 1242.0 221.83 0.0005458
708.65 126.74 880.42 197.06 0.00054362
196.51 163.57 288.17 196.92 0.00054219
53.068 152.43 141.83 197.97 0.00054117
1162.9 0.0 1242.0 328.21 0.00053939
0.0 101.3 62.47 375.0 0.00053624
173.75 154.0 239.69 195.78 0.00053338
0.0 78.133 37.599 205.22 0.00053141
614.78 155.66 641.29 225.39 0.00052987
759.66 163.55 856.31 199.83 0.00052598
1155.5 141.35 1224.8 291.96 0.00052456
0.0 8.887 33.115 200.2 0.0005239
1150.3 183.72 1221.6 235.54 0.0005233
781.25 292.41 857.19 375.0 0.0005202
826.68 290.1 902.66 375.0 0.00052017
575.62 127.46 697.33 221.75 0.00051884
1214.8 121.72 1242.0 166.57 0.00051156
0.0 188.62 53.502 236.97 0.00050234
563.93 145.7 592.49 221.75 0.00050037
795.16 155.4 886.3 195.5 0.00049464
1169.8 178.96 1242.0 362.94 0.00049311
207.9 150.43 301.5 189.02 0.00049287
1.743 122.76 137.34 212.64 0.00049265
0.0 0.0 164.7 69.615 0.00049097
547.78 80.908 611.33 247.99 0.00048531
764.92 290.17 841.26 375.0 0.00047996
1126.3 0.0 1242.0 85.644 0.00047886
676.34 139.14 856.45 212.68 0.00047261
737.85 138.46 917.85 210.52 0.0004716
152.57 158.61 177.91 211.43 0.00046911
1091.6 202.11 1242.0 277.67 0.00046512
1194.8 256.77 1242.0 375.0 0.00046202
142.28 145.7 177.67 195.59 0.00045983
221.36 136.35 389.38 205.34 0.00044982
1192.0 208.14 1242.0 253.97 0.00044975
1147.9 175.05 1237.4 214.44 0.00044722
1190.8 208.03 1230.0 328.91 0.0004465
606.34 77.354 671.28 251.26 0.00044487
573.12 162.73 602.01 251.61 0.00044183
1191.4 152.33 1227.1 251.9 0.00044026
1085.6 212.21 1188.6 251.03 0.00043829
794.9 148.82 884.4 187.79 0.00043501
38.276 175.34 69.323 246.77 0.00043239
0.0 113.12 175.34 182.52 0.00043136
1157.9 179.14 1225.0 227.45 0.00043042
537.55 175.77 678.54 255.31 0.00042891
329.22 165.61 378.54 195.8 0.00042236
128.09 101.29 187.44 236.1 0.00041763
966.8 185.16 1189.2 252.52 0.00041599
623.58 158.32 707.6 190.99 0.00041581
48.697 175.77 201.48 245.99 0.00041164
726.46 155.81 828.36 194.19 0.00041076
778.91 150.48 869.56 188.13 0.00040844
1125.8 190.01 1237.9 292.31 0.00040811
561.8 120.64 741.02 196.31 0.0004081
1131.4 219.55 1225.7 258.19 0.0004067
111.01 164.83 143.54 234.31 0.00040532
615.87 145.6 643.8 215.82 0.00040524
270.24 151.14 351.15 187.56 0.00040214
181.82 135.58 357.71 205.3 0.00039593
312.66 155.05 383.67 190.22 0.00039413
842.72 289.97 917.29 375.0 0.00039303
546.97 158.09 615.86 196.72 0.00039289
1215.5 134.0 1242.0 252.01 0.00039176
16.622 169.54 87.305 211.34 0.00038755
569.32 134.27 601.23 217.63 0.00038658
714.81 171.25 889.76 243.25 0.00038614
924.17 0.0 1242.0 375.0 0.00038484
108.62 122.14 234.93 201.83 0.00038186
577.68 165.05 607.2 272.62 0.00038
177.46 142.38 271.84 181.29 0.00037762
21.23 108.87 166.1 194.19 0.00037551
0.0 186.29 41.869 232.13 0.0003753
1147.8 217.95 1239.7 259.63 0.00037496
126.0 131.26 255.73 213.75 0.00037378
50.08 142.86 157.03 179.64 0.0003733
977.42 173.8 1104.9 213.19 0.00037138
891.36 183.82 996.48 219.41 0.00037043
749.27 289.2 826.52 375.0 0.00037017
0.0 190.08 61.071 282.3 0.00036823
50.963 109.39 193.97 193.43 0.00036057
1084.2 74.813 1242.0 245.96 0.00035898
0.0 157.08 55.589 206.38 0.00035771
1175.3 188.78 1213.4 297.71 0.00035617
1187.4 171.52 1239.3 222.65 0.00035533
216.43 155.15 311.45 192.57 0.00035121
789.8 152.32 971.44 228.12 0.00034751
937.05 182.21 1056.1 220.97 0.00034691
620.95 79.036 690.08 252.91 0.0003453
1156.7 202.85 1225.3 260.85 0.0003446
1149.3 197.11 1222.2 250.02 0.00034333
0.0 36.976 94.943 232.78 0.0003429
563.32 135.38 745.2 211.35 0.00034072
1167.8 166.34 1205.8 257.19 0.00034059
780.9 324.15 909.38 375.0 0.00034006
28.285 189.37 113.08 224.51 0.00033734
892.01 190.96 998.2 226.14 0.00033512
1113.1 219.66 1207.6 257.64 0.00033461
0.0 117.67 32.761 221.36 0.000334
352.28 143.86 387.03 200.17 0.00033213
1.4882 86.369 46.445 195.95 0.00032908
63.633 186.57 154.66 223.02 0.00032787
1189.3 210.64 1237.9 272.55 0.00032682
1214.4 113.51 1242.0 158.77 0.00032365
980.28 165.1 1179.9 233.28 0.00032194
613.11 156.04 642.34 247.96 0.00032147
133.65 131.1 183.13 254.02 0.00031679
1095.4 182.95 1175.0 231.01 0.00031522
1182.0 288.07 1242.0 375.0 0.00031425
0.0 54.133 47.689 169.41 0.00031199
63.206 128.93 95.238 208.96 0.00031158
0.0 108.88 41.12 161.31 0.00031143
61.812 166.47 169.58 249.53 0.00030919
753.02 151.71 935.46 228.26 0.00030621
0.0 290.62 69.472 375.0 0.00029476
674.49 125.22 854.26 198.56 0.00029029
1109.9 162.93 1242.0 237.07 0.0002858
236.51 125.98 403.06 198.87 0.00028527
0.0 0.0 271.96 291.05 0.00028153
947.65 171.17 1242.0 322.15 0.00027982
136.2 115.85 268.83 203.01 0.00027929
192.57 92.431 260.26 260.61 0.00027927
0.0 0.0 50.882 42.392 0.00027211
272.4 151.43 439.55 218.56 0.00026702
12.52 293.87 86.576 375.0 0.00026582
123.62 150.96 302.15 220.93 0.00026387
751.33 331.3 931.85 375.0 0.00026166
566.1 159.3 717.62 241.54 0.00025464
859.26 290.29 933.01 375.0 0.00025222
764.05 209.61 904.24 375.0 0.0002522
175.73 95.137 244.3 255.31 0.00025168
751.96 325.62 876.84 375.0 0.00024711
741.06 125.58 922.02 194.71 0.00024326
793.38 209.09 933.18 375.0 0.00024199
554.34 134.96 613.26 293.44 0.00023921
1183.9 196.1 1242.0 375.0 0.00023723
897.81 171.94 1140.3 247.35 0.00023574
621.45 110.78 692.38 279.98 0.00023427
934.79 140.84 1242.0 302.91 0.00023402
687.84 170.89 857.84 241.25 0.00023265
207.95 91.672 276.58 263.41 0.00023038
669.59 154.95 848.46 228.73 0.00022873
817.08 154.25 1006.3 227.68 0.00022855
687.55 274.8 1034.5 375.0 0.00022695
731.91 145.34 860.92 234.71 0.00022499
802.94 169.79 991.63 244.31 0.00021787
320.06 108.28 383.84 262.42 0.0002178
1130.2 59.573 1242.0 279.97 0.0002154
732.36 291.39 809.57 375.0 0.000215
157.72 126.32 284.29 218.15 0.00021422
1147.7 292.14 1225.0 375.0 0.00020985
90.064 115.23 249.22 182.14 0.00020958
1046.1 203.74 1229.7 274.31 0.00020871
1009.9 208.23 1159.5 375.0 0.00020607
766.99 120.05 834.65 273.2 0.00020461
1098.8 166.86 1233.1 256.36 0.00020366
335.07 109.93 398.45 260.48 0.00020265
729.89 130.98 860.18 218.0 0.00020161
1068.2 164.61 1238.5 233.34 0.00020057
772.97 137.25 951.02 213.77 0.00019938
875.55 291.7 948.98 375.0 0.00019817
750.65 121.8 819.36 273.1 0.00019729
805.91 186.38 993.06 261.67 0.00019721
161.0 99.222 225.92 246.42 0.00019644
0.0 66.016 72.37 158.14 0.00019551
1.5777 146.01 62.706 367.22 0.00019283
1181.0 95.436 1242.0 191.17 0.00019265
979.76 207.46 1127.3 375.0 0.00018979
1155.8 150.0 1242.0 251.69 0.00018915
0.0 189.1 87.654 375.0 0.00018857
0.0 156.66 128.72 339.95 0.00018691
1080.1 179.79 1216.6 266.24 0.0001868
798.48 116.74 867.1 277.97 0.00018457
1149.4 204.28 1242.0 314.4 0.0001819
223.23 89.723 291.94 264.66 0.00017965
1060.2 162.51 1242.0 324.93 0.00017941
812.3 324.84 941.43 375.0 0.00017938
532.93 95.308 600.89 256.87 0.00017906
682.38 11.454 1017.9 375.0 0.00017871
291.39 90.555 353.69 260.23 0.00017856
0.0 181.49 94.189 275.46 0.00017705
588.99 109.75 712.63 206.82 0.00017633
303.46 103.82 368.61 268.45 0.00017617
101.18 157.45 208.72 237.41 0.00017549
26.625 294.07 101.56 375.0 0.0001734
274.33 87.531 339.63 261.8 0.00017324
1137.5 156.62 1212.2 306.56 0.00017252
0.0 259.45 39.566 373.93 0.00017145
1207.1 13.421 1242.0 211.39 0.00016983
2.1033 95.893 182.45 171.56 0.00016946
732.03 206.23 872.74 375.0 0.00016775
288.22 130.8 413.46 214.53 0.00016709
782.32 119.15 850.51 274.77 0.00016692
710.42 332.54 879.93 375.0 0.00016609
28.289 56.678 173.43 351.63 0.00016535
1040.7 207.06 1189.8 375.0 0.00016344
1022.9 164.87 1210.6 232.02 0.00016305
239.19 147.44 410.3 220.14 0.00016227
717.35 325.07 844.03 375.0 0.00016006
713.67 267.31 963.78 375.0 0.0001599
938.99 146.32 1129.1 216.73 0.00015679
519.2 117.36 635.16 215.51 0.00015634
814.92 114.56 882.19 275.76 0.00015623
738.3 169.21 920.03 246.44 0.00015537
661.71 212.3 808.81 375.0 0.00015529
636.39 75.016 707.62 252.42 0.00015522
257.04 88.275 324.97 264.62 0.0001543
169.14 115.44 298.22 204.75 0.00015391
813.3 89.239 1242.0 375.0 0.00015307
908.14 292.3 981.58 375.0 0.00015296
862.41 270.71 1242.0 375.0 0.00015277
719.68 189.55 892.73 258.71 0.00015224
892.48 292.28 965.06 375.0 0.00015035
149.25 108.87 201.4 241.63 0.00015024
536.9 115.83 597.02 281.93 0.00015018
923.38 291.72 998.05 375.0 0.00014975
631.26 209.91 779.6 375.0 0.00014856
846.57 112.82 915.2 275.12 0.00014757
505.63 145.18 616.44 235.18 0.00014643
949.38 207.61 1093.8 375.0 0.00014593
0.0 194.02 38.045 312.67 0.00014553
538.12 21.005 694.77 375.0 0.00014462
713.98 116.51 842.65 205.87 0.00014419
86.629 110.9 216.92 193.08 0.00014316
4.0166 214.13 67.215 375.0 0.00014083
939.14 292.5 1014.4 375.0 0.00014077
257.48 127.34 377.9 217.67 0.00014071
1077.0 203.4 1221.6 375.0 0.00013895
42.152 292.31 118.32 375.0 0.00013881
751.92 86.183 820.09 242.33 0.00013861
487.19 273.83 857.26 375.0 0.00013767
239.32 88.081 308.37 265.65 0.00013696
735.07 119.17 804.08 272.84 0.00013682
822.34 210.04 964.08 375.0 0.00013656
701.78 144.83 830.3 235.1 0.00013583
697.54 207.96 839.75 375.0 0.00013579
429.84 92.991 792.75 257.14 0.00013516
762.37 143.81 891.98 237.07 0.00013414
1093.7 212.56 1242.0 296.6 0.00013376
7.6978 41.914 140.4 338.43 0.00013372
955.46 293.03 1030.3 375.0 0.00013333
831.06 112.25 898.88 278.25 0.00013322
186.84 124.25 314.16 218.0 0.00013144
349.23 107.58 414.3 265.94 0.0001308
972.29 292.74 1046.6 375.0 0.00013038
928.18 184.03 1145.9 251.54 0.00012894
0.0 23.615 100.11 351.01 0.00012868
860.05 113.3 932.12 278.07 0.00012811
317.82 77.932 388.89 244.47 0.00012763
570.74 35.327 728.24 375.0 0.00012748
57.447 50.318 205.9 366.13 0.00012711
0.0 198.79 131.97 375.0 0.00012554
124.19 83.447 194.42 222.8 0.00012504
290.29 128.73 461.55 201.08 0.00012434
151.06 34.143 314.66 375.0 0.00012339
502.34 128.96 626.03 226.85 0.00012295
988.84 292.12 1062.1 375.0 0.00012234
738.46 275.89 1107.8 375.0 0.000122
188.57 110.0 259.59 300.14 0.00012135
