0.0 188.89 106.47 235.43 0.99993
285.23 179.68 338.52 203.45 0.9999
339.04 179.07 377.1 197.77 0.99976
247.69 180.82 303.84 206.62 0.99975
114.7 184.71 201.36 220.96 0.99966
332.12 179.38 370.76 198.34 0.99964
348.19 179.49 380.63 197.27 0.99937
294.62 178.65 343.55 201.13 0.99931
316.53 180.54 364.44 201.1 0.99931
304.96 178.74 352.05 199.59 0.99866
185.08 183.01 260.29 213.14 0.998
360.87 178.87 390.61 195.3 0.99704
194.06 183.62 258.9 211.98 0.99583
367.99 178.58 397.82 195.32 0.99548
279.86 177.76 346.21 204.41 0.99098
351.67 178.17 381.08 194.35 0.99065
257.61 181.66 307.61 204.36 0.98794
326.2 178.91 361.48 201.03 0.98585
336.06 178.11 369.16 195.28 0.98576
244.74 179.28 311.09 206.74 0.98266
291.4 177.51 358.56 204.05 0.98096
263.59 178.01 330.23 206.36 0.9758
374.08 178.92 405.25 195.3 0.97161
280.93 181.03 324.47 201.69 0.97134
119.55 189.38 191.83 220.04 0.97
234.21 180.89 304.85 210.98 0.96863
0.0 191.3 76.708 235.85 0.96726
105.15 188.38 189.63 221.39 0.95985
327.77 178.27 364.48 195.62 0.94673
289.5 178.57 329.1 202.22 0.94389
305.59 177.73 345.66 196.52 0.93236
306.47 181.42 357.37 201.94 0.93122
269.61 181.89 312.64 202.13 0.92981
0.0 187.3 116.23 240.63 0.92598
335.57 180.98 373.22 201.43 0.91697
318.98 177.99 358.24 196.46 0.90309
308.31 177.77 373.0 204.97 0.90089
133.12 184.89 211.39 217.91 0.89822
202.74 181.76 278.31 211.75 0.88746
292.34 177.4 336.68 197.36 0.88013
203.3 182.55 260.61 206.8 0.87763
0.060165 184.92 61.94 233.75 0.87728
343.43 177.84 372.15 196.78 0.87326
378.51 177.73 408.05 193.9 0.8587
9.4701 186.13 109.98 226.76 0.85318
0.0 185.56 82.743 226.53 0.84803
431.13 175.58 460.03 191.1 0.83922
108.46 193.38 178.19 219.5 0.83015
253.54 179.59 297.97 203.82 0.8175
129.11 186.93 196.26 217.29 0.81572
241.04 183.72 296.05 207.38 0.81233
169.23 183.11 246.99 216.44 0.79412
301.4 177.63 336.18 200.41 0.7897
265.83 180.36 306.4 199.32 0.78759
344.13 180.52 377.27 200.93 0.76283
198.59 179.54 250.51 210.66 0.75889
383.44 177.22 414.59 193.61 0.7494
436.46 175.8 463.12 190.13 0.73667
324.3 176.16 386.35 204.13 0.71626
149.34 184.18 225.34 215.98 0.69362
389.51 176.85 421.52 193.81 0.68619
400.65 176.82 429.82 193.03 0.6612
317.28 177.9 349.93 199.28 0.63167
421.66 175.74 452.47 192.39 0.6278
188.24 188.03 252.06 213.9 0.6052
131.62 185.48 196.03 210.04 0.59794
426.32 174.3 457.15 190.24 0.52098
146.52 183.9 206.43 207.8 0.50424
416.66 175.86 446.55 192.47 0.48811
249.34 186.24 303.59 209.14 0.4851
439.91 173.24 462.12 189.21 0.46643
408.36 176.48 439.07 192.74 0.46614
275.09 179.65 312.74 198.29 0.45416
393.76 178.72 424.92 194.52 0.43151
287.99 177.58 329.59 195.19 0.42808
0.0 179.31 97.93 248.18 0.38815
0.0 185.25 44.3 239.65 0.36338
27.471 184.69 105.99 232.52 0.35523
354.32 176.12 383.78 190.71 0.3403
350.01 182.24 382.33 200.76 0.3232
188.41 184.04 247.64 207.67 0.32027
140.41 187.05 207.69 215.93 0.31604
206.2 180.95 256.61 201.91 0.30119
306.1 179.76 346.59 203.8 0.29639
192.24 182.54 244.23 213.68 0.28463
331.92 174.74 393.55 201.72 0.25815
8.997 178.95 33.1 243.6 0.25135
367.52 176.07 397.67 191.61 0.24256
139.43 180.53 215.48 213.36 0.23369
4.0135 170.07 32.08 251.04 0.22678
347.35 176.03 378.24 190.42 0.22468
216.13 182.86 262.97 202.87 0.21988
6.4562 168.06 26.904 239.65 0.21315
209.77 186.31 266.46 210.26 0.21007
0.79492 168.86 23.106 263.17 0.20647
427.25 176.73 457.74 192.88 0.20638
374.66 177.03 403.96 191.84 0.19936
357.13 173.9 370.54 203.43 0.19596
364.05 175.63 392.91 190.48 0.18686
115.11 189.01 180.48 213.53 0.1856
405.69 175.03 435.36 191.31 0.17559
263.96 173.58 280.54 215.18 0.16953
156.75 182.81 204.41 202.28 0.15847
341.28 173.62 354.59 204.99 0.15457
244.71 181.19 286.99 206.26 0.14735
251.85 178.91 298.64 196.82 0.14661
10.378 176.3 41.962 244.44 0.14045
99.749 180.63 184.6 214.03 0.13986
290.85 184.68 340.83 204.24 0.13723
300.76 172.88 315.7 209.02 0.13601
413.99 175.01 442.96 190.66 0.13547
337.87 172.74 351.24 204.87 0.13532
339.59 172.7 408.72 200.94 0.13509
381.38 180.83 413.31 196.34 0.13467
10.422 166.34 30.155 233.81 0.13181
7.3854 182.65 43.825 253.91 0.13134
355.03 173.46 367.69 203.02 0.12909
234.44 175.46 303.83 206.06 0.12703
203.2 178.93 245.91 205.88 0.12667
1.095 178.22 31.54 282.76 0.12661
214.92 180.38 257.51 206.08 0.12395
284.28 183.78 332.61 205.65 0.11597
334.03 172.16 347.76 204.42 0.11587
38.368 176.31 72.804 244.45 0.11569
267.83 172.82 283.62 211.19 0.11427
7.5671 158.73 25.22 230.67 0.11362
182.84 186.07 236.06 208.49 0.11211
179.64 177.96 248.54 214.18 0.10994
270.61 173.76 286.97 211.06 0.10685
355.61 172.08 368.75 197.07 0.10637
308.07 170.87 323.3 205.87 0.10578
140.2 183.76 194.95 203.0 0.10405
120.87 187.35 184.47 209.03 0.10331
315.5 185.5 360.78 204.1 0.10323
360.45 174.97 372.49 202.9 0.10191
380.92 175.76 410.39 191.49 0.10173
0.0 169.29 72.404 248.5 0.1013
214.63 171.22 233.31 220.51 0.098227
312.05 170.84 326.75 204.91 0.098141
82.261 175.86 223.98 227.04 0.096918
0.0 171.68 15.765 274.5 0.095857
17.189 175.37 52.847 244.12 0.094926
4.3518 182.36 100.82 216.84 0.09446
330.51 171.7 343.94 203.92 0.094333
27.048 177.83 61.592 243.8 0.088642
3.7712 173.01 20.898 241.52 0.088511
260.93 173.49 277.99 216.16 0.087553
0.0 185.72 9.0743 243.7 0.085957
0.25326 200.46 63.24 229.08 0.08461
316.76 171.16 330.05 203.97 0.081972
304.63 171.21 319.72 205.75 0.080124
384.89 174.99 416.28 191.44 0.080088
360.84 172.62 374.01 197.56 0.078894
202.31 184.98 256.08 217.01 0.078676
277.06 175.02 338.09 208.92 0.078504
412.48 177.77 442.16 193.73 0.077514
298.21 173.63 313.18 209.7 0.075904
321.09 171.49 334.88 204.09 0.075841
702.52 169.89 732.09 186.03 0.075692
0.0 197.8 56.668 239.52 0.074179
33.475 181.96 64.204 248.26 0.07285
442.6 172.45 467.42 187.34 0.071702
146.71 172.24 174.32 231.64 0.071677
338.57 176.1 370.15 192.22 0.070671
188.62 176.41 260.37 208.91 0.07049
43.726 182.57 75.881 252.17 0.069682
16.875 196.23 112.75 236.38 0.069642
394.95 175.21 426.45 191.72 0.069631
151.73 173.75 179.33 231.1 0.069046
133.13 184.53 189.65 205.26 0.068772
282.7 179.13 315.03 199.89 0.068718
0.040797 178.26 14.46 245.74 0.06863
228.01 184.74 305.43 215.55 0.067907
227.51 175.89 292.63 209.95 0.067071
194.13 180.63 248.05 202.98 0.065455
0.0 151.8 14.105 256.01 0.065385
379.32 173.1 391.87 197.89 0.063321
338.99 178.24 354.48 209.12 0.063027
211.54 172.03 229.99 222.42 0.061579
345.29 173.11 356.92 203.27 0.060069
326.0 171.23 339.37 203.43 0.059968
359.26 181.68 387.32 199.11 0.05946
5.5276 184.74 29.575 248.51 0.057238
11.669 183.14 54.947 252.65 0.055887
222.23 172.69 240.52 218.61 0.053891
216.96 185.02 268.23 206.77 0.052464
305.31 172.67 364.96 206.19 0.052342
273.32 174.86 290.86 210.97 0.051945
335.5 177.73 350.87 209.71 0.050635
5.2574 158.32 19.975 231.24 0.049054
141.6 171.96 169.7 230.68 0.048963
5.3397 194.36 43.188 235.02 0.047936
264.77 171.44 282.04 206.7 0.046834
381.51 172.94 394.8 198.27 0.045996
49.126 174.68 85.542 248.49 0.04578
5.2977 188.14 41.109 228.61 0.044868
218.87 172.13 236.53 219.83 0.04349
0.0 193.32 58.173 223.49 0.043487
364.47 175.59 375.63 202.45 0.041459
704.68 172.55 734.78 187.54 0.041285
18.888 165.91 77.428 268.19 0.040407
21.005 183.68 60.857 250.87 0.039074
281.72 176.16 319.0 193.85 0.038779
357.24 170.39 373.02 195.77 0.038581
351.17 172.48 361.91 202.06 0.03846
307.72 185.88 354.77 204.94 0.038448
349.74 176.43 361.32 206.31 0.037368
0.0 184.66 31.285 244.36 0.03693
3.6935 186.38 22.196 247.33 0.03681
22.476 173.9 64.491 235.97 0.036751
227.34 184.65 275.04 206.41 0.036709
13.669 177.13 33.315 235.23 0.035926
4.3164 199.01 103.83 241.81 0.035869
354.56 177.29 370.46 206.77 0.035844
306.48 175.52 322.67 211.81 0.035385
43.402 171.9 81.733 234.46 0.035272
23.506 192.0 93.761 225.16 0.034986
262.36 179.08 302.33 195.14 0.034864
289.44 177.42 320.13 198.11 0.033597
224.86 173.81 244.55 217.77 0.033422
10.797 157.68 82.696 303.71 0.033267
29.712 190.33 97.192 218.91 0.03253
443.67 169.15 455.17 191.2 0.032367
0.0 173.76 7.7053 234.72 0.031953
302.65 175.56 318.79 212.26 0.030625
365.59 172.29 377.07 196.61 0.030433
0.0 146.55 22.082 253.15 0.030296
30.701 173.21 70.798 236.54 0.030192
0.0 201.51 80.726 246.02 0.030016
0.0 185.59 22.567 246.64 0.02982
97.561 191.99 183.08 226.43 0.029683
364.33 181.37 392.64 198.56 0.029423
10.394 190.51 30.758 258.13 0.029213
330.52 176.03 363.88 191.41 0.029064
343.24 179.03 357.94 209.44 0.029038
389.3 179.18 417.58 195.76 0.028447
117.99 167.37 262.21 221.91 0.028336
160.41 182.34 203.18 208.97 0.02831
12.781 176.23 147.13 235.85 0.028166
332.07 177.21 347.65 209.93 0.028034
6.5199 190.73 26.81 260.09 0.02795
182.63 189.89 239.29 214.01 0.027631
270.74 177.89 307.52 194.35 0.027619
351.4 170.69 362.79 196.02 0.027613
0.0 171.45 11.033 240.95 0.027604
0.0 185.36 14.89 297.16 0.0274
230.7 182.4 273.91 202.78 0.027359
0.0 161.76 47.544 255.59 0.02718
446.53 172.56 472.2 187.88 0.027178
351.76 178.09 366.93 206.68 0.027062
16.122 194.75 87.719 229.03 0.026983
208.34 172.4 226.58 217.76 0.026971
0.0 163.99 7.4089 222.54 0.026859
122.42 190.65 178.97 225.27 0.026824
0.0 198.14 8.4856 254.57 0.026797
708.4 170.39 735.58 185.6 0.026488
300.76 172.58 317.74 200.97 0.026385
104.17 196.54 160.77 219.04 0.026363
6.8967 193.04 51.065 230.3 0.024804
378.85 176.18 394.14 202.67 0.024762
261.83 170.9 278.93 206.32 0.024643
0.0 190.88 11.526 251.61 0.024575
113.74 190.93 164.83 218.91 0.024398
372.63 180.88 400.99 198.09 0.024017
0.72965 161.28 14.499 234.73 0.023943
126.45 185.88 180.5 216.0 0.023458
200.08 181.05 262.35 216.88 0.023432
447.27 168.91 457.98 190.26 0.023294
0.0 180.81 21.625 299.38 0.023252
144.79 168.9 179.34 222.88 0.023243
376.26 171.53 386.82 196.04 0.023048
1.2021 152.66 65.641 318.6 0.022995
438.5 170.32 451.67 195.62 0.022504
0.0 192.09 35.883 237.76 0.022455
237.82 186.29 289.51 209.32 0.02237
698.0 172.14 728.51 187.65 0.022273
260.51 172.14 286.14 221.3 0.022138
30.78 167.55 87.188 268.34 0.021992
14.584 192.17 35.734 245.69 0.021796
0.22751 189.51 15.93 251.53 0.021783
297.65 170.96 314.41 200.97 0.021121
257.68 172.59 274.6 210.71 0.020946
264.08 184.24 310.43 207.06 0.02093
265.04 173.66 290.61 222.96 0.020603
9.9205 166.11 66.288 276.0 0.020538
136.74 169.15 174.23 225.18 0.02046
93.296 189.06 169.73 221.58 0.020328
376.29 175.74 390.63 201.86 0.020012
327.68 185.55 367.45 204.27 0.019923
8.2088 197.84 74.588 229.35 0.019824
169.35 184.57 213.59 206.53 0.019566
183.29 183.42 231.21 204.78 0.019505
711.5 172.85 739.5 188.24 0.019471
134.54 171.98 163.34 230.42 0.019464
0.0 138.21 30.448 315.27 0.018672
266.63 176.12 284.66 218.58 0.01867
450.77 168.59 460.9 189.11 0.018493
310.82 176.72 326.76 211.96 0.017823
455.34 171.72 480.71 186.96 0.017757
211.89 175.07 237.83 226.74 0.017582
0.0 180.58 78.497 217.42 0.017482
361.71 169.36 376.1 194.89 0.017382
0.0 197.62 41.443 254.98 0.017369
203.56 174.63 223.57 217.58 0.017363
195.3 173.85 273.26 207.52 0.017274
160.01 173.97 186.12 228.67 0.01721
58.546 175.69 93.721 243.42 0.016756
0.0 204.74 7.4885 264.88 0.016642
710.86 175.75 738.37 190.18 0.016569
629.68 176.98 681.52 204.26 0.016543
8.4133 200.81 51.977 235.53 0.016454
158.9 163.42 313.85 221.61 0.016272
375.4 174.01 386.13 200.54 0.016195
398.8 180.76 427.81 196.31 0.016104
447.22 171.0 466.27 188.23 0.016078
358.17 178.14 374.16 207.51 0.015622
354.5 171.38 426.06 200.01 0.015529
51.198 173.09 88.512 232.55 0.015446
422.83 172.66 452.05 188.32 0.015371
166.03 182.37 200.88 204.34 0.015279
434.37 170.65 447.29 196.06 0.01527
305.49 176.65 333.25 195.83 0.015195
0.0 181.37 51.905 224.66 0.01516
385.37 173.23 397.2 197.12 0.015122
0.0 161.37 10.622 228.56 0.014817
17.811 179.67 110.14 214.87 0.014606
0.0 200.9 22.829 260.82 0.014558
307.32 174.85 342.7 191.7 0.014285
3.6484 183.8 33.889 224.34 0.014035
153.72 181.49 196.7 204.92 0.013962
216.92 175.34 243.06 227.01 0.013939
4.0209 193.96 21.263 266.11 0.013869
208.24 172.49 283.51 205.77 0.013834
0.0 122.01 15.247 238.97 0.013755
0.0 186.96 130.13 255.84 0.013599
109.58 191.67 168.09 211.93 0.013428
2.1223 189.54 62.223 218.38 0.013211
155.3 184.71 211.33 212.4 0.01292
0.0 118.06 30.64 276.04 0.012869
770.05 175.88 814.27 198.89 0.012803
31.465 187.75 97.099 212.1 0.012496
371.18 171.77 381.2 195.54 0.012426
328.6 177.02 344.22 210.01 0.012382
229.49 175.52 248.33 215.75 0.012381
370.17 174.7 380.47 200.81 0.012327
320.9 175.54 357.09 191.96 0.012318
327.25 177.43 355.25 194.72 0.012262
455.63 168.84 481.76 184.39 0.012211
151.12 170.72 184.65 219.11 0.012128
0.0 199.98 11.998 232.15 0.011873
26.107 161.74 96.278 300.22 0.011832
0.0 171.35 19.821 231.07 0.011235
37.634 183.66 118.49 220.92 0.010866
0.0 67.963 31.174 262.2 0.010631
173.23 174.16 249.72 208.01 0.01041
0.0 181.55 88.159 271.05 0.0094793
141.58 178.18 176.83 243.15 0.0090388
0.0 207.63 33.543 251.83 0.0090168
130.56 188.44 209.49 225.86 0.0089885
206.81 173.53 233.43 224.81 0.0086775
0.0 282.97 30.976 375.0 0.0086245
148.28 176.69 183.2 243.74 0.0082008
301.69 166.12 326.61 213.86 0.0082007
311.07 164.34 394.33 200.73 0.0080385
171.78 177.34 235.72 211.97 0.0076147
18.125 153.14 83.821 255.02 0.00756
963.79 148.02 1052.3 187.5 0.0075252
48.152 173.3 187.52 233.65 0.0074345
318.82 173.79 377.59 206.62 0.0072567
129.88 167.4 166.16 224.89 0.0068983
0.0 173.97 30.663 232.66 0.0067452
257.63 162.74 292.02 213.64 0.0065927
325.36 163.66 407.48 198.35 0.0057866
134.57 177.6 170.39 240.59 0.0056824
78.03 166.18 208.25 233.45 0.005346
285.33 167.62 366.44 202.13 0.0053277
328.32 177.67 398.42 208.8 0.0052693
898.56 148.07 990.14 185.68 0.0051794
213.84 173.31 246.39 234.13 0.0051517
0.0 205.42 51.985 248.5 0.0050259
255.36 165.76 282.16 218.5 0.0050039
895.25 141.66 992.53 177.58 0.0049733
263.67 165.85 296.95 212.39 0.0049263
105.96 168.0 219.47 229.32 0.0047551
0.26271 152.42 43.557 288.87 0.0044696
0.50836 134.44 29.937 252.1 0.004467
296.76 166.18 377.41 200.37 0.0044078
135.34 169.53 278.7 228.3 0.0043927
124.78 173.75 155.5 227.76 0.0043367
181.51 160.41 352.58 220.24 0.004285
0.0 319.3 45.832 375.0 0.0042671
0.50482 185.54 30.882 314.86 0.0042216
0.0 202.46 57.534 375.0 0.0041953
6.8329 147.39 67.783 255.4 0.0041678
308.06 169.54 329.84 214.96 0.0041367
969.53 154.49 1062.6 193.82 0.004132
0.32584 104.12 65.085 270.99 0.0041082
4.6415 189.03 36.513 281.01 0.0041074
0.0 332.0 16.563 375.0 0.0040448
0.0 162.71 33.717 361.27 0.0040235
206.19 162.94 245.21 220.28 0.0040235
0.0 89.966 16.301 219.97 0.0039223
371.37 168.85 445.22 198.94 0.0037588
298.49 170.1 324.69 221.33 0.0037157
9.9449 112.04 85.713 265.81 0.0036665
218.85 158.57 386.7 215.9 0.0036193
0.0 91.133 47.78 276.61 0.0034615
157.41 178.43 220.24 211.84 0.0033703
1223.0 332.35 1242.0 375.0 0.0033347
295.74 165.18 320.62 214.1 0.0033305
1200.5 287.84 1242.0 375.0 0.0032445
253.01 182.69 333.27 213.88 0.0031401
0.0 11.019 142.47 375.0 0.0031113
257.58 170.25 288.28 234.28 0.0030463
0.0 169.24 32.572 214.52 0.0030396
0.0 214.97 31.069 260.95 0.0030193
15.577 166.68 160.76 228.97 0.0028549
83.176 180.45 236.55 243.45 0.0028458
0.0 260.7 91.559 375.0 0.0028326
0.0 172.5 40.37 227.58 0.0027784
122.13 175.44 197.89 207.97 0.0026787
0.0 139.31 154.38 297.35 0.0026522
8.6594 164.35 83.778 352.64 0.0026452
160.03 170.11 190.34 219.44 0.0025891
0.22079 169.65 125.22 239.54 0.0025853
1204.3 128.76 1242.0 318.81 0.0025635
244.77 155.81 419.85 216.95 0.0025483
0.0 126.54 44.571 232.62 0.0025458
0.0 113.45 162.02 269.93 0.0025224
262.74 169.6 293.47 236.59 0.0024617
1084.7 0.0 1242.0 375.0 0.002459
0.0 98.615 22.549 245.0 0.0024439
0.0 328.05 62.324 375.0 0.0024284
42.958 163.89 102.91 277.38 0.0024167
0.0 114.23 204.63 375.0 0.0023938
333.45 164.73 356.42 212.04 0.0023604
213.65 164.02 251.26 219.86 0.0023144
128.43 178.81 163.76 242.4 0.0022953
0.0 155.6 20.102 217.2 0.0022837
84.715 176.87 161.69 211.81 0.0022495
0.0 192.63 72.269 277.69 0.0022382
0.0 70.226 62.915 375.0 0.0022375
1226.1 179.62 1242.0 285.96 0.0022353
895.41 134.8 995.53 170.47 0.0022275
325.98 163.45 349.54 210.41 0.0022034
5.1896 142.88 38.284 240.98 0.0021546
25.171 206.07 112.59 243.92 0.0021536
348.15 162.27 372.26 213.21 0.0021267
0.0 350.41 25.374 375.0 0.0020756
344.6 162.6 425.86 198.15 0.0020481
1221.2 353.54 1242.0 375.0 0.0020328
283.62 167.21 349.18 206.48 0.002023
1191.6 320.71 1242.0 375.0 0.0019989
0.0 137.23 74.828 221.01 0.0019892
99.848 173.87 208.06 244.58 0.0019876
157.25 176.94 189.44 247.37 0.0019828
224.05 180.54 288.46 217.6 0.0019767
952.02 141.05 1046.1 181.85 0.001953
1225.0 163.61 1242.0 268.94 0.0019136
636.12 141.61 676.81 214.93 0.0019084
982.9 149.67 1077.1 185.93 0.0018693
317.75 166.7 339.34 212.32 0.0018682
0.0 269.25 144.4 375.0 0.0018453
340.54 164.06 363.65 210.79 0.0018398
103.61 174.11 184.37 206.21 0.0018259
352.27 167.18 414.23 201.64 0.0017841
1159.1 182.32 1242.0 375.0 0.0017618
224.3 177.03 247.54 227.02 0.0017543
199.32 160.35 236.14 219.54 0.0017126
0.0 131.15 94.804 329.59 0.0017043
866.35 128.66 1029.5 186.65 0.0016913
273.59 171.25 295.04 224.23 0.00168
1016.7 172.73 1108.7 210.41 0.0016652
897.64 154.27 992.16 194.39 0.0016266
1205.0 97.171 1242.0 285.47 0.0016258
199.8 171.41 225.99 224.16 0.0015713
1170.0 161.95 1242.0 253.15 0.0015698
169.52 173.12 194.53 227.8 0.001554
275.52 168.87 295.45 213.33 0.0015429
50.861 182.14 123.63 216.9 0.001467
0.0 64.59 16.431 199.04 0.0014531
628.72 149.48 682.19 208.96 0.0014303
254.34 142.66 438.8 213.22 0.0014175
268.66 183.5 346.74 213.07 0.0014057
0.0 161.05 31.356 207.67 0.0013976
359.38 161.58 441.32 198.33 0.0013862
134.35 154.12 187.27 264.41 0.0013672
1015.8 165.01 1108.4 203.32 0.0013609
127.18 166.47 238.05 230.74 0.0013531
385.6 167.97 460.97 199.37 0.0013517
266.46 165.42 344.91 200.28 0.0013448
127.08 160.85 186.84 284.66 0.0013408
951.42 122.45 1242.0 375.0 0.0013378
1214.8 356.57 1242.0 375.0 0.0013358
0.0 150.15 104.65 236.81 0.0013214
116.05 174.38 186.85 213.67 0.0013203
1018.0 87.811 1242.0 375.0 0.001302
910.95 148.78 1011.0 187.29 0.0012845
970.4 162.14 1064.2 201.8 0.0012764
630.98 165.08 689.24 204.59 0.0012762
249.52 177.92 309.4 214.55 0.0012753
304.46 164.29 366.18 202.93 0.0012591
1158.2 1.7621 1242.0 375.0 0.001256
151.11 151.15 326.64 217.85 0.0012487
250.93 159.69 283.54 215.3 0.0012408
180.61 188.59 261.95 224.53 0.0012304
1210.2 192.85 1242.0 237.41 0.0012299
1021.8 179.73 1120.1 218.36 0.0012204
34.632 182.23 74.239 256.67 0.0012125
48.333 193.34 119.94 229.51 0.0012049
85.285 183.49 152.21 217.1 0.0011985
0.0 98.166 99.524 295.44 0.0011975
990.67 155.31 1088.5 193.18 0.001196
0.0 82.514 161.43 238.71 0.00118
1210.3 184.88 1242.0 229.66 0.0011716
138.72 173.68 212.86 206.92 0.0011471
0.0 213.82 22.402 277.44 0.0011382
41.528 160.16 110.86 306.49 0.00113
728.67 154.15 826.03 194.98 0.0011187
1211.3 200.71 1242.0 245.89 0.0011127
970.04 142.47 1059.0 181.21 0.0011087
198.68 147.14 376.08 218.28 0.0011051
1188.0 151.4 1242.0 268.34 0.0010949
973.17 145.06 1136.3 208.39 0.0010908
987.14 159.31 1159.3 225.91 0.001086
155.17 172.87 231.15 206.33 0.0010764
1212.5 208.78 1242.0 253.46 0.0010746
77.654 155.74 232.36 219.59 0.0010725
341.61 160.88 405.54 201.6 0.0010473
0.0 162.8 143.38 330.4 0.0010408
0.0 206.61 15.47 326.23 0.0010168
0.0 288.53 49.246 375.0 0.00099417
1204.5 0.0 1242.0 79.579 0.00098939
49.278 157.82 98.43 258.61 0.000982
170.22 156.48 290.19 230.36 0.00097984
355.49 161.32 380.56 215.77 0.00097514
178.06 165.06 330.12 231.37 0.00097435
1173.0 145.97 1242.0 238.41 0.00096748
719.68 147.75 815.94 190.38 0.00096349
26.312 182.75 67.022 256.07 0.00095418
890.21 127.36 989.21 163.65 0.00095019
224.54 170.6 249.79 218.51 0.00093718
0.0 136.18 20.222 202.14 0.00093577
909.46 141.45 1012.2 179.39 0.0009162
93.913 171.09 176.12 204.31 0.00091505
1212.0 177.25 1242.0 222.02 0.00091498
0.0 28.643 28.894 216.69 0.00090418
143.98 189.83 221.29 224.61 0.00089536
1219.8 195.25 1242.0 253.96 0.00088667
45.205 182.65 189.14 246.19 0.00088418
706.54 158.48 786.98 193.63 0.00087465
1132.3 252.8 1242.0 375.0 0.00087223
999.35 149.01 1095.3 186.97 0.00086578
890.02 129.72 1056.1 190.6 0.00086449
996.33 180.25 1097.3 216.64 0.00086296
946.05 145.46 1108.4 207.16 0.0008598
375.11 160.88 455.47 196.44 0.00085738
295.21 153.77 332.34 213.09 0.00085501
0.0 151.45 32.075 199.52 0.00085392
251.32 168.92 281.39 235.95 0.00083531
972.48 144.44 1041.8 192.9 0.00082504
1169.4 0.0 1242.0 32.097 0.00082206
121.35 179.87 155.44 238.56 0.00081526
0.0 78.093 270.67 375.0 0.00080601
1212.0 216.14 1242.0 261.43 0.00080544
1172.4 193.57 1242.0 282.65 0.00080149
0.0 18.871 57.79 329.67 0.00080075
119.71 155.12 176.92 263.16 0.00079891
1029.8 171.7 1127.3 211.37 0.00079723
1225.1 141.15 1242.0 243.92 0.00079602
271.45 152.85 454.71 219.13 0.0007956
1206.2 166.14 1242.0 371.1 0.00078561
0.0 0.0 69.147 157.95 0.00078514
1218.5 179.2 1242.0 237.82 0.00078502
1091.6 263.44 1242.0 375.0 0.00078442
706.5 130.88 860.07 193.04 0.00077296
0.0 117.43 71.387 204.17 0.00077288
287.38 165.42 307.47 212.33 0.0007718
190.16 154.71 310.13 230.7 0.00076803
958.91 160.48 1126.9 225.27 0.00075233
945.19 151.9 1048.5 195.0 0.00073925
709.24 150.34 798.67 189.21 0.00073452
246.33 169.26 270.8 223.54 0.0007317
223.17 174.61 251.13 236.78 0.00072216
0.0 158.68 47.814 361.87 0.00072041
975.87 172.38 1073.7 209.86 0.00070979
717.22 156.48 804.81 193.88 0.00069204
1021.0 187.84 1120.7 225.8 0.00068021
40.718 177.2 124.01 211.57 0.00067964
910.54 155.49 1014.1 195.11 0.00067851
1016.0 156.54 1108.3 196.62 0.0006767
403.96 167.79 476.88 196.76 0.00067474
988.94 0.0 1242.0 123.8 0.00066807
1220.9 209.77 1242.0 270.06 0.00064463
981.15 181.49 1082.6 218.25 0.00064435
0.0 214.88 52.981 254.19 0.000636
1088.2 135.76 1242.0 309.37 0.0006355
344.77 149.25 379.1 208.34 0.00063181
67.565 172.25 99.291 240.08 0.00062964
23.026 170.32 101.66 342.54 0.00062571
1190.1 181.04 1242.0 298.48 0.00061602
989.71 163.49 1089.5 202.37 0.00061371
27.985 113.32 100.57 259.67 0.00061121
0.0 170.65 45.702 215.14 0.00060765
980.45 149.97 1049.0 198.14 0.00060531
247.49 164.59 327.53 199.3 0.00060156
10.986 293.13 84.713 375.0 0.0006015
141.83 154.44 203.89 290.69 0.00059275
336.7 148.49 369.84 208.32 0.00059244
0.0 188.39 23.705 329.38 0.00058792
0.0 176.49 64.805 375.0 0.00058574
1206.7 63.05 1242.0 253.05 0.00058532
0.0 196.76 97.678 301.2 0.00058514
1213.6 169.49 1242.0 214.36 0.0005835
632.81 156.72 692.04 199.49 0.00058266
1226.6 0.0 1242.0 45.839 0.00058056
0.0 215.31 36.281 375.0 0.00057735
149.65 149.63 198.32 267.74 0.00057162
0.0 142.55 32.817 191.09 0.00056966
644.25 149.91 678.83 217.33 0.00056888
0.0 88.494 42.548 201.67 0.00056513
329.81 151.42 361.18 207.56 0.00056436
952.91 159.9 1050.6 202.02 0.000554
0.0 196.56 43.041 311.5 0.0005517
368.24 165.17 428.59 199.69 0.00054408
393.07 160.97 471.66 195.89 0.00054261
1082.7 103.9 1242.0 277.43 0.00054214
935.06 146.54 1040.8 188.35 0.00054107
1159.0 0.0 1242.0 166.87 0.00053722
872.77 140.23 1051.1 204.9 0.00053488
910.7 142.63 1074.7 206.21 0.00053364
273.23 164.63 299.35 210.25 0.00053253
734.51 148.63 831.99 189.45 0.00053105
148.88 163.12 257.16 231.95 0.00052767
755.88 165.07 840.6 200.37 0.00052307
1032.6 164.43 1125.7 204.69 0.00052253
0.0 0.0 319.27 137.77 0.00052176
344.04 178.11 418.9 210.04 0.00051591
1015.8 159.11 1190.0 229.52 0.0005157
337.66 162.51 363.61 223.24 0.00051508
1182.5 0.0 1242.0 41.357 0.00051113
742.67 163.98 826.53 199.51 0.00050766
750.73 155.59 843.4 197.48 0.00050654
22.046 178.82 133.0 251.45 0.00050596
0.0 0.0 32.776 87.159 0.00050261
231.51 164.21 310.96 201.29 0.00050128
931.22 131.79 1086.8 192.45 0.0004983
0.0 0.0 227.8 154.95 0.0004955
871.62 140.65 974.21 178.86 0.00049474
1032.7 0.0 1242.0 171.4 0.00049425
283.67 136.48 476.25 211.68 0.00049261
0.0 245.79 30.176 375.0 0.00048418
67.978 181.95 139.24 217.17 0.00047808
621.3 171.94 688.61 206.51 0.00047348
1225.3 113.1 1242.0 224.78 0.00046976
0.0 89.757 32.606 239.93 0.00046742
980.24 188.88 1083.7 224.53 0.00046672
0.0 225.87 16.065 354.94 0.00046649
0.0 64.122 24.834 232.3 0.00046387
1109.0 0.0 1242.0 60.518 0.00046116
322.25 150.95 353.46 206.92 0.00045806
362.94 156.83 390.02 210.35 0.00045368
160.42 190.96 235.33 225.16 0.00045178
974.81 130.69 1135.5 193.09 0.00044311
1176.5 130.77 1242.0 222.95 0.00043643
253.52 147.88 292.72 216.08 0.00042851
110.45 113.19 182.39 253.56 0.00042185
1220.1 164.7 1242.0 222.8 0.00041752
108.11 155.0 283.45 217.75 0.00041747
42.003 193.5 114.03 239.43 0.00041383
235.26 171.55 257.2 224.56 0.00041282
0.0 336.08 24.591 375.0 0.00041051
1122.4 82.597 1242.0 315.63 0.00040674
1003.8 145.1 1164.1 212.14 0.0004058
113.29 177.54 272.21 248.13 0.00040142
1227.8 198.37 1242.0 311.8 0.00039704
979.88 173.28 1163.5 240.62 0.00039325
204.57 164.46 365.47 229.12 0.00039296
125.53 153.37 164.1 224.23 0.00038992
0.0 259.06 16.426 375.0 0.00038822
51.822 180.26 87.82 262.08 0.00038792
691.8 160.17 763.41 192.33 0.00038241
1035.7 178.95 1138.4 219.17 0.00038127
170.26 167.42 196.49 217.48 0.00038079
704.09 165.62 784.69 199.12 0.00037919
1097.3 165.15 1242.0 343.96 0.00037913
906.38 144.16 977.76 190.32 0.00037497
990.6 131.96 1028.4 216.85 0.00037495
1224.9 90.135 1242.0 200.71 0.00037316
687.95 139.5 851.61 208.28 0.00036734
283.69 183.02 362.28 212.79 0.00036575
221.23 152.14 340.55 226.53 0.00036419
871.84 147.18 973.3 186.33 0.00036331
0.0 118.0 20.04 187.76 0.00036063
929.78 158.93 1097.4 222.68 0.00035941
1194.0 120.52 1242.0 239.5 0.00035691
116.12 173.43 146.99 231.84 0.00035461
997.95 134.79 1034.6 216.13 0.00035157
343.05 173.55 401.85 209.78 0.00035129
27.372 293.24 102.47 375.0 0.00034853
195.28 134.06 253.49 258.72 0.00034276
900.43 161.98 993.66 201.47 0.00033991
126.76 120.57 195.77 248.23 0.00033905
243.04 129.03 303.18 261.45 0.00033879
0.0 316.63 14.066 375.0 0.0003372
206.26 171.63 241.59 250.43 0.00033494
350.57 148.4 385.04 208.96 0.00033468
0.0 0.0 107.19 75.926 0.00033431
289.08 150.17 322.6 209.03 0.00033396
311.79 153.8 343.85 210.06 0.00033196
1126.3 0.0 1242.0 81.452 0.0003297
1166.9 293.53 1239.0 375.0 0.00032794
23.04 215.43 113.18 249.66 0.0003268
1215.1 160.96 1242.0 206.73 0.00031905
972.92 17.664 1242.0 372.61 0.00031875
870.11 133.79 975.46 170.9 0.00031795
192.04 156.7 225.36 218.42 0.00031633
642.19 135.96 682.73 216.1 0.00031632
353.11 162.29 381.05 230.92 0.00031602
200.2 171.45 234.9 247.49 0.00031514
1033.6 186.72 1141.5 226.35 0.00031223
854.28 143.24 1015.0 203.77 0.00030858
0.0 209.4 69.873 299.18 0.00030668
640.0 152.74 672.64 222.63 0.00030624
65.555 175.34 144.58 209.74 0.00030375
0.0 100.97 68.383 187.61 0.00030104
962.72 179.49 1059.0 218.42 0.00029681
1207.7 248.85 1242.0 375.0 0.00029427
0.0 154.63 142.53 220.28 0.00029173
726.35 163.37 813.93 199.26 0.0002906
1224.4 66.566 1242.0 176.61 0.00028397
211.9 130.29 264.02 259.98 0.00028375
923.67 140.3 1028.9 181.11 0.0002815
952.63 133.66 1045.1 174.55 0.00028064
230.15 127.23 285.44 259.27 0.00027948
985.42 146.42 1056.6 191.15 0.00027913
0.0 288.43 15.194 375.0 0.0002775
976.41 197.47 1076.1 231.63 0.00027748
0.0 0.0 159.05 68.897 0.00027447
1021.8 196.58 1121.0 233.29 0.00027359
1214.6 0.0 1242.0 14.331 0.00027168
1213.2 330.8 1242.0 375.0 0.00027104
46.654 149.95 212.59 219.33 0.00027088
914.55 166.86 982.09 320.24 0.00027083
0.0 0.0 13.532 53.085 0.00026984
3.4752 110.11 39.735 229.01 0.00026839
102.74 169.23 168.67 209.2 0.00026723
63.421 166.58 95.454 228.57 0.00026711
260.66 150.39 299.37 214.98 0.00026178
359.62 147.56 392.27 209.49 0.00026048
44.611 292.71 119.11 375.0 0.00026002
167.08 175.04 196.99 250.37 0.00025985
9.9149 148.69 47.7 232.72 0.00025717
1090.0 71.155 1242.0 249.26 0.00025316
952.6 177.13 1131.5 241.46 0.00025005
150.21 160.19 188.22 216.9 0.00024869
59.828 290.72 136.45 375.0 0.00024853
271.18 166.69 298.8 239.52 0.00024648
1215.2 152.78 1242.0 198.3 0.00024626
900.1 161.83 970.01 322.33 0.0002459
3.7508 196.35 37.838 319.2 0.00024522
75.514 289.85 153.05 375.0 0.00024474
632.15 145.98 667.97 217.93 0.0002436
250.96 149.61 375.44 226.3 0.00024338
983.49 129.72 1020.0 212.37 0.00024217
223.22 160.85 254.85 218.52 0.00024154
963.11 188.16 1058.4 226.29 0.00024112
77.217 168.03 159.65 204.16 0.00024043
990.76 142.55 1087.8 181.65 0.00024039
0.0 328.56 104.49 375.0 0.00023709
156.2 288.86 231.86 375.0 0.00023666
1215.0 112.81 1242.0 158.2 0.00023646
1220.7 0.0 1242.0 18.922 0.00023635
180.36 162.0 267.91 199.67 0.00023542
11.816 73.01 80.857 253.42 0.0002353
238.01 126.17 425.36 205.42 0.0002331
739.71 101.58 805.65 255.86 0.0002286
1012.6 170.93 1193.5 242.34 0.00022778
1150.1 294.8 1224.2 375.0 0.00022747
171.47 289.35 247.39 375.0 0.00022605
1216.2 129.0 1242.0 174.27 0.00022557
677.2 128.36 839.36 199.03 0.00022546
1216.0 137.11 1242.0 182.52 0.00022475
962.5 138.26 1034.0 187.06 0.00022471
260.77 136.14 402.01 224.24 0.00022349
242.59 168.53 271.41 236.47 0.00022235
214.17 161.03 298.23 196.89 0.00022192
0.04644 196.68 33.069 344.7 0.00021696
261.27 125.75 315.54 258.39 0.00021624
845.92 131.18 999.55 189.86 0.00021568
161.15 149.51 223.18 297.71 0.00021556
7.3075 194.38 156.67 260.33 0.00021211
872.86 119.72 1049.0 181.87 0.00021007
1180.9 114.7 1242.0 206.65 0.00020748
170.53 144.63 218.22 267.23 0.00020474
669.22 149.76 847.99 226.93 0.00020355
188.16 143.83 239.34 268.15 0.00020335
271.16 124.65 461.2 203.92 0.00020324
856.15 121.48 1012.5 179.12 0.00020131
140.88 289.12 216.56 375.0 0.00019997
211.7 156.56 320.88 236.34 0.00019892
754.7 104.06 821.05 256.68 0.00019756
0.0 190.44 124.46 368.29 0.00019152
1207.2 0.0 1242.0 201.67 0.00019095
188.17 288.31 262.97 375.0 0.00018383
194.17 143.33 255.46 299.67 0.00018263
0.0 198.38 93.748 375.0 0.00018218
292.26 124.96 350.18 259.17 0.0001815
129.06 169.64 238.11 253.27 0.00018131
180.86 148.96 241.32 299.88 0.0001803
1131.3 141.17 1242.0 375.0 0.00017848
91.451 288.71 169.02 375.0 0.00017811
1183.6 128.77 1242.0 330.17 0.00017708
276.0 128.16 334.09 281.24 0.00017653
235.56 162.83 398.31 229.69 0.00017537
1168.8 136.47 1236.3 327.76 0.00017172
280.44 146.77 409.36 228.16 0.0001679
0.0 0.0 55.001 44.626 0.00016729
971.95 150.18 1102.2 234.29 0.00016682
975.47 136.95 1099.4 215.93 0.00016579
890.92 156.81 1065.6 223.66 0.00016391
107.13 148.54 158.94 261.61 0.00016149
124.64 291.57 202.08 375.0 0.00015988
307.96 150.41 492.95 220.96 0.00015914
0.0 84.026 63.454 171.97 0.00015887
295.14 129.47 434.95 220.55 0.00015752
891.63 120.92 1017.1 199.05 0.00015711
107.35 289.64 185.61 375.0 0.00015619
208.55 107.18 271.86 251.97 0.00015544
203.43 288.58 279.05 375.0 0.00015393
0.0 38.74 46.543 245.01 0.00015347
1176.8 223.24 1242.0 317.63 0.00015253
336.31 116.61 399.36 263.21 0.00015121
930.97 111.34 994.17 255.69 0.00014974
1003.9 148.52 1131.2 235.33 0.00014526
321.29 120.63 382.54 259.94 0.00014393
78.225 179.5 188.16 252.19 0.00014233
308.53 124.83 366.18 260.45 0.00014088
350.25 113.4 417.86 267.61 0.00013343
704.85 129.53 825.59 217.17 0.00013175
0.0 57.748 38.099 167.5 0.00013129
224.2 102.93 292.14 257.61 0.0001312
1194.6 209.89 1242.0 336.37 0.00013098
946.19 111.81 1011.1 257.67 0.00012947
710.72 116.77 867.11 181.58 0.00012885
930.08 176.18 1099.7 238.71 0.00012776
883.38 152.85 954.37 324.77 0.00012738
0.0 35.947 100.25 338.6 0.00012649
0.0 0.3689 206.05 375.0 0.00012615
0.0 204.79 113.48 286.77 0.00012409
284.55 80.067 356.34 242.23 0.00012319
64.665 156.07 115.75 284.7 0.0001217
1007.2 137.57 1127.2 218.54 0.00012119
917.88 126.06 978.45 272.5 0.00011976
725.83 99.29 791.87 256.61 0.00011882
0.0 225.13 66.72 319.59 0.00011845
300.36 81.237 372.35 242.38 0.00011599
0.0 227.5 43.645 348.03 0.00011249
1012.5 0.0 1076.6 66.459 0.00011196
145.34 115.25 207.31 244.44 0.00011168
907.22 131.69 1030.6 215.83 0.00011157
1007.5 125.3 1075.3 266.68 0.00011093
0.0 45.029 139.18 210.58 0.00011024
1133.0 295.94 1207.9 375.0 0.0001102
1029.0 0.0 1091.8 65.64 0.00010992
47.308 107.76 114.39 259.42 0.00010915
219.1 288.15 294.08 375.0 0.00010906
243.82 154.91 355.12 237.71 0.00010814
1004.5 292.87 1079.1 375.0 0.00010796
1051.5 157.16 1213.7 229.38 0.00010778
872.39 202.93 1026.3 278.33 0.00010754
315.79 134.39 503.78 208.58 0.00010679
53.195 156.76 173.17 228.88 0.00010616
273.79 103.31 338.44 250.17 0.00010612
944.97 136.34 1065.5 214.85 0.00010565
993.97 126.77 1058.1 265.98 0.00010352
717.05 141.13 878.18 205.4 0.00010304
770.45 104.66 835.13 256.66 0.00010302
17.036 328.47 138.18 375.0 0.00010281
737.1 116.17 805.63 294.15 0.00010258
1020.5 293.22 1094.4 375.0 0.00010248
237.0 78.831 308.82 246.82 0.00010227
100.86 107.81 165.09 253.12 0.00010097
928.45 169.46 994.91 316.25 0.00010075
260.59 161.39 434.27 234.09 0.00010031
988.53 291.81 1063.4 375.0 9.9418e-05
208.45 137.13 271.6 306.99 9.9269e-05
626.23 112.6 689.9 263.31 9.8964e-05
1026.4 124.79 1090.4 265.64 9.8941e-05
996.78 0.0 1060.8 66.674 9.8408e-05
752.02 117.81 822.43 295.55 9.7996e-05
2.2106 57.429 60.998 249.36 9.7896e-05
179.72 107.52 244.65 255.69 9.6898e-05
1035.8 293.39 1110.5 375.0 9.6179e-05
125.8 326.16 255.5 375.0 9.6172e-05
48.865 326.15 172.8 375.0 9.4728e-05
317.02 81.321 387.59 243.56 9.4287e-05
853.19 158.74 1016.4 223.69 9.4242e-05
39.557 173.47 118.03 336.37 9.3238e-05
1042.4 123.16 1106.4 262.3 9.228e-05
1004.9 129.58 1165.3 195.94 9.173e-05
141.36 145.02 272.61 227.91 9.139e-05
866.71 56.967 1013.7 375.0 9.1033e-05
314.34 142.15 442.24 231.18 9.095e-05
944.67 195.62 1122.0 258.3 9.0785e-05
929.4 138.66 994.65 287.91 9.0752e-05
70.43 149.43 112.96 266.13 9.0382e-05
178.6 125.42 360.61 204.51 8.9644e-05
658.44 137.14 823.99 214.29 8.9295e-05
889.87 195.68 994.6 288.77 8.9221e-05
0.0 0.0 251.55 292.02 8.9046e-05
67.175 143.39 195.42 226.67 8.8876e-05
1050.3 171.37 1221.3 242.51 8.8561e-05
868.69 0.0 1198.5 375.0 8.8031e-05
1170.9 108.82 1235.1 294.48 8.7763e-05
1163.4 325.9 1242.0 375.0 8.7659e-05
223.48 132.85 289.7 315.34 8.7307e-05
1051.5 293.58 1126.7 375.0 8.6628e-05
365.07 109.8 435.3 268.11 8.5506e-05
1198.1 85.728 1242.0 207.73 8.5407e-05
251.71 79.483 323.32 246.6 8.5322e-05
1056.9 123.32 1124.7 264.74 8.5127e-05
235.19 289.9 310.73 375.0 8.4373e-05
981.58 125.75 1040.4 266.03 8.4126e-05
0.0 32.184 84.444 236.16 8.4057e-05
1153.7 139.49 1223.6 320.28 8.3975e-05
1031.4 148.7 1165.5 238.07 8.3876e-05
55.106 180.03 162.14 253.46 8.3854e-05
715.45 294.25 791.89 375.0 8.3769e-05
1037.2 144.4 1197.1 213.67 8.3224e-05
1045.5 0.0 1107.8 65.354 8.3071e-05
872.13 192.55 1028.7 261.5 8.2645e-05
902.64 139.89 963.57 289.05 8.2145e-05
1106.3 216.06 1242.0 375.0 8.1844e-05
699.41 294.7 776.81 375.0 8.1455e-05
966.91 113.31 1025.6 252.51 8.1215e-05
707.03 140.55 823.33 235.94 8.1042e-05
733.77 295.46 806.23 375.0 8.0762e-05
683.34 293.6 758.56 375.0 8.0739e-05
239.23 129.05 305.94 316.7 8.0429e-05
1182.8 237.15 1242.0 333.31 8.0225e-05
667.91 292.04 741.92 375.0 7.9198e-05
799.31 0.0 1137.5 375.0 7.9157e-05
333.18 78.899 404.13 243.12 7.8415e-05
1066.9 293.01 1142.1 375.0 7.8304e-05
883.29 133.47 1001.7 214.59 7.828e-05
1186.3 252.01 1242.0 351.57 7.7508e-05
953.03 201.15 1092.8 375.0 7.7345e-05
1115.9 296.3 1192.2 375.0 7.7073e-05
991.89 65.676 1139.1 365.66 7.6907e-05
154.06 169.38 256.99 257.54 7.6869e-05
749.88 294.59 821.59 375.0 7.6281e-05
1180.4 80.821 1242.0 177.14 7.6234e-05
924.53 122.49 1045.1 200.63 7.6162e-05
909.29 119.39 1074.0 181.7 7.5898e-05
98.436 332.26 280.07 375.0 7.5626e-05
946.11 150.61 1067.5 231.82 7.5574e-05
695.36 0.0 985.85 331.91 7.536e-05
0.0 105.6 135.8 375.0 7.5252e-05
636.09 290.88 709.77 375.0 7.5069e-05
652.27 289.6 725.66 375.0 7.4485e-05
1154.9 114.35 1222.7 287.54 7.3463e-05
154.24 326.49 286.1 375.0 7.3138e-05
973.58 293.26 1047.7 375.0 7.1714e-05
958.35 125.09 1081.8 200.62 7.1279e-05
516.3 0.0 579.99 68.711 6.9948e-05
500.22 0.0 563.79 68.01 6.9568e-05
739.49 0.0 1077.2 375.0 6.9512e-05
0.0 106.53 64.455 223.09 6.935e-05
484.17 0.0 547.61 67.064 6.8941e-05
254.62 130.76 320.16 319.42 6.8133e-05
0.0 67.493 59.101 154.96 6.7979e-05
765.37 292.03 837.05 375.0 6.7945e-05
981.57 0.0 1045.1 68.092 6.7845e-05
1136.2 164.39 1242.0 249.66 6.7514e-05
928.55 61.776 1074.4 370.51 6.7241e-05
614.58 111.12 677.08 257.91 6.7232e-05
983.38 202.9 1122.6 375.0 6.6863e-05
796.24 292.36 869.07 375.0 6.6774e-05
468.33 0.0 531.95 66.346 6.6304e-05
1185.3 46.506 1242.0 147.71 6.5711e-05
79.104 325.77 207.07 375.0 6.5462e-05
63.389 160.98 125.57 309.36 6.5409e-05
915.44 194.66 1080.9 257.35 6.5106e-05
1083.2 293.42 1158.0 375.0 6.4922e-05
781.79 292.64 852.86 375.0 6.4863e-05
346.83 291.18 424.33 375.0 6.4713e-05
130.72 94.909 521.72 246.32 6.4657e-05
251.02 290.03 327.52 375.0 6.4485e-05
532.43 0.0 595.99 70.651 6.4473e-05
0.0 213.42 101.16 328.81 6.4363e-05
1182.3 62.72 1242.0 163.02 6.4226e-05
897.16 57.793 1041.4 374.9 6.4111e-05
866.82 121.77 985.9 197.73 6.3689e-05
330.74 289.74 408.63 375.0 6.3263e-05
620.14 292.84 693.87 375.0 6.325e-05
1099.1 38.632 1242.0 221.64 6.2984e-05
891.26 175.21 1065.7 241.83 6.2221e-05
920.64 206.21 1061.9 375.0 6.1298e-05
126.67 153.99 195.7 310.6 6.0901e-05
