920.01 123.49 1242.00 268.87 7.96
1188.65 208.29 1242.00 375.00 3.29
554.93 173.11 682.03 281.10 11.00
670.61 134.09 1242.00 243.63 19.16
825.50 206.35 1058.57 352.32 6.77
765.23 129.44 804.12 266.39 12.44
1009.75 125.24 1103.96 269.81 14.30
1203.92 189.10 1242.00 234.86 30.92
805.49 199.85 1053.95 211.20 38.97
265.31 149.46 337.48 214.16 61.46
323.07 151.80 377.11 199.03 68.92
487.19 148.48 578.65 212.62 37.87
661.71 144.83 793.72 213.54 38.02
673.55 236.85 861.90 241.30 19.09
815.41 191.82 1040.26 205.75 43.10
289.73 190.88 360.07 224.16 39.17
993.61 195.77 1155.70 234.19 27.05
877.57 195.86 1058.82 200.99 46.25
0.00 139.63 29.68 230.36 36.81
759.08 148.19 788.26 216.17 36.13
1136.61 245.73 1242.00 258.43 19.64
638.46 151.97 677.20 200.67 54.13
695.03 198.34 780.61 206.55 44.91
230.75 148.00 246.81 207.09 47.33
794.01 191.48 862.97 205.59 43.72
191.18 147.64 234.23 183.81 58.64
711.63 195.47 769.01 198.88 59.58
792.33 207.97 881.36 216.07 35.21
662.63 202.51 699.61 208.43 41.95
494.52 198.44 535.38 209.42 42.31
634.11 153.43 663.93 197.32 65.18
280.66 179.18 311.37 208.33 64.64
166.72 173.06 182.58 223.83 49.95
752.71 195.43 784.94 200.76 50.29
399.66 204.05 430.27 213.65 44.82
798.00 191.62 815.94 200.04 48.13
486.73 202.82 500.72 209.29 41.10
547.53 184.01 557.83 197.28 65.55
651.94 183.82 656.02 197.01 63.96
270.78 150.85 283.79 165.91 65.22
1174.85 196.36 1183.36 218.63 40.56
1068.92 197.27 1108.95 230.52 29.22
768.41 167.03 778.87 207.75 39.87
