593.3 182.93 615.63 196.4
551.39 190.91 579.5 203.99
669.56 184.64 688.5 203.07
686.34 165.76 723.24 222.35
698.23 147.83 771.23 247.98
540.27 169.81 546.84 182.87
543.27 187.1 548.03 196.16
542.92 176.29 545.7 188.75
538.25 176.07 541.31 193.61
531.26 167.01 537.96 193.43
495.0 152.34 532.39 193.5
504.24 151.26 530.93 195.95
699.38 164.12 779.76 232.59
715.83 153.03 773.12 250.88
712.44 157.83 760.38 245.13
711.99 149.49 775.73 258.14
698.02 141.24 755.73 255.51
708.75 167.74 767.3 254.98
513.51 167.07 526.21 207.62
509.21 167.13 523.15 207.54
684.76 177.54 736.73 218.05
679.13 172.06 734.87 214.26
672.91 177.18 707.12 203.0
682.52 175.08 726.87 212.0
676.22 176.7 718.86 207.06
681.44 178.36 706.81 206.47
675.32 168.33 739.75 221.62
684.0 181.01 717.48 211.91
678.67 173.49 704.53 202.84
685.28 178.3 741.39 220.11
686.0 182.27 727.46 221.04
696.05 164.81 731.77 226.53
669.6 176.0 726.13 217.07
692.14 172.48 719.15 223.07
695.12 179.3 742.48 220.49
700.17 173.7 735.37 239.03
683.7 182.89 706.49 208.94
681.53 173.11 710.57 204.61
692.97 175.27 724.13 229.63
702.65 162.01 736.74 228.62
686.75 171.27 704.3 214.42
689.2 169.76 712.34 217.58
681.2 183.88 723.83 215.03
685.92 162.01 728.12 225.4
687.97 175.02 737.51 208.73
690.34 177.06 713.97 222.47
685.16 171.86 718.87 205.67
705.04 170.38 732.92 225.27
695.63 167.46 719.59 216.71
702.04 167.0 727.99 224.28
699.02 169.75 722.94 225.69
687.93 176.42 706.5 218.98
687.33 165.72 713.74 221.0
689.2 173.86 739.98 229.29
682.46 172.8 728.48 202.62
700.48 165.26 722.63 212.48
694.24 179.88 721.49 230.77
703.32 176.42 729.9 231.18
704.24 161.66 727.61 213.3
692.0 153.81 734.81 228.14
691.86 183.61 733.03 225.07
692.28 169.77 733.03 205.46
686.76 184.29 707.66 224.23
669.47 163.61 725.96 211.22
689.34 170.83 717.31 234.11
691.79 165.23 709.31 205.72
694.2 165.21 715.03 208.0
680.87 153.63 711.53 222.14
697.77 163.98 717.93 209.05
547.38 177.33 581.13 203.86
545.69 177.14 574.29 201.33
552.99 175.66 580.61 199.47
553.51 179.74 582.93 202.44
557.66 178.37 585.46 199.74
542.88 178.3 566.71 199.38
548.86 182.12 578.98 205.6
556.1 176.36 583.49 195.97
541.15 175.96 568.81 196.17
552.18 171.37 570.06 206.88
554.55 173.44 572.19 209.18
557.73 171.97 576.34 207.17
544.45 180.55 569.66 202.73
561.3 176.12 586.12 194.41
561.67 173.79 578.35 205.59
550.43 171.71 564.68 203.97
539.84 178.11 560.63 199.86
550.45 179.91 569.79 210.68
550.57 175.33 578.43 195.23
569.8 178.49 596.16 198.03
534.31 177.41 562.75 200.42
536.36 176.56 589.56 208.61
567.42 178.58 588.05 198.63
556.56 179.6 575.51 209.83
548.72 175.04 582.04 191.52
566.0 175.37 590.54 193.67
567.12 173.15 579.41 203.59
540.02 181.48 562.32 202.62
545.82 186.23 576.02 206.77
557.18 174.66 585.1 190.9
547.91 180.64 566.41 211.67
566.9 181.17 593.82 199.95
546.96 177.62 560.76 208.64
542.2 173.45 575.69 192.21
563.03 173.85 587.93 190.48
559.08 182.89 588.48 203.89
553.27 181.74 572.44 214.95
570.26 173.25 589.34 191.91
544.8 189.32 579.6 208.93
540.07 173.17 562.91 194.83
538.43 172.37 569.09 192.56
564.85 177.87 580.04 208.88
554.51 174.08 578.98 191.39
552.56 187.48 581.68 206.23
543.09 175.73 595.22 214.89
663.53 174.26 695.69 202.66
668.51 174.08 701.62 199.49
669.11 178.02 696.86 203.85
677.3 178.47 702.12 204.44
665.66 178.57 691.11 203.11
661.89 173.89 689.76 199.99
683.93 172.83 701.07 211.51
667.43 173.07 685.04 207.05
670.05 170.35 688.89 207.64
679.56 170.76 695.33 208.47
674.84 171.37 692.22 208.34
664.96 169.58 681.96 205.12
681.86 175.79 696.73 211.07
679.09 183.36 701.16 206.73
666.16 172.17 693.87 196.26
663.43 177.61 685.04 201.31
671.06 184.29 700.09 206.15
684.76 186.1 707.59 213.16
686.11 178.52 701.49 215.98
665.86 184.88 694.67 204.82
673.88 171.83 698.76 197.82
671.81 171.72 705.08 194.58
658.32 176.41 686.21 199.45
667.65 167.24 686.39 202.84
659.16 172.28 692.53 193.54
665.19 172.89 677.68 205.89
683.54 167.45 699.13 205.95
663.04 183.84 687.62 204.71
662.6 168.07 676.9 203.82
680.96 186.67 702.29 210.7
687.66 166.58 702.87 206.8
664.42 177.23 681.37 209.94
655.42 174.29 677.87 197.79
649.59 167.01 703.68 208.55
658.46 179.18 678.7 199.61
657.62 171.93 682.2 195.57
664.65 187.93 689.01 206.72
658.95 174.15 704.52 213.64
669.85 169.81 695.5 192.25
670.57 178.63 688.4 215.41
666.98 180.68 683.27 214.67
588.25 173.2 615.1 196.07
588.39 173.44 609.48 193.52
593.48 174.65 617.49 194.82
590.59 172.55 617.02 191.63
592.82 169.43 608.37 199.25
588.29 178.91 616.13 197.17
581.63 177.75 606.91 197.5
591.18 169.61 605.78 197.05
598.03 171.48 611.96 199.9
582.02 172.96 607.07 191.69
591.63 173.94 605.29 200.86
581.57 173.64 601.73 193.42
593.3 172.77 611.39 200.79
594.85 168.38 612.93 195.66
596.9 177.21 618.92 196.89
587.52 172.78 613.0 189.45
590.42 170.13 601.78 197.12
579.27 176.58 600.92 196.11
576.65 181.15 603.48 199.24
604.05 170.81 615.11 197.91
602.49 174.43 621.26 194.36
594.37 171.59 620.32 188.66
599.5 167.43 614.58 194.83
584.23 171.49 608.72 188.83
587.83 166.84 600.14 195.97
584.9 180.78 612.43 199.48
607.83 169.95 619.28 198.47
592.31 168.56 615.34 189.42
593.0 174.89 612.76 207.35
602.69 173.03 616.08 202.48
598.9 172.49 623.34 189.6
579.47 170.76 599.51 190.0
604.64 165.99 617.89 195.26
601.82 178.38 621.89 196.87
589.77 164.1 603.67 197.53
598.23 173.87 615.46 207.2
575.59 168.15 622.34 202.8
604.99 176.98 625.83 195.9
586.78 173.63 601.77 203.72
587.14 175.38 605.15 207.96
596.39 181.01 619.59 199.23
608.78 164.8 621.85 196.44
543.11 171.21 554.62 207.02
534.56 175.18 555.48 199.89
538.98 170.29 551.52 208.49
534.13 181.74 556.58 202.94
543.52 177.05 556.4 210.17
530.44 178.07 552.65 201.36
534.52 170.42 548.36 209.3
547.06 172.5 558.68 202.86
545.03 166.91 558.07 204.73
681.29 172.52 752.11 220.17
687.05 170.67 767.96 223.7
1.9576 160.85 307.31 340.33
691.79 157.34 800.73 236.25
695.71 161.05 814.84 250.74
