566.71 184.81 721.28 267.62
684.1 189.32 769.71 243.62
809.61 185.7 871.44 226.18
798.6 167.99 845.14 186.52
788.71 160.51 802.2 193.57
803.32 175.99 809.14 184.33
725.91 186.83 861.97 254.77
738.2 190.07 786.61 203.22
773.17 187.68 781.98 192.91
772.04 152.3 810.74 184.14
751.1 151.84 808.51 193.92
748.08 150.42 784.15 193.1
0.0 116.4 14.42 173.88
518.16 148.59 585.68 164.48
530.58 160.05 563.33 165.36
908.96 166.37 920.77 170.51
713.86 146.55 784.13 194.68
123.91 139.43 301.78 218.04
561.92 185.12 706.97 270.84
581.92 186.2 718.78 259.98
677.34 190.83 766.98 240.02
697.18 191.22 777.29 236.64
664.72 180.47 787.93 244.23
670.93 184.33 756.76 231.84
668.31 192.88 750.04 250.6
694.26 185.22 766.56 226.86
685.96 200.12 771.52 248.14
697.22 196.63 766.7 231.32
682.52 182.47 783.54 257.82
691.56 190.75 753.58 226.24
686.69 195.72 750.05 235.6
722.88 159.37 802.08 193.06
746.64 170.78 811.71 203.02
754.25 171.6 798.5 190.73
767.12 171.03 799.87 193.04
757.6 167.02 801.94 188.16
758.11 170.73 792.84 193.03
766.78 167.5 808.96 188.38
741.25 170.33 798.77 205.67
738.24 160.94 815.04 193.66
768.3 165.58 827.03 205.82
745.23 160.77 804.05 199.7
733.05 152.21 816.97 188.64
526.64 156.95 576.5 177.78
527.76 161.27 576.99 181.91
535.17 157.46 583.81 177.45
108.25 146.19 287.71 213.53
111.35 129.99 282.05 201.08
814.12 179.54 855.34 205.64
818.05 178.61 845.88 203.0
791.67 179.04 829.18 202.64
799.64 179.23 831.09 205.62
803.89 179.52 840.37 202.68
793.63 175.75 828.26 197.98
779.1 174.91 838.53 205.5
814.86 177.96 841.63 200.59
811.97 176.85 844.18 196.42
803.92 176.26 838.48 197.81
796.47 173.16 827.77 190.93
801.66 172.51 829.16 195.22
818.57 174.02 846.28 190.71
811.05 166.52 828.76 204.23
814.91 173.37 839.02 193.7
812.26 173.06 842.82 190.4
808.37 172.42 834.97 193.99
815.48 166.84 832.56 202.83
793.4 169.97 825.37 188.33
783.98 165.66 840.64 205.05
793.63 164.33 857.0 196.15
800.15 166.23 858.18 205.49
768.02 167.76 785.35 204.84
763.18 167.6 781.78 206.11
759.39 167.39 777.99 207.59
810.11 178.64 854.21 220.93
824.47 177.09 852.49 206.53
812.11 180.62 852.42 223.13
822.85 185.19 853.33 224.5
820.08 177.19 853.3 219.6
806.49 183.97 859.16 218.66
800.88 194.02 854.71 226.22
809.4 175.41 862.47 210.28
810.19 189.15 860.68 224.62
808.6 182.7 853.34 231.33
794.1 174.88 852.8 207.46
815.38 181.15 859.92 213.3
820.93 191.5 851.96 230.04
818.11 188.1 855.85 220.44
829.56 177.87 854.4 209.18
816.89 173.72 877.59 210.46
826.33 173.24 852.76 228.51
818.41 195.12 856.67 226.74
807.89 197.3 853.01 229.96
822.84 176.68 875.16 218.54
813.92 183.16 879.19 223.44
813.72 186.33 861.78 231.76
810.07 190.41 856.98 240.92
763.14 172.15 805.92 190.67
783.06 171.38 809.21 193.76
776.44 171.03 806.36 193.46
785.48 164.96 801.74 200.55
789.77 163.68 805.4 199.51
779.96 164.62 797.76 200.09
775.56 164.63 794.47 199.82
753.77 164.16 829.6 197.02
757.6 180.52 799.07 199.94
751.9 181.42 797.52 205.39
758.02 181.63 798.74 210.78
756.23 176.2 797.98 194.05
749.66 179.89 792.71 200.14
751.63 183.9 806.17 212.94
755.82 175.47 788.54 196.54
727.21 177.37 798.66 213.13
747.64 175.32 791.69 194.83
746.09 184.04 795.35 209.36
757.57 186.69 797.17 218.97
750.19 188.39 801.96 216.6
722.05 177.44 782.81 217.59
778.35 180.06 819.19 205.49
784.27 178.87 821.5 200.79
787.8 178.19 816.15 203.18
793.71 176.05 820.91 202.22
796.15 170.4 812.84 205.44
774.48 180.21 810.8 207.95
783.03 179.78 811.88 202.47
804.21 172.25 818.89 212.71
793.8 171.65 808.74 205.19
802.2 169.95 820.09 207.61
779.91 175.82 817.78 194.93
782.31 175.71 810.46 198.96
800.25 168.88 816.23 202.04
796.56 173.28 818.78 195.35
784.86 171.56 800.82 212.63
781.21 171.12 796.82 211.8
790.6 172.1 805.31 205.45
776.03 175.85 806.38 198.59
777.86 171.14 793.66 212.14
790.35 173.17 820.84 189.76
774.04 171.28 789.51 213.14
788.84 172.81 811.33 194.41
784.91 172.4 817.51 190.5
769.32 171.99 784.6 213.21
772.64 167.45 790.1 204.86
773.07 172.42 814.02 191.09
796.34 165.22 811.36 200.62
792.46 165.53 807.55 201.31
803.61 165.43 820.14 200.62
792.62 169.86 814.45 192.39
0.0 127.22 7.0962 188.96
0.0 116.79 7.4452 175.5
889.77 152.69 902.4 186.78
768.6 176.21 801.09 197.46
787.66 175.97 822.28 196.01
798.47 169.79 824.16 192.51
741.17 177.96 855.3 246.02
735.72 191.62 856.29 267.64
783.68 179.38 846.96 233.08
662.84 185.4 761.03 246.36
759.45 178.98 837.59 242.24
792.95 181.27 850.32 224.59
741.51 182.06 835.48 257.63
800.5 183.53 848.23 223.77
768.1 182.13 831.9 227.08
797.36 181.35 850.14 215.1
785.66 181.56 837.28 211.9
798.26 186.28 842.45 230.1
653.99 190.85 742.86 242.14
788.22 178.56 822.58 206.88
751.32 188.8 847.59 248.79
784.02 180.0 824.63 211.57
793.98 179.88 838.67 208.62
733.05 183.56 841.73 257.01
788.68 179.11 845.27 214.84
790.91 186.47 835.18 226.19
808.12 178.71 847.41 210.68
807.71 180.78 832.55 236.83
780.26 180.31 838.86 219.71
