398.56 185.79 456.82 199.44
586.3 180.7 653.63 198.97
592.43 184.25 605.05 188.71
756.93 176.24 928.32 278.88
968.44 176.31 1045.68 192.56
767.39 146.96 858.52 199.21
270.1 192.38 296.73 201.4
484.8 175.97 488.12 184.06
637.76 153.12 644.32 175.38
512.05 153.75 515.41 184.19
478.21 145.13 509.9 213.32
849.44 153.84 954.43 192.95
736.22 149.58 870.23 196.82
164.77 151.75 284.99 221.93
40.82 140.5 251.47 203.96
831.67 134.32 982.17 222.43
161.32 145.26 281.23 232.66
764.79 182.65 941.89 286.02
755.63 172.08 923.52 267.84
759.95 189.93 909.64 280.32
834.82 142.84 977.2 217.82
58.859 125.26 239.47 195.86
720.02 145.79 877.99 208.58
751.11 151.28 870.5 209.32
476.7 160.9 503.16 223.83
485.06 159.59 511.95 231.89
470.61 158.69 496.18 225.58
480.97 153.34 509.94 225.45
781.36 165.67 853.62 194.09
779.34 165.73 846.01 190.28
785.1 164.18 853.39 187.32
773.73 162.55 846.66 196.86
771.86 161.07 847.28 187.54
778.16 164.32 840.26 184.19
780.58 161.03 862.28 191.56
767.74 157.98 838.61 193.92
765.69 150.86 851.55 181.74
969.79 164.32 1049.3 192.58
976.03 163.69 1051.3 190.35
978.24 167.85 1052.9 195.07
958.27 160.24 1041.9 189.47
966.42 163.73 1036.2 188.68
970.09 161.61 1045.3 184.91
983.16 162.88 1059.0 195.78
985.23 161.43 1043.2 191.7
961.93 168.62 1029.1 190.41
949.16 164.36 1035.2 194.67
985.37 162.37 1053.8 186.0
965.79 170.43 1035.3 194.04
987.78 162.39 1058.6 193.7
978.1 160.74 1048.0 179.98
985.83 157.31 1063.5 190.32
955.06 169.75 1041.5 196.77
987.82 168.47 1064.1 198.35
587.55 173.24 650.49 200.12
580.6 171.34 654.01 201.62
591.41 171.19 638.64 198.67
600.6 174.34 655.75 200.75
593.96 171.55 648.34 194.71
605.01 172.37 651.89 193.43
596.6 178.47 649.34 201.44
567.83 169.5 635.28 201.01
585.84 178.31 635.68 201.99
599.33 172.02 640.6 189.65
594.39 174.46 640.29 202.93
590.37 165.54 656.65 204.9
578.52 165.07 643.19 203.39
578.05 175.5 655.12 207.34
593.73 165.16 671.22 198.59
848.67 168.88 938.99 199.31
859.08 160.1 947.7 190.4
857.63 173.84 947.16 211.25
855.67 153.72 948.18 185.32
384.53 179.03 453.05 204.37
388.44 179.03 454.59 204.84
395.91 177.96 456.87 200.58
399.95 180.75 460.66 203.28
412.63 178.97 459.31 199.13
403.82 176.12 454.57 195.4
395.02 177.54 449.94 208.12
394.65 176.28 443.62 202.36
392.18 184.36 452.3 204.92
403.91 176.95 446.61 198.91
418.01 176.99 455.39 194.52
390.96 176.24 437.11 198.0
387.6 172.78 449.78 207.28
383.37 177.82 465.33 209.08
394.52 174.24 463.54 204.37
409.79 166.91 440.24 209.32
415.2 170.48 440.72 216.9
380.43 168.99 457.66 203.5
387.83 166.9 469.3 201.15
380.09 166.51 438.34 207.91
251.63 179.5 300.77 203.15
262.26 181.55 302.91 202.14
266.05 173.13 283.92 211.6
268.61 180.91 298.37 204.88
269.37 174.17 287.42 211.23
260.38 173.03 277.04 215.51
271.56 180.83 309.79 201.09
252.58 178.13 290.98 200.47
256.48 177.97 298.89 196.34
266.46 180.13 304.78 198.86
619.43 172.47 656.04 191.02
629.32 172.84 658.87 190.23
580.47 174.84 621.66 199.06
580.43 173.56 612.87 197.24
578.71 174.51 607.52 193.92
584.99 171.73 624.43 192.91
574.27 175.08 599.16 192.51
576.18 173.04 604.57 190.88
576.11 176.95 601.59 195.1
582.07 172.12 609.61 190.79
582.24 179.15 610.59 198.05
588.85 170.93 621.46 188.1
577.3 171.31 601.24 188.83
579.12 179.02 604.79 197.51
587.6 168.15 604.7 199.85
573.21 171.75 596.08 189.14
586.1 168.59 601.27 198.3
591.72 166.38 606.34 199.21
587.74 173.83 603.9 203.59
596.73 165.32 611.23 199.03
579.67 167.71 606.03 185.69
583.81 168.68 594.55 195.31
585.26 175.18 600.67 204.11
609.28 165.63 624.34 206.8
575.43 168.73 585.66 192.76
579.13 167.74 589.25 193.22
591.29 172.28 606.87 205.19
575.77 167.31 609.25 183.02
582.18 164.39 595.0 190.32
595.58 171.18 611.68 205.59
603.24 166.46 620.63 207.66
576.42 167.25 601.44 185.05
599.32 168.41 616.32 206.65
492.53 173.6 508.81 197.61
479.04 168.76 498.06 201.28
489.92 173.71 506.79 199.67
477.75 170.48 494.68 199.17
482.69 170.12 500.66 197.46
485.29 171.89 502.76 196.13
474.88 171.13 491.51 197.1
472.78 173.04 502.39 193.8
475.48 170.91 503.78 191.04
241.32 179.93 301.76 206.56
584.09 172.51 630.03 197.05
550.59 174.66 576.68 190.28
785.36 167.18 853.86 193.29
1171.0 151.95 1242.0 186.75
548.46 174.25 570.09 190.8
560.9 175.59 585.46 190.44
555.63 174.86 580.18 189.9
568.58 175.73 592.24 191.43
482.23 169.55 495.57 215.46
485.54 170.9 499.58 214.92
545.4 174.07 565.38 189.79
792.26 176.58 952.19 266.33
488.95 171.65 502.95 213.68
777.57 169.91 843.16 194.61
236.67 180.81 299.94 208.6
