282.69 184.06 372.85 205.4
605.21 182.09 648.85 196.12
822.74 154.36 840.49 199.76
808.36 188.43 822.22 193.84
658.21 150.14 723.89 204.12
677.04 179.23 707.9 193.93
838.93 176.48 858.89 218.52
503.28 180.97 529.39 198.86
863.66 150.25 914.23 197.5
899.23 184.22 902.52 189.02
323.96 180.22 385.28 203.74
615.49 205.82 628.39 212.26
456.59 146.44 513.23 208.89
348.95 202.87 369.48 216.76
342.41 176.4 351.82 181.3
1045.75 145.65 1078.97 197.35
904.47 147.45 935.73 199.89
1060.36 146.5 1063.67 187.33
1205.73 185.7 1242.0 203.19
788.93 141.54 817.43 228.19
203.3 181.35 291.38 196.73
303.82 132.35 346.61 244.85
19.6 191.67 32.07 202.03
1193.67 134.14 1213.42 219.64
379.09 134.01 423.39 245.36
1181.59 204.85 1242.0 210.4
0.0 165.24 134.87 210.81
525.33 188.84 705.01 216.14
383.86 157.66 417.6 236.38
393.36 148.52 424.3 222.23
369.46 115.91 435.54 259.05
533.15 163.54 689.05 235.94
444.97 168.55 525.71 209.2
469.18 168.16 491.12 215.31
473.45 168.0 494.49 216.33
466.62 172.43 518.32 198.52
482.4 169.6 501.53 215.5
478.03 169.89 497.69 215.81
461.63 171.37 498.02 208.64
462.89 171.6 509.29 200.99
475.45 166.11 505.41 218.24
467.09 164.81 499.57 216.79
444.07 171.76 510.37 217.67
478.78 154.03 518.57 209.67
459.84 161.16 491.84 216.21
469.7 151.93 512.5 211.23
432.31 168.77 518.36 203.68
439.25 167.47 499.64 215.61
460.65 149.56 502.63 209.95
433.18 160.44 527.21 197.21
454.9 140.74 489.81 205.84
444.04 156.57 509.67 205.53
449.5 151.54 536.9 195.97
12.15 175.49 114.88 206.77
13.446 168.82 117.81 202.8
298.21 147.52 353.15 245.41
308.26 148.04 364.44 247.22
291.41 129.59 357.82 240.42
285.46 143.43 339.88 244.34
837.82 174.4 888.23 193.88
869.33 174.8 906.44 192.83
861.16 175.53 900.29 192.6
851.41 175.82 893.17 192.67
874.78 174.84 913.11 192.01
876.08 173.22 903.36 192.69
878.41 173.06 918.42 190.79
856.64 174.46 889.13 193.87
865.21 174.02 894.41 193.31
883.56 174.53 923.47 192.04
874.44 172.14 910.95 188.53
883.11 168.01 896.39 195.86
885.82 168.25 898.93 195.67
868.83 171.04 906.47 189.11
887.24 171.54 917.99 192.05
880.82 172.35 908.33 191.22
849.81 171.92 892.43 189.86
871.35 171.2 899.96 192.18
879.8 167.21 891.93 195.15
884.03 169.99 922.3 188.95
888.63 169.96 900.79 198.04
848.08 164.37 931.32 198.09
844.17 163.73 907.23 196.67
861.68 161.64 924.01 199.12
857.9 170.59 932.99 198.97
656.16 173.52 700.67 192.8
663.54 173.75 700.68 189.2
666.09 172.13 702.43 186.23
646.32 171.39 709.14 197.12
669.87 173.3 701.45 191.77
674.19 172.79 704.89 189.77
676.52 170.79 706.92 186.6
660.2 168.99 700.73 184.1
632.56 164.47 707.59 195.34
659.99 168.99 724.44 197.74
656.73 163.27 726.98 193.08
634.38 173.53 702.84 201.64
668.0 167.44 740.86 198.29
647.3 160.1 713.96 192.19
656.22 172.37 730.06 201.44
668.01 160.38 744.98 192.57
657.8 155.4 731.52 189.49
270.89 176.28 375.5 209.48
265.73 175.26 361.42 204.54
288.08 178.22 365.46 204.41
297.07 175.65 369.15 201.68
290.75 179.45 380.37 211.1
303.83 178.86 377.58 204.11
278.78 174.02 357.41 202.57
275.41 170.85 355.48 211.06
268.25 183.47 378.4 216.03
290.62 172.15 359.43 198.53
301.42 172.9 366.88 196.63
279.11 178.8 352.49 206.01
300.52 173.1 358.29 203.87
300.94 174.8 383.07 206.7
290.99 173.33 352.86 207.77
303.04 183.98 376.31 208.76
287.18 183.51 364.69 208.85
267.92 168.27 369.79 201.81
296.98 169.65 347.14 200.82
285.95 171.65 354.66 193.08
304.64 182.86 385.84 217.94
290.2 165.8 383.54 200.14
261.2 187.01 379.82 223.14
880.63 165.71 961.32 198.03
1023.5 171.51 1083.9 190.08
1037.0 169.77 1075.9 194.28
1021.2 164.27 1088.7 197.15
216.08 180.55 317.1 212.6
223.68 175.67 313.47 206.5
599.99 178.52 652.39 197.92
591.92 178.57 640.1 197.74
595.36 176.39 647.91 196.02
605.71 178.08 650.12 194.8
593.94 175.23 655.03 199.86
602.11 176.55 650.87 191.18
595.37 178.34 628.89 197.8
610.41 181.2 653.41 197.5
604.51 181.87 650.81 200.05
617.7 180.05 660.29 197.66
603.73 175.47 644.86 193.67
618.02 170.66 631.23 203.8
592.79 175.36 638.77 190.83
621.17 169.14 635.03 199.35
624.27 170.84 638.67 199.97
619.69 177.57 660.62 194.55
618.08 178.34 650.44 196.14
626.91 179.69 665.87 197.06
594.6 181.0 635.65 200.93
590.58 177.25 660.2 206.06
602.91 171.73 660.54 199.35
588.26 172.74 647.12 205.61
612.92 166.17 637.1 210.1
605.05 163.27 631.05 210.67
618.51 165.52 642.94 211.23
603.65 175.0 664.39 207.59
598.08 159.4 623.8 213.98
822.1 174.21 874.01 195.66
818.51 175.85 859.2 193.84
831.81 170.5 876.89 200.38
822.53 174.91 852.63 195.06
828.46 173.21 864.73 197.09
840.4 168.2 857.56 212.63
845.96 172.76 884.01 195.22
842.26 165.27 860.91 213.49
818.22 174.82 846.81 195.48
836.77 170.27 867.9 204.16
838.55 170.48 881.03 194.91
845.83 166.43 864.4 213.58
833.8 172.23 861.29 201.49
838.42 169.7 852.31 208.6
848.05 162.46 865.02 206.59
850.06 165.09 868.55 210.52
836.19 177.07 882.69 197.31
828.74 172.72 854.14 199.59
826.95 174.14 849.47 197.52
855.53 164.49 871.11 203.14
843.6 173.79 879.74 199.42
834.04 169.69 846.62 206.36
830.65 171.19 843.39 202.71
838.86 165.77 851.47 201.01
841.61 175.56 856.47 215.65
845.12 162.36 860.64 200.7
837.44 174.2 861.04 207.85
827.11 166.1 878.98 202.42
852.93 161.8 868.64 199.39
860.05 166.53 874.35 200.21
826.93 168.68 838.27 197.97
822.34 169.59 833.39 197.7
842.33 163.75 856.5 198.38
830.59 165.9 843.69 194.1
826.31 171.21 839.87 202.97
864.69 168.77 878.28 198.99
852.96 169.52 871.78 207.68
834.81 165.38 846.52 194.59
821.09 166.03 835.04 192.63
840.14 159.43 868.67 214.18
839.92 153.57 875.6 208.3
834.23 152.59 868.08 208.98
847.12 159.41 876.31 211.58
831.78 158.4 856.29 215.22
836.83 162.17 862.36 226.61
828.91 170.29 878.58 212.02
821.5 156.84 847.01 213.18
856.39 157.29 883.86 209.98
656.49 176.04 696.05 195.34
651.25 176.81 690.21 196.17
657.54 173.74 687.64 194.96
668.23 176.49 704.06 193.98
659.88 172.98 693.24 191.75
669.65 167.6 683.89 199.5
663.5 178.19 698.18 194.85
672.62 168.66 686.99 199.34
674.93 169.66 690.01 199.29
656.48 171.33 693.9 188.26
667.52 158.97 693.11 208.06
663.4 156.8 686.96 205.86
1196.2 178.94 1242.0 218.75
1194.0 185.97 1242.0 227.79
803.38 176.13 839.66 192.99
809.02 176.18 848.22 192.81
799.09 176.16 830.21 193.4
812.96 174.74 852.97 190.74
820.87 174.71 864.89 191.49
812.34 175.44 841.47 194.48
805.17 173.39 838.4 188.77
810.7 173.23 846.72 188.39
800.81 173.26 830.11 189.37
806.91 171.72 818.45 198.1
804.33 171.85 814.88 197.47
819.87 173.25 857.59 188.18
810.35 170.56 822.06 198.06
802.98 175.91 823.83 195.75
817.92 167.3 830.73 194.17
814.63 170.12 826.23 198.07
804.79 178.32 842.81 196.02
805.67 172.95 817.78 204.98
806.75 175.5 832.36 196.84
808.5 172.79 821.64 205.13
805.45 167.96 819.44 193.69
825.39 174.26 856.15 191.36
801.97 167.78 815.98 194.72
813.3 166.75 828.11 192.18
817.68 172.45 830.46 200.98
830.23 173.44 861.6 191.47
809.1 166.63 823.52 192.22
810.5 167.9 836.89 187.49
796.88 175.6 815.53 195.23
816.01 160.95 832.16 193.55
797.66 164.62 864.36 202.6
808.0 148.22 841.71 208.33
800.57 147.89 833.2 207.01
827.18 148.59 857.2 207.96
817.56 148.22 848.83 209.09
812.3 158.06 839.64 212.13
804.85 156.63 831.01 210.13
798.69 156.56 823.07 212.67
795.3 146.68 826.03 208.41
787.01 145.97 816.61 211.28
777.58 143.83 808.86 214.75
791.14 154.82 815.0 213.73
781.45 153.62 807.84 218.15
770.64 143.26 801.95 211.56
315.67 176.85 379.6 201.43
315.68 181.07 385.15 206.46
327.73 179.18 382.91 200.96
318.16 173.95 373.27 197.18
313.02 175.67 371.93 206.38
310.93 171.35 360.48 198.09
316.53 174.89 393.95 205.53
313.04 176.85 382.92 212.8
337.6 167.71 363.63 218.48
329.59 174.03 408.62 205.51
332.58 179.62 409.08 212.11
336.39 163.29 366.68 211.5
345.94 164.72 371.41 217.18
300.78 160.44 410.67 226.26
309.58 162.99 384.48 203.38
477.58 176.89 545.14 200.23
491.16 176.75 544.02 196.01
489.87 179.3 541.21 200.8
481.02 173.98 546.63 192.42
484.78 182.1 542.79 204.12
486.4 169.39 505.16 214.66
491.45 165.06 507.77 212.01
492.55 174.74 545.78 190.39
495.02 167.08 511.05 210.77
483.12 166.61 510.07 218.87
480.2 172.08 551.26 201.1
489.56 164.51 516.46 217.08
497.55 165.28 521.91 211.94
505.07 159.24 529.45 210.83
1214.4 161.85 1242.0 202.65
1214.2 169.5 1242.0 209.8
1214.5 177.54 1242.0 219.77
1212.5 185.34 1242.0 228.26
1221.4 172.77 1242.0 226.84
1221.0 164.3 1242.0 216.5
1198.2 163.25 1242.0 201.29
1198.8 170.54 1242.0 208.41
1181.0 165.85 1242.0 201.83
1204.6 176.45 1242.0 225.12
1211.2 152.17 1237.4 244.52
795.47 176.26 822.24 193.42
790.67 176.21 816.47 192.94
785.37 176.17 809.95 192.85
789.34 173.82 811.97 191.92
785.25 172.63 807.1 191.53
793.47 172.52 821.09 189.26
800.83 170.52 810.82 197.2
786.04 169.16 797.95 194.98
796.2 170.22 806.11 196.31
802.64 172.49 814.05 205.07
791.01 168.81 802.63 194.96
783.06 178.09 800.8 195.11
798.03 167.0 811.81 195.45
794.06 167.01 807.23 195.23
786.4 173.59 797.51 199.25
799.02 170.75 810.34 205.29
785.74 165.05 844.83 199.85
0.0 171.69 21.416 226.25
0.0 176.91 30.59 221.25
874.9 167.84 886.86 196.26
452.67 173.88 539.17 204.28
462.49 175.68 536.87 201.08
830.39 172.18 886.8 196.97
746.0 179.07 769.65 193.14
780.27 176.28 803.82 192.9
772.59 176.21 795.8 192.6
471.14 174.62 540.49 197.4
755.5 178.24 776.91 193.52
763.87 177.1 785.32 193.15
777.11 175.33 799.15 192.61
455.74 173.98 531.28 196.83
750.2 178.56 771.84 194.12
767.79 177.05 789.83 192.75
770.64 175.1 792.0 191.69
817.28 171.81 890.77 201.39
446.21 177.31 537.26 212.24
745.14 177.08 767.61 191.06
