539.88 184.81 560.74 227.74
639.94 192.36 647.17 206.29
633.69 185.05 637.18 198.34
476.13 142.33 553.61 237.44
588.44 175.85 598.22 193.51
0.0 195.04 169.77 303.7
548.48 177.3 553.64 186.39
505.96 153.85 508.5 167.46
372.3 161.92 433.01 229.3
646.68 195.8 651.22 209.52
68.85 187.89 301.38 308.86
0.0 183.8 248.5 375.0
23.134 177.57 240.47 356.02
481.99 117.43 547.71 259.26
466.16 135.23 578.28 234.79
452.43 159.92 576.63 239.99
462.01 122.33 531.82 257.61
479.0 153.99 570.33 247.57
597.62 156.46 613.34 204.64
595.48 159.44 610.03 211.17
383.24 148.78 440.14 254.48
348.78 169.99 447.2 230.66
377.73 149.49 428.34 248.24
368.49 156.35 421.16 254.7
395.14 141.98 454.19 251.31
69.42 173.18 314.23 326.92
2.8769 186.31 170.65 284.3
17.409 202.32 164.95 293.24
0.0 218.21 161.05 305.94
