949.08 139.81 1046.77 310.91
1218.1 118.32 1242.0 248.9
845.47 203.88 905.47 268.18
1232.41 137.39 1242.0 195.53
1235.17 177.95 1242.0 195.47
1236.11 161.35 1242.0 195.49
1137.53 118.41 1242.0 247.66
1241.88 215.31 1242.0 248.16
1125.26 235.06 1242.0 361.79
858.79 206.91 938.74 279.23
919.23 206.38 947.48 268.57
854.12 184.22 874.9 207.92
974.39 241.14 1063.65 372.84
1162.0 142.96 1241.0 238.59
1151.1 113.95 1224.4 271.41
1115.7 143.16 1241.0 243.65
1136.4 132.39 1241.0 223.87
1149.2 133.65 1241.0 251.4
956.07 145.44 1044.6 328.0
942.35 161.3 1058.0 319.08
941.81 152.27 1025.5 312.5
964.02 151.5 1025.8 291.82
979.23 228.55 1040.5 360.53
996.09 230.07 1060.9 366.43
1223.7 143.94 1241.0 245.56
1208.9 135.41 1241.0 258.99
1214.1 123.64 1241.0 239.88
1201.0 127.7 1236.1 237.72
1125.1 254.91 1241.0 375.0
847.76 208.49 941.53 253.72
848.55 160.7 896.21 182.23
845.19 164.35 892.61 185.44
835.19 208.57 920.39 252.2
827.74 201.85 908.85 246.28
1233.7 195.2 1241.0 229.57
1230.1 198.4 1241.0 224.19
1231.1 202.09 1241.0 228.04
1234.4 202.44 1241.0 235.21
1237.8 194.54 1241.0 253.49
1236.0 157.14 1241.0 214.27
1236.2 145.67 1241.0 202.56
1217.2 147.56 1241.0 207.49
1206.5 146.97 1241.0 190.58
1233.7 156.0 1241.0 188.94
1229.9 158.83 1241.0 184.3
1207.0 140.08 1241.0 182.28
1216.7 134.64 1241.0 191.28
1230.4 151.12 1241.0 176.85
1207.1 131.5 1241.0 173.5
1233.5 148.32 1241.0 181.29
1236.5 134.3 1241.0 191.82
1223.7 137.79 1241.0 215.22
1214.9 117.57 1241.0 174.45
1214.7 141.51 1234.6 219.37
1232.4 136.22 1241.0 206.88
1219.1 137.92 1238.1 215.03
1227.9 133.13 1241.0 212.18
1211.1 141.32 1229.9 218.04
1208.0 144.87 1226.2 219.2
1207.8 133.79 1225.5 207.02
897.83 195.0 940.6 288.92
899.79 181.65 942.62 264.42
904.45 197.46 927.23 266.17
900.8 198.11 923.17 266.62
908.72 199.73 930.58 265.53
1233.6 163.81 1241.0 196.94
1229.7 166.72 1241.0 192.15
1233.6 171.69 1241.0 205.01
1229.7 174.69 1241.0 200.06
1233.6 179.41 1241.0 213.42
1230.0 190.48 1241.0 216.24
1230.3 182.57 1241.0 208.01
978.92 144.48 1060.1 318.4
954.09 145.67 1075.2 311.13
994.18 152.73 1054.6 288.79
993.69 146.37 1068.0 300.78
1006.7 152.04 1065.6 283.8
973.46 144.86 1085.0 288.64
983.17 155.95 1040.2 289.7
987.13 156.63 1061.3 251.49
1004.5 143.67 1077.9 312.22
920.54 156.82 1049.5 302.68
