437.23 174.55 524.09 238.14
556.8 170.1 627.95 236.56
302.14 184.94 488.82 279.56
488.45 175.23 531.91 220.43
536.61 183.4 555.89 201.88
530.42 176.17 541.55 217.02
409.98 173.96 447.2 196.96
545.55 166.51 556.89 175.43
407.01 187.17 413.09 192.46
320.66 172.49 387.38 219.84
363.75 165.22 385.53 178.29
353.18 168.79 377.67 177.81
382.05 174.96 408.51 193.33
398.77 194.69 404.1 199.73
377.76 180.69 392.99 199.55
396.8 175.42 410.34 183.73
463.4 181.78 487.36 186.33
341.13 168.15 370.04 177.65
616.4 147.36 722.12 204.18
317.15 188.6 483.92 289.41
320.38 206.31 469.58 295.89
315.45 182.34 469.24 255.13
552.61 172.61 627.48 239.59
548.38 175.2 619.38 229.02
564.49 164.32 617.76 244.55
544.81 176.13 603.51 220.09
560.82 172.06 628.1 224.01
555.75 165.98 606.38 244.08
539.39 169.38 634.77 244.6
563.96 174.87 617.99 217.09
565.97 177.59 613.04 251.01
553.91 172.34 604.02 212.07
552.79 190.41 625.43 243.96
579.75 167.63 620.65 245.07
564.2 174.91 603.91 210.99
557.91 152.81 619.89 255.5
572.02 165.34 612.38 229.01
574.53 174.63 615.5 212.2
555.67 179.28 603.51 212.94
531.38 178.53 645.78 249.83
567.31 176.47 612.79 215.69
571.34 179.84 622.4 215.15
573.9 181.53 619.06 258.36
574.52 173.92 633.43 222.02
568.54 178.49 627.21 233.23
573.94 182.67 629.01 245.25
566.0 194.36 631.88 244.28
532.87 151.01 637.26 238.25
565.64 156.75 603.88 222.54
539.73 181.61 606.0 236.97
426.59 177.91 518.08 242.11
451.72 177.36 526.97 235.03
418.41 181.66 503.52 226.2
411.63 184.13 509.13 238.33
432.64 175.76 509.77 231.14
432.44 165.86 531.36 240.4
419.27 174.37 527.54 251.31
459.02 172.96 505.81 252.24
439.38 186.63 523.71 244.6
455.87 165.72 502.06 231.4
417.07 182.34 505.78 260.27
446.0 154.13 512.94 257.18
450.69 177.76 503.81 262.47
440.72 174.66 502.1 217.73
452.33 170.05 545.3 246.54
462.89 151.65 522.67 260.03
434.75 177.29 532.89 263.01
434.16 186.16 499.62 220.47
456.7 173.6 516.49 217.06
640.96 148.79 733.96 187.1
640.74 141.74 732.5 179.55
345.42 179.13 402.9 201.19
295.13 183.95 377.74 217.57
339.35 180.01 408.52 205.0
309.56 181.97 407.15 216.96
304.41 187.48 364.0 217.94
319.15 185.53 413.07 220.73
333.58 183.72 403.56 207.99
310.97 184.19 368.66 215.16
330.72 188.87 407.39 217.74
319.11 180.08 369.14 204.3
334.69 179.53 385.05 200.99
326.42 178.46 373.48 200.77
346.2 177.17 391.24 207.56
323.32 183.55 377.7 208.42
313.79 171.57 411.86 206.64
319.08 187.5 380.73 217.85
328.04 180.74 389.92 204.49
297.17 169.46 389.24 203.62
324.41 185.26 403.31 214.02
340.55 176.72 388.83 195.91
326.13 182.11 409.77 231.06
306.71 178.78 382.33 220.29
314.7 175.05 393.32 215.91
312.84 179.07 398.25 228.4
303.6 159.81 400.86 197.01
319.0 166.81 402.08 213.52
304.73 166.42 380.7 209.32
312.2 183.52 401.18 243.47
471.28 175.73 535.65 226.29
512.41 173.63 557.7 210.55
490.9 171.49 548.54 219.89
501.41 173.34 548.35 213.41
500.54 172.62 556.03 213.71
493.22 174.47 538.77 214.28
479.01 174.35 541.42 218.54
496.39 179.08 542.28 220.6
508.82 177.8 553.25 214.1
505.47 179.88 547.64 218.54
504.71 171.63 533.61 224.53
502.8 168.94 528.0 221.0
509.48 169.8 536.86 222.2
495.1 171.28 527.05 233.08
485.82 169.82 522.07 234.8
503.16 171.55 535.93 231.27
494.21 174.07 529.88 209.56
483.94 178.0 535.46 219.34
510.55 171.66 543.35 227.24
507.81 170.87 529.08 216.32
497.9 168.23 520.59 218.28
479.52 169.06 515.81 230.1
497.42 172.22 526.27 228.33
513.5 171.89 534.07 215.52
468.8 181.46 532.42 235.05
481.79 180.33 530.65 212.98
513.74 171.04 550.96 205.92
467.65 165.93 508.03 229.08
507.92 172.14 547.82 201.63
502.58 167.17 523.15 214.16
493.67 169.46 522.55 224.59
494.4 167.91 515.43 219.06
499.75 172.17 539.21 201.87
488.7 176.21 527.35 205.12
491.98 184.45 538.48 227.56
501.63 176.94 529.54 230.51
479.76 178.15 525.55 208.09
476.34 182.73 532.91 225.93
488.51 172.8 518.85 227.92
507.04 180.72 532.66 230.05
500.59 167.02 518.07 212.38
514.24 177.27 539.08 226.89
501.29 186.76 540.89 226.14
484.81 177.08 542.59 232.49
497.1 173.35 526.35 204.45
492.58 177.43 524.26 234.48
491.09 169.42 510.63 216.32
496.73 167.18 531.86 224.7
480.33 177.95 517.4 202.6
469.98 180.82 521.45 212.13
470.03 185.56 525.47 220.98
470.07 174.38 525.69 216.2
471.67 179.18 516.28 206.61
496.93 164.36 513.26 212.92
510.53 154.58 547.47 225.56
485.86 169.58 514.28 223.42
494.38 173.66 529.86 199.23
489.93 164.53 523.23 225.37
503.23 154.56 538.46 223.97
486.27 162.77 557.39 204.89
495.82 179.44 548.97 231.23
481.75 162.99 543.75 211.05
393.97 175.26 454.39 207.54
391.88 176.34 460.71 210.32
401.8 177.01 465.27 205.91
391.34 173.62 455.5 220.29
388.43 175.46 443.84 204.37
394.79 173.85 436.89 206.03
413.89 178.41 472.23 205.86
412.06 177.69 457.97 204.61
398.86 172.43 449.16 202.54
391.51 176.77 440.09 211.61
406.74 166.26 426.74 211.22
402.44 174.96 469.07 208.58
402.44 169.61 423.33 218.72
408.83 167.75 431.73 218.16
426.69 178.43 467.16 200.87
403.64 167.61 421.45 209.86
392.55 172.86 440.83 199.44
416.05 167.31 437.15 210.77
407.61 173.46 454.27 200.95
421.06 167.9 440.62 214.36
390.47 178.14 428.47 201.63
394.29 180.13 462.08 211.74
425.23 178.02 457.71 202.52
391.61 177.33 423.64 207.06
410.25 166.79 430.64 207.97
416.45 168.03 439.76 221.14
397.07 186.18 467.03 215.34
425.15 174.92 460.28 197.32
406.0 167.23 436.62 220.48
425.77 169.88 443.43 212.57
388.58 186.94 450.87 213.7
403.23 172.75 448.01 192.71
435.04 176.45 461.22 197.2
430.05 170.85 446.31 211.17
396.85 174.0 426.91 201.8
393.47 183.03 444.17 218.19
401.35 182.51 455.11 217.16
389.77 179.57 432.21 215.18
404.1 191.26 471.47 217.7
413.27 172.57 436.47 222.29
434.59 170.96 450.6 211.26
395.86 172.86 436.73 192.68
422.13 175.91 452.48 200.84
400.77 165.19 428.32 218.12
415.1 165.3 446.28 213.0
431.01 164.19 462.86 219.11
423.54 163.84 454.28 214.18
388.87 166.38 470.17 201.88
388.59 166.8 448.95 206.82
403.48 155.3 444.62 215.03
398.25 160.54 425.9 211.36
521.96 176.98 558.97 207.71
526.08 179.46 563.88 204.56
530.98 178.23 562.29 200.67
518.3 173.15 573.43 211.22
521.09 173.15 554.86 203.16
526.52 174.9 558.47 197.65
534.85 175.86 562.19 196.11
535.9 178.6 570.38 203.32
531.77 173.99 552.87 216.2
526.56 170.8 550.84 219.01
515.92 169.04 540.55 218.76
513.32 171.33 563.41 213.82
528.76 180.9 560.78 211.08
543.96 178.03 572.5 198.92
542.1 177.43 565.62 201.65
536.36 175.38 555.48 215.63
550.18 176.14 579.63 206.73
520.13 168.06 545.33 218.34
552.75 176.75 575.59 199.79
545.66 175.62 572.65 194.56
528.44 169.63 549.62 208.78
543.91 175.43 566.44 197.69
517.37 170.61 549.16 225.43
539.33 179.26 579.94 207.15
553.11 171.39 574.76 218.76
543.19 173.29 557.95 209.92
539.05 173.24 554.28 206.39
534.43 171.33 551.12 204.54
557.74 168.75 576.54 217.2
561.4 166.98 581.24 218.76
528.14 173.72 557.8 191.86
551.74 170.27 566.14 213.07
551.47 173.48 578.81 191.79
518.01 182.11 559.0 213.33
535.11 173.03 562.1 192.02
519.03 175.47 543.55 223.8
548.69 172.01 561.22 206.94
545.12 171.53 558.88 202.65
529.57 174.22 554.11 195.22
523.61 175.21 548.08 221.87
527.89 167.09 555.35 219.39
553.32 171.56 564.96 206.73
520.89 172.59 555.69 193.45
557.73 170.36 570.34 207.09
561.14 170.36 574.79 206.88
541.34 173.41 563.55 194.72
540.37 180.13 570.52 209.2
541.36 172.85 569.7 191.98
515.8 169.48 532.32 210.41
512.42 178.37 570.27 219.38
556.42 175.41 578.34 224.65
517.89 172.23 551.68 197.56
547.97 172.04 563.28 217.16
551.34 175.42 571.94 222.44
527.85 176.01 575.23 222.45
545.23 163.87 573.29 220.82
360.06 181.54 410.82 204.49
399.61 169.64 417.81 217.99
397.84 170.77 413.21 214.63
357.9 179.35 406.49 199.83
355.88 177.64 394.13 204.89
400.1 170.47 416.04 208.91
361.09 177.81 401.66 207.58
375.48 169.82 392.35 217.78
378.39 171.16 397.28 221.09
373.25 179.72 406.26 206.85
383.52 173.18 400.79 216.32
371.7 170.78 388.05 215.58
379.62 173.84 395.86 214.38
394.61 171.71 408.79 213.5
365.16 179.98 406.68 210.77
368.48 170.78 384.11 214.25
370.74 179.4 409.67 200.58
391.92 174.86 408.98 221.28
389.62 173.54 404.29 215.53
352.65 176.44 388.69 201.29
364.38 170.47 380.56 214.96
359.93 171.91 378.4 220.59
379.77 178.93 411.02 206.02
361.0 176.36 394.02 199.57
390.02 178.72 417.11 204.08
365.6 184.67 409.83 219.83
369.09 166.12 398.4 221.8
389.75 164.62 416.54 217.85
443.86 183.37 501.22 211.73
443.1 175.44 473.38 193.47
444.94 178.62 475.43 200.99
446.92 176.46 471.01 195.81
448.04 169.76 463.59 204.89
439.5 181.35 489.91 204.75
453.73 179.85 503.58 206.29
451.71 169.4 466.94 205.32
440.87 173.43 469.73 190.28
463.97 179.15 496.31 201.14
437.44 172.31 508.0 209.2
349.29 177.85 402.16 196.77
382.78 179.89 427.51 203.78
374.38 180.85 419.84 203.09
357.83 192.9 420.17 218.29
361.32 185.05 421.06 210.82
369.59 172.88 432.83 208.72
321.43 176.84 355.19 202.34
537.1 169.71 564.51 229.1
517.3 153.94 553.27 223.11
529.6 163.4 557.69 237.47
539.14 166.39 567.5 240.94
526.05 154.79 558.21 221.13
536.1 153.23 566.36 220.43
556.2 176.27 581.92 200.22
405.29 172.49 428.56 223.55
359.48 183.02 504.38 267.59
407.52 180.61 490.02 221.52
400.73 180.63 475.37 217.41
405.38 177.92 514.79 244.81
408.0 176.73 480.19 213.22
375.27 178.18 460.49 214.94
419.6 177.92 493.03 216.55
408.31 176.88 479.33 233.11
359.03 179.47 486.57 252.3
382.17 181.98 495.18 285.1
541.05 172.55 598.54 212.54
362.43 181.33 447.74 215.36
447.07 170.09 496.56 250.5
336.7 179.92 470.45 277.87
533.54 172.87 586.63 211.28
552.18 177.75 588.27 198.45
331.53 182.98 424.34 214.19
554.99 175.53 584.87 193.87
292.18 195.32 457.31 285.11
397.82 175.0 467.32 231.46
471.05 174.31 512.33 246.8
536.6 176.52 591.28 217.04
383.33 181.06 464.2 221.45
323.73 178.27 420.35 210.42
404.21 173.6 504.26 269.28
