593.41 183.13 612.72 187.58
320.6 200.81 370.55 204.98
320.96 194.56 348.1 199.83
0.0 187.21 64.37 259.14
0.0 221.85 64.58 260.44
466.05 161.24 468.85 188.35
297.63 182.59 327.82 201.81
317.29 168.62 339.37 177.82
565.09 161.55 571.11 167.2
217.46 207.47 280.66 218.61
410.78 151.15 437.97 196.02
217.71 161.11 288.72 213.19
284.04 205.1 329.88 211.06
292.44 155.39 307.21 193.96
526.74 193.67 566.82 199.37
168.59 146.65 201.71 207.72
879.26 144.69 980.65 190.4
887.82 148.06 923.69 186.06
920.96 145.41 1001.88 180.84
31.11 221.0 129.21 237.88
1201.25 194.22 1242.0 213.33
1088.17 130.11 1242.0 240.84
209.03 183.03 287.01 219.05
215.05 177.68 280.04 223.48
237.6 186.3 284.99 209.11
214.58 176.63 292.58 215.26
224.08 185.52 284.37 224.91
222.18 185.0 274.54 208.08
227.0 186.02 267.97 216.76
231.2 168.92 266.06 230.12
230.12 174.67 289.45 221.04
239.82 169.71 272.31 227.03
208.15 169.27 294.16 209.63
197.63 172.55 283.84 217.5
238.47 181.67 293.78 222.5
230.42 176.97 302.86 212.06
241.22 184.32 309.7 217.15
221.63 167.79 280.61 217.49
205.05 168.72 270.8 222.23
206.18 182.1 267.91 222.84
231.62 168.62 304.91 203.12
230.21 143.58 266.98 227.3
238.91 143.36 272.81 226.34
194.63 164.45 285.27 208.45
206.72 162.5 291.77 200.17
0.90972 203.57 50.861 258.35
0.0 209.95 62.93 260.49
0.0 204.97 41.936 248.91
3.2865 205.58 71.432 248.47
0.0 194.77 41.557 254.87
6.6791 199.87 49.918 275.24
0.0 201.49 45.262 244.51
7.5889 210.73 80.786 253.2
1.603 212.08 39.274 257.21
13.505 193.49 39.654 253.16
7.2319 190.9 46.665 263.34
0.0 211.2 47.755 244.96
2.9567 194.65 39.7 241.22
5.7239 206.29 70.771 273.27
19.622 191.98 41.349 249.14
4.7113 199.06 45.837 244.93
3.7731 211.38 65.318 243.13
14.925 201.51 58.958 279.72
0.0 204.06 47.731 239.03
0.0 212.81 49.11 283.48
4.3386 206.4 56.067 248.11
0.0 186.18 67.482 272.21
24.978 191.12 46.061 248.32
0.0 173.72 45.207 278.41
18.203 187.42 55.647 264.45
8.3091 201.0 84.295 238.53
0.99156 189.68 56.123 245.45
13.085 212.53 71.728 238.36
18.832 205.95 62.126 244.79
13.421 204.57 41.075 263.17
0.0 168.17 77.483 258.26
17.27 202.81 54.153 241.81
24.531 199.92 66.795 284.43
0.075012 191.03 69.306 233.69
12.833 198.35 75.751 246.12
0.0 212.72 44.846 264.74
23.504 197.1 85.131 242.09
11.518 161.7 48.059 261.12
24.752 187.08 87.419 233.74
15.737 187.71 78.113 237.82
0.0 188.41 46.77 234.75
0.0 179.7 57.557 234.28
0.0 177.84 40.992 237.82
890.22 156.66 982.01 194.22
885.13 164.18 974.8 201.69
896.06 151.34 987.49 188.61
869.63 163.83 956.16 201.68
871.35 156.18 957.8 195.74
877.8 151.79 966.36 189.73
903.3 164.22 995.13 202.47
897.51 152.24 970.52 197.33
893.33 170.22 981.28 206.05
893.21 159.35 963.65 204.14
887.09 144.44 980.21 181.09
902.61 165.26 967.47 210.07
875.38 143.86 965.01 183.31
1065.8 154.29 1241.4 227.86
1105.4 139.16 1242.0 216.79
169.52 162.45 184.05 207.1
169.98 155.49 185.19 199.62
943.59 168.6 988.03 190.41
915.07 155.77 1001.3 195.11
907.05 159.52 977.1 204.22
922.45 148.92 1009.3 188.44
924.38 163.99 1009.5 202.95
928.72 154.4 1018.3 196.22
924.21 160.42 990.88 205.1
932.18 152.75 998.67 198.54
1.5096 213.41 76.847 265.33
0.0 217.98 44.627 249.58
1.4216 221.38 38.722 265.8
0.0 222.01 58.983 270.34
2.7991 220.76 82.679 272.48
10.909 218.53 89.989 264.46
15.599 211.07 79.232 285.82
0.0 230.46 60.136 283.67
899.45 158.39 917.34 204.59
891.97 159.59 909.46 202.95
895.84 159.78 913.26 203.33
879.31 152.61 946.57 198.59
863.11 150.45 947.16 190.54
873.69 158.83 937.19 204.2
866.56 153.29 928.77 200.5
427.62 175.95 454.54 189.29
435.62 176.34 457.91 189.01
420.08 175.57 447.97 188.76
433.79 174.0 457.93 187.49
436.71 172.92 447.83 194.63
413.32 175.41 442.58 188.4
430.63 173.84 453.13 188.33
405.41 176.57 430.35 192.25
411.12 174.36 434.54 189.92
436.58 175.9 449.44 199.85
405.56 174.29 436.62 187.08
426.88 172.59 456.44 187.72
432.52 172.13 443.81 194.73
434.41 176.52 447.03 200.31
299.13 170.9 319.49 211.67
311.4 171.93 331.71 216.47
306.66 168.46 326.18 212.87
302.49 168.22 322.99 211.34
309.63 168.73 329.94 209.66
295.46 176.82 329.18 203.83
296.09 161.77 321.84 218.29
29.753 198.42 116.84 231.87
29.51 205.52 113.09 237.4
42.522 196.75 132.49 230.53
300.68 181.08 360.48 209.4
299.83 181.75 360.84 209.34
311.59 181.45 361.52 203.73
302.22 178.35 356.65 203.29
304.38 186.72 358.33 211.35
298.85 185.0 367.21 214.87
307.84 175.96 357.57 197.4
304.47 180.35 375.1 211.69
321.89 181.4 361.41 200.07
313.36 185.81 364.42 208.48
334.24 176.12 351.07 211.11
321.47 176.0 346.07 223.41
317.44 177.5 359.39 195.94
323.16 184.56 365.17 206.39
328.28 176.45 347.53 220.51
332.16 178.18 352.36 217.07
300.06 190.54 351.52 212.56
337.86 177.5 355.0 210.43
320.04 181.9 392.55 215.26
326.52 176.01 352.22 227.19
314.32 181.26 373.6 218.1
294.76 188.66 368.23 222.48
297.61 182.0 358.13 219.45
325.81 176.8 386.98 212.06
307.52 191.04 384.76 226.06
327.99 181.25 388.43 222.7
322.87 171.49 340.85 217.51
325.68 171.61 343.69 213.12
319.62 171.35 337.47 217.26
315.8 172.15 334.32 216.65
317.29 174.28 342.56 221.7
329.87 172.35 347.36 212.81
310.11 171.26 337.67 218.07
324.31 180.15 344.37 220.59
309.88 173.69 356.51 192.51
317.46 169.74 352.82 214.88
537.43 171.86 562.83 188.94
539.1 169.27 565.48 187.85
543.77 172.26 569.8 188.66
532.71 175.59 561.04 190.74
540.21 174.53 566.03 190.12
290.37 178.47 349.1 207.06
294.33 176.1 338.4 206.5
292.43 174.95 346.1 198.98
294.57 182.97 350.06 210.85
292.87 172.39 335.63 201.06
291.1 171.98 345.08 193.46
282.45 173.75 352.83 205.67
311.37 167.64 347.46 213.49
303.65 165.79 339.78 214.29
302.87 167.99 330.15 220.8
297.91 160.08 333.53 214.81
234.19 197.21 282.44 217.21
222.38 196.8 276.12 217.63
230.77 200.4 277.97 219.2
229.59 193.0 280.13 215.63
242.41 194.46 284.2 215.56
238.43 190.27 284.43 212.76
217.56 192.4 271.1 216.2
222.12 201.36 270.95 219.51
229.51 205.36 275.9 223.23
217.39 196.66 263.33 218.26
217.29 191.51 290.86 223.0
221.56 188.86 274.23 212.63
236.93 194.51 278.28 220.1
243.19 200.43 283.36 219.48
231.94 197.54 272.6 221.83
239.17 204.12 280.86 223.47
222.34 206.3 265.87 223.51
230.54 190.27 272.2 219.05
215.93 201.08 256.9 220.27
224.25 198.56 264.34 221.44
222.17 189.49 264.3 219.09
228.86 189.53 299.09 221.56
228.6 202.26 269.0 224.39
213.03 189.86 261.96 213.67
203.6 188.45 280.49 222.95
240.29 189.91 294.9 227.09
199.86 193.73 272.88 226.45
587.28 173.31 610.62 194.04
586.24 174.01 606.22 192.06
581.41 172.55 600.89 190.42
591.29 170.66 605.74 196.41
578.95 173.98 599.35 192.33
589.65 172.95 603.99 198.01
584.15 171.99 604.45 188.3
585.41 178.13 610.0 195.76
583.51 174.66 602.34 193.42
575.45 171.72 597.05 189.6
588.83 172.73 609.71 188.95
578.54 169.85 601.77 187.53
592.27 173.33 608.41 198.77
596.34 173.4 616.9 194.32
589.01 171.15 601.16 196.84
575.48 173.6 593.67 191.29
573.14 171.35 592.62 189.35
591.13 177.24 612.4 194.66
571.3 169.03 595.51 187.5
586.72 168.22 600.98 194.45
570.01 174.26 592.14 191.24
589.02 179.78 611.54 197.13
590.56 174.91 606.74 206.31
609.05 171.7 631.04 191.52
588.06 173.53 603.36 205.93
599.82 172.59 619.28 191.38
593.78 168.39 610.6 194.93
585.8 170.2 595.94 195.43
594.36 171.26 615.22 188.62
605.45 173.54 628.68 192.61
584.14 182.14 610.33 198.87
604.02 171.99 624.17 190.68
611.05 169.69 633.16 189.56
572.01 165.65 600.91 184.08
596.91 172.13 609.53 197.4
583.18 168.39 608.34 184.71
578.61 167.26 604.33 184.09
587.87 165.48 605.37 195.61
571.89 175.39 590.24 193.46
582.86 165.35 595.68 194.95
583.92 171.05 596.17 204.96
584.97 179.85 605.41 197.9
577.94 167.51 589.68 195.93
597.0 173.83 611.8 203.0
598.63 178.86 617.89 194.89
591.49 165.26 609.27 196.61
600.01 169.66 620.78 188.76
573.08 166.59 587.62 196.55
585.45 172.61 599.1 207.4
598.68 170.12 610.89 195.75
601.12 177.67 623.4 195.12
579.55 169.56 590.34 200.35
592.75 181.52 613.84 197.91
605.23 169.73 626.13 188.01
576.72 167.17 618.98 203.78
574.25 163.55 635.18 198.52
265.89 180.5 340.66 213.65
271.05 185.18 351.01 218.94
1210.6 177.4 1242.0 221.88
1211.2 168.97 1242.0 213.88
1212.3 192.62 1242.0 235.74
1218.6 171.99 1242.0 229.82
1193.3 168.64 1242.0 213.7
1194.1 177.07 1242.0 223.35
1202.0 174.25 1242.0 232.82
567.24 171.74 591.64 188.47
565.78 174.8 589.1 191.0
563.4 168.48 591.23 185.52
560.94 172.12 588.06 187.32
566.08 164.69 596.21 184.38
561.21 175.75 586.44 190.43
560.04 164.76 589.45 183.68
470.45 172.96 493.71 187.59
466.01 175.98 489.07 189.23
467.62 173.89 489.97 187.17
461.07 177.07 486.5 190.95
474.29 169.02 487.38 191.02
458.88 177.09 481.88 189.67
463.74 173.61 485.05 187.68
477.58 169.37 490.19 189.57
452.9 177.4 476.08 189.77
444.48 176.99 467.68 189.49
440.89 172.44 452.83 192.03
441.14 176.04 461.89 189.06
472.1 169.73 484.69 193.01
463.95 171.6 489.09 186.68
459.0 174.24 483.03 187.36
475.67 171.4 490.14 194.43
480.57 169.54 491.6 189.39
443.92 174.34 468.39 187.55
470.61 171.54 484.11 196.46
443.68 172.17 455.59 192.02
451.97 174.45 476.77 187.64
467.86 169.57 479.98 194.03
432.19 177.99 457.03 190.84
478.79 174.12 500.79 187.19
4.3972 196.11 37.484 269.29
426.4 178.38 453.41 191.15
293.62 177.36 354.05 210.6
2.6308 196.28 32.272 258.77
0.99229 198.49 43.456 291.73
484.26 175.29 507.59 188.08
