254.13 175.11 358.09 217.32
700.27 189.12 733.38 197.54
897.19 175.61 919.8 179.36
830.9 179.44 861.95 184.29
263.67 177.44 302.71 182.61
270.12 164.89 301.62 178.68
586.71 178.42 611.61 192.5
572.38 152.47 588.38 192.5
251.82 172.96 288.72 192.41
270.63 164.73 292.66 174.53
759.68 173.67 788.11 191.87
794.28 164.83 798.98 191.91
785.27 170.03 788.36 183.46
555.23 192.91 590.65 197.1
757.02 150.74 767.18 191.41
935.94 165.81 942.11 179.2
298.8 172.65 309.47 176.39
745.29 196.67 795.33 199.97
254.33 188.57 283.35 197.85
254.8 147.93 315.25 187.09
728.63 149.34 823.57 199.19
0.0 140.64 79.02 239.39
901.07 138.58 944.53 221.31
830.99 154.39 1021.18 188.57
1049.13 141.02 1120.79 205.64
