607.48 185.98 630.54 204.25
350.65 191.49 418.59 225.12
794.62 165.97 870.88 318.41
504.19 194.57 527.65 209.34
500.0 193.89 516.74 197.77
514.65 191.28 522.27 204.13
521.86 191.58 536.78 204.89
527.86 191.99 529.58 200.01
533.77 192.67 549.08 201.19
717.66 166.89 744.69 184.12
720.8 188.11 729.04 197.0
726.28 187.76 731.33 196.9
730.67 183.05 741.8 196.63
858.48 92.37 983.24 363.76
730.43 174.29 747.72 201.18
732.81 167.74 767.84 201.69
737.25 151.19 776.45 196.38
368.35 168.74 389.15 187.08
716.49 152.15 748.79 197.18
1110.72 130.2 1242.0 192.52
762.01 145.75 838.45 210.08
786.79 144.25 915.36 213.6
750.57 142.34 911.36 209.06
