790.86 182.3 963.31 246.63 0.99998
634.73 178.69 671.77 205.82 0.99997
277.37 170.88 444.89 242.98 0.99996
812.7 183.56 1013.2 251.12 0.99994
302.04 167.85 458.53 234.01 0.99993
766.01 177.5 911.67 239.66 0.9999
212.27 177.46 415.91 258.88 0.9999
434.05 177.6 519.2 211.06 0.99989
161.01 177.37 401.89 270.15 0.99988
719.19 175.53 844.1 226.94 0.99985
633.43 179.81 662.97 203.69 0.99981
746.31 176.22 889.6 235.93 0.99975
718.67 170.48 824.4 218.99 0.99974
834.27 167.0 1199.1 364.63 0.99966
759.58 163.75 1242.0 375.0 0.9996
18.881 167.39 309.61 309.67 0.99951
731.51 179.25 867.65 231.06 0.9995
0.0 218.04 123.46 371.12 0.99944
791.29 168.1 1113.2 357.68 0.99942
800.52 191.33 983.78 256.87 0.99941
724.95 173.02 871.54 230.86 0.99936
85.381 177.79 360.16 274.95 0.99921
823.05 175.92 1088.5 257.52 0.99905
409.84 176.46 509.34 213.1 0.99894
331.72 164.02 478.09 230.31 0.99887
797.0 184.24 926.92 244.23 0.99885
451.27 176.72 525.16 206.08 0.99874
629.19 177.81 653.03 198.91 0.99837
0.0 161.72 261.22 347.42 0.99832
631.83 179.06 656.45 200.49 0.99822
68.476 169.43 347.77 299.67 0.99786
59.171 183.3 312.47 292.51 0.99742
819.4 188.73 1048.3 260.33 0.99731
757.34 180.17 891.55 232.66 0.99672
0.0 189.32 151.56 360.48 0.9965
11.18 175.94 293.19 276.56 0.99529
0.0 148.91 414.83 375.0 0.99492
624.79 177.71 647.36 196.93 0.99467
637.34 176.17 667.11 201.73 0.99402
245.73 173.42 420.38 238.58 0.99336
781.8 156.59 1078.3 310.5 0.99324
641.96 179.64 674.28 204.67 0.99311
388.52 176.26 506.03 219.36 0.9922
915.27 179.71 1238.5 355.51 0.99183
622.44 176.56 643.09 195.15 0.99155
0.0 168.51 260.6 256.08 0.99127
810.05 187.92 953.07 249.3 0.99037
781.25 180.31 912.04 239.5 0.99027
447.77 177.91 522.73 205.23 0.99009
632.96 175.75 658.44 197.31 0.98582
296.87 177.16 437.0 235.77 0.98564
0.5548 169.22 189.41 353.26 0.98254
859.23 173.5 1122.4 265.78 0.97987
805.95 180.92 950.3 262.19 0.97952
330.66 165.05 461.26 219.9 0.97787
22.332 192.02 283.58 332.42 0.97702
0.0 175.89 212.83 282.96 0.97643
307.44 160.39 466.58 222.11 0.97626
125.03 168.0 391.93 280.58 0.97487
797.04 203.64 1022.5 281.6 0.97339
462.27 179.07 532.3 203.61 0.973
877.25 144.63 1169.6 330.14 0.97178
313.9 171.07 441.96 228.82 0.97173
75.847 180.45 288.87 324.43 0.96983
780.95 165.69 1034.4 290.87 0.96806
831.97 185.85 975.16 246.06 0.96786
826.69 201.1 1161.1 375.0 0.96776
495.07 178.51 539.79 197.76 0.96529
98.086 171.92 305.87 304.76 0.96318
120.28 192.83 342.01 293.12 0.9609
809.06 164.33 1055.2 340.52 0.95846
151.94 168.82 360.38 283.49 0.95826
21.265 161.83 358.81 281.18 0.95809
441.91 179.9 512.53 208.38 0.95139
368.78 164.03 512.12 221.92 0.94946
15.113 183.92 290.96 309.27 0.94926
803.65 184.71 957.46 301.82 0.94564
637.2 184.12 668.64 206.66 0.94171
0.0 189.42 97.635 375.0 0.94078
786.23 201.11 969.73 276.72 0.94048
481.71 177.73 537.2 198.72 0.93556
829.2 184.24 994.41 269.34 0.93461
798.4 197.46 983.73 346.92 0.93276
0.0 163.76 193.24 342.83 0.9318
275.28 183.98 424.21 239.61 0.9253
901.72 175.8 1159.0 270.34 0.92322
631.92 177.77 677.24 208.44 0.9192
961.23 205.16 1242.0 368.83 0.91769
192.72 174.26 404.17 244.27 0.91034
712.5 169.81 839.17 228.72 0.90961
490.37 175.76 539.36 195.29 0.90839
880.17 209.44 1217.0 375.0 0.90515
791.9 210.76 1036.4 330.83 0.90417
0.0 35.37 386.16 375.0 0.9027
0.0 214.47 170.26 342.86 0.90016
347.64 170.89 482.94 221.98 0.89749
824.66 186.51 1006.9 306.11 0.89041
790.95 213.41 1093.4 367.87 0.88858
787.51 178.22 919.96 257.14 0.88832
421.9 181.16 516.4 215.19 0.86305
0.0 185.17 185.16 301.55 0.86009
829.36 197.9 1091.2 286.09 0.85293
642.71 177.24 661.09 211.56 0.84645
642.43 175.95 671.89 198.02 0.84291
780.36 212.81 986.2 321.6 0.84052
458.98 173.16 520.34 203.79 0.83704
460.46 175.38 537.57 204.67 0.82985
8.8642 162.6 257.12 234.5 0.82709
348.62 161.91 474.41 215.58 0.8214
508.57 178.76 544.7 197.62 0.81777
144.53 186.39 321.0 308.89 0.79989
644.93 174.92 663.61 209.59 0.79925
318.55 161.94 437.06 215.29 0.79891
883.27 183.91 1125.8 280.65 0.79497
852.38 191.68 993.19 248.03 0.78423
5.0335 171.54 132.09 325.44 0.77476
824.35 195.06 972.19 254.39 0.77
637.01 173.08 652.56 202.73 0.76297
157.09 159.6 422.68 268.44 0.762
633.87 177.2 654.5 194.78 0.76016
639.51 171.78 657.7 205.58 0.75845
936.83 186.42 1183.0 283.65 0.74554
819.9 172.63 1036.9 241.12 0.73928
300.82 167.66 425.44 222.66 0.73521
630.05 181.86 651.23 200.08 0.7351
647.88 176.89 672.37 200.98 0.73369
629.01 177.37 649.53 194.92 0.71433
0.0 174.9 180.31 252.39 0.7121
619.9 176.21 638.72 192.52 0.7005
634.39 182.19 657.24 202.98 0.69713
637.0 178.7 654.33 209.4 0.69127
716.89 168.41 796.77 218.62 0.68802
934.52 174.72 1166.6 252.53 0.68275
648.23 173.31 668.04 208.82 0.66365
184.09 193.63 372.87 277.68 0.64605
273.73 174.76 410.95 231.29 0.64404
642.41 170.35 661.99 203.2 0.64194
515.55 176.53 550.59 195.51 0.6418
651.98 177.09 670.1 208.95 0.64118
629.82 175.69 651.96 192.09 0.63714
621.08 174.63 636.27 191.26 0.62066
431.8 177.7 504.05 210.34 0.61163
965.92 183.19 1205.7 271.15 0.59582
112.66 199.97 303.94 327.6 0.59009
0.0 168.25 239.84 314.13 0.58569
638.62 176.25 664.3 196.37 0.58469
266.68 179.55 415.72 256.64 0.57082
628.99 172.07 641.74 199.08 0.56785
60.466 217.45 290.92 325.06 0.56764
639.65 179.04 658.05 212.42 0.56565
0.0 118.93 481.69 337.72 0.55907
623.76 174.85 641.19 192.49 0.55744
633.67 185.75 663.95 205.5 0.55021
633.79 174.13 646.9 201.93 0.53798
764.64 175.34 868.46 230.15 0.52815
632.84 171.37 645.82 198.66 0.50882
0.0 240.09 149.36 363.62 0.50724
728.64 176.05 798.34 208.65 0.50012
335.73 173.37 464.37 228.52 0.49663
793.0 158.11 1141.5 277.58 0.49481
243.02 179.69 397.08 237.17 0.49234
626.4 172.75 638.25 198.75 0.49191
625.89 175.96 647.43 191.96 0.48734
874.17 22.056 1168.0 375.0 0.47789
827.17 208.11 1091.1 329.65 0.47413
993.94 195.05 1222.0 278.78 0.46722
852.49 159.02 1211.9 287.1 0.46668
0.0 195.37 153.33 315.99 0.45466
635.04 176.61 648.76 204.3 0.44736
407.49 170.69 489.77 216.54 0.44201
138.01 172.46 375.89 247.37 0.41102
502.77 175.11 536.11 196.7 0.4055
10.858 234.61 108.12 374.55 0.4012
938.18 117.63 1242.0 375.0 0.39699
876.19 197.8 1111.7 297.94 0.39621
304.63 164.51 420.54 210.56 0.38771
798.46 216.18 1019.5 367.03 0.37383
634.12 175.0 660.59 192.65 0.36879
0.0 142.43 134.89 375.0 0.36787
318.98 157.21 430.79 199.99 0.36511
42.237 137.69 165.27 375.0 0.35801
371.93 177.85 493.56 227.22 0.3503
49.145 166.9 294.02 242.43 0.35006
808.87 179.99 932.92 233.43 0.34917
789.64 184.59 916.06 299.1 0.34814
830.53 182.71 935.7 360.1 0.34134
842.92 205.11 988.13 257.35 0.33738
624.48 174.28 635.73 197.49 0.33733
836.72 172.17 927.54 320.05 0.33675
1097.5 234.84 1239.6 372.54 0.33454
0.0 194.5 156.92 375.0 0.33201
0.0 165.36 197.74 233.63 0.33027
626.01 180.84 643.53 197.73 0.3259
789.06 195.57 924.37 342.04 0.32518
935.87 106.46 1061.9 375.0 0.32008
79.673 109.41 196.74 353.13 0.31726
699.42 161.68 862.48 227.18 0.31386
206.68 159.07 479.79 262.6 0.31048
852.76 182.29 986.42 237.22 0.30653
616.95 174.78 633.83 190.71 0.30186
2.945 187.05 61.335 373.84 0.29374
1066.6 201.64 1242.0 372.01 0.28699
1018.6 239.46 1242.0 352.36 0.26372
480.21 174.59 546.19 202.18 0.26283
647.43 179.76 668.91 213.99 0.25535
803.75 193.37 1024.6 367.15 0.254
0.0 61.092 267.53 375.0 0.25168
1037.1 179.43 1242.0 355.68 0.24915
802.7 179.33 908.95 353.9 0.24452
511.93 175.51 540.14 196.82 0.24343
765.25 235.16 1151.5 375.0 0.24208
864.89 178.44 960.71 359.36 0.23802
977.09 113.55 1110.3 375.0 0.23559
100.85 138.32 216.52 375.0 0.23302
846.98 167.15 1085.8 238.73 0.23255
7.0782 161.05 185.89 267.34 0.23036
311.25 156.88 410.1 194.36 0.22747
1158.7 221.27 1240.3 375.0 0.22267
217.62 199.3 384.03 272.77 0.22051
83.655 169.31 343.71 244.63 0.21496
452.94 183.69 521.77 209.11 0.21465
754.32 184.94 863.09 240.28 0.21315
906.31 109.03 1035.8 375.0 0.21037
643.8 182.53 665.33 213.6 0.20402
388.69 164.06 541.05 218.67 0.20257
348.0 173.19 487.27 237.07 0.20183
981.05 178.55 1203.5 252.76 0.20122
268.3 159.45 443.41 223.91 0.20023
518.44 175.23 544.64 196.9 0.19644
142.03 160.77 237.02 353.92 0.196
790.43 76.722 1242.0 375.0 0.19494
859.84 177.94 1061.2 276.15 0.19261
631.11 175.32 642.61 201.71 0.18953
854.59 165.22 1044.9 249.27 0.18949
854.91 174.22 940.3 319.53 0.18781
490.08 175.69 531.6 200.48 0.18631
1133.3 220.15 1230.4 375.0 0.18468
222.06 184.33 384.41 245.13 0.18345
654.61 172.65 671.27 203.95 0.18126
1079.1 248.25 1242.0 353.1 0.18087
1019.9 188.33 1238.5 266.62 0.18007
807.93 165.15 902.37 323.86 0.1792
748.37 173.33 855.37 226.49 0.17866
521.34 178.18 554.39 197.04 0.17819
1002.3 109.75 1142.4 375.0 0.17804
362.02 158.69 485.85 231.47 0.17751
0.0 177.95 154.81 276.31 0.17616
943.02 36.406 1107.5 375.0 0.17358
964.88 85.7 1084.9 335.12 0.16743
538.87 176.94 550.45 203.94 0.16739
823.74 180.56 943.4 243.02 0.16283
623.54 173.85 672.14 207.44 0.16142
334.84 158.2 450.43 203.94 0.16076
371.75 164.96 484.38 210.79 0.16008
27.578 149.61 140.18 350.21 0.15736
146.56 194.77 284.72 251.62 0.15547
871.34 173.8 955.66 324.08 0.15448
751.52 158.92 787.84 237.88 0.15194
421.9 181.05 494.85 209.33 0.15149
523.2 176.03 548.39 197.47 0.14954
238.98 180.25 371.31 226.04 0.14747
957.33 142.4 1080.7 375.0 0.14745
173.99 174.73 265.23 341.35 0.1438
0.0 153.24 93.503 375.0 0.14201
709.23 173.79 817.23 229.14 0.14036
640.69 167.67 667.46 217.86 0.13904
497.31 174.91 542.52 191.88 0.13469
797.18 175.16 898.58 236.19 0.13303
11.229 160.52 103.17 337.81 0.12959
870.1 185.27 999.78 241.85 0.12954
0.0 210.09 240.38 361.17 0.12809
474.23 177.39 528.06 206.6 0.12647
785.77 187.39 1016.7 327.31 0.12529
831.88 166.06 906.02 286.83 0.12321
711.23 169.33 787.69 208.43 0.12305
0.0 0.0 176.03 375.0 0.11809
390.74 166.19 486.14 220.34 0.1159
166.72 157.6 245.84 335.59 0.11462
971.4 227.99 1218.5 338.73 0.11413
641.11 169.82 655.99 199.26 0.11369
645.17 185.82 673.9 206.26 0.10997
988.76 161.66 1242.0 328.61 0.10953
759.23 159.59 793.91 239.72 0.10894
82.831 166.68 303.07 267.61 0.10819
916.59 194.21 1151.2 296.21 0.10459
638.23 170.88 650.79 197.49 0.10156
956.62 200.46 1191.5 298.58 0.10137
707.45 178.74 854.68 236.46 0.10075
818.17 159.07 894.11 286.15 0.099246
285.89 169.5 404.01 220.18 0.098248
881.93 174.8 1043.5 375.0 0.096523
0.0 170.16 58.0 375.0 0.095955
985.39 216.02 1217.4 318.48 0.09535
0.0 212.47 250.26 331.35 0.093876
110.75 95.967 223.49 303.97 0.093713
836.83 181.22 960.71 228.24 0.092492
467.43 176.04 533.89 197.03 0.092204
924.07 161.55 1242.0 293.24 0.091999
919.07 164.17 1072.1 375.0 0.089148
837.78 163.63 875.4 258.46 0.088676
1046.3 251.94 1242.0 375.0 0.087723
45.535 161.13 272.76 265.39 0.086306
227.42 147.81 509.8 253.03 0.085503
939.62 180.93 1097.5 375.0 0.084747
965.0 181.66 1129.2 375.0 0.08403
634.62 172.67 682.05 210.46 0.081424
468.87 175.16 523.33 203.43 0.081024
131.02 140.51 238.47 363.07 0.080661
456.59 175.26 520.98 197.23 0.08025
848.53 169.25 917.98 286.52 0.080185
0.0 211.89 122.85 329.96 0.079574
715.69 165.08 818.22 204.35 0.079386
637.77 174.4 668.37 192.78 0.078531
745.03 161.48 780.28 233.49 0.077229
635.51 170.56 664.76 219.91 0.07652
0.0 226.49 82.341 362.58 0.074106
622.06 178.96 638.46 194.7 0.073892
214.43 178.19 297.07 319.6 0.073605
453.11 174.35 509.97 204.24 0.072809
3.0172 196.33 48.279 339.98 0.072435
997.69 185.33 1158.5 375.0 0.072131
801.33 221.01 951.45 368.3 0.071759
878.59 104.05 995.45 362.45 0.07171
634.81 183.12 654.76 212.08 0.070469
363.71 151.27 413.31 256.36 0.070156
0.0 238.86 107.91 375.0 0.070107
3.3492 203.9 63.77 332.99 0.070008
806.5 231.71 1102.6 365.04 0.069702
68.522 240.0 282.94 333.1 0.068965
845.14 165.77 881.96 260.06 0.068619
912.86 78.18 1026.6 318.32 0.066157
199.45 176.78 280.38 329.05 0.066024
532.56 177.07 553.3 199.51 0.0657
849.34 214.08 1118.5 347.31 0.065469
352.53 154.14 399.99 251.43 0.064364
371.54 138.81 434.57 236.55 0.06389
357.54 140.25 422.62 238.37 0.063107
443.1 185.2 510.09 211.82 0.062473
930.88 248.98 1242.0 375.0 0.062167
291.27 165.39 349.75 291.02 0.061655
9.5474 153.7 247.65 215.56 0.061624
655.59 178.16 671.9 209.57 0.060185
646.37 169.82 665.72 202.87 0.058808
108.44 203.18 244.93 255.69 0.058203
65.17 156.7 195.94 371.89 0.056729
918.26 38.119 1064.3 375.0 0.056644
376.57 151.42 425.37 254.89 0.056487
25.764 153.26 117.83 326.91 0.056094
800.76 198.69 935.95 254.83 0.055645
829.69 162.44 868.67 251.07 0.055545
154.18 179.39 249.86 357.14 0.055279
29.283 120.91 127.61 351.01 0.055224
9.6382 222.35 74.343 343.71 0.055053
310.0 173.65 449.15 244.68 0.054994
293.29 145.68 477.86 211.17 0.054544
272.63 159.62 334.19 298.4 0.053966
327.7 169.65 378.27 270.19 0.053932
0.0 248.8 181.59 375.0 0.053929
735.42 170.47 797.85 200.64 0.053733
256.38 156.17 320.17 304.33 0.052917
310.58 167.73 364.87 282.99 0.051665
656.8 106.19 1220.6 375.0 0.051575
944.44 210.17 1188.9 324.47 0.051574
507.55 174.14 546.37 191.66 0.050926
0.0 150.44 257.55 297.69 0.050309
1048.8 202.03 1240.4 279.29 0.050232
802.82 0.0 1092.6 375.0 0.049845
649.79 176.08 675.08 194.98 0.049305
1032.3 123.18 1170.7 375.0 0.049299
500.52 177.77 534.53 199.59 0.049248
359.28 147.56 395.93 242.1 0.048923
745.91 165.96 994.62 276.3 0.048262
775.77 176.26 886.13 220.25 0.047666
98.252 194.94 238.44 250.13 0.047582
654.5 180.61 676.63 202.89 0.047581
1179.7 232.41 1237.8 375.0 0.047531
1085.1 272.1 1242.0 373.72 0.047508
160.7 190.41 294.14 244.49 0.045808
623.11 181.67 639.6 198.69 0.04576
172.84 190.72 313.38 254.52 0.045619
344.89 147.9 381.53 240.03 0.045569
828.73 169.72 877.71 265.13 0.045232
11.766 197.11 69.42 321.02 0.043714
622.98 171.55 632.43 194.01 0.043134
698.99 158.38 822.18 230.65 0.043077
242.33 153.39 304.84 307.22 0.042765
1101.8 232.56 1242.0 375.0 0.042582
139.31 144.41 213.06 333.21 0.042579
848.38 191.47 950.91 375.0 0.042224
787.55 244.98 997.67 364.48 0.042031
767.34 160.88 800.42 241.53 0.040914
823.34 161.34 860.89 250.8 0.040425
0.0 278.31 134.16 367.32 0.039883
226.99 151.69 289.57 308.51 0.039662
791.3 165.38 825.82 253.88 0.03863
336.89 158.51 385.87 251.3 0.038238
622.45 177.96 681.6 211.3 0.038224
0.0 187.75 38.382 375.0 0.038127
337.59 147.67 373.19 238.58 0.038091
248.91 175.0 370.87 215.65 0.037966
342.34 163.65 392.01 259.9 0.037548
0.0 146.32 172.55 312.81 0.03729
739.65 158.22 771.96 226.94 0.037199
1115.6 155.47 1242.0 367.76 0.037145
352.78 149.47 388.69 241.28 0.036639
1072.1 0.0 1242.0 375.0 0.036604
971.02 247.9 1224.1 360.02 0.036441
269.46 173.12 384.99 218.0 0.036204
860.53 178.51 983.32 226.48 0.036193
864.68 157.51 1014.2 375.0 0.036162
783.15 216.11 938.59 314.93 0.036155
884.39 161.59 1090.2 250.58 0.035789
535.06 176.15 547.31 204.25 0.03568
616.03 173.31 631.78 189.16 0.035482
9.076 156.33 76.863 341.59 0.034897
652.36 178.65 677.36 198.23 0.034737
978.2 27.292 1161.8 375.0 0.034639
638.22 189.86 670.08 208.98 0.034343
843.53 170.91 891.72 268.28 0.033392
529.99 171.47 542.77 200.47 0.033167
1.2774 179.52 35.485 344.77 0.033035
136.54 190.0 266.01 242.07 0.032456
1032.4 187.33 1190.1 375.0 0.032189
867.48 174.15 929.79 289.9 0.031972
829.67 170.25 978.47 375.0 0.031866
6.7742 161.2 43.226 303.2 0.031828
50.645 85.684 168.05 311.88 0.031798
849.29 123.68 956.08 347.91 0.031783
1199.3 221.85 1242.0 375.0 0.031251
781.18 181.97 956.75 336.05 0.031105
853.9 165.49 890.12 263.62 0.030855
14.537 255.89 85.615 375.0 0.030841
426.82 176.05 492.56 205.61 0.030646
893.01 212.65 1168.5 339.51 0.029789
1018.7 205.84 1230.1 293.8 0.029684
1150.7 172.74 1242.0 375.0 0.029677
1115.1 212.3 1216.4 375.0 0.029476
862.43 163.97 897.71 260.32 0.029192
491.02 174.89 559.02 201.52 0.029122
356.64 157.58 473.17 203.87 0.028956
388.4 140.13 446.26 236.63 0.028638
128.76 200.42 265.78 255.13 0.02841
344.8 145.2 408.35 239.51 0.028253
874.51 196.07 1000.2 252.63 0.027718
328.52 144.24 468.38 225.49 0.027553
984.56 20.129 1242.0 375.0 0.027548
741.3 173.27 806.25 205.86 0.02746
319.78 161.76 364.54 266.35 0.027333
207.52 188.7 355.76 254.21 0.027169
516.86 169.71 531.4 200.15 0.026935
894.4 163.84 1122.7 232.76 0.026731
395.71 144.87 433.98 223.37 0.026099
1033.2 272.42 1239.0 366.51 0.025735
162.08 138.55 273.17 355.71 0.025292
744.74 157.52 782.29 216.75 0.025266
1128.8 268.62 1242.0 375.0 0.024934
811.54 206.79 924.63 365.21 0.024904
541.09 176.55 552.7 203.26 0.024515
533.38 173.19 545.62 200.69 0.024466
808.44 164.49 841.76 252.17 0.02437
366.85 144.65 401.26 231.79 0.02432
116.05 153.35 203.43 351.6 0.0241
658.92 171.32 672.38 204.08 0.024093
521.41 170.78 534.35 200.15 0.024069
716.24 159.58 911.41 231.06 0.024007
869.53 213.91 994.79 260.63 0.023921
736.41 172.24 841.18 215.33 0.023756
228.34 175.32 310.92 310.49 0.023565
129.3 167.99 222.32 364.35 0.023373
1158.0 261.11 1242.0 368.99 0.02331
653.91 182.02 670.25 211.78 0.023129
817.12 162.17 852.61 251.86 0.023094
884.25 172.82 946.16 291.9 0.023003
526.07 170.35 538.22 199.57 0.022951
2.1086 168.36 128.22 264.41 0.022813
26.891 259.31 99.649 375.0 0.022737
623.28 176.2 635.04 207.42 0.022658
784.4 166.69 818.19 251.83 0.022644
360.99 145.39 397.34 218.77 0.022401
315.39 160.85 385.05 186.33 0.02232
880.1 239.49 1204.3 359.27 0.021966
146.68 93.473 253.45 300.0 0.021674
192.62 149.88 257.56 312.76 0.021593
462.5 164.6 485.59 218.08 0.021491
505.59 173.27 539.23 194.38 0.021458
1038.5 222.09 1242.0 318.99 0.021276
7.7691 175.6 57.537 318.35 0.021162
24.672 95.62 538.41 305.33 0.02115
838.16 212.81 966.27 258.13 0.0209
513.28 169.43 527.37 199.84 0.020801
889.77 170.98 963.63 343.04 0.020758
0.0 97.484 69.464 375.0 0.020724
980.99 175.63 1195.1 292.01 0.020627
645.23 166.04 672.65 216.75 0.0206
857.7 170.7 907.16 273.03 0.02016
825.66 121.05 937.61 347.4 0.020028
75.349 176.25 219.8 224.35 0.019741
82.621 186.43 219.82 244.64 0.019647
777.64 190.11 905.81 252.07 0.019594
3.0976 152.19 34.034 298.78 0.019573
454.99 162.07 479.18 219.89 0.019282
839.48 158.65 896.58 252.53 0.019024
813.53 164.88 860.51 257.14 0.018512
731.02 160.53 768.07 226.03 0.018381
159.55 140.26 223.8 312.71 0.018374
801.46 266.52 1032.7 370.05 0.018356
53.782 145.77 144.93 336.45 0.018201
739.6 137.24 806.66 238.91 0.018002
777.05 160.64 808.92 241.6 0.017948
879.31 84.532 985.46 307.14 0.01776
390.44 142.17 425.71 222.63 0.017572
1054.2 288.23 1112.4 306.48 0.017438
213.09 151.02 274.24 306.98 0.017435
527.91 176.95 557.18 195.41 0.016979
800.41 166.82 832.64 252.87 0.016945
9.7924 216.83 92.194 308.43 0.016824
1173.5 235.91 1224.8 371.19 0.016671
756.93 157.93 793.81 218.5 0.016554
879.11 178.82 1006.4 233.38 0.016521
176.14 144.89 240.58 312.49 0.01635
373.76 144.99 408.53 232.37 0.016246
717.39 175.4 785.87 209.31 0.016084
805.33 157.15 874.35 280.93 0.015986
87.183 135.73 474.36 251.83 0.015964
937.21 164.75 1155.5 230.16 0.01569
37.427 170.0 152.6 365.49 0.015632
382.53 146.41 416.24 232.6 0.015565
330.02 149.38 364.07 237.06 0.015355
0.0 266.68 29.87 375.0 0.015301
8.8192 230.08 99.881 331.72 0.015297
407.68 169.1 551.29 225.88 0.015129
798.66 176.36 903.43 219.56 0.015055
825.81 160.34 881.37 250.3 0.014959
871.16 164.86 905.17 259.2 0.014942
109.05 141.15 183.57 333.42 0.014904
170.61 207.36 333.0 298.69 0.014797
887.85 163.79 921.15 257.13 0.014711
943.46 81.083 1062.4 296.87 0.014632
509.56 167.89 523.58 198.94 0.014615
1223.0 329.81 1242.0 375.0 0.01449
1070.3 138.53 1202.5 372.6 0.014353
651.08 169.61 668.24 203.16 0.014296
9.1889 136.14 401.37 253.34 0.014059
310.62 181.08 451.22 248.52 0.014059
505.68 167.58 520.38 199.32 0.01382
247.62 176.82 327.21 297.91 0.013582
355.2 177.61 477.89 232.54 0.013578
469.28 166.11 491.0 217.68 0.013425
458.64 163.35 489.52 209.76 0.013385
750.84 135.68 819.22 240.69 0.013111
1203.2 275.25 1242.0 375.0 0.012946
620.43 171.17 630.75 194.59 0.012925
1006.3 268.52 1118.1 310.41 0.01287
0.0 253.69 265.41 375.0 0.012791
354.04 146.06 388.9 217.47 0.012765
613.59 171.51 633.0 188.3 0.012684
144.1 134.34 206.15 308.44 0.012636
638.2 168.92 668.93 238.42 0.012619
311.31 158.07 379.58 182.45 0.012549
88.56 182.04 356.08 326.79 0.012544
201.58 200.45 337.87 261.73 0.012229
1193.2 240.94 1235.8 375.0 0.012222
0.0 230.97 218.96 342.12 0.012222
435.97 167.25 527.95 201.01 0.012116
293.19 167.23 398.81 209.65 0.012087
774.84 236.59 1038.8 375.0 0.012044
218.88 156.63 418.11 222.3 0.011969
704.85 155.46 994.37 261.08 0.011955
751.7 153.39 799.56 242.17 0.011897
215.34 181.04 353.81 237.51 0.01169
0.0 162.05 8.9297 215.36 0.011678
0.0 141.92 16.079 251.01 0.011655
1079.7 139.17 1242.0 314.4 0.011537
1098.4 205.46 1197.7 375.0 0.011535
1049.8 291.37 1109.7 309.2 0.011463
82.153 201.66 220.76 253.66 0.01135
1237.1 230.93 1242.0 291.66 0.01131
338.74 140.62 515.79 210.96 0.011252
504.53 169.77 519.69 205.33 0.011167
244.62 131.56 553.74 245.33 0.01113
92.434 139.12 170.03 333.18 0.011108
3.425 163.49 22.398 228.73 0.011058
2.2848 149.78 23.492 276.21 0.010911
853.12 157.12 911.62 256.31 0.010908
622.04 173.24 633.33 200.14 0.010887
1221.3 265.14 1242.0 375.0 0.010883
299.03 152.92 354.21 249.81 0.010872
1.8863 173.02 25.457 345.13 0.010856
325.31 159.88 398.62 185.46 0.010688
476.63 165.81 497.7 213.4 0.010657
42.027 263.83 113.48 375.0 0.010629
248.88 193.58 395.92 270.56 0.010614
188.01 186.85 329.93 247.54 0.0106
880.13 163.97 912.82 255.98 0.010525
886.3 270.67 1195.3 368.13 0.010476
395.22 155.62 526.67 229.7 0.010415
895.99 160.01 928.64 252.91 0.010371
402.18 155.68 572.54 218.62 0.010344
1218.7 349.7 1242.0 375.0 0.010275
469.71 165.3 553.85 198.11 0.010247
1040.7 287.75 1103.6 306.67 0.010112
4.0904 141.34 55.165 354.3 0.0099502
882.54 205.51 1013.2 256.68 0.009923
364.39 154.08 402.85 250.61 0.0098972
488.59 170.73 541.91 200.64 0.0098927
894.88 167.0 957.22 315.75 0.0098561
631.59 184.72 653.09 203.6 0.0096818
874.72 169.22 920.6 274.15 0.0096147
486.08 180.63 531.26 203.02 0.0096103
0.17733 163.42 17.651 230.02 0.0095608
999.59 86.535 1122.1 301.75 0.0095348
1207.7 178.65 1242.0 220.44 0.0094478
519.31 174.44 552.98 192.12 0.0094084
4.1859 151.38 31.582 263.96 0.0094014
633.03 189.46 665.24 208.22 0.0093815
402.75 144.38 441.02 220.12 0.009378
764.23 157.86 812.76 246.87 0.0093138
4.3261 257.06 69.79 375.0 0.0092719
321.54 184.06 448.22 236.25 0.0092504
763.14 162.35 778.96 202.95 0.0092325
0.0 156.36 8.2678 206.16 0.0091816
891.36 166.1 937.56 273.65 0.0091291
632.21 166.44 664.07 235.05 0.0091272
847.13 158.69 881.75 235.51 0.0091105
294.89 143.32 447.15 223.1 0.0090897
736.31 189.69 846.11 235.24 0.0090645
450.8 161.91 483.34 211.4 0.0090092
744.01 210.86 1008.8 370.28 0.0090021
891.31 189.88 1020.4 244.82 0.0089499
1206.0 243.23 1241.2 375.0 0.0089061
0.0 127.81 17.387 233.15 0.0088776
6.9426 156.74 40.704 267.59 0.0088155
99.785 210.74 235.74 261.47 0.0088141
500.29 169.19 516.25 206.67 0.0087835
349.57 121.06 427.0 235.07 0.0087233
1004.3 203.04 1129.6 254.02 0.0087182
75.322 138.75 155.64 329.76 0.0086985
466.64 163.46 494.82 208.91 0.0086755
1002.0 273.96 1120.8 317.97 0.0086683
912.93 157.05 944.61 248.64 0.0086515
0.0 304.38 116.75 375.0 0.0086408
494.85 171.7 511.74 211.4 0.0085909
1206.7 154.46 1242.0 195.33 0.0085676
1157.5 97.744 1242.0 375.0 0.0084203
0.0 155.27 14.139 285.56 0.0084122
6.8242 164.75 27.424 226.72 0.0083579
90.132 180.83 231.97 233.67 0.008356
17.166 100.98 102.32 375.0 0.008314
474.06 170.98 497.03 221.77 0.0083127
279.24 148.7 341.2 251.33 0.0082899
447.26 160.03 470.94 218.96 0.0082669
141.23 183.73 262.36 231.93 0.0081769
618.85 182.28 679.27 216.45 0.0081712
0.0 298.01 149.01 372.49 0.0081591
329.45 155.4 444.99 192.59 0.0081138
727.95 171.21 795.74 193.99 0.0081091
1048.9 200.12 1232.3 333.5 0.0080964
807.72 172.96 947.14 375.0 0.0080748
1171.6 134.76 1242.0 216.07 0.007956
767.0 161.01 784.03 200.68 0.0079388
944.85 181.1 1164.8 311.73 0.00776
427.18 185.86 501.88 215.52 0.0076803
129.81 135.49 188.63 304.87 0.0076602
333.08 156.56 393.94 271.98 0.0076427
1208.4 171.07 1242.0 211.72 0.0075921
764.41 179.22 882.57 247.53 0.0075126
0.0 143.53 8.7072 194.0 0.0074743
382.72 115.72 450.55 234.52 0.0074644
1168.1 242.13 1242.0 338.82 0.0074459
1184.0 313.67 1242.0 375.0 0.0074398
908.07 183.09 1122.5 309.74 0.0074252
329.53 163.34 404.8 190.03 0.0074046
920.57 156.18 951.96 245.94 0.0073685
724.11 134.15 1132.1 373.97 0.007357
444.87 174.51 498.87 204.7 0.0073127
612.36 169.98 630.28 186.89 0.007277
631.1 169.0 695.27 204.24 0.0072735
904.52 160.31 935.38 250.08 0.0072572
0.0 189.38 130.22 296.23 0.007246
908.26 163.2 981.14 334.7 0.0072426
1236.9 241.99 1242.0 300.98 0.0072256
1203.9 182.11 1242.0 355.66 0.0071484
853.98 101.33 949.7 306.79 0.0071436
470.56 166.72 487.29 212.48 0.0071291
740.51 170.08 805.79 194.16 0.0071163
1169.7 149.91 1242.0 232.76 0.0070661
10.615 165.8 31.19 224.68 0.0070321
259.94 144.32 327.62 252.64 0.0070318
406.41 138.81 459.48 234.25 0.0070283
786.52 270.47 978.55 371.98 0.007023
41.018 207.5 280.01 347.57 0.0069809
907.76 172.13 947.17 189.4 0.0068688
210.57 118.95 305.92 323.25 0.0068519
436.68 157.75 464.01 221.15 0.0068206
336.2 160.62 372.79 256.52 0.0067774
639.13 152.57 674.33 218.34 0.0067382
1209.1 162.65 1242.0 203.38 0.0067263
947.28 150.75 1006.6 306.46 0.0066986
1030.4 287.48 1092.3 306.65 0.0066975
0.0 138.48 34.291 352.64 0.0066607
1205.7 185.07 1242.0 227.79 0.0066214
1223.1 243.73 1242.0 351.32 0.0066164
475.01 167.1 491.1 213.51 0.0066085
0.0 220.52 53.79 354.24 0.006581
175.95 97.882 285.98 301.67 0.0065115
1025.6 182.04 1222.5 288.4 0.0064807
1209.5 353.18 1242.0 375.0 0.0063953
330.45 147.1 391.69 240.57 0.0063901
993.18 209.4 1112.3 259.54 0.006376
976.17 165.58 1191.0 230.0 0.0063745
0.0 162.38 13.701 219.41 0.0063473
727.88 133.58 793.08 245.8 0.0063151
1037.4 290.99 1099.1 309.69 0.0063087
25.336 187.89 72.043 311.43 0.0062948
632.78 191.98 668.8 210.85 0.0062874
766.94 132.71 832.03 242.42 0.0062469
1054.3 295.7 1112.3 312.89 0.0062295
0.0 187.86 16.766 328.62 0.0061992
850.73 262.26 1141.9 369.02 0.0061914
617.59 172.57 638.26 188.87 0.006087
1175.0 119.0 1242.0 200.55 0.0060818
71.624 171.4 207.77 216.21 0.005998
16.646 176.47 66.166 300.09 0.0059874
478.76 168.15 495.12 213.71 0.005931
1018.4 211.75 1136.1 259.18 0.0059113
0.0 165.73 7.8832 228.56 0.0058962
1225.6 160.51 1242.0 258.52 0.0058914
484.08 168.02 505.07 213.06 0.0058869
486.82 170.37 503.22 212.54 0.0058766
856.25 160.69 888.87 234.61 0.0058549
24.041 170.82 146.87 211.56 0.0058502
265.91 175.27 322.5 193.46 0.0058442
1237.4 253.73 1242.0 312.09 0.0058367
0.0 131.86 24.939 247.98 0.005813
700.93 165.68 769.87 203.11 0.0057793
918.06 167.31 929.67 201.9 0.0057627
763.84 157.05 800.48 215.95 0.0057521
303.33 158.52 390.75 192.77 0.005749
1049.6 284.72 1111.0 304.78 0.005724
6.4861 217.14 50.196 363.33 0.0056835
368.56 153.99 462.3 209.58 0.0056116
482.66 169.1 499.09 212.93 0.0056005
980.46 200.82 1106.1 253.86 0.0055588
736.87 180.83 800.71 211.75 0.0055452
0.0 324.92 12.967 375.0 0.0055417
342.55 160.25 380.21 255.91 0.0054982
1059.2 290.51 1120.6 308.8 0.0054723
914.99 164.88 926.74 202.39 0.0054683
152.58 205.06 298.58 261.07 0.0054607
326.94 161.82 346.41 201.66 0.0054587
1224.1 219.21 1242.0 329.51 0.0054481
1017.1 262.72 1122.1 304.0 0.0054003
321.96 150.59 354.06 235.97 0.0053971
649.24 183.63 667.24 219.45 0.0053945
191.65 182.08 317.47 233.15 0.0053709
3.1189 143.12 24.284 316.08 0.0053358
51.801 175.5 189.1 225.23 0.0053308
275.38 179.59 336.69 199.03 0.0053303
490.96 170.56 507.49 212.23 0.0052462
104.64 178.64 236.16 223.02 0.0052019
1053.0 219.81 1177.0 267.08 0.0051548
524.95 174.58 537.97 204.91 0.0051295
1227.2 149.01 1242.0 239.61 0.0050693
759.3 163.14 774.99 203.69 0.0050445
494.56 173.56 532.02 194.09 0.0050097
309.72 150.39 399.66 183.0 0.0049588
608.49 173.61 624.63 189.33 0.0049479
473.58 178.1 549.88 207.96 0.0048826
1041.3 213.07 1163.3 259.39 0.0048757
631.92 181.6 650.86 213.02 0.0048541
618.1 168.16 629.51 196.44 0.0048126
748.04 149.99 788.81 213.46 0.0048068
1156.6 240.46 1212.0 360.57 0.0047967
1207.0 145.86 1242.0 189.12 0.0047776
784.1 159.99 818.39 227.45 0.0047679
0.0 207.89 16.447 362.69 0.0047611
19.961 175.6 151.85 225.13 0.0047588
627.6 162.23 680.34 208.94 0.0047261
869.88 165.56 882.05 206.14 0.0047192
732.38 148.37 777.98 216.02 0.0047004
474.21 163.28 501.66 208.09 0.0046794
977.27 273.35 1098.2 317.94 0.0046687
911.08 171.99 937.21 190.96 0.0046338
306.12 162.66 371.51 183.98 0.0046334
330.95 160.82 349.52 200.21 0.00462
866.02 164.84 879.17 206.65 0.004541
743.17 179.19 811.55 209.41 0.0045214
1025.7 91.214 1153.6 306.37 0.0045137
482.86 173.34 537.06 191.49 0.0044416
1237.3 170.76 1242.0 221.97 0.0044043
1032.7 283.48 1096.4 304.46 0.0043796
641.56 183.67 660.87 219.88 0.0043385
346.99 153.91 365.91 199.79 0.0043262
4.7499 160.11 22.008 213.0 0.0042036
0.0 173.4 12.929 202.29 0.0041839
718.94 163.58 737.2 216.01 0.0041761
618.87 183.24 636.53 199.66 0.0041607
467.33 165.66 483.68 211.34 0.0041047
311.41 164.95 379.11 187.64 0.0040458
1.0981 161.64 17.247 213.9 0.0040287
0.0 166.06 12.077 194.48 0.0040242
1025.5 169.58 1078.6 190.58 0.0039169
275.49 175.48 332.49 195.49 0.0038806
1041.7 295.41 1102.3 312.76 0.00379
11.731 160.91 30.984 212.02 0.0037718
1237.6 182.41 1242.0 234.32 0.003754
7.902 159.89 27.196 212.89 0.0037256
0.0 356.2 6.0611 375.0 0.0037133
268.43 173.25 318.67 189.89 0.0037127
874.07 165.19 885.03 204.45 0.0036775
878.47 164.13 889.17 204.11 0.0036771
1053.2 300.36 1112.1 317.33 0.0036337
544.42 174.93 555.96 204.17 0.0035313
0.93419 173.64 34.919 205.95 0.0035302
664.12 169.08 675.77 203.03 0.0034766
0.0 181.3 7.1707 245.4 0.0034732
658.17 175.13 678.79 196.64 0.0034683
768.74 196.35 842.33 227.02 0.0034644
334.53 167.56 409.26 194.87 0.0034505
609.1 171.05 626.42 187.32 0.0034069
1237.7 163.64 1242.0 212.77 0.0033573
0.0 117.88 170.71 281.17 0.0033392
657.96 180.17 682.74 200.76 0.0032481
1238.0 223.63 1242.0 283.6 0.0032417
77.547 172.1 229.93 375.0 0.0032341
6.8851 178.29 25.699 249.59 0.0031604
1037.4 165.81 1050.1 202.93 0.0031585
645.12 191.69 673.67 209.89 0.0031377
1031.5 295.31 1090.1 313.79 0.003126
754.72 168.54 799.43 199.13 0.0031161
529.89 178.44 559.15 198.48 0.003109
3.7015 176.05 20.722 252.0 0.0030628
351.68 153.06 368.51 198.78 0.0030446
724.84 171.25 786.18 201.18 0.0030107
1027.8 291.09 1086.5 309.9 0.0030092
719.37 165.35 733.26 209.96 0.0029664
323.41 161.61 341.52 200.38 0.002914
9.6737 180.18 30.883 249.34 0.0028838
20.804 127.9 303.45 257.84 0.0028634
882.14 163.87 893.21 203.27 0.0028492
525.69 174.34 551.68 195.75 0.0028319
657.74 183.48 682.28 205.2 0.0028286
769.72 161.85 787.61 201.46 0.0027927
0.0 172.56 15.293 197.37 0.0027857
496.81 171.86 542.81 189.09 0.0027799
1004.6 161.61 1018.2 195.82 0.0027538
662.12 172.59 673.67 206.89 0.0026881
1238.0 193.11 1242.0 246.54 0.0026421
635.27 171.96 661.91 188.64 0.0026198
1029.8 173.41 1089.5 192.28 0.0026118
415.03 185.39 488.63 215.55 0.0026004
0.0 176.43 45.034 203.31 0.0025977
0.0 152.26 12.213 182.92 0.0025884
32.417 77.969 136.28 329.52 0.0025657
81.421 32.756 301.34 375.0 0.0025423
323.64 166.53 396.89 193.04 0.0025358
536.32 179.03 556.17 203.05 0.0025268
0.41409 177.58 16.114 254.54 0.0025195
607.43 176.87 623.49 191.62 0.0025006
15.713 164.63 33.554 215.8 0.0024773
343.23 154.75 361.65 198.83 0.0024663
537.86 175.53 565.91 193.24 0.002464
748.36 0.0 1019.3 375.0 0.0024381
1017.9 173.04 1070.7 193.7 0.0024277
4.058 174.97 39.509 211.08 0.0024207
1002.8 286.88 1060.6 306.41 0.0023879
1084.8 289.78 1146.7 308.67 0.0023856
999.49 294.76 1055.6 315.7 0.0023553
922.48 166.64 932.61 201.18 0.0023518
1041.0 300.08 1102.0 317.47 0.0023408
3.9177 170.49 38.794 200.49 0.0023116
1235.8 188.51 1242.0 218.36 0.0023022
307.74 169.6 373.26 193.11 0.0023014
630.24 173.59 654.18 189.27 0.0023008
1236.9 259.09 1242.0 322.49 0.0022971
1235.9 180.64 1242.0 209.96 0.0022491
328.37 157.07 400.24 180.88 0.0022386
0.0 151.83 12.999 206.71 0.0022286
235.7 124.47 331.89 311.29 0.0022274
998.12 298.58 1055.4 320.14 0.0022139
540.01 174.79 560.96 195.84 0.0022014
548.58 170.98 570.73 192.4 0.0021921
463.88 165.82 479.84 210.55 0.0021852
1030.1 299.26 1089.4 318.15 0.0021735
1003.7 291.09 1059.9 310.6 0.0021542
968.75 0.0 1242.0 128.46 0.0021529
615.54 165.83 627.01 194.49 0.0021421
0.0 166.85 12.781 240.01 0.002138
499.25 181.03 538.11 202.09 0.0021313
318.26 155.78 389.88 178.07 0.00212
908.49 167.98 950.68 188.24 0.0021185
620.15 176.14 631.88 206.91 0.0021083
553.92 169.96 565.46 199.0 0.002082
1010.1 165.49 1022.5 204.24 0.0020712
1014.6 287.25 1074.0 305.96 0.0020672
1237.5 268.87 1242.0 334.34 0.0020656
438.81 174.24 496.88 198.36 0.0020068
1232.0 183.33 1242.0 207.14 0.001999
508.1 172.37 522.73 206.62 0.0019906
852.07 19.248 1004.5 375.0 0.0019773
0.0 171.63 29.479 200.78 0.0019714
1033.9 165.88 1045.9 206.38 0.0019679
265.14 178.82 324.68 197.74 0.0019447
1235.6 262.56 1242.0 296.61 0.0019324
476.49 174.01 527.06 198.98 0.0019237
1064.0 294.72 1122.3 311.53 0.0019173
516.59 173.7 530.26 204.73 0.0019135
1231.6 190.92 1242.0 215.93 0.0019132
460.13 166.45 476.36 210.64 0.0019118
917.74 164.6 932.13 199.2 0.0019046
546.01 172.16 557.16 201.06 0.0019018
813.47 129.19 1206.7 249.61 0.0019016
901.42 173.76 947.48 191.49 0.001887
683.44 251.84 1041.5 375.0 0.0018748
511.82 173.6 526.67 205.48 0.0018709
886.07 163.23 897.59 203.49 0.0018643
0.0 179.3 16.856 205.89 0.0018494
1236.7 0.0 1242.0 24.829 0.0018431
621.12 173.58 644.05 189.41 0.0018315
1236.0 254.28 1242.0 289.45 0.0018292
734.39 178.04 973.08 318.28 0.0018272
638.02 183.49 656.31 220.27 0.0018264
0.0 173.94 22.891 205.39 0.0018021
0.0 179.2 12.021 250.54 0.0017943
464.46 173.59 516.09 199.66 0.0017918
1235.5 196.38 1242.0 226.16 0.0017877
0.0 163.51 14.973 189.19 0.0017849
545.04 173.44 564.81 194.13 0.0017698
443.36 167.06 461.25 209.43 0.0017642
243.57 105.64 341.62 283.4 0.0016863
1155.0 0.0 1242.0 173.59 0.0016842
1027.2 0.0 1242.0 176.76 0.0016134
801.4 121.91 904.91 356.48 0.0015566
108.88 182.54 260.82 375.0 0.0014981
0.0 111.88 95.292 298.2 0.0014758
779.85 178.33 907.11 375.0 0.0014164
1095.6 0.0 1242.0 63.971 0.0014076
116.44 128.75 411.92 264.57 0.0012633
742.55 251.2 980.12 375.0 0.0012606
0.0 0.0 69.942 163.02 0.0012341
744.38 135.46 1134.8 254.93 0.0011609
65.32 64.861 210.31 289.21 0.0010711
1120.8 0.0 1242.0 88.716 0.0010396
138.64 0.0 450.07 375.0 0.0010305
1108.0 98.643 1242.0 309.66 0.00098815
0.0 0.0 334.27 140.97 0.00093847
1058.3 97.507 1182.8 311.71 0.00087778
182.84 136.34 454.99 265.83 0.00083052
0.0 0.0 243.42 167.9 0.00082932
49.531 244.42 317.03 375.0 0.00082684
736.99 178.74 912.74 330.53 0.00067131
635.92 136.75 938.53 258.63 0.00061801
265.82 122.43 367.08 310.41 0.00061286
0.0 0.0 113.57 82.405 0.00059821
708.93 158.53 921.91 282.1 0.00058829
272.63 102.7 372.69 284.1 0.00058686
0.0 0.0 163.03 70.497 0.00057076
818.88 83.183 917.66 293.58 0.00052482
263.6 117.45 625.5 235.06 0.00049596
103.03 83.934 628.94 301.21 0.00049011
676.77 138.86 1060.9 246.85 0.0004746
1161.8 0.64966 1242.0 314.99 0.0004719
2.2841 73.151 531.81 375.0 0.00046393
0.0 86.336 156.41 246.66 0.000388
0.0 24.04 60.558 329.87 0.00037253
642.69 264.25 982.45 375.0 0.00036482
742.94 189.12 867.36 375.0 0.00033757
618.48 129.69 998.71 241.85 0.00031736
140.64 185.35 286.3 375.0 0.0003111
0.0 120.54 244.01 260.32 0.00027764
1085.4 86.04 1242.0 249.88 0.00027492
698.98 266.6 927.82 375.0 0.00024517
498.36 115.87 1099.9 375.0 0.000233
689.44 215.87 948.23 374.75 0.00021648
787.22 76.266 887.89 295.56 0.00020927
1018.1 130.79 1242.0 285.3 0.00020456
0.0 80.463 91.752 258.97 0.00020378
132.82 183.74 398.1 318.47 0.00020117
305.42 96.141 402.14 276.14 0.00019665
138.61 26.204 345.02 375.0 0.00018953
1122.9 68.534 1242.0 273.59 0.00018874
208.5 82.411 324.12 280.54 0.00017085
27.404 212.31 330.19 361.08 0.00017033
766.74 115.27 867.97 375.0 0.00016423
573.51 110.59 920.88 242.81 0.00016285
1090.5 88.534 1218.4 338.81 0.00016264
337.21 89.937 434.46 283.43 0.00015849
193.29 128.89 307.19 357.66 0.00015841
705.47 206.28 841.74 375.0 0.00015644
216.49 159.83 432.58 286.71 0.00014927
0.0 0.0 298.88 314.65 0.00014113
530.36 118.47 878.25 266.25 0.0001373
925.22 52.607 1064.1 271.2 0.00013569
500.23 94.526 860.43 243.74 0.00013339
28.54 260.36 387.56 375.0 0.0001312
638.79 0.0 956.37 375.0 0.00012064
913.67 125.18 1242.0 251.43 0.00011951
856.88 0.0 1242.0 120.22 0.00011292
285.85 139.59 517.55 263.84 0.0001116
1025.9 0.0 1242.0 312.56 0.00010903
