666.26 177.81 752.94 238.87 0.99997
222.4 183.33 411.92 257.41 0.99997
245.78 174.42 442.67 246.79 0.99995
664.39 177.86 736.56 227.7 0.99995
426.16 170.61 512.14 210.74 0.99991
157.42 183.97 392.16 265.53 0.9999
640.24 175.69 682.11 208.2 0.9999
659.86 177.6 721.18 223.58 0.99989
411.48 171.79 502.73 213.86 0.99986
657.65 177.12 709.11 217.88 0.99984
290.99 169.98 457.07 238.84 0.99982
691.31 166.62 855.86 288.6 0.99977
389.07 170.86 489.21 214.84 0.99974
448.17 171.39 520.17 205.34 0.9996
635.91 175.56 675.13 205.57 0.99959
114.32 186.56 371.44 283.4 0.99956
628.84 174.01 667.9 201.07 0.99942
369.42 167.7 481.49 218.53 0.99932
653.22 174.58 700.21 213.68 0.99926
646.84 177.52 687.52 210.64 0.99916
7.6901 182.06 307.39 328.09 0.99897
671.77 174.78 821.72 266.14 0.99891
51.497 187.88 340.25 292.29 0.99837
629.21 173.15 657.22 196.51 0.99813
349.05 170.19 470.48 227.34 0.99721
643.04 174.99 690.92 210.22 0.99719
642.58 181.85 678.34 209.58 0.99663
505.21 173.49 547.83 195.01 0.99652
462.75 170.4 527.39 202.98 0.99611
340.18 164.92 471.55 229.54 0.99598
37.419 189.11 345.78 307.58 0.99583
665.07 173.74 772.62 244.97 0.99494
655.91 178.98 701.72 213.11 0.9946
457.14 172.13 522.72 203.06 0.9944
323.42 177.86 457.7 232.3 0.99376
678.41 174.16 765.69 240.86 0.99332
207.41 178.16 376.29 272.41 0.99269
495.52 175.16 542.24 198.43 0.98955
683.94 180.5 836.53 278.68 0.98932
637.67 171.99 683.41 208.22 0.98888
9.3161 193.28 255.43 350.34 0.98877
488.04 171.21 539.06 196.69 0.98827
131.1 179.57 359.1 257.69 0.98781
101.81 181.85 374.27 291.24 0.98723
628.22 174.76 650.31 194.2 0.98653
370.99 177.9 478.01 226.75 0.98604
663.26 179.81 712.26 216.36 0.98465
447.5 174.38 513.89 205.25 0.98234
638.8 174.2 672.65 200.47 0.9787
217.93 173.31 411.64 243.32 0.97803
717.36 170.7 861.95 272.94 0.97719
512.0 171.95 553.69 191.58 0.97697
35.537 187.24 304.64 273.56 0.97542
667.8 180.68 724.02 223.11 0.97269
497.65 171.44 539.99 191.77 0.972
449.49 165.93 521.81 199.61 0.97108
146.97 177.81 346.96 297.53 0.9703
690.34 178.35 778.64 228.8 0.96289
24.607 191.52 280.84 296.75 0.95841
633.95 176.45 660.79 198.07 0.9576
273.88 176.74 416.35 247.86 0.95742
475.27 172.59 535.14 200.47 0.9518
437.29 173.03 503.04 205.01 0.94011
640.73 183.51 672.9 207.22 0.93929
71.946 177.3 323.48 254.47 0.93182
399.75 179.06 487.73 222.85 0.92801
442.34 175.27 516.61 210.44 0.92653
426.62 176.0 490.91 209.94 0.92459
178.7 198.76 365.69 280.33 0.92396
376.22 161.2 499.98 223.43 0.92223
685.54 176.78 735.19 256.2 0.90518
645.85 175.95 679.59 201.24 0.90075
149.82 177.14 413.62 282.13 0.90024
500.52 172.1 536.65 196.97 0.89198
302.1 172.01 439.42 230.6 0.89022
629.81 172.98 676.77 203.52 0.88738
10.706 181.36 247.76 268.77 0.88731
345.5 172.67 452.0 239.71 0.8821
402.99 165.9 477.67 215.11 0.87819
0.0 151.37 474.67 366.28 0.86826
466.78 167.23 518.65 202.74 0.86221
277.93 177.93 432.0 240.83 0.86023
354.75 166.42 463.15 215.9 0.85762
17.95 197.23 251.97 321.1 0.85252
252.72 178.16 392.97 253.75 0.85196
480.98 170.72 541.69 201.14 0.85057
630.83 172.2 663.88 193.85 0.84677
356.55 181.7 473.8 234.4 0.84252
625.42 175.7 643.73 193.72 0.82557
480.1 168.41 534.1 194.03 0.82427
727.35 150.72 828.72 309.7 0.80438
295.67 159.06 479.47 226.06 0.80074
740.6 175.96 871.43 262.06 0.79509
645.5 173.99 667.67 213.4 0.78265
681.74 168.35 817.41 240.3 0.77184
423.06 165.15 516.57 202.81 0.76674
516.93 173.22 550.15 195.68 0.76513
91.902 185.53 333.45 318.41 0.76007
645.42 174.22 757.29 239.27 0.75926
99.745 208.93 353.66 306.82 0.75858
677.81 178.33 757.75 223.98 0.75387
674.23 181.07 724.99 214.5 0.74941
469.1 174.85 530.33 203.68 0.74442
753.53 176.26 843.83 225.52 0.72529
635.05 178.87 664.99 203.34 0.72368
658.48 183.06 708.74 221.42 0.72208
694.04 183.95 811.84 267.67 0.71383
502.62 178.06 541.71 199.99 0.71291
488.63 176.22 539.29 202.02 0.70641
26.074 176.13 277.0 248.9 0.69851
702.96 165.64 835.64 260.33 0.69851
97.547 178.3 314.99 283.03 0.69111
706.27 175.23 802.97 229.44 0.68608
680.25 175.44 718.08 240.31 0.67887
416.29 174.04 481.37 206.36 0.67816
715.52 156.22 802.92 300.76 0.67428
330.37 168.2 450.94 235.66 0.6739
670.24 178.28 716.7 212.92 0.66801
493.98 168.82 532.87 195.47 0.66673
643.02 171.92 662.83 209.59 0.66588
654.95 176.56 695.14 204.51 0.66268
669.25 176.09 696.45 225.17 0.64467
8.6039 191.02 227.49 363.15 0.63536
676.27 172.39 795.86 251.49 0.63534
471.16 167.95 526.79 195.42 0.6314
681.25 168.16 728.92 242.29 0.62591
156.08 164.82 442.61 269.02 0.61825
471.97 165.58 539.71 199.21 0.61741
672.79 174.93 706.21 234.71 0.61531
656.12 173.19 677.69 216.45 0.61359
511.2 170.33 549.92 187.93 0.61323
635.18 167.74 653.73 202.17 0.61263
708.64 168.57 857.59 246.95 0.60835
247.22 184.4 401.29 245.6 0.60739
508.79 171.07 542.31 193.65 0.60675
392.14 154.47 528.46 221.45 0.59583
652.3 173.86 672.96 215.55 0.59353
42.396 204.23 330.75 311.67 0.59328
0.0 69.568 393.54 375.0 0.58869
721.49 170.72 813.77 313.68 0.58726
692.88 176.85 795.88 237.23 0.58219
407.22 164.02 495.98 203.26 0.56105
368.2 157.06 472.15 225.65 0.55105
706.89 176.04 785.77 216.49 0.53056
624.32 174.28 645.89 191.31 0.52764
0.43102 193.27 198.72 292.52 0.51904
680.67 182.28 784.83 244.12 0.50468
633.3 177.78 654.68 196.62 0.50209
638.31 168.34 655.89 205.21 0.48732
649.35 170.05 670.24 209.29 0.47658
627.33 171.05 657.99 189.84 0.46445
696.39 197.88 849.36 291.54 0.46291
163.83 172.57 370.68 245.73 0.46095
222.13 187.47 372.19 245.92 0.45909
660.54 171.76 682.3 214.56 0.45797
664.69 171.62 687.4 216.92 0.44992
726.03 176.09 825.66 227.85 0.44599
668.74 172.34 692.29 218.67 0.43553
662.78 174.89 688.38 221.9 0.42375
633.01 169.12 649.45 199.85 0.42233
493.11 168.98 537.03 189.42 0.41308
270.71 172.03 415.65 232.9 0.4127
650.14 178.67 669.24 215.92 0.40559
622.84 175.68 638.3 192.13 0.39364
0.0 179.57 228.96 246.2 0.39331
657.79 184.68 697.87 218.46 0.37346
421.37 181.59 487.7 212.14 0.36857
671.78 172.19 697.48 221.57 0.36457
701.67 168.43 747.34 256.65 0.36328
461.45 176.67 523.05 207.86 0.35966
745.21 153.89 840.32 291.53 0.35272
641.83 166.9 659.73 201.27 0.35119
486.41 166.01 528.89 196.37 0.34127
673.78 171.42 705.37 221.59 0.33638
646.77 153.41 882.58 291.07 0.33111
661.22 169.44 686.29 216.32 0.3219
7.8356 218.98 205.94 350.38 0.31917
762.54 174.64 841.01 211.62 0.31849
722.72 173.24 805.09 215.26 0.29109
679.75 170.78 715.82 226.15 0.29083
420.19 162.59 499.57 211.46 0.28922
0.0 124.74 513.69 328.93 0.28494
663.62 175.85 690.78 222.23 0.28182
314.72 184.52 445.2 241.65 0.2797
653.58 168.41 678.49 215.3 0.27969
255.32 174.53 392.68 230.0 0.2774
705.73 160.96 771.95 282.72 0.27493
775.54 177.82 851.57 225.84 0.27448
402.46 171.76 472.87 206.74 0.2675
742.43 173.02 830.77 212.25 0.26161
664.93 176.3 698.25 207.55 0.26123
435.34 171.47 492.82 201.17 0.25694
663.92 186.53 713.12 226.19 0.25626
380.87 151.15 419.9 248.7 0.25177
695.15 166.72 738.79 245.37 0.25065
639.77 175.77 658.62 210.22 0.24964
679.07 175.16 705.57 226.39 0.24801
645.77 168.28 664.93 202.09 0.2452
252.83 157.22 458.48 228.29 0.23804
76.251 139.56 194.64 375.0 0.23697
490.95 170.27 551.33 200.08 0.22754
120.88 168.33 344.65 238.25 0.21583
672.2 183.87 738.93 228.8 0.21437
387.63 151.97 427.84 235.76 0.21071
326.86 163.99 448.07 227.95 0.21015
0.0 14.632 304.04 375.0 0.20679
688.37 167.85 734.27 235.44 0.20603
661.25 177.0 706.41 204.69 0.20411
646.35 167.97 672.59 216.17 0.20299
8.785 241.9 186.79 364.7 0.2003
720.62 170.28 811.47 236.8 0.19998
284.11 168.18 424.38 224.15 0.19613
375.97 162.33 476.71 204.84 0.19484
622.46 173.36 640.85 189.65 0.19418
630.74 171.85 643.21 197.69 0.1936
450.72 169.49 514.49 196.68 0.19291
674.89 175.78 701.28 224.99 0.19182
644.84 182.01 662.72 212.59 0.19064
355.29 173.93 481.3 239.33 0.18659
647.89 164.12 679.87 214.04 0.17571
206.15 158.14 490.97 261.03 0.1754
449.81 162.22 477.45 222.74 0.17519
431.92 165.21 464.39 233.23 0.17513
619.0 173.81 634.04 189.79 0.17442
761.22 163.85 848.21 306.68 0.16776
442.45 160.3 471.32 225.21 0.16636
1215.5 160.29 1233.9 234.32 0.16597
416.98 158.62 447.55 230.15 0.16279
1212.1 161.47 1230.2 234.32 0.16126
704.51 172.96 781.38 297.78 0.15934
392.45 155.18 434.89 248.32 0.15749
703.31 174.05 807.82 254.33 0.15595
652.72 175.98 686.71 198.63 0.15035
8.2686 212.63 145.48 356.56 0.14868
458.71 175.53 527.53 207.94 0.1481
480.6 158.87 502.35 207.65 0.14653
670.83 192.43 719.32 230.38 0.14649
662.75 170.36 678.7 208.29 0.14612
500.68 161.86 521.51 206.94 0.14237
23.821 177.65 230.33 304.89 0.14012
440.81 171.49 500.11 194.61 0.13942
467.68 160.82 495.47 216.37 0.13908
641.59 174.99 673.16 193.93 0.13884
15.671 169.36 371.18 288.1 0.13873
17.793 156.71 184.21 375.0 0.1377
628.89 178.66 647.52 196.09 0.1363
405.92 154.99 441.41 233.24 0.13622
521.04 173.34 559.07 191.23 0.13481
731.3 184.26 859.37 295.02 0.12978
628.86 165.8 679.59 206.32 0.12722
747.22 170.23 837.25 232.32 0.12461
666.91 168.26 682.6 208.03 0.12235
194.49 187.36 334.62 245.66 0.11797
433.39 155.86 464.94 220.12 0.1177
451.9 181.57 513.88 210.26 0.11657
424.47 166.09 456.82 236.4 0.11629
240.49 191.86 381.49 253.13 0.11557
77.485 110.24 202.84 328.84 0.11531
505.61 163.65 524.27 205.76 0.11512
670.29 168.73 687.75 210.16 0.11026
738.52 169.99 812.59 200.11 0.10905
710.75 163.72 756.5 256.87 0.1079
215.71 180.8 359.37 236.8 0.10695
474.21 161.91 502.22 214.62 0.10635
459.27 159.34 488.08 217.25 0.10406
419.22 178.05 498.05 219.16 0.10243
728.66 147.32 814.98 266.48 0.10202
496.52 160.52 517.94 207.71 0.10145
677.61 171.09 698.12 215.97 0.10113
106.67 140.49 214.91 375.0 0.099658
52.112 136.92 175.46 375.0 0.099623
758.94 171.39 849.45 243.92 0.099616
661.45 188.5 699.95 223.08 0.099549
661.96 163.87 746.97 240.06 0.099405
696.94 169.8 744.39 265.09 0.098667
413.23 152.28 553.57 215.05 0.097049
492.87 159.91 513.78 206.7 0.09701
663.85 167.58 696.67 217.63 0.096597
0.0 199.15 177.11 317.36 0.095557
245.33 187.5 374.19 269.97 0.095054
655.91 186.05 688.83 214.49 0.092716
421.65 171.31 478.62 200.27 0.086178
81.812 165.69 323.71 233.2 0.084552
110.96 111.55 222.53 329.04 0.084341
296.04 180.91 440.25 252.12 0.084152
521.66 167.93 537.19 201.57 0.083414
653.46 170.43 673.51 201.45 0.083369
665.85 175.82 727.5 213.34 0.083367
742.55 176.61 804.15 200.63 0.080199
402.2 181.21 480.6 213.77 0.077746
425.69 155.32 455.92 220.77 0.076935
526.82 174.46 563.23 194.44 0.076181
0.0 186.66 174.29 264.58 0.075706
624.16 167.99 670.67 202.45 0.075318
627.05 166.22 740.76 230.35 0.074562
260.32 178.03 321.05 301.58 0.07439
700.98 176.05 770.13 223.49 0.074035
612.41 171.76 630.68 187.82 0.073612
1208.8 161.99 1227.1 234.27 0.073337
469.19 167.06 521.89 190.26 0.071811
484.59 161.78 504.89 210.69 0.071523
684.08 170.6 708.46 223.54 0.071008
84.616 228.81 315.52 314.53 0.069394
1215.4 175.36 1233.9 252.33 0.068717
282.7 169.34 333.74 290.09 0.068567
487.2 163.97 545.94 198.65 0.067992
406.51 157.3 501.72 221.86 0.066802
35.897 220.2 297.4 319.17 0.064639
685.75 161.45 737.61 259.14 0.063505
488.36 159.65 509.23 206.88 0.062338
627.95 171.64 637.74 195.26 0.062035
634.07 171.34 663.18 189.87 0.060794
1219.3 159.87 1237.2 235.61 0.059667
614.79 172.86 632.74 189.42 0.059378
431.81 179.32 498.82 213.46 0.059326
716.72 149.15 796.05 265.62 0.05919
168.82 194.07 320.6 251.67 0.058951
637.01 174.33 653.83 205.14 0.058696
790.46 158.73 839.07 269.98 0.057941
464.97 153.72 500.36 212.39 0.057763
674.27 168.26 692.96 210.16 0.05716
728.17 171.2 796.53 202.98 0.057061
735.64 171.08 879.02 238.51 0.057048
221.18 171.72 287.81 322.2 0.056723
648.17 187.99 674.15 207.85 0.056034
297.21 171.92 345.56 282.28 0.05594
4.5781 184.83 40.079 313.14 0.055312
24.755 170.76 155.65 364.96 0.054572
512.03 175.96 546.23 198.48 0.053954
170.63 203.5 350.74 306.17 0.05365
752.48 170.84 827.23 200.22 0.053542
481.48 164.3 508.08 214.15 0.053435
448.45 157.74 528.35 193.44 0.051535
638.42 165.8 656.21 193.63 0.051421
189.45 159.95 255.06 327.39 0.050887
398.27 154.99 433.64 223.71 0.050773
237.28 176.76 371.43 227.01 0.050297
681.93 171.9 701.63 216.39 0.050286
638.89 186.27 669.36 205.67 0.050232
12.187 164.48 252.62 227.41 0.04952
621.83 171.6 645.55 189.42 0.049507
16.906 255.82 205.97 350.91 0.049294
1211.8 174.62 1230.5 252.89 0.049215
762.66 174.72 866.17 277.79 0.049166
0.5979 200.88 108.07 362.68 0.049111
643.15 189.16 670.06 207.52 0.048895
331.28 155.48 385.52 258.6 0.048557
511.5 167.03 526.78 202.96 0.047583
256.12 169.79 380.61 218.47 0.047476
455.31 167.21 485.62 224.03 0.04689
658.42 171.86 676.46 202.39 0.046853
520.36 175.57 554.04 196.85 0.046289
720.84 160.0 767.51 259.31 0.045554
669.69 180.53 699.8 230.29 0.045138
517.58 168.44 532.09 201.84 0.04507
242.18 174.4 304.68 312.35 0.044709
61.177 171.58 165.97 363.75 0.044489
471.25 157.76 505.63 209.06 0.044165
345.38 152.8 397.05 259.38 0.043806
375.26 152.46 410.08 245.16 0.042973
624.02 178.56 637.32 193.29 0.042899
205.75 164.6 270.42 323.83 0.042563
764.9 179.24 823.94 205.06 0.04232
717.74 172.87 828.88 259.52 0.042199
690.68 156.72 749.86 257.29 0.041964
1219.4 175.63 1237.1 252.58 0.041338
678.41 185.43 706.81 234.59 0.041022
3.8492 243.4 136.22 367.39 0.040655
446.89 149.54 486.72 213.05 0.040618
3.2237 179.38 32.548 323.73 0.040207
718.32 171.93 792.92 222.7 0.040192
637.75 163.87 665.14 209.99 0.040139
373.9 160.17 459.97 211.43 0.040051
359.59 151.24 409.05 257.44 0.039885
376.15 151.96 425.45 255.63 0.039691
609.33 171.06 627.45 186.7 0.039618
652.25 186.08 679.57 210.74 0.039229
756.66 176.51 815.29 199.47 0.039164
478.63 161.59 497.93 211.15 0.038299
0.0 238.28 229.8 375.0 0.038222
437.82 147.82 478.63 214.64 0.037418
631.94 164.56 649.76 194.24 0.037412
456.51 153.32 492.93 211.81 0.036459
524.37 165.89 541.3 198.59 0.036025
648.96 176.49 678.16 195.65 0.035423
384.06 152.11 422.69 222.32 0.035365
451.07 162.96 469.61 208.18 0.035029
737.57 182.54 848.5 242.72 0.03448
729.11 168.32 813.3 221.9 0.034102
809.93 172.25 849.57 190.13 0.033325
369.63 138.27 437.02 242.6 0.03316
128.11 195.67 276.0 252.3 0.032906
686.57 171.58 705.45 218.58 0.03289
394.25 183.72 481.36 229.75 0.032523
381.45 137.7 538.34 212.0 0.032316
0.0 87.772 254.56 375.0 0.032221
674.86 157.51 728.86 272.13 0.031787
440.63 175.25 506.0 212.19 0.031766
401.65 165.8 441.23 250.2 0.031546
297.07 154.96 354.99 257.62 0.031491
471.04 162.42 488.55 211.24 0.031205
624.87 172.2 633.57 193.69 0.030958
674.23 177.37 711.57 205.84 0.030856
270.09 166.39 323.17 270.69 0.03068
709.86 183.61 819.17 248.76 0.030414
175.93 155.24 236.76 324.69 0.030255
386.87 150.89 437.27 250.76 0.029301
745.63 172.61 806.35 195.94 0.029259
502.61 159.84 522.56 195.31 0.029205
312.87 173.45 360.87 276.1 0.029043
391.17 172.26 458.49 206.76 0.028806
680.09 190.66 743.72 231.2 0.028379
280.5 154.72 343.16 257.74 0.028301
637.71 157.69 674.45 213.59 0.027983
711.12 113.31 837.94 324.9 0.027842
1212.3 188.97 1229.9 260.71 0.027763
151.7 115.19 245.9 321.37 0.02773
513.31 166.91 552.47 184.14 0.027341
759.16 181.02 821.78 209.72 0.027251
315.74 153.01 371.55 258.63 0.026997
429.73 148.4 466.5 211.43 0.026801
729.11 155.39 777.39 262.72 0.026581
353.01 137.3 419.48 241.24 0.026462
41.651 218.65 151.3 375.0 0.026386
618.56 171.17 639.06 188.6 0.02632
529.14 172.87 565.84 190.53 0.026247
782.92 158.53 830.84 262.84 0.026194
398.67 177.39 466.29 210.23 0.025935
335.89 138.16 409.94 244.93 0.025847
716.98 166.15 753.21 246.08 0.025834
53.476 103.04 172.45 331.29 0.025643
386.69 137.31 448.81 240.61 0.025639
7.8188 192.73 132.56 333.79 0.025534
803.9 172.54 844.46 193.46 0.025333
771.47 180.76 829.53 211.88 0.025295
658.08 174.55 692.71 197.33 0.02509
9.1916 196.32 30.78 268.16 0.024979
365.91 149.67 400.87 243.12 0.024868
677.61 187.39 750.66 237.91 0.024483
741.64 170.15 800.83 192.78 0.024475
446.61 164.02 465.83 213.07 0.024343
735.28 159.57 787.5 267.87 0.024133
332.41 176.93 448.42 249.61 0.023745
429.66 162.59 448.5 210.67 0.023686
748.02 178.83 809.65 203.46 0.023408
3.6155 192.54 31.236 365.44 0.023305
356.76 146.65 393.48 242.36 0.023042
527.56 171.12 542.09 201.32 0.023016
698.8 170.89 754.27 284.34 0.022961
467.61 162.13 484.53 210.55 0.022944
734.77 169.05 832.25 247.0 0.022613
0.21429 173.44 146.04 375.0 0.022276
458.47 168.01 517.03 191.64 0.02216
1208.9 146.43 1238.8 269.01 0.022107
144.33 134.56 242.99 358.27 0.022004
672.31 192.05 766.99 250.85 0.021485
416.37 148.94 451.55 215.16 0.021389
5.8525 209.34 78.12 364.92 0.021246
392.28 171.02 488.39 241.38 0.021054
798.45 161.14 848.43 278.62 0.02101
437.29 167.08 472.08 231.24 0.020981
484.13 178.3 531.29 206.05 0.020833
412.15 169.96 449.31 242.71 0.020743
0.0 275.91 29.592 375.0 0.020703
0.0 174.35 7.1814 228.25 0.020254
353.29 161.57 459.4 203.62 0.020104
690.42 170.68 708.71 218.1 0.019952
433.77 164.3 451.75 210.78 0.019843
668.0 175.33 759.22 260.67 0.019703
754.21 181.71 840.42 320.18 0.019687
683.5 163.33 725.01 226.84 0.019451
497.01 166.04 559.67 198.21 0.019357
744.82 167.02 797.75 188.6 0.019339
795.37 162.48 834.85 252.25 0.019182
454.61 162.09 473.29 208.57 0.019171
401.2 132.09 524.22 221.25 0.019167
488.96 165.02 514.63 211.76 0.018765
383.03 159.88 400.79 212.0 0.018751
326.83 169.17 376.97 267.53 0.018747
478.93 156.03 511.95 207.9 0.018392
157.42 188.62 293.75 241.94 0.018385
765.67 183.92 859.95 240.53 0.018255
474.89 161.32 493.12 210.84 0.018069
0.0 357.95 6.8141 375.0 0.018063
739.93 158.51 781.5 248.24 0.017759
12.967 198.56 34.816 266.0 0.01769
1205.2 162.06 1223.1 225.75 0.017654
674.8 184.32 745.42 245.3 0.017526
778.28 179.22 832.37 207.26 0.017343
662.81 175.72 690.24 201.2 0.01734
778.38 171.89 844.95 216.27 0.017206
758.38 148.83 839.57 268.05 0.016972
676.22 179.05 737.13 219.74 0.016846
784.06 174.9 855.75 212.22 0.016781
161.05 153.1 220.44 320.92 0.016407
620.79 170.53 630.45 193.92 0.016258
769.35 177.85 824.76 199.83 0.016055
528.35 167.62 543.66 197.6 0.016049
506.96 160.93 524.41 194.7 0.015986
388.12 160.68 411.06 220.42 0.015946
633.24 154.36 666.77 209.02 0.015903
386.84 159.26 405.65 211.89 0.0159
1207.9 175.12 1227.0 251.91 0.01576
1224.0 168.96 1240.7 250.21 0.01566
1224.2 142.18 1242.0 248.71 0.015636
9.1522 160.94 219.98 329.37 0.0156
628.71 164.81 643.12 193.19 0.015486
321.42 134.12 397.98 247.7 0.015386
636.11 183.59 661.42 203.18 0.015383
422.54 185.92 485.39 218.52 0.015379
1215.6 192.74 1233.0 264.68 0.015371
153.48 164.77 330.81 249.8 0.015294
725.12 162.96 762.36 247.68 0.015142
797.68 171.74 841.54 190.37 0.01505
343.15 138.76 514.18 214.37 0.014994
765.98 155.06 817.79 269.19 0.01499
431.93 171.4 489.27 192.2 0.014965
644.52 157.51 682.6 219.62 0.014756
797.76 177.14 844.24 198.92 0.014682
13.571 182.43 164.62 305.08 0.014524
4.4888 197.83 42.884 342.22 0.014482
144.86 234.64 334.3 313.03 0.014429
393.72 158.57 413.93 213.41 0.01441
788.16 161.67 827.84 248.15 0.014377
686.74 175.04 713.16 231.44 0.014269
660.11 178.31 679.53 218.6 0.014243
711.82 207.68 833.17 279.22 0.014242
779.77 159.16 820.35 246.58 0.014191
468.15 158.63 541.97 192.36 0.014055
1211.3 142.39 1230.1 207.72 0.014054
402.04 146.84 450.34 242.89 0.014041
427.51 156.52 518.65 194.11 0.013993
268.58 188.92 410.17 251.87 0.013963
1200.5 149.75 1234.8 264.57 0.013847
1215.1 140.94 1233.6 209.21 0.013664
771.03 171.71 840.3 201.44 0.013566
426.0 162.51 445.23 210.34 0.013545
662.76 181.72 685.51 224.48 0.013545
1220.4 151.54 1236.5 221.87 0.013524
733.61 159.44 772.09 249.35 0.013524
747.63 154.79 788.95 251.02 0.013385
784.07 177.08 835.33 200.1 0.01338
736.45 162.39 812.65 192.48 0.013373
3.1095 174.13 21.032 233.66 0.013294
464.34 166.91 490.93 218.67 0.013188
1208.3 153.6 1226.5 219.53 0.013145
379.19 159.53 397.43 211.69 0.013002
782.43 173.88 855.16 244.2 0.012976
671.03 125.46 740.9 254.3 0.012931
672.93 146.73 925.76 298.89 0.012905
0.038421 174.11 16.803 234.28 0.012874
710.95 171.94 779.84 205.19 0.012766
0.0 0.0 142.39 375.0 0.012717
89.679 157.63 171.37 339.62 0.012688
631.15 180.63 649.07 198.38 0.012634
448.81 165.66 469.94 217.94 0.01261
10.524 172.72 185.98 276.67 0.012592
656.02 166.83 680.19 228.2 0.012521
264.15 152.36 328.9 256.6 0.012416
789.71 173.09 839.11 193.9 0.012321
312.9 165.2 436.2 214.47 0.012256
708.73 168.3 746.28 234.51 0.011981
32.658 239.75 248.89 339.61 0.011946
831.9 157.87 878.62 178.07 0.01178
752.99 167.01 806.87 187.85 0.011717
673.37 194.91 727.42 234.73 0.011641
817.89 171.12 856.11 190.09 0.011549
217.76 178.87 337.39 224.88 0.011525
498.46 158.68 518.81 194.3 0.0115
0.0 332.03 14.723 375.0 0.011478
417.32 141.44 469.22 246.3 0.011448
181.86 121.14 268.74 312.07 0.011339
793.22 169.97 857.33 302.13 0.011258
277.3 168.11 394.93 211.9 0.010943
201.36 194.73 357.05 252.29 0.010887
503.98 165.2 542.78 184.26 0.010803
405.61 134.93 460.37 239.39 0.0108
11.94 162.84 122.79 364.25 0.010707
168.39 164.39 243.7 343.56 0.010676
1201.2 116.57 1242.0 298.83 0.010651
253.18 164.19 306.41 267.4 0.010591
391.53 162.99 414.91 222.66 0.010536
755.64 154.95 796.45 250.78 0.010454
169.16 146.85 221.33 292.08 0.010233
408.47 147.41 443.69 214.39 0.01017
0.0 206.44 190.61 369.06 0.010168
44.552 98.901 565.84 306.01 0.010165
7.2553 179.94 39.795 283.42 0.010157
783.54 169.32 801.09 223.42 0.010154
681.26 177.04 728.66 211.74 0.010087
624.89 165.51 637.3 192.73 0.010061
201.51 155.6 407.92 229.49 0.010051
380.29 164.64 401.61 221.39 0.010006
0.0 186.47 11.211 214.3 0.010004
1223.8 154.91 1240.3 233.28 0.0099641
421.71 159.12 518.12 224.09 0.009887
614.33 151.56 756.5 226.15 0.0098473
280.95 138.11 490.11 210.84 0.0098465
378.38 174.35 451.0 209.48 0.0098285
231.44 160.68 288.37 271.12 0.0097879
417.23 168.47 467.33 205.0 0.0097768
386.65 166.33 427.63 256.25 0.0097727
628.75 167.92 654.76 188.05 0.0097517
0.0 175.58 12.305 231.99 0.0097339
521.12 163.34 538.2 192.78 0.0096146
350.07 149.83 386.94 250.84 0.0095002
630.3 164.84 694.87 201.77 0.0094827
443.34 163.62 461.01 207.19 0.0094382
428.56 145.85 573.35 210.96 0.009362
639.48 172.79 666.5 191.93 0.0091257
771.66 156.51 813.67 248.05 0.0090994
10.144 186.62 30.394 249.9 0.009081
687.08 168.39 740.47 289.26 0.0090781
727.03 118.63 851.69 361.06 0.0089924
431.81 104.04 501.63 233.07 0.0089639
0.0 259.89 171.26 375.0 0.008959
112.14 200.77 258.64 256.18 0.0089285
0.0 183.74 14.138 307.41 0.0088909
421.8 133.68 477.39 237.85 0.0088674
487.59 155.13 518.36 207.05 0.0088426
750.17 153.14 800.83 272.37 0.0087639
0.957 181.02 22.803 316.4 0.008691
0.0 276.99 172.29 366.73 0.0086657
0.0 195.19 142.41 285.96 0.008584
1225.2 126.64 1242.0 231.89 0.0084589
792.4 178.91 866.51 223.01 0.0083741
432.32 142.92 482.04 253.05 0.0082016
14.997 224.12 107.62 355.25 0.0081268
673.25 172.47 711.2 252.35 0.0080889
101.62 150.13 166.91 306.91 0.0080859
766.73 172.73 918.97 252.38 0.0080644
415.48 106.57 485.53 235.38 0.0080121
0.0 187.15 53.996 375.0 0.0078908
1171.0 148.4 1242.0 236.65 0.007873
764.08 155.88 805.33 249.11 0.0077984
87.328 190.76 207.93 241.19 0.0076816
0.0 316.72 44.008 375.0 0.0076474
1224.5 163.24 1242.0 269.63 0.0076392
673.45 153.53 833.25 220.07 0.0075492
344.68 133.84 479.36 226.82 0.0075209
149.27 150.12 205.96 312.0 0.0073992
381.84 106.63 453.56 236.47 0.0072743
369.98 192.13 463.08 235.47 0.007274
142.22 190.56 268.72 243.77 0.0072021
436.2 158.53 568.62 215.39 0.0071626
117.54 149.73 179.14 306.1 0.0071425
0.0 165.48 194.06 228.59 0.0071161
640.23 154.85 795.14 227.48 0.0070372
196.15 181.78 320.37 235.44 0.0069976
1204.1 176.67 1242.0 221.37 0.0069372
1205.9 169.39 1242.0 213.79 0.0068804
215.97 153.65 273.11 268.63 0.0067709
686.25 126.65 756.03 254.62 0.0067454
671.38 142.29 722.99 246.73 0.0067286
2.0058 205.04 48.336 258.73 0.0066887
3.0158 209.93 49.458 272.22 0.0066346
81.03 151.27 152.36 311.93 0.0066188
653.68 153.02 688.19 218.98 0.0065762
0.0 255.67 102.91 375.0 0.0065709
89.391 0.0 378.57 375.0 0.006554
350.09 153.73 410.68 278.69 0.0065468
717.89 171.78 775.78 266.2 0.0065248
436.69 130.02 492.88 236.08 0.0064553
225.49 128.44 550.44 246.48 0.006423
31.317 107.12 144.88 364.7 0.0062803
656.42 154.23 776.08 239.85 0.0062592
59.039 192.34 179.33 238.14 0.0062527
335.09 160.59 393.22 271.84 0.0060746
1186.3 152.07 1242.0 266.13 0.0060633
5.589 188.29 53.865 319.91 0.0060185
1200.9 148.91 1242.0 332.54 0.0059394
1205.8 184.67 1242.0 228.33 0.0059349
400.12 106.15 467.57 236.76 0.0058671
26.735 191.77 143.89 239.61 0.0057691
1216.8 163.14 1242.0 223.87 0.0057375
365.47 152.38 426.01 285.13 0.0056928
810.15 166.99 851.1 280.05 0.0056671
0.0 208.36 76.209 252.74 0.0056244
1086.7 0.0 1242.0 375.0 0.0055958
225.12 199.29 358.64 294.21 0.0055747
152.41 163.91 228.08 343.41 0.0055585
418.8 151.69 468.86 275.6 0.0054851
134.21 145.67 190.28 306.63 0.0054849
40.834 147.84 131.83 341.44 0.0054286
793.04 169.53 865.11 202.1 0.0054202
803.78 164.88 841.81 251.77 0.005343
355.5 180.96 458.36 253.26 0.0052763
1213.6 138.08 1242.0 260.72 0.0052613
38.195 196.18 159.72 247.63 0.0052277
0.0 159.49 14.941 263.48 0.005201
200.13 146.62 255.74 263.0 0.0051554
67.197 205.92 176.6 375.0 0.0051294
1.5873 160.02 31.905 269.13 0.0050914
0.0 200.33 80.793 245.07 0.0050568
1155.4 45.194 1242.0 375.0 0.0050449
1207.8 161.86 1242.0 205.57 0.0050144
107.84 156.37 180.98 333.41 0.0050002
390.37 147.4 430.76 217.84 0.0049934
159.63 205.29 318.25 260.8 0.0049795
0.0 350.73 22.286 375.0 0.0049733
1169.1 176.74 1242.0 268.15 0.0049371
168.03 182.51 300.72 235.22 0.0049241
662.63 117.3 723.55 243.6 0.0048754
691.58 82.123 820.19 320.34 0.00477
38.422 194.08 304.7 335.08 0.0046679
0.0 206.25 31.036 375.0 0.0046649
749.47 161.26 828.66 191.33 0.0046268
1206.2 192.65 1242.0 236.57 0.0045935
108.97 92.598 237.95 287.35 0.0045769
1216.5 178.02 1242.0 238.66 0.0045436
2.6294 197.11 50.194 248.29 0.0044966
365.51 108.79 440.97 241.37 0.0044755
701.09 223.02 821.11 283.65 0.0044631
2.969 193.47 24.783 346.48 0.004457
1209.4 153.93 1242.0 197.72 0.0044425
380.13 149.6 412.17 213.07 0.0043242
445.3 101.13 514.81 230.9 0.0042925
57.975 202.54 179.34 254.57 0.0042825
1200.4 132.39 1233.5 235.08 0.0042057
724.33 171.53 784.64 208.77 0.0041902
712.38 195.56 830.58 266.84 0.0041586
1207.7 128.26 1238.1 240.98 0.0041343
134.47 206.57 293.04 263.2 0.0040877
0.0 208.51 15.267 343.13 0.0040368
184.11 184.84 264.8 337.76 0.0040341
1158.7 190.46 1242.0 375.0 0.0040293
699.64 153.4 861.51 216.46 0.0040218
692.48 186.83 786.03 258.33 0.0039784
336.37 187.18 471.07 251.23 0.0039454
371.65 165.58 412.13 260.02 0.003935
235.87 171.29 356.53 219.65 0.0039131
711.38 187.36 849.6 281.49 0.0039077
577.88 131.75 882.21 274.34 0.0038165
1218.1 149.01 1242.0 206.78 0.0037994
80.72 200.47 214.2 254.56 0.0037798
1168.8 110.55 1234.7 293.1 0.0037597
385.96 152.29 441.35 291.22 0.0037265
729.84 165.25 760.74 234.98 0.0037168
147.06 98.94 257.4 284.54 0.0037047
409.53 173.05 505.23 243.43 0.0036861
0.0 326.48 61.83 375.0 0.0036797
307.73 129.84 379.18 243.02 0.0036622
726.07 162.72 797.95 194.55 0.0036583
738.08 162.9 770.66 235.42 0.0036536
6.5609 200.14 53.081 370.67 0.0036493
675.44 174.92 749.04 214.32 0.0035995
26.711 204.7 145.4 258.07 0.0035797
6.3731 194.06 115.59 236.94 0.0034563
1175.1 133.95 1242.0 221.87 0.0034241
0.0 151.24 302.3 289.44 0.0034207
668.51 152.08 705.81 223.67 0.0034109
63.549 153.31 142.45 318.71 0.003404
333.27 158.8 446.67 200.72 0.0033552
0.0 146.5 143.71 306.94 0.0033471
652.05 164.82 704.42 207.68 0.0033154
231.37 184.19 313.2 316.84 0.0032938
16.373 198.13 129.56 245.86 0.0032909
1192.3 151.68 1228.7 259.9 0.0032865
662.79 169.04 689.98 244.2 0.0032553
13.922 157.09 95.148 348.44 0.0032473
7.6639 165.92 39.225 259.39 0.0032288
756.98 161.81 926.72 232.62 0.0032161
449.67 124.92 506.65 236.75 0.0031729
240.11 187.85 400.15 265.79 0.0031597
69.979 74.808 209.39 304.09 0.0031553
691.19 173.4 766.26 207.63 0.0031444
1203.9 71.604 1242.0 256.71 0.0031428
683.3 212.06 828.93 295.38 0.0031356
1207.1 200.42 1242.0 243.43 0.0031315
634.59 0.0 922.7 375.0 0.00307
302.36 135.58 462.16 225.21 0.0030359
0.0 282.09 44.774 375.0 0.0030299
0.0 178.63 99.327 375.0 0.0030061
1170.3 192.58 1242.0 283.88 0.0030031
1188.1 123.9 1242.0 238.93 0.0029552
122.73 154.76 195.79 338.97 0.0029549
450.3 140.42 500.04 248.46 0.002939
1129.3 258.75 1242.0 375.0 0.0029173
1183.0 107.98 1242.0 295.61 0.0028883
1076.9 136.76 1242.0 309.63 0.0028761
687.77 191.78 794.91 283.84 0.0027634
1022.7 95.751 1242.0 375.0 0.0027535
138.86 156.99 210.6 339.28 0.0027392
0.0 254.49 301.54 375.0 0.0027239
950.83 126.37 1242.0 375.0 0.0026978
0.0 279.66 63.869 375.0 0.0026088
200.15 184.21 279.95 332.8 0.0025572
422.25 164.63 551.34 230.45 0.0025461
187.67 141.22 240.81 256.53 0.0025372
211.6 119.82 300.22 300.21 0.0025179
1167.1 140.24 1235.5 326.37 0.0025105
591.41 146.92 735.24 220.3 0.0025103
249.1 146.43 312.27 250.11 0.0025027
349.55 105.72 424.81 238.38 0.0024939
129.89 136.84 511.01 255.32 0.0024352
263.16 198.01 400.51 263.22 0.0024249
11.487 276.21 79.922 375.0 0.0024108
430.25 130.09 549.22 214.81 0.0024019
265.82 170.54 335.11 311.17 0.002353
1184.1 180.58 1242.0 300.12 0.0023495
107.25 142.95 161.35 278.88 0.002344
1202.7 287.09 1242.0 375.0 0.0022797
124.04 144.07 175.9 279.23 0.0022686
780.5 148.29 848.86 272.22 0.0022337
301.74 169.97 363.21 288.2 0.0022024
1201.6 196.27 1242.0 366.99 0.0021735
28.378 153.51 112.32 345.6 0.0021485
158.75 153.47 368.98 224.59 0.002134
434.33 150.87 485.03 279.58 0.0020914
0.0 173.43 29.347 353.89 0.0020913
1169.8 209.75 1242.0 302.53 0.002089
1154.2 109.71 1222.5 291.8 0.0020744
227.72 143.11 293.46 254.69 0.0020475
1124.7 113.13 1242.0 345.45 0.0019929
1202.4 0.0 1242.0 83.937 0.0019532
227.98 133.93 461.33 212.85 0.0018795
24.822 276.22 98.93 375.0 0.0018081
330.88 108.32 411.89 241.15 0.0017793
289.93 129.59 360.19 245.25 0.0017619
704.99 123.44 772.5 254.43 0.0017476
116.53 148.85 334.68 219.36 0.0017387
0.0 0.0 32.964 80.41 0.0016967
1157.8 0.0 1242.0 177.2 0.0016898
0.0 132.35 29.588 329.26 0.0016409
87.755 142.21 144.92 282.71 0.0016175
656.59 150.31 704.57 256.18 0.0015687
775.28 177.85 853.69 327.1 0.001541
2.405 213.22 301.0 358.33 0.0015408
657.1 149.18 710.73 289.14 0.0015253
0.0 177.07 144.77 245.91 0.0015165
1176.7 117.78 1242.0 206.14 0.0015123
1167.9 0.0 1242.0 32.051 0.0015074
1079.8 166.1 1242.0 340.61 0.0014948
403.41 155.52 455.3 296.11 0.0014898
375.38 184.62 474.43 257.2 0.0014819
0.0 83.9 30.353 278.45 0.0014776
1189.9 321.7 1242.0 375.0 0.0014774
28.432 231.3 125.38 373.46 0.001411
40.275 277.14 114.53 375.0 0.0014059
77.049 247.26 276.87 332.38 0.0014032
283.68 172.44 348.99 317.26 0.0013896
650.46 110.75 706.13 241.93 0.0013842
202.41 141.41 304.62 331.96 0.0013597
70.704 180.13 222.4 375.0 0.0013187
422.0 133.08 578.91 204.15 0.0013181
132.36 255.14 313.68 321.32 0.0012945
9.0006 153.66 70.001 346.45 0.0012932
1151.4 144.5 1224.1 322.47 0.0012813
726.04 209.72 864.77 299.1 0.0012735
464.93 122.06 520.4 233.64 0.0012492
761.73 159.99 885.09 244.45 0.001249
759.46 145.91 932.03 210.08 0.0012412
462.08 98.458 526.97 226.59 0.0012379
1186.6 212.68 1242.0 334.98 0.0012315
173.31 137.48 225.08 252.84 0.0012193
729.49 151.48 894.75 211.51 0.0012152
0.0 244.67 40.677 361.94 0.0012054
638.79 166.0 730.72 247.29 0.0011673
23.816 152.66 235.21 212.26 0.0011623
651.7 177.33 741.56 263.67 0.0011365
275.44 134.33 348.96 245.22 0.0011026
981.42 190.82 1131.5 261.32 0.0011019
357.99 189.82 489.64 253.54 0.0010882
1182.1 153.95 1242.0 342.81 0.0010844
1180.1 0.0 1242.0 43.011 0.0010719
251.48 203.64 368.75 291.63 0.0010634
979.65 175.96 1135.0 245.84 0.0010537
466.42 136.17 515.31 249.77 0.0010508
961.48 0.0 1242.0 137.64 0.0010304
1167.1 178.3 1238.7 352.78 0.0010183
8.6621 202.71 97.196 328.88 0.0010134
0.0 54.942 54.069 375.0 0.0010082
0.0 135.24 87.057 324.95 0.00099633
89.611 184.27 187.54 369.2 0.00099605
70.553 145.92 134.46 288.02 0.00099033
1096.3 0.0 1242.0 67.514 0.00097094
69.137 150.17 289.19 215.06 0.00094988
2.1396 230.08 68.379 370.57 0.00093759
0.0 320.14 132.5 375.0 0.0009335
0.0 0.0 98.586 375.0 0.00091859
721.23 125.0 789.41 253.2 0.00091632
612.2 157.53 708.34 227.69 0.00088014
48.971 140.74 122.07 301.78 0.00086228
1.9153 181.75 124.97 273.55 0.0008586
1121.7 0.0 1242.0 94.332 0.00084742
1169.2 239.46 1242.0 331.31 0.00084671
1011.6 155.87 1077.5 301.78 0.00083691
1020.7 0.0 1242.0 199.31 0.00083582
793.22 177.86 892.41 272.16 0.00082064
58.479 280.7 130.06 375.0 0.00079514
1142.0 152.37 1242.0 235.71 0.00076323
81.64 48.085 303.65 375.0 0.00075016
992.17 158.79 1158.2 227.71 0.00074432
788.64 158.25 968.13 232.33 0.00073936
754.7 129.28 928.89 195.57 0.00073451
0.0 117.6 151.57 278.97 0.00072746
539.81 92.839 1014.2 375.0 0.00072115
0.0 0.0 69.864 153.85 0.0007131
791.49 143.72 964.47 211.95 0.0006983
634.63 104.58 690.23 246.5 0.00069066
1157.1 143.44 1242.0 251.14 0.00068511
192.14 169.02 463.88 283.08 0.00067425
448.13 151.21 502.88 290.48 0.00065995
0.0 323.02 95.907 375.0 0.00065876
1027.6 177.05 1093.0 318.02 0.00063584
795.28 172.48 964.31 248.66 0.00063348
1010.2 176.28 1170.4 245.01 0.0006222
0.0 0.0 52.092 43.748 0.00061642
1079.4 83.901 1242.0 250.82 0.00061381
737.34 124.77 806.56 255.53 0.00061292
33.382 270.47 196.8 361.03 0.00061226
846.85 163.44 917.66 326.95 0.00061205
53.113 265.44 221.95 347.99 0.00060095
772.26 191.75 865.75 297.18 0.0006006
0.0 59.004 31.312 240.11 0.00058036
286.05 200.68 423.44 265.05 0.00057618
0.0 0.0 317.35 142.62 0.00057507
1043.8 177.61 1109.1 318.61 0.00057234
832.36 165.52 900.06 330.88 0.00057141
1160.2 0.0 1242.0 293.77 0.0005695
688.7 88.985 756.57 246.18 0.0005693
1180.9 101.82 1242.0 189.62 0.00056836
0.0 0.0 229.21 164.59 0.00056126
0.0 271.14 107.93 373.12 0.00055935
568.89 126.23 738.04 201.62 0.00055919
17.997 147.61 89.46 314.62 0.0005561
0.0 148.8 66.78 235.56 0.00055319
5.1565 167.99 49.729 350.74 0.00055207
0.0 249.37 63.876 354.79 0.00055205
1011.7 189.32 1167.3 260.87 0.00054698
1202.4 3.6913 1242.0 196.15 0.00054289
1191.6 92.223 1242.0 205.41 0.00053645
984.21 205.06 1131.9 275.21 0.00052859
668.9 132.02 853.37 199.11 0.00051753
993.73 184.74 1109.4 273.04 0.0005172
255.5 113.8 605.71 249.71 0.00051617
163.97 145.95 281.93 348.76 0.00050707
424.64 174.51 521.65 249.57 0.00049913
815.57 166.53 874.57 323.53 0.00049547
1098.8 200.46 1242.0 363.37 0.00049345
158.72 136.59 207.78 247.44 0.0004905
422.18 160.89 471.59 301.39 0.000488
27.9 0.0 201.95 375.0 0.00048685
1145.9 157.59 1242.0 264.02 0.00048206
727.02 131.06 901.5 192.01 0.00047908
0.0 164.83 63.09 252.83 0.00047676
259.53 116.16 533.61 271.39 0.00047401
1127.0 65.291 1242.0 287.81 0.0004732
244.52 128.81 332.9 299.48 0.00047317
827.42 143.93 994.8 208.3 0.0004687
621.29 122.25 924.83 239.72 0.00043851
713.6 77.488 835.13 292.57 0.00042161
143.6 0.0 447.68 375.0 0.00040991
39.742 121.9 451.52 252.68 0.00038564
654.28 124.58 879.08 260.33 0.0003802
325.66 80.852 440.8 292.83 0.00037744
762.72 87.172 886.09 342.96 0.00036152
0.0 0.0 111.12 78.132 0.00035564
302.48 94.079 406.08 278.63 0.00035495
0.0 0.0 158.98 70.621 0.0003028
14.741 86.245 666.72 326.68 0.00030186
536.92 113.55 851.89 269.1 0.00028759
708.11 143.32 992.34 307.38 0.00028464
696.58 158.01 902.24 330.56 0.00026449
109.07 182.82 254.36 375.0 0.00025522
651.18 59.478 771.98 318.88 0.00024663
277.63 102.01 373.47 281.24 0.00023689
235.02 142.95 334.73 333.42 0.00023584
706.87 137.21 840.21 375.0 0.00022924
5.135 79.794 97.578 375.0 0.00022676
612.85 138.33 844.53 296.75 0.00022496
0.0 82.483 147.78 246.86 0.00021599
114.62 197.99 388.86 326.15 0.00019894
0.0 108.57 572.74 375.0 0.00019512
0.0 13.655 60.114 330.97 0.00019316
406.73 106.77 1075.0 375.0 0.00018971
300.82 117.17 401.44 313.24 0.00018382
1034.1 271.45 1242.0 375.0 0.00018354
662.59 174.33 881.29 332.59 0.00017697
735.5 77.906 860.4 303.99 0.00016425
1088.7 49.979 1242.0 215.7 0.00015951
690.11 52.808 805.94 287.13 0.00015418
357.78 69.632 473.36 307.49 0.00014751
145.03 188.63 288.35 375.0 0.00014193
937.07 0.0 1242.0 375.0 0.00013342
1089.5 83.639 1234.0 375.0 0.00011917
329.01 113.06 439.68 331.38 0.0001182
0.0 72.904 90.736 258.84 0.00011802
1052.5 202.92 1188.2 375.0 0.00010865
116.45 126.71 410.43 264.83 0.00010261
762.12 0.0 1050.9 289.22 9.8031e-05
79.632 201.6 330.04 350.03 9.8017e-05
0.0 131.69 207.06 280.53 9.5196e-05
23.872 24.357 136.54 346.97 9.4286e-05
695.98 0.0 985.29 295.12 9.2312e-05
801.31 59.162 930.27 355.09 9.015e-05
615.81 37.085 747.89 346.11 8.7582e-05
532.6 0.0 1160.6 110.86 8.5142e-05
486.22 98.202 826.25 243.01 8.3204e-05
177.6 197.93 322.24 375.0 8.1349e-05
