605.21 182.09 648.85 196.12
282.69 184.06 372.85 205.4
838.93 176.48 858.89 218.52
323.96 180.22 385.28 203.74
677.04 179.23 707.9 193.93
822.74 154.36 840.49 199.76
288.08 178.22 365.46 204.41
290.75 179.45 380.37 211.1
287.18 183.51 364.69 208.85
599.99 178.52 652.39 197.92
595.36 176.39 647.91 196.02
605.71 178.08 650.12 194.8
602.11 176.55 650.87 191.18
610.41 181.2 653.41 197.5
604.51 181.87 650.81 200.05
603.73 175.47 644.86 193.67
840.4 168.2 857.56 212.63
838.42 169.7 852.31 208.6
841.61 175.56 856.47 215.65
668.23 176.49 704.06 193.98
669.87 173.3 701.45 191.77
674.19 172.79 704.89 189.77
676.52 170.79 706.92 186.6
816.01 160.95 832.16 193.55
817.56 148.22 848.83 209.09
315.67 176.85 379.6 201.43
315.68 181.07 385.15 206.46
327.73 179.18 382.91 200.96
316.53 174.89 393.95 205.53
270.89 176.28 375.5 209.48
803.38 176.13 839.66 192.99
