611.11 175.83 683.54 215.79
482.02 180.71 529.79 211.61
501.67 168.6 548.11 208.68
407.3 173.53 475.86 234.32
565.87 153.51 571.71 183.79
573.02 152.28 654.76 184.16
733.0 149.44 802.34 190.81
569.4 159.28 650.74 193.77
571.94 151.07 660.06 186.52
725.13 145.11 807.77 191.19
606.29 173.09 674.42 217.74
612.95 171.76 679.23 210.43
618.68 181.61 674.36 215.6
617.34 179.3 683.9 219.57
408.97 180.72 482.14 236.44
481.7 173.18 538.1 209.68
472.12 181.64 530.75 210.62
477.38 176.38 532.36 214.92
498.18 168.87 549.73 206.81
507.81 172.21 553.74 209.5
556.36 162.21 567.3 191.37
557.48 144.69 572.1 183.14
560.37 145.58 574.83 184.73
556.76 158.75 568.79 185.62
474.14 169.77 544.33 212.89
489.35 166.63 552.64 207.92
