592.61 180.86 646.16 217.76
488.79 172.89 532.96 209.46
638.51 151.85 643.79 191.8
668.05 152.24 686.17 183.22
641.83 148.61 741.62 196.02
670.08 153.55 680.17 183.91
631.86 170.65 663.05 188.41
691.75 173.74 731.4 183.27
673.81 152.51 677.17 182.79
419.81 148.69 509.71 186.36
1215.52 115.99 1242.0 179.27
416.42 156.58 514.6 194.92
650.0 157.95 733.46 191.96
648.86 152.87 745.83 188.27
588.2 175.45 640.14 219.47
590.66 175.86 637.42 219.77
602.08 173.91 641.23 213.17
594.85 178.32 648.68 214.19
601.87 171.59 647.55 216.97
588.97 174.04 646.59 209.85
598.03 182.58 640.99 223.38
588.37 178.6 651.71 223.99
486.3 171.56 537.39 210.11
489.02 167.47 532.79 204.03
480.99 170.59 533.84 200.13
485.75 169.29 523.63 201.11
485.37 177.64 529.61 212.66
481.91 172.53 536.18 214.76
631.93 168.15 655.11 198.11
634.63 164.02 659.04 194.92
683.64 167.49 722.79 193.17
670.85 157.86 695.54 184.04
664.38 156.93 690.83 185.18
659.55 156.16 685.88 184.09
673.54 147.7 687.6 189.5
677.26 146.53 691.58 190.47
669.51 146.25 685.34 190.72
1220.3 115.45 1242.0 175.3
635.88 157.3 653.24 201.73
633.65 153.85 649.37 198.91
629.17 156.62 643.07 198.86
661.76 162.45 687.38 191.08
485.86 170.11 546.77 210.41
