966.19 169.81 1154.36 229.98
660.67 186.97 682.26 195.89
674.16 184.41 724.11 228.98
691.73 187.95 770.91 245.64
522.88 185.19 536.7 211.53
961.03 168.51 1157.5 234.84
690.58 193.23 774.8 248.75
696.99 183.58 777.65 243.49
674.1 183.35 731.37 231.7
674.53 187.55 718.84 229.0
671.57 180.1 717.85 226.51
678.01 186.17 732.65 229.66
678.23 181.96 727.7 221.98
666.03 187.63 714.98 220.93
678.67 193.06 727.84 234.65
665.61 185.67 724.24 234.38
654.36 177.29 681.61 201.44
655.23 179.48 676.01 199.44
658.62 177.7 686.23 198.65
653.09 181.27 684.49 203.31
654.75 182.36 677.81 202.49
660.49 179.49 691.45 201.86
665.96 177.09 688.67 199.21
669.62 178.11 691.84 198.69
513.25 175.62 533.14 220.15
518.0 176.49 536.34 218.53
522.8 177.26 539.72 217.08
527.07 179.42 543.28 215.78
515.86 176.78 532.89 209.34
519.55 176.45 535.25 207.16
681.12 185.89 767.88 245.52
676.6 181.5 748.06 235.96
860.63 174.79 995.56 223.56
0.0 230.01 179.03 369.31
278.86 182.54 362.07 215.82
945.66 177.42 1076.0 226.54
