535.96 183.57 569.01 214.39
438.89 186.67 536.48 251.06
666.98 182.67 734.21 233.42
638.24 187.31 649.02 192.4
653.37 182.9 684.24 214.75
665.81 185.8 681.64 220.73
514.99 186.57 545.12 230.64
653.36 175.03 681.78 189.16
487.96 171.98 510.85 184.93
443.72 182.33 535.23 254.36
441.34 178.23 537.05 256.7
660.5 178.29 736.51 232.6
658.78 181.42 725.86 225.61
674.21 181.72 730.78 225.68
675.0 182.92 739.24 238.49
657.02 190.67 740.87 234.16
662.88 191.94 728.48 240.35
532.39 180.05 571.1 213.72
538.59 180.37 574.45 209.21
544.84 179.0 578.09 206.63
530.4 180.2 563.6 210.7
529.31 185.06 567.12 215.13
537.02 178.53 567.8 206.64
538.02 185.02 570.28 212.44
532.11 189.09 563.82 214.18
539.19 176.07 563.56 216.68
532.46 175.2 577.99 212.33
527.2 190.16 560.16 216.52
544.15 174.44 565.76 212.81
537.64 191.75 566.21 214.62
542.15 182.55 564.59 218.17
533.11 192.2 561.74 218.45
545.55 188.77 571.76 211.44
513.31 186.1 540.31 236.45
509.38 180.38 536.45 232.69
507.3 176.97 537.8 240.17
519.33 186.64 543.18 234.09
513.59 186.22 549.53 221.08
511.09 190.79 546.94 228.44
519.75 192.19 548.97 224.82
521.92 181.05 542.08 227.91
516.47 178.57 537.94 224.57
481.33 175.03 520.09 191.78
479.19 171.93 516.64 190.13
486.7 174.74 514.12 193.88
492.88 175.73 519.37 194.43
489.79 172.96 516.54 191.33
483.74 171.22 510.86 191.94
653.5 174.84 688.44 196.92
645.15 174.3 676.05 193.66
654.65 174.38 680.2 195.38
647.44 178.2 689.22 213.37
643.38 176.01 690.39 216.44
650.62 176.49 684.19 207.97
651.37 184.32 689.93 220.91
660.69 177.69 690.13 207.28
647.34 186.96 677.04 217.15
647.78 188.84 683.01 224.19
646.88 192.1 676.22 221.53
644.1 191.7 690.9 222.47
629.23 178.52 651.92 197.81
631.73 177.59 654.67 195.66
634.12 178.57 655.96 201.48
629.57 181.29 649.96 199.94
660.69 176.85 686.29 229.51
658.21 182.88 681.37 228.9
552.34 179.4 580.91 205.41
653.8 180.26 710.61 223.77
