261.26 191.7 424.27 247.21
453.23 174.2 462.92 200.26
532.42 166.02 542.01 200.35
470.96 152.59 484.81 196.71
440.1 149.91 453.01 208.26
0.0 137.06 70.92 224.99
0.0 135.95 73.058 217.19
268.37 195.07 428.76 247.21
445.77 159.62 460.81 202.47
465.18 159.27 478.86 203.3
461.0 155.62 475.38 201.37
469.13 159.36 482.82 202.8
465.14 149.3 480.12 196.72
472.4 159.21 486.89 202.22
526.04 175.32 538.96 202.64
538.06 175.07 551.48 198.62
456.88 167.48 472.57 207.08
449.15 167.21 463.89 207.21
453.19 166.84 468.27 207.63
446.04 166.74 460.4 208.72
444.61 170.45 468.55 199.48
444.89 164.68 469.74 193.11
497.94 181.99 542.71 203.34
508.11 182.9 551.88 202.07
251.15 191.56 429.78 252.28
