645.25 185.77 669.45 194.63
630.1 174.84 648.69 192.54
711.31 185.32 744.18 199.14
821.97 158.86 970.2 243.92
808.68 180.82 840.92 204.68
606.93 147.23 624.14 208.95
311.03 146.86 340.06 204.19
1038.45 140.02 1057.25 221.74
287.56 145.33 314.56 204.44
814.37 159.88 972.34 243.81
820.27 167.46 962.34 252.38
604.56 156.11 629.84 211.71
601.51 150.29 631.59 205.88
709.99 176.23 740.59 199.41
715.31 176.16 740.56 194.63
701.41 177.56 734.96 200.19
717.99 177.78 743.41 197.58
712.25 180.38 741.19 202.63
278.52 137.97 311.58 210.16
801.23 173.11 847.27 199.73
810.27 174.38 831.27 212.92
637.52 176.04 667.53 200.54
643.46 178.71 668.81 201.07
644.38 177.09 667.82 196.68
641.1 175.91 664.6 194.05
651.61 178.61 671.75 198.64
649.86 175.77 672.69 193.85
639.96 184.53 667.77 203.71
637.38 182.57 663.86 201.38
651.97 178.87 678.38 196.51
646.15 182.21 671.11 203.01
1032.3 137.41 1066.2 216.66
305.23 138.76 337.5 214.07
628.38 174.71 652.86 195.31
624.91 173.73 645.45 193.28
622.1 174.43 640.73 191.7
628.74 174.2 648.93 191.36
630.02 171.86 641.82 198.37
640.1 170.88 656.77 200.82
627.59 171.12 638.98 196.7
632.9 172.05 644.51 198.19
636.55 171.63 649.96 199.28
625.78 172.72 648.26 187.65
637.84 176.51 651.13 202.41
633.43 174.35 654.56 191.31
634.15 174.27 646.77 199.38
628.77 169.56 643.68 193.23
633.26 178.67 654.54 197.37
626.13 168.76 640.11 192.69
632.6 168.05 646.17 193.51
623.5 169.36 644.43 186.6
627.99 178.68 647.65 196.61
628.64 169.77 647.64 186.44
622.6 179.64 640.73 196.45
620.27 167.5 646.94 183.14
627.24 180.42 651.49 198.69
627.1 167.99 650.03 183.21
703.15 174.65 742.51 200.92
631.89 176.49 659.76 198.08
694.11 176.53 740.84 199.43
795.71 176.09 857.37 200.3
