584.51 173.5 636.22 223.94
177.1 180.96 224.83 196.8
252.28 177.11 276.53 187.11
281.26 164.34 305.73 193.19
297.97 178.21 311.12 183.22
385.92 165.36 387.68 178.06
1222.27 258.32 1242.0 320.55
582.96 168.76 639.88 223.83
585.76 170.54 631.35 217.35
589.48 164.9 628.45 231.25
588.83 175.84 635.83 221.73
591.02 174.77 644.44 213.95
580.73 183.2 632.26 218.86
575.46 174.74 631.13 228.67
587.92 177.26 641.51 230.31
169.9 175.28 229.57 202.65
184.29 171.19 234.32 199.76
172.14 173.27 226.96 197.42
173.11 171.62 223.19 191.2
246.15 171.83 286.24 196.34
245.71 172.1 285.61 188.65
247.61 172.9 280.19 191.52
278.01 173.95 308.87 194.4
279.57 171.39 310.29 190.68
286.64 173.32 313.74 193.06
272.31 170.3 305.59 186.9
290.68 164.18 302.56 195.49
1220.5 249.11 1242.0 312.39
1215.8 263.39 1242.0 310.58
1222.4 264.54 1242.0 328.33
288.9 169.36 320.13 191.33
378.06 161.58 389.96 187.44
289.53 172.62 334.66 195.52
242.86 175.75 291.47 197.96
250.13 172.98 298.0 197.12
177.76 174.58 243.38 203.46
298.37 172.32 341.79 193.21
172.38 172.87 243.29 204.41
