658.93 180.02 711.59 225.13
710.63 174.42 837.87 276.46
508.48 185.56 561.57 224.91
647.87 179.3 677.28 210.48
643.63 177.59 663.53 195.35
558.44 195.31 575.84 199.73
653.04 187.23 663.26 216.89
535.73 175.28 545.47 187.93
719.82 179.88 846.32 277.74
651.75 176.26 711.26 224.48
659.78 177.9 707.18 218.02
662.24 180.85 713.53 224.69
656.02 184.43 704.99 226.45
651.62 184.83 708.92 232.06
665.19 177.78 720.27 232.83
503.83 182.47 559.12 226.33
507.99 183.63 556.94 226.44
511.7 184.38 561.08 216.86
505.2 193.84 560.54 227.18
508.4 188.71 570.17 229.05
527.27 177.95 551.37 196.22
644.87 169.54 668.23 218.31
642.79 176.49 687.28 207.15
641.65 174.48 676.96 202.81
653.21 171.37 672.65 214.53
650.52 171.17 670.12 210.06
646.13 183.26 682.12 217.25
552.97 185.83 579.59 204.6
650.41 181.01 671.25 225.76
636.54 173.7 672.54 200.08
636.31 174.99 663.09 199.19
635.01 176.13 657.78 197.65
644.25 170.55 661.51 204.67
640.9 171.47 655.82 203.41
635.85 174.1 668.91 193.52
641.5 168.66 654.47 198.76
648.32 168.84 664.45 200.85
644.93 168.18 659.01 198.69
332.71 181.18 517.07 310.75
741.92 194.67 1074.0 371.14
