616.02 188.25 647.01 218.73
242.99 200.77 257.98 229.69
667.78 177.42 727.29 218.23
0.0 130.26 15.21 193.96
753.58 148.57 775.03 210.91
0.0 130.91 22.709 190.42
666.91 170.93 719.15 224.64
667.35 176.24 728.51 216.67
661.13 181.53 723.41 223.19
674.31 169.11 725.13 214.87
675.91 186.02 729.05 223.2
756.18 156.99 782.1 213.38
607.62 181.81 655.62 219.19
625.91 179.76 649.52 224.85
612.28 178.77 638.48 225.9
606.85 188.4 651.31 223.41
233.03 195.39 249.64 236.52
238.15 195.32 255.3 234.82
235.61 192.74 252.2 230.98
236.02 200.3 252.54 238.34
