675.29 169.92 711.27 204.91
677.67 170.44 705.0 178.7
608.48 185.23 630.15 190.35
589.06 177.27 605.74 191.74
597.4 177.79 600.77 186.82
574.18 173.39 604.43 194.86
673.2 164.56 714.05 205.52
670.48 167.04 716.18 197.45
674.6 171.29 710.69 208.75
672.77 160.68 701.3 207.95
679.08 166.19 710.69 199.41
677.42 168.88 704.9 212.76
670.48 177.25 707.84 207.38
683.75 166.86 709.96 210.31
671.07 168.71 711.18 211.91
673.15 164.82 704.28 200.08
579.81 175.67 607.3 192.63
574.54 173.38 605.75 188.56
582.3 172.6 603.78 189.78
569.19 176.34 601.24 192.28
581.25 169.02 603.75 185.87
589.81 174.63 609.74 191.84
584.92 173.18 609.53 188.79
585.58 174.74 605.84 192.14
585.46 169.4 612.77 184.4
586.5 168.88 606.79 185.41
584.63 176.45 610.27 195.35
677.28 163.97 712.66 184.64
600.37 177.55 633.13 197.45
602.37 169.72 645.78 195.69
608.85 169.03 647.51 192.01
614.13 167.88 648.22 188.46
