591.09 182.9 626.5 209.56
533.98 181.63 563.56 199.09
209.78 175.81 267.42 202.37
445.61 168.21 523.2 229.26
317.9 183.76 336.16 188.49
439.69 166.39 522.47 235.78
436.39 171.16 515.91 223.09
200.21 178.75 261.11 208.5
215.02 179.89 268.02 203.29
211.49 176.86 265.15 207.05
218.44 175.52 262.11 202.12
207.57 172.56 274.49 210.87
217.62 182.1 272.61 208.43
207.71 184.12 265.56 209.29
586.08 174.64 625.97 211.97
595.92 173.85 629.02 207.15
593.19 172.96 627.27 199.87
583.31 175.16 619.06 203.69
599.25 175.65 631.57 202.52
588.33 185.93 622.84 213.76
594.4 181.01 628.53 215.28
589.67 192.79 622.59 216.71
530.96 178.16 561.76 200.6
535.27 177.36 561.5 195.85
529.01 177.87 553.7 197.78
538.39 178.28 563.29 198.65
538.4 172.37 555.25 199.99
535.03 176.76 559.68 190.89
541.84 174.43 557.15 203.27
542.59 177.22 565.54 193.94
537.39 178.06 555.41 207.19
531.78 177.03 555.8 194.87
529.37 182.82 560.09 202.53
530.11 175.83 557.73 191.74
540.48 178.36 558.47 206.64
540.11 174.51 563.99 190.51
534.62 180.37 562.89 203.19
543.67 173.81 569.22 189.82
539.64 181.21 565.79 201.11
526.54 180.07 554.72 204.71
322.02 178.27 342.82 196.93
323.29 174.62 345.08 195.38
253.95 177.03 314.67 204.09
