733.21 174.13 826.18 240.78 0.99989
974.38 180.67 1242.0 359.95 0.99956
772.84 177.79 987.07 294.36 0.99954
510.89 171.23 592.43 226.04 0.99949
733.37 173.47 800.86 229.98 0.9993
879.87 151.44 964.79 191.29 0.99909
269.69 176.34 458.17 315.73 0.99891
0.0 191.97 330.39 368.07 0.99858
744.42 169.96 818.83 229.79 0.9983
650.97 172.34 707.03 204.39 0.99783
419.23 165.31 511.58 247.47 0.99774
647.7 172.19 708.41 205.59 0.99611
79.539 186.05 356.48 345.76 0.99531
662.57 172.52 714.38 201.76 0.99448
410.65 164.96 519.75 251.71 0.99439
734.71 167.49 832.84 248.12 0.9921
731.25 170.93 782.73 217.93 0.9905
737.32 167.36 795.96 214.4 0.98925
753.77 172.16 828.81 235.09 0.98898
0.0 185.96 425.06 375.0 0.98868
674.96 170.08 712.31 199.81 0.98719
883.71 171.79 1242.0 375.0 0.98532
166.54 180.87 404.51 329.22 0.98458
439.92 167.16 519.01 238.08 0.98389
734.28 167.56 784.93 194.31 0.98109
877.0 148.45 956.35 199.2 0.98101
386.39 180.27 509.63 256.54 0.97959
731.95 173.71 788.13 203.36 0.97638
802.83 160.76 975.9 286.4 0.97563
763.6 171.5 994.22 299.82 0.9747
680.97 171.42 718.03 197.23 0.9741
948.99 170.03 1195.8 342.96 0.97023
871.7 155.66 965.41 202.41 0.96631
0.0 111.31 495.4 375.0 0.96441
726.74 172.94 848.99 255.69 0.96268
225.77 180.28 465.87 329.93 0.96244
754.43 180.11 848.07 233.75 0.95892
751.9 168.88 809.66 214.21 0.95692
763.33 170.07 825.41 225.9 0.95584
256.07 184.41 440.72 291.41 0.95167
743.42 168.02 805.54 206.53 0.95144
688.01 171.93 723.44 196.61 0.95105
315.91 184.66 474.72 277.03 0.94758
659.13 171.06 717.23 204.37 0.94596
821.12 168.56 1003.1 271.99 0.94308
751.24 177.33 939.09 279.23 0.94256
460.79 168.79 520.45 232.28 0.94064
740.53 165.81 779.8 196.76 0.93972
699.31 168.72 740.07 191.39 0.93444
765.26 176.35 840.21 222.74 0.93123
350.11 183.78 482.38 263.77 0.92897
37.624 162.11 316.26 326.32 0.91166
740.89 161.69 794.87 202.04 0.90521
740.83 171.56 781.61 203.84 0.90399
436.97 158.02 502.14 258.16 0.90219
746.24 176.28 887.1 265.12 0.90057
651.61 169.21 703.98 196.45 0.89414
813.46 165.04 827.38 207.89 0.894
787.46 132.13 1242.0 375.0 0.88893
755.8 162.52 809.31 247.31 0.88268
732.38 168.61 786.17 204.94 0.87638
692.93 169.89 734.19 194.88 0.87462
816.24 163.28 832.29 205.59 0.87396
729.29 169.98 779.3 198.38 0.87001
665.22 169.11 708.55 195.53 0.86833
428.99 175.51 524.8 244.89 0.8542
739.12 163.65 779.9 184.47 0.84677
809.82 164.85 823.1 205.95 0.84676
739.47 169.01 790.97 198.51 0.84301
737.41 164.18 772.36 193.02 0.83944
746.81 165.85 785.47 200.52 0.83799
529.84 177.44 591.82 221.35 0.83537
805.61 162.56 819.19 205.43 0.83341
790.85 198.2 964.97 304.15 0.82608
747.51 163.34 795.15 242.68 0.79901
734.57 172.13 773.91 203.4 0.79763
801.85 161.21 815.52 205.07 0.79169
768.52 165.29 809.17 187.39 0.7774
818.66 163.13 836.3 206.06 0.77118
845.33 151.85 978.5 244.35 0.771
743.51 164.52 789.41 189.65 0.76792
90.325 143.31 528.1 375.0 0.76447
127.32 203.54 353.35 309.36 0.76425
737.46 175.61 790.22 209.65 0.76189
237.42 196.1 397.35 293.62 0.76163
748.87 160.78 805.83 195.65 0.75916
749.6 162.99 784.46 193.62 0.75633
246.2 167.79 490.79 310.22 0.75279
777.47 164.48 807.0 191.15 0.75179
768.85 164.57 811.46 235.63 0.74708
369.56 177.62 494.09 249.42 0.74607
753.27 159.36 800.43 232.91 0.74564
983.26 190.41 1223.1 304.29 0.74204
745.53 159.92 785.93 178.43 0.73653
768.62 173.96 837.13 213.14 0.73329
1043.6 129.84 1177.3 375.0 0.72947
783.73 159.89 802.42 200.61 0.72789
155.92 194.7 348.78 285.76 0.72632
1022.8 178.34 1189.8 375.0 0.72489
406.06 179.93 515.45 252.04 0.72433
787.73 159.52 806.0 204.84 0.72379
726.77 176.0 781.49 207.63 0.71165
808.5 164.51 824.85 215.54 0.7013
750.18 171.06 800.58 256.28 0.70074
894.07 151.08 971.13 187.26 0.6965
747.03 167.47 795.61 192.6 0.69413
764.79 167.66 813.38 192.3 0.69333
796.89 160.83 812.21 206.66 0.69318
743.84 166.29 783.27 235.1 0.69275
940.15 152.24 996.72 176.3 0.69072
409.16 172.16 512.51 234.8 0.68667
768.57 178.05 895.71 285.76 0.68432
761.41 171.62 813.14 260.05 0.68366
309.94 158.08 419.91 338.35 0.68325
791.56 160.96 808.83 205.78 0.68162
745.71 161.91 788.4 182.99 0.68138
1057.0 184.32 1242.0 365.43 0.67945
645.12 171.61 698.82 198.69 0.67627
774.71 165.6 816.25 245.49 0.67618
429.4 155.27 498.75 272.88 0.66901
471.92 164.97 514.67 245.4 0.66449
762.95 169.74 823.37 204.77 0.65938
743.65 173.26 798.18 203.02 0.65449
281.71 215.85 445.85 316.86 0.65378
757.27 157.57 777.09 207.06 0.65109
110.38 194.69 320.43 286.75 0.64316
522.06 172.29 588.4 217.56 0.643
1033.3 107.42 1188.3 339.2 0.64092
771.82 165.08 806.28 196.41 0.63881
753.64 164.45 789.21 196.63 0.63868
776.79 177.89 846.85 218.51 0.63776
456.77 160.28 509.96 250.87 0.63347
735.54 167.14 767.97 197.22 0.62615
530.67 163.6 571.72 236.86 0.62193
747.1 162.25 779.09 186.72 0.6108
778.53 165.25 812.04 195.81 0.60691
786.07 153.33 997.98 325.83 0.60485
804.73 164.6 820.83 215.38 0.59788
766.55 156.63 785.34 204.16 0.59587
670.52 169.75 730.26 202.08 0.59436
753.98 159.98 773.55 206.02 0.59369
986.22 180.89 1215.4 277.24 0.59192
805.07 193.76 1003.7 289.68 0.59126
420.22 167.27 534.53 239.99 0.58481
430.12 165.94 489.26 262.68 0.58201
754.43 154.24 813.67 263.56 0.5816
712.31 166.6 824.64 235.89 0.5751
746.68 157.06 766.73 198.47 0.56946
758.57 161.69 791.6 193.21 0.56567
762.8 156.71 781.37 198.49 0.56536
646.4 173.72 696.46 206.48 0.55502
758.37 164.07 801.21 187.79 0.55466
641.96 176.29 710.7 210.41 0.54842
795.96 158.5 811.02 198.27 0.54694
833.17 143.22 927.86 316.79 0.54588
958.48 49.995 1242.0 375.0 0.54301
705.43 170.66 744.21 193.24 0.54147
755.77 166.83 804.65 191.91 0.54082
739.38 150.23 1023.2 290.97 0.5395
312.13 180.6 461.11 256.95 0.53238
750.53 156.91 788.08 221.73 0.52349
452.44 174.01 521.33 246.19 0.5229
738.41 168.92 773.33 232.21 0.51931
765.05 161.92 804.37 183.86 0.51893
752.3 170.26 792.17 203.4 0.5103
755.78 160.53 786.85 186.93 0.50842
774.39 161.91 802.67 186.79 0.50484
92.519 198.99 325.22 316.34 0.5044
506.76 174.76 580.04 219.71 0.4889
799.74 163.48 818.04 218.79 0.48817
769.18 163.6 799.45 192.03 0.48301
476.33 165.21 597.06 234.38 0.48155
779.63 158.89 797.77 199.87 0.47395
209.58 204.09 373.45 298.27 0.4699
763.58 173.33 813.14 201.29 0.46906
730.82 162.53 790.87 195.52 0.4662
248.48 199.46 442.81 310.95 0.46108
650.27 165.85 710.5 200.56 0.45997
750.82 160.92 769.6 205.13 0.45815
750.86 158.27 792.67 178.98 0.45582
117.27 195.53 341.98 343.5 0.45532
746.15 176.53 792.29 214.77 0.45495
452.41 167.29 562.26 237.22 0.45383
764.83 160.55 793.66 186.83 0.45048
275.21 179.87 440.15 260.93 0.44901
732.7 178.63 784.01 213.24 0.44729
465.38 171.51 525.34 219.6 0.44479
771.53 156.88 788.59 197.73 0.44392
152.83 188.46 367.05 349.92 0.44175
777.45 174.88 846.96 237.47 0.44056
753.43 174.64 856.75 271.88 0.43859
440.81 148.78 506.21 258.04 0.43605
536.49 164.55 576.74 230.24 0.43552
17.493 193.17 255.32 291.27 0.42945
784.59 158.68 800.05 191.02 0.42806
762.58 163.94 796.79 195.86 0.42344
743.16 162.49 763.45 206.4 0.41471
744.42 158.53 781.71 220.96 0.41466
784.25 167.71 825.36 256.58 0.41123
830.97 121.49 946.62 334.56 0.40971
782.82 166.35 815.61 199.93 0.40965
289.62 185.39 326.64 214.33 0.40608
770.27 168.31 820.89 212.47 0.40578
818.02 159.69 832.58 198.34 0.40556
29.205 60.919 306.78 375.0 0.40494
756.53 157.99 796.4 220.94 0.40435
902.13 138.64 939.15 213.62 0.40393
523.4 167.25 566.56 242.07 0.40069
774.65 169.56 810.45 202.79 0.39488
294.89 179.24 314.73 224.41 0.39479
754.64 160.79 796.97 183.63 0.39355
930.5 149.69 1019.7 185.32 0.3931
757.74 165.79 793.68 200.39 0.39264
861.5 143.16 954.46 284.48 0.3913
729.13 168.69 768.74 193.12 0.39009
0.0 162.87 238.08 356.01 0.38863
846.03 138.33 939.23 287.12 0.38731
783.83 162.99 812.8 191.64 0.38531
744.4 152.91 808.46 251.1 0.38519
0.0 240.19 364.35 375.0 0.38253
541.4 168.34 582.45 234.51 0.37971
683.42 164.81 705.76 204.99 0.37473
764.86 160.49 803.96 220.01 0.36827
308.77 201.18 464.85 298.45 0.36478
722.08 167.44 773.14 207.15 0.3642
937.58 206.64 1212.8 366.52 0.36345
758.76 170.06 809.26 196.28 0.35897
749.28 169.33 800.33 196.99 0.35732
746.55 164.41 766.5 210.21 0.35646
775.86 158.83 793.15 202.59 0.35374
670.6 163.17 694.62 208.85 0.35338
780.11 173.69 847.96 210.18 0.34901
788.99 168.37 821.73 243.9 0.34576
982.25 206.24 1227.6 341.45 0.34523
444.81 172.09 503.64 267.67 0.34512
930.49 241.11 1242.0 375.0 0.34464
990.6 171.8 1226.6 257.39 0.34389
725.76 173.64 771.39 201.66 0.34316
69.037 190.56 294.69 282.93 0.34224
284.91 187.56 335.06 211.86 0.34093
754.1 173.65 805.73 201.74 0.33888
684.27 86.061 1242.0 375.0 0.33806
743.23 184.46 841.0 244.25 0.33607
696.93 171.02 729.02 198.2 0.33032
100.48 115.4 225.39 375.0 0.32547
752.41 157.59 783.85 180.69 0.32369
127.79 186.59 321.09 260.06 0.32347
822.07 162.26 841.14 203.08 0.31978
661.77 160.72 684.91 207.03 0.31917
851.88 149.47 948.04 316.34 0.31617
774.32 163.94 809.98 222.39 0.31316
948.6 150.37 1013.2 177.61 0.31201
1025.0 169.72 1242.0 328.43 0.31197
762.73 161.03 781.23 209.76 0.31073
731.27 169.54 760.83 199.73 0.30908
82.219 175.06 229.34 375.0 0.30877
492.83 168.94 514.92 221.61 0.30829
780.9 156.89 795.66 189.63 0.30588
787.74 159.14 803.64 192.24 0.30378
428.26 187.23 514.92 256.79 0.29551
786.91 169.93 837.94 217.82 0.29532
1015.6 187.02 1235.4 269.5 0.29264
741.4 162.09 781.27 180.04 0.29178
678.31 164.08 702.57 207.19 0.29013
300.19 184.07 396.25 219.57 0.28635
794.69 166.57 832.89 254.51 0.2853
842.2 163.61 932.74 336.65 0.28339
741.72 177.31 788.23 248.03 0.28241
788.03 164.17 817.11 195.19 0.2824
821.09 165.52 915.24 334.78 0.28121
766.35 166.99 802.26 199.14 0.27815
776.48 157.03 791.08 190.57 0.27783
877.33 134.16 948.54 254.73 0.26904
961.43 197.7 1199.5 324.68 0.26904
1024.4 196.82 1242.0 290.8 0.26828
422.71 165.62 486.69 277.24 0.26792
301.19 181.02 407.63 350.95 0.2672
814.94 160.09 828.25 199.62 0.26581
842.93 168.69 1080.1 328.9 0.26577
810.69 165.84 830.51 221.23 0.26464
792.28 169.43 819.94 231.92 0.26261
297.99 179.75 318.02 222.08 0.2626
286.58 184.07 332.03 205.83 0.2616
647.56 173.72 686.13 203.07 0.26031
702.96 171.57 734.67 195.15 0.25919
910.0 150.14 987.66 186.94 0.25875
295.8 162.71 390.63 331.15 0.25524
287.89 184.76 375.46 218.66 0.25343
812.4 156.9 964.93 254.26 0.25144
776.14 170.22 824.38 194.04 0.24699
293.91 186.03 388.87 227.84 0.24686
754.38 166.55 774.2 215.38 0.24437
764.48 163.72 825.09 282.77 0.24365
761.64 170.62 800.13 203.24 0.24267
712.35 169.17 748.81 191.59 0.24216
794.22 167.24 820.94 199.29 0.2417
761.04 157.01 790.58 182.88 0.2397
792.34 173.1 851.68 222.57 0.23936
871.07 151.45 965.47 312.47 0.23824
740.04 164.29 759.37 206.63 0.23636
866.17 162.06 954.39 199.49 0.23498
854.62 148.97 982.61 207.51 0.23392
495.17 177.44 559.4 224.69 0.23205
678.82 168.65 742.52 200.17 0.23201
662.46 166.79 723.6 200.8 0.22893
306.3 182.76 416.63 222.41 0.22847
794.46 179.4 874.28 218.05 0.22812
168.45 189.23 348.51 320.95 0.22754
732.33 174.08 770.81 209.41 0.22687
771.59 160.8 790.0 209.0 0.22586
658.63 169.33 703.58 190.58 0.2221
769.63 159.74 806.23 179.55 0.22089
175.62 192.31 349.63 261.92 0.22068
771.96 163.73 810.23 183.27 0.21924
800.23 168.96 828.75 238.25 0.21835
320.39 181.88 428.9 351.44 0.21828
907.09 144.96 945.27 221.12 0.21827
762.19 158.26 799.95 179.49 0.21776
286.53 190.03 339.74 216.32 0.21664
760.0 156.58 777.08 192.37 0.21519
737.12 179.93 787.51 223.52 0.21351
770.38 158.64 796.83 182.77 0.21212
96.96 188.59 263.78 375.0 0.2107
774.19 173.84 826.69 199.54 0.21032
327.26 151.7 428.04 313.95 0.20891
812.88 167.6 841.59 199.12 0.20821
88.404 185.11 298.08 257.64 0.20664
772.47 154.49 788.14 188.61 0.20427
483.51 169.97 517.54 240.61 0.20348
795.69 168.97 847.23 214.05 0.20289
862.87 151.66 1013.9 229.05 0.20284
339.42 181.07 423.55 218.81 0.20272
795.57 162.0 814.12 218.98 0.1955
333.84 163.2 442.96 330.66 0.19408
888.02 151.25 952.49 183.52 0.19352
93.382 87.867 233.29 317.1 0.19212
664.22 161.81 695.47 214.29 0.19141
750.81 167.14 769.99 215.25 0.1908
1075.8 218.45 1242.0 371.1 0.18968
753.68 159.74 788.04 176.15 0.18833
647.33 170.57 697.12 192.66 0.18728
778.22 195.7 920.22 288.81 0.17971
764.52 185.67 859.63 236.11 0.17914
855.91 166.02 1016.6 253.58 0.1789
730.33 176.35 778.91 227.08 0.17858
787.57 169.52 819.61 204.44 0.17782
712.0 167.91 770.04 201.63 0.17779
808.31 170.89 832.64 202.8 0.17766
289.41 182.44 323.32 207.98 0.17515
1017.0 220.3 1242.0 350.82 0.17508
895.07 142.73 934.54 220.53 0.17454
958.71 146.1 1237.9 302.23 0.17414
760.09 163.14 815.86 203.04 0.17388
791.99 160.14 807.73 195.57 0.17194
741.76 168.12 763.29 217.39 0.17177
824.09 138.11 917.97 289.26 0.17122
739.9 167.3 868.86 235.37 0.17043
66.915 213.59 318.46 346.74 0.16858
276.28 187.21 370.22 225.21 0.16398
768.35 153.47 784.73 189.22 0.16263
777.71 165.63 819.38 186.88 0.16251
1096.2 154.55 1242.0 365.12 0.16247
796.11 174.18 865.59 207.83 0.16222
1011.3 65.233 1205.8 375.0 0.16169
440.14 159.36 507.46 294.17 0.16023
52.577 186.0 268.17 262.88 0.15868
7.4874 149.03 264.35 324.21 0.1579
804.19 107.56 943.55 317.46 0.15782
790.29 162.94 810.61 217.25 0.15614
774.18 178.91 866.03 228.94 0.15448
443.52 169.41 509.48 223.94 0.15383
718.66 171.28 755.05 195.08 0.15377
373.67 179.92 480.46 278.64 0.15286
809.27 146.5 901.31 313.74 0.15221
803.46 170.97 828.73 203.45 0.15167
477.92 177.37 536.32 222.52 0.15012
744.97 171.04 769.45 219.42 0.1477
867.42 151.2 940.77 197.78 0.14758
1067.8 127.64 1206.9 336.35 0.14714
773.7 170.32 839.19 202.62 0.14683
671.44 169.94 707.85 189.3 0.14553
687.37 175.2 721.58 201.0 0.14549
736.23 164.28 753.63 206.33 0.14543
811.46 164.94 853.79 186.42 0.14521
759.78 162.91 825.92 195.28 0.14232
689.37 165.68 708.62 203.49 0.13971
735.41 169.44 765.99 229.57 0.13939
873.14 164.69 974.88 206.77 0.13823
755.46 157.55 773.04 192.62 0.13764
115.85 159.26 238.02 375.0 0.13763
124.88 180.49 294.91 375.0 0.13717
825.44 161.27 845.53 203.07 0.13676
112.9 203.81 366.13 373.13 0.13582
659.12 161.9 688.45 217.44 0.13581
808.9 176.31 831.09 234.19 0.13569
723.52 170.65 762.14 195.43 0.13473
802.78 166.02 822.56 222.73 0.13455
228.53 192.9 370.49 271.13 0.13321
910.34 141.79 943.28 205.94 0.13249
798.72 166.2 822.09 195.36 0.1315
812.17 176.54 862.97 198.9 0.13123
346.57 182.36 433.89 228.33 0.13114
784.28 162.62 814.39 223.36 0.13054
813.07 164.21 836.47 195.91 0.12912
704.28 165.68 721.21 202.53 0.12814
519.84 180.06 576.72 214.21 0.12754
805.02 159.58 840.89 255.75 0.12745
489.85 164.83 511.73 223.2 0.12699
870.49 145.26 1002.3 210.14 0.12628
651.78 169.12 698.96 188.09 0.12614
815.42 164.22 844.46 193.8 0.12589
942.16 157.66 995.06 181.75 0.12503
1077.0 144.72 1242.0 314.99 0.12438
658.14 163.7 680.76 207.91 0.12393
746.16 159.18 811.28 189.24 0.12252
125.33 104.35 256.66 317.24 0.12117
846.53 177.86 997.01 299.62 0.12094
795.23 178.57 820.25 238.26 0.11989
890.58 157.03 976.82 198.06 0.11945
811.4 162.61 836.34 227.41 0.11929
779.87 167.16 847.9 297.59 0.1192
788.26 171.98 859.76 236.93 0.11796
301.77 179.53 321.6 222.28 0.11754
862.56 130.32 939.31 256.21 0.11704
785.4 174.51 832.68 198.29 0.11608
768.58 209.69 937.12 299.85 0.11472
527.24 170.88 575.24 245.3 0.1139
482.42 163.61 502.52 223.55 0.11306
723.98 153.51 832.15 238.64 0.11243
497.69 169.41 515.59 215.89 0.11154
784.86 163.31 806.95 218.39 0.11019
495.09 167.79 512.58 214.27 0.10913
660.15 175.85 708.65 208.65 0.10811
486.8 166.03 505.51 219.55 0.1081
295.54 191.88 387.47 236.19 0.10691
785.54 170.67 830.67 193.98 0.10594
913.62 144.4 951.77 222.66 0.10489
143.99 140.18 272.32 375.0 0.10296
707.44 166.11 724.64 201.19 0.10273
301.76 147.12 415.96 337.11 0.10226
751.89 157.47 768.96 191.22 0.10216
292.98 187.64 330.61 217.43 0.10176
734.1 167.09 755.56 218.1 0.10103
356.52 179.67 399.18 196.7 0.1008
696.06 168.82 757.53 200.24 0.10067
764.06 153.08 780.95 188.41 0.099415
478.95 161.99 498.48 223.73 0.098136
881.01 154.43 1163.9 323.75 0.098047
727.96 170.27 754.42 198.19 0.097959
734.66 127.35 810.88 255.59 0.095988
680.43 169.83 711.63 189.06 0.095833
274.19 184.45 351.81 218.77 0.095651
1.6101 196.85 98.617 367.56 0.095525
950.04 195.0 1173.8 295.9 0.095164
9.5543 197.63 236.95 317.06 0.092728
315.23 185.79 375.43 207.66 0.091677
659.35 156.19 700.35 209.34 0.091175
361.25 181.14 442.24 221.71 0.091165
804.66 166.99 825.82 196.11 0.090751
700.8 166.78 715.49 201.51 0.090635
423.8 170.93 478.57 264.28 0.090003
1119.1 206.66 1237.6 375.0 0.089981
944.05 151.73 985.57 178.96 0.089434
447.02 158.08 496.18 241.39 0.088994
529.69 172.09 596.69 208.8 0.08861
695.14 169.06 729.49 191.3 0.088525
506.43 181.66 593.6 231.21 0.08769
780.56 168.6 829.73 210.5 0.085616
654.83 161.11 676.8 203.94 0.085291
429.45 166.97 501.68 226.17 0.084448
297.34 176.24 314.42 214.9 0.083774
799.66 174.81 824.09 236.8 0.083667
531.8 175.88 583.43 205.28 0.082615
353.67 162.04 438.8 301.84 0.082496
732.16 166.02 760.52 191.89 0.082276
180.51 0.0 459.83 375.0 0.081891
320.99 184.21 368.35 203.6 0.081602
890.27 140.33 926.09 208.46 0.081289
800.1 174.23 864.53 221.78 0.081008
655.24 166.82 694.76 192.25 0.079748
405.45 170.42 489.68 217.92 0.079648
813.17 177.75 834.42 233.04 0.079085
804.32 179.19 895.65 217.66 0.078916
784.03 169.84 848.95 201.03 0.078662
806.24 173.43 835.09 207.73 0.078276
782.32 164.27 802.45 215.76 0.078076
372.07 173.81 451.15 320.63 0.077533
1011.7 80.712 1168.9 314.26 0.076719
522.07 162.59 561.78 230.9 0.076086
98.875 48.394 294.5 375.0 0.076043
810.26 166.63 831.13 196.77 0.075381
958.61 173.14 1187.6 253.16 0.075318
23.128 203.52 276.33 333.86 0.074031
743.49 178.2 800.08 225.02 0.073539
794.11 158.92 873.87 306.26 0.073249
732.39 164.7 748.55 206.17 0.071958
305.33 179.5 325.59 224.19 0.071942
804.9 175.21 826.68 234.56 0.071506
294.96 183.53 331.83 210.88 0.071008
566.5 169.73 586.73 216.25 0.070579
733.97 130.94 978.57 303.0 0.070126
294.96 185.73 342.08 207.55 0.069713
731.33 189.37 823.5 253.03 0.069661
455.01 155.88 513.58 284.18 0.06965
730.05 0.0 1057.6 375.0 0.069316
810.55 172.63 858.29 194.49 0.069222
821.28 159.08 835.88 195.74 0.068857
362.48 178.66 406.18 196.62 0.068515
949.88 149.47 993.9 179.17 0.068139
345.05 179.85 391.1 197.79 0.06711
491.88 165.13 509.36 215.59 0.066955
757.19 176.38 809.67 206.34 0.066785
816.83 170.69 851.09 198.05 0.066679
716.78 170.32 745.38 194.28 0.066511
880.56 158.02 960.43 211.92 0.065931
900.46 142.3 932.91 203.07 0.065726
666.54 159.42 687.04 204.54 0.065656
813.2 154.98 850.35 259.9 0.065452
489.33 173.34 554.73 217.09 0.065123
729.25 183.16 784.64 219.19 0.064587
816.29 178.57 869.57 201.1 0.063505
922.78 139.38 947.11 196.23 0.063234
774.64 173.29 824.47 269.41 0.063074
779.44 162.11 806.88 184.69 0.062732
655.84 56.785 1124.1 375.0 0.062647
364.39 176.46 403.01 192.41 0.06248
934.3 153.69 1030.1 192.91 0.062324
759.94 158.88 794.87 176.28 0.062166
636.08 167.63 702.38 204.91 0.061895
306.78 176.84 404.73 211.32 0.061876
668.75 164.98 688.75 212.12 0.060594
300.02 175.9 318.17 214.07 0.060539
333.15 175.16 422.02 206.58 0.060371
565.0 176.77 591.6 203.68 0.059989
894.06 154.45 962.65 187.36 0.0598
289.27 182.23 329.65 201.09 0.059487
294.23 178.56 310.3 218.57 0.058839
1012.6 103.01 1134.7 375.0 0.058681
494.64 168.77 617.87 236.63 0.058526
803.75 175.97 853.68 197.91 0.057744
785.56 168.21 826.39 190.4 0.057726
1055.8 1.2197 1242.0 375.0 0.057453
878.15 154.7 944.08 185.37 0.057213
696.48 166.69 711.34 200.44 0.056983
993.16 231.23 1222.9 364.99 0.056662
1000.0 72.923 1135.3 326.14 0.056392
733.32 159.14 798.44 189.89 0.056298
158.65 120.78 287.3 326.82 0.056141
353.83 175.23 428.57 205.28 0.056105
822.58 156.13 858.66 261.68 0.056024
570.25 170.62 589.71 217.86 0.055973
78.582 70.644 366.45 375.0 0.05582
818.39 162.5 850.32 190.39 0.055749
949.9 184.34 1170.6 268.35 0.054599
797.37 173.07 826.7 207.51 0.054564
449.17 169.31 518.94 214.41 0.054559
276.19 192.53 374.02 236.6 0.054478
794.43 174.89 838.73 197.82 0.054334
545.89 175.42 590.67 202.01 0.052125
1000.7 159.83 1220.8 237.92 0.051852
731.46 168.79 751.62 216.4 0.051151
723.09 170.83 748.95 196.05 0.051099
927.54 140.84 950.98 196.08 0.051063
572.64 170.61 588.04 211.4 0.049943
527.31 151.68 587.19 253.5 0.049079
711.3 166.69 728.13 200.2 0.048911
650.2 168.39 689.36 196.38 0.048389
545.04 178.57 602.04 219.88 0.047574
678.67 161.9 697.91 202.33 0.047395
569.63 167.23 584.29 206.53 0.047233
858.47 129.5 972.13 354.02 0.047162
752.59 101.12 1149.2 363.32 0.04696
805.04 175.45 887.3 207.88 0.046801
804.57 171.5 850.67 193.44 0.046712
329.03 182.25 388.09 203.19 0.046345
709.08 162.58 773.83 196.3 0.045774
335.31 188.37 428.98 235.99 0.045765
523.71 173.9 571.83 211.26 0.045522
341.32 181.0 397.55 202.04 0.045201
487.84 173.98 519.32 213.12 0.045052
766.2 178.21 851.23 252.98 0.045048
807.74 167.28 849.67 189.53 0.044912
672.06 163.99 699.6 213.39 0.044688
828.53 163.09 845.17 210.52 0.044584
392.87 186.71 486.67 241.68 0.044568
814.36 172.75 847.23 201.22 0.044381
527.14 178.11 581.4 210.51 0.044206
132.26 180.07 333.74 244.27 0.043805
209.74 150.08 505.54 285.7 0.043716
795.78 167.26 819.76 227.12 0.042777
991.1 159.82 1153.5 375.0 0.042773
21.618 185.99 235.11 269.09 0.041988
946.17 156.79 1006.3 183.24 0.041957
705.17 152.19 844.04 222.38 0.041916
352.6 180.57 404.03 201.59 0.041791
817.59 162.8 843.96 227.14 0.041576
557.97 173.96 591.38 207.62 0.041397
331.99 180.6 383.08 198.32 0.041286
1059.0 207.4 1193.8 256.25 0.040861
767.77 163.15 784.86 211.56 0.040662
745.55 158.54 763.46 193.09 0.040543
798.71 169.88 860.16 199.71 0.040201
516.05 184.9 577.37 219.6 0.03995
894.36 147.06 951.2 189.13 0.039771
772.73 172.59 815.19 209.34 0.039667
737.02 169.93 760.65 221.58 0.039634
922.82 154.42 1010.3 191.75 0.039595
561.26 167.98 583.7 218.03 0.03954
713.44 173.87 750.05 197.47 0.039367
762.51 164.2 940.96 236.67 0.039123
3.8181 207.81 132.98 361.35 0.039045
704.86 175.76 732.09 196.15 0.038699
291.46 187.07 345.81 212.62 0.038494
738.34 152.43 774.27 211.19 0.038375
933.49 141.13 953.28 194.05 0.038087
723.67 175.17 823.73 264.15 0.03781
913.58 138.91 938.53 196.86 0.037564
675.15 166.99 696.61 212.92 0.037316
383.85 179.78 429.34 201.82 0.037276
718.05 170.16 763.85 210.34 0.037084
195.7 171.92 303.59 354.92 0.036786
736.55 139.57 789.89 248.81 0.036722
560.44 176.99 595.62 201.17 0.036488
308.19 186.19 361.59 207.22 0.036411
370.41 176.12 399.3 195.16 0.036227
829.71 165.16 849.59 207.19 0.035782
384.25 166.37 447.56 298.11 0.035743
91.922 176.6 309.5 243.91 0.035686
1031.6 216.95 1242.0 375.0 0.035668
556.88 167.7 579.23 216.96 0.035482
1035.1 179.12 1242.0 251.36 0.035218
757.61 167.53 778.63 217.51 0.034971
444.8 132.02 517.43 261.83 0.03488
304.04 176.02 320.78 213.26 0.034775
62.314 55.998 256.62 375.0 0.034746
684.39 169.98 714.42 192.25 0.034415
282.91 177.62 369.39 325.46 0.034262
737.7 163.97 767.14 187.63 0.033948
364.0 166.62 506.95 237.07 0.033739
575.96 171.48 589.83 211.78 0.033542
553.59 172.63 586.14 230.82 0.033234
942.15 144.02 1015.0 189.32 0.033072
824.41 166.46 839.47 212.92 0.032765
1151.5 194.75 1242.0 375.0 0.032742
436.62 156.85 481.28 242.32 0.031844
548.92 174.46 602.97 211.63 0.031806
789.57 167.17 839.2 206.84 0.031699
574.45 174.41 591.53 218.24 0.031253
564.17 165.83 582.11 212.32 0.031032
538.8 172.14 578.48 206.09 0.031003
89.647 235.91 325.98 363.44 0.030838
541.11 177.57 591.86 206.77 0.030749
546.02 173.15 587.43 209.93 0.030703
297.12 178.22 384.09 211.67 0.03053
826.03 160.07 854.79 239.87 0.030494
162.11 175.41 324.33 375.0 0.030225
87.241 63.711 583.97 375.0 0.03021
206.22 198.54 358.63 330.03 0.030187
809.68 171.88 868.07 214.26 0.029924
747.86 168.97 773.94 222.69 0.029923
550.85 172.34 584.73 204.5 0.029883
651.2 164.17 673.19 204.46 0.029788
795.36 170.88 837.19 193.55 0.029551
429.02 158.97 477.27 251.51 0.029486
899.28 152.24 970.83 203.11 0.029485
309.94 190.68 409.22 236.24 0.029129
897.34 156.47 976.66 310.71 0.029006
826.82 178.91 875.24 200.28 0.02892
860.59 179.11 955.79 329.3 0.028705
490.29 166.76 517.45 228.38 0.028675
354.12 186.88 445.07 237.19 0.028257
743.25 151.11 810.2 294.36 0.028075
757.15 154.6 773.86 186.17 0.027989
1053.5 201.13 1186.3 249.29 0.02796
784.72 170.28 831.87 273.92 0.027644
346.64 200.02 484.0 292.42 0.027638
245.87 180.05 412.08 256.17 0.027479
901.1 148.62 974.55 181.65 0.027416
407.51 166.01 444.48 269.21 0.026926
686.26 165.21 752.62 197.25 0.026842
2.3166 192.45 73.341 374.51 0.026623
412.15 162.2 463.14 280.53 0.026508
398.97 197.51 493.04 255.72 0.025709
1150.3 160.18 1242.0 375.0 0.025567
773.33 181.8 1026.9 318.37 0.025558
200.21 203.34 304.72 256.96 0.025464
902.59 144.47 973.79 278.92 0.024839
664.03 126.87 992.75 280.06 0.024427
661.51 166.25 693.11 222.88 0.02436
220.03 180.05 321.31 352.29 0.024125
1059.8 213.7 1242.0 334.86 0.023734
932.97 164.31 1133.1 342.97 0.02323
1106.4 227.76 1242.0 375.0 0.023116
856.98 168.22 955.79 207.79 0.02302
180.44 147.16 305.59 375.0 0.022918
326.05 148.23 410.8 289.63 0.022504
513.96 132.0 586.16 250.71 0.021788
284.43 181.55 360.91 230.3 0.021488
468.49 161.76 507.52 232.47 0.021248
425.52 168.64 510.84 214.34 0.021212
821.82 150.98 963.95 375.0 0.020556
401.92 167.86 462.54 304.4 0.020521
843.71 147.72 970.68 220.05 0.020426
1083.2 199.37 1242.0 283.23 0.020059
732.6 159.22 764.62 219.55 0.019802
1037.4 205.08 1175.9 259.48 0.019648
895.26 129.6 956.77 245.67 0.019614
420.73 172.93 465.19 262.67 0.018973
547.01 162.91 585.54 221.92 0.018508
956.87 158.17 1174.8 235.41 0.017213
867.42 149.42 947.19 184.64 0.017007
948.93 214.57 1154.1 328.24 0.016803
903.4 142.56 941.52 196.57 0.016738
736.76 151.43 791.99 274.16 0.016727
170.5 182.79 352.4 246.16 0.016558
395.23 184.18 477.6 256.81 0.01647
418.66 204.98 514.77 253.5 0.016404
883.08 177.33 973.33 329.79 0.016152
276.81 180.14 359.27 214.19 0.016006
312.87 167.0 474.1 228.65 0.015972
471.31 156.94 619.87 227.55 0.015901
27.071 148.04 389.63 293.59 0.015583
418.48 126.11 495.17 270.51 0.015571
0.0 0.0 226.47 375.0 0.015447
364.23 180.33 453.66 230.45 0.015336
0.0 213.85 177.98 333.28 0.015287
370.94 174.22 451.92 208.61 0.015178
916.79 146.33 990.58 181.16 0.01506
1223.2 239.54 1242.0 364.36 0.015031
396.99 175.91 482.36 224.33 0.014807
293.29 184.49 374.64 242.67 0.014798
211.35 198.96 313.18 246.0 0.014725
857.22 172.66 959.07 220.73 0.014473
136.27 216.75 358.67 329.54 0.014378
410.21 174.29 453.3 265.74 0.014226
703.73 144.43 814.17 231.05 0.014082
270.43 165.34 446.62 233.6 0.013886
788.06 176.65 859.57 300.16 0.013813
803.34 163.44 828.23 218.9 0.013456
1095.5 197.43 1220.9 375.0 0.013454
246.42 197.19 386.37 321.08 0.013247
43.983 85.22 183.38 375.0 0.013178
1028.5 186.78 1242.0 320.81 0.013057
255.05 190.76 325.32 335.68 0.012704
668.81 155.58 704.06 207.57 0.012634
456.55 177.47 508.44 271.29 0.012625
355.1 171.04 429.81 199.71 0.012566
334.93 169.51 415.87 200.54 0.012471
399.35 167.05 438.36 268.8 0.012434
928.54 174.29 1142.0 248.01 0.012114
782.11 149.37 841.54 264.03 0.012083
430.24 181.32 531.85 260.12 0.011975
345.58 200.74 443.96 339.7 0.011801
517.23 149.87 577.75 269.29 0.011613
344.77 149.56 424.66 282.07 0.011558
727.22 110.9 795.3 252.28 0.011486
529.16 96.306 1191.2 375.0 0.011258
858.88 186.67 1103.0 349.53 0.011255
700.22 161.09 793.2 240.42 0.011156
307.34 180.85 394.85 232.84 0.010945
163.3 204.07 427.56 365.44 0.010944
775.32 163.43 844.73 195.71 0.010934
398.19 155.15 542.96 227.16 0.010836
1068.4 163.23 1159.0 368.2 0.010803
923.18 146.58 955.53 214.12 0.010667
967.09 205.25 1191.1 374.48 0.010617
883.79 142.49 920.65 210.11 0.010423
1076.7 97.369 1219.5 317.57 0.010407
46.24 66.294 172.84 321.32 0.010388
1224.2 162.33 1242.0 260.86 0.010382
605.29 156.89 753.38 215.85 0.010344
722.65 154.05 880.02 222.55 0.010023
1025.7 198.08 1149.7 250.01 0.0099573
892.03 149.54 922.76 230.28 0.0099039
790.44 229.36 963.91 305.43 0.009881
809.64 170.71 878.96 202.05 0.0097726
524.11 148.72 567.53 228.4 0.009745
898.86 209.35 1151.5 372.87 0.0096155
390.98 165.98 429.93 267.03 0.0095492
1202.2 185.83 1242.0 375.0 0.0095297
392.31 178.88 461.04 249.98 0.0092785
1101.5 166.97 1208.7 375.0 0.0091708
540.56 150.06 579.62 227.88 0.0091482
312.44 112.73 442.17 327.28 0.0091185
192.93 123.97 318.23 339.02 0.0090813
1224.4 128.31 1242.0 227.31 0.0089789
785.74 163.2 857.8 194.39 0.0089715
376.01 186.4 465.09 242.11 0.0089098
778.1 160.52 923.46 249.93 0.0088737
192.17 153.68 276.3 321.55 0.0086632
370.94 180.23 446.52 243.54 0.0086565
838.52 178.41 946.43 222.59 0.0086456
302.79 171.0 339.41 260.71 0.008534
1075.0 117.53 1242.0 279.65 0.0085224
395.97 172.03 476.95 214.49 0.008468
294.9 152.03 564.51 292.25 0.0083992
223.01 163.62 292.27 293.28 0.0083757
1048.3 193.67 1169.6 242.89 0.0082679
869.14 178.55 1036.8 270.03 0.0082449
362.9 190.94 470.78 301.43 0.0082281
393.99 149.76 513.78 242.69 0.0081861
263.06 188.4 350.95 223.46 0.0081725
43.146 175.88 265.9 243.26 0.0081391
901.82 148.11 940.78 242.84 0.0081349
777.25 81.011 915.31 331.85 0.0081178
764.25 192.26 866.98 287.75 0.008062
518.35 162.34 584.19 210.56 0.0080576
310.28 170.94 348.29 260.89 0.0080277
721.14 175.02 768.73 220.22 0.0080184
1083.4 212.88 1199.2 261.48 0.007933
1022.0 262.23 1233.0 364.75 0.0078801
0.0 187.54 150.77 371.51 0.0078164
801.25 0.0 1106.6 375.0 0.007804
831.15 139.44 982.61 203.8 0.0077105
897.65 156.91 1068.6 228.51 0.007697
381.19 164.66 418.85 251.31 0.0076969
989.68 164.78 1107.7 362.2 0.0076821
808.27 171.23 881.59 237.65 0.007586
1207.7 162.72 1242.0 205.51 0.0075561
206.7 139.13 453.61 306.59 0.0075366
1089.4 192.88 1242.0 263.25 0.00747
97.731 151.47 451.33 296.35 0.0074487
49.204 180.85 231.4 289.68 0.0074336
332.7 178.73 418.86 231.14 0.0073536
896.31 149.81 932.57 242.49 0.007321
280.48 132.0 395.04 348.69 0.0072566
1164.9 78.949 1242.0 354.25 0.0072451
813.47 173.18 884.12 221.75 0.0072236
140.96 195.47 255.92 237.02 0.0071476
249.15 221.78 420.5 317.72 0.0071343
299.56 152.18 441.84 375.0 0.0071116
1079.5 142.36 1150.5 325.69 0.0070832
186.26 199.65 298.44 246.22 0.0070228
179.55 146.04 258.96 320.25 0.007001
883.11 116.05 949.81 231.13 0.0069958
830.77 155.19 864.28 258.38 0.0069953
1039.6 177.92 1173.7 226.74 0.0069628
241.04 175.13 309.91 299.41 0.0068992
1210.5 199.86 1242.0 245.32 0.0068718
385.14 192.45 473.87 247.92 0.006871
1207.3 154.49 1242.0 197.6 0.0067785
131.58 199.23 247.54 244.27 0.0067755
1080.0 177.68 1193.5 368.2 0.0066436
281.65 196.54 384.06 247.83 0.0065683
678.88 163.22 706.04 218.75 0.0064535
486.3 177.9 626.31 247.32 0.0064485
301.11 146.96 382.45 296.42 0.0064269
670.36 166.18 700.05 227.64 0.0063909
276.6 189.3 344.13 314.2 0.0063451
810.19 233.86 936.83 288.09 0.006343
14.931 181.91 108.9 360.61 0.0063229
969.43 176.14 1167.3 309.98 0.0063161
762.47 122.68 831.24 252.76 0.0063138
793.08 178.44 889.96 227.52 0.00623
215.57 179.39 375.6 252.34 0.0062189
84.205 205.74 197.73 253.58 0.0062164
23.114 233.08 308.61 357.76 0.0061941
795.3 173.67 837.33 272.76 0.0061888
624.35 147.21 776.18 214.25 0.0061863
142.99 242.67 345.13 364.91 0.0061465
1208.2 193.09 1242.0 236.91 0.0061429
1206.7 146.45 1242.0 189.52 0.0061411
1042.8 162.05 1242.0 231.99 0.0061328
367.39 170.01 448.32 202.44 0.0060511
766.42 162.16 892.87 246.67 0.0060391
0.0 273.79 30.118 375.0 0.0060377
1181.4 195.32 1240.4 375.0 0.0059884
932.42 147.03 997.17 186.44 0.0059285
1177.9 165.71 1242.0 248.13 0.0058968
374.0 166.75 409.46 249.59 0.0058631
368.55 174.41 431.06 210.7 0.005844
495.98 169.7 569.67 209.62 0.0057599
517.42 170.05 550.27 230.13 0.0057519
430.92 155.24 468.77 239.99 0.0057191
185.57 191.09 311.94 375.0 0.0056333
173.65 170.3 285.68 364.35 0.0056141
921.49 160.73 1022.9 200.41 0.005605
40.545 189.43 271.81 310.83 0.0055488
257.06 194.23 350.26 234.91 0.005508
1080.0 152.78 1171.2 344.41 0.0055073
296.93 174.01 327.78 245.6 0.0055023
1204.4 83.502 1242.0 263.55 0.005486
466.36 185.81 534.53 237.72 0.0054738
369.37 155.48 437.41 277.96 0.0054614
0.0 203.71 201.59 375.0 0.005429
410.25 143.65 470.71 259.15 0.0053745
1217.1 157.91 1242.0 212.02 0.0052926
659.28 157.41 798.62 221.67 0.0052801
471.85 169.6 532.28 208.41 0.0052709
414.13 169.04 494.22 209.73 0.0052478
997.13 147.75 1212.6 222.27 0.0052041
373.98 197.48 463.57 253.74 0.0051961
392.01 160.39 449.1 275.65 0.0051884
0.0 170.92 54.033 375.0 0.0051822
0.0 218.94 223.53 346.22 0.0051639
1207.1 169.72 1242.0 213.36 0.0051294
872.14 138.71 1197.8 293.63 0.0051243
1173.9 149.81 1242.0 232.9 0.0051203
1207.2 138.68 1242.0 181.79 0.005097
753.18 150.77 787.08 205.58 0.0050868
982.68 55.772 1096.2 337.61 0.005023
1092.5 210.19 1225.4 259.42 0.0050226
106.91 265.14 329.98 367.21 0.0049636
454.39 173.23 548.73 248.82 0.0049616
0.0 0.0 134.02 375.0 0.0048833
834.42 162.91 859.35 229.59 0.0048228
1202.2 273.48 1242.0 375.0 0.0047481
812.7 139.44 1105.2 295.3 0.0046462
922.18 159.19 1109.9 232.38 0.0046248
278.94 245.51 451.01 327.79 0.0046192
317.77 230.27 459.76 315.67 0.0046189
432.58 164.57 494.8 310.58 0.0046102
442.86 153.7 597.79 228.51 0.0046065
25.751 162.86 185.21 375.0 0.0046035
615.62 148.54 727.23 224.21 0.0045867
183.71 220.35 366.11 322.03 0.0045813
1178.0 179.06 1242.0 266.27 0.0045032
1168.3 132.84 1242.0 219.76 0.004488
258.53 172.19 398.46 266.7 0.0044564
63.195 75.282 206.85 331.32 0.0044154
1114.5 117.81 1230.2 346.51 0.0043976
674.29 146.74 832.71 217.86 0.0043976
875.28 123.94 938.79 238.95 0.0043522
1163.7 114.53 1242.0 205.08 0.0042943
415.12 172.3 477.87 324.21 0.0042796
202.29 178.35 347.59 375.0 0.0042475
1097.7 234.49 1242.0 352.76 0.0041635
394.09 174.72 459.44 327.41 0.0041032
894.11 145.31 1055.9 211.62 0.0040405
1090.5 259.23 1242.0 375.0 0.0040171
731.17 81.349 808.32 249.17 0.0039351
1087.3 133.64 1148.4 297.32 0.0039314
1208.3 117.08 1242.0 294.84 0.0039284
0.0 192.62 33.343 375.0 0.003864
956.45 238.37 1172.0 366.03 0.0038501
1037.3 152.8 1114.6 334.19 0.0038269
542.95 144.41 594.44 261.45 0.0037808
88.271 250.03 439.89 375.0 0.0037126
245.84 192.02 331.12 364.33 0.0037094
1088.9 216.27 1196.2 375.0 0.0036946
1106.3 104.16 1242.0 299.31 0.0036385
777.64 206.49 899.56 298.11 0.0036348
1070.7 145.08 1135.7 322.73 0.0035571
981.17 268.97 1208.7 370.57 0.0034977
847.15 212.52 1012.8 304.21 0.0034347
1055.5 149.38 1124.8 326.45 0.0034044
811.31 139.18 887.23 278.88 0.0033813
135.09 234.51 386.27 375.0 0.0033403
1183.9 314.36 1242.0 375.0 0.0033177
194.02 141.93 256.0 288.33 0.0032438
207.25 149.32 273.58 289.63 0.0032068
0.0 239.3 136.64 375.0 0.0031581
1018.6 154.15 1104.0 339.15 0.0031528
0.0 255.38 183.41 375.0 0.0031368
642.29 128.51 705.29 257.56 0.0031338
512.36 156.87 652.2 228.14 0.0031002
819.27 229.16 989.85 312.78 0.0030971
896.53 169.6 1075.1 247.78 0.0030946
508.9 142.16 562.23 249.42 0.0030907
157.99 175.59 268.4 375.0 0.0030818
970.12 154.86 1105.5 375.0 0.0029948
840.56 132.64 964.66 210.52 0.0029922
886.53 135.53 1038.4 200.71 0.0029864
743.47 84.378 821.84 247.65 0.0029589
1026.8 161.02 1125.3 359.45 0.0029496
304.76 128.56 630.6 271.88 0.0027577
690.17 119.23 933.09 292.63 0.0027296
830.49 77.721 968.75 315.33 0.0026772
348.52 117.96 459.14 345.2 0.0026442
239.23 198.51 470.03 369.41 0.0025597
0.0 246.06 107.18 375.0 0.0025451
150.07 72.195 346.61 375.0 0.0022846
0.0 158.99 209.38 318.73 0.0021868
991.15 0.0 1140.7 375.0 0.002149
238.51 144.09 336.58 375.0 0.0020141
109.97 130.18 671.4 375.0 0.0019535
0.0 145.6 153.58 314.21 0.001926
911.87 102.05 1007.1 354.73 0.0018922
1012.4 138.15 1242.0 286.8 0.0018458
255.39 0.0 565.62 375.0 0.0012147
762.39 116.13 1015.6 280.07 0.0011628
0.0 156.68 108.04 371.62 0.0011141
238.72 179.52 380.45 375.0 0.0010034
830.69 247.01 1187.2 375.0 0.00093611
0.0 29.99 61.342 375.0 0.00089079
742.92 60.41 870.17 339.0 0.00086536
706.91 108.24 1037.4 261.24 0.00086039
0.0 0.0 69.886 152.93 0.00085114
775.79 47.182 1034.3 375.0 0.00082167
620.61 103.21 982.61 254.65 0.00081811
956.68 64.769 1057.2 350.1 0.00080236
278.14 180.12 417.55 375.0 0.00080232
353.03 86.284 475.73 313.92 0.00078798
1161.5 6.9444 1242.0 313.72 0.00076944
0.0 243.43 242.35 375.0 0.00075241
0.0 0.0 324.86 142.71 0.0007315
244.24 34.881 419.99 375.0 0.00072979
123.27 37.61 397.47 375.0 0.00069165
0.0 134.34 96.362 330.4 0.00067424
937.61 161.13 1059.2 375.0 0.00066985
