345.3 188.66 420.86 229.58 0.99958
807.42 176.69 875.66 340.82 0.99907
818.63 183.66 875.1 326.14 0.99462
356.79 185.86 419.02 220.4 0.98143
807.14 184.84 861.11 316.37 0.96032
786.54 171.56 886.81 321.31 0.92247
360.68 189.8 418.72 219.88 0.91444
814.09 178.95 865.27 294.21 0.91067
355.09 191.38 415.99 225.88 0.82942
377.67 185.24 431.0 211.22 0.8116
365.62 186.67 416.34 206.97 0.80783
362.55 186.95 416.81 213.94 0.80019
802.28 180.51 852.12 294.24 0.77251
791.62 167.45 860.85 333.62 0.62652
607.48 185.98 630.54 204.25 44.77
350.65 191.49 418.59 225.12 30.08
794.62 165.97 870.88 318.41 7.53
504.19 194.57 527.65 209.34 40.02
500.0 193.89 516.74 197.77 70.1
521.86 191.58 536.78 204.89 47.4
514.65 191.28 522.27 204.13 45.58
368.35 168.74 389.15 187.08 49.88
527.86 191.99 529.58 200.01 50.61
415.67 152.15 430.26 201.53 58.13
533.77 192.67 549.08 201.19 57.34
348.71 202.56 368.16 235.94 18.39
921.27 127.43 978.71 326.7 7.15
717.66 166.89 744.69 184.12 67.29
716.49 152.15 748.79 197.18 59.27
730.67 183.05 741.8 196.63 55.86
730.43 174.29 747.72 201.18 51.48
720.8 188.11 729.04 197.0 60.88
726.28 187.76 731.33 196.9 59.1
858.48 92.37 983.24 363.76 5.83
358.83 181.76 369.56 205.14 45.37
854.71 191.13 878.94 209.99 29.27
821.55 175.95 826.33 179.55 71.17
732.81 167.74 767.84 201.69 46.11
737.25 151.19 776.45 196.38 55.86
644.17 153.67 654.66 158.89 68.92
762.01 145.75 838.45 210.08 33.78
774.98 151.0 782.23 156.06 49.54
841.82 138.41 1048.57 215.79 26.21
804.12 183.95 1040.56 228.89 20.31
1110.72 130.2 1242.0 192.52 30.8
313.61 194.8 502.22 239.16 19.5
1124.45 139.75 1180.72 169.02 36.1
0.0 201.09 1.51 363.39 11.0
750.57 142.34 911.36 209.06 35.14
0.0 232.94 65.63 375.0 5.05
786.79 144.25 915.36 213.6 30.01
