763.31 176.65 828.21 226.98 0.99878
348.16 187.63 470.97 251.93 0.99028
762.48 165.28 894.19 352.43 0.98958
770.71 176.91 856.64 369.35 0.98532
761.98 180.61 842.61 222.3 0.97868
759.73 171.51 817.54 220.19 0.97377
769.03 177.5 839.64 234.17 0.96085
376.99 186.83 477.04 261.1 0.91174
753.22 171.78 807.58 213.06 0.91029
756.36 186.88 836.79 231.34 0.85319
357.75 191.5 493.66 269.27 0.81737
753.7 175.48 795.24 201.91 0.74558
359.1 181.9 478.81 243.05 0.73046
767.7 181.51 821.48 217.06 0.71488
781.08 174.89 847.49 237.56 0.63806
405.06 178.68 452.53 270.74 0.62617
774.35 168.81 813.84 237.11 0.62502
769.07 191.69 820.8 228.31 22.73
371.78 184.24 474.57 260.22 15.07
753.32 158.69 870.07 375.0 6.31
755.09 172.11 788.34 198.55 39.31
405.92 206.86 458.87 271.41 13.19
373.78 204.92 419.15 263.03 14.12
842.74 189.51 851.18 213.32 26.66
831.28 190.18 849.43 214.73 28.36
772.96 150.01 839.91 177.64 49.29
834.0 188.25 884.47 221.38 23.26
806.07 173.71 819.75 186.62 48.91
827.49 187.92 853.64 201.69 31.24
808.95 181.99 820.29 186.63 48.83
829.26 162.69 844.68 180.54 40.56
1015.03 69.49 1242.0 346.93 3.48
807.21 158.97 915.06 204.06 33.49
837.59 148.36 861.09 176.64 43.96
0.0 89.43 23.2 322.22 9.61
0.0 108.52 2.14 271.86 13.11
