459.84 179.26 534.49 233.96 0.99963
457.57 181.88 522.15 227.2 0.92924
474.58 171.52 516.15 243.97 0.74887
466.97 178.99 528.61 221.39 0.7186
474.97 183.25 532.33 229.74 0.70767
457.69 178.73 533.38 229.07 21.17
489.47 153.12 509.71 188.5 62.71
480.07 178.93 497.75 193.29 59.86
536.04 186.71 540.97 199.81 49.22
469.65 183.72 487.05 188.44 61.37
508.43 152.77 514.33 187.75 57.2
248.08 149.05 263.88 193.4 51.67
231.51 144.71 240.28 173.7 33.97
243.32 146.99 268.27 195.65 41.93
209.74 146.51 228.83 162.33 41.67
232.05 152.54 241.84 186.38 43.86
256.89 152.02 273.46 156.66 40.64
219.73 152.6 226.09 176.44 45.3
243.23 149.69 248.67 174.61 58.15
0.0 202.65 16.05 264.63 18.49
1234.57 225.55 1242.0 262.45 18.75
148.88 143.39 156.74 173.75 35.56
417.89 149.78 488.4 202.01 48.39
466.99 153.54 482.06 184.35 68.79
313.67 147.61 395.43 191.13 41.1
0.0 148.07 0.32 177.44 32.23
226.36 202.18 333.56 245.94 20.93
348.98 149.48 416.45 195.95 47.39
182.8 143.98 226.29 154.27 34.59
164.06 144.59 172.64 154.17 38.39
205.41 154.15 210.35 174.28 56.98
1115.34 180.75 1128.1 202.26 44.77
1041.26 165.69 1047.2 180.93 44.63
525.46 153.91 532.43 188.72 67.79
484.64 151.77 489.89 186.92 49.85
122.54 141.31 174.95 158.32 30.74
343.38 167.7 429.52 227.47 26.54
374.49 145.74 475.34 219.75 32.52
398.6 141.34 422.23 222.93 21.74
387.34 174.23 409.42 187.13 50.78
326.72 172.13 382.34 195.07 40.05
1006.79 140.39 1062.71 222.61 28.83
1208.77 130.55 1242.0 276.28 17.57
1220.89 132.34 1242.0 258.58 20.5
20.81 143.82 55.27 167.41 31.26
1063.97 129.74 1242.0 253.45 21.11
332.75 154.84 363.56 196.37 47.82
