644.12 172.63 698.81 206.0 0.67318
662.33 184.76 694.61 207.69 39.02
651.89 175.75 676.41 197.15 63.53
678.52 175.67 688.82 179.14 62.83
649.77 193.07 660.57 197.33 63.63
646.93 183.92 651.54 193.45 65.24
648.61 179.29 655.46 197.11 64.63
671.17 166.74 688.64 170.62 61.47
663.28 167.36 667.69 171.11 67.83
688.99 178.59 693.75 187.68 57.63
656.12 145.45 726.95 212.49 30.67
692.22 150.44 701.47 198.93 43.2
694.82 147.94 711.31 205.25 39.54
698.73 190.16 702.31 203.05 40.73
671.24 157.79 688.77 161.59 62.03
684.62 158.08 689.97 161.77 64.63
704.59 149.14 713.04 193.57 37.93
703.74 184.68 708.03 197.97 38.41
558.7 186.4 560.52 199.58 47.37
722.22 145.05 735.83 213.75 27.81
717.96 177.3 729.15 204.52 29.0
664.31 140.85 751.92 223.97 22.28
