710.05 174.98 923.48 314.52 0.99982
646.12 174.96 699.57 219.74 0.99954
648.74 174.25 693.88 214.78 0.99815
698.12 175.51 923.28 314.41 0.99711
650.25 172.99 687.24 209.41 0.99239
647.63 178.11 700.39 220.21 0.97812
699.9 184.94 890.0 303.16 0.94593
659.87 173.17 700.2 211.92 0.94252
651.62 172.07 683.47 202.34 0.9394
668.99 172.65 698.55 206.59 0.91781
642.85 174.5 683.07 205.7 0.90127
676.45 173.42 699.61 204.6 0.86723
657.63 169.05 684.76 221.82 0.80574
655.84 168.31 690.36 224.61 0.80292
647.73 172.09 677.6 200.98 0.80186
645.16 174.79 673.03 204.63 0.77492
675.48 167.65 694.83 213.87 0.76054
641.77 177.33 689.91 212.03 0.71446
657.02 167.06 679.78 216.59 0.71108
670.84 167.94 696.07 218.1 0.65872
667.47 174.8 703.63 202.21 0.65626
672.31 171.27 696.7 200.56 0.61314
705.03 167.4 916.78 314.05 8.0
650.56 189.11 695.02 220.43 25.63
645.68 152.88 668.44 188.33 64.56
626.24 152.12 649.23 193.29 60.96
629.74 175.51 651.71 193.2 61.52
623.29 187.79 645.36 193.4 60.31
614.81 152.99 626.64 193.01 58.17
587.17 165.05 626.32 196.71 53.03
