296.78 167.42 359.34 313.51 0.99789
298.61 163.99 356.4 314.29 0.99765
280.19 170.41 371.1 306.62 0.95306
307.4 178.12 361.38 308.21 0.93825
309.98 165.65 357.93 285.31 0.92715
644.83 164.55 704.67 215.27 0.88897
647.25 171.81 690.45 210.68 0.8857
304.64 168.81 350.48 268.69 0.87811
318.04 167.69 363.94 293.13 0.82655
281.17 159.65 349.6 313.28 0.82196
290.31 171.14 358.05 274.17 0.79657
291.42 166.35 340.79 290.73 0.77405
640.8 174.7 686.67 206.59 0.71004
645.54 169.92 679.93 209.55 0.6608
292.17 188.97 360.55 298.84 0.62685
302.88 160.14 362.4 284.98 10.52
658.94 168.84 706.9 212.82 28.12
674.04 140.74 691.18 221.83 22.13
508.24 150.94 522.16 199.5 45.22
498.46 150.0 525.93 199.01 41.45
646.02 190.16 657.71 198.2 40.54
647.96 175.46 663.62 179.05 60.53
643.26 185.49 658.41 198.83 42.53
657.96 152.78 663.68 178.98 60.07
796.68 176.0 804.06 190.54 41.63
630.44 174.97 650.07 192.72 55.93
638.96 181.75 655.57 191.87 46.28
532.41 178.77 562.37 206.78 32.66
529.69 151.93 552.27 187.54 54.07
534.77 175.23 537.76 187.7 57.27
723.13 159.48 768.04 267.02 11.71
0.0 91.61 299.46 375.0 1.62
522.91 150.35 533.09 197.03 49.51
561.26 177.33 573.1 195.15 46.92
558.4 174.92 579.04 192.44 54.5
521.08 159.66 525.13 195.37 47.85
561.78 189.24 565.38 201.73 35.38
690.22 176.21 766.37 251.96 13.72
599.66 175.52 620.16 193.03 60.41
668.24 153.43 671.42 170.77 63.45
665.31 166.62 670.06 170.39 59.27
708.3 154.32 712.64 197.93 39.07
756.58 169.73 762.69 183.05 56.66
783.95 157.34 790.52 180.42 39.74
772.7 110.51 860.28 316.78 7.87
672.73 152.43 678.13 170.13 55.73
671.95 157.63 674.32 170.24 58.27
575.5 184.31 597.6 188.75 69.82
687.77 149.09 711.4 185.24 40.32
688.3 199.2 694.7 221.26 20.8
359.71 137.07 406.33 232.63 19.74
492.22 149.41 498.65 167.29 38.31
