1054.0 163.86 1121.9 316.75 0.99923
1059.9 161.29 1117.6 304.02 0.99703
1038.8 159.3 1135.9 303.3 0.98695
1040.6 180.88 1114.3 324.26 0.71867
1051.3 164.06 1101.5 293.57 0.66937
1031.17 157.24 1122.24 309.93 9.21
1205.26 131.31 1242.0 223.19 24.05
1236.39 154.61 1242.0 195.46 24.53
1234.9 177.94 1242.0 195.46 24.53
700.94 179.49 788.05 206.51 18.06
1234.45 214.73 1242.0 248.03 10.0
733.05 139.29 740.11 215.25 18.62
99.78 214.06 137.27 241.88 17.04
1216.56 253.99 1242.0 288.47 12.75
1105.27 111.58 1242.0 263.18 13.97
0.0 185.25 17.63 231.52 18.69
1118.6 233.32 1242.0 375.0 6.9
