628.38 174.71 652.86 195.31 0.99932
624.91 173.73 645.45 193.28 0.99701
605.59 176.07 623.12 194.0 0.99208
622.1 174.43 640.73 191.7 0.98647
616.62 175.58 636.54 192.59 0.98595
609.46 175.77 626.51 193.25 0.97249
814.37 159.88 972.34 243.81 0.95543
615.07 174.73 632.28 191.76 0.89155
606.84 172.03 618.09 196.29 0.87358
602.78 175.59 618.66 192.01 0.85859
609.3 171.81 619.79 195.86 0.76697
628.74 174.2 648.93 191.36 0.72022
630.02 171.86 641.82 198.37 0.71629
604.21 175.23 625.8 191.39 0.65842
607.9 175.11 619.31 201.61 0.63176
605.19 169.85 615.57 194.83 0.61113
711.31 185.32 744.18 199.14 41.83
731.3 167.15 740.92 179.61 69.28
645.25 185.77 669.45 194.63 43.91
630.1 174.84 648.69 192.54 54.1
606.93 147.23 624.14 208.95 30.0
808.68 180.82 840.92 204.68 41.94
588.39 153.35 603.71 193.32 60.05
821.97 158.86 970.2 243.92 17.1
740.17 158.18 750.78 161.94 70.38
966.19 146.5 980.32 200.06 41.6
804.64 155.43 816.25 168.63 49.23
969.88 141.28 999.96 220.59 27.51
118.03 139.27 135.35 212.81 27.63
311.03 146.86 340.06 204.19 37.23
605.5 148.08 621.41 156.69 32.39
159.09 146.65 171.35 182.29 48.9
1038.45 140.02 1057.25 221.74 28.22
1016.11 145.07 1028.99 210.75 40.65
947.84 144.62 965.97 173.5 34.01
59.4 137.95 85.0 215.09 28.87
287.56 145.33 314.56 204.44 34.41
290.74 183.55 300.34 203.0 33.4
56.64 143.89 128.15 194.37 47.55
7.46 141.92 89.84 197.82 40.6
351.59 150.87 395.69 189.13 66.05
226.78 147.73 363.95 189.42 60.08
