553.49 178.83 615.85 219.95 0.99973
763.09 167.8 952.2 281.21 0.99969
561.98 176.62 619.98 214.36 0.99873
574.89 176.27 619.1 210.89 0.99621
555.41 183.96 609.57 217.73 0.99367
563.42 179.54 619.55 213.45 0.99363
584.41 174.86 620.0 205.8 0.98804
574.98 175.72 623.71 211.29 0.95378
583.19 179.73 623.94 211.91 0.93291
550.31 181.01 604.44 212.65 0.90862
559.26 177.27 600.04 211.54 0.86896
550.36 179.66 597.86 206.4 0.85055
732.78 156.07 961.76 286.24 0.79211
574.0 176.3 607.52 206.9 0.77215
585.54 171.35 606.36 214.16 0.66276
570.17 178.28 613.96 202.94 0.64519
568.29 172.48 598.59 227.48 0.63901
556.92 180.79 612.94 218.45 24.86
758.2 139.23 946.39 273.44 10.26
600.43 179.21 624.71 206.27 33.71
698.87 175.45 720.84 203.2 37.9
698.15 183.0 706.37 187.47 55.85
618.77 152.35 636.44 193.39 57.49
633.31 167.41 639.13 184.16 68.2
541.02 143.11 588.4 205.79 32.45
625.91 153.49 629.34 170.82 61.43
578.42 142.29 622.78 181.99 40.48
704.27 132.34 820.32 228.88 18.6
797.51 147.62 833.74 171.16 35.43
870.95 144.47 895.74 182.3 30.39
443.05 194.36 451.26 230.51 19.81
460.66 199.99 464.22 217.95 21.36
768.87 139.36 926.23 187.83 20.87
