393.72 182.86 527.19 276.46 0.99954
756.52 167.52 796.99 264.69 0.99788
752.53 169.1 788.95 258.73 0.98272
743.89 172.47 807.17 257.32 0.9732
760.39 169.23 793.74 250.31 0.97122
407.69 183.52 535.06 258.51 0.9618
746.5 171.42 803.6 238.65 0.95392
764.45 167.55 804.09 264.49 0.91552
760.94 170.24 782.22 232.1 0.91188
765.19 169.23 786.35 232.01 0.90953
756.37 170.03 778.73 233.55 0.90682
768.26 168.03 790.56 233.26 0.90539
759.41 171.96 784.52 243.67 0.8604
755.22 172.4 771.99 222.43 0.84333
401.1 185.92 519.8 266.41 0.82935
753.51 175.56 776.49 242.76 0.82549
758.12 171.01 775.82 222.63 0.80395
755.3 174.88 781.21 249.73 0.77937
765.44 172.24 793.1 248.73 0.77574
765.83 166.84 798.47 240.63 0.75712
750.63 172.58 780.81 252.25 0.74171
390.32 199.44 515.95 285.34 0.71059
749.7 173.52 770.26 227.99 0.67108
665.14 151.89 681.41 183.92 63.0
672.08 195.34 680.39 199.82 49.37
398.56 187.93 522.68 268.58 12.91
619.14 149.26 656.43 186.7 49.31
615.32 184.49 661.26 210.77 36.14
653.84 152.46 665.64 178.7 57.12
657.39 193.8 665.81 207.38 40.52
697.37 192.4 701.96 196.11 54.53
747.93 164.59 806.08 273.37 11.74
739.68 176.56 774.71 252.32 15.09
651.38 152.79 654.4 175.12 56.04
482.13 178.95 521.86 201.92 33.3
785.48 148.16 796.83 202.56 36.34
768.51 182.04 789.18 195.55 48.3
777.8 156.89 788.47 175.24 59.91
755.31 150.98 788.29 160.93 56.52
0.0 112.34 49.81 310.02 6.27
830.17 183.58 914.14 206.41 34.05
840.81 167.72 945.19 211.33 28.44
886.3 149.47 935.91 197.91 32.28
877.63 149.37 910.19 196.01 49.06
827.67 150.91 934.0 201.78 41.05
824.12 164.99 841.43 187.7 54.71
819.16 183.27 840.91 193.8 59.31
825.56 160.08 835.32 187.96 59.36
432.93 143.22 621.25 210.15 35.31
