242.91 175.57 356.88 226.42 0.99996
259.32 173.69 355.51 217.19 0.99176
237.82 174.01 361.45 226.85 0.93307
247.33 175.0 338.64 216.01 0.93191
264.97 174.54 347.76 207.83 0.79805
254.13 175.11 358.09 217.32 24.42
700.27 189.12 733.38 197.54 35.99
897.19 175.61 919.8 179.36 70.88
254.8 147.93 315.25 187.09 47.49
935.94 165.81 942.11 179.2 70.26
298.8 172.65 309.47 176.39 43.45
830.9 179.44 861.95 184.29 70.46
251.82 172.96 288.72 192.41 46.14
263.67 177.44 302.71 182.61 50.14
270.12 164.89 301.62 178.68 58.41
270.63 164.73 292.66 174.53 55.23
586.71 178.42 611.61 192.5 55.12
572.38 152.47 588.38 192.5 53.9
555.23 192.91 590.65 197.1 42.39
247.06 149.32 278.07 174.76 56.09
254.33 188.57 283.35 197.85 32.51
759.68 173.67 788.11 191.87 47.6
794.28 164.83 798.98 191.91 49.42
785.27 170.03 788.36 183.46 60.78
745.29 196.67 795.33 199.97 38.3
757.02 150.74 767.18 191.41 46.32
335.78 155.57 341.92 178.13 54.04
901.07 138.58 944.53 221.31 21.44
340.82 147.9 345.45 171.63 37.79
247.84 185.86 266.17 195.91 41.9
1049.13 141.02 1120.79 205.64 34.53
0.0 140.64 79.02 239.39 13.52
728.63 149.34 823.57 199.19 42.35
1115.68 101.8 1242.0 302.94 10.38
830.99 154.39 1021.18 188.57 56.1
214.6 156.67 237.44 182.05 46.96
54.02 147.78 153.26 212.59 23.08
225.01 192.11 261.77 206.95 29.73
