827.65 153.88 870.31 255.37 0.99967
461.86 172.38 517.59 222.98 0.99684
0.0 212.7 231.48 363.18 0.99646
298.1 186.72 324.98 251.97 0.99473
18.986 215.58 220.58 363.86 0.98646
303.59 188.96 326.88 248.8 0.96408
817.64 154.88 875.3 247.67 0.9441
308.0 189.97 329.67 245.43 0.91929
816.8 156.57 860.17 256.73 0.91315
297.31 189.33 327.39 251.06 0.9052
469.83 174.87 514.41 215.17 0.83044
468.97 162.37 509.69 228.26 0.8125
837.46 154.41 872.93 249.8 0.7859
293.73 189.82 318.18 253.15 0.77619
821.77 149.13 874.39 270.29 0.72506
825.46 156.55 878.21 231.59 0.71673
313.78 192.83 332.19 244.67 0.69738
822.88 157.7 855.18 241.66 15.55
836.0 162.67 868.77 236.87 16.55
461.96 172.14 525.04 219.61 27.43
0.0 192.86 239.19 375.0 6.38
301.1 185.76 329.59 238.1 20.11
621.8 167.07 674.51 188.59 67.87
649.18 174.99 665.84 201.96 35.81
682.06 153.19 689.27 183.57 61.01
459.76 176.41 467.96 203.82 42.03
456.41 150.97 461.69 199.57 45.87
460.61 166.31 467.86 175.32 58.02
777.28 194.65 860.97 260.89 12.0
517.09 172.7 535.04 203.54 40.37
485.91 155.98 490.45 173.85 46.57
490.37 154.6 494.11 172.46 39.36
522.3 151.74 549.86 192.76 54.47
511.19 150.22 524.16 176.19 40.46
542.83 152.39 554.63 160.77 53.54
657.94 152.77 664.47 161.41 58.75
805.57 204.42 821.31 290.19 9.05
1059.26 139.26 1204.0 195.35 34.76
789.26 140.01 967.45 220.43 22.48
