759.66 104.38 1242.00 375.00 10.18
662.78 197.95 1242.00 375.00 2.27
0.00 192.80 341.54 375.00 13.78
709.35 141.82 857.95 258.48 26.53
40.81 138.86 264.26 218.28 30.53
0.00 152.49 127.28 241.78 26.17
653.55 149.03 737.66 215.19 36.46
221.67 168.74 338.80 215.24 58.73
365.97 150.98 421.81 188.59 59.07
669.37 172.59 726.29 229.54 41.37
385.25 191.29 437.40 215.79 29.01
333.65 189.90 407.74 204.93 40.88
329.10 176.92 345.15 215.14 28.45
320.34 158.17 339.08 206.06 47.35
340.66 179.64 378.57 202.93 69.04
262.17 188.43 310.76 208.66 58.57
448.03 177.29 457.70 199.84 47.06
487.74 192.14 501.81 195.94 51.52
625.98 190.89 640.71 199.64 45.15
628.47 193.59 645.59 203.68 39.91
348.85 179.82 370.24 184.72 71.97
638.32 195.43 657.33 209.56 31.30
619.61 175.84 628.66 193.53 64.22
624.61 161.72 632.62 193.40 65.08
657.19 197.32 663.88 216.29 26.32
653.42 195.06 658.76 213.44 29.05
632.72 192.59 646.05 206.38 35.61
