693.84 170.2 780.37 240.86
478.81 185.53 542.45 233.98
561.29 179.38 598.78 215.74
679.56 182.74 703.77 214.57
478.27 192.38 491.42 218.3
690.83 172.0 778.64 238.22
690.34 166.89 786.61 235.61
707.26 165.36 778.72 231.58
475.98 182.86 542.55 235.58
490.48 182.95 541.55 229.91
490.06 175.87 528.84 241.5
485.92 183.38 538.26 227.69
478.24 188.57 534.22 234.76
468.11 193.43 543.26 238.37
475.8 192.59 532.26 226.59
468.08 183.06 532.84 224.65
489.86 188.38 545.99 225.29
473.3 188.3 528.62 221.61
491.46 188.74 549.75 234.8
481.31 196.72 536.22 239.78
470.77 195.55 530.4 242.91
484.97 194.27 539.77 231.98
480.0 197.8 540.14 241.06
557.15 176.14 601.04 213.64
555.36 174.17 606.14 216.55
563.8 170.06 590.84 220.3
552.17 177.62 596.84 208.15
565.06 174.87 602.1 209.07
556.61 182.33 607.43 215.62
562.66 166.86 596.2 223.69
568.07 169.57 595.37 218.47
574.97 169.93 598.58 214.71
556.72 175.07 588.66 206.17
560.55 172.81 597.57 205.01
552.1 182.03 609.84 219.62
571.9 171.36 599.87 223.42
574.01 175.81 603.29 206.33
567.79 177.96 606.95 215.63
565.97 167.82 588.08 212.28
560.4 175.43 587.65 221.56
573.89 167.9 594.59 210.7
570.76 168.51 601.57 222.27
569.69 174.59 600.86 202.16
564.39 176.22 594.39 225.43
567.91 165.89 585.65 206.99
564.96 188.41 608.2 217.35
684.64 173.39 713.09 224.66
679.68 171.96 705.38 216.91
667.82 177.22 716.14 206.45
678.24 171.83 716.11 204.74
677.0 178.33 702.53 218.51
672.04 175.71 716.96 218.41
673.83 174.91 705.96 206.08
676.3 186.95 710.51 213.38
679.66 185.45 716.64 214.86
685.04 175.19 707.49 224.04
669.84 175.2 698.14 203.98
475.48 179.16 493.38 229.96
465.71 180.86 479.17 221.48
468.77 181.03 482.57 223.16
684.46 172.97 744.71 221.07
681.07 174.33 736.32 213.18
688.91 170.47 757.06 225.28
884.91 103.66 1242.0 375.0
877.79 134.84 1235.0 367.53
681.03 176.44 729.08 214.37
677.17 173.28 720.96 213.81
674.49 176.38 718.11 212.12
688.09 176.98 738.63 215.54
924.9 105.49 1219.5 321.64
856.74 120.66 1162.1 353.97
