301.39 191.4 375.39 227.73
581.78 179.55 635.36 229.5
473.47 192.7 479.61 200.99
553.28 174.13 559.46 199.65
639.86 183.29 648.83 200.71
581.93 180.76 637.48 230.91
591.08 177.14 640.42 222.7
586.53 182.57 636.44 228.82
592.71 175.89 629.14 237.05
583.57 177.97 636.93 216.51
589.01 171.55 622.12 233.72
582.73 187.37 632.17 224.27
578.13 179.66 627.76 225.57
587.29 181.07 622.82 242.97
585.76 181.49 622.03 224.5
574.85 191.78 641.12 233.31
593.37 182.66 646.37 232.91
293.99 190.27 374.47 233.11
308.57 187.76 372.47 229.77
293.9 186.54 363.47 226.81
302.51 195.34 367.18 227.54
310.19 192.76 375.54 226.03
289.96 199.14 367.48 237.1
315.27 190.53 371.11 219.7
312.89 186.32 361.39 223.92
303.53 191.16 363.59 220.72
301.94 193.61 383.97 230.03
305.89 183.04 380.02 215.5
545.52 175.89 564.49 191.99
540.97 175.62 560.9 190.45
544.76 176.13 570.76 191.17
546.61 173.19 572.36 189.71
546.37 170.62 566.38 189.87
549.22 171.44 560.77 194.82
547.65 171.76 558.22 194.78
541.44 178.5 565.49 193.34
549.82 165.36 562.67 193.06
547.14 176.81 567.93 193.97
629.53 171.92 644.68 207.0
641.62 169.67 656.08 206.94
632.6 172.04 648.36 207.19
637.05 173.68 651.87 208.09
638.9 175.28 657.06 209.43
642.0 175.15 660.58 209.44
626.69 170.35 639.13 202.01
462.96 182.05 483.48 200.7
466.16 180.42 488.41 196.16
464.76 180.26 484.02 197.64
464.2 179.93 478.1 207.56
460.03 179.92 483.55 194.29
465.03 179.22 487.1 193.41
462.34 180.87 475.23 211.44
468.75 181.82 490.39 200.91
461.78 185.02 479.15 211.84
459.71 186.66 475.8 214.44
628.41 175.83 683.76 200.49
448.99 184.12 483.88 205.62
431.37 184.51 469.35 208.85
621.7 177.29 671.36 200.43
457.16 183.51 483.23 204.57
633.7 174.14 688.46 197.5
442.57 183.42 473.51 205.05
446.34 186.88 480.36 207.13
440.51 187.39 475.37 208.01
521.52 178.63 541.21 193.88
519.09 176.97 539.66 192.5
427.4 182.74 462.12 208.7
624.84 177.5 662.14 198.9
645.28 175.2 687.34 196.02
452.82 183.71 478.79 203.19
515.29 176.69 535.24 192.46
620.25 173.32 688.48 202.85
450.3 182.37 476.22 199.88
437.75 183.44 465.13 205.82
633.22 173.85 675.23 199.85
