588.62 177.98 623.98 213.92
465.44 179.48 530.49 224.83
217.17 172.24 280.29 203.21
547.11 183.24 575.37 192.78
412.04 165.99 417.32 193.22
546.33 170.21 575.52 178.85
0.0 140.13 46.46 186.66
0.0 158.55 43.17 193.2
467.07 176.86 531.33 228.63
474.19 181.01 528.34 225.68
477.92 177.31 533.54 217.63
477.85 168.0 517.73 236.18
478.69 178.02 523.04 215.74
468.4 185.91 523.84 220.97
473.75 193.47 525.41 225.06
462.01 176.77 521.54 214.92
458.2 180.15 525.48 233.56
460.35 189.76 540.8 233.19
209.37 171.64 276.15 210.19
213.67 175.56 270.71 207.78
214.74 171.25 273.78 200.95
213.63 169.82 267.54 192.06
203.52 164.82 280.91 200.5
230.57 173.04 275.99 207.76
218.89 168.66 287.76 205.71
205.63 160.71 271.77 207.42
228.58 170.78 275.46 191.8
219.1 180.87 274.65 209.16
228.05 169.24 271.77 199.88
228.14 179.42 272.7 213.41
227.7 172.41 278.03 213.79
220.32 161.46 294.19 197.98
220.6 177.52 273.74 216.01
585.39 176.82 624.27 215.6
581.7 177.0 616.5 212.36
591.15 174.25 623.82 209.57
583.19 174.81 627.05 215.57
590.5 173.52 617.67 218.82
599.54 175.09 625.42 204.64
595.84 178.1 625.41 212.32
594.77 173.87 622.38 202.46
577.36 178.09 612.34 207.3
584.3 174.9 610.54 217.13
595.72 178.3 629.49 203.54
588.18 174.1 613.95 201.96
586.91 185.77 623.28 217.04
596.16 169.68 618.52 215.34
595.27 174.21 622.99 219.62
600.38 170.42 621.01 212.98
587.73 168.13 617.22 222.48
599.06 169.92 617.75 207.88
595.71 169.91 612.6 206.44
593.21 182.09 619.04 221.78
589.09 181.8 627.94 212.0
587.49 179.09 614.42 221.02
578.98 172.5 630.35 208.85
593.51 165.57 625.21 219.82
582.68 167.15 612.59 218.64
600.76 169.54 616.28 200.37
594.51 186.35 627.64 217.92
0.0 148.41 34.326 200.41
543.0 175.64 574.67 197.7
556.59 176.01 582.65 198.11
559.91 174.47 583.74 194.88
551.91 174.49 578.17 195.4
541.76 177.32 567.9 198.42
547.13 170.7 575.61 196.26
549.16 179.08 577.47 198.95
541.62 172.3 570.67 195.04
539.91 176.12 563.61 196.06
549.42 169.36 569.03 203.85
544.8 179.93 572.1 198.99
553.25 169.46 571.56 202.71
546.99 175.65 564.63 202.68
538.68 179.51 562.12 199.64
544.72 171.3 561.76 203.18
559.45 169.33 573.89 201.11
554.18 169.54 577.56 192.65
539.97 183.01 569.54 200.44
559.72 171.09 580.77 192.02
545.25 182.49 575.34 201.08
548.02 168.54 578.08 189.79
410.34 176.56 429.92 191.45
417.89 171.85 427.8 193.95
415.07 175.37 428.17 199.41
403.9 174.56 424.7 190.95
402.61 173.16 430.58 189.58
415.23 167.76 429.53 193.49
414.09 171.2 423.8 194.01
415.86 177.98 439.97 193.62
413.91 177.4 434.65 192.49
580.95 177.29 604.42 205.46
420.47 177.64 442.66 191.88
418.09 176.36 440.94 190.35
448.17 176.14 470.06 190.32
571.37 175.75 591.29 195.19
577.01 177.16 598.15 200.75
423.29 177.05 446.26 190.96
565.69 175.27 588.23 194.38
572.48 177.34 596.11 197.5
