658.05 173.69 704.18 214.73
539.24 182.08 581.37 215.82
705.99 186.95 820.93 266.55
375.18 172.7 478.62 227.13
470.94 175.13 536.1 197.6
269.17 176.3 438.95 251.94
224.98 175.05 414.79 269.72
523.0 170.72 574.29 183.85
535.39 190.27 542.94 198.6
1127.6 170.59 1213.87 193.38
467.94 197.94 517.65 219.71
542.71 186.39 547.6 191.54
674.21 157.91 686.5 175.69
1204.35 134.58 1242.0 158.63
377.93 200.44 458.92 236.65
222.15 170.56 416.67 264.16
715.48 189.36 827.11 266.25
708.46 195.13 814.04 261.31
699.9 190.61 808.72 263.05
701.46 179.24 831.68 258.56
279.67 174.14 441.51 265.4
373.89 176.73 486.2 225.34
363.36 171.6 485.51 234.87
367.28 168.74 466.85 229.03
473.46 176.97 543.94 209.06
463.34 178.63 530.91 209.13
482.89 175.38 542.4 204.01
477.51 178.71 541.16 208.59
476.98 174.32 530.52 205.76
471.93 174.54 530.0 197.72
461.79 166.59 544.31 198.69
465.35 168.08 537.41 206.16
478.5 171.95 531.94 190.65
466.94 184.7 528.4 211.59
468.62 172.29 524.7 191.3
534.17 179.34 579.42 215.66
530.43 180.58 582.44 216.43
529.73 179.28 573.12 209.77
538.01 179.02 585.47 210.56
548.08 178.79 581.16 209.59
542.95 183.63 583.46 217.82
539.68 176.38 572.64 205.5
543.51 172.51 568.3 221.21
546.44 176.78 577.44 204.25
543.39 174.04 572.42 227.04
538.87 169.51 571.06 221.99
549.21 173.42 575.06 220.87
537.28 188.67 576.78 219.93
550.16 170.32 570.16 210.69
545.49 181.44 571.16 225.68
534.87 176.21 586.53 209.86
547.63 172.83 580.41 223.36
546.97 190.86 582.21 218.1
527.84 185.58 569.79 214.52
549.98 186.5 575.75 227.37
657.89 175.84 705.82 214.08
657.29 175.87 706.81 214.52
660.53 174.75 698.33 208.4
663.6 177.17 710.45 208.62
655.09 178.28 692.53 210.26
670.0 175.45 704.97 206.69
665.06 173.56 697.07 202.75
663.62 171.84 690.82 216.5
669.18 171.76 695.9 218.76
658.36 183.46 700.39 215.64
666.07 171.32 694.27 222.18
664.82 182.36 708.98 216.92
670.83 168.06 690.6 207.73
662.24 167.6 699.47 219.28
651.38 174.72 700.32 208.52
652.63 181.25 709.82 218.17
660.9 172.01 717.86 206.1
666.0 178.12 693.59 222.64
655.58 186.7 690.42 212.08
668.84 183.22 707.13 210.73
652.53 164.87 705.24 206.55
531.37 175.22 564.8 194.27
1208.1 122.5 1242.0 164.69
666.26 170.28 694.29 186.84
1118.0 166.47 1219.1 202.48
1116.3 158.8 1220.9 194.95
525.06 178.57 552.29 201.3
531.52 175.64 557.32 196.64
366.4 193.63 460.51 248.45
193.66 174.65 458.45 267.56
299.73 175.38 460.92 244.25
247.59 172.96 448.36 252.16
817.17 211.32 1175.2 370.13
453.46 176.38 537.93 212.14
145.63 178.34 425.27 277.6
2.6471 167.47 273.47 338.14
336.47 174.58 473.4 239.08
36.581 169.75 313.46 303.55
636.57 176.52 655.01 192.78
352.11 175.71 474.71 233.47
810.23 210.63 1076.6 367.77
99.774 179.49 338.51 275.84
75.848 182.75 298.8 289.77
97.059 176.31 385.15 296.43
139.68 172.86 434.37 283.8
760.04 210.5 1242.0 375.0
0.0 116.6 434.31 358.2
703.09 199.54 784.18 252.73
22.004 183.88 268.9 301.17
335.86 174.2 463.12 226.21
693.69 137.77 1242.0 375.0
891.94 224.56 1204.2 370.6
632.75 175.4 651.24 192.82
775.56 195.08 1055.1 355.24
433.96 174.4 522.64 212.95
93.995 173.25 274.47 305.22
406.03 177.76 496.36 219.66
653.18 178.0 684.83 201.77
652.97 179.06 677.68 204.27
