572.05 187.7 609.89 214.02
426.74 197.86 459.95 211.81
344.34 181.4 414.62 226.16
508.98 166.53 519.25 192.96
315.67 151.3 349.23 203.14
336.24 184.57 412.01 231.48
341.97 185.42 402.85 225.62
351.36 185.18 413.87 223.09
344.14 181.44 405.26 218.03
348.56 186.8 407.48 223.41
338.27 192.8 422.13 236.16
342.47 184.47 401.57 213.15
355.46 181.03 416.54 212.18
355.51 192.15 415.06 221.24
355.76 187.08 418.98 234.06
341.43 187.82 405.3 231.91
340.49 194.82 401.1 228.2
568.35 180.03 609.22 218.11
567.02 176.41 611.85 218.35
574.04 177.81 612.13 212.96
568.53 180.05 600.7 211.92
581.96 178.62 611.83 209.81
573.55 178.3 604.69 208.03
574.56 174.56 601.56 222.83
577.84 183.67 612.81 217.58
568.06 179.19 602.48 203.76
565.38 183.55 604.92 214.74
584.42 179.11 613.24 200.79
580.19 174.62 607.72 221.45
569.81 186.63 605.99 221.65
577.68 177.32 606.59 201.18
572.82 178.49 599.13 200.96
576.89 185.65 603.0 226.39
570.03 183.62 598.55 226.57
563.7 181.96 617.56 222.48
563.73 192.09 606.13 219.83
570.18 195.92 604.22 221.16
574.54 188.41 609.84 219.14
565.18 191.46 596.15 217.96
575.53 178.16 621.27 221.61
303.0 138.75 336.04 213.06
500.13 171.27 527.59 189.09
500.14 167.09 529.09 186.17
500.64 175.77 527.9 191.69
496.18 174.73 519.39 192.62
496.83 168.02 512.92 196.34
499.46 162.52 515.5 193.88
423.33 185.23 466.14 215.35
422.39 185.62 458.78 211.0
433.25 184.34 468.54 205.76
414.96 184.98 467.27 216.0
426.17 190.72 470.0 214.58
424.78 185.71 453.92 207.63
423.02 192.23 461.24 213.04
420.77 185.77 452.27 203.38
435.12 184.22 460.15 203.84
434.98 186.17 469.93 212.78
429.76 184.18 453.29 203.63
420.43 187.13 450.43 209.53
428.17 193.56 462.9 215.82
426.85 183.99 448.43 202.71
437.07 186.48 456.4 220.25
430.92 186.55 449.51 220.99
420.83 194.68 454.82 215.19
433.47 189.52 454.06 222.96
434.12 193.05 468.22 216.05
421.41 198.0 458.38 218.25
438.96 191.05 459.98 223.39
135.47 186.35 307.57 275.1
428.4 183.6 464.5 209.86
