568.8 218.84 600.38 237.06
593.99 196.08 613.37 218.21
605.13 200.4 619.64 214.01
686.58 209.56 708.68 218.73
858.2 210.06 911.13 238.34
1070.91 174.49 1148.48 240.72
562.81 208.76 599.58 238.89
569.35 207.38 602.81 236.25
568.03 208.38 595.64 232.11
570.52 207.11 600.23 229.82
563.06 211.16 593.8 232.59
578.32 210.04 605.62 231.94
568.52 213.12 601.53 241.65
559.2 207.28 604.88 241.32
574.09 212.61 604.31 236.81
573.24 208.01 597.45 226.09
562.56 214.91 597.47 242.59
580.31 208.09 606.54 228.3
565.32 208.72 592.47 227.42
566.01 206.39 587.98 246.54
566.0 209.5 589.0 231.52
571.2 207.33 593.63 247.15
575.42 208.28 597.25 246.24
581.26 204.89 598.84 238.22
569.76 204.88 587.06 235.09
580.54 209.71 599.15 243.77
554.82 211.16 609.84 244.65
573.71 218.5 600.64 240.2
561.01 210.47 587.55 236.46
567.1 212.83 591.96 249.74
562.69 222.07 595.74 244.3
579.31 219.53 603.34 239.58
569.73 223.27 600.07 243.65
559.14 226.4 595.67 245.64
558.62 214.08 588.38 241.5
580.17 223.53 605.71 242.35
563.32 228.76 593.85 248.67
558.73 231.83 596.47 249.56
569.63 229.04 599.84 248.75
574.52 227.09 603.52 243.55
1057.8 186.45 1152.7 227.34
591.29 207.27 611.01 230.05
580.58 205.83 606.24 222.94
597.1 206.66 616.29 228.15
589.17 206.08 608.06 226.5
601.54 205.73 620.98 227.7
595.92 209.74 623.51 231.7
592.8 204.0 612.12 225.85
586.7 205.55 610.35 222.61
598.41 202.38 616.74 225.33
589.97 204.05 614.97 223.28
605.33 187.45 619.34 230.8
606.23 205.5 625.96 227.58
580.85 202.38 607.89 219.78
604.85 209.93 626.49 230.46
602.39 197.71 621.56 222.79
595.13 202.92 620.16 222.91
593.53 200.36 613.29 222.24
675.77 210.57 706.4 229.4
676.81 206.54 705.69 226.07
610.83 206.09 630.15 227.9
603.07 206.11 630.07 226.3
844.34 200.93 914.48 249.52
