705.39 183.52 759.19 231.71
696.25 181.14 736.87 221.65
516.58 192.82 534.35 196.69
689.81 183.37 710.92 215.11
274.72 171.84 366.38 220.73
683.31 184.69 699.41 207.19
675.08 191.71 682.12 204.61
727.63 177.09 743.16 186.31
755.09 152.27 819.84 205.69
701.74 178.61 759.55 227.55
695.88 179.25 749.93 223.92
702.47 181.09 750.91 225.92
709.69 182.41 757.8 227.89
710.66 178.14 754.31 219.53
710.83 181.68 767.45 235.03
716.11 170.37 754.62 236.05
716.92 176.7 746.86 232.21
712.94 173.06 746.61 231.96
709.62 179.44 748.08 240.33
709.48 178.49 771.12 217.85
715.01 186.75 766.34 223.31
708.41 191.67 756.73 234.41
694.07 188.18 765.73 234.48
717.67 190.92 762.55 235.86
700.61 192.62 758.2 245.12
270.65 172.87 365.09 226.19
268.45 182.46 356.66 228.97
282.13 173.04 365.18 213.46
286.45 183.6 368.83 232.39
267.09 169.73 357.25 211.33
747.13 165.81 833.11 201.8
690.91 180.54 731.89 216.38
686.29 180.17 723.88 213.5
692.85 179.15 738.77 218.24
696.31 181.55 738.44 220.28
687.64 177.9 730.39 216.28
702.06 177.73 737.42 213.4
696.68 185.91 724.82 216.22
706.11 174.69 733.85 226.92
702.99 175.27 728.21 223.47
700.36 185.4 740.85 225.94
709.83 178.62 738.71 229.55
699.32 187.15 730.29 222.46
706.41 177.36 737.68 233.31
704.69 173.58 725.17 217.87
708.85 172.02 729.87 220.14
703.09 181.89 729.84 231.63
701.98 176.92 726.85 224.96
706.78 170.49 723.47 212.9
706.33 184.34 736.67 233.71
685.49 180.34 731.4 229.48
698.08 193.5 734.62 226.32
685.58 179.99 716.06 208.91
678.76 180.25 705.8 206.27
697.21 177.37 719.27 220.8
693.33 174.73 715.57 219.6
700.75 179.8 721.99 223.65
677.03 181.14 719.75 210.13
691.17 175.57 709.1 216.75
695.19 179.15 722.41 208.04
687.25 174.99 703.54 215.0
689.13 183.17 717.49 212.67
685.12 176.23 699.06 209.0
700.59 185.55 718.36 225.04
698.82 190.27 722.39 220.95
697.41 180.97 714.81 219.29
699.48 173.64 717.33 213.37
703.36 171.88 720.3 212.86
695.17 173.66 713.08 213.66
688.31 179.33 721.48 203.55
683.68 180.74 712.34 202.62
692.1 175.95 706.45 211.21
688.93 175.43 701.62 209.57
696.03 178.08 718.7 224.21
692.2 187.58 715.6 215.08
685.39 173.96 696.97 204.19
699.84 176.71 724.05 201.99
692.67 177.76 717.62 202.07
688.98 173.8 711.43 223.33
681.57 184.3 708.27 212.47
689.71 178.77 711.43 201.86
694.95 184.56 708.46 223.31
689.4 180.36 705.06 218.27
699.91 195.91 721.38 223.52
686.95 188.84 710.91 214.2
679.01 185.72 715.9 212.74
693.07 194.19 713.76 218.75
682.16 178.23 698.35 213.16
698.5 187.18 712.49 228.05
689.73 184.36 704.39 226.5
684.44 190.44 717.63 215.05
673.62 178.27 698.61 203.33
674.48 180.16 712.8 206.48
670.9 177.23 692.5 200.74
681.99 175.24 695.71 208.13
677.3 173.67 690.64 203.81
674.46 173.08 687.19 203.54
674.79 178.3 694.84 199.24
680.48 174.14 692.93 201.98
677.69 176.16 693.38 209.24
671.37 176.68 697.11 194.77
671.84 174.39 691.43 194.66
672.24 173.84 689.26 209.69
679.68 179.04 699.38 199.75
685.72 178.82 705.64 200.86
677.6 176.66 702.08 195.13
674.88 174.92 694.72 194.21
515.31 180.53 545.18 198.21
509.69 178.99 538.16 199.45
511.81 182.27 543.12 200.02
523.2 180.18 546.83 198.15
519.29 183.2 546.19 199.92
520.06 179.97 535.08 205.13
505.08 183.82 537.95 201.93
503.17 181.34 535.84 199.48
513.36 184.85 540.68 202.28
516.53 179.49 532.86 205.54
515.99 187.4 545.57 203.21
510.08 187.89 542.03 204.33
508.12 185.64 535.78 203.85
509.7 180.71 525.06 206.77
523.68 181.39 538.91 207.91
504.23 186.81 531.85 205.0
527.66 181.38 542.48 208.32
513.5 181.82 528.62 209.36
506.11 191.4 542.4 207.45
512.58 191.0 546.9 206.43
506.51 178.96 521.4 207.31
721.63 174.68 749.27 199.72
714.03 174.28 749.25 195.38
729.68 175.26 755.05 198.49
720.95 174.91 756.01 194.37
668.06 178.27 695.94 198.3
667.93 180.44 691.48 206.89
668.82 183.19 695.57 209.84
661.31 178.86 689.75 197.26
863.36 200.56 1223.2 366.84
779.15 186.33 984.57 299.1
828.09 180.8 1135.6 358.05
776.48 170.34 1241.0 375.0
794.85 176.2 1044.0 335.62
