742.66 155.72 765.56 229.21
741.93 159.36 767.61 219.18
400.1 158.91 422.69 219.02
908.59 161.28 943.87 240.38
320.12 162.66 354.26 224.17
886.6 163.4 918.69 235.51
377.28 173.09 411.79 201.53
719.78 171.76 747.1 198.18
436.62 174.76 462.62 198.22
0.0 136.8 94.67 304.64
757.56 183.24 778.85 214.86
1053.49 154.41 1103.46 257.1
395.77 149.87 418.1 186.43
537.28 165.14 556.19 201.61
280.61 180.67 329.73 213.65
776.09 175.67 797.3 194.09
405.38 141.94 429.05 215.01
993.28 186.65 1079.38 314.18
8.0599 136.46 82.411 314.04
1007.2 173.08 1076.9 314.29
910.0 161.18 945.73 250.38
905.46 162.94 938.91 248.38
901.53 164.8 953.24 243.97
907.67 169.57 932.07 247.65
911.53 159.65 935.83 235.39
917.52 159.83 949.23 248.01
909.17 158.91 930.11 231.52
913.02 164.77 941.83 241.86
915.8 158.89 939.63 231.98
918.01 162.01 945.13 233.37
921.93 160.03 949.58 231.34
903.13 151.12 939.82 235.59
914.81 150.14 953.75 239.37
921.34 159.26 956.61 240.97
896.25 163.38 925.08 244.61
895.87 162.94 919.97 237.48
899.89 166.25 923.25 242.26
891.73 166.15 916.01 242.12
897.73 173.33 918.34 243.58
888.95 165.89 917.41 245.26
889.02 158.07 912.24 235.74
893.07 158.12 916.01 222.72
890.8 173.36 911.24 243.59
886.85 156.23 906.98 233.11
883.04 160.92 916.37 236.21
879.63 164.26 924.65 228.88
889.7 150.87 924.1 231.94
877.79 160.09 905.78 234.07
747.39 162.89 770.62 229.99
741.43 158.4 765.49 231.64
751.68 164.64 774.07 230.09
745.58 163.77 771.09 232.58
743.75 155.99 767.01 218.64
739.77 159.05 760.46 222.58
740.46 155.39 772.74 233.13
739.91 163.65 770.23 219.72
736.38 156.01 764.61 231.04
743.23 164.32 761.24 230.79
736.13 158.05 778.91 222.36
747.74 165.27 776.63 218.65
749.25 156.51 774.51 238.43
754.6 167.33 779.25 216.76
734.04 169.14 775.93 237.04
734.82 160.43 753.34 229.14
730.42 146.92 764.61 223.44
735.96 142.69 771.85 224.77
323.67 160.59 349.91 229.47
328.91 162.11 356.0 229.28
325.88 165.25 353.55 233.82
322.37 161.38 343.48 228.24
328.26 173.37 351.28 236.39
319.05 166.98 360.43 229.59
320.53 164.4 346.96 233.17
321.65 170.04 355.62 220.85
323.12 175.24 343.09 236.95
333.17 175.91 357.26 235.42
325.4 160.78 346.47 218.26
319.4 166.61 348.24 218.06
323.29 161.28 341.23 215.85
311.12 172.36 357.19 233.48
313.84 161.65 362.99 221.73
333.03 160.91 354.03 215.54
326.2 163.26 358.11 216.56
321.68 162.72 352.5 210.73
315.93 168.62 341.38 215.69
320.09 151.18 357.06 233.15
329.92 159.88 348.65 212.31
330.55 158.75 360.63 230.12
314.5 152.53 347.59 231.26
332.49 150.19 364.51 225.19
395.35 163.73 419.6 227.04
392.29 160.58 415.5 224.54
389.77 159.48 411.7 218.38
399.86 157.73 421.98 219.86
392.87 164.41 421.03 225.2
404.65 167.6 422.89 224.69
397.12 159.18 419.07 214.69
388.24 165.6 419.15 218.09
391.89 171.54 421.89 224.28
406.54 160.75 423.39 214.57
391.48 160.71 422.62 209.15
411.93 167.12 426.01 220.59
390.26 162.74 409.7 208.58
402.05 159.93 421.16 209.73
409.28 171.04 424.95 227.04
394.77 157.51 412.46 205.18
400.08 156.57 416.57 205.87
400.44 165.3 425.01 211.7
408.2 164.71 433.53 229.0
396.8 152.08 427.79 224.24
410.49 159.88 436.18 218.73
1050.1 152.0 1098.8 263.74
1060.8 143.77 1107.4 255.27
1041.8 164.35 1113.7 253.6
290.99 177.39 315.85 221.9
720.53 163.56 734.91 203.09
728.06 161.26 745.03 205.79
724.44 161.47 739.9 204.44
729.87 164.37 752.26 197.65
725.69 164.19 748.32 197.33
718.2 166.19 738.25 196.62
722.33 165.07 743.81 197.31
537.51 164.82 550.5 203.46
760.41 169.74 781.29 214.19
769.3 171.65 791.39 212.87
754.2 172.29 776.39 224.4
764.42 172.41 784.62 211.97
760.48 175.12 778.85 220.91
771.04 175.21 792.25 220.35
435.15 168.3 451.09 207.92
439.87 167.52 454.04 204.93
388.8 162.99 418.88 199.69
741.98 155.12 762.51 212.75
749.56 156.35 769.06 212.12
752.8 158.65 773.22 214.13
738.11 160.64 767.78 210.51
740.68 156.04 757.04 206.02
742.27 172.65 769.27 226.93
746.96 153.9 764.62 206.91
740.26 164.91 780.93 231.08
741.12 158.2 774.09 211.94
384.38 167.06 399.57 211.63
386.08 163.49 416.38 208.11
381.31 167.54 405.49 201.75
384.07 166.01 410.14 199.47
378.2 169.23 399.38 200.37
388.38 164.7 404.97 203.68
385.68 168.48 411.14 211.98
384.99 164.99 400.04 200.09
377.55 169.67 412.91 191.42
375.52 170.07 420.38 197.09
378.84 167.14 401.72 192.35
373.67 172.05 407.54 193.91
775.4 169.61 800.58 203.94
1075.8 147.87 1115.0 262.75
759.22 165.02 776.47 225.33
746.8 172.17 766.18 234.44
1.3997 140.93 58.583 348.58
1067.2 148.26 1110.4 271.39
763.89 166.11 778.34 223.29
777.11 169.53 798.02 229.7
1.7639 144.55 45.438 301.09
1081.1 146.45 1122.0 268.85
0.43458 132.14 35.73 318.74
780.78 173.43 801.06 229.42
774.81 164.83 794.37 229.26
388.27 164.36 406.14 217.5
767.25 167.91 780.07 221.06
118.71 173.39 138.0 226.65
121.12 173.1 141.74 232.36
318.94 162.93 336.18 226.58
771.82 164.82 786.62 224.21
