128.98 182.69 224.61 221.99
384.45 183.9 392.48 194.12
335.75 174.62 365.25 198.15
210.84 175.55 229.96 206.22
345.45 166.03 405.22 194.42
286.62 182.32 318.24 201.23
291.71 170.81 315.39 214.46
283.84 170.55 309.37 214.23
132.86 185.21 217.96 223.69
129.41 181.11 214.62 215.88
129.75 189.98 214.94 235.27
345.01 172.86 414.65 202.7
333.76 174.18 405.52 203.85
339.68 169.1 396.45 203.77
346.88 162.15 408.36 201.73
326.69 181.26 366.28 201.79
343.74 182.03 376.98 199.67
333.09 179.72 368.62 200.33
341.94 180.6 370.6 201.22
324.49 181.46 357.85 203.35
332.59 184.19 369.71 202.95
205.24 177.62 219.33 215.5
200.53 178.89 216.12 216.84
199.13 180.87 222.51 207.85
202.18 178.66 221.32 219.95
208.29 178.98 221.74 215.89
200.81 179.69 221.47 202.98
205.99 172.14 218.89 209.7
209.67 171.07 222.37 208.35
372.99 177.21 399.88 196.9
384.49 170.51 399.1 200.11
381.88 170.56 396.71 200.89
386.76 171.37 401.65 199.79
379.17 172.04 393.56 201.93
373.77 181.11 401.84 199.17
382.44 175.57 398.88 201.83
371.89 174.53 403.68 192.07
385.07 176.22 401.66 202.24
376.63 171.45 388.36 199.55
374.04 174.14 388.68 203.12
390.57 173.17 404.45 199.35
377.75 177.58 395.88 207.65
375.01 177.17 392.23 207.9
372.14 171.91 382.62 200.25
389.74 176.3 405.17 203.86
110.62 185.95 218.56 231.21
443.64 178.6 473.1 195.25
374.7 176.51 407.12 196.07
106.8 184.18 199.66 224.46
