908.09 170.91 944.56 230.32
975.78 168.44 1027.75 238.02
638.46 175.59 667.33 222.51
836.52 182.82 872.66 223.78
642.89 175.5 650.86 193.13
399.16 179.96 442.34 207.33
626.98 157.51 669.19 196.8
822.14 183.84 858.97 224.19
626.17 153.27 645.5 193.07
0.0 126.93 58.26 224.81
0.0 138.1 34.71 178.54
11.288 130.52 54.146 235.35
0.0 131.83 68.441 223.57
988.64 164.78 1016.3 240.89
983.9 166.55 1029.7 235.91
974.45 167.53 1019.0 232.53
988.34 172.13 1037.5 245.23
987.36 176.54 1022.1 232.4
971.44 173.85 1022.3 245.86
913.38 168.74 941.2 233.58
913.26 168.74 942.07 236.27
906.06 171.5 949.35 232.96
908.75 168.34 934.57 232.86
917.58 177.28 943.81 233.95
909.24 171.98 943.23 222.37
903.76 166.6 932.09 237.8
913.72 169.18 934.28 217.53
895.19 176.47 954.83 221.0
908.52 181.64 943.16 233.74
920.65 168.49 948.71 238.07
919.75 169.04 941.97 229.06
899.0 171.48 941.0 232.35
912.69 181.82 938.17 237.96
915.09 175.04 950.18 228.0
906.62 173.29 934.51 219.73
897.53 184.39 956.77 216.43
901.33 182.39 953.1 243.09
900.41 167.03 945.36 222.08
904.57 179.56 936.23 228.62
918.81 157.45 951.28 229.44
385.4 186.41 446.63 212.05
394.99 177.1 451.22 210.99
412.22 180.98 453.3 211.29
397.68 187.11 456.11 212.93
386.21 177.21 439.98 204.26
404.39 182.45 449.83 214.33
386.26 176.6 452.96 196.18
843.8 181.23 868.34 228.74
837.75 178.33 871.35 235.95
842.04 177.39 863.83 225.15
840.5 184.07 864.7 232.42
827.4 185.09 876.22 233.59
845.86 185.09 873.79 230.7
827.71 190.88 886.65 223.42
838.83 181.62 861.12 226.7
835.37 183.24 871.84 225.51
848.6 179.23 871.1 225.87
829.1 186.94 876.24 230.07
840.33 177.15 870.6 219.49
641.68 169.79 656.97 212.56
641.66 168.63 662.14 216.79
637.32 170.93 659.67 220.25
638.58 170.22 653.5 212.98
645.29 167.61 666.02 220.65
645.78 170.63 663.08 214.4
638.04 171.13 663.72 210.09
647.74 166.11 671.17 226.37
650.87 168.17 666.73 216.84
636.03 170.52 656.58 200.19
0.0 144.33 33.647 191.07
639.11 172.19 659.9 205.39
630.75 167.07 643.37 205.74
631.06 170.27 651.36 199.42
992.38 161.5 1022.9 245.04
364.59 179.7 450.04 209.7
372.11 179.89 444.48 207.2
991.47 163.26 1016.8 232.76
997.17 164.72 1027.9 246.45
63.916 158.09 148.81 336.26
994.54 164.28 1021.3 239.78
378.73 179.84 459.98 212.0
987.85 162.13 1012.3 235.28
362.56 181.32 432.27 206.38
985.05 167.62 1008.2 231.67
998.37 172.29 1024.3 240.57
922.25 166.74 947.82 230.03
183.28 175.94 232.01 275.89
