636.2 175.53 720.84 232.76
646.36 176.43 683.95 215.64
245.66 196.11 310.45 201.73
688.09 173.73 795.63 261.52
565.24 163.6 639.09 236.49
462.83 156.9 469.79 196.47
464.18 182.94 506.11 196.75
449.6 152.58 461.16 188.13
0.0 128.86 21.44 246.51
343.78 181.88 364.14 200.38
472.26 150.86 483.63 195.02
525.83 181.65 536.48 194.9
679.38 175.69 792.87 251.93
686.24 177.49 801.02 259.85
675.73 182.15 787.05 251.04
648.88 171.72 719.33 227.72
650.06 177.98 731.31 234.31
556.75 168.49 640.46 226.79
578.86 170.61 646.55 232.94
0.0 125.06 26.213 255.11
0.0 130.42 20.028 245.6
639.95 172.27 693.95 218.54
638.81 177.38 690.96 214.38
642.75 174.25 697.42 209.86
642.05 172.43 682.79 209.09
646.42 173.7 696.32 207.76
651.58 171.13 681.09 226.33
648.01 168.53 673.47 218.86
645.77 166.3 676.42 218.23
637.39 175.43 679.09 204.23
657.01 169.33 678.27 216.64
653.68 165.49 675.1 212.26
649.74 167.28 671.5 208.66
651.97 171.57 676.5 221.49
659.31 172.3 691.69 201.72
659.07 164.66 677.49 205.88
657.83 169.98 686.31 220.28
639.72 182.67 685.41 218.48
634.7 174.97 671.57 208.93
644.13 174.22 671.14 223.07
636.16 164.47 690.99 210.27
357.15 169.36 373.31 212.66
347.84 169.91 365.63 213.29
238.17 182.22 306.89 210.9
241.28 184.49 308.74 209.46
233.86 183.09 296.69 208.84
245.63 184.89 301.85 214.68
257.59 188.28 316.47 210.49
242.01 187.47 297.43 211.23
254.23 183.12 314.3 203.35
246.47 190.82 307.96 212.34
461.67 157.89 474.84 199.41
458.13 163.73 472.0 200.61
454.92 162.8 467.87 201.64
450.76 159.82 463.56 200.23
453.52 154.17 466.61 199.92
446.81 158.5 460.38 199.38
454.27 165.66 475.12 192.93
470.91 175.6 502.26 191.65
467.97 173.73 498.73 190.82
461.29 174.22 494.83 192.84
469.66 172.27 493.19 192.23
470.14 177.3 505.93 194.32
474.05 173.27 504.86 190.76
475.46 171.74 496.99 188.96
517.51 170.21 531.98 205.73
462.29 167.93 474.3 202.2
466.3 169.47 477.44 200.18
458.09 169.73 477.59 195.78
470.71 169.38 481.26 198.96
451.5 167.59 472.72 195.08
493.28 185.75 650.25 331.01
641.84 171.93 706.52 224.06
514.9 174.07 646.57 296.92
685.15 174.82 813.58 267.0
756.34 174.31 1005.0 340.28
539.16 170.86 648.39 231.36
766.11 182.83 1000.8 320.44
337.89 179.45 407.22 204.06
656.1 173.77 758.91 243.51
328.87 179.54 402.09 205.51
804.58 184.18 1019.5 304.5
533.08 172.32 644.12 256.05
526.24 178.71 639.15 234.47
472.47 191.18 631.97 302.75
795.39 170.57 1035.3 319.61
85.686 187.28 167.13 212.43
499.85 177.04 616.82 291.95
91.21 187.37 167.58 213.5
515.63 179.33 662.45 273.02
161.81 183.82 223.16 210.45
509.23 176.13 624.81 339.85
551.01 177.85 634.12 245.3
566.88 170.52 647.59 219.74
651.37 174.61 706.49 216.57
536.07 172.16 627.53 242.03
518.7 186.85 625.79 238.89
