598.88 176.69 660.44 229.59
742.54 170.15 878.57 268.83
784.08 170.21 805.56 266.0
780.15 183.74 793.4 188.51
1167.81 136.45 1242.0 234.74
788.05 183.53 798.56 188.23
790.45 183.39 801.22 188.11
0.0 112.82 38.79 309.71
692.12 151.7 712.86 193.02
692.92 151.64 716.45 196.17
845.95 150.88 941.07 184.47
1177.1 133.63 1242.0 221.28
749.16 181.6 874.55 272.33
0.0 105.86 31.907 321.47
600.12 175.92 661.16 233.48
608.79 169.15 652.09 235.58
598.07 173.41 651.12 225.4
606.2 179.04 659.59 227.65
610.64 176.46 666.17 220.99
608.33 177.03 654.35 218.96
596.49 188.85 669.07 234.53
593.25 184.68 657.17 239.28
600.37 185.2 653.64 223.07
612.42 186.95 666.25 222.83
607.74 188.08 660.43 234.22
611.27 184.04 662.91 240.07
595.86 183.86 646.53 216.98
598.43 190.17 649.2 234.06
848.92 157.93 943.06 195.03
854.66 149.78 952.09 187.61
688.36 146.44 704.33 191.31
686.39 145.34 701.09 190.12
783.07 174.26 806.5 202.3
784.11 173.29 805.66 194.6
779.6 174.23 801.98 195.97
766.41 174.03 802.33 193.45
771.29 174.08 795.01 195.07
773.51 176.81 797.34 199.63
768.22 177.5 807.35 198.27
777.0 174.77 810.8 193.64
789.33 173.34 812.75 198.53
791.5 169.52 803.78 201.99
781.71 173.96 812.6 191.24
775.58 165.92 807.15 258.59
782.42 166.55 814.47 263.52
787.05 174.38 813.26 253.16
1164.7 159.14 1242.0 207.18
762.98 185.76 868.57 267.85
