840.9 149.38 1048.61 228.61
462.75 147.87 478.99 205.82
473.53 152.04 502.59 176.06
451.89 175.38 484.68 188.06
497.5 179.75 510.69 184.4
476.99 197.38 498.88 206.71
485.18 179.46 495.24 184.16
862.34 170.14 1158.93 241.47
372.6 192.46 440.24 237.22
401.73 193.81 456.6 229.59
223.13 190.57 381.68 269.59
768.22 164.99 931.47 216.76
825.95 151.06 930.03 179.14
673.4 181.72 737.52 233.18
717.6 177.53 732.34 186.71
0.0 192.42 316.94 375.0
641.68 151.09 675.05 199.93
644.7 153.81 650.11 176.05
726.59 153.53 730.26 170.95
448.81 152.55 471.74 178.78
1087.0 157.07 1162.84 190.97
1097.28 143.1 1152.57 160.72
730.1 133.54 769.7 243.06
926.05 145.57 993.82 166.49
445.21 181.98 465.14 191.67
445.12 166.78 465.11 170.77
459.92 167.04 464.16 170.84
1113.17 133.09 1242.0 195.56
1150.0 140.61 1202.63 152.33
1042.97 159.29 1092.41 179.7
1054.47 144.73 1094.57 155.65
739.87 146.38 787.83 205.62
321.18 142.6 450.09 208.72
680.42 146.42 694.0 186.64
993.13 147.76 1017.03 163.42
674.52 152.79 679.93 193.33
749.7 185.99 795.25 209.52
1019.79 146.52 1049.86 156.61
330.45 164.5 394.25 211.44
749.55 177.24 804.1 192.26
763.75 189.27 767.21 207.39
421.43 150.33 465.65 169.63
0.0 115.75 56.32 286.78
909.39 82.65 1242.0 262.0
0.0 111.34 386.19 257.49
938.3 104.9 1242.0 242.84
926.0 59.871 1214.1 235.41
0.0 203.05 309.95 367.9
0.0 99.084 32.847 296.24
0.0 153.42 45.763 261.22
37.058 147.32 387.91 284.49
892.9 158.15 1144.8 246.37
871.86 142.73 1178.0 250.44
1143.3 141.0 1232.0 189.2
1119.7 142.99 1209.5 190.12
1081.2 140.19 1215.8 209.24
1138.8 137.18 1212.8 192.33
1078.2 149.75 1205.6 222.94
1098.6 136.02 1240.6 207.69
1146.5 124.65 1242.0 198.52
1118.1 141.44 1216.1 224.12
227.16 195.03 376.21 275.96
209.28 202.09 352.32 276.41
244.99 199.11 364.84 270.38
247.29 207.53 381.25 282.88
230.69 197.93 348.16 256.91
209.44 211.88 373.74 291.75
251.32 211.55 367.1 279.27
229.01 200.41 360.95 301.45
198.96 188.48 370.19 263.95
224.6 208.12 354.0 265.27
247.9 195.78 353.39 247.38
228.74 217.13 350.98 275.45
230.41 167.4 378.5 251.89
229.83 169.65 412.95 239.0
198.79 165.65 381.61 238.56
352.09 177.78 478.7 243.24
317.84 177.81 464.18 244.81
312.34 166.11 471.22 236.64
300.88 157.59 432.46 242.58
670.51 169.14 752.87 235.54
688.35 167.72 764.03 202.12
680.74 168.68 759.7 215.88
671.51 168.45 737.93 225.37
683.08 164.77 772.12 197.58
690.79 168.58 764.23 200.04
673.41 169.7 750.43 207.4
697.44 166.0 759.79 207.99
685.81 157.73 736.11 242.84
660.67 166.6 761.93 236.19
700.61 159.09 747.0 243.69
679.0 179.53 758.68 237.7
689.68 174.07 755.86 201.18
664.85 171.54 730.22 215.47
702.06 159.06 738.82 230.4
699.15 169.88 758.13 204.35
676.35 163.61 725.33 239.68
694.12 167.8 737.67 246.59
666.47 189.58 754.23 234.78
668.6 163.17 752.19 196.53
687.4 171.87 731.48 249.11
677.9 161.86 756.76 202.9
689.12 177.74 749.56 205.48
691.01 159.46 709.13 205.55
683.75 161.96 700.57 208.63
671.37 175.13 727.66 202.0
709.26 164.83 752.32 235.14
674.68 172.45 725.49 196.07
694.76 161.9 713.85 211.25
678.78 150.37 737.91 249.38
703.79 170.62 772.77 198.38
688.23 161.6 705.76 204.15
698.21 173.21 746.97 206.63
683.76 167.71 718.06 196.37
678.64 178.46 734.78 208.0
696.86 166.25 753.51 197.11
685.53 176.17 733.39 215.61
688.63 157.11 727.43 220.66
670.86 165.28 712.96 237.12
665.45 178.05 739.99 238.66
677.16 171.6 708.62 200.26
678.77 175.2 721.0 245.84
697.92 157.74 736.18 217.25
707.97 158.7 741.2 217.96
680.14 175.71 740.39 200.96
682.07 157.89 718.16 225.79
685.88 171.44 727.16 205.22
704.65 174.13 751.18 211.93
693.8 165.62 715.44 222.27
697.95 166.02 718.14 219.37
706.45 164.88 726.83 217.46
691.65 155.21 710.44 195.48
699.8 161.66 717.13 209.33
704.14 176.27 745.14 250.14
708.66 161.45 725.62 211.3
695.62 157.59 713.2 198.89
680.88 172.59 719.07 204.43
675.61 169.77 702.54 197.4
702.51 165.65 722.21 218.1
673.2 172.68 705.97 205.23
664.53 175.43 716.03 201.49
670.04 160.31 727.07 203.72
680.94 177.62 738.19 225.49
668.65 173.8 713.29 196.23
684.48 155.54 700.67 199.28
691.11 173.51 739.47 209.27
690.84 190.52 774.82 232.52
695.44 170.64 740.3 202.96
709.98 157.14 726.04 200.8
700.26 158.16 716.59 196.54
705.58 159.77 721.48 205.8
690.56 174.17 770.96 214.14
692.09 163.16 710.73 215.75
673.79 156.83 708.78 229.48
707.64 163.24 732.52 220.85
706.87 149.58 743.21 209.07
681.67 162.23 702.64 221.4
700.79 146.08 756.95 259.73
690.33 157.85 748.78 265.04
648.55 173.15 749.02 251.09
640.75 150.48 754.11 232.76
635.89 161.87 730.25 240.25
791.9 160.04 929.5 211.97
792.63 155.24 963.39 220.45
774.2 160.73 936.18 216.82
777.73 165.82 900.45 212.18
782.85 157.92 907.15 203.9
801.4 168.63 934.82 217.65
781.53 145.15 959.42 209.92
795.75 156.35 911.48 194.36
768.07 149.58 915.06 223.41
789.16 176.06 919.41 221.1
744.34 136.27 918.5 208.85
758.68 159.23 898.39 220.53
798.82 167.8 962.39 236.03
757.99 128.79 896.74 214.85
816.47 160.22 956.4 212.71
836.98 155.17 957.99 203.89
812.77 156.28 918.37 208.89
848.07 151.18 954.44 192.97
816.33 155.0 928.79 194.57
852.5 150.48 945.98 205.81
309.58 199.39 387.48 247.67
351.66 197.63 427.87 243.67
293.1 194.32 373.8 241.59
312.67 195.39 385.49 237.23
888.42 145.21 1019.3 196.74
903.17 145.03 1026.6 186.81
900.75 142.45 996.75 198.38
900.31 151.31 976.38 180.15
954.89 152.4 1029.1 182.23
904.62 149.56 972.62 174.35
387.88 183.76 472.65 234.52
371.22 192.68 456.38 237.12
358.41 202.63 436.42 239.36
405.25 184.4 473.11 225.87
389.66 181.55 466.24 219.4
364.05 193.15 439.9 241.12
359.94 207.64 424.79 237.58
406.57 190.75 466.62 225.77
408.01 181.31 443.51 247.83
343.48 203.46 419.37 245.33
401.15 176.03 439.01 247.06
406.52 183.43 463.83 212.73
378.88 179.18 453.5 228.41
363.04 205.84 444.57 244.36
374.14 177.8 455.1 214.83
407.57 179.58 476.11 218.72
399.32 187.3 457.8 221.37
407.31 169.53 447.68 236.36
393.94 177.63 430.35 243.77
359.88 213.45 423.21 241.42
376.63 207.21 438.55 235.18
346.55 191.73 432.73 231.62
370.5 209.74 430.64 239.56
401.4 157.8 461.84 262.56
359.02 208.59 411.7 232.69
403.76 182.24 455.69 206.03
400.2 192.88 457.47 228.45
391.15 163.55 450.93 264.99
375.26 160.06 432.52 270.85
364.33 187.71 465.54 265.79
717.62 161.42 737.47 214.92
720.95 160.84 741.71 214.46
715.29 161.04 732.97 212.66
715.48 164.36 748.79 219.55
725.07 157.56 744.43 209.11
719.69 156.9 736.6 207.52
716.45 163.42 740.55 222.42
733.66 160.32 752.96 205.35
723.3 154.37 740.95 205.06
720.85 167.17 744.83 225.87
729.1 159.22 748.09 208.57
713.17 152.64 748.22 209.73
700.51 128.0 764.75 244.04
464.47 181.95 511.72 213.69
460.55 181.73 509.9 212.96
466.93 180.62 505.92 209.69
481.67 180.84 514.29 202.91
474.78 181.16 507.83 205.19
461.61 181.52 500.69 206.12
473.54 176.52 495.81 220.77
500.05 175.1 515.16 209.59
496.58 174.52 512.48 210.89
479.24 174.92 501.67 219.43
467.86 181.82 505.76 202.36
483.94 175.55 504.29 217.88
489.88 176.24 507.48 216.46
433.82 181.6 494.0 219.25
449.51 177.92 509.54 214.3
457.87 183.39 514.97 220.33
494.24 178.12 511.39 217.03
472.32 175.09 492.02 213.7
474.84 175.92 500.97 222.94
483.28 174.2 502.21 206.98
462.31 180.58 494.74 200.13
479.53 173.4 499.01 208.47
425.61 178.39 462.87 236.9
474.64 183.45 499.0 222.91
476.16 179.35 506.13 199.01
482.02 179.84 510.66 199.02
475.99 173.91 494.35 208.27
488.43 174.41 505.32 205.96
494.29 174.29 508.47 203.97
470.4 179.28 500.72 198.76
476.27 177.81 508.75 194.84
498.51 178.95 514.3 214.77
480.73 177.45 503.82 222.75
468.8 178.36 503.18 194.76
442.64 181.06 469.32 230.87
481.95 174.07 507.67 217.76
477.89 172.9 505.58 229.72
426.52 175.96 451.63 226.93
436.16 174.38 466.57 242.53
467.75 178.36 495.29 197.98
465.78 172.79 498.15 231.33
456.89 180.06 488.08 199.62
630.65 176.39 661.13 194.79
630.32 176.17 652.24 193.8
635.37 175.39 662.73 197.64
631.03 178.97 657.77 196.96
677.52 163.88 692.42 208.28
637.72 173.2 651.29 199.04
625.94 175.81 646.39 193.2
635.92 172.59 648.31 198.27
673.71 164.9 687.88 208.21
639.9 173.81 654.35 199.46
676.42 153.92 691.46 200.43
669.7 166.16 684.08 206.48
633.39 175.72 648.71 202.85
672.53 172.46 698.48 200.14
632.08 174.67 656.86 193.05
638.11 175.72 655.11 203.72
677.36 160.91 698.84 223.69
673.17 154.62 687.25 199.53
674.75 160.42 694.17 221.7
669.07 172.84 693.56 199.77
631.69 174.56 665.06 190.72
633.2 171.77 644.16 196.63
643.07 174.16 657.62 199.7
679.97 162.82 696.68 209.71
677.95 167.55 722.97 188.18
712.55 160.03 729.5 211.23
682.08 166.35 712.36 192.28
675.62 171.0 718.35 191.83
685.1 161.37 717.57 188.35
680.1 155.18 695.65 199.97
684.7 164.71 722.86 191.95
688.68 166.32 729.2 194.18
694.49 150.49 714.04 191.95
688.0 151.03 705.96 193.3
1064.8 145.87 1167.7 187.63
1070.7 148.42 1179.3 196.64
1055.9 145.77 1185.5 211.23
1085.6 142.79 1163.7 194.49
1089.1 145.04 1173.7 184.99
1068.9 141.94 1163.5 204.6
1087.2 149.94 1157.0 180.59
1064.1 150.08 1143.1 181.26
1054.3 135.41 1199.9 201.48
1108.2 128.23 1145.9 216.77
1100.9 128.29 1139.1 216.18
1114.4 131.73 1154.1 214.58
1053.7 151.84 1132.3 179.32
1109.3 142.04 1193.0 185.27
1073.9 147.76 1174.9 214.42
1101.0 149.71 1166.3 178.65
1093.1 129.09 1132.1 221.62
1105.7 135.32 1125.7 191.65
1097.8 144.06 1174.3 201.34
1081.0 148.21 1146.6 178.19
1101.6 147.4 1194.8 195.14
502.65 182.32 531.73 203.24
476.65 182.19 521.52 208.9
495.68 181.81 527.18 203.74
488.75 180.38 522.1 206.3
509.33 182.02 537.86 203.2
488.47 181.08 517.93 201.4
468.89 181.51 521.12 211.41
473.1 184.44 519.09 214.0
477.44 180.41 532.11 210.96
504.59 175.96 517.51 208.76
483.55 186.12 518.36 211.31
494.71 181.81 519.7 200.14
488.29 178.24 517.46 195.91
510.48 177.41 521.64 207.58
497.69 180.01 524.68 196.48
505.36 180.17 531.43 197.11
459.81 176.15 522.39 207.61
414.45 175.62 450.65 244.17
416.94 176.56 457.9 237.02
418.52 183.81 482.41 223.51
419.03 190.48 473.23 223.82
433.48 187.28 472.98 225.28
413.17 180.9 465.93 219.68
414.58 185.7 475.11 234.6
1018.3 151.44 1126.1 188.6
1033.3 153.41 1104.0 177.69
1026.9 153.93 1090.2 175.87
1017.8 146.9 1123.7 181.14
1039.5 154.95 1114.4 183.17
1045.1 158.3 1120.8 186.22
1031.3 158.59 1105.0 185.91
709.33 165.82 771.44 191.35
714.08 166.92 765.33 198.77
704.32 163.37 759.96 194.11
719.91 164.97 778.29 189.36
715.86 169.05 776.45 195.0
736.7 161.67 757.23 204.39
724.91 165.04 770.93 194.41
1102.5 135.55 1121.3 191.86
997.83 152.1 1059.5 175.23
1000.6 148.7 1057.8 171.89
995.7 155.13 1061.8 179.76
464.18 187.03 506.8 216.21
964.73 150.9 1035.4 178.52
975.53 151.55 1046.0 177.0
980.2 148.48 1048.9 173.3
969.43 154.64 1042.2 180.66
966.66 158.83 1039.5 184.13
968.78 147.5 1041.2 171.46
514.6 181.03 542.3 201.36
519.5 180.53 545.58 200.32
514.88 178.58 526.26 206.89
517.3 177.97 529.58 207.23
486.11 179.32 541.05 209.66
513.25 181.65 524.94 208.48
520.08 178.27 533.0 206.16
512.47 180.68 537.71 197.4
517.35 180.3 542.98 196.88
523.55 178.09 536.92 205.71
520.79 176.89 535.44 203.25
700.61 163.76 764.58 186.88
688.65 163.78 751.35 185.76
726.71 155.26 743.76 198.11
698.88 167.21 769.57 194.81
686.4 166.59 755.34 190.56
686.3 170.47 747.99 195.09
856.4 148.81 1081.8 232.9
832.45 152.25 1020.7 225.43
857.85 139.69 1055.1 209.33
874.08 139.02 1047.3 229.32
872.3 152.22 1019.3 214.29
863.54 153.05 1034.5 237.37
828.31 140.13 1013.7 213.56
843.61 168.95 1020.6 237.63
863.31 185.86 1060.2 252.76
852.27 118.9 1063.0 195.34
845.18 184.69 1013.0 253.26
932.47 153.02 1168.5 240.8
992.26 150.77 1174.4 231.42
891.06 147.43 1106.5 225.11
1014.6 149.03 1169.0 217.31
56.244 193.07 340.81 347.58
940.25 169.94 1152.2 245.16
1040.3 149.67 1152.0 191.42
814.0 160.01 982.55 232.37
943.27 148.3 1048.9 187.94
0.0 202.74 443.52 375.0
868.51 169.5 1103.6 239.71
1024.6 149.13 1149.5 200.92
117.89 191.19 373.56 334.95
919.73 146.23 1043.5 194.85
0.0 141.57 484.13 375.0
900.78 148.22 1040.6 205.36
971.02 148.88 1145.2 238.31
1045.7 151.64 1181.9 225.18
267.53 193.86 395.46 262.37
952.93 144.63 1048.7 179.12
838.38 158.94 981.83 211.95
32.167 177.45 279.75 334.58
1004.2 141.48 1175.1 204.61
81.701 226.78 305.59 351.81
1009.8 157.46 1141.9 212.2
852.61 159.97 1005.4 217.23
262.33 194.74 373.88 257.48
900.45 140.88 1102.7 209.29
1162.7 140.9 1241.6 187.87
88.382 124.22 225.94 375.0
106.64 194.18 331.37 375.0
143.56 215.65 176.26 318.02
651.29 165.05 777.25 225.83
799.91 133.46 1154.8 249.81
269.46 184.44 338.59 306.25
129.79 217.05 335.55 325.25
