693.16 173.14 811.87 266.66
666.23 180.88 734.01 235.66
546.6 182.55 573.62 196.5
577.0 187.44 589.49 192.55
52.21 161.71 469.96 375.0
634.5 151.77 705.92 193.65
669.01 174.75 693.37 187.39
695.92 153.48 703.67 158.57
700.44 175.48 703.75 188.02
702.64 147.67 723.16 188.46
535.79 181.73 543.21 194.98
462.45 178.7 493.58 207.12
453.22 176.54 496.16 191.06
451.88 145.5 473.28 213.07
526.74 166.69 538.09 170.49
520.15 158.12 529.51 167.19
717.59 182.12 722.99 186.66
524.67 147.33 541.08 152.64
206.76 125.89 373.4 209.39
86.152 173.94 452.25 364.72
688.3 177.25 837.11 267.62
664.95 175.06 786.98 247.72
671.9 178.98 778.87 239.65
703.9 181.21 818.79 255.6
684.92 180.3 798.76 242.89
678.88 171.9 832.58 245.7
725.44 164.97 785.55 283.51
723.52 152.37 813.24 265.32
724.66 172.6 801.42 292.14
682.01 181.9 795.11 263.53
668.45 197.6 827.37 271.07
726.48 171.09 847.02 269.44
696.47 184.48 832.93 267.96
707.12 176.95 815.89 234.36
698.7 174.31 781.01 235.78
716.73 179.35 831.21 245.74
702.14 171.68 775.61 298.35
709.21 197.13 835.43 261.97
726.4 177.89 830.17 230.63
676.88 189.07 783.34 252.43
686.55 197.55 807.72 259.46
701.39 194.68 813.74 271.4
698.51 200.35 821.58 291.06
184.68 160.73 399.38 225.3
665.54 176.31 747.64 236.77
667.96 171.49 733.93 226.64
660.25 171.93 722.8 212.38
659.75 175.21 699.2 198.08
686.57 168.39 732.65 251.19
684.09 174.97 764.19 232.36
679.28 174.67 727.9 254.97
665.61 183.02 728.68 233.27
664.21 174.02 715.83 227.36
676.08 172.95 753.76 244.86
675.77 177.4 718.6 247.93
658.75 168.51 705.71 211.54
679.07 164.9 722.77 239.24
693.92 174.47 740.11 260.32
650.54 168.48 702.76 198.73
672.59 166.47 713.38 234.72
671.37 188.29 720.76 233.15
695.83 166.36 734.74 244.27
654.06 170.37 751.83 246.6
668.99 176.07 712.08 199.56
668.5 184.46 734.54 228.74
690.11 150.26 750.75 256.48
699.5 160.82 747.65 261.23
666.85 167.31 702.83 233.16
667.47 172.68 700.47 204.33
677.13 151.69 741.19 256.22
685.68 162.61 737.85 264.36
690.29 160.92 733.11 229.78
675.7 179.62 734.28 216.24
683.25 164.04 697.29 204.01
677.4 182.45 707.35 235.16
676.06 172.75 706.84 201.27
678.51 171.59 740.7 220.01
679.39 158.96 715.29 230.99
664.69 177.48 708.83 205.04
672.81 178.95 723.95 209.69
682.8 163.57 699.77 213.1
671.91 174.38 706.22 207.53
656.73 169.93 710.82 202.35
628.54 162.95 759.78 229.66
687.67 163.2 702.91 206.0
676.53 175.93 725.41 201.73
695.69 163.45 713.43 213.91
700.3 163.71 717.05 214.55
671.42 196.6 713.16 237.42
691.79 163.01 707.58 207.58
675.92 174.93 714.12 209.91
681.32 165.35 702.18 221.1
684.55 174.93 729.56 212.95
667.33 178.17 761.77 261.2
701.64 156.97 736.54 226.13
691.5 166.01 709.28 217.74
681.39 173.14 713.56 203.08
675.81 191.88 703.44 240.23
664.09 187.67 721.39 223.24
660.24 188.2 740.64 241.21
681.2 197.09 703.15 241.49
685.81 176.49 713.8 230.34
693.9 166.73 714.81 221.56
678.66 144.91 712.08 223.45
680.24 171.32 760.83 209.27
687.76 173.65 724.47 205.02
669.85 153.64 702.18 216.06
641.3 151.53 760.54 240.45
678.49 190.57 735.16 233.43
685.58 171.45 714.95 197.94
687.63 164.65 705.48 218.95
700.71 165.46 722.24 219.42
683.75 175.84 735.17 203.49
701.92 176.36 751.98 201.96
699.79 174.08 734.28 204.27
697.97 171.85 726.39 231.0
669.37 177.64 704.31 241.1
693.56 173.76 738.42 212.0
689.24 171.7 717.46 228.36
686.08 181.07 758.58 256.19
695.42 176.17 748.73 208.17
701.51 162.71 716.42 204.07
676.65 176.32 742.08 223.01
682.22 186.66 710.51 241.38
675.69 173.15 704.5 227.8
637.82 163.0 737.84 241.09
702.12 174.88 730.64 234.03
696.65 162.64 711.87 203.38
670.82 205.09 706.55 238.03
689.11 172.23 720.72 199.09
658.01 167.17 688.85 193.13
657.83 171.77 695.36 194.8
663.31 171.24 692.34 197.79
662.54 170.63 696.98 191.36
655.64 168.36 680.37 190.59
661.76 170.7 685.09 194.06
664.39 165.57 680.84 199.93
667.17 166.72 684.03 204.21
670.24 165.46 685.86 200.47
664.21 173.68 700.87 194.46
665.7 161.51 684.64 196.54
652.05 169.87 674.39 190.24
663.06 165.31 677.16 196.99
669.2 171.22 696.29 195.97
646.56 171.17 671.91 190.31
658.18 166.39 689.9 185.87
663.21 166.29 690.68 190.19
669.92 163.07 687.51 213.37
663.05 166.39 695.66 184.6
666.6 168.07 701.93 186.39
662.05 174.5 683.54 197.12
659.72 163.05 672.37 192.73
663.82 168.54 678.14 204.99
671.06 167.16 697.44 190.18
654.24 165.94 683.29 185.3
670.42 170.68 704.7 189.75
661.94 157.3 681.33 194.1
659.56 167.2 674.19 198.98
669.33 161.54 688.41 195.77
658.78 161.84 684.11 185.35
660.57 155.25 677.32 192.25
664.89 162.93 694.28 216.49
657.22 176.36 677.64 195.95
652.31 175.17 677.95 191.9
671.45 166.64 706.41 185.19
652.68 160.95 714.41 195.0
663.01 154.97 695.95 207.15
655.3 168.13 668.84 197.51
668.32 164.65 704.97 182.19
644.25 175.74 670.11 191.38
659.16 169.21 672.44 204.9
662.21 161.6 689.57 222.79
656.65 161.75 688.74 179.44
657.7 153.58 671.8 190.58
663.58 160.89 691.68 184.82
649.64 165.81 677.96 184.71
667.04 166.41 684.78 217.43
663.96 166.45 681.05 216.62
654.63 160.95 677.29 183.64
662.13 161.39 697.71 179.2
652.3 177.94 670.62 195.1
662.8 169.05 676.93 214.12
673.99 165.27 689.46 200.77
678.12 164.32 692.58 202.81
677.76 163.27 694.07 212.06
673.02 162.07 691.92 218.35
675.88 171.7 702.41 195.97
719.38 166.79 736.55 217.39
716.37 166.25 732.68 215.15
708.21 164.07 725.13 213.49
713.17 165.51 727.85 212.24
679.05 161.5 694.42 197.23
704.58 163.96 720.72 213.44
676.33 163.88 695.96 220.99
674.56 173.56 714.26 193.59
674.22 160.45 691.54 195.35
725.04 166.87 738.94 211.4
681.37 171.44 708.68 197.03
676.96 165.62 701.19 187.9
721.3 165.88 735.62 207.51
710.39 165.89 729.96 220.33
683.84 158.71 698.68 196.3
682.0 170.01 705.74 191.78
672.53 163.39 699.26 186.3
675.98 171.13 710.13 188.69
729.29 165.41 742.16 210.27
704.63 165.22 726.79 222.08
722.42 167.28 739.61 220.75
686.57 158.16 702.48 197.36
709.74 175.38 741.11 204.2
707.05 174.21 745.02 210.15
710.83 154.23 742.88 225.98
678.09 161.85 703.0 184.5
733.55 164.31 746.02 210.79
737.7 163.09 750.58 210.86
681.73 173.9 728.33 195.66
686.13 169.55 711.63 191.89
440.44 171.31 501.1 186.88
437.82 169.08 492.56 185.39
443.33 173.75 502.76 191.92
437.31 168.62 507.64 197.3
455.49 173.89 506.75 194.73
433.96 164.47 503.8 191.08
448.46 168.7 493.32 188.67
445.54 167.98 497.36 183.61
440.66 167.16 483.16 186.54
639.51 171.84 664.45 190.58
635.85 170.6 657.96 191.67
656.27 163.92 667.91 192.43
645.98 173.94 666.11 190.95
631.85 176.52 658.46 192.52
631.7 170.85 658.66 187.69
640.17 174.41 660.37 191.42
652.2 163.72 663.28 192.56
637.31 176.31 663.47 191.6
650.78 158.16 663.77 194.06
647.14 166.94 657.05 192.69
649.81 168.76 663.13 196.59
647.14 165.43 667.81 188.22
644.68 168.76 657.95 196.19
654.67 172.2 666.44 204.79
633.39 167.18 655.49 187.31
646.07 157.27 659.54 194.14
564.88 173.42 589.68 195.11
569.96 173.34 590.43 191.62
562.97 174.12 584.07 193.19
565.23 176.24 585.93 194.26
568.72 170.5 583.97 198.15
570.99 169.24 587.36 198.18
565.94 172.48 589.81 188.86
562.06 177.53 581.99 194.85
557.93 174.87 578.08 193.18
573.06 171.9 592.91 188.56
565.5 175.19 580.09 200.39
564.72 180.13 587.49 198.13
574.94 169.69 589.35 196.25
559.48 172.54 579.34 190.89
573.14 174.0 587.36 199.71
566.22 166.84 581.33 194.55
565.18 170.34 576.67 196.92
576.17 170.39 595.0 187.51
576.1 166.01 590.55 192.56
567.42 174.38 582.49 206.91
533.19 175.52 553.3 196.45
578.9 168.89 590.12 196.25
562.69 173.71 575.64 202.64
576.33 173.04 593.92 190.81
529.6 179.42 555.37 198.78
576.85 172.35 588.46 199.19
567.6 163.93 585.49 198.27
551.81 174.65 572.0 192.84
570.1 174.39 585.33 205.69
559.67 182.55 587.76 199.91
562.35 166.09 575.06 195.14
557.19 178.86 576.03 195.13
555.11 171.38 574.52 190.39
562.83 169.02 583.66 188.24
580.49 169.4 601.59 186.2
561.11 169.61 572.13 196.57
538.48 175.09 560.28 193.17
537.51 171.99 550.87 202.32
556.07 171.0 579.71 188.55
564.44 162.81 579.7 196.82
546.83 174.61 569.46 193.23
524.97 181.37 551.31 198.45
584.6 169.34 604.85 188.25
579.62 172.8 602.46 191.54
580.09 164.54 591.92 194.18
559.05 165.19 571.22 196.59
560.8 182.98 580.95 199.55
563.9 167.7 590.23 184.19
540.9 171.68 552.92 201.49
528.43 179.58 548.28 199.12
536.08 177.29 559.53 195.13
534.99 170.73 548.54 204.53
533.35 176.5 546.0 207.75
559.55 167.17 586.19 183.79
540.96 172.85 562.65 191.03
551.02 169.98 569.83 189.85
558.87 175.21 570.98 206.2
555.66 168.31 567.2 197.37
557.13 166.79 577.42 187.21
560.62 160.02 574.36 196.23
551.93 178.92 571.28 195.09
585.83 166.85 606.44 185.67
597.12 168.2 622.2 185.11
588.7 165.68 610.98 184.82
611.62 166.82 624.33 192.4
745.13 164.48 758.6 209.72
741.58 162.9 755.07 210.05
721.24 91.088 1242.0 375.0
4.5521 168.2 519.36 375.0
784.19 109.64 1186.7 352.96
50.405 191.92 354.0 361.52
869.51 109.56 1241.2 345.92
74.588 209.9 412.53 375.0
742.68 113.45 1075.4 347.79
936.37 113.85 1242.0 311.84
143.33 157.48 421.4 328.17
727.29 127.16 995.35 317.25
0.0 124.66 619.03 375.0
206.19 179.73 461.32 355.08
855.41 85.403 1180.8 325.23
43.966 156.63 381.01 342.47
966.88 133.18 1242.0 348.4
789.28 82.754 1116.0 330.24
691.57 141.13 941.4 301.1
284.16 193.26 471.58 286.71
908.82 65.13 1242.0 375.0
834.6 148.23 1220.3 375.0
645.46 169.71 774.92 236.3
21.822 217.08 310.18 365.08
824.18 101.19 1199.5 282.43
743.37 181.02 878.43 265.84
731.64 159.62 798.77 276.91
8.1213 246.34 86.056 375.0
1027.6 123.18 1242.0 317.63
634.75 63.805 1157.7 375.0
48.982 226.8 289.32 349.98
