712.44 157.83 760.38 245.13
711.99 149.49 775.73 258.14
509.21 167.13 523.15 207.54
684.76 177.54 736.73 218.05
679.13 172.06 734.87 214.26
682.52 175.08 726.87 212.0
696.05 164.81 731.77 226.53
692.14 172.48 719.15 223.07
692.97 175.27 724.13 229.63
689.2 169.76 712.34 217.58
685.92 162.01 728.12 225.4
687.97 175.02 737.51 208.73
690.34 177.06 713.97 222.47
695.63 167.46 719.59 216.71
699.02 169.75 722.94 225.69
687.33 165.72 713.74 221.0
700.48 165.26 722.63 212.48
694.24 179.88 721.49 230.77
692.0 153.81 734.81 228.14
689.34 170.83 717.31 234.11
694.2 165.21 715.03 208.0
680.87 153.63 711.53 222.14
697.77 163.98 717.93 209.05
547.38 177.33 581.13 203.86
545.69 177.14 574.29 201.33
553.51 179.74 582.93 202.44
557.66 178.37 585.46 199.74
542.88 178.3 566.71 199.38
548.86 182.12 578.98 205.6
556.1 176.36 583.49 195.97
541.15 175.96 568.81 196.17
544.45 180.55 569.66 202.73
561.3 176.12 586.12 194.41
550.45 179.91 569.79 210.68
556.56 179.6 575.51 209.83
545.82 186.23 576.02 206.77
547.91 180.64 566.41 211.67
559.08 182.89 588.48 203.89
553.27 181.74 572.44 214.95
544.8 189.32 579.6 208.93
564.85 177.87 580.04 208.88
552.56 187.48 581.68 206.23
663.53 174.26 695.69 202.66
668.51 174.08 701.62 199.49
669.11 178.02 696.86 203.85
677.3 178.47 702.12 204.44
665.66 178.57 691.11 203.11
661.89 173.89 689.76 199.99
683.93 172.83 701.07 211.51
667.43 173.07 685.04 207.05
670.05 170.35 688.89 207.64
679.56 170.76 695.33 208.47
674.84 171.37 692.22 208.34
681.86 175.79 696.73 211.07
679.09 183.36 701.16 206.73
666.16 172.17 693.87 196.26
663.43 177.61 685.04 201.31
671.06 184.29 700.09 206.15
665.86 184.88 694.67 204.82
673.88 171.83 698.76 197.82
658.32 176.41 686.21 199.45
659.16 172.28 692.53 193.54
665.19 172.89 677.68 205.89
663.04 183.84 687.62 204.71
680.96 186.67 702.29 210.7
664.42 177.23 681.37 209.94
655.42 174.29 677.87 197.79
658.46 179.18 678.7 199.61
657.62 171.93 682.2 195.57
664.65 187.93 689.01 206.72
669.85 169.81 695.5 192.25
670.57 178.63 688.4 215.41
666.98 180.68 683.27 214.67
588.25 173.2 615.1 196.07
588.39 173.44 609.48 193.52
593.48 174.65 617.49 194.82
590.59 172.55 617.02 191.63
592.82 169.43 608.37 199.25
588.29 178.91 616.13 197.17
581.63 177.75 606.91 197.5
591.18 169.61 605.78 197.05
598.03 171.48 611.96 199.9
582.02 172.96 607.07 191.69
591.63 173.94 605.29 200.86
581.57 173.64 601.73 193.42
593.3 172.77 611.39 200.79
594.85 168.38 612.93 195.66
596.9 177.21 618.92 196.89
587.52 172.78 613.0 189.45
590.42 170.13 601.78 197.12
579.27 176.58 600.92 196.11
604.05 170.81 615.11 197.91
602.49 174.43 621.26 194.36
594.37 171.59 620.32 188.66
584.23 171.49 608.72 188.83
584.9 180.78 612.43 199.48
607.83 169.95 619.28 198.47
592.31 168.56 615.34 189.42
593.0 174.89 612.76 207.35
602.69 173.03 616.08 202.48
598.9 172.49 623.34 189.6
601.82 178.38 621.89 196.87
598.23 173.87 615.46 207.2
604.99 176.98 625.83 195.9
586.78 173.63 601.77 203.72
587.14 175.38 605.15 207.96
596.39 181.01 619.59 199.23
530.44 178.07 552.65 201.36
543.11 171.21 554.62 207.02
534.56 175.18 555.48 199.89
538.98 170.29 551.52 208.49
530.44 178.07 552.65 201.36
539.84 178.11 560.63 199.86
534.31 177.41 562.75 200.42
547.06 172.5 558.68 202.86
540.02 181.48 562.32 202.62
546.96 177.62 560.76 208.64
534.56 175.18 555.48 199.89
534.13 181.74 556.58 202.94
540.07 173.17 562.91 194.83
543.52 177.05 556.4 210.17
530.44 178.07 552.65 201.36
539.84 178.11 560.63 199.86
547.06 172.5 558.68 202.86
534.56 175.18 555.48 199.89
534.13 181.74 556.58 202.94
530.44 178.07 552.65 201.36
