539.67 175.6 565.57 197.23
536.93 178.65 559.32 198.43
541.81 174.61 565.34 192.01
532.92 177.83 553.77 196.62
538.96 175.5 560.26 193.44
541.27 175.82 556.77 200.67
547.37 175.89 568.0 193.81
534.71 181.99 560.84 200.15
541.96 179.84 564.41 197.98
542.85 173.37 566.61 188.55
538.9 175.6 553.23 201.35
549.35 174.46 561.91 200.15
533.82 174.72 557.55 191.17
546.29 178.54 569.56 196.47
538.92 177.19 556.34 205.02
543.49 176.81 561.64 204.79
551.95 178.05 573.43 195.07
553.07 174.89 574.77 193.02
536.49 172.8 557.87 188.79
537.0 176.49 552.43 205.89
549.72 181.97 569.98 198.04
549.22 175.6 564.03 206.26
544.91 183.66 567.63 200.05
531.1 181.38 552.12 198.12
554.24 175.59 566.72 204.28
530.92 183.34 556.84 199.74
537.94 185.3 563.12 202.12
545.11 186.91 567.58 203.69
552.43 185.5 574.63 200.59
535.11 188.18 562.33 204.46
506.85 180.52 533.39 196.48
512.58 178.89 534.75 195.38
506.58 178.11 532.04 193.12
505.68 177.69 517.98 206.97
521.0 177.85 533.81 204.97
510.03 177.6 521.74 205.12
503.34 182.11 527.62 201.34
