1132.5 123.56 1241.0 235.95
0.0 173.75 7.5466 228.59
651.52 187.34 669.65 247.94
0.0 173.75 7.5466 228.59
651.52 187.34 669.65 247.94
1234.2 202.52 1241.0 235.74
1212.6 210.25 1241.0 253.01
1215.0 218.84 1241.0 259.38
1206.3 140.03 1241.0 182.03
1216.2 135.13 1241.0 190.36
1214.8 126.09 1241.0 181.26
114.47 215.51 160.66 238.2
1233.5 160.09 1241.0 192.65
1229.8 162.87 1241.0 188.23
1233.6 167.95 1241.0 200.75
1230.0 170.72 1241.0 196.02
1230.4 182.53 1241.0 208.39
1235.9 150.03 1241.0 206.46
1233.5 160.09 1241.0 192.65
1229.8 162.87 1241.0 188.23
1233.7 152.18 1241.0 184.68
1236.6 139.24 1241.0 194.54
