0.0 147.91 76.731 238.12
0.0 165.94 52.32 361.47
0.0 181.05 58.864 375.0
163.06 188.57 315.07 261.0
924.5 128.17 1056.2 223.04
308.77 173.59 396.55 235.53
325.22 175.84 395.86 227.08
327.93 183.4 408.46 234.13
304.87 190.14 402.47 236.67
404.27 163.49 476.24 200.78
315.49 166.18 332.79 217.82
312.33 163.44 328.56 213.44
383.46 185.02 445.14 221.42
394.35 175.3 424.29 232.14
390.73 181.69 442.5 213.78
388.48 175.37 418.49 232.63
379.69 184.72 434.68 215.77
401.85 175.81 426.46 228.62
378.2 187.93 436.94 226.87
394.9 175.54 419.15 228.42
375.68 174.65 437.52 219.99
398.95 174.1 422.49 223.92
387.7 183.11 436.08 209.07
465.94 179.43 514.6 207.27
462.67 180.92 501.51 203.96
460.24 184.59 506.02 208.47
456.39 179.9 488.51 201.0
464.29 178.55 491.83 200.8
456.39 179.9 488.51 201.0
455.31 178.67 478.77 201.22
440.89 174.1 462.42 193.95
436.1 177.64 471.25 207.58
440.54 177.06 468.54 203.5
429.18 177.95 471.99 202.48
431.38 175.91 465.2 204.46
430.06 182.15 472.6 215.29
439.82 174.85 465.03 198.68
449.58 174.47 467.59 215.21
451.55 174.08 466.18 208.81
442.36 176.37 467.29 220.41
447.64 179.09 473.14 202.28
437.95 175.98 462.32 223.13
504.08 179.51 532.21 198.71
498.71 179.04 527.59 196.63
500.67 182.59 527.1 201.4
494.81 180.67 526.7 200.14
504.08 179.51 532.21 198.71
498.71 179.04 527.59 196.63
506.69 177.25 534.52 194.75
500.67 182.59 527.1 201.4
507.33 181.4 536.23 200.33
501.57 174.18 516.71 200.5
497.86 174.21 511.76 200.4
