398.56 187.93 522.68 268.58
615.32 184.49 661.26 210.77
747.93 164.59 806.08 273.37
697.37 192.4 701.96 196.11
739.68 176.56 774.71 252.32
672.08 195.34 680.39 199.82
768.51 182.04 789.18 195.55
665.14 151.89 681.41 183.92
657.39 193.8 665.81 207.38
777.8 156.89 788.47 175.24
482.13 178.95 521.86 201.92
0.0 112.34 49.81 310.02
653.84 152.46 665.64 178.7
830.17 183.58 914.14 206.41
827.67 150.91 934.0 201.78
840.81 167.72 945.19 211.33
432.93 143.22 621.25 210.15
0.0 114.4 52.152 315.35
439.15 148.77 613.32 218.27
393.72 182.86 527.19 276.46
407.69 183.52 535.06 258.51
401.1 185.92 519.8 266.41
396.2 197.25 527.02 281.61
391.44 200.88 509.05 267.38
842.16 158.09 935.7 194.2
840.42 151.42 940.05 187.65
756.52 167.52 796.99 264.69
751.75 168.33 806.91 284.87
737.81 161.75 819.1 267.83
753.96 177.51 800.12 281.31
741.06 149.44 796.97 285.01
845.78 165.5 932.56 196.66
752.53 169.1 788.95 258.73
753.51 175.56 776.49 242.76
755.3 174.88 781.21 249.73
750.63 172.58 780.81 252.25
750.65 177.4 771.06 244.13
747.65 179.78 767.24 237.43
750.21 183.86 789.91 239.17
744.47 169.32 771.77 248.45
620.37 178.45 674.22 208.16
610.5 179.19 664.14 210.24
617.65 177.58 674.55 209.24
608.86 179.55 664.95 209.35
616.72 177.61 665.75 204.68
626.61 175.4 670.24 206.24
629.46 182.18 675.41 209.06
602.93 180.74 650.92 206.1
630.39 173.22 674.44 198.65
607.37 180.62 654.54 212.74
613.4 177.58 653.65 205.44
626.22 175.21 666.37 195.83
621.92 183.73 668.81 210.09
602.0 175.61 660.87 213.79
625.06 172.16 646.27 218.43
629.18 173.03 649.25 217.37
623.72 176.04 657.98 198.83
616.83 177.26 661.44 195.46
630.87 169.13 649.6 207.58
626.98 169.82 646.04 207.47
629.59 169.55 653.92 219.22
615.93 177.03 653.28 198.81
614.23 187.13 654.67 211.7
486.44 168.81 507.03 216.18
468.33 180.12 520.2 214.54
470.51 174.55 528.65 205.12
469.77 187.75 531.47 216.58
830.48 167.6 917.18 197.98
676.89 167.67 693.4 197.14
668.42 167.18 684.7 198.3
660.73 164.05 675.08 194.9
658.1 165.95 671.2 197.44
665.29 166.79 678.35 196.32
654.11 167.24 668.1 197.38
653.29 166.54 679.45 183.71
762.9 172.88 782.7 190.65
764.71 172.25 794.86 188.9
759.43 172.71 784.06 204.08
752.89 173.43 782.25 211.45
755.36 174.12 778.31 203.42
753.62 176.05 774.64 201.28
762.45 170.86 790.01 205.62
761.69 172.42 783.1 197.25
765.03 170.62 788.28 198.04
756.87 174.02 777.81 196.6
754.06 173.76 784.54 192.36
765.77 169.44 778.36 205.11
760.32 172.89 787.33 188.74
766.38 172.1 786.96 191.41
768.39 170.92 795.17 205.46
758.4 174.16 778.25 191.42
769.0 170.8 792.98 197.37
773.69 168.54 786.7 199.47
755.57 175.71 775.11 192.29
757.72 171.5 794.38 192.97
770.59 168.2 783.54 198.9
754.67 174.77 781.05 189.68
773.25 171.49 798.86 204.47
777.12 168.83 789.85 200.97
770.24 172.0 791.81 192.47
766.95 167.81 777.99 196.67
755.08 172.02 774.3 188.35
763.38 172.01 801.46 192.96
757.25 170.5 783.45 186.49
763.01 168.84 773.65 197.04
657.86 179.52 691.96 203.69
663.79 182.17 691.69 202.8
683.53 176.95 710.71 194.27
645.22 177.96 664.71 216.27
665.87 176.43 705.1 199.34
659.84 175.51 699.61 201.91
649.39 176.54 689.65 199.99
672.46 175.82 707.06 196.48
639.36 177.66 683.89 203.85
635.1 176.3 677.94 207.28
658.67 175.11 694.19 197.21
627.42 175.04 684.25 208.2
680.07 178.3 709.15 197.37
743.89 172.47 807.17 257.32
457.79 178.46 526.71 218.75
760.39 169.23 793.74 250.31
692.13 176.27 715.77 192.8
746.5 171.42 803.6 238.65
462.16 176.9 533.39 210.78
645.41 174.97 682.16 196.3
633.15 173.42 691.64 204.98
664.23 178.67 695.39 201.41
444.79 188.28 531.69 240.32
643.11 171.14 700.67 204.31
764.45 167.55 804.09 264.49
449.21 181.73 526.76 229.23
760.94 170.24 782.22 232.1
765.19 169.23 786.35 232.01
429.53 184.17 519.82 251.24
756.37 170.03 778.73 233.55
768.26 168.03 790.56 233.26
