633.44 196.99 652.88 206.15
822.81 181.27 1008.56 256.73
647.05 189.25 699.83 226.75
480.35 186.29 515.57 191.45
619.08 188.46 625.39 197.2
442.61 191.21 490.77 224.02
401.67 192.48 468.48 234.7
425.74 190.85 476.4 227.12
517.86 191.96 532.96 204.93
459.72 188.73 490.61 197.01
666.66 170.53 671.09 188.02
821.34 184.35 1005.4 253.93
639.51 187.02 696.16 223.99
642.99 188.74 697.65 223.69
639.45 185.94 686.32 221.63
647.99 182.88 695.51 220.06
636.2 183.65 689.39 220.26
649.76 185.83 693.17 211.32
652.49 186.88 699.94 216.25
655.39 179.17 689.31 231.25
641.03 181.71 696.98 215.83
661.64 182.44 687.19 227.61
661.73 190.0 703.89 216.77
647.67 191.73 699.82 230.27
646.55 182.51 703.55 221.07
659.12 182.99 690.57 240.29
639.39 191.37 699.77 231.42
659.9 190.65 698.68 227.05
631.92 173.64 687.85 213.41
388.74 182.74 477.49 234.65
406.01 189.34 480.63 232.99
408.2 188.89 479.1 219.84
404.01 194.62 479.23 226.3
394.5 199.12 472.12 228.14
405.43 200.83 478.56 231.44
391.79 204.33 461.04 235.2
437.44 189.0 505.88 217.62
433.63 186.51 494.22 210.3
437.26 192.32 497.81 223.97
447.21 190.67 502.9 221.59
450.49 181.44 475.33 237.14
429.18 192.97 488.89 226.97
458.48 177.81 476.8 225.34
457.85 184.56 478.39 232.47
442.38 198.93 496.83 226.4
471.47 181.88 531.42 205.85
478.85 182.27 528.82 201.38
467.79 182.79 521.2 203.18
413.59 192.13 487.94 222.3
416.64 186.45 488.18 216.32
414.09 198.68 485.49 228.58
411.23 186.27 479.94 211.16
435.41 178.25 461.87 242.1
441.1 183.49 461.13 233.43
503.76 183.24 543.93 198.19
503.99 183.22 545.79 205.66
502.57 178.87 519.81 214.59
507.24 179.48 523.51 213.61
505.01 177.07 519.78 209.01
512.93 182.41 546.73 199.15
511.19 181.35 527.88 213.26
620.11 184.48 663.58 216.11
619.0 185.6 653.27 212.62
618.27 184.32 642.45 207.33
622.56 181.82 660.33 211.79
620.79 186.48 648.77 208.93
627.52 181.32 647.52 218.13
624.62 181.34 642.41 216.67
618.83 181.32 664.3 214.04
623.41 190.16 655.42 211.38
622.44 183.19 649.06 205.1
624.48 192.16 652.09 216.07
627.02 190.42 661.73 219.08
621.88 182.38 658.11 203.03
620.93 187.9 640.73 207.7
624.25 186.64 637.79 213.95
627.22 183.67 660.21 205.52
623.11 189.94 645.3 210.59
629.98 183.11 666.83 203.27
636.57 184.66 666.73 205.59
446.65 185.22 494.5 205.91
464.79 176.94 480.38 211.54
469.29 176.58 484.3 212.87
461.22 176.54 476.6 210.55
656.01 184.22 681.57 203.75
614.35 182.48 634.63 202.0
610.74 180.18 631.11 199.61
608.53 179.19 627.23 198.48
622.18 181.36 636.58 210.77
611.15 176.78 621.53 202.01
614.23 177.05 625.38 204.0
618.43 178.58 629.67 206.38
623.46 177.21 639.75 209.48
616.47 175.72 628.69 204.11
620.44 176.75 633.48 206.05
607.31 182.38 630.88 201.86
603.82 179.93 624.57 196.95
608.84 177.53 619.86 200.94
607.58 181.63 624.38 199.96
606.98 178.84 632.35 196.04
609.1 184.39 626.98 202.78
619.08 179.2 640.38 199.2
612.4 177.97 638.88 196.44
603.36 182.51 620.45 199.1
606.91 176.32 627.14 194.93
605.82 177.7 616.88 202.76
607.56 178.56 619.15 208.13
615.08 188.21 632.87 206.04
607.79 185.88 630.71 205.38
605.46 185.11 623.35 203.52
604.21 176.88 623.88 194.22
2.1753 203.68 132.72 361.71
337.35 190.96 475.48 238.74
407.45 186.87 496.47 226.5
628.23 185.08 678.94 219.8
360.4 187.21 486.23 233.76
450.31 184.24 522.35 214.54
432.06 185.37 509.16 218.46
383.56 193.59 489.59 234.23
16.928 168.29 304.1 336.87
627.3 185.96 674.61 217.82
7.7858 195.61 167.54 351.91
297.14 181.78 457.94 250.0
624.07 182.64 672.42 216.36
247.0 178.59 428.13 264.26
461.57 183.56 525.92 211.05
11.034 185.12 234.34 346.51
216.98 172.08 415.91 272.99
322.22 183.83 461.24 238.29
315.92 188.57 453.8 243.35
451.99 186.24 519.47 213.54
81.616 151.65 365.13 316.0
385.88 184.7 489.11 225.1
173.62 169.73 388.88 286.79
629.29 182.84 669.8 212.72
485.11 182.68 538.08 202.86
0.0 206.68 104.22 349.91
42.355 194.32 267.16 319.87
301.64 190.11 432.5 247.7
0.0 194.76 224.71 332.0
479.99 184.36 535.73 207.17
138.13 154.86 399.25 299.96
463.33 183.76 531.78 211.95
0.0 130.74 427.75 375.0
424.43 184.21 492.95 223.82
493.9 182.95 543.92 201.22
341.64 178.53 483.02 239.04
863.32 181.89 1010.6 247.29
472.79 185.43 533.84 212.34
644.44 185.38 682.89 210.46
445.47 185.29 508.57 209.88
455.13 182.64 516.72 207.72
0.0 184.62 182.29 357.16
424.61 189.43 494.01 219.51
841.54 188.26 991.8 245.05
