390.02 187.64 430.36 220.32
470.74 194.37 501.82 204.09
172.76 185.23 324.58 250.49
315.1 175.15 404.06 229.1
507.8 182.34 522.82 186.77
0.0 169.37 59.15 365.04
443.14 188.9 459.04 211.03
512.93 191.61 518.7 199.82
470.09 179.64 481.56 188.94
301.22 174.02 339.76 208.69
454.73 170.55 461.36 179.23
0.0 137.59 80.67 245.59
416.97 152.24 480.43 189.13
931.72 135.99 1049.2 220.01
0.0 147.91 76.731 238.12
0.0 165.94 52.32 361.47
4.0207 172.98 74.65 367.42
0.0 181.05 58.864 375.0
163.06 188.57 315.07 261.0
924.5 128.17 1056.2 223.04
308.77 173.59 396.55 235.53
325.22 175.84 395.86 227.08
327.93 183.4 408.46 234.13
304.87 190.14 402.47 236.67
404.27 163.49 476.24 200.78
315.49 166.18 332.79 217.82
312.33 163.44 328.56 213.44
378.86 182.29 445.81 221.71
383.46 185.02 445.14 221.42
394.35 175.3 424.29 232.14
390.73 181.69 442.5 213.78
388.48 175.37 418.49 232.63
379.69 184.72 434.68 215.77
401.85 175.81 426.46 228.62
400.16 171.8 431.68 222.19
378.2 187.93 436.94 226.87
394.9 175.54 419.15 228.42
375.68 174.65 437.52 219.99
398.95 174.1 422.49 223.92
387.7 183.11 436.08 209.07
465.94 179.43 514.6 207.27
483.14 179.72 516.99 202.77
462.67 180.92 501.51 203.96
479.73 178.43 514.96 198.64
455.28 181.77 491.37 204.94
460.24 184.59 506.02 208.47
464.29 178.55 491.83 200.8
456.39 179.9 488.51 201.0
455.31 178.67 478.77 201.22
440.89 174.1 462.42 193.95
436.1 177.64 471.25 207.58
440.54 177.06 468.54 203.5
429.18 177.95 471.99 202.48
431.38 175.91 465.2 204.46
430.06 182.15 472.6 215.29
439.82 174.85 465.03 198.68
449.58 174.47 467.59 215.21
451.55 174.08 466.18 208.81
442.36 176.37 467.29 220.41
447.64 179.09 473.14 202.28
437.95 175.98 462.32 223.13
504.08 179.51 532.21 198.71
498.71 179.04 527.59 196.63
504.74 176.05 519.63 205.04
501.13 176.39 514.78 209.23
497.08 175.67 511.36 209.32
507.79 176.05 522.47 204.63
506.69 177.25 534.52 194.75
500.67 182.59 527.1 201.4
494.81 180.67 526.7 200.14
507.33 181.4 536.23 200.33
501.57 174.18 516.71 200.5
497.86 174.21 511.76 200.4
494.13 173.86 507.04 199.3
389.4 180.81 457.79 220.82
475.84 180.68 523.96 204.09
403.41 181.07 468.73 219.69
363.79 182.19 429.57 222.43
487.52 180.82 526.79 203.2
0.85173 184.53 34.928 333.81
538.22 178.27 563.21 194.3
339.0 179.97 409.63 223.96
351.81 182.56 416.18 221.34
1.4832 182.47 44.388 304.04
0.65746 175.15 26.111 325.02
172.26 190.42 305.47 255.36
459.45 179.59 519.96 207.26
534.53 176.92 559.72 193.9
409.37 181.74 468.23 217.4
5.0402 191.54 26.467 338.02
0.0 160.49 37.166 303.72
7.3318 191.63 46.542 333.42
400.02 182.12 457.97 214.49
4.4487 206.92 40.216 352.74
7.1955 185.36 50.257 286.2
470.18 178.15 507.54 204.39
0.0 191.72 48.677 274.81
425.74 178.64 474.57 208.8
294.25 170.97 416.48 235.45
0.0 173.12 20.807 307.51
4.9178 183.54 28.427 272.8
3.5168 198.21 28.714 289.41
