582.23 166.75 618.28 219.4
642.48 166.85 675.91 203.42
641.62 176.03 663.45 198.27
669.99 147.58 689.36 199.08
669.96 152.45 677.91 192.29
566.77 187.04 581.98 195.83
635.84 185.5 641.78 198.85
569.16 151.51 572.75 194.96
1224.47 126.0 1242.0 174.9
687.13 150.49 689.87 194.09
586.45 167.14 604.45 218.59
591.19 168.02 607.42 217.24
596.2 167.36 611.31 215.34
597.18 164.39 611.93 206.08
592.34 164.77 608.43 207.48
588.14 164.79 604.34 208.13
583.67 169.47 607.54 210.06
588.0 166.34 611.9 206.01
579.2 161.63 607.66 219.61
581.05 167.21 604.1 206.41
592.95 168.79 615.42 209.02
572.22 165.62 614.52 218.45
585.26 162.17 614.73 219.97
597.15 166.82 617.9 205.12
580.11 172.54 604.64 216.36
586.73 172.58 611.46 216.78
582.16 175.57 608.71 219.47
595.73 173.0 619.02 217.25
577.84 169.29 621.09 222.91
590.54 161.33 619.62 219.1
591.23 177.6 615.91 218.72
576.19 151.4 610.34 221.35
582.59 175.44 602.5 223.49
578.31 180.17 605.57 222.8
581.22 161.91 626.17 215.03
594.74 176.62 613.14 222.12
596.01 161.02 623.45 223.04
566.28 169.64 610.64 225.09
567.75 156.72 616.91 212.35
595.48 181.31 620.32 221.71
569.88 180.24 611.88 206.19
576.11 179.44 622.7 206.24
570.68 182.38 621.69 209.93
584.95 181.95 606.23 225.95
583.96 179.82 633.83 205.97
589.2 181.01 609.64 225.66
584.67 171.86 631.18 224.67
634.41 161.25 674.62 199.59
642.09 162.81 676.73 197.44
631.52 163.87 670.11 193.49
633.13 160.53 677.77 201.52
646.39 162.2 674.97 191.44
638.92 161.56 669.46 191.18
641.14 156.73 668.57 206.04
648.9 159.05 675.07 202.13
638.37 166.81 678.04 205.47
637.26 156.9 661.33 203.05
626.5 166.51 662.82 192.72
644.95 160.48 671.61 207.92
627.36 167.34 670.03 199.26
641.78 157.08 663.51 196.7
640.16 157.47 669.4 209.31
656.9 157.99 675.2 195.37
650.32 157.36 670.39 194.29
634.77 154.89 666.47 204.92
645.63 154.82 666.72 190.91
652.04 162.7 677.46 205.93
655.81 155.39 673.45 188.86
634.78 176.44 679.63 204.92
654.55 164.8 677.7 192.86
642.1 168.07 669.31 210.93
649.98 168.53 674.16 210.58
650.24 168.21 679.79 197.81
629.27 168.73 691.57 203.75
630.03 157.64 686.94 190.95
630.33 168.16 679.36 214.68
638.83 164.66 685.28 208.05
660.09 154.42 674.61 188.36
663.09 159.4 677.43 198.92
681.1 147.64 696.4 190.28
684.54 147.71 699.61 189.12
664.73 154.96 677.04 192.73
677.18 148.4 692.21 190.94
668.68 147.85 682.1 190.11
672.94 149.26 687.14 191.25
664.46 159.92 685.37 184.42
684.66 155.92 699.25 195.98
681.13 156.76 695.77 195.96
1218.6 134.72 1241.0 190.88
1209.8 140.06 1241.0 181.03
1210.9 132.23 1241.0 172.92
1236.3 129.43 1241.0 187.28
1209.0 122.91 1241.0 164.29
1218.1 117.98 1241.0 173.7
1233.4 140.97 1241.0 172.02
1236.6 121.46 1241.0 177.94
1231.3 139.69 1241.0 163.66
654.04 164.09 681.49 185.66
658.86 159.11 680.88 181.24
656.28 159.68 683.13 177.89
659.71 161.01 688.03 182.37
569.89 158.93 585.6 201.8
567.98 162.42 581.86 205.84
635.17 162.74 667.06 186.74
629.37 164.96 659.15 196.72
632.0 162.51 659.9 189.63
625.93 167.4 650.09 194.97
649.95 163.84 675.67 184.11
645.37 161.16 673.32 184.15
639.98 160.71 668.08 182.59
628.37 171.26 653.1 200.03
627.66 164.64 657.9 185.83
624.08 172.64 645.7 198.33
572.56 171.28 592.08 210.32
569.78 171.07 589.96 203.68
583.64 168.15 601.08 217.04
599.87 168.25 615.52 215.5
603.39 167.29 617.66 210.89
581.69 167.37 597.37 214.31
601.77 165.94 619.43 219.85
578.01 167.51 592.67 214.01
607.46 166.46 620.83 208.94
600.82 165.8 614.68 204.49
584.54 164.78 600.19 207.28
