360.8 172.63 514.45 280.14
550.13 185.27 577.12 194.11
545.47 182.81 551.3 192.31
554.39 157.94 558.29 179.04
540.42 152.58 556.27 183.35
538.59 182.35 546.09 192.31
527.48 181.29 540.6 199.05
551.28 153.54 561.53 175.95
666.68 152.97 673.94 179.19
666.81 175.62 675.06 179.17
639.16 156.58 654.65 187.24
371.32 175.33 514.01 283.35
353.33 179.86 502.13 269.31
553.69 166.94 569.9 195.7
548.27 168.54 559.85 197.42
550.02 166.27 564.39 197.21
544.46 167.66 554.4 199.1
546.35 162.93 557.94 197.31
545.92 167.23 566.33 185.02
542.44 160.85 553.91 197.88
649.04 142.64 663.66 181.25
652.09 141.67 667.28 181.41
546.5 173.91 579.12 201.45
550.16 174.29 575.2 195.36
553.35 173.67 577.3 191.05
546.57 175.56 570.17 197.49
553.78 176.83 576.45 197.85
550.96 175.03 572.59 191.72
558.18 175.13 578.64 193.47
556.08 170.2 575.05 201.65
550.62 170.06 566.64 199.76
542.11 177.73 566.69 199.11
560.93 170.19 577.28 199.53
548.46 175.15 571.56 209.28
544.22 173.23 569.02 190.58
556.66 172.73 578.1 186.69
536.22 171.73 585.75 202.93
550.35 172.57 574.16 186.95
559.95 172.71 580.95 188.33
561.95 175.19 582.18 192.62
541.25 175.23 565.25 194.49
553.62 175.9 576.13 208.41
545.5 182.1 579.82 204.22
558.71 173.54 577.12 205.18
542.68 180.04 569.93 202.2
563.96 172.26 585.34 188.37
561.8 170.03 583.37 184.32
561.53 179.91 582.99 199.02
564.95 170.97 582.66 186.14
543.72 185.2 577.99 206.89
552.83 170.38 572.89 185.91
543.06 171.27 561.79 189.27
542.17 170.17 566.78 186.87
536.85 183.61 564.56 203.59
557.33 169.62 576.77 184.95
544.8 174.88 562.13 208.6
553.38 181.17 576.81 201.48
566.1 172.7 578.61 203.72
540.81 186.83 569.86 206.52
534.36 178.79 554.48 197.69
531.13 184.17 555.95 203.05
538.96 168.39 549.99 201.11
528.49 174.78 555.87 192.26
529.75 187.98 554.98 206.29
522.81 174.48 552.25 193.11
529.58 174.16 548.94 193.12
540.73 177.5 560.9 197.62
547.73 172.33 561.09 203.66
534.55 175.02 559.88 194.16
539.68 172.35 557.2 190.56
531.61 171.74 557.69 189.92
543.53 172.89 555.55 205.42
550.2 169.12 570.03 185.18
550.95 168.12 576.73 182.17
547.11 166.96 573.18 182.09
660.03 137.23 674.57 178.03
656.14 142.12 670.97 182.28
533.71 181.44 562.34 201.04
652.24 169.21 676.98 189.88
651.03 170.53 690.65 188.65
0.0 233.77 277.38 375.0
1.0383 239.19 256.62 372.6
34.808 253.75 286.98 375.0
581.46 158.51 601.19 176.69
389.47 178.8 529.04 267.57
0.0 197.38 256.15 357.42
