187.57 198.93 247.83 230.89
926.54 147.43 1014.35 215.09
0.0 310.54 32.83 375.0
0.0 138.75 1.84 221.82
1003.83 143.31 1133.59 230.44
0.0 144.31 48.65 240.86
0.0 136.68 49.72 240.97
1037.39 172.8 1086.63 225.78
587.41 149.66 638.4 203.35
0.0 208.07 18.21 293.36
0.0 145.88 63.242 235.08
585.4 157.36 634.78 216.83
1009.6 150.08 1127.4 232.3
0.0 215.33 21.343 277.82
924.54 163.3 1013.7 202.39
937.24 158.79 1009.7 206.42
0.0 317.78 42.762 375.0
0.0 325.03 23.945 375.0
0.0 324.01 34.819 375.0
186.42 192.67 249.79 226.41
190.78 190.24 252.53 219.98
196.52 191.49 261.32 224.41
179.03 190.46 239.72 217.49
178.3 199.11 249.76 231.85
174.57 196.36 239.54 225.1
191.56 195.28 257.45 230.1
172.19 204.09 238.35 233.89
186.95 189.73 261.59 236.22
0.0 153.02 6.6912 211.15
1022.7 161.52 1101.5 213.92
169.93 186.96 274.01 236.49
