348.69 145.75 395.53 288.52
1235.95 149.58 1242.0 201.88
1237.59 172.03 1242.0 201.84
1205.3 131.66 1242.0 195.65
1168.68 173.36 1242.0 375.0
837.71 215.84 872.8 239.56
850.98 211.85 870.98 217.52
331.28 204.15 368.76 272.56
1155.9 186.93 1241.0 375.0
351.6 157.39 402.18 283.3
340.04 155.51 384.76 277.96
834.97 204.39 879.72 226.31
838.68 207.82 886.82 229.85
346.43 203.03 375.59 273.94
1207.4 147.1 1241.0 190.37
1217.4 141.51 1241.0 199.23
1207.6 140.14 1241.0 182.1
1216.1 126.08 1241.0 181.59
1235.8 157.74 1241.0 214.29
1236.0 145.98 1241.0 202.24
1233.3 164.08 1241.0 196.59
1233.5 156.26 1241.0 188.67
1236.3 134.82 1241.0 191.52
1223.2 138.89 1241.0 213.33
1231.9 140.81 1241.0 210.0
1229.5 166.91 1241.0 192.08
1233.1 180.46 1241.0 213.15
1229.8 183.18 1241.0 208.04
1233.3 172.08 1241.0 204.85
1229.5 175.0 1241.0 200.09
341.14 158.56 405.64 316.33
344.57 161.03 407.1 305.72
322.26 159.9 422.46 303.01
325.74 153.53 398.6 312.42
334.21 163.65 395.5 296.57
355.7 166.27 416.72 300.09
