552.03 172.77 690.69 288.06
662.74 179.91 677.2 197.67
600.67 181.65 624.93 186.1
653.44 149.95 669.22 185.02
562.76 173.85 692.51 297.53
551.63 175.8 682.29 275.05
657.76 165.64 670.16 198.85
658.34 168.13 670.52 212.03
654.95 165.84 667.21 204.14
651.08 165.23 663.55 204.72
661.48 169.37 672.99 212.62
650.73 173.43 689.44 192.03
652.18 176.89 689.68 196.01
649.92 176.35 678.72 206.29
590.63 173.15 640.38 193.79
591.56 169.03 636.4 187.36
599.6 176.44 633.81 201.71
607.09 172.96 640.88 196.81
572.67 155.5 681.18 310.62
570.09 177.78 710.39 275.81
