1234.63 154.66 1242.0 195.48
1203.61 118.41 1242.0 248.81
0.0 174.48 2.46 235.83
1234.7 177.95 1242.0 195.47
1205.26 131.29 1242.0 195.53
1184.88 128.13 1241.11 210.5
0.0 172.07 86.05 246.67
0.0 197.35 18.7 229.51
1161.66 130.53 1205.33 232.67
1118.18 213.78 1242.0 375.0
1116.3 206.94 1241.0 375.0
0.0 160.14 76.211 255.51
6.768 163.44 74.413 240.65
1209.2 132.95 1240.7 261.85
1214.2 124.97 1241.0 241.02
1189.6 129.73 1230.2 236.49
0.0 164.06 7.88 221.16
0.0 177.92 7.5193 232.82
0.0 160.45 12.527 227.27
0.0 172.55 12.523 239.93
1169.7 114.39 1241.0 206.58
1172.4 137.71 1213.3 237.52
1206.4 140.2 1241.0 182.16
1216.6 135.18 1241.0 190.77
1215.6 126.27 1241.0 181.67
1214.7 134.64 1234.4 211.53
1211.2 134.98 1229.4 210.0
0.0 188.88 10.177 219.47
0.0 200.73 10.804 231.6
0.0 207.87 11.103 240.11
0.0 191.35 13.808 217.13
0.0 211.23 14.411 237.66
0.0 203.59 14.143 228.83
1235.7 149.84 1241.0 206.91
1233.3 160.01 1241.0 192.85
1229.5 162.81 1241.0 188.27
1233.4 152.06 1241.0 184.88
1236.4 139.17 1241.0 194.81
1233.5 167.86 1241.0 200.89
1229.8 154.77 1241.0 180.34
1229.8 170.62 1241.0 196.06
1226.8 159.95 1241.0 193.78
1233.3 175.38 1241.0 209.41
1230.0 178.4 1241.0 204.28
34.146 142.96 122.65 359.65
17.895 148.77 101.78 356.07
27.73 178.7 111.44 367.17
18.997 149.57 138.16 349.06
48.902 182.77 128.54 365.66
12.131 117.25 134.63 375.0
58.434 156.24 139.07 364.74
