562.38 178.02 649.37 210.46
632.13 176.58 732.78 251.49
831.53 173.87 934.45 203.58
715.43 180.86 772.06 211.93
896.15 170.73 998.56 199.99
706.64 179.4 717.06 188.95
855.22 168.07 863.46 181.96
778.07 172.72 885.82 207.56
992.8 105.42 1242.0 375.0
981.45 117.9 1242.0 375.0
630.3 178.46 735.47 253.86
622.61 179.56 737.87 254.5
620.51 182.58 718.69 246.37
638.97 171.38 725.81 244.78
648.09 189.76 748.2 249.72
792.05 173.74 879.05 211.18
839.56 162.46 919.41 199.42
562.79 173.18 651.66 209.84
572.93 175.14 643.52 203.31
550.55 169.55 645.87 206.61
566.91 173.34 635.04 198.37
553.41 178.08 639.71 211.98
557.02 164.54 651.63 200.16
573.53 177.31 662.27 214.11
573.95 170.19 664.62 205.16
845.35 157.52 860.5 195.89
847.72 156.14 862.9 194.5
693.57 164.47 708.88 204.32
697.82 164.57 712.77 203.52
704.13 172.05 774.33 205.63
714.16 171.3 781.5 201.12
710.36 170.32 759.67 200.68
717.88 175.49 779.93 205.39
904.85 155.83 989.64 194.29
910.22 166.55 989.17 201.17
691.88 168.27 805.77 212.97
774.46 165.1 865.77 204.33
851.38 166.22 932.78 201.77
864.39 165.18 950.81 202.57
876.81 161.19 977.72 202.21
714.24 169.52 814.62 210.95
757.28 166.18 839.4 205.0
853.27 169.63 918.02 200.11
739.24 167.01 826.39 206.26
763.27 168.33 856.9 207.47
0.0 190.69 110.39 375.0
688.85 170.85 781.41 210.57
647.45 168.78 775.86 240.86
