1014.45 183.49 1242.0 277.08
783.86 136.37 904.01 241.13
788.98 151.78 794.65 165.97
771.06 157.46 780.92 161.33
678.13 166.98 718.41 184.81
798.81 146.15 807.34 209.98
663.68 150.54 680.06 181.0
0.0 116.73 80.29 307.68
0.0 101.56 68.577 294.25
788.76 133.15 900.29 237.92
1013.8 179.81 1239.6 275.26
673.38 151.03 719.81 181.71
682.69 156.02 720.43 185.57
689.29 154.06 717.0 186.14
690.32 151.4 719.75 176.52
686.55 162.42 720.28 186.58
662.89 154.89 719.43 184.94
677.27 161.47 723.02 187.4
668.78 138.43 690.07 186.14
786.9 160.13 804.77 200.77
785.26 161.53 800.83 210.7
782.45 141.72 796.83 174.23
761.28 148.95 787.92 166.67
767.42 148.41 794.86 166.58
759.81 146.43 780.15 163.3
761.75 144.26 775.27 174.38
758.93 143.98 772.1 174.52
759.07 149.42 781.5 166.05
771.86 145.06 790.55 163.22
764.4 150.12 796.8 168.72
760.13 142.09 779.71 160.72
765.7 145.92 785.15 163.49
779.54 144.93 801.76 167.01
784.97 139.15 799.89 174.3
781.62 142.45 804.2 164.99
778.37 146.22 808.16 164.91
775.85 146.0 797.96 166.78
781.1 144.22 808.05 161.56
780.51 140.8 801.49 161.26
778.89 137.92 792.07 170.0
779.38 144.95 806.03 172.47
779.59 141.22 806.82 158.61
776.94 140.66 796.37 160.27
778.29 143.24 793.14 177.76
778.88 137.76 800.13 157.52
775.6 139.28 785.99 169.1
