942.23 156.19 1017.51 292.24
1217.66 118.3 1242.0 248.66
1235.03 177.95 1242.0 195.47
1205.54 131.27 1242.0 195.54
1167.57 179.07 1242.0 375.0
1222.98 215.01 1242.0 248.0
1163.46 130.17 1207.38 232.64
1207.86 242.75 1230.02 283.61
0.0 167.72 11.42 239.39
0.0 221.41 43.95 246.62
0.0 197.4 19.84 227.79
1079.02 210.93 1242.0 375.0
1155.4 188.11 1241.0 375.0
1075.8 213.96 1226.5 375.0
951.67 157.19 1022.0 298.24
928.44 156.62 1004.4 299.87
0.0 176.16 7.6583 227.71
1208.3 126.78 1241.0 241.46
0.0 206.32 32.212 255.45
1205.9 141.0 1241.0 182.47
1215.6 136.24 1241.0 190.26
1214.6 127.67 1241.0 180.8
1211.3 136.32 1229.8 207.26
1172.0 138.33 1213.6 237.07
1164.7 139.92 1205.5 232.64
1208.6 199.69 1241.0 244.11
1234.4 202.51 1241.0 235.57
1215.4 219.28 1241.0 259.64
1213.3 210.36 1241.0 252.86
0.0 212.48 11.133 242.92
1233.1 164.15 1241.0 196.44
1229.0 166.99 1241.0 191.94
1233.1 172.07 1241.0 204.7
1229.2 174.9 1241.0 199.99
1215.5 227.25 1241.0 268.17
971.86 153.34 1029.5 296.72
972.08 160.7 1036.3 298.91
956.47 161.49 1050.9 294.35
980.06 156.69 1041.6 293.26
