929.03 195.89 972.63 236.02
1209.68 219.86 1242.0 297.87
940.66 174.04 1004.9 213.31
947.83 187.91 1021.51 213.6
1163.46 224.56 1242.0 272.3
927.52 182.85 949.91 193.49
1217.84 170.23 1241.15 205.86
1178.5 186.65 1242.0 255.83
1202.69 155.22 1224.54 223.22
1227.61 179.49 1236.29 191.12
1172.6 179.87 1242.0 268.77
1214.3 213.77 1234.6 284.35
1223.9 215.69 1241.1 287.59
1219.0 215.74 1237.8 293.57
1216.6 224.03 1242.0 288.35
1214.1 221.56 1235.6 300.56
1222.6 220.09 1241.9 305.19
1199.0 232.36 1242.0 296.41
1218.9 225.77 1237.5 311.51
1211.3 218.83 1232.0 294.99
1212.1 229.82 1230.1 305.52
1208.2 230.09 1226.7 302.32
1205.5 234.63 1240.6 283.26
1207.4 220.77 1228.3 290.75
941.55 186.8 1022.4 227.55
937.05 182.14 1007.6 222.21
943.83 179.25 1027.1 219.26
942.09 172.62 1031.1 211.98
958.36 175.49 1031.0 223.49
929.99 185.43 992.98 225.95
928.37 175.11 999.06 214.19
1210.8 169.08 1230.8 235.66
1215.1 166.98 1234.5 233.32
1207.6 170.51 1227.7 233.75
923.8 190.18 980.35 235.2
926.82 193.37 978.0 233.23
927.15 188.55 967.13 223.9
918.68 191.92 972.14 226.16
934.08 188.1 976.12 224.16
918.09 199.85 970.55 231.58
931.27 197.52 984.65 229.77
926.45 187.25 965.1 250.73
919.49 187.8 977.04 225.85
915.43 197.51 984.86 238.55
939.55 186.92 970.63 246.95
932.43 183.82 957.7 233.05
940.38 184.58 968.9 237.52
936.0 187.49 960.4 236.6
932.88 192.39 986.5 237.48
944.47 183.45 973.14 234.08
940.62 181.15 963.57 228.91
919.99 197.95 957.5 232.29
941.46 196.41 983.69 224.49
944.05 196.87 982.39 236.82
927.15 196.09 981.92 244.05
913.91 196.07 958.89 224.5
932.72 190.45 962.64 242.13
922.0 205.5 967.86 237.18
917.01 205.81 961.26 233.38
943.93 193.11 972.75 241.84
928.31 203.5 976.46 237.4
936.99 197.08 964.57 242.85
934.56 206.37 985.92 237.54
1158.9 238.86 1242.0 285.38
1162.0 224.21 1231.6 284.29
1156.9 225.25 1242.0 270.62
1178.1 216.86 1242.0 263.13
921.57 187.36 965.02 208.81
920.64 183.97 960.15 203.39
1207.5 178.69 1242.0 221.33
1209.4 163.47 1242.0 205.44
1229.3 183.33 1242.0 207.63
1229.9 179.58 1242.0 203.42
1208.4 154.82 1242.0 196.83
1232.7 180.82 1242.0 212.26
1217.1 168.39 1242.0 219.9
1230.4 176.03 1242.0 198.88
983.09 204.9 1239.7 363.88
987.76 214.44 1230.8 351.89
1083.7 219.33 1239.8 359.48
