577.45 144.11 613.79 268.39
1237.38 154.66 1242.0 195.44
1204.88 131.26 1242.0 223.28
1233.36 177.93 1242.0 195.48
544.61 138.62 612.37 210.58
0.0 174.51 4.8 241.55
1228.88 215.62 1242.0 247.87
579.36 157.34 622.45 280.37
559.34 151.41 616.89 210.64
0.0 167.65 8.5239 226.89
0.0 177.83 7.6794 233.29
1201.1 130.68 1235.7 237.79
1190.0 130.87 1230.5 234.88
1214.5 146.09 1234.6 222.51
1218.9 136.39 1238.4 209.51
1211.0 135.86 1230.0 208.24
1213.4 116.83 1241.0 222.88
1213.9 218.99 1241.0 259.58
1234.2 202.28 1241.0 235.9
1235.9 146.01 1241.0 202.85
1233.1 156.32 1241.0 188.78
1229.0 162.94 1241.0 188.12
1233.2 164.22 1241.0 196.53
1229.0 155.13 1241.0 180.2
1233.1 149.09 1241.0 181.21
1232.0 140.97 1241.0 211.28
1226.1 155.93 1241.0 189.75
1222.1 158.04 1241.0 185.01
1226.4 164.16 1241.0 197.36
1229.3 170.8 1241.0 195.65
1233.3 171.66 1241.0 204.7
1229.9 178.41 1241.0 203.91
1230.6 182.34 1241.0 208.1
570.32 156.29 622.94 290.35
585.95 159.41 633.9 280.38
567.38 156.75 632.12 260.52
