789.24 164.11 812.84 222.34
833.75 167.39 850.92 213.26
806.91 185.7 842.2 213.08
736.35 175.24 745.02 202.68
656.03 158.19 667.53 188.33
658.85 179.28 666.27 188.32
817.87 171.51 847.03 218.29
792.99 172.38 836.63 200.26
799.11 171.02 847.09 199.97
821.55 182.03 852.64 217.64
815.37 173.42 857.93 199.5
814.46 176.44 841.45 219.26
808.67 175.44 835.79 219.65
806.52 175.49 855.24 203.55
795.75 175.54 826.44 224.66
813.08 169.78 833.52 220.94
802.95 182.38 855.11 211.07
805.45 172.76 856.39 224.64
790.01 163.26 810.29 218.66
802.0 162.76 823.2 220.81
791.82 161.68 815.35 222.72
789.33 164.49 804.92 208.54
785.5 163.23 798.91 207.89
796.19 163.56 817.62 219.27
794.33 160.46 822.32 223.1
801.65 158.5 827.6 222.27
793.67 164.41 812.07 209.34
790.02 159.57 816.73 222.76
804.79 163.46 820.11 206.62
798.54 163.98 815.39 206.72
788.49 166.81 816.54 212.41
797.93 166.01 827.18 213.99
779.42 163.26 822.64 214.1
785.32 164.69 800.89 217.06
792.06 155.79 825.18 234.39
785.35 158.41 808.04 220.96
791.57 173.29 810.76 222.56
790.79 168.41 822.53 217.96
781.73 169.27 804.11 206.6
787.07 156.39 818.96 235.56
786.54 170.37 811.59 214.26
782.43 167.99 797.91 214.54
787.52 172.39 818.58 222.25
773.65 162.16 816.76 210.17
793.33 176.21 814.14 226.03
795.99 172.66 818.23 228.81
774.16 177.86 827.84 207.03
775.51 166.27 819.17 224.85
775.65 155.4 801.61 224.49
799.85 172.65 822.26 229.79
732.97 174.48 746.66 203.94
728.13 176.31 750.14 199.94
722.24 178.98 757.81 196.85
640.4 172.83 669.92 189.15
649.09 173.24 676.09 188.43
648.01 172.12 668.94 189.44
654.25 173.12 681.9 187.89
644.92 169.69 666.96 187.91
831.66 166.92 848.93 216.07
828.45 165.54 844.32 214.91
823.15 163.75 838.91 214.85
825.73 165.29 847.05 220.84
821.77 163.88 842.45 220.22
834.55 163.81 850.19 209.17
837.16 163.37 854.17 212.89
829.38 165.17 842.61 206.88
824.17 164.48 837.4 206.25
833.31 163.05 847.0 204.45
835.71 171.02 855.53 219.11
839.1 160.12 853.51 202.27
829.01 166.66 851.68 209.58
823.93 172.74 854.07 216.57
843.13 166.21 859.97 213.24
824.87 157.84 853.44 220.28
831.59 164.06 852.93 198.6
818.45 165.01 841.74 210.03
836.07 159.87 849.96 199.44
825.97 164.85 844.62 198.02
843.78 160.4 857.49 201.54
833.1 165.03 857.13 203.8
820.21 165.04 839.65 198.08
827.46 181.37 857.97 216.24
848.03 171.48 863.69 214.82
818.68 169.54 838.16 217.42
830.92 172.22 856.66 211.61
848.46 161.35 861.57 198.9
830.49 155.28 860.72 223.6
847.61 164.56 862.43 205.87
829.67 159.85 842.14 199.6
842.52 178.1 860.63 217.49
839.23 169.41 862.53 207.11
837.74 180.44 863.65 213.81
847.15 179.98 864.72 217.75
820.03 176.74 864.25 203.05
825.72 173.65 866.0 198.58
838.27 177.58 856.95 218.11
843.93 177.56 866.79 207.03
829.05 176.5 849.74 219.87
833.39 177.3 853.45 220.73
810.37 162.43 829.25 217.61
1069.6 113.2 1171.1 335.97
813.55 161.14 831.57 213.59
806.33 161.68 826.96 219.22
816.94 161.25 834.76 216.28
808.35 162.16 825.36 209.52
1048.6 126.08 1186.7 294.34
781.98 163.42 796.43 207.04
1081.4 145.52 1182.0 344.86
811.52 161.6 828.49 204.45
786.53 165.92 812.89 203.58
